id	num	neg|score	neg|p-value	neg|fdr	neg|rank	neg|goodsgrna	neg|lfc	pos|score	pos|p-value	pos|fdr	pos|rank	pos|goodsgrna	pos|lfc
MYC	16	2.9906e-15	4.6703e-06	0.000261	1	16	-1.9512	1.0	1.0	0.999995	1060	0	-1.9512
RRM1	16	2.1947e-14	4.6703e-06	0.000261	2	16	-2.1277	1.0	1.0	0.999995	1059	0	-2.1277
POLR2L	8	1.0056e-10	4.6703e-06	0.000261	3	8	-2.1674	1.0	1.0	0.999995	1058	0	-2.1674
RPP21	8	5.7342e-09	4.6703e-06	0.000261	4	8	-1.3595	1.0	1.0	0.999995	1057	0	-1.3595
RPS23	6	4.0018e-08	4.6703e-06	0.000261	5	6	-1.4267	1.0	1.0	0.999995	1056	0	-1.4267
BUB3	8	4.3931e-08	4.6703e-06	0.000261	6	8	-1.7128	0.99999	1.0	0.999995	1041	0	-1.7128
SF3B3	8	6.6355e-08	4.6703e-06	0.000261	7	8	-1.1704	1.0	1.0	0.999995	1055	0	-1.1704
ALDOA	8	7.7646e-08	4.6703e-06	0.000261	8	8	-1.6136	1.0	1.0	0.999995	1047	0	-1.6136
COPA	8	1.1783e-07	4.6703e-06	0.000261	9	8	-1.1875	1.0	1.0	0.999995	1054	0	-1.1875
CCND1	8	1.2872e-07	4.6703e-06	0.000261	10	8	-1.5465	1.0	1.0	0.999995	1053	0	-1.5465
RPS11	7	1.7737e-07	4.6703e-06	0.000261	11	7	-2.2729	1.0	1.0	0.999995	1052	0	-2.2729
RPL14	6	2.8044e-07	4.6703e-06	0.000261	12	6	-1.9446	1.0	1.0	0.999995	1049	0	-1.9446
RPL3	14	2.8756e-07	4.6703e-06	0.000261	13	11	-1.3401	0.82922	0.82837	0.999995	761	0	-1.3401
RPL36	8	3.9287e-07	4.6703e-06	0.000261	14	8	-1.4885	0.99997	0.99998	0.999995	1026	0	-1.4885
ZNF407	8	4.1662e-07	4.6703e-06	0.000261	15	8	-0.82189	1.0	1.0	0.999995	1051	0	-0.82189
RPS8	5	4.9007e-07	4.6703e-06	0.000261	16	5	-2.1936	0.99759	0.99765	0.999995	967	0	-2.1936
RPS19	8	5.5913e-07	4.6703e-06	0.000261	17	8	-1.6375	1.0	1.0	0.999995	1046	0	-1.6375
HMGCS1	7	7.3059e-07	4.6703e-06	0.000261	18	7	-1.1556	1.0	1.0	0.999995	1050	0	-1.1556
TOMM40	14	1.0173e-06	1.4011e-05	0.000594	19	13	-0.97719	0.99893	0.99897	0.999995	979	0	-0.97719
PSMB3	7	1.2216e-06	1.4011e-05	0.000594	20	7	-1.4217	0.99974	0.99979	0.999995	1004	0	-1.4217
PRPF8	8	1.2717e-06	1.4011e-05	0.000594	21	8	-1.5601	1.0	1.0	0.999995	1048	0	-1.5601
MTG2	8	1.6171e-06	1.4011e-05	0.000594	22	8	-1.0284	1.0	1.0	0.999995	1045	0	-1.0284
EIF3B	8	1.6222e-06	1.4011e-05	0.000594	23	8	-1.2924	0.99999	1.0	0.999995	1035	0	-1.2924
INTS6	6	1.8562e-06	4.6703e-06	0.000261	24	6	-1.7219	1.0	1.0	0.999995	1044	0	-1.7219
SF3A1	8	1.8633e-06	1.4011e-05	0.000594	25	8	-0.81575	1.0	1.0	0.999995	1043	0	-0.81575
KIF11	8	2.937e-06	3.2692e-05	0.001333	26	8	-1.2431	0.99999	1.0	0.999995	1040	0	-1.2431
CDIPT	8	3.3434e-06	4.2033e-05	0.001437	27	7	-1.7075	0.98453	0.98444	0.999995	912	0	-1.7075
VMP1	8	4.9386e-06	4.2033e-05	0.001437	28	8	-0.82939	1.0	1.0	0.999995	1042	0	-0.82939
RBBP4	7	5.0165e-06	4.2033e-05	0.001437	29	6	-1.3464	0.92736	0.9267	0.999995	824	0	-1.3464
MRPL41	8	5.2908e-06	4.2033e-05	0.001437	30	8	-1.3045	0.99997	0.99998	0.999995	1025	0	-1.3045
PPP4C	8	5.5499e-06	4.2033e-05	0.001437	31	7	-1.4001	0.99563	0.99554	0.999995	953	0	-1.4001
HSCB	8	6.0647e-06	5.1373e-05	0.001513	32	8	-1.2456	0.99986	0.99978	0.999995	1011	0	-1.2456
MED13L	8	7.469e-06	5.1373e-05	0.001513	33	8	-0.58298	0.99999	1.0	0.999995	1039	0	-0.58298
RPL8	8	7.6302e-06	5.1373e-05	0.001513	34	7	-1.4223	0.99515	0.99517	0.999995	947	0	-1.4223
TIMM10	8	7.6846e-06	5.1373e-05	0.001513	35	8	-1.1603	0.99999	1.0	0.999995	1038	0	-1.1603
XAB2	8	9.6526e-06	6.0714e-05	0.001694	36	8	-0.97247	0.99999	1.0	0.999995	1037	0	-0.97247
SF3B5	8	9.689e-06	6.0714e-05	0.001694	37	8	-1.3399	0.99996	0.99995	0.999995	1022	0	-1.3399
DYNLRB1	7	9.8617e-06	5.1373e-05	0.001513	38	7	-1.3678	0.99998	0.99999	0.999995	1032	0	-1.3678
ATP5F1A	8	1.0001e-05	7.0054e-05	0.001856	39	8	-1.0242	0.99999	1.0	0.999995	1036	0	-1.0242
RFC2	8	1.1325e-05	7.9395e-05	0.002053	40	6	-1.2338	0.63576	0.63667	0.887982	99	0	-1.2338
ATP6V1C1	8	1.2328e-05	0.00010742	0.002588	41	8	-0.74757	0.99999	1.0	0.999995	1034	0	-0.74757
SNRPD3	8	1.2639e-05	0.00010742	0.002588	42	7	-1.634	0.63576	0.63667	0.887982	316	0	-1.634
POLR2B	8	1.2834e-05	0.00010742	0.002588	43	7	-1.0388	0.97276	0.97199	0.999995	892	0	-1.0388
NAA10	8	1.4079e-05	0.0001261	0.00297	44	8	-1.1442	0.99999	1.0	0.999995	1033	0	-1.1442
ATP6V1B2	8	1.4843e-05	0.00013544	0.003055	45	8	-0.91411	0.99998	0.99999	0.999995	1030	0	-0.91411
CPSF3	8	1.9578e-05	0.0001728	0.003522	46	8	-0.65734	0.99995	0.99995	0.999995	1020	0	-0.65734
SMC1A	8	1.9757e-05	0.0001728	0.003522	47	8	-0.76103	0.99998	1.0	0.999995	1031	0	-0.76103
RPL10A	7	2.032e-05	7.0054e-05	0.001856	48	7	-1.438	0.99996	0.99997	0.999995	1023	0	-1.438
NRBP2	8	2.3282e-05	0.00020082	0.00387	49	8	-0.64989	0.99998	0.99999	0.999995	1029	0	-0.64989
MRPL38	8	2.378e-05	0.00020082	0.00387	50	8	-1.0197	0.99998	0.99999	0.999995	1028	0	-1.0197
NAA15	8	2.3891e-05	0.00020082	0.00387	51	8	-1.0736	0.99931	0.99919	0.999995	985	0	-1.0736
CLNS1A	7	2.5383e-05	0.00013544	0.003055	52	7	-1.6081	0.99964	0.99969	0.999995	996	0	-1.6081
RNF113A	8	2.7926e-05	0.00025687	0.004694	53	7	-0.97414	0.925	0.92429	0.999995	821	0	-0.97414
RPL19	6	3.1592e-05	0.00021016	0.003978	54	5	-1.945	0.95567	0.95547	0.999995	861	0	-1.945
RPL11	7	3.1747e-05	0.00016346	0.003522	55	7	-1.7255	0.99997	0.99998	0.999995	1027	0	-1.7255
CKAP5	16	3.3177e-05	0.00035961	0.005864	56	15	-0.81198	0.99974	0.99972	0.999995	1003	0	-0.81198
UQCRC1	8	3.4142e-05	0.00030357	0.005275	57	8	-1.0851	0.99997	0.99997	0.999995	1024	0	-1.0851
CHORDC1	6	3.5845e-05	0.00023818	0.004429	58	6	-1.4644	0.9955	0.99547	0.999995	950	0	-1.4644
MED20	8	3.6495e-05	0.00032225	0.005337	59	8	-1.1486	0.99883	0.99882	0.999995	976	0	-1.1486
PDCD6IP	8	3.7248e-05	0.00032225	0.005337	60	8	-0.92656	0.99903	0.99898	0.999995	982	0	-0.92656
RPL15	5	3.9148e-05	0.0001728	0.003522	61	4	-2.4326	0.46805	0.46977	0.887982	2	0	-2.4326
RPL31	5	4.4375e-05	0.0001728	0.003522	62	5	-1.6156	0.99996	0.99995	0.999995	1021	0	-1.6156
ERH	8	4.4485e-05	0.00037829	0.006076	63	7	-1.0134	0.63576	0.63667	0.887982	705	0	-1.0134
SNRPD2	6	4.4859e-05	0.00026621	0.004783	64	6	-1.7394	0.99944	0.99947	0.999995	991	0	-1.7394
HASPIN	8	4.7633e-05	0.00039697	0.006188	65	7	-0.5304	0.63576	0.63667	0.887982	607	0	-0.5304
VCP	8	4.8225e-05	0.00039697	0.006188	66	6	-1.3826	0.98363	0.98344	0.999995	911	0	-1.3826
BUB1B	8	5.0641e-05	0.00040631	0.006242	67	8	-0.68565	0.99995	0.99995	0.999995	1019	0	-0.68565
RPL17	6	5.5363e-05	0.00031291	0.005337	68	6	-1.6964	0.99941	0.99942	0.999995	989	0	-1.6964
PRPF38A	8	5.6074e-05	0.00046236	0.006903	69	7	-1.3187	0.63576	0.63667	0.887982	62	0	-1.3187
FANCM	8	6.086e-05	0.00048104	0.006985	70	8	-0.60097	0.99994	0.99994	0.999995	1018	0	-0.60097
ILF3	8	6.3191e-05	0.00049972	0.007063	71	7	-1.259	0.63576	0.63667	0.887982	587	0	-1.259
CDK2	8	6.3435e-05	0.00049972	0.007063	72	7	-0.77343	0.99445	0.99441	0.999995	944	0	-0.77343
COX4I1	8	6.6934e-05	0.00050906	0.0071	73	7	-0.72679	0.95053	0.95009	0.999995	854	0	-0.72679
NCBP2	8	7.1541e-05	0.00053708	0.007299	74	6	-0.90625	0.63576	0.63667	0.887982	122	0	-0.90625
ACTL6A	8	7.2142e-05	0.00053708	0.007299	75	7	-0.76032	0.63576	0.63667	0.887982	516	0	-0.76032
RPL37A	5	7.382e-05	0.00028489	0.005033	76	4	-1.5629	0.93701	0.93781	0.999995	836	0	-1.5629
CLTC	8	7.5101e-05	0.00057444	0.007667	77	8	-1.0656	0.99992	0.99992	0.999995	1017	0	-1.0656
EIF4A3	8	7.6203e-05	0.00058378	0.007667	78	7	-1.1637	0.96308	0.96245	0.999995	875	0	-1.1637
RPL5	7	7.7917e-05	0.00044368	0.006719	79	6	-1.0555	0.58675	0.58651	0.887982	47	0	-1.0555
MANF	8	7.8608e-05	0.00059313	0.007667	80	8	-0.58227	0.99992	0.9999	0.999995	1016	0	-0.58227
ATP5F1D	8	8.1363e-05	0.00059313	0.007667	81	7	-1.1469	0.97822	0.97762	0.999995	899	0	-1.1469
CCNL1	8	8.2858e-05	0.00060247	0.007694	82	7	-0.71991	0.98312	0.98286	0.999995	909	0	-0.71991
MED18	16	8.4654e-05	0.00094807	0.010468	83	13	-0.70784	0.86733	0.86757	0.999995	769	0	-0.70784
RRM2	7	8.8894e-05	0.00048104	0.006985	84	5	-1.8172	0.86396	0.86296	0.999995	764	0	-1.8172
ATP5F1B	8	9.1122e-05	0.00065851	0.00831	85	8	-1.4202	0.99978	0.99971	0.999995	1005	0	-1.4202
LONP1	8	9.3579e-05	0.00067719	0.008445	86	7	-1.3124	0.99594	0.99589	0.999995	955	0	-1.3124
POLR2F	8	9.4732e-05	0.00070521	0.008592	87	7	-1.0962	0.63576	0.63667	0.887982	175	0	-1.0962
NDUFB4	8	9.6987e-05	0.00071455	0.008607	88	7	-1.1207	0.97918	0.97863	0.999995	902	0	-1.1207
GTF3C1	8	0.0001054	0.00074257	0.008746	89	7	-0.93505	0.9949	0.9949	0.999995	945	0	-0.93505
SF3B1	8	0.00011769	0.00078928	0.009094	90	8	-1.3437	0.99945	0.99934	0.999995	992	0	-1.3437
RSBN1L	8	0.00011823	0.00078928	0.009094	91	8	-0.46004	0.99988	0.99985	0.999995	1014	0	-0.46004
AFG3L2	6	0.00012589	0.00070521	0.008592	92	6	-1.0517	0.99987	0.99991	0.999995	1013	0	-1.0517
RPA1	8	0.0001322	0.00083598	0.009528	93	8	-0.60961	0.99987	0.99981	0.999995	1012	0	-0.60961
COX6B1	16	0.00013674	0.0015272	0.014851	94	14	-0.79057	0.86733	0.86757	0.999995	772	0	-0.79057
CDK7	7	0.00013884	0.00074257	0.008746	95	7	-1.4365	0.99685	0.99656	0.999995	959	0	-1.4365
HUS1	8	0.00014901	0.00094807	0.010468	96	8	-0.91041	0.9997	0.99963	0.999995	1000	0	-0.91041
WDR12	8	0.00015306	0.00097609	0.010667	97	8	-0.88944	0.99985	0.99977	0.999995	1010	0	-0.88944
HNRNPH1	8	0.00016302	0.0010508	0.011366	98	7	-0.92544	0.98223	0.9819	0.999995	907	0	-0.92544
TUBB	6	0.00016827	0.00092004	0.010375	99	5	-2.0222	0.96996	0.97015	0.999995	888	0	-2.0222
SBNO1	8	0.00017421	0.0011442	0.012129	100	7	-0.94971	0.63576	0.63667	0.887982	336	0	-0.94971
SAR1A	16	0.00017767	0.0018354	0.016765	101	13	-0.6576	0.86733	0.86757	0.999995	767	0	-0.6576
SLC11A2	8	0.00018066	0.0011909	0.012499	102	7	-0.8798	0.93799	0.93726	0.999995	837	0	-0.8798
RIC8A	8	0.00019026	0.0012283	0.012683	103	8	-0.76593	0.99981	0.99972	0.999995	1009	0	-0.76593
AKIRIN2	8	0.00019077	0.0012376	0.012683	104	8	-0.57318	0.99981	0.99972	0.999995	1008	0	-0.57318
TRRAP	8	0.00019661	0.001247	0.012683	105	8	-0.85994	0.99619	0.99615	0.999995	957	0	-0.85994
MDM4	8	0.00020248	0.0012563	0.012683	106	8	-0.88793	0.9998	0.99972	0.999995	1007	0	-0.88793
DHX9	6	0.00020746	0.0011162	0.011951	107	6	-0.80806	0.99979	0.99982	0.999995	1006	0	-0.80806
ALAS1	16	0.00021106	0.0021343	0.018544	108	14	-0.49917	0.99729	0.99768	0.999995	963	0	-0.49917
TUFM	7	0.00023087	0.0013684	0.013684	109	6	-1.1973	0.95834	0.95789	0.999995	868	0	-1.1973
LSM4	8	0.00023441	0.0014338	0.014072	110	6	-1.1274	0.63576	0.63667	0.887982	652	0	-1.1274
RPA3	8	0.00023458	0.0014338	0.014072	111	7	-0.43605	0.63576	0.63667	0.887982	83	0	-0.43605
PMPCB	8	0.0002526	0.0015459	0.014896	112	7	-1.2234	0.63576	0.63667	0.887982	166	0	-1.2234
RPS5	8	0.00025513	0.0015832	0.015072	113	7	-1.2172	0.63576	0.63667	0.887982	77	0	-1.2172
PSMC3	8	0.00026884	0.0017233	0.016024	114	7	-0.55697	0.63576	0.63667	0.887982	60	0	-0.55697
CFL1	8	0.00028977	0.0018728	0.016765	115	8	-0.56996	0.99971	0.99965	0.999995	1002	0	-0.56996
NUTF2	7	0.0002985	0.0017233	0.016024	116	5	-1.4064	0.58675	0.58651	0.887982	27	0	-1.4064
RPL13	6	0.00029875	0.0015926	0.015072	117	6	-1.2996	0.9997	0.99972	0.999995	1001	0	-1.2996
TOP2A	8	0.00030319	0.0019849	0.017533	118	8	-1.2339	0.99872	0.9987	0.999995	975	0	-1.2339
PSMA2	8	0.00031363	0.002097	0.01837	119	6	-0.81014	0.63576	0.63667	0.887982	61	0	-0.81014
RAN	7	0.0003232	0.0018541	0.016765	120	6	-1.3781	0.58675	0.58651	0.887982	30	0	-1.3781
SEPHS1	7	0.00032507	0.0018634	0.016765	121	7	-1.199	0.99966	0.99971	0.999995	999	0	-1.199
IPO7	7	0.00032958	0.0018821	0.016765	122	7	-0.56624	0.99904	0.99904	0.999995	983	0	-0.56624
TOP1	8	0.00035165	0.0024145	0.02072	123	8	-0.61981	0.99965	0.99955	0.999995	998	0	-0.61981
SIN3A	8	0.00035254	0.0024239	0.02072	124	8	-0.64475	0.99965	0.99955	0.999995	997	0	-0.64475
MED23	8	0.00036564	0.0024799	0.020941	125	7	-0.79325	0.63576	0.63667	0.887982	150	0	-0.79325
CDS2	8	0.00036795	0.0024893	0.020941	126	7	-0.92626	0.63576	0.63667	0.887982	438	0	-0.92626
SLC25A37	8	0.00037797	0.0025733	0.021478	127	7	-0.72499	0.94585	0.94512	0.999995	843	0	-0.72499
MED12	8	0.00040838	0.0027601	0.022857	128	8	-0.94878	0.99959	0.99949	0.999995	995	0	-0.94878
GDI2	16	0.00042931	0.0041986	0.030906	129	13	-0.64134	0.86733	0.86757	0.999995	781	0	-0.64134
RPRD1B	8	0.00042981	0.0029002	0.023694	130	7	-0.87182	0.99551	0.99542	0.999995	951	0	-0.87182
CTR9	8	0.00043475	0.0029283	0.023694	131	7	-1.1648	0.63576	0.63667	0.887982	473	0	-1.1648
TYMS	8	0.00043646	0.0029283	0.023694	132	7	-0.96772	0.63576	0.63667	0.887982	233	0	-0.96772
RHOT2	8	0.00044723	0.0029843	0.023859	133	8	-0.77136	0.99955	0.99946	0.999995	994	0	-0.77136
ELL	8	0.00045493	0.0029936	0.023859	134	8	-0.74714	0.99955	0.99945	0.999995	993	0	-0.74714
PPP2R1A	8	0.00048097	0.0030684	0.024272	135	7	-1.0454	0.63576	0.63667	0.887982	184	0	-1.0454
NKAP	8	0.00057288	0.0036101	0.027932	136	8	-0.70947	0.99943	0.99929	0.999995	990	0	-0.70947
NDUFC1	8	0.0005801	0.0036568	0.028089	137	7	-0.66756	0.99524	0.99524	0.999995	948	0	-0.66756
TOMM22	7	0.00058224	0.0033299	0.026146	138	6	-0.7004	0.99076	0.99051	0.999995	930	0	-0.7004
UTP14A	8	0.00059667	0.0037316	0.028456	139	7	-0.76794	0.63576	0.63667	0.887982	281	0	-0.76794
CCT6A	7	0.00060543	0.0034887	0.027191	140	6	-1.3357	0.98744	0.98726	0.999995	919	0	-1.3357
PSMB6	8	0.00063981	0.0039557	0.029738	141	8	-0.33972	0.99936	0.99923	0.999995	988	0	-0.33972
SNRPB	8	0.0006549	0.0040305	0.030086	142	8	-0.53858	0.99935	0.99923	0.999995	987	0	-0.53858
SPAG9	8	0.00067655	0.0041145	0.030499	143	8	-0.78469	0.99932	0.99922	0.999995	986	0	-0.78469
IPO5	8	0.00070777	0.0044134	0.032043	144	8	-0.54115	0.99871	0.9987	0.999995	974	0	-0.54115
TREML4	7	0.00072096	0.004264	0.031171	145	7	-0.22669	0.99928	0.99929	0.999995	984	0	-0.22669
MAT2A	8	0.00074681	0.0045535	0.032835	146	8	-0.71556	0.99735	0.99731	0.999995	964	0	-0.71556
SMARCA4	8	0.00085358	0.0050859	0.036381	147	7	-0.84993	0.63576	0.63667	0.887982	324	0	-0.84993
RNF40	8	0.00085904	0.005114	0.036381	148	5	-1.0656	0.94333	0.94263	0.999995	841	0	-1.0656
DDX5	8	0.0008846	0.0053101	0.037525	149	8	-0.70503	0.99897	0.99893	0.999995	980	0	-0.70503
SF1	8	0.00092078	0.0055343	0.03885	150	8	-0.82704	0.99889	0.99887	0.999995	978	0	-0.82704
AP2A1	8	0.00098309	0.0057865	0.040353	151	8	-0.73834	0.99902	0.99896	0.999995	981	0	-0.73834
SF3B2	8	0.00099617	0.0058705	0.040672	152	7	-0.99816	0.99437	0.99433	0.999995	942	0	-0.99816
ISCA2	8	0.0011059	0.0065524	0.044744	153	8	-0.7479	0.99707	0.99694	0.999995	961	0	-0.7479
UNC45A	8	0.0011088	0.0065524	0.044744	154	7	-0.53295	0.97112	0.97054	0.999995	891	0	-0.53295
RHBDF1	8	0.001119	0.0065991	0.044744	155	8	-0.32383	0.99888	0.99887	0.999995	977	0	-0.32383
ATP6V1D	8	0.0011687	0.006842	0.045902	156	7	-0.63179	0.63576	0.63667	0.887982	579	0	-0.63179
GAPDH	8	0.001204	0.0069914	0.046318	157	8	-0.95612	0.99789	0.99788	0.999995	970	0	-0.95612
SOD1	8	0.0013135	0.00772	0.050827	158	7	-0.92573	0.63576	0.63667	0.887982	377	0	-0.92573
RPS3	6	0.0013298	0.0066271	0.044744	159	5	-0.86622	0.53114	0.5327	0.887982	4	0	-0.86622
RPL18A	3	0.0013581	0.003937	0.029738	160	3	-1.7988	0.99864	0.99863	0.999995	973	0	-1.7988
ARID1A	8	0.0014095	0.008215	0.053399	161	7	-0.69145	0.99036	0.99018	0.999995	929	0	-0.69145
FARS2	8	0.0014145	0.008243	0.053399	162	7	-0.76111	0.99319	0.99312	0.999995	938	0	-0.76111
COQ10B	8	0.0014181	0.0082617	0.053399	163	7	-0.50948	0.99535	0.99533	0.999995	949	0	-0.50948
LDB1	16	0.0015995	0.013931	0.081587	164	14	-0.25892	0.99261	0.99336	0.999995	935	0	-0.25892
SFPQ	8	0.0016353	0.0097095	0.062	165	5	-0.53549	0.63576	0.63667	0.887982	345	0	-0.53549
TAMM41	8	0.0016523	0.0097936	0.062163	166	7	-0.88699	0.63576	0.63667	0.887982	351	0	-0.88699
CTPS1	8	0.001678	0.0099897	0.06303	167	7	-0.71882	0.99017	0.98998	0.999995	928	0	-0.71882
NXT1	8	0.001702	0.01012	0.063478	168	6	-1.0613	0.9668	0.96624	0.999995	885	0	-1.0613
TNPO1	6	0.0017719	0.0087941	0.056496	169	5	-1.2407	0.95535	0.95522	0.999995	860	0	-1.2407
THRAP3	7	0.0018372	0.010279	0.064094	170	7	-0.69646	0.99816	0.99813	0.999995	972	0	-0.69646
RBMX	7	0.0018546	0.01041	0.06453	171	5	-0.43044	0.58675	0.58651	0.887982	36	0	-0.43044
MMD2	8	0.0019933	0.011895	0.072465	172	8	-0.21232	0.99801	0.99798	0.999995	971	0	-0.21232
INTS2	8	0.0020819	0.012325	0.074229	173	7	-0.60031	0.98563	0.98552	0.999995	915	0	-0.60031
POLR2A	8	0.0021562	0.012736	0.076271	174	7	-0.51006	0.63576	0.63667	0.887982	167	0	-0.51006
EIF3J	7	0.0021825	0.012119	0.073409	175	7	-0.76523	0.99782	0.99773	0.999995	969	0	-0.76523
EPS15	8	0.0021912	0.012932	0.077011	176	8	-0.34881	0.99781	0.99783	0.999995	968	0	-0.34881
TRAPPC3	8	0.0022482	0.013184	0.07764	177	7	-1.0894	0.63576	0.63667	0.887982	220	0	-1.0894
CNOT7	7	0.0023912	0.013137	0.07764	178	6	-0.83353	0.58675	0.58651	0.887982	22	0	-0.83353
RPS7	3	0.002422	0.006954	0.046318	179	3	-1.604	0.98198	0.98195	0.999995	906	0	-1.604
MED13	8	0.0024252	0.014016	0.081629	180	8	-0.45248	0.99757	0.99757	0.999995	966	0	-0.45248
NAE1	16	0.0024309	0.019554	0.104159	181	8	-0.68358	0.99215	0.99288	0.999995	934	0	-0.68358
SNAPC4	8	0.0024491	0.014165	0.082048	182	6	-0.72117	0.63576	0.63667	0.887982	314	0	-0.72117
APH1A	8	0.0025703	0.0148	0.084801	183	7	-0.73589	0.63576	0.63667	0.887982	506	0	-0.73589
HNRNPK	7	0.002595	0.014296	0.082356	184	6	-0.59597	0.95775	0.95726	0.999995	865	0	-0.59597
ANAPC4	8	0.0026038	0.01494	0.085143	185	7	-0.52733	0.63576	0.63667	0.887982	498	0	-0.52733
MRPL27	8	0.002634	0.01508	0.085482	186	8	-0.53242	0.99737	0.99734	0.999995	965	0	-0.53242
RP1	8	0.0026971	0.015379	0.086713	187	7	-0.30931	0.63576	0.63667	0.887982	84	0	-0.30931
DDI2	8	0.0027215	0.015529	0.086946	188	6	-0.46613	0.63576	0.63667	0.887982	484	0	-0.46613
TBP	8	0.0027304	0.015585	0.086946	189	6	-0.57223	0.63576	0.63667	0.887982	361	0	-0.57223
CRK	8	0.0028307	0.016042	0.089031	190	8	-0.43708	0.99717	0.9971	0.999995	962	0	-0.43708
TOP1MT	8	0.0030069	0.016902	0.093312	191	7	-0.562	0.95791	0.95711	0.999995	866	0	-0.562
RPS15	4	0.0030865	0.010625	0.065479	192	3	-1.5455	0.92532	0.92504	0.999995	822	0	-1.5455
HEATR5A	8	0.0031234	0.017406	0.095208	193	7	-0.21787	0.89435	0.89416	0.999995	789	0	-0.21787
PRSS37	8	0.003129	0.017425	0.095208	194	8	-0.19759	0.99687	0.99676	0.999995	960	0	-0.19759
GFM1	8	0.0032557	0.018284	0.099391	195	6	-0.85601	0.63576	0.63667	0.887982	757	0	-0.85601
PAF1	8	0.0032944	0.01848	0.099944	196	7	-0.60441	0.98766	0.98754	0.999995	921	0	-0.60441
MTHFD1	8	0.0033462	0.018789	0.100585	197	7	-0.74129	0.99412	0.99406	0.999995	940	0	-0.74129
XRCC6	7	0.0034459	0.018611	0.100141	198	7	-0.50673	0.99653	0.99616	0.999995	958	0	-0.50673
RPL27A	4	0.0034871	0.011867	0.072465	199	3	-0.42515	0.39648	0.39261	0.887982	1	0	-0.42515
SNX6	8	0.0035576	0.020003	0.106015	200	7	-0.28717	0.96396	0.96346	0.999995	876	0	-0.28717
ABT1	8	0.0038713	0.02174	0.11465	201	7	-0.6761	0.63576	0.63667	0.887982	513	0	-0.6761
USP5	8	0.0039112	0.022048	0.115699	202	6	-0.63649	0.63576	0.63667	0.887982	285	0	-0.63649
RALGPS2	8	0.0042079	0.023534	0.122884	203	7	-0.51283	0.98916	0.98881	0.999995	924	0	-0.51283
INCENP	8	0.0044828	0.024925	0.129514	204	7	-0.61849	0.93532	0.93461	0.999995	830	0	-0.61849
SPTLC2	8	0.0046599	0.025701	0.132891	205	5	-0.72891	0.63576	0.63667	0.887982	392	0	-0.72891
XRCC4	8	0.0047041	0.025943	0.133495	206	7	-0.43528	0.96436	0.96392	0.999995	878	0	-0.43528
MORF4L2	8	0.004913	0.026877	0.137633	207	7	-0.42334	0.95509	0.95431	0.999995	858	0	-0.42334
MED8	8	0.0051091	0.027653	0.140923	208	7	-0.67102	0.97596	0.9753	0.999995	894	0	-0.67102
E2F3	7	0.0057262	0.029558	0.149912	209	7	-0.63475	0.99427	0.99395	0.999995	941	0	-0.63475
MED31	8	0.0058097	0.030903	0.155988	210	6	-0.62763	0.63576	0.63667	0.887982	146	0	-0.62763
SMARCC1	8	0.0068173	0.035564	0.176986	211	7	-0.30632	0.63576	0.63667	0.887982	323	0	-0.30632
PKM	6	0.0071593	0.033182	0.166698	212	5	-0.65828	0.94083	0.94166	0.999995	839	0	-0.65828
PTTG1	7	0.0071809	0.036349	0.180045	213	6	-0.58852	0.93593	0.93526	0.999995	833	0	-0.58852
NCOR2	8	0.0072829	0.037479	0.18478	214	7	-0.37939	0.9465	0.94589	0.999995	845	0	-0.37939
DGKZ	6	0.0072912	0.033752	0.168761	215	6	-0.58358	0.99271	0.99278	0.999995	937	0	-0.58358
PFAS	8	0.0073436	0.037675	0.184887	216	6	-0.71397	0.63576	0.63667	0.887982	200	0	-0.71397
BECN1	8	0.0075109	0.038385	0.187503	217	7	-0.27488	0.63576	0.63667	0.887982	575	0	-0.27488
RNF20	8	0.007573	0.038628	0.187824	218	6	-0.56159	0.63576	0.63667	0.887982	81	0	-0.56159
RPP14	8	0.0076479	0.038955	0.188548	219	6	-0.59993	0.63576	0.63667	0.887982	76	0	-0.59993
COPZ1	8	0.0077357	0.039263	0.189176	220	6	-0.3886	0.63576	0.63667	0.887982	396	0	-0.3886
GRHL2	8	0.0082775	0.041514	0.199117	221	7	-0.21577	0.96406	0.96356	0.999995	877	0	-0.21577
KIF20A	16	0.00839	0.056945	0.262441	222	12	-0.48778	0.86733	0.86757	0.999995	773	0	-0.48778
GSDMD	8	0.0086781	0.04313	0.205013	223	7	-0.58867	0.63576	0.63667	0.887982	738	0	-0.58867
ATP6V1E1	7	0.0087351	0.042728	0.204018	224	6	-0.54779	0.58675	0.58651	0.887982	50	0	-0.54779
PDS5A	8	0.0089897	0.044578	0.210949	225	7	-0.40041	0.9586	0.95783	0.999995	869	0	-0.40041
RBM22	8	0.0091423	0.045101	0.212475	226	6	-0.5554	0.97066	0.97013	0.999995	890	0	-0.5554
NRBP1	8	0.0093414	0.045932	0.215434	227	6	-0.42095	0.93692	0.93612	0.999995	835	0	-0.42095
BZW2	8	0.0098959	0.048239	0.225258	228	7	-0.48586	0.98754	0.98741	0.999995	920	0	-0.48586
KIF4A	8	0.010086	0.048987	0.227744	229	6	-0.65815	0.9812	0.9808	0.999995	904	0	-0.65815
ZMAT2	8	0.012227	0.057879	0.265591	230	4	-0.20153	0.63576	0.63667	0.887982	275	0	-0.20153
FDPS	8	0.013367	0.062493	0.284303	231	4	-0.7294	0.63576	0.63667	0.887982	684	0	-0.7294
RNF10	8	0.013633	0.063483	0.287573	232	7	-0.44894	0.99113	0.99093	0.999995	932	0	-0.44894
DHX29	7	0.013743	0.060326	0.275627	233	6	-0.60205	0.96219	0.96194	0.999995	873	0	-0.60205
IMPDH2	8	0.014562	0.06693	0.300617	234	6	-0.39186	0.96277	0.96216	0.999995	874	0	-0.39186
KPNA2	7	0.014656	0.063763	0.287613	235	6	-0.72295	0.96453	0.96438	0.999995	879	0	-0.72295
SKA1	8	0.014678	0.067313	0.301061	236	7	-0.64171	0.63576	0.63667	0.887982	342	0	-0.64171
CLASP1	8	0.01498	0.068508	0.303969	237	5	-0.47979	0.63576	0.63667	0.887982	433	0	-0.47979
TSG101	8	0.015197	0.06934	0.30625	238	7	-0.60162	0.98291	0.98266	0.999995	908	0	-0.60162
COPG1	8	0.015718	0.071114	0.312785	239	5	-0.44773	0.63576	0.63667	0.887982	403	0	-0.44773
YIPF5	8	0.016	0.072319	0.31677	240	6	-0.50809	0.63576	0.63667	0.887982	265	0	-0.50809
RAD17	6	0.016328	0.068536	0.303969	241	4	-0.41527	0.88175	0.88314	0.999995	784	0	-0.41527
NMT1	8	0.016569	0.074393	0.324512	242	6	-0.51517	0.9701	0.96949	0.999995	889	0	-0.51517
LOR	8	0.017919	0.079297	0.344485	243	7	-0.23502	0.96516	0.96477	0.999995	880	0	-0.23502
RANBP9	8	0.018516	0.081492	0.352576	244	7	-0.38803	0.63576	0.63667	0.887982	51	0	-0.38803
EFR3A	8	0.018772	0.082482	0.355409	245	6	-0.27366	0.63576	0.63667	0.887982	458	0	-0.27366
CAP1	8	0.02018	0.087993	0.374587	246	7	-0.38478	0.63576	0.63667	0.887982	546	0	-0.38478
GCM2	8	0.020474	0.089123	0.377881	247	7	-0.18718	0.99559	0.99551	0.999995	952	0	-0.18718
VPS37A	8	0.020672	0.089739	0.378979	248	7	-0.55096	0.92374	0.92327	0.999995	818	0	-0.55096
TNKS	8	0.020813	0.090132	0.379125	249	6	-0.17866	0.9658	0.96528	0.999995	884	0	-0.17866
RPL6	3	0.021003	0.054217	0.250962	250	2	-0.96942	0.86593	0.8659	0.999995	765	0	-0.96942
NCKAP1	8	0.021106	0.091262	0.382362	251	7	-0.26017	0.96954	0.96894	0.999995	887	0	-0.26017
ATP5PB	8	0.021278	0.091953	0.383741	252	6	-0.64996	0.63576	0.63667	0.887982	578	0	-0.64996
NAPA	8	0.021566	0.092897	0.385887	253	5	-0.35951	0.9787	0.97809	0.999995	900	0	-0.35951
SHCBP1L	8	0.021651	0.093195	0.385887	254	7	-0.14649	0.97998	0.97947	0.999995	903	0	-0.14649
TIMM23	6	0.021658	0.0842	0.361346	255	5	-0.41125	0.53114	0.5327	0.887982	10	0	-0.41125
ZNF34	8	0.024058	0.10247	0.422641	256	7	-0.52412	0.98159	0.98119	0.999995	905	0	-0.52412
KAT6A	8	0.024246	0.10313	0.423728	257	7	-0.2253	0.99506	0.99508	0.999995	946	0	-0.2253
GABPB1	8	0.024585	0.10441	0.427329	258	6	-0.47883	0.63576	0.63667	0.887982	723	0	-0.47883
BAP1	8	0.024834	0.10528	0.429227	259	4	-0.64647	0.96536	0.96491	0.999995	883	0	-0.64647
PDS5B	8	0.025083	0.10624	0.43149	260	7	-0.29905	0.99185	0.99178	0.999995	933	0	-0.29905
XPO7	8	0.025322	0.10704	0.433055	261	7	-0.17323	0.63576	0.63667	0.887982	291	0	-0.17323
FOXK2	8	0.025715	0.10844	0.437055	262	7	-0.36922	0.98538	0.98529	0.999995	914	0	-0.36922
ATR	8	0.026122	0.10971	0.4405	263	5	-0.70178	0.63576	0.63667	0.887982	572	0	-0.70178
CYP7A1	8	0.026299	0.11034	0.441379	264	6	-0.22082	0.97902	0.97841	0.999995	901	0	-0.22082
RHOBTB2	8	0.026556	0.11122	0.443218	265	7	-0.26764	0.63576	0.63667	0.887982	112	0	-0.26764
RBBP7	8	0.026719	0.11171	0.443272	266	7	-0.17617	0.91194	0.91138	0.999995	804	0	-0.17617
EPS15L1	8	0.026842	0.11207	0.443272	267	7	-0.2961	0.63576	0.63667	0.887982	708	0	-0.2961
AP1G1	8	0.027171	0.1132	0.446078	268	7	-0.25663	0.63576	0.63667	0.887982	490	0	-0.25663
PMM2	8	0.027393	0.1138	0.446773	269	5	-0.60917	0.63576	0.63667	0.887982	164	0	-0.60917
CDK8	8	0.028249	0.11693	0.45641	270	6	-0.29481	0.99395	0.99393	0.999995	939	0	-0.29481
PPP3CC	8	0.028307	0.11712	0.45641	271	7	-0.28863	0.92334	0.92284	0.999995	817	0	-0.28863
EIF3L	8	0.029133	0.11996	0.465764	272	6	-0.33747	0.9575	0.9567	0.999995	863	0	-0.33747
CCNE2	8	0.02957	0.12143	0.468497	273	6	-0.30356	0.63576	0.63667	0.887982	550	0	-0.30356
TAF1	8	0.029613	0.12154	0.468497	274	5	-0.30223	0.63576	0.63667	0.887982	352	0	-0.30223
ESRP1	8	0.030015	0.1228	0.471642	275	7	-0.30791	0.94621	0.94556	0.999995	844	0	-0.30791
SAMD4B	8	0.030149	0.12334	0.471977	276	7	-0.28309	0.63576	0.63667	0.887982	88	0	-0.28309
BRD8	8	0.030558	0.12474	0.475621	277	6	-0.40346	0.63576	0.63667	0.887982	541	0	-0.40346
FANCF	8	0.030809	0.12561	0.47622	278	6	-0.40558	0.97752	0.97704	0.999995	896	0	-0.40558
ADAP1	8	0.03086	0.12579	0.47622	279	6	-0.23853	0.63576	0.63667	0.887982	531	0	-0.23853
AKIRIN1	8	0.031338	0.1277	0.480005	280	7	-0.20229	0.63576	0.63667	0.887982	511	0	-0.20229
UCHL5	8	0.031809	0.12941	0.484711	281	6	-0.59807	0.93617	0.93541	0.999995	834	0	-0.59807
POLD1	8	0.032022	0.13013	0.485689	282	5	-0.40885	0.63576	0.63667	0.887982	168	0	-0.40885
TMEM30A	8	0.032516	0.1318	0.490203	283	7	-0.28312	0.99602	0.99597	0.999995	956	0	-0.28312
CCND3	8	0.033532	0.13503	0.500467	284	7	-0.3757	0.9865	0.98637	0.999995	917	0	-0.3757
TNR	8	0.03389	0.13627	0.503312	285	6	-0.19004	0.98898	0.98866	0.999995	923	0	-0.19004
ARPC5L	8	0.034387	0.13805	0.508096	286	4	-0.14063	0.63576	0.63667	0.887982	564	0	-0.14063
DGAT1	8	0.03471	0.1391	0.510209	287	6	-0.57235	0.63576	0.63667	0.887982	479	0	-0.57235
RPL21	3	0.034739	0.085499	0.365438	288	3	-0.36229	0.96526	0.96485	0.999995	881	0	-0.36229
CHMP1A	8	0.035993	0.14288	0.522243	289	6	-0.36384	0.98479	0.98477	0.999995	913	0	-0.36384
NDE1	8	0.036854	0.14522	0.528988	290	5	-0.30643	0.63576	0.63667	0.887982	121	0	-0.30643
VPS26A	8	0.0408	0.15615	0.566849	291	4	-0.33	0.63576	0.63667	0.887982	297	0	-0.33
GATAD2A	8	0.044213	0.1655	0.59874	292	6	-0.55064	0.63576	0.63667	0.887982	749	0	-0.55064
CABP5	8	0.045128	0.168	0.605728	293	6	-0.16121	0.63576	0.63667	0.887982	536	0	-0.16121
CNOT6	8	0.048649	0.17716	0.636567	294	5	-0.23255	0.99013	0.98995	0.999995	927	0	-0.23255
MED26	8	0.049457	0.1794	0.642444	295	6	-0.32694	0.99438	0.99434	0.999995	943	0	-0.32694
MRPL55	8	0.049976	0.18078	0.645215	296	3	-0.34246	0.63576	0.63667	0.887982	160	0	-0.34246
PIP4P2	8	0.052612	0.18775	0.667835	297	5	-0.29147	0.97782	0.97724	0.999995	897	0	-0.29147
TSPO2	8	0.052952	0.18867	0.668847	298	6	-0.18686	0.63576	0.63667	0.887982	216	0	-0.18686
RPS28	3	0.053655	0.12713	0.479564	299	2	-0.19407	0.84789	0.84816	0.999995	762	0	-0.19407
KCNT2	8	0.055332	0.19505	0.689191	300	6	-0.18756	0.63576	0.63667	0.887982	663	0	-0.18756
MBTD1	8	0.057064	0.19917	0.701408	301	6	-0.29635	0.63576	0.63667	0.887982	393	0	-0.29635
PRKAB1	8	0.057784	0.20082	0.704855	302	6	-0.23835	0.63576	0.63667	0.887982	179	0	-0.23835
KRTAP10-10	8	0.058836	0.20353	0.712005	303	6	-0.10934	0.63576	0.63667	0.887982	674	0	-0.10934
PFN1	7	0.059714	0.20454	0.713213	304	5	-0.37361	0.58675	0.58651	0.887982	45	0	-0.37361
MYBL2	8	0.061092	0.20952	0.728177	305	6	-0.45698	0.63576	0.63667	0.887982	158	0	-0.45698
RIC8B	8	0.061907	0.21165	0.733175	306	6	-0.22526	0.63576	0.63667	0.887982	116	0	-0.22526
HACD2	8	0.063786	0.2166	0.74788	307	6	-0.1948	0.63576	0.63667	0.887982	611	0	-0.1948
STRIP1	8	0.066175	0.22234	0.765189	308	6	-0.43606	0.99268	0.99263	0.999995	936	0	-0.43606
CBLL1	8	0.069645	0.23123	0.790658	309	6	-0.34305	0.63576	0.63667	0.887982	548	0	-0.34305
SAFB2	8	0.07526	0.24482	0.83354	310	6	-0.16571	0.94841	0.94776	0.999995	848	0	-0.16571
CRNN	8	0.075509	0.24534	0.83354	311	5	-0.12616	0.63576	0.63667	0.887982	415	0	-0.12616
DNAJC19	6	0.075716	0.22491	0.771524	312	5	-0.30247	0.53114	0.5327	0.887982	9	0	-0.30247
CLCA1	8	0.078019	0.25147	0.851627	313	6	-0.038705	0.63576	0.63667	0.887982	401	0	-0.038705
ZNF804B	8	0.079023	0.25377	0.856672	314	6	-0.17178	0.63576	0.63667	0.887982	270	0	-0.17178
ZG16	8	0.080137	0.25637	0.861527	315	6	-0.17193	0.63576	0.63667	0.887982	261	0	-0.17193
ACTL7A	8	0.080358	0.25683	0.861527	316	5	-0.092335	0.63576	0.63667	0.887982	515	0	-0.092335
CHRNB3	8	0.081262	0.25908	0.866337	317	6	-0.2373	0.63576	0.63667	0.887982	430	0	-0.2373
MTMR4	8	0.08176	0.26026	0.867139	318	6	-0.34242	0.63576	0.63667	0.887982	163	0	-0.34242
TRPM1	8	0.082398	0.26182	0.867139	319	6	-0.11409	0.63576	0.63667	0.887982	214	0	-0.11409
UMPS	8	0.082698	0.26256	0.867139	320	6	-0.39602	0.63576	0.63667	0.887982	287	0	-0.39602
WRN	8	0.08271	0.2626	0.867139	321	6	-0.35376	0.95756	0.95673	0.999995	864	0	-0.35376
EXOC6	8	0.084176	0.26579	0.874962	322	6	-0.11577	0.63576	0.63667	0.887982	711	0	-0.11577
TCERG1	8	0.088877	0.27617	0.903511	323	5	-0.28998	0.63576	0.63667	0.887982	362	0	-0.28998
DCAF4L2	8	0.090558	0.28008	0.908908	324	6	-0.18449	0.63576	0.63667	0.887982	468	0	-0.18449
AHCYL1	8	0.090569	0.28009	0.908908	325	5	-0.44575	0.63576	0.63667	0.887982	524	0	-0.44575
CRKL	8	0.090711	0.28039	0.908908	326	6	-0.40993	0.63576	0.63667	0.887982	416	0	-0.40993
TOMM20	6	0.09477	0.26778	0.878782	327	2	-0.18032	0.53114	0.5327	0.887982	17	0	-0.18032
HOXB1	8	0.09737	0.29515	0.953831	328	5	-0.094099	0.63576	0.63667	0.887982	628	0	-0.094099
TOP2B	8	0.098326	0.29744	0.955699	329	6	-0.22258	0.63576	0.63667	0.887982	248	0	-0.22258
AP5M1	8	0.099034	0.29877	0.955699	330	6	-0.044576	0.63576	0.63667	0.887982	507	0	-0.044576
HNRNPF	8	0.09929	0.29933	0.955699	331	6	-0.38294	0.63576	0.63667	0.887982	624	0	-0.38294
HNRNPH3	8	0.1007	0.30236	0.961241	332	6	-0.24285	0.63576	0.63667	0.887982	626	0	-0.24285
TGM6	8	0.10097	0.30288	0.961241	333	6	-0.051361	0.63576	0.63667	0.887982	244	0	-0.051361
ATAD2	8	0.1025	0.30612	0.968627	334	6	-0.27228	0.92004	0.9194	0.999995	814	0	-0.27228
SAMD9	8	0.10359	0.30848	0.97317	335	6	-0.061137	0.63576	0.63667	0.887982	90	0	-0.061137
CSTF2T	8	0.10522	0.31188	0.980977	336	4	-0.17946	0.63576	0.63667	0.887982	410	0	-0.17946
G3BP1	7	0.10599	0.29861	0.955699	337	5	-0.14113	0.9481	0.94756	0.999995	847	0	-0.14113
VANGL2	8	0.10884	0.31977	0.999995	338	5	-0.24844	0.63576	0.63667	0.887982	283	0	-0.24844
SOHLH1	8	0.11173	0.32615	0.999995	339	5	-0.17367	0.63576	0.63667	0.887982	379	0	-0.17367
TACC3	8	0.11224	0.32734	0.999995	340	6	-0.28216	0.63576	0.63667	0.887982	350	0	-0.28216
SLC25A25	8	0.11263	0.32806	0.999995	341	6	-0.22865	0.63576	0.63667	0.887982	311	0	-0.22865
ZWILCH	8	0.11419	0.33143	0.999995	342	6	-0.28946	0.63576	0.63667	0.887982	271	0	-0.28946
NLRP8	8	0.11424	0.33151	0.999995	343	5	-0.11263	0.63576	0.63667	0.887982	138	0	-0.11263
RANBP10	8	0.11471	0.33243	0.999995	344	6	-0.19891	0.90912	0.90837	0.999995	799	0	-0.19891
ALG14	8	0.11734	0.33755	0.999995	345	6	-0.2541	0.92942	0.92871	0.999995	827	0	-0.2541
SEC23B	8	0.11748	0.33784	0.999995	346	6	-0.17775	0.9315	0.93062	0.999995	829	0	-0.17775
SLC32A1	8	0.11935	0.34188	0.999995	347	6	-0.10444	0.98673	0.98662	0.999995	918	0	-0.10444
RRM2B	16	0.11946	0.40601	0.999995	348	10	-0.43442	0.99083	0.99161	0.999995	931	0	-0.43442
GSX1	8	0.12029	0.34374	0.999995	349	6	-0.079977	0.63576	0.63667	0.887982	756	0	-0.079977
ARPC5	8	0.12083	0.34486	0.999995	350	6	-0.28487	0.63576	0.63667	0.887982	568	0	-0.28487
RPL3L	8	0.1242	0.35179	0.999995	351	5	-0.17007	0.93541	0.93474	0.999995	831	0	-0.17007
NBEAL1	8	0.12523	0.35375	0.999995	352	4	-0.12061	0.63576	0.63667	0.887982	127	0	-0.12061
RNF144B	8	0.1255	0.35431	0.999995	353	6	-0.080754	0.94173	0.94087	0.999995	840	0	-0.080754
MCPH1	8	0.12774	0.35914	0.999995	354	6	-0.18523	0.63576	0.63667	0.887982	148	0	-0.18523
AOX1	8	0.12794	0.35954	0.999995	355	5	-0.15461	0.63576	0.63667	0.887982	488	0	-0.15461
MYL7	8	0.12802	0.35978	0.999995	356	6	-0.30927	0.94855	0.94795	0.999995	849	0	-0.30927
YIF1A	8	0.12844	0.36054	0.999995	357	6	-0.18738	0.63576	0.63667	0.887982	264	0	-0.18738
PLEK2	8	0.13143	0.36652	0.999995	358	6	-0.13923	0.9491	0.94863	0.999995	851	0	-0.13923
CAB39	8	0.13203	0.36773	0.999995	359	5	-0.25425	0.63576	0.63667	0.887982	544	0	-0.25425
ALDOC	8	0.13301	0.36973	0.999995	360	6	-0.25345	0.63576	0.63667	0.887982	494	0	-0.25345
PACS1	8	0.13749	0.37827	0.999995	361	4	-0.17778	0.63576	0.63667	0.887982	188	0	-0.17778
IL6R	8	0.13858	0.38039	0.999995	362	6	-0.26318	0.98628	0.98613	0.999995	916	0	-0.26318
PLCG1	8	0.14097	0.38479	0.999995	363	6	-0.039381	0.63576	0.63667	0.887982	170	0	-0.039381
NUMBL	8	0.14815	0.39719	0.999995	364	2	-0.063886	0.63576	0.63667	0.887982	196	0	-0.063886
ADGRG7	8	0.14878	0.39808	0.999995	365	3	-0.025897	0.63576	0.63667	0.887982	533	0	-0.025897
RCBTB1	8	0.14959	0.39931	0.999995	366	5	-0.12242	0.63576	0.63667	0.887982	97	0	-0.12242
PTPN11	7	0.15066	0.37924	0.999995	367	3	-0.2093	0.93547	0.93485	0.999995	832	0	-0.2093
S1PR4	8	0.15541	0.40764	0.999995	368	4	-0.24831	0.63576	0.63667	0.887982	87	0	-0.24831
EAF1	8	0.15868	0.41212	0.999995	369	5	-0.13498	0.94693	0.94632	0.999995	846	0	-0.13498
CCT6B	8	0.16148	0.41608	0.999995	370	4	-0.15005	0.63576	0.63667	0.887982	428	0	-0.15005
SPATA16	8	0.16456	0.42029	0.999995	371	5	-0.041375	0.63576	0.63667	0.887982	371	0	-0.041375
LIN28A	7	0.17164	0.41417	0.999995	372	5	-0.10388	0.87923	0.87855	0.999995	783	0	-0.10388
RING1	8	0.17296	0.43168	0.999995	373	3	-0.16916	0.63576	0.63667	0.887982	115	0	-0.16916
TIMM23B	7	0.17327	0.41694	0.999995	374	5	-0.28764	0.58675	0.58651	0.887982	34	0	-0.28764
ERN1	8	0.1738	0.43283	0.999995	375	5	-0.36505	0.63576	0.63667	0.887982	701	0	-0.36505
ADAP2	8	0.17452	0.43387	0.999995	376	5	-0.047721	0.63576	0.63667	0.887982	530	0	-0.047721
FNIP1	8	0.17742	0.43816	0.999995	377	5	-0.072013	0.63576	0.63667	0.887982	679	0	-0.072013
CYFIP1	8	0.1798	0.44163	0.999995	378	5	-0.38868	0.63576	0.63667	0.887982	474	0	-0.38868
PPP2CB	6	0.17997	0.40401	0.999995	379	4	-0.31002	0.95509	0.95498	0.999995	857	0	-0.31002
DBT	8	0.18165	0.4442	0.999995	380	5	-0.20398	0.63576	0.63667	0.887982	469	0	-0.20398
TIMP2	8	0.18174	0.44436	0.999995	381	5	-0.18549	0.92065	0.92004	0.999995	815	0	-0.18549
NXT2	8	0.1822	0.44509	0.999995	382	5	-0.026311	0.63576	0.63667	0.887982	198	0	-0.026311
GALNT5	8	0.18443	0.44828	0.999995	383	5	-0.14514	0.63576	0.63667	0.887982	753	0	-0.14514
SEPHS2	8	0.18446	0.44833	0.999995	384	5	-0.1778	0.96531	0.96486	0.999995	882	0	-0.1778
ASF1B	16	0.19108	0.53589	0.999995	385	10	-0.23903	0.86733	0.86757	0.999995	775	0	-0.23903
ATOH1	8	0.19623	0.46478	0.999995	386	3	-0.061644	0.63576	0.63667	0.887982	570	0	-0.061644
STT3B	8	0.19889	0.46813	0.999995	387	5	-0.29861	0.96041	0.95968	0.999995	872	0	-0.29861
CHSY3	8	0.20004	0.4697	0.999995	388	4	-0.079908	0.63576	0.63667	0.887982	434	0	-0.079908
VRTN	8	0.20161	0.4721	0.999995	389	5	-0.14562	0.63576	0.63667	0.887982	301	0	-0.14562
MMD	8	0.20413	0.47543	0.999995	390	5	-0.24111	0.63576	0.63667	0.887982	141	0	-0.24111
SLC35F3	8	0.20608	0.47812	0.999995	391	4	-0.17862	0.63576	0.63667	0.887982	312	0	-0.17862
CDK17	8	0.20852	0.48118	0.999995	392	5	-0.18719	0.63576	0.63667	0.887982	422	0	-0.18719
TBC1D28	7	0.20859	0.47338	0.999995	393	4	-0.39103	0.58675	0.58651	0.887982	42	0	-0.39103
LHFPL5	8	0.21151	0.48544	0.999995	394	5	-0.10281	0.63576	0.63667	0.887982	636	0	-0.10281
ADSS	7	0.21425	0.48212	0.999995	395	5	-0.35863	0.58675	0.58651	0.887982	41	0	-0.35863
LIF	8	0.21632	0.49173	0.999995	396	5	-0.084738	0.63576	0.63667	0.887982	638	0	-0.084738
RBPJL	8	0.21676	0.49241	0.999995	397	5	-0.13265	0.63576	0.63667	0.887982	103	0	-0.13265
RHOT1	8	0.22105	0.49831	0.999995	398	5	-0.099884	0.63576	0.63667	0.887982	114	0	-0.099884
IMPDH1	8	0.22166	0.49912	0.999995	399	5	-0.16243	0.63576	0.63667	0.887982	586	0	-0.16243
SLITRK1	8	0.2229	0.50065	0.999995	400	5	-0.11389	0.63576	0.63667	0.887982	307	0	-0.11389
HMGCS2	8	0.22455	0.50256	0.999995	401	5	-0.20042	0.63576	0.63667	0.887982	617	0	-0.20042
AP1G2	8	0.22496	0.50312	0.999995	402	5	-0.10272	0.63576	0.63667	0.887982	492	0	-0.10272
XPR1	8	0.22725	0.50576	0.999995	403	5	-0.22607	0.98939	0.98913	0.999995	925	0	-0.22607
DDX17	8	0.22847	0.5074	0.999995	404	3	-0.078405	0.63576	0.63667	0.887982	483	0	-0.078405
IRF4	8	0.22954	0.50883	0.999995	405	5	-0.22124	0.63576	0.63667	0.887982	603	0	-0.22124
CELA2A	8	0.22996	0.50927	0.999995	406	5	-0.11285	0.63576	0.63667	0.887982	439	0	-0.11285
SHMT2	8	0.23038	0.50979	0.999995	407	5	-0.12909	0.89667	0.89646	0.999995	791	0	-0.12909
NR2E1	8	0.23394	0.51456	0.999995	408	2	0	0.63576	0.63667	0.887982	129	0	0
GJA8	8	0.23417	0.51483	0.999995	409	5	-0.13475	0.63576	0.63667	0.887982	729	0	-0.13475
FEZ2	8	0.23696	0.51859	0.999995	410	4	-0.087804	0.63576	0.63667	0.887982	685	0	-0.087804
QSOX1	8	0.23812	0.51997	0.999995	411	5	-0.19839	0.63576	0.63667	0.887982	69	0	-0.19839
CRX	8	0.23812	0.51997	0.999995	412	4	-0.079643	0.63576	0.63667	0.887982	411	0	-0.079643
BARHL1	8	0.23997	0.52228	0.999995	413	5	-0.06771	0.63576	0.63667	0.887982	573	0	-0.06771
PRKAB2	8	0.24043	0.52294	0.999995	414	4	-0.13809	0.63576	0.63667	0.887982	63	0	-0.13809
COPS7B	8	0.24054	0.52313	0.999995	415	5	-0.10083	0.63576	0.63667	0.887982	394	0	-0.10083
H2AFX	8	0.24381	0.52722	0.999995	416	3	-0.10119	0.63576	0.63667	0.887982	614	0	-0.10119
SOX9	8	0.252	0.53737	0.999995	417	5	-0.429	0.63576	0.63667	0.887982	376	0	-0.429
CSTF2	8	0.2529	0.53832	0.999995	418	5	-0.034707	0.63576	0.63667	0.887982	408	0	-0.034707
SMC1B	8	0.25377	0.53944	0.999995	419	5	-0.021397	0.63576	0.63667	0.887982	315	0	-0.021397
SRI	8	0.25664	0.54306	0.999995	420	5	-0.19002	0.63576	0.63667	0.887982	387	0	-0.19002
GALR3	8	0.25948	0.54676	0.999995	421	4	-0.075261	0.63576	0.63667	0.887982	752	0	-0.075261
ZMIZ2	8	0.25999	0.54736	0.999995	422	4	-0.26727	0.93832	0.93753	0.999995	838	0	-0.26727
ADAM19	8	0.26285	0.55124	0.999995	423	5	-0.062149	0.63576	0.63667	0.887982	523	0	-0.062149
DDX39B	8	0.26307	0.55149	0.999995	424	4	-0.25896	0.63576	0.63667	0.887982	487	0	-0.25896
DMXL2	8	0.26666	0.5558	0.999995	425	5	-0.18208	0.95878	0.95803	0.999995	870	0	-0.18208
G6PC	8	0.26711	0.55636	0.999995	426	5	-0.044599	0.63576	0.63667	0.887982	692	0	-0.044599
MBD3L1	8	0.27524	0.56632	0.999995	427	4	-0.16399	0.63576	0.63667	0.887982	646	0	-0.16399
RNF38	8	0.27687	0.56825	0.999995	428	5	-0.16495	0.63576	0.63667	0.887982	80	0	-0.16495
SBF1	7	0.28169	0.55866	0.999995	429	3	-0.10745	0.58675	0.58651	0.887982	32	0	-0.10745
ICK	8	0.28515	0.57808	0.999995	430	5	-0.1751	0.98346	0.98326	0.999995	910	0	-0.1751
LSM14A	8	0.28562	0.57867	0.999995	431	5	-0.25493	0.63576	0.63667	0.887982	648	0	-0.25493
RHBDF2	8	0.28771	0.58108	0.999995	432	5	-0.23721	0.63576	0.63667	0.887982	113	0	-0.23721
TREM2	8	0.28864	0.58224	0.999995	433	5	-0.073629	0.63576	0.63667	0.887982	221	0	-0.073629
BICD1	8	0.2891	0.58286	0.999995	434	5	-0.12102	0.63576	0.63667	0.887982	558	0	-0.12102
CAND1	8	0.29074	0.5849	0.999995	435	5	-0.17511	0.97362	0.97291	0.999995	893	0	-0.17511
CHMP1B	8	0.29144	0.58569	0.999995	436	5	-0.17101	0.95012	0.94974	0.999995	853	0	-0.17101
PUM1	8	0.29284	0.58721	0.999995	437	5	-0.13235	0.91839	0.91771	0.999995	811	0	-0.13235
ZNRF4	8	0.29637	0.59161	0.999995	438	5	-0.090073	0.63576	0.63667	0.887982	272	0	-0.090073
CLASP2	8	0.29642	0.59168	0.999995	439	4	-0.1757	0.63576	0.63667	0.887982	417	0	-0.1757
ABL2	8	0.29731	0.59274	0.999995	440	5	-0.1754	0.63576	0.63667	0.887982	517	0	-0.1754
MT2A	6	0.29898	0.56112	0.999995	441	3	-0.19576	0.53114	0.5327	0.887982	19	0	-0.19576
CWF19L1	8	0.29991	0.59588	0.999995	442	5	-0.24619	0.94461	0.94388	0.999995	842	0	-0.24619
GOLT1B	8	0.30199	0.59823	0.999995	443	4	-0.1562	0.63576	0.63667	0.887982	734	0	-0.1562
KRT25	8	0.3022	0.59843	0.999995	444	5	-0.043976	0.63576	0.63667	0.887982	664	0	-0.043976
NCKAP1L	8	0.30371	0.59984	0.999995	445	4	-0.12015	0.91326	0.91275	0.999995	808	0	-0.12015
RPRD1A	8	0.30871	0.60591	0.999995	446	2	-0.054889	0.63576	0.63667	0.887982	75	0	-0.054889
PEF1	7	0.31048	0.58867	0.999995	447	4	-0.049242	0.58675	0.58651	0.887982	44	0	-0.049242
RRAGC	8	0.31359	0.61186	0.999995	448	4	-0.21473	0.63576	0.63667	0.887982	79	0	-0.21473
E2F4	8	0.31377	0.61206	0.999995	449	5	-0.15989	0.63576	0.63667	0.887982	459	0	-0.15989
STX7	8	0.3141	0.61246	0.999995	450	4	-0.057143	0.63576	0.63667	0.887982	357	0	-0.057143
APOBEC1	8	0.31639	0.61501	0.999995	451	4	-0.059566	0.63576	0.63667	0.887982	510	0	-0.059566
ARFIP2	8	0.31716	0.61594	0.999995	452	5	-0.087665	0.63576	0.63667	0.887982	504	0	-0.087665
SOS1	8	0.31789	0.61678	0.999995	453	5	-0.27409	0.63576	0.63667	0.887982	381	0	-0.27409
BCAP31	8	0.31837	0.61731	0.999995	454	5	-0.2011	0.91172	0.9111	0.999995	803	0	-0.2011
GXYLT1	8	0.31942	0.61847	0.999995	455	3	-0.097583	0.63576	0.63667	0.887982	759	0	-0.097583
LARP1	8	0.32056	0.61969	0.999995	456	5	-0.3757	0.63576	0.63667	0.887982	666	0	-0.3757
RNF2	7	0.32218	0.60053	0.999995	457	2	-0.18576	0.58675	0.58651	0.887982	20	0	-0.18576
GRM4	8	0.32421	0.62401	0.999995	458	5	-0.096336	0.63576	0.63667	0.887982	739	0	-0.096336
ARID1B	8	0.32434	0.62417	0.999995	459	5	-0.19565	0.63576	0.63667	0.887982	567	0	-0.19565
H1FOO	8	0.32593	0.62585	0.999995	460	5	-0.054322	0.63576	0.63667	0.887982	612	0	-0.054322
SLC17A2	8	0.32813	0.62824	0.999995	461	5	-0.071995	0.63576	0.63667	0.887982	339	0	-0.071995
ACACA	8	0.33034	0.63059	0.999995	462	5	-0.25683	0.63576	0.63667	0.887982	512	0	-0.25683
CRY2	8	0.33207	0.63277	0.999995	463	5	-0.11264	0.63576	0.63667	0.887982	406	0	-0.11264
AP2A2	8	0.33312	0.63407	0.999995	464	4	-0.19841	0.63576	0.63667	0.887982	491	0	-0.19841
KLK12	8	0.33429	0.63536	0.999995	465	5	-0.10893	0.63576	0.63667	0.887982	657	0	-0.10893
CAPN2	8	0.33751	0.63888	0.999995	466	5	-0.19353	0.63576	0.63667	0.887982	553	0	-0.19353
RXFP3	8	0.33883	0.64046	0.999995	467	5	-0.16213	0.63576	0.63667	0.887982	95	0	-0.16213
NAA16	8	0.339	0.64069	0.999995	468	5	-0.15495	0.63576	0.63667	0.887982	124	0	-0.15495
GPR183	8	0.33976	0.64159	0.999995	469	2	0	0.63576	0.63667	0.887982	740	0	0
LMBR1	8	0.34199	0.64398	0.999995	470	5	-0.20097	0.63576	0.63667	0.887982	630	0	-0.20097
PTF1A	8	0.34621	0.64863	0.999995	471	4	-0.015769	0.63576	0.63667	0.887982	71	0	-0.015769
PTPN21	8	0.34774	0.65039	0.999995	472	5	-0.098258	0.63576	0.63667	0.887982	73	0	-0.098258
SLC9A3R1	8	0.3495	0.65233	0.999995	473	5	-0.15172	0.63576	0.63667	0.887982	304	0	-0.15172
IDH2	8	0.35025	0.65304	0.999995	474	5	-0.060562	0.95391	0.95313	0.999995	856	0	-0.060562
RSC1A1	8	0.35075	0.65378	0.999995	475	5	-0.060939	0.63576	0.63667	0.887982	85	0	-0.060939
LRBA	8	0.35349	0.65646	0.999995	476	4	-0.047154	0.63576	0.63667	0.887982	641	0	-0.047154
GYS1	8	0.35378	0.65676	0.999995	477	5	-0.11806	0.63576	0.63667	0.887982	676	0	-0.11806
EEFSEC	8	0.35507	0.658	0.999995	478	4	-0.32794	0.63576	0.63667	0.887982	463	0	-0.32794
IQCA1	8	0.35554	0.65836	0.999995	479	5	-0.13087	0.63576	0.63667	0.887982	601	0	-0.13087
RSBN1	8	0.3563	0.65931	0.999995	480	5	-0.2041	0.9899	0.9898	0.999995	926	0	-0.2041
GYS2	8	0.35639	0.65944	0.999995	481	4	-0.032433	0.63576	0.63667	0.887982	613	0	-0.032433
DPCR1	8	0.35665	0.65979	0.999995	482	4	-0.054243	0.63576	0.63667	0.887982	446	0	-0.054243
CCNT1	8	0.35681	0.65999	0.999995	483	5	-0.25342	0.63576	0.63667	0.887982	424	0	-0.25342
NSDHL	8	0.35909	0.66265	0.999995	484	5	-0.10065	0.63576	0.63667	0.887982	132	0	-0.10065
FNIP2	8	0.35982	0.66353	0.999995	485	4	-0.14688	0.96704	0.9664	0.999995	886	0	-0.14688
WASL	8	0.35992	0.66358	0.999995	486	3	-0.37205	0.63576	0.63667	0.887982	296	0	-0.37205
CRY1	8	0.36264	0.66657	0.999995	487	5	-0.1803	0.63576	0.63667	0.887982	407	0	-0.1803
KCNG4	8	0.36459	0.66828	0.999995	488	2	-0.026558	0.63576	0.63667	0.887982	659	0	-0.026558
IRF6	8	0.36552	0.66889	0.999995	489	4	-0.19848	0.63576	0.63667	0.887982	605	0	-0.19848
HTR3E	8	0.36883	0.67156	0.999995	490	4	-0.057597	0.63576	0.63667	0.887982	622	0	-0.057597
YIF1B	8	0.37454	0.67572	0.999995	491	2	-0.0028745	0.63576	0.63667	0.887982	263	0	-0.0028745
SLC22A8	8	0.37575	0.67652	0.999995	492	4	-0.12178	0.63576	0.63667	0.887982	340	0	-0.12178
SNRPB2	7	0.37811	0.65467	0.999995	493	3	-0.086364	0.58675	0.58651	0.887982	35	0	-0.086364
BICD2	8	0.37885	0.67877	0.999995	494	4	-0.051233	0.63576	0.63667	0.887982	542	0	-0.051233
LATS2	8	0.3809	0.6805	0.999995	495	3	-0.27575	0.63576	0.63667	0.887982	669	0	-0.27575
CNOT6L	6	0.39115	0.65165	0.999995	496	3	-0.057651	0.53114	0.5327	0.887982	14	0	-0.057651
CCNT2	8	0.39482	0.69134	0.999995	497	4	-0.15474	0.63576	0.63667	0.887982	426	0	-0.15474
TUBB4B	16	0.39615	0.77039	0.999995	498	9	-0.17134	0.86733	0.86757	0.999995	774	0	-0.17134
SIX6	8	0.39666	0.6929	0.999995	499	4	-0.057588	0.63576	0.63667	0.887982	346	0	-0.057588
ZEB1	8	0.39827	0.69399	0.999995	500	4	-0.18633	0.63576	0.63667	0.887982	257	0	-0.18633
NBEA	6	0.3988	0.65732	0.999995	501	3	-0.14683	0.53114	0.5327	0.887982	13	0	-0.14683
GIT2	8	0.40061	0.69593	0.999995	502	3	-0.14653	0.63576	0.63667	0.887982	730	0	-0.14653
PAX4	8	0.40168	0.69665	0.999995	503	4	-0.12365	0.92403	0.92352	0.999995	819	0	-0.12365
MTX1	6	0.40172	0.65979	0.999995	504	3	-0.30929	0.53114	0.5327	0.887982	5	0	-0.30929
LNX2	8	0.40664	0.70013	0.999995	505	4	-0.04757	0.63576	0.63667	0.887982	633	0	-0.04757
TUBB2A	6	0.40935	0.66532	0.999995	506	3	-0.26192	0.53114	0.5327	0.887982	12	0	-0.26192
SPTAN1	8	0.41114	0.70341	0.999995	507	3	-0.033873	0.63576	0.63667	0.887982	390	0	-0.033873
CTPS2	8	0.41182	0.70397	0.999995	508	2	-0.023817	0.63576	0.63667	0.887982	471	0	-0.023817
ABCC3	8	0.41435	0.70556	0.999995	509	2	-0.085206	0.63576	0.63667	0.887982	520	0	-0.085206
EFR3B	8	0.41829	0.70844	0.999995	510	4	-0.14665	0.95803	0.95723	0.999995	867	0	-0.14665
LBX1	8	0.42318	0.71205	0.999995	511	4	-0.039803	0.63576	0.63667	0.887982	668	0	-0.039803
PRG3	8	0.42765	0.71565	0.999995	512	4	-0.049477	0.63576	0.63667	0.887982	180	0	-0.049477
G3BP2	8	0.42954	0.71736	0.999995	513	3	-0.0017629	0.63576	0.63667	0.887982	693	0	-0.0017629
PHLDA1	8	0.43086	0.71844	0.999995	514	1	-0.089072	0.63576	0.63667	0.887982	204	0	-0.089072
CDK5R1	8	0.43243	0.7197	0.999995	515	4	-0.23692	0.63576	0.63667	0.887982	421	0	-0.23692
KRT38	8	0.43487	0.72138	0.999995	516	3	-0.0066857	0.63576	0.63667	0.887982	671	0	-0.0066857
DMP1	8	0.43624	0.72245	0.999995	517	2	-0.016359	0.63576	0.63667	0.887982	449	0	-0.016359
GMPR2	8	0.43665	0.72281	0.999995	518	4	-0.18481	0.63576	0.63667	0.887982	725	0	-0.18481
SLC10A2	8	0.43724	0.72309	0.999995	519	3	0	0.63576	0.63667	0.887982	338	0	0
FKBP9	7	0.44372	0.71455	0.999995	520	3	-0.12561	0.58675	0.58651	0.887982	23	0	-0.12561
CHUK	16	0.44828	0.80715	0.999995	521	6	-0.059496	0.86733	0.86757	0.999995	779	0	-0.059496
NET1	8	0.45098	0.73289	0.999995	522	4	-0.10574	0.63576	0.63667	0.887982	128	0	-0.10574
SEC31A	8	0.45918	0.73876	0.999995	523	4	-0.11178	0.63576	0.63667	0.887982	330	0	-0.11178
SUV39H2	7	0.46191	0.7313	0.999995	524	3	-0.028498	0.58675	0.58651	0.887982	38	0	-0.028498
MRGPRX2	8	0.46242	0.74115	0.999995	525	3	-0.067707	0.63576	0.63667	0.887982	152	0	-0.067707
BZW1	6	0.46502	0.70712	0.999995	526	3	-0.17463	0.53114	0.5327	0.887982	7	0	-0.17463
MORF4L1	6	0.46719	0.7088	0.999995	527	3	-0.20003	0.53114	0.5327	0.887982	16	0	-0.20003
UAP1	8	0.47176	0.74732	0.999995	528	4	-0.086845	0.63576	0.63667	0.887982	228	0	-0.086845
DYNLT1	8	0.47258	0.74792	0.999995	529	4	-0.1222	0.63576	0.63667	0.887982	444	0	-0.1222
ANKRD10	8	0.47266	0.74799	0.999995	530	1	-0.049832	0.63576	0.63667	0.887982	497	0	-0.049832
DGAT2L6	8	0.47319	0.74836	0.999995	531	2	0	0.63576	0.63667	0.887982	481	0	0
SCN10A	8	0.47396	0.74893	0.999995	532	2	-0.035459	0.63576	0.63667	0.887982	331	0	-0.035459
MTMR3	8	0.47559	0.74993	0.999995	533	4	-0.096286	0.95571	0.95484	0.999995	862	0	-0.096286
HMGCLL1	8	0.47586	0.75014	0.999995	534	4	-0.059783	0.63576	0.63667	0.887982	609	0	-0.059783
CAP2	8	0.47639	0.75045	0.999995	535	3	-0.1972	0.63576	0.63667	0.887982	554	0	-0.1972
CAVIN1	8	0.4786	0.752	0.999995	536	4	-0.088003	0.63576	0.63667	0.887982	552	0	-0.088003
ASF1A	8	0.48024	0.75321	0.999995	537	4	-0.10372	0.63576	0.63667	0.887982	561	0	-0.10372
LSM14B	8	0.48059	0.75363	0.999995	538	2	-0.046586	0.63576	0.63667	0.887982	650	0	-0.046586
LIN28B	8	0.48581	0.75735	0.999995	539	2	0	0.63576	0.63667	0.887982	631	0	0
LGALS9	7	0.48932	0.75556	0.999995	540	2	-0.11252	0.58675	0.58651	0.887982	40	0	-0.11252
CD44	8	0.48981	0.7601	0.999995	541	4	-0.075047	0.63576	0.63667	0.887982	423	0	-0.075047
TAF1L	7	0.49045	0.7563	0.999995	542	3	-0.0020159	0.58675	0.58651	0.887982	29	0	-0.0020159
MEP1B	8	0.49172	0.76147	0.999995	543	3	-0.032956	0.63576	0.63667	0.887982	142	0	-0.032956
TUBB2B	6	0.49175	0.72649	0.999995	544	2	-0.20235	0.90012	0.9016	0.999995	792	0	-0.20235
NETO2	8	0.49493	0.76394	0.999995	545	4	-0.079525	0.63576	0.63667	0.887982	135	0	-0.079525
FSD1	8	0.49814	0.76626	0.999995	546	4	-0.16596	0.63576	0.63667	0.887982	699	0	-0.16596
L3MBTL2	8	0.49937	0.76715	0.999995	547	4	-0.012093	0.63576	0.63667	0.887982	670	0	-0.012093
FUT5	8	0.49945	0.76719	0.999995	548	4	-0.12049	0.63576	0.63667	0.887982	694	0	-0.12049
MTA3	8	0.50047	0.76787	0.999995	549	2	-0.015609	0.63576	0.63667	0.887982	161	0	-0.015609
ARFGEF2	8	0.50251	0.76906	0.999995	550	2	-0.042931	0.63576	0.63667	0.887982	500	0	-0.042931
TPRX1	8	0.50374	0.76969	0.999995	551	3	-0.014285	0.63576	0.63667	0.887982	219	0	-0.014285
NOX3	8	0.50401	0.76988	0.999995	552	4	-0.020941	0.63576	0.63667	0.887982	130	0	-0.020941
ARID4A	8	0.50421	0.77006	0.999995	553	2	-0.031147	0.63576	0.63667	0.887982	569	0	-0.031147
PPP2R1B	8	0.50428	0.7701	0.999995	554	4	-0.039068	0.63576	0.63667	0.887982	186	0	-0.039068
TANC2	7	0.50609	0.76842	0.999995	555	3	-0.19248	0.91302	0.91185	0.999995	806	0	-0.19248
ZIC3	8	0.5076	0.77239	0.999995	556	3	-0.021624	0.63576	0.63667	0.887982	260	0	-0.021624
POU5F2	8	0.50892	0.77322	0.999995	557	4	-0.063102	0.63576	0.63667	0.887982	182	0	-0.063102
TOB2	8	0.50997	0.77404	0.999995	558	2	-0.17519	0.63576	0.63667	0.887982	247	0	-0.17519
ERC2	8	0.51164	0.77515	0.999995	559	4	-0.040308	0.63576	0.63667	0.887982	709	0	-0.040308
TAF9	7	0.51749	0.77453	0.999995	560	2	-0.02081	0.58675	0.58651	0.887982	28	0	-0.02081
AIPL1	8	0.52105	0.782	0.999995	561	2	-0.02925	0.63576	0.63667	0.887982	528	0	-0.02925
GOLPH3L	8	0.5221	0.78269	0.999995	562	2	-0.10046	0.63576	0.63667	0.887982	728	0	-0.10046
ATP8B3	8	0.52226	0.78289	0.999995	563	4	-0.19248	0.90204	0.90171	0.999995	793	0	-0.19248
MAPK8IP3	8	0.52361	0.78382	0.999995	564	4	-0.11012	0.92075	0.92011	0.999995	816	0	-0.11012
COQ10A	8	0.53135	0.789	0.999995	565	3	-0.19097	0.63576	0.63667	0.887982	397	0	-0.19097
TBK1	8	0.53257	0.78996	0.999995	566	4	-0.091991	0.63576	0.63667	0.887982	359	0	-0.091991
GABPB2	8	0.53311	0.79038	0.999995	567	4	-0.14986	0.63576	0.63667	0.887982	751	0	-0.14986
BRSK1	8	0.53419	0.79128	0.999995	568	4	-0.13252	0.63576	0.63667	0.887982	543	0	-0.13252
ARFGEF1	8	0.53636	0.79303	0.999995	569	4	-0.10819	0.63576	0.63667	0.887982	501	0	-0.10819
CEACAM1	8	0.53702	0.79345	0.999995	570	3	-0.05289	0.63576	0.63667	0.887982	440	0	-0.05289
DST	8	0.53798	0.79412	0.999995	571	4	-0.16581	0.90774	0.907	0.999995	798	0	-0.16581
CLDN4	8	0.53907	0.7948	0.999995	572	4	-0.18473	0.90277	0.90228	0.999995	794	0	-0.18473
TBC1D26	6	0.5398	0.76234	0.999995	573	2	-0.17018	0.53114	0.5327	0.887982	6	0	-0.17018
ULK2	8	0.54361	0.79802	0.999995	574	3	-0.019741	0.63576	0.63667	0.887982	226	0	-0.019741
CLTCL1	8	0.54531	0.79926	0.999995	575	3	-0.0092395	0.63576	0.63667	0.887982	404	0	-0.0092395
LARP1B	8	0.54588	0.79965	0.999995	576	3	-0.047704	0.63576	0.63667	0.887982	665	0	-0.047704
KRT37	8	0.54875	0.80162	0.999995	577	3	-0.031833	0.63576	0.63667	0.887982	672	0	-0.031833
RBPJ	8	0.55363	0.80477	0.999995	578	4	-0.081612	0.63576	0.63667	0.887982	101	0	-0.081612
PPP2CA	16	0.55371	0.87201	0.999995	579	3	-0.067888	0.86733	0.86757	0.999995	770	0	-0.067888
FKBP5	8	0.55553	0.80608	0.999995	580	3	-0.11	0.63576	0.63667	0.887982	686	0	-0.11
FLOT2	8	0.55578	0.80632	0.999995	581	4	-0.16004	0.91037	0.90977	0.999995	801	0	-0.16004
SPATA21	8	0.56276	0.81078	0.999995	582	4	-0.16223	0.91304	0.91255	0.999995	807	0	-0.16223
SPOP	8	0.56302	0.81097	0.999995	583	4	-0.10828	0.63576	0.63667	0.887982	374	0	-0.10828
TNPO2	8	0.56383	0.81148	0.999995	584	4	-0.10192	0.91565	0.91491	0.999995	809	0	-0.10192
MYH7	8	0.56436	0.81183	0.999995	585	4	-0.17561	0.63576	0.63667	0.887982	156	0	-0.17561
EPC1	8	0.5653	0.81237	0.999995	586	3	-0.073515	0.63576	0.63667	0.887982	456	0	-0.073515
RTP1	8	0.56564	0.81264	0.999995	587	3	-0.07448	0.63576	0.63667	0.887982	91	0	-0.07448
STT3A	8	0.56623	0.8131	0.999995	588	4	-0.18799	0.63576	0.63667	0.887982	355	0	-0.18799
UTP14C	8	0.56864	0.81476	0.999995	589	4	-0.073114	0.63576	0.63667	0.887982	280	0	-0.073114
FAM50B	8	0.57181	0.81712	0.999995	590	2	-0.031549	0.63576	0.63667	0.887982	713	0	-0.031549
TFDP3	7	0.5726	0.80392	0.999995	591	2	0	0.58675	0.58651	0.887982	33	0	0
HMSD	8	0.57277	0.81775	0.999995	592	2	-0.027366	0.63576	0.63667	0.887982	625	0	-0.027366
GBX2	8	0.57371	0.81825	0.999995	593	4	-0.078349	0.63576	0.63667	0.887982	747	0	-0.078349
TOB1	8	0.57424	0.81859	0.999995	594	4	-0.1057	0.63576	0.63667	0.887982	251	0	-0.1057
GSX2	8	0.57542	0.81947	0.999995	595	4	-0.010767	0.63576	0.63667	0.887982	760	0	-0.010767
CDC34	8	0.57823	0.82146	0.999995	596	4	-0.10735	0.63576	0.63667	0.887982	418	0	-0.10735
FAM71A	8	0.57975	0.82252	0.999995	597	3	-0.076311	0.63576	0.63667	0.887982	712	0	-0.076311
FKBP10	8	0.58113	0.82343	0.999995	598	3	-0.15492	0.63576	0.63667	0.887982	687	0	-0.15492
CAND2	8	0.58142	0.82367	0.999995	599	4	-0.13927	0.63576	0.63667	0.887982	538	0	-0.13927
SERPINA9	8	0.58154	0.82374	0.999995	600	2	0	0.63576	0.63667	0.887982	343	0	0
ADSSL1	8	0.58274	0.82469	0.999995	601	4	-0.18826	0.63576	0.63667	0.887982	525	0	-0.18826
APH1B	8	0.58513	0.8263	0.999995	602	4	-0.058422	0.63576	0.63667	0.887982	508	0	-0.058422
REG3A	8	0.58653	0.82723	0.999995	603	2	-0.0068238	0.63576	0.63667	0.887982	100	0	-0.0068238
GRHL3	8	0.58745	0.82791	0.999995	604	3	-0.085635	0.63576	0.63667	0.887982	736	0	-0.085635
ZMIZ1	8	0.59094	0.83036	0.999995	605	4	-0.17725	0.94869	0.9481	0.999995	850	0	-0.17725
SEC14L3	8	0.59238	0.83147	0.999995	606	3	-0.043709	0.63576	0.63667	0.887982	326	0	-0.043709
SAP30	8	0.59355	0.83207	0.999995	607	2	-0.10639	0.63576	0.63667	0.887982	89	0	-0.10639
GRIP1	8	0.59357	0.83208	0.999995	608	4	-0.10979	0.63576	0.63667	0.887982	735	0	-0.10979
TPST2	8	0.59568	0.8336	0.999995	609	4	-0.14493	0.92896	0.92828	0.999995	826	0	-0.14493
FSD1L	8	0.59909	0.83581	0.999995	610	4	-0.07149	0.63576	0.63667	0.887982	698	0	-0.07149
NAA11	8	0.59988	0.8364	0.999995	611	4	-0.086237	0.63576	0.63667	0.887982	140	0	-0.086237
TBPL2	8	0.60093	0.83711	0.999995	612	4	-0.15882	0.95378	0.95299	0.999995	855	0	-0.15882
KIAA0319L	8	0.60171	0.83758	0.999995	613	4	-0.078574	0.63576	0.63667	0.887982	654	0	-0.078574
TBR1	8	0.60433	0.83929	0.999995	614	4	-0.025514	0.63576	0.63667	0.887982	363	0	-0.025514
GPSM1	8	0.60513	0.83987	0.999995	615	3	-0.099815	0.63576	0.63667	0.887982	744	0	-0.099815
RANBP6	6	0.60676	0.80938	0.999995	616	3	-0.039742	0.53114	0.5327	0.887982	15	0	-0.039742
TSTD1	8	0.60794	0.84173	0.999995	617	2	-0.13834	0.63576	0.63667	0.887982	215	0	-0.13834
IKBKB	8	0.60955	0.84271	0.999995	618	4	-0.13753	0.63576	0.63667	0.887982	588	0	-0.13753
SUSD1	8	0.6106	0.84349	0.999995	619	3	-0.064155	0.63576	0.63667	0.887982	353	0	-0.064155
SIN3B	8	0.61137	0.84405	0.999995	620	4	-0.16221	0.95528	0.95446	0.999995	859	0	-0.16221
GNB3	8	0.61215	0.84461	0.999995	621	4	-0.1963	0.63576	0.63667	0.887982	724	0	-0.1963
EXOC6B	8	0.61526	0.84675	0.999995	622	4	-0.11394	0.63576	0.63667	0.887982	719	0	-0.11394
TAS1R2	8	0.61798	0.84848	0.999995	623	3	-0.025145	0.63576	0.63667	0.887982	369	0	-0.025145
ITSN2	8	0.61914	0.84943	0.999995	624	4	-0.066696	0.63576	0.63667	0.887982	597	0	-0.066696
FAM71B	8	0.61966	0.84969	0.999995	625	4	-0.05013	0.63576	0.63667	0.887982	714	0	-0.05013
KPNA3	8	0.61988	0.84986	0.999995	626	2	-0.053405	0.63576	0.63667	0.887982	656	0	-0.053405
SLC35F4	8	0.62069	0.85041	0.999995	627	4	-0.023298	0.63576	0.63667	0.887982	308	0	-0.023298
TMEM120A	8	0.62117	0.85068	0.999995	628	3	-0.21537	0.63576	0.63667	0.887982	237	0	-0.21537
CADPS2	8	0.62121	0.85069	0.999995	629	4	-0.17044	0.63576	0.63667	0.887982	537	0	-0.17044
MOGAT2	8	0.62147	0.85082	0.999995	630	4	-0.02947	0.63576	0.63667	0.887982	143	0	-0.02947
DENND5B	8	0.6225	0.85143	0.999995	631	4	-0.040242	0.63576	0.63667	0.887982	477	0	-0.040242
PUM2	8	0.62327	0.85191	0.999995	632	4	-0.069331	0.91205	0.91149	0.999995	805	0	-0.069331
SEC31B	8	0.62764	0.85475	0.999995	633	4	-0.075848	0.63576	0.63667	0.887982	329	0	-0.075848
BTBD11	8	0.62867	0.85531	0.999995	634	4	-0.15067	0.9285	0.9278	0.999995	825	0	-0.15067
PSMB9	8	0.62944	0.85588	0.999995	635	4	-0.13224	0.63576	0.63667	0.887982	57	0	-0.13224
SOAT1	8	0.63016	0.85633	0.999995	636	3	-0.12202	0.63576	0.63667	0.887982	378	0	-0.12202
YBX3	8	0.63098	0.85691	0.999995	637	4	-0.089913	0.63576	0.63667	0.887982	279	0	-0.089913
UNC45B	8	0.63225	0.85789	0.999995	638	4	-0.12071	0.63576	0.63667	0.887982	290	0	-0.12071
STRADA	8	0.63422	0.85921	0.999995	639	2	-0.15696	0.63576	0.63667	0.887982	385	0	-0.15696
RNF144A	8	0.6343	0.85925	0.999995	640	4	-0.013894	0.63576	0.63667	0.887982	110	0	-0.013894
KRTAP1-1	8	0.63588	0.86024	0.999995	641	3	-0.017785	0.63576	0.63667	0.887982	675	0	-0.017785
RNF125	8	0.63634	0.86046	0.999995	642	4	-0.10383	0.63576	0.63667	0.887982	109	0	-0.10383
TTC7B	8	0.63693	0.86081	0.999995	643	3	-0.058808	0.63576	0.63667	0.887982	229	0	-0.058808
GBP3	8	0.63978	0.86182	0.999995	644	3	-0.040408	0.63576	0.63667	0.887982	745	0	-0.040408
TNKS2	8	0.64092	0.86225	0.999995	645	2	0	0.63576	0.63667	0.887982	255	0	0
DYNC1LI2	8	0.64495	0.8639	0.999995	646	3	-0.089564	0.9054	0.90468	0.999995	797	0	-0.089564
WAS	8	0.65213	0.86698	0.999995	647	3	-0.059572	0.63576	0.63667	0.887982	300	0	-0.059572
CAB39L	8	0.65331	0.86753	0.999995	648	3	-0.079227	0.63576	0.63667	0.887982	540	0	-0.079227
GALNT2	8	0.65364	0.86764	0.999995	649	3	-0.11522	0.63576	0.63667	0.887982	750	0	-0.11522
NR5A1	8	0.65645	0.86886	0.999995	650	3	-0.09562	0.63576	0.63667	0.887982	131	0	-0.09562
TMEM30B	8	0.65805	0.86948	0.999995	651	3	-0.045149	0.63576	0.63667	0.887982	252	0	-0.045149
GLT6D1	8	0.65916	0.86997	0.999995	652	3	-0.023712	0.63576	0.63667	0.887982	733	0	-0.023712
SOS2	8	0.65972	0.87016	0.999995	653	2	-0.011729	0.63576	0.63667	0.887982	380	0	-0.011729
MAT1A	8	0.65999	0.87028	0.999995	654	3	-0.063338	0.63576	0.63667	0.887982	644	0	-0.063338
HMGCL	8	0.6681	0.8733	0.999995	655	2	-0.062283	0.63576	0.63667	0.887982	610	0	-0.062283
ABTB2	8	0.66977	0.87391	0.999995	656	3	-0.11341	0.97649	0.97587	0.999995	895	0	-0.11341
IAPP	8	0.67299	0.87523	0.999995	657	3	-0.026026	0.63576	0.63667	0.887982	590	0	-0.026026
DDX39A	8	0.67421	0.87574	0.999995	658	3	-0.059758	0.63576	0.63667	0.887982	485	0	-0.059758
TANC1	8	0.67473	0.87593	0.999995	659	3	-0.048211	0.63576	0.63667	0.887982	366	0	-0.048211
TANK	8	0.67475	0.87594	0.999995	660	2	-0.087835	0.63576	0.63667	0.887982	365	0	-0.087835
PTCH1	8	0.67721	0.87695	0.999995	661	3	-0.13442	0.63576	0.63667	0.887982	59	0	-0.13442
POU4F2	8	0.67744	0.87701	0.999995	662	3	-0.047686	0.63576	0.63667	0.887982	183	0	-0.047686
DRD3	8	0.67893	0.87767	0.999995	663	3	-0.033747	0.63576	0.63667	0.887982	442	0	-0.033747
YIPF7	8	0.67904	0.87771	0.999995	664	2	-0.086584	0.63576	0.63667	0.887982	267	0	-0.086584
LRFN1	8	0.6827	0.87928	0.999995	665	3	-0.028572	0.63576	0.63667	0.887982	649	0	-0.028572
CAT	8	0.68475	0.88	0.999995	666	3	0	0.63576	0.63667	0.887982	557	0	0
NBEAL2	8	0.68841	0.88161	0.999995	667	3	-0.092856	0.63576	0.63667	0.887982	126	0	-0.092856
USP13	8	0.69046	0.88258	0.999995	668	3	-0.065846	0.63576	0.63667	0.887982	289	0	-0.065846
NHLRC1	8	0.69113	0.8828	0.999995	669	3	-0.091523	0.63576	0.63667	0.887982	137	0	-0.091523
NAPB	8	0.69144	0.88298	0.999995	670	2	-0.08341	0.63576	0.63667	0.887982	123	0	-0.08341
TRPC5	8	0.69196	0.88314	0.999995	671	2	-0.0068902	0.63576	0.63667	0.887982	213	0	-0.0068902
LIMK1	8	0.69658	0.88488	0.999995	672	3	-0.16255	0.63576	0.63667	0.887982	639	0	-0.16255
SHMT1	7	0.6982	0.8715	0.999995	673	1	-0.040696	0.58675	0.58651	0.887982	37	0	-0.040696
SEC23A	8	0.6992	0.88587	0.999995	674	3	-0.14176	0.63576	0.63667	0.887982	328	0	-0.14176
SBF2	7	0.70234	0.87367	0.999995	675	3	-0.051922	0.58675	0.58651	0.887982	25	0	-0.051922
CASP4	8	0.70277	0.88738	0.999995	676	3	-0.10428	0.63576	0.63667	0.887982	555	0	-0.10428
ACTL6B	8	0.70292	0.88745	0.999995	677	2	-0.26123	0.91942	0.91882	0.999995	813	0	-0.26123
ZNF521	8	0.70298	0.88747	0.999995	678	3	-0.05207	0.63576	0.63667	0.887982	268	0	-0.05207
CDK19	16	0.70638	0.93765	0.999995	679	7	-0.098933	0.86733	0.86757	0.999995	766	0	-0.098933
PRDM16	8	0.70758	0.88938	0.999995	680	3	-0.16085	0.63576	0.63667	0.887982	178	0	-0.16085
MYBPHL	8	0.70834	0.88966	0.999995	681	3	-0.075545	0.63576	0.63667	0.887982	153	0	-0.075545
SS18	8	0.70984	0.89026	0.999995	682	2	-0.16667	0.63576	0.63667	0.887982	383	0	-0.16667
ZNF284	8	0.71002	0.89035	0.999995	683	3	-0.0062081	0.63576	0.63667	0.887982	277	0	-0.0062081
HACD1	8	0.71034	0.89047	0.999995	684	2	-0.035841	0.63576	0.63667	0.887982	615	0	-0.035841
KRT74	8	0.71188	0.89101	0.999995	685	3	-0.0040394	0.63576	0.63667	0.887982	673	0	-0.0040394
KHSRP	8	0.71209	0.89108	0.999995	686	2	0	0.63576	0.63667	0.887982	662	0	0
PMM1	8	0.71327	0.89162	0.999995	687	3	-0.21913	0.63576	0.63667	0.887982	165	0	-0.21913
ZDHHC17	8	0.71369	0.89179	0.999995	688	3	-0.0021278	0.63576	0.63667	0.887982	258	0	-0.0021278
PLCG2	8	0.71396	0.8919	0.999995	689	3	-0.031805	0.63576	0.63667	0.887982	172	0	-0.031805
CLTB	8	0.71512	0.8924	0.999995	690	3	-0.096221	0.63576	0.63667	0.887982	402	0	-0.096221
FRS3	8	0.71525	0.89246	0.999995	691	3	-0.13322	0.95912	0.95836	0.999995	871	0	-0.13322
APOBEC3C	8	0.71617	0.89276	0.999995	692	2	-0.050228	0.63576	0.63667	0.887982	509	0	-0.050228
SYK	8	0.71696	0.89303	0.999995	693	3	-0.099399	0.63576	0.63667	0.887982	348	0	-0.099399
ARHGEF7	8	0.71864	0.8937	0.999995	694	2	-0.017413	0.63576	0.63667	0.887982	565	0	-0.017413
SNX2	8	0.72472	0.89632	0.999995	695	3	-0.1544	0.63576	0.63667	0.887982	317	0	-0.1544
FKBP4	8	0.72878	0.89792	0.999995	696	3	-0.10145	0.91105	0.91045	0.999995	802	0	-0.10145
GPR151	8	0.73229	0.89952	0.999995	697	2	0	0.63576	0.63667	0.887982	741	0	0
MYBPH	8	0.73303	0.89981	0.999995	698	3	-0.1556	0.63576	0.63667	0.887982	154	0	-0.1556
ESRP2	8	0.7379	0.90176	0.999995	699	3	-0.080839	0.63576	0.63667	0.887982	703	0	-0.080839
PCBD2	8	0.73812	0.90184	0.999995	700	3	-0.049991	0.63576	0.63667	0.887982	207	0	-0.049991
STAM2	8	0.74642	0.9053	0.999995	701	3	-0.012548	0.63576	0.63667	0.887982	386	0	-0.012548
CNOT8	7	0.7502	0.89985	0.999995	702	2	0	0.58675	0.58651	0.887982	21	0	0
RIMKLB	6	0.75043	0.88157	0.999995	703	2	-0.07666	0.53114	0.5327	0.887982	11	0	-0.07666
KLF4	8	0.75201	0.9075	0.999995	704	3	-0.11765	0.63576	0.63667	0.887982	653	0	-0.11765
TRPC7	8	0.75399	0.90822	0.999995	705	3	0	0.63576	0.63667	0.887982	212	0	0
ZNF418	8	0.75563	0.9089	0.999995	706	3	0	0.63576	0.63667	0.887982	273	0	0
GPR50	8	0.75589	0.909	0.999995	707	2	0	0.63576	0.63667	0.887982	742	0	0
EPHA3	8	0.75648	0.90936	0.999995	708	3	-0.040595	0.63576	0.63667	0.887982	706	0	-0.040595
S100A6	8	0.75964	0.9108	0.999995	709	3	-0.24467	0.63576	0.63667	0.887982	94	0	-0.24467
TBC1D1	8	0.75985	0.91095	0.999995	710	3	-0.015694	0.63576	0.63667	0.887982	368	0	-0.015694
DYNC1LI1	7	0.76094	0.90589	0.999995	711	3	-0.066957	0.58675	0.58651	0.887982	49	0	-0.066957
ITSN1	8	0.76319	0.91241	0.999995	712	3	-0.055094	0.63576	0.63667	0.887982	595	0	-0.055094
ATAD2B	8	0.76351	0.91251	0.999995	713	2	-0.028415	0.63576	0.63667	0.887982	563	0	-0.028415
PXDNL	8	0.76373	0.91257	0.999995	714	3	-0.10435	0.63576	0.63667	0.887982	66	0	-0.10435
CDNF	8	0.7639	0.91264	0.999995	715	2	-0.063312	0.63576	0.63667	0.887982	437	0	-0.063312
FBLN1	8	0.76547	0.91336	0.999995	716	3	-0.077052	0.63576	0.63667	0.887982	716	0	-0.077052
VIM	8	0.76574	0.91348	0.999995	717	1	-0.021581	0.63576	0.63667	0.887982	298	0	-0.021581
FCRL3	8	0.76815	0.91459	0.999995	718	3	-0.14419	0.63576	0.63667	0.887982	715	0	-0.14419
JAG2	8	0.76877	0.91484	0.999995	719	3	-0.031116	0.63576	0.63667	0.887982	598	0	-0.031116
ITGB1BP2	8	0.76914	0.9149	0.999995	720	3	-0.030733	0.63576	0.63667	0.887982	596	0	-0.030733
AXL	8	0.7702	0.9153	0.999995	721	3	-0.0218	0.63576	0.63667	0.887982	571	0	-0.0218
TEX45	8	0.77102	0.91567	0.999995	722	3	-0.05434	0.63576	0.63667	0.887982	243	0	-0.05434
NMT2	8	0.77117	0.91572	0.999995	723	3	-0.18625	0.63576	0.63667	0.887982	134	0	-0.18625
IL6ST	8	0.77265	0.91634	0.999995	724	3	-0.058625	0.63576	0.63667	0.887982	585	0	-0.058625
TTC23	8	0.77447	0.91711	0.999995	725	3	-0.030284	0.63576	0.63667	0.887982	230	0	-0.030284
PTCH2	8	0.77573	0.91759	0.999995	726	2	-0.062454	0.63576	0.63667	0.887982	72	0	-0.062454
STRIP2	8	0.77608	0.91779	0.999995	727	3	-0.082356	0.63576	0.63667	0.887982	370	0	-0.082356
PDX1	8	0.77675	0.9181	0.999995	728	3	-0.022832	0.63576	0.63667	0.887982	201	0	-0.022832
AMELX	8	0.77725	0.91827	0.999995	729	2	0	0.63576	0.63667	0.887982	496	0	0
STX12	8	0.77889	0.919	0.999995	730	3	-0.10079	0.63576	0.63667	0.887982	354	0	-0.10079
GBX1	8	0.78088	0.91985	0.999995	731	3	-0.12396	0.63576	0.63667	0.887982	748	0	-0.12396
FRYL	8	0.78108	0.91995	0.999995	732	3	-0.02677	0.90529	0.90459	0.999995	796	0	-0.02677
VANGL1	8	0.78128	0.92005	0.999995	733	3	-0.12892	0.63576	0.63667	0.887982	284	0	-0.12892
LIM2	8	0.78147	0.92014	0.999995	734	2	-0.070283	0.63576	0.63667	0.887982	640	0	-0.070283
IQCA1L	8	0.78148	0.92014	0.999995	735	3	-0.095338	0.94924	0.94877	0.999995	852	0	-0.095338
HRH3	8	0.78294	0.92069	0.999995	736	3	0	0.63576	0.63667	0.887982	619	0	0
JAG1	8	0.78326	0.92087	0.999995	737	3	-0.048707	0.63576	0.63667	0.887982	599	0	-0.048707
RAP1GAP	8	0.78383	0.9211	0.999995	738	2	-0.021551	0.63576	0.63667	0.887982	54	0	-0.021551
ERO1B	8	0.78444	0.92135	0.999995	739	3	-0.097219	0.63576	0.63667	0.887982	704	0	-0.097219
CCNL2	8	0.78484	0.9215	0.999995	740	3	-0.14695	0.63576	0.63667	0.887982	425	0	-0.14695
BECN2	8	0.78855	0.92305	0.999995	741	3	-0.070714	0.63576	0.63667	0.887982	574	0	-0.070714
PTPN14	8	0.78894	0.92319	0.999995	742	3	0	0.63576	0.63667	0.887982	74	0	0
RAP1GAP2	8	0.78972	0.92348	0.999995	743	3	-0.085236	0.63576	0.63667	0.887982	52	0	-0.085236
SMARCA2	8	0.79011	0.9237	0.999995	744	3	-0.11466	0.63576	0.63667	0.887982	322	0	-0.11466
SEC11C	8	0.79033	0.9238	0.999995	745	2	-0.022558	0.63576	0.63667	0.887982	327	0	-0.022558
DYNLT3	6	0.79088	0.89918	0.999995	746	1	0	0.53114	0.5327	0.887982	8	0	0
DGKI	8	0.79253	0.92481	0.999995	747	2	-0.016259	0.63576	0.63667	0.887982	480	0	-0.016259
UBQLN3	8	0.793	0.92503	0.999995	748	2	-0.029762	0.63576	0.63667	0.887982	225	0	-0.029762
MACF1	8	0.79357	0.92535	0.999995	749	3	-0.040313	0.63576	0.63667	0.887982	651	0	-0.040313
FOXK1	8	0.79529	0.92605	0.999995	750	3	-0.085017	0.63576	0.63667	0.887982	696	0	-0.085017
GPSM2	8	0.7955	0.92609	0.999995	751	3	-0.072551	0.63576	0.63667	0.887982	743	0	-0.072551
UNC119B	8	0.79834	0.92728	0.999995	752	2	-0.083348	0.63576	0.63667	0.887982	288	0	-0.083348
TOMM40L	8	0.79909	0.92773	0.999995	753	3	-0.13701	0.97809	0.97748	0.999995	898	0	-0.13701
EPHA2	8	0.79928	0.92779	0.999995	754	3	-0.12805	0.63576	0.63667	0.887982	707	0	-0.12805
YAF2	8	0.80347	0.92966	0.999995	755	3	-0.12715	0.63576	0.63667	0.887982	294	0	-0.12715
PACS2	8	0.80562	0.93082	0.999995	756	3	-0.02208	0.63576	0.63667	0.887982	190	0	-0.02208
CTSZ	8	0.80623	0.9312	0.999995	757	2	-0.066837	0.63576	0.63667	0.887982	475	0	-0.066837
DMD	8	0.80671	0.93148	0.999995	758	3	0	0.63576	0.63667	0.887982	447	0	0
DEGS2	8	0.80764	0.93186	0.999995	759	3	-0.13641	0.63576	0.63667	0.887982	482	0	-0.13641
ZDHHC13	8	0.80893	0.93238	0.999995	760	3	0	0.63576	0.63667	0.887982	262	0	0
AQP8	8	0.80953	0.93272	0.999995	761	1	0	0.63576	0.63667	0.887982	505	0	0
NKAPL	8	0.80966	0.93276	0.999995	762	3	-0.1119	0.63576	0.63667	0.887982	139	0	-0.1119
IFIH1	8	0.81002	0.93291	0.999995	763	3	-0.11018	0.63576	0.63667	0.887982	592	0	-0.11018
ULK1	8	0.81129	0.93336	0.999995	764	3	-0.038849	0.63576	0.63667	0.887982	227	0	-0.038849
RCBTB2	8	0.81178	0.93365	0.999995	765	3	-0.022797	0.63576	0.63667	0.887982	96	0	-0.022797
RNF103	8	0.81184	0.93366	0.999995	766	3	-0.083281	0.63576	0.63667	0.887982	108	0	-0.083281
MTUS1	8	0.81555	0.93526	0.999995	767	2	-0.26234	0.91891	0.91839	0.999995	812	0	-0.26234
SMAP1	8	0.81633	0.93564	0.999995	768	3	-0.074501	0.63576	0.63667	0.887982	306	0	-0.074501
PCBD1	8	0.81775	0.93629	0.999995	769	3	-0.031457	0.63576	0.63667	0.887982	199	0	-0.031457
GRIP2	8	0.81793	0.93638	0.999995	770	3	-0.056483	0.63576	0.63667	0.887982	737	0	-0.056483
DYNLRB2	8	0.8185	0.93657	0.999995	771	1	-0.037031	0.63576	0.63667	0.887982	445	0	-0.037031
CLIP4	8	0.81864	0.93665	0.999995	772	3	0	0.63576	0.63667	0.887982	400	0	0
GXYLT2	8	0.81882	0.93676	0.999995	773	3	-0.10282	0.63576	0.63667	0.887982	746	0	-0.10282
XYLT2	8	0.81934	0.93706	0.999995	774	2	-0.15732	0.63576	0.63667	0.887982	295	0	-0.15732
FAM126A	8	0.81965	0.93725	0.999995	775	2	-0.079775	0.63576	0.63667	0.887982	722	0	-0.079775
NAT8L	8	0.82005	0.93742	0.999995	776	3	-0.085999	0.63576	0.63667	0.887982	125	0	-0.085999
UNC119	8	0.82141	0.93806	0.999995	777	2	-0.14972	0.63576	0.63667	0.887982	286	0	-0.14972
SAMD4A	8	0.82215	0.93844	0.999995	778	3	-0.043136	0.63576	0.63667	0.887982	86	0	-0.043136
SEC11A	7	0.82421	0.92803	0.999995	779	1	0	0.58675	0.58651	0.887982	46	0	0
CYP26C1	8	0.82632	0.9405	0.999995	780	3	-0.112	0.63576	0.63667	0.887982	466	0	-0.112
CYP2C8	8	0.82786	0.94108	0.999995	781	3	-0.031377	0.63576	0.63667	0.887982	467	0	-0.031377
CYP2A6	8	0.8281	0.94125	0.999995	782	1	-0.047797	0.63576	0.63667	0.887982	465	0	-0.047797
SIRPA	6	0.83078	0.91754	0.999995	783	2	-0.096549	0.53114	0.5327	0.887982	3	0	-0.096549
PPP3R1	8	0.83127	0.94267	0.999995	784	2	0	0.63576	0.63667	0.887982	181	0	0
EZH1	8	0.83161	0.94291	0.999995	785	2	-0.053848	0.63576	0.63667	0.887982	718	0	-0.053848
SPDEF	8	0.83225	0.94317	0.999995	786	2	-0.16363	0.63576	0.63667	0.887982	373	0	-0.16363
CDK5R2	8	0.83244	0.94327	0.999995	787	3	-0.19188	0.63576	0.63667	0.887982	429	0	-0.19188
TPST1	8	0.83345	0.94366	0.999995	788	3	-0.11606	0.63576	0.63667	0.887982	218	0	-0.11606
AHCYL2	8	0.83395	0.94385	0.999995	789	3	-0.055333	0.63576	0.63667	0.887982	526	0	-0.055333
PSEN1	8	0.83512	0.94436	0.999995	790	3	-0.10155	0.63576	0.63667	0.887982	65	0	-0.10155
MPC1	8	0.83586	0.94476	0.999995	791	2	0	0.63576	0.63667	0.887982	145	0	0
MYD88	8	0.83592	0.94477	0.999995	792	1	-0.060604	0.63576	0.63667	0.887982	157	0	-0.060604
RAMP2	8	0.83628	0.94498	0.999995	793	3	-0.084249	0.63576	0.63667	0.887982	53	0	-0.084249
GMPR	8	0.83661	0.94509	0.999995	794	3	-0.11808	0.63576	0.63667	0.887982	732	0	-0.11808
IPO8	8	0.83688	0.94522	0.999995	795	3	-0.03615	0.63576	0.63667	0.887982	602	0	-0.03615
FLNC	8	0.83707	0.94531	0.999995	796	2	-0.18084	0.92423	0.92371	0.999995	820	0	-0.18084
PIP4P1	8	0.83826	0.94571	0.999995	797	3	-0.1604	0.63576	0.63667	0.887982	187	0	-0.1604
ATP6V1E2	8	0.83877	0.94598	0.999995	798	3	-0.018491	0.63576	0.63667	0.887982	581	0	-0.018491
SLC25A28	8	0.83908	0.9461	0.999995	799	3	-0.098996	0.63576	0.63667	0.887982	313	0	-0.098996
OSBPL6	8	0.84055	0.9467	0.999995	800	3	-0.051451	0.63576	0.63667	0.887982	193	0	-0.051451
ERO1A	8	0.84121	0.94699	0.999995	801	3	-0.079129	0.63576	0.63667	0.887982	702	0	-0.079129
DDI1	16	0.84131	0.97517	0.999995	802	5	-0.044637	0.86733	0.86757	0.999995	780	0	-0.044637
KCNT1	8	0.84169	0.94721	0.999995	803	3	-0.10765	0.63576	0.63667	0.887982	661	0	-0.10765
PGLS	8	0.84331	0.9478	0.999995	804	2	-0.23201	0.63576	0.63667	0.887982	202	0	-0.23201
MAK	8	0.84347	0.94788	0.999995	805	2	-0.10584	0.63576	0.63667	0.887982	647	0	-0.10584
SLC25A2	8	0.84379	0.94797	0.999995	806	3	-0.0079283	0.63576	0.63667	0.887982	310	0	-0.0079283
COX4I2	8	0.8446	0.94834	0.999995	807	2	-0.055541	0.63576	0.63667	0.887982	405	0	-0.055541
NSG2	8	0.84652	0.94915	0.999995	808	1	0	0.63576	0.63667	0.887982	195	0	0
NSG1	8	0.84689	0.94927	0.999995	809	1	-0.15479	0.88725	0.887	0.999995	785	0	-0.15479
STX17	8	0.84886	0.95011	0.999995	810	2	-0.025263	0.63576	0.63667	0.887982	356	0	-0.025263
DCAF8L1	8	0.85113	0.95104	0.999995	811	2	0	0.63576	0.63667	0.887982	476	0	0
SLC25A15	8	0.85231	0.95153	0.999995	812	3	-0.090277	0.63576	0.63667	0.887982	325	0	-0.090277
PAPSS2	8	0.85247	0.95161	0.999995	813	3	-0.0058804	0.63576	0.63667	0.887982	191	0	-0.0058804
CAV1	8	0.85262	0.95164	0.999995	814	3	-0.12866	0.63576	0.63667	0.887982	556	0	-0.12866
H2BFM	8	0.85347	0.95192	0.999995	815	2	0	0.63576	0.63667	0.887982	616	0	0
RGS19	8	0.8537	0.95202	0.999995	816	3	-0.095641	0.63576	0.63667	0.887982	106	0	-0.095641
SPOPL	8	0.85417	0.95221	0.999995	817	3	-0.0024835	0.63576	0.63667	0.887982	389	0	-0.0024835
SPTLC3	8	0.85493	0.95273	0.999995	818	3	-0.03973	0.63576	0.63667	0.887982	391	0	-0.03973
IKBKE	8	0.85618	0.95309	0.999995	819	2	-0.098694	0.63576	0.63667	0.887982	584	0	-0.098694
FEZ1	8	0.85855	0.95374	0.999995	820	1	0	0.63576	0.63667	0.887982	683	0	0
TXNDC8	8	0.85926	0.95384	0.999995	821	2	-1.983e-05	0.63576	0.63667	0.887982	231	0	-1.983e-05
ENOX1	8	0.86046	0.95407	0.999995	822	2	-0.040535	0.63576	0.63667	0.887982	453	0	-0.040535
IRF8	8	0.86283	0.9546	0.999995	823	2	-0.13159	0.63576	0.63667	0.887982	604	0	-0.13159
SPHKAP	8	0.86627	0.95529	0.999995	824	1	-0.0036924	0.63576	0.63667	0.887982	375	0	-0.0036924
HTR3D	8	0.86691	0.95543	0.999995	825	2	-0.010249	0.63576	0.63667	0.887982	620	0	-0.010249
GDI1	8	0.86723	0.95549	0.999995	826	1	-0.018416	0.63576	0.63667	0.887982	754	0	-0.018416
PCGF1	8	0.86963	0.95602	0.999995	827	2	-0.22016	0.63576	0.63667	0.887982	208	0	-0.22016
NR5A2	8	0.87131	0.95632	0.999995	828	2	-0.11672	0.63576	0.63667	0.887982	133	0	-0.11672
SLC11A1	8	0.87231	0.95666	0.999995	829	2	-0.093046	0.63576	0.63667	0.887982	337	0	-0.093046
PXDN	8	0.87269	0.95676	0.999995	830	1	-0.067781	0.63576	0.63667	0.887982	67	0	-0.067781
safe_control	74	0.87556	0.99718	0.999995	831	27	0	0.99991	0.99996	0.999995	1015	0	0
ARFIP1	8	0.87678	0.95753	0.999995	832	1	-0.012604	0.63576	0.63667	0.887982	502	0	-0.012604
ATP6V1C2	16	0.87824	0.98332	0.999995	833	2	-0.039814	0.86733	0.86757	0.999995	771	0	-0.039814
UAP1L1	8	0.87848	0.95806	0.999995	834	2	-0.12225	0.63576	0.63667	0.887982	224	0	-0.12225
SMAP2	8	0.88075	0.95853	0.999995	835	2	-0.095896	0.63576	0.63667	0.887982	321	0	-0.095896
RBMXL2	8	0.88089	0.95858	0.999995	836	1	0	0.63576	0.63667	0.887982	102	0	0
DUOX2	8	0.8822	0.95886	0.999995	837	2	-0.048206	0.63576	0.63667	0.887982	441	0	-0.048206
XYLT1	8	0.88389	0.95921	0.999995	838	2	-0.11631	0.63576	0.63667	0.887982	293	0	-0.11631
CDS1	8	0.88544	0.95963	0.999995	839	2	-0.048458	0.63576	0.63667	0.887982	436	0	-0.048458
FAM126B	8	0.88571	0.95966	0.999995	840	2	0	0.63576	0.63667	0.887982	721	0	0
SLCO2B1	8	0.88699	0.95997	0.999995	841	2	-0.038421	0.63576	0.63667	0.887982	305	0	-0.038421
FRY	8	0.88738	0.96007	0.999995	842	1	0	0.63576	0.63667	0.887982	697	0	0
FLNB	7	0.88786	0.95088	0.999995	843	2	0	0.58675	0.58651	0.887982	26	0	0
PPP3R2	8	0.88964	0.96062	0.999995	844	2	-0.034995	0.63576	0.63667	0.887982	177	0	-0.034995
PLD1	8	0.89212	0.96126	0.999995	845	2	-0.0052464	0.63576	0.63667	0.887982	174	0	-0.0052464
BRSK2	8	0.8937	0.96168	0.999995	846	1	0	0.63576	0.63667	0.887982	545	0	0
SERPINA11	8	0.89396	0.96174	0.999995	847	2	-0.03836	0.63576	0.63667	0.887982	344	0	-0.03836
TRIM25	8	0.89432	0.96185	0.999995	848	2	-0.056244	0.63576	0.63667	0.887982	217	0	-0.056244
KIAA0319	8	0.89444	0.96189	0.999995	849	2	-0.0064448	0.63576	0.63667	0.887982	658	0	-0.0064448
ZNF423	8	0.89667	0.9625	0.999995	850	2	0	0.63576	0.63667	0.887982	269	0	0
FAM50A	8	0.89778	0.96285	0.999995	851	2	-0.034671	0.63576	0.63667	0.887982	717	0	-0.034671
TAF9B	6	0.89805	0.95062	0.999995	852	1	-0.0024143	0.53114	0.5327	0.887982	18	0	-0.0024143
PRDM13	8	0.89933	0.96335	0.999995	853	2	-0.0084004	0.63576	0.63667	0.887982	176	0	-0.0084004
INTS6L	8	0.89977	0.96348	0.999995	854	2	-0.024952	0.63576	0.63667	0.887982	594	0	-0.024952
CADPS	8	0.90024	0.96358	0.999995	855	2	-0.097803	0.63576	0.63667	0.887982	535	0	-0.097803
NCK1	8	0.90355	0.96437	0.999995	856	2	0	0.63576	0.63667	0.887982	117	0	0
SERPINA12	16	0.90365	0.98787	0.999995	857	4	0	0.86733	0.86757	0.999995	778	0	0
MTA1	8	0.90378	0.96443	0.999995	858	2	-0.091186	0.63576	0.63667	0.887982	159	0	-0.091186
MED12L	8	0.90568	0.96498	0.999995	859	2	-0.014334	0.63576	0.63667	0.887982	151	0	-0.014334
GOLPH3	8	0.90711	0.96527	0.999995	860	2	-0.14521	0.63576	0.63667	0.887982	726	0	-0.14521
CTCFL	8	0.90993	0.96594	0.999995	861	2	-0.0029745	0.63576	0.63667	0.887982	409	0	-0.0029745
PLXDC1	16	0.91039	0.98883	0.999995	862	4	-0.058927	0.86733	0.86757	0.999995	777	0	-0.058927
FLOT1	8	0.91046	0.9661	0.999995	863	2	-0.092313	0.63576	0.63667	0.887982	682	0	-0.092313
ASCL1	8	0.91359	0.96698	0.999995	864	1	-0.17617	0.63576	0.63667	0.887982	559	0	-0.17617
COX6B2	8	0.91381	0.967	0.999995	865	2	-0.14464	0.63576	0.63667	0.887982	413	0	-0.14464
RYBP	7	0.91564	0.96256	0.999995	866	2	-0.041457	0.58675	0.58651	0.887982	39	0	-0.041457
RNF130	8	0.91567	0.96755	0.999995	867	2	0	0.63576	0.63667	0.887982	111	0	0
MBP	8	0.91688	0.96791	0.999995	868	2	-0.029343	0.63576	0.63667	0.887982	645	0	-0.029343
PSMB8	8	0.91766	0.96816	0.999995	869	1	-0.14098	0.63576	0.63667	0.887982	58	0	-0.14098
PLD2	8	0.91976	0.96882	0.999995	870	2	-0.0080914	0.63576	0.63667	0.887982	173	0	-0.0080914
PHLDA2	8	0.91993	0.96888	0.999995	871	1	-0.1617	0.63576	0.63667	0.887982	203	0	-0.1617
ZFYVE19	8	0.92186	0.96935	0.999995	872	1	-0.025243	0.63576	0.63667	0.887982	259	0	-0.025243
ATP7A	8	0.92284	0.96972	0.999995	873	2	-0.039086	0.63576	0.63667	0.887982	580	0	-0.039086
SLC22A13	8	0.92721	0.97128	0.999995	874	2	0	0.63576	0.63667	0.887982	341	0	0
UTRN	8	0.92802	0.97158	0.999995	875	2	0	0.63576	0.63667	0.887982	282	0	0
ALAS2	8	0.92865	0.97186	0.999995	876	2	-0.044399	0.63576	0.63667	0.887982	495	0	-0.044399
DMXL1	8	0.92896	0.97194	0.999995	877	1	0	0.63576	0.63667	0.887982	451	0	0
IDH3B	8	0.92914	0.97198	0.999995	878	2	-0.035032	0.63576	0.63667	0.887982	591	0	-0.035032
DZIP1L	8	0.92971	0.97213	0.999995	879	2	-0.048518	0.63576	0.63667	0.887982	452	0	-0.048518
TMEM9	8	0.93007	0.97223	0.999995	880	2	-0.11754	0.63576	0.63667	0.887982	254	0	-0.11754
PAPSS1	8	0.9312	0.97257	0.999995	881	2	-0.074992	0.63576	0.63667	0.887982	192	0	-0.074992
MECP2	8	0.93155	0.97274	0.999995	882	2	0	0.63576	0.63667	0.887982	149	0	0
LNX1	8	0.93181	0.97281	0.999995	883	2	-0.039859	0.63576	0.63667	0.887982	634	0	-0.039859
TBC1D9	8	0.93238	0.97302	0.999995	884	1	-0.0848	0.63576	0.63667	0.887982	360	0	-0.0848
BTG1	8	0.93258	0.97309	0.999995	885	2	-0.22643	0.89291	0.89264	0.999995	788	0	-0.22643
SLC25A24	8	0.93301	0.97322	0.999995	886	2	-0.064921	0.63576	0.63667	0.887982	309	0	-0.064921
EAF2	8	0.93326	0.97328	0.999995	887	2	-0.014761	0.63576	0.63667	0.887982	461	0	-0.014761
ATP6V1B1	8	0.93469	0.97372	0.999995	888	2	-0.065092	0.63576	0.63667	0.887982	577	0	-0.065092
KAT6B	8	0.9349	0.97379	0.999995	889	2	-0.022683	0.63576	0.63667	0.887982	660	0	-0.022683
ADM	8	0.93502	0.97383	0.999995	890	2	-0.10339	0.63576	0.63667	0.887982	529	0	-0.10339
GOLT1A	8	0.93593	0.97419	0.999995	891	2	-0.14196	0.63576	0.63667	0.887982	727	0	-0.14196
GSTP1	8	0.93692	0.97449	0.999995	892	1	-0.16595	0.90386	0.90333	0.999995	795	0	-0.16595
EP300	8	0.93848	0.97509	0.999995	893	1	0	0.63576	0.63667	0.887982	457	0	0
SPTA1	8	0.94132	0.97619	0.999995	894	2	-0.033369	0.63576	0.63667	0.887982	388	0	-0.033369
LDB2	8	0.94155	0.97623	0.999995	895	2	0	0.63576	0.63667	0.887982	637	0	0
PSEN2	8	0.94216	0.97649	0.999995	896	2	0	0.63576	0.63667	0.887982	64	0	0
ZNF185	8	0.94303	0.97684	0.999995	897	1	0	0.63576	0.63667	0.887982	276	0	0
SAR1B	8	0.94418	0.97733	0.999995	898	2	0	0.63576	0.63667	0.887982	333	0	0
CYFIP2	8	0.94423	0.97734	0.999995	899	2	-0.0089019	0.63576	0.63667	0.887982	470	0	-0.0089019
CD72	8	0.94476	0.97757	0.999995	900	2	-0.034048	0.63576	0.63667	0.887982	419	0	-0.034048
RNF44	8	0.94571	0.9779	0.999995	901	2	-0.080365	0.63576	0.63667	0.887982	82	0	-0.080365
IL10RA	8	0.94585	0.97795	0.999995	902	2	-0.011709	0.63576	0.63667	0.887982	583	0	-0.011709
FOSL1	6	0.94587	0.96323	0.999995	903	1	-0.11996	0.86293	0.86456	0.999995	763	0	-0.11996
SAP30L	8	0.94693	0.97833	0.999995	904	1	-0.078426	0.63576	0.63667	0.887982	211	0	-0.078426
RC3H2	8	0.94736	0.97849	0.999995	905	1	0	0.63576	0.63667	0.887982	104	0	0
ACACB	8	0.94846	0.97884	0.999995	906	2	-0.080746	0.63576	0.63667	0.887982	514	0	-0.080746
OGDHL	8	0.94931	0.97926	0.999995	907	1	-0.070523	0.63576	0.63667	0.887982	197	0	-0.070523
ZNF146	8	0.94969	0.97943	0.999995	908	2	0	0.63576	0.63667	0.887982	274	0	0
CALY	8	0.94979	0.97944	0.999995	909	1	-0.076159	0.63576	0.63667	0.887982	539	0	-0.076159
ADARB2	8	0.9511	0.97987	0.999995	910	2	-0.03525	0.63576	0.63667	0.887982	534	0	-0.03525
DUOX1	8	0.95143	0.97999	0.999995	911	2	-0.056431	0.91026	0.90964	0.999995	800	0	-0.056431
GIT1	8	0.95267	0.98049	0.999995	912	2	0	0.63576	0.63667	0.887982	755	0	0
HMG20B	8	0.95306	0.98073	0.999995	913	2	-0.004469	0.63576	0.63667	0.887982	608	0	-0.004469
SATB1	8	0.95312	0.98076	0.999995	914	2	-0.012176	0.63576	0.63667	0.887982	332	0	-0.012176
CBLL2	8	0.95447	0.98134	0.999995	915	1	0	0.63576	0.63667	0.887982	547	0	0
BATF3	8	0.95666	0.98223	0.999995	916	2	-0.14381	0.92606	0.92532	0.999995	823	0	-0.14381
MECOM	8	0.95702	0.98239	0.999995	917	2	-0.073479	0.63576	0.63667	0.887982	147	0	-0.073479
TAP1	8	0.95714	0.98243	0.999995	918	2	-0.052009	0.63576	0.63667	0.887982	367	0	-0.052009
SBNO2	8	0.95797	0.98275	0.999995	919	1	-0.0063046	0.63576	0.63667	0.887982	335	0	-0.0063046
STAM	8	0.95879	0.98306	0.999995	920	2	-0.10617	0.63576	0.63667	0.887982	384	0	-0.10617
NDEL1	8	0.95884	0.98307	0.999995	921	2	-0.0071428	0.63576	0.63667	0.887982	120	0	-0.0071428
IDH1	8	0.95942	0.98343	0.999995	922	2	-0.03263	0.63576	0.63667	0.887982	589	0	-0.03263
SMARCC2	8	0.95982	0.98362	0.999995	923	2	-0.070535	0.63576	0.63667	0.887982	319	0	-0.070535
RECK	8	0.95993	0.9837	0.999995	924	2	-0.082321	0.63576	0.63667	0.887982	98	0	-0.082321
ERN2	8	0.96182	0.98456	0.999995	925	2	-0.051204	0.63576	0.63667	0.887982	700	0	-0.051204
PPP3CA	8	0.96246	0.98485	0.999995	926	2	-0.043512	0.63576	0.63667	0.887982	185	0	-0.043512
TLN1	8	0.96295	0.98502	0.999995	927	2	-0.11982	0.63576	0.63667	0.887982	236	0	-0.11982
ANXA1	8	0.96332	0.98515	0.999995	928	2	-0.064622	0.63576	0.63667	0.887982	489	0	-0.064622
DZIP3	8	0.9638	0.98541	0.999995	929	1	-0.0046371	0.63576	0.63667	0.887982	460	0	-0.0046371
FOXB1	8	0.96451	0.98567	0.999995	930	2	-0.0038787	0.63576	0.63667	0.887982	680	0	-0.0038787
TMEM185B	8	0.96451	0.98567	0.999995	931	1	-0.075123	0.63576	0.63667	0.887982	253	0	-0.075123
ELL2	7	0.96766	0.97981	0.999995	932	1	-0.051683	0.58675	0.58651	0.887982	48	0	-0.051683
TCF3	8	0.96787	0.98626	0.999995	933	1	-0.17312	0.63576	0.63667	0.887982	242	0	-0.17312
DLL4	8	0.9694	0.9865	0.999995	934	1	-0.10608	0.63576	0.63667	0.887982	448	0	-0.10608
DNAJC15	8	0.96989	0.9866	0.999995	935	1	0	0.63576	0.63667	0.887982	450	0	0
ERC1	8	0.97019	0.98664	0.999995	936	1	-0.04894	0.63576	0.63667	0.887982	710	0	-0.04894
DEGS1	8	0.971	0.98677	0.999995	937	1	0	0.63576	0.63667	0.887982	486	0	0
KCNMB3	7	0.9713	0.98111	0.999995	938	1	-0.026855	0.58675	0.58651	0.887982	31	0	-0.026855
NETO1	8	0.97187	0.98692	0.999995	939	1	-0.0013232	0.63576	0.63667	0.887982	136	0	-0.0013232
SP110	8	0.97219	0.98697	0.999995	940	1	-0.0034715	0.63576	0.63667	0.887982	372	0	-0.0034715
PTPN6	8	0.97232	0.987	0.999995	941	1	-0.054487	0.63576	0.63667	0.887982	70	0	-0.054487
ATM	8	0.97299	0.98709	0.999995	942	1	0	0.63576	0.63667	0.887982	562	0	0
CHSY1	8	0.97582	0.98771	0.999995	943	1	0	0.63576	0.63667	0.887982	432	0	0
TMEM120B	8	0.97592	0.98777	0.999995	944	1	-0.060351	0.63576	0.63667	0.887982	239	0	-0.060351
ZAP70	8	0.97624	0.98784	0.999995	945	1	-0.0073104	0.63576	0.63667	0.887982	266	0	-0.0073104
ABCB1	8	0.97694	0.98802	0.999995	946	1	-0.00072496	0.63576	0.63667	0.887982	518	0	-0.00072496
PDGFD	8	0.97725	0.9881	0.999995	947	1	-0.016095	0.89051	0.89016	0.999995	786	0	-0.016095
GLIS3	8	0.97838	0.98834	0.999995	948	1	0	0.63576	0.63667	0.887982	731	0	0
EPC2	8	0.97851	0.98838	0.999995	949	1	0	0.63576	0.63667	0.887982	582	0	0
LATS1	8	0.98022	0.9888	0.999995	950	1	0	0.63576	0.63667	0.887982	667	0	0
XDH	8	0.98025	0.98881	0.999995	951	1	-0.0088281	0.63576	0.63667	0.887982	292	0	-0.0088281
RALGPS1	8	0.9812	0.98909	0.999995	952	1	0	0.63576	0.63667	0.887982	68	0	0
FOXE3	8	0.98134	0.98913	0.999995	953	1	-0.069844	0.63576	0.63667	0.887982	688	0	-0.069844
AP3M1	8	0.9824	0.9894	0.999995	954	1	-0.01289	0.63576	0.63667	0.887982	499	0	-0.01289
ATP7B	8	0.98285	0.98952	0.999995	955	1	-0.06733	0.63576	0.63667	0.887982	576	0	-0.06733
OSMR	8	0.98301	0.98954	0.999995	956	1	-0.043907	0.63576	0.63667	0.887982	189	0	-0.043907
TLN2	8	0.98475	0.99019	0.999995	957	1	-0.060755	0.63576	0.63667	0.887982	235	0	-0.060755
TRAPPC3L	8	0.98513	0.99029	0.999995	958	1	0	0.63576	0.63667	0.887982	222	0	0
HUS1B	8	0.98556	0.99037	0.999995	959	1	-0.12054	0.63576	0.63667	0.887982	621	0	-0.12054
CHM	8	0.98584	0.99051	0.999995	960	1	0	0.63576	0.63667	0.887982	435	0	0
DUSP10	8	0.98626	0.99062	0.999995	961	1	-0.20028	0.63576	0.63667	0.887982	443	0	-0.20028
MTUS2	8	0.98632	0.99065	0.999995	962	1	-0.11685	0.63576	0.63667	0.887982	162	0	-0.11685
SS18L1	8	0.98698	0.99093	0.999995	963	1	0	0.63576	0.63667	0.887982	382	0	0
TYROBP	8	0.98719	0.99099	0.999995	964	1	0	0.63576	0.63667	0.887982	232	0	0
RANBP17	8	0.98766	0.99117	0.999995	965	1	-0.0021019	0.63576	0.63667	0.887982	55	0	-0.0021019
PLAU	8	0.9877	0.99119	0.999995	966	1	0	0.63576	0.63667	0.887982	171	0	0
ERBB3	16	0.9888	0.99888	0.999995	967	4	-0.1764	0.98856	0.98928	0.999995	922	0	-0.1764
ADARB1	8	0.98968	0.9919	0.999995	968	1	0	0.63576	0.63667	0.887982	532	0	0
CLTA	8	0.98977	0.99194	0.999995	969	1	-0.19679	0.9296	0.92886	0.999995	828	0	-0.19679
COPG2	8	0.98992	0.99207	0.999995	970	1	0	0.63576	0.63667	0.887982	399	0	0
ARHGEF6	8	0.98997	0.99208	0.999995	971	1	0	0.63576	0.63667	0.887982	566	0	0
SLC9A3R2	8	0.99047	0.99227	0.999995	972	1	-0.085124	0.63576	0.63667	0.887982	303	0	-0.085124
SUV39H1	8	0.99107	0.99255	0.999995	973	1	0	0.63576	0.63667	0.887982	349	0	0
NCK2	8	0.99193	0.9931	0.999995	974	1	-0.033798	0.63576	0.63667	0.887982	119	0	-0.033798
ZNF260	8	0.99206	0.99315	0.999995	975	1	0	0.63576	0.63667	0.887982	278	0	0
RRAGD	8	0.99212	0.99318	0.999995	976	1	-0.040142	0.63576	0.63667	0.887982	78	0	-0.040142
FZR1	8	0.99313	0.99377	0.999995	977	1	-0.23461	0.91639	0.91569	0.999995	810	0	-0.23461
LMBR1L	8	0.99338	0.99394	0.999995	978	1	-0.0075914	0.63576	0.63667	0.887982	632	0	-0.0075914
CD163L1	8	0.9934	0.99394	0.999995	979	1	-0.013058	0.63576	0.63667	0.887982	427	0	-0.013058
PHLDA3	8	0.99346	0.99397	0.999995	980	1	-0.12519	0.89616	0.89589	0.999995	790	0	-0.12519
COPZ2	8	0.99352	0.99401	0.999995	981	1	-0.038661	0.63576	0.63667	0.887982	398	0	-0.038661
TGFBR2	8	0.9938	0.99423	0.999995	982	1	-0.035558	0.63576	0.63667	0.887982	245	0	-0.035558
CCNE1	8	0.99382	0.99424	0.999995	983	1	-0.0692	0.63576	0.63667	0.887982	551	0	-0.0692
HRH1	8	0.9944	0.99463	0.999995	984	1	-0.027111	0.63576	0.63667	0.887982	623	0	-0.027111
TMEM9B	8	0.99445	0.99469	0.999995	985	1	-0.059144	0.63576	0.63667	0.887982	256	0	-0.059144
PLXDC2	8	0.99465	0.99487	0.999995	986	1	-0.036254	0.63576	0.63667	0.887982	169	0	-0.036254
CHML	8	0.99491	0.99504	0.999995	987	1	-0.0059402	0.63576	0.63667	0.887982	431	0	-0.0059402
CRYBB2	7	0.99497	0.99462	0.999995	988	0	0	0.58675	0.58651	0.887982	43	0	0
MPC1L	8	0.99498	0.99511	0.999995	989	1	0	0.63576	0.63667	0.887982	144	0	0
RSPH1	8	0.99512	0.99524	0.999995	990	1	-0.078924	0.63576	0.63667	0.887982	92	0	-0.078924
EFNB1	8	0.99513	0.99525	0.999995	991	1	-0.0089528	0.63576	0.63667	0.887982	462	0	-0.0089528
SNTA1	8	0.99546	0.99544	0.999995	992	1	-0.068973	0.63576	0.63667	0.887982	318	0	-0.068973
SATB2	8	0.99548	0.99545	0.999995	993	1	-0.034064	0.63576	0.63667	0.887982	334	0	-0.034064
FRS2	8	0.9955	0.99547	0.999995	994	1	-0.019872	0.63576	0.63667	0.887982	695	0	-0.019872
SNRPN	7	0.99552	0.99518	0.999995	995	0	0	0.58675	0.58651	0.887982	24	0	0
ISL1	8	0.99554	0.99549	0.999995	996	1	0	0.63576	0.63667	0.887982	600	0	0
TTC7A	16	0.99572	0.99946	0.999995	997	2	0	0.86733	0.86757	0.999995	776	0	0
ARSJ	8	0.9958	0.99576	0.999995	998	1	-0.061994	0.63576	0.63667	0.887982	560	0	-0.061994
LIMK2	8	0.99602	0.99597	0.999995	999	1	-0.043201	0.63576	0.63667	0.887982	635	0	-0.043201
TCF4	8	0.99625	0.99618	0.999995	1000	0	-0.092327	0.63576	0.63667	0.887982	241	0	-0.092327
NCBP2L	8	0.99634	0.99626	0.999995	1001	0	0	0.63576	0.63667	0.887982	118	0	0
ABCG2	8	0.99671	0.99658	0.999995	1002	0	-0.03248	0.63576	0.63667	0.887982	522	0	-0.03248
TPBG	8	0.99685	0.99672	0.999995	1003	0	-0.066399	0.63576	0.63667	0.887982	249	0	-0.066399
CPS1	8	0.99691	0.9968	0.999995	1004	0	-0.057635	0.63576	0.63667	0.887982	412	0	-0.057635
TMEM185A	8	0.99699	0.99685	0.999995	1005	0	0	0.63576	0.63667	0.887982	238	0	0
GDF15	8	0.99711	0.99702	0.999995	1006	0	-0.0052492	0.63576	0.63667	0.887982	758	0	-0.0052492
RNF113B	8	0.99721	0.99717	0.999995	1007	0	-0.019978	0.63576	0.63667	0.887982	107	0	-0.019978
MYCN	8	0.99755	0.99752	0.999995	1008	0	-0.067034	0.63576	0.63667	0.887982	155	0	-0.067034
HEATR5B	8	0.99761	0.99761	0.999995	1009	0	0	0.63576	0.63667	0.887982	606	0	0
ARHGEF3	8	0.99804	0.99802	0.999995	1010	0	-0.065588	0.63576	0.63667	0.887982	503	0	-0.065588
SMARCA1	8	0.99809	0.99805	0.999995	1011	0	0	0.63576	0.63667	0.887982	320	0	0
HRAS	8	0.99812	0.99807	0.999995	1012	0	-0.17185	0.89212	0.89182	0.999995	787	0	-0.17185
DLL1	8	0.9984	0.99839	0.999995	1013	0	-0.0075284	0.63576	0.63667	0.887982	464	0	-0.0075284
HPS1	8	0.99848	0.99846	0.999995	1014	0	0	0.63576	0.63667	0.887982	627	0	0
COPS7A	8	0.9986	0.99856	0.999995	1015	0	0	0.63576	0.63667	0.887982	395	0	0
VPS26B	8	0.99877	0.99875	0.999995	1016	0	-0.015586	0.63576	0.63667	0.887982	299	0	-0.015586
PDGFC	8	0.99881	0.99881	0.999995	1017	0	-0.14638	0.63576	0.63667	0.887982	209	0	-0.14638
PDLIM5	8	0.99889	0.99887	0.999995	1018	0	-0.032841	0.63576	0.63667	0.887982	205	0	-0.032841
AKAP11	8	0.9989	0.99888	0.999995	1019	0	-0.14387	0.63576	0.63667	0.887982	527	0	-0.14387
TPBGL	8	0.99895	0.99891	0.999995	1020	0	-0.063867	0.63576	0.63667	0.887982	234	0	-0.063867
FOXA1	8	0.99897	0.99893	0.999995	1021	0	-0.032975	0.63576	0.63667	0.887982	681	0	-0.032975
ENOX2	8	0.99901	0.99895	0.999995	1022	0	0	0.63576	0.63667	0.887982	455	0	0
CDK16	8	0.99902	0.99898	0.999995	1023	0	0	0.63576	0.63667	0.887982	420	0	0
PCDH1	8	0.99905	0.99899	0.999995	1024	0	-0.016327	0.63576	0.63667	0.887982	206	0	-0.016327
TBC1D4	8	0.99906	0.999	0.999995	1025	0	0	0.63576	0.63667	0.887982	364	0	0
IDH3G	8	0.99911	0.99902	0.999995	1026	0	0	0.63576	0.63667	0.887982	593	0	0
STX4	8	0.99912	0.99902	0.999995	1027	0	-0.093065	0.63576	0.63667	0.887982	358	0	-0.093065
MAP4K4	8	0.99916	0.99906	0.999995	1028	0	0	0.63576	0.63667	0.887982	643	0	0
MARCKS	8	0.99922	0.99911	0.999995	1029	0	-0.0279	0.63576	0.63667	0.887982	642	0	-0.0279
KLF5	8	0.99925	0.99914	0.999995	1030	0	0	0.63576	0.63667	0.887982	655	0	0
TOMM20L	8	0.99944	0.9993	0.999995	1031	0	-0.13055	0.63576	0.63667	0.887982	246	0	-0.13055
RUNX1	8	0.99952	0.99943	0.999995	1032	0	-0.0095276	0.63576	0.63667	0.887982	93	0	-0.0095276
CTNNB1	8	0.99954	0.99944	0.999995	1033	0	-0.10596	0.63576	0.63667	0.887982	472	0	-0.10596
TCF12	8	0.99954	0.99945	0.999995	1034	0	-0.0065063	0.63576	0.63667	0.887982	302	0	-0.0065063
FXR2	8	0.99965	0.99955	0.999995	1035	0	-0.11364	0.63576	0.63667	0.887982	689	0	-0.11364
TIRAP	8	0.9997	0.99963	0.999995	1036	0	-0.00041289	0.63576	0.63667	0.887982	240	0	-0.00041289
DENND5A	8	0.99972	0.99966	0.999995	1037	0	-0.00088789	0.63576	0.63667	0.887982	478	0	-0.00088789
UBASH3B	8	0.99979	0.99971	0.999995	1038	0	0	0.63576	0.63667	0.887982	223	0	0
FZD8	8	0.99981	0.99973	0.999995	1039	0	-0.053515	0.63576	0.63667	0.887982	691	0	-0.053515
PDCD4	8	0.99985	0.99978	0.999995	1040	0	-0.034438	0.63576	0.63667	0.887982	210	0	-0.034438
HTR2C	8	0.99988	0.99984	0.999995	1041	0	0	0.63576	0.63667	0.887982	618	0	0
CCDC69	8	0.99989	0.99986	0.999995	1042	0	-0.04605	0.63576	0.63667	0.887982	549	0	-0.04605
ABCA3	8	0.9999	0.99988	0.999995	1043	0	-0.096287	0.63576	0.63667	0.887982	519	0	-0.096287
EGFR	8	0.99991	0.99989	0.999995	1044	0	-0.084493	0.63576	0.63667	0.887982	454	0	-0.084493
FMR1	8	0.99992	0.99991	0.999995	1045	0	0	0.63576	0.63667	0.887982	677	0	0
NUMB	8	0.99993	0.99994	0.999995	1046	0	0	0.63576	0.63667	0.887982	194	0	0
RB1	8	0.99994	0.99994	0.999995	1047	0	0	0.63576	0.63667	0.887982	56	0	0
FLT1	8	0.99994	0.99995	0.999995	1048	0	-0.038121	0.63576	0.63667	0.887982	678	0	-0.038121
JUP	8	0.99995	0.99995	0.999995	1049	0	-0.020105	0.63576	0.63667	0.887982	629	0	-0.020105
EZH2	8	0.99995	0.99995	0.999995	1050	0	0	0.63576	0.63667	0.887982	720	0	0
ANKRD37	8	0.99996	0.99996	0.999995	1051	0	-0.0049	0.63576	0.63667	0.887982	493	0	-0.0049
FXR1	8	0.99997	0.99997	0.999995	1052	0	0	0.63576	0.63667	0.887982	690	0	0
PRKDC	16	0.99997	0.99996	0.999995	1053	1	-0.25585	0.99565	0.99621	0.999995	954	0	-0.25585
ABL1	8	0.99997	0.99999	0.999995	1054	0	-0.021143	0.63576	0.63667	0.887982	521	0	-0.021143
KIT	16	0.99999	0.99999	0.999995	1055	0	-0.048602	0.86733	0.86757	0.999995	782	0	-0.048602
MBD4	16	1.0	1.0	0.999995	1056	0	-0.064723	0.86733	0.86757	0.999995	768	0	-0.064723
SIK2	8	1.0	1.0	0.999995	1057	0	0	0.63576	0.63667	0.887982	347	0	0
TP53	8	1.0	1.0	0.999995	1058	0	0	0.63576	0.63667	0.887982	250	0	0
CREBBP	8	1.0	1.0	0.999995	1059	0	0	0.63576	0.63667	0.887982	414	0	0
RC3H1	8	1.0	1.0	0.999995	1060	0	0	0.63576	0.63667	0.887982	105	0	0
