id	num	neg|score	neg|p-value	neg|fdr	neg|rank	neg|goodsgrna	neg|lfc	pos|score	pos|p-value	pos|fdr	pos|rank	pos|goodsgrna	pos|lfc
MYC	8	1.2871e-09	4.6703e-06	0.000825	1	8	-1.2388	1.0	1.0	0.999995	1060	0	-1.2388
RRM1	8	5.0395e-09	4.6703e-06	0.000825	2	8	-1.1905	1.0	1.0	0.999995	1059	0	-1.1905
PRPF8	4	1.8169e-07	4.6703e-06	0.000825	3	4	-1.2542	1.0	1.0	0.999995	1058	0	-1.2542
RPL3	7	2.6071e-07	4.6703e-06	0.000825	4	4	-1.3043	0.99902	0.99897	0.999995	1019	0	-1.3043
TUBB4B	8	7.7779e-07	4.6703e-06	0.000825	5	7	-0.96596	0.96515	0.96502	0.999995	932	0	-0.96596
RRM2	4	1.994e-06	4.6703e-06	0.000825	6	2	-0.81684	0.56651	0.56623	0.999995	539	0	-0.81684
TOP2A	4	5.9945e-06	2.3351e-05	0.003536	7	4	-1.1436	0.99999	1.0	0.999995	1057	0	-1.1436
BUB3	4	7.9933e-06	3.2692e-05	0.004332	8	4	-1.2629	0.99999	1.0	0.999995	1056	0	-1.2629
CKAP5	8	1.062e-05	4.2033e-05	0.00495	9	7	-1.041	0.99982	0.99979	0.999995	1044	0	-1.041
KIF11	4	1.407e-05	6.0714e-05	0.005363	10	4	-1.0895	0.99999	0.99999	0.999995	1055	0	-1.0895
EAF1	4	1.4283e-05	6.0714e-05	0.005363	11	4	-1.1346	0.99999	0.99999	0.999995	1054	0	-1.1346
TRRAP	4	1.4717e-05	6.0714e-05	0.005363	12	4	-1.1395	0.99999	0.99999	0.999995	1053	0	-1.1395
POLR2L	4	3.0631e-05	7.9395e-05	0.006474	13	4	-1.0745	0.99997	0.99997	0.999995	1051	0	-1.0745
RPP21	4	3.5825e-05	9.8076e-05	0.007426	14	4	-1.2408	0.99992	0.99991	0.999995	1048	0	-1.2408
COPA	4	4.1769e-05	0.00011676	0.008251	15	4	-1.1049	0.99996	0.99996	0.999995	1050	0	-1.1049
VMP1	4	5.5107e-05	0.00014478	0.009592	16	4	-0.96039	0.99994	0.99995	0.999995	1049	0	-0.96039
RPS19	4	0.00010759	0.00040631	0.023927	17	4	-1.0365	0.99989	0.99989	0.999995	1047	0	-1.0365
RPL11	3	0.00013889	0.00040631	0.023927	18	3	-1.0953	0.99986	0.99984	0.999995	1046	0	-1.0953
TOMM40	7	0.00015927	0.00092939	0.039414	19	6	-0.78539	0.99998	1.0	0.999995	1052	0	-0.78539
RPL8	4	0.00017966	0.00079862	0.039414	20	4	-1.1375	0.99944	0.99948	0.999995	1027	0	-1.1375
RPL36	4	0.00018344	0.00084532	0.039414	21	4	-0.87294	0.99982	0.99984	0.999995	1045	0	-0.87294
SIN3A	4	0.00021594	0.0009107	0.039414	22	4	-0.97919	0.99978	0.9998	0.999995	1043	0	-0.97919
INTS6	3	0.000217	0.00069587	0.038822	23	3	-1.137	0.99978	0.9998	0.999995	1042	0	-1.137
NAA10	4	0.00022239	0.00093873	0.039414	24	4	-1.0957	0.99939	0.99944	0.999995	1025	0	-1.0957
ATP6V1C1	4	0.00022259	0.00093873	0.039414	25	4	-0.90935	0.99978	0.99979	0.999995	1041	0	-0.90935
GAPDH	4	0.00022939	0.00096675	0.039414	26	4	-0.99227	0.99977	0.99979	0.999995	1040	0	-0.99227
CDK7	4	0.00024167	0.0010135	0.039427	27	4	-0.95885	0.99976	0.99977	0.999995	1039	0	-0.95885
CCNL1	4	0.0002563	0.0011255	0.04114	28	4	-1.0695	0.99974	0.99976	0.999995	1038	0	-1.0695
NAA15	4	0.00031278	0.0013123	0.04637	29	4	-0.86474	0.99969	0.99972	0.999995	1037	0	-0.86474
RPL13	3	0.00034657	0.0010415	0.039427	30	3	-0.9836	0.99965	0.99967	0.999995	1036	0	-0.9836
ATP6V1B2	4	0.00040377	0.0016766	0.052932	31	4	-1.0137	0.9996	0.99961	0.999995	1035	0	-1.0137
MDM4	4	0.00042795	0.0017327	0.052932	32	4	-0.91472	0.99957	0.99959	0.999995	1034	0	-0.91472
HSCB	4	0.00043346	0.00177	0.052932	33	4	-1.0458	0.99957	0.99958	0.999995	1033	0	-1.0458
CCND1	4	0.00044466	0.0018167	0.052932	34	4	-0.80637	0.99956	0.99958	0.999995	1032	0	-0.80637
ATP5F1B	4	0.00046186	0.0018728	0.052932	35	4	-0.87606	0.99954	0.99956	0.999995	1031	0	-0.87606
TOMM22	4	0.00047308	0.0019288	0.052932	36	3	-1.0823	0.99621	0.99632	0.999995	1005	0	-1.0823
MTG2	4	0.00047656	0.0019475	0.052932	37	4	-0.86877	0.99952	0.99956	0.999995	1030	0	-0.86877
NAE1	8	0.00048432	0.0025079	0.063296	38	6	-0.81774	0.69338	0.69367	0.999995	656	0	-0.81774
PPP4C	4	0.000526	0.0021437	0.056387	39	4	-1.0065	0.99947	0.9995	0.999995	1029	0	-1.0065
ALDOA	4	0.00053244	0.002181	0.056387	40	4	-1.1413	0.99947	0.99949	0.999995	1028	0	-1.1413
DYNLRB1	3	0.00057991	0.0016953	0.052932	41	3	-1.1179	0.99942	0.99944	0.999995	1026	0	-1.1179
SNRPB2	3	0.00066036	0.0019288	0.052932	42	3	-0.94426	0.99934	0.99939	0.999995	1024	0	-0.94426
POLR2B	4	0.00074711	0.003003	0.074027	43	3	-1.0323	0.84237	0.84294	0.999995	797	0	-1.0323
SF3B3	4	0.00078018	0.0031057	0.07482	44	4	-0.9636	0.99922	0.99932	0.999995	1023	0	-0.9636
CRK	4	0.00081968	0.0032739	0.077118	45	4	-0.90245	0.99918	0.99929	0.999995	1022	0	-0.90245
ZNF407	4	0.00089889	0.0036662	0.083737	46	2	-0.73213	0.67005	0.66956	0.999995	632	0	-0.73213
AKIRIN2	4	0.0009128	0.0037129	0.083737	47	4	-0.89141	0.99909	0.99925	0.999995	1021	0	-0.89141
PDS5A	4	0.00093727	0.0038063	0.084055	48	4	-0.83127	0.99906	0.99924	0.999995	1020	0	-0.83127
RBBP7	4	0.00097744	0.003937	0.085169	49	4	-0.75625	0.99902	0.9992	0.999995	1018	0	-0.75625
SBNO1	4	0.0013006	0.0049271	0.102407	50	3	-0.98361	0.91059	0.90922	0.999995	859	0	-0.98361
TAMM41	4	0.0013517	0.0050673	0.103294	51	3	-1.02	0.38398	0.38292	0.999995	371	0	-1.02
ABT1	4	0.0017314	0.0061041	0.117642	52	3	-0.94777	0.99027	0.9908	0.999995	984	0	-0.94777
CLNS1A	3	0.0017611	0.0049178	0.102407	53	3	-0.92408	0.99824	0.99812	0.999995	1014	0	-0.92408
CHORDC1	3	0.0019855	0.0055436	0.109003	54	3	-1.1785	0.99766	0.9976	0.999995	1011	0	-1.1785
RPL17	3	0.0019926	0.005553	0.109003	55	3	-0.81651	0.99801	0.9979	0.999995	1012	0	-0.81651
MED20	4	0.0020875	0.00687	0.130039	56	3	-0.96078	0.99886	0.99901	0.999995	1017	0	-0.96078
SF3B1	4	0.0021394	0.0070475	0.131058	57	3	-0.99826	0.99429	0.99458	0.999995	995	0	-0.99826
EIF4A3	4	0.0023557	0.0076079	0.13853	58	3	-0.99421	0.68505	0.68441	0.999995	646	0	-0.99421
SNRPB	4	0.0024119	0.0077106	0.13853	59	3	-0.99802	0.03685	0.037283	0.999995	24	1	-0.99802
SEPHS2	4	0.0028718	0.0088128	0.153628	60	3	-1.0148	0.8594	0.8597	0.999995	819	0	-1.0148
ATP5F1D	4	0.0028857	0.0088408	0.153628	61	2	-0.88796	0.8781	0.87851	0.999995	839	0	-0.88796
SF3A1	4	0.0030651	0.0092798	0.153697	62	3	-1.0469	0.96466	0.96448	0.999995	930	0	-1.0469
COPZ1	4	0.0032256	0.0097469	0.158949	63	1	-0.37945	0.84283	0.84338	0.999995	798	0	-0.37945
RPS11	3	0.0033478	0.0091678	0.153697	64	3	-0.85007	0.99665	0.9966	0.999995	1009	0	-0.85007
DHX9	3	0.0033633	0.0091771	0.153697	65	3	-0.74512	0.99664	0.99658	0.999995	1007	0	-0.74512
XAB2	4	0.0034801	0.010382	0.161838	66	3	-0.94506	0.97909	0.97938	0.999995	959	0	-0.94506
RPL5	4	0.0035768	0.010634	0.163366	67	3	-0.93944	0.85813	0.85849	0.999995	818	0	-0.93944
LONP1	4	0.0037	0.010905	0.165134	68	3	-0.96662	0.99537	0.99558	0.999995	1001	0	-0.96662
NKAP	4	0.0041394	0.011942	0.17381	69	3	-0.90343	0.95383	0.95368	0.999995	919	0	-0.90343
NSG2	4	0.0041458	0.01197	0.17381	70	1	-0.12031	0.73047	0.72971	0.999995	690	0	-0.12031
RPS3	3	0.0041602	0.011466	0.171176	71	2	-1.117	0.86524	0.86527	0.999995	829	0	-1.117
ILF3	4	0.0042203	0.012166	0.174271	72	3	-1.0011	0.92658	0.92585	0.999995	884	0	-1.0011
RPL10A	4	0.0043936	0.012605	0.175808	73	2	-0.75384	0.73697	0.73635	0.999995	697	0	-0.75384
RPS8	3	0.0046296	0.012568	0.175808	74	3	-0.77771	0.99537	0.99517	0.999995	1000	0	-0.77771
RPS5	4	0.0046688	0.01338	0.184197	75	3	-0.90271	0.58159	0.58115	0.999995	555	0	-0.90271
SF3B2	4	0.0050653	0.014417	0.191114	76	1	-0.34484	0.33307	0.33255	0.999995	319	0	-0.34484
HNRNPH1	4	0.0050856	0.014464	0.191114	77	3	-0.82658	0.04668	0.04709	0.999995	35	1	-0.82658
EIF3B	4	0.0051163	0.014567	0.191114	78	3	-0.87772	0.98549	0.98586	0.999995	976	0	-0.87772
EIF3J	4	0.0051435	0.014604	0.191114	79	2	-0.86334	0.81514	0.81598	0.999995	766	0	-0.86334
RPL18A	2	0.0051966	0.010317	0.161838	80	2	-1.0278	0.9948	0.99461	0.999995	998	0	-1.0278
RPS23	2	0.0052299	0.010373	0.161838	81	2	-1.0376	0.99477	0.99458	0.999995	996	0	-1.0376
MRPL38	4	0.0054294	0.015258	0.197235	82	3	-0.85356	0.96951	0.96971	0.999995	939	0	-0.85356
PDS5B	4	0.0057215	0.016042	0.20244	83	3	-0.83075	0.99562	0.99575	0.999995	1003	0	-0.83075
TUBB	3	0.0057406	0.015744	0.201062	84	2	-1.086	0.9156	0.91537	0.999995	870	0	-1.086
POLR2A	4	0.0060577	0.016948	0.211357	85	3	-0.84302	0.98518	0.98552	0.999995	975	0	-0.84302
SF3B5	4	0.0066352	0.018322	0.225823	86	2	-0.8341	0.97064	0.97082	0.999995	941	0	-0.8341
SNRPD3	4	0.0067309	0.018602	0.226642	87	3	-0.91116	0.60737	0.60672	0.999995	579	0	-0.91116
TIMM10	4	0.0072565	0.019928	0.240043	88	3	-0.89834	0.91474	0.91367	0.999995	868	0	-0.89834
RFC2	4	0.0078077	0.021189	0.252364	89	3	-0.88068	0.99624	0.99632	0.999995	1006	0	-0.88068
SMC1A	4	0.0088134	0.023655	0.275541	90	3	-0.73635	0.83981	0.84037	0.999995	795	0	-0.73635
CPSF3	4	0.0089887	0.024197	0.276323	91	3	-0.84019	0.83628	0.83665	0.999995	794	0	-0.84019
RBM22	4	0.0090041	0.024243	0.276323	92	3	-0.87249	0.99477	0.99502	0.999995	997	0	-0.87249
WDR12	4	0.0091662	0.024673	0.278228	93	3	-0.881	0.99875	0.99891	0.999995	1015	0	-0.881
SFPQ	4	0.0096534	0.025822	0.288119	94	3	-0.70016	0.98334	0.98367	0.999995	965	0	-0.70016
TUFM	3	0.0097829	0.022366	0.263421	95	2	-1.0311	0.84977	0.85	0.999995	808	0	-1.0311
ISCA2	4	0.011015	0.029231	0.319435	96	3	-0.74711	0.98914	0.98954	0.999995	983	0	-0.74711
SOD1	4	0.011255	0.029885	0.322525	97	2	-0.61992	0.81592	0.81684	0.999995	769	0	-0.61992
XRCC6	4	0.011484	0.030427	0.322525	98	2	-0.53541	0.94776	0.9472	0.999995	915	0	-0.53541
MED18	8	0.012192	0.04072	0.38071	99	3	-0.54996	0.94356	0.94349	0.999995	908	0	-0.54996
CTR9	4	0.012291	0.032398	0.340016	100	2	-0.81033	0.98844	0.98895	0.999995	979	0	-0.81033
PTPN11	4	0.012766	0.033407	0.346392	101	2	-0.83476	0.82508	0.82579	0.999995	777	0	-0.83476
EPC2	4	0.012917	0.033846	0.346392	102	3	-0.77515	0.99725	0.99725	0.999995	1010	0	-0.77515
RIC8A	4	0.012972	0.033986	0.346392	103	3	-0.68322	0.99811	0.9982	0.999995	1013	0	-0.68322
CDS2	4	0.013423	0.035106	0.354408	104	3	-0.82889	0.43433	0.43268	0.999995	415	0	-0.82889
E2F3	3	0.013434	0.028372	0.313274	105	1	-0.36445	0.94122	0.94061	0.999995	902	0	-0.36445
RAN	4	0.013941	0.036283	0.359443	106	3	-0.77939	0.69312	0.69263	0.999995	655	0	-0.77939
CDIPT	4	0.014364	0.037217	0.36502	107	2	-0.76738	0.98458	0.98485	0.999995	972	0	-0.76738
AFG3L2	3	0.014656	0.030399	0.322525	108	2	-0.96789	0.97392	0.97354	0.999995	949	0	-0.96789
NCK1	4	0.014832	0.038105	0.367192	109	3	-0.75901	0.3756	0.37438	0.999995	360	0	-0.75901
USP5	4	0.015138	0.03888	0.371287	110	1	-0.42805	0.5758	0.57544	0.999995	549	0	-0.42805
HUS1	4	0.015384	0.039478	0.37363	111	3	-0.76048	0.99883	0.99899	0.999995	1016	0	-0.76048
RPL19	4	0.01605	0.040944	0.38071	112	2	-0.33761	0.099835	0.099855	0.999995	84	0	-0.33761
XRCC4	4	0.017316	0.043803	0.403745	113	3	-0.68127	0.41173	0.40989	0.999995	398	0	-0.68127
PSMB3	3	0.017841	0.035574	0.355735	114	2	-0.93963	0.98342	0.98345	0.999995	966	0	-0.93963
HMGCS1	3	0.018911	0.037535	0.36502	115	1	-0.59098	0.97076	0.97025	0.999995	942	0	-0.59098
PPP2CA	8	0.019183	0.059158	0.513999	116	4	-0.62926	0.84834	0.84742	0.999995	805	0	-0.62926
ANAPC4	4	0.019323	0.048548	0.443624	117	3	-0.68344	0.9614	0.96119	0.999995	925	0	-0.68344
SUV39H1	4	0.019538	0.049015	0.444064	118	3	-0.74608	0.99069	0.99118	0.999995	987	0	-0.74608
ARID1A	4	0.019828	0.04978	0.447181	119	3	-0.64541	0.94519	0.94453	0.999995	911	0	-0.64541
ARHGEF7	4	0.021312	0.0522	0.464972	120	2	-0.74861	0.049348	0.049743	0.999995	38	1	-0.74861
SF1	4	0.023479	0.055553	0.488462	121	2	-0.78418	0.81952	0.82022	0.999995	770	0	-0.78418
ACACA	4	0.023637	0.055758	0.488462	122	2	-0.69255	0.9851	0.98542	0.999995	974	0	-0.69255
VCP	4	0.028092	0.0624	0.533975	123	2	-0.70991	0.28051	0.27923	0.999995	263	0	-0.70991
INTS2	4	0.029653	0.064651	0.542444	124	2	-0.66553	0.97858	0.97879	0.999995	958	0	-0.66553
FZR1	4	0.029653	0.064651	0.542444	125	2	-0.70633	0.99202	0.99244	0.999995	993	0	-0.70633
ATP6V1D	4	0.030537	0.065893	0.542444	126	2	-0.78635	0.95262	0.95251	0.999995	918	0	-0.78635
HASPIN	4	0.031072	0.066612	0.542778	127	2	-0.78814	0.89228	0.89187	0.999995	847	0	-0.78814
ALG14	4	0.031456	0.067079	0.542778	128	2	-0.62814	0.97725	0.97747	0.999995	957	0	-0.62814
NCBP2	4	0.032356	0.068546	0.550443	129	1	-0.34089	0.81566	0.81655	0.999995	768	0	-0.34089
BUB1B	4	0.033071	0.069545	0.552424	130	2	-0.67838	0.94456	0.94378	0.999995	910	0	-0.67838
CDK2	4	0.033255	0.069835	0.552424	131	2	-0.78272	0.5787	0.5781	0.999995	552	0	-0.78272
ATP5F1A	4	0.033625	0.070404	0.552805	132	2	-0.73572	0.9955	0.99568	0.999995	1002	0	-0.73572
RPL14	3	0.034543	0.062465	0.533975	133	1	-0.32841	0.84839	0.84881	0.999995	806	0	-0.32841
SNAPC4	4	0.035883	0.07359	0.563822	134	2	-0.44191	0.28984	0.28863	0.999995	273	0	-0.44191
CLASP1	4	0.035952	0.073674	0.563822	135	1	-0.60978	0.55305	0.55194	0.999995	527	0	-0.60978
DDX5	4	0.036074	0.073814	0.563822	136	2	-0.75379	0.99618	0.99629	0.999995	1004	0	-0.75379
CCT6A	3	0.036771	0.066014	0.542444	137	2	-0.79436	0.97186	0.9715	0.999995	944	0	-0.79436
RPL37A	2	0.039962	0.065211	0.542444	138	1	-0.71465	0.74653	0.74501	0.999995	708	0	-0.71465
AP1G1	4	0.040188	0.079885	0.604844	139	2	-0.72039	0.99664	0.99664	0.999995	1008	0	-0.72039
RBBP4	3	0.041411	0.073935	0.563822	140	2	-0.76525	0.34252	0.3406	0.999995	330	0	-0.76525
TRAPPC3	4	0.042221	0.082902	0.623236	141	2	-0.62097	0.96772	0.96785	0.999995	937	0	-0.62097
TAF1	4	0.043037	0.084023	0.623589	142	2	-0.44865	0.37689	0.37585	0.999995	363	0	-0.44865
TLN1	4	0.043114	0.084126	0.623589	143	1	-0.5129	0.94674	0.94619	0.999995	912	0	-0.5129
TMEM30A	4	0.043658	0.084966	0.625447	144	2	-0.56924	0.30048	0.29922	0.999995	285	0	-0.56924
ACTL6A	4	0.044702	0.086377	0.627662	145	2	-0.52565	0.83002	0.8305	0.999995	786	0	-0.52565
MED26	4	0.045757	0.087946	0.632693	146	2	-0.68635	0.99506	0.99522	0.999995	999	0	-0.68635
SOS1	4	0.048982	0.092728	0.659678	147	2	-0.54529	0.79512	0.79542	0.999995	746	0	-0.54529
TNPO1	3	0.048993	0.086452	0.627662	148	2	-0.72779	0.97559	0.97511	0.999995	953	0	-0.72779
KIF4A	4	0.050236	0.094503	0.667822	149	1	-0.46668	0.98818	0.98863	0.999995	978	0	-0.46668
MED8	4	0.052749	0.098099	0.679641	150	2	-0.60975	0.24229	0.24174	0.999995	227	0	-0.60975
UTP14A	4	0.053653	0.099444	0.684486	151	2	-0.66762	0.21264	0.21195	0.999995	197	0	-0.66762
BRD8	4	0.054791	0.10123	0.692271	152	2	-0.67098	0.66924	0.66879	0.999995	631	0	-0.67098
SEPHS1	3	0.054922	0.096465	0.677169	153	2	-0.70738	0.99339	0.99337	0.999995	994	0	-0.70738
DNAJC19	3	0.055348	0.097296	0.678511	154	1	-0.004287	0.10765	0.10879	0.999995	90	0	-0.004287
FANCF	4	0.055939	0.10271	0.697925	155	2	-0.72332	0.97455	0.97477	0.999995	951	0	-0.72332
GFM1	4	0.057097	0.10429	0.704137	156	2	-0.72654	0.6788	0.67811	0.999995	643	0	-0.72654
PMPCB	4	0.0582	0.10601	0.711211	157	2	-0.54686	0.98295	0.9832	0.999995	964	0	-0.54686
RNF113A	4	0.059678	0.10838	0.722554	158	2	-0.34096	0.47016	0.46857	0.999995	446	0	-0.34096
GLIS3	4	0.062548	0.1126	0.743466	159	2	-0.3996	0.30401	0.30272	0.999995	289	0	-0.3996
FANCM	4	0.06279	0.11292	0.743466	160	2	-0.69283	0.95582	0.95559	0.999995	921	0	-0.69283
GABPB1	4	0.06376	0.11435	0.748228	161	2	-0.49324	0.83341	0.83388	0.999995	789	0	-0.49324
FDPS	4	0.066212	0.118	0.762698	162	2	-0.41696	0.63412	0.63334	0.999995	604	0	-0.41696
SS18	4	0.066955	0.11913	0.762698	163	2	-0.53443	0.93202	0.93119	0.999995	891	0	-0.53443
RPL31	2	0.067339	0.088338	0.632693	164	1	-0.71256	0.83263	0.83158	0.999995	788	0	-0.71256
ATP6V1E1	3	0.067662	0.11736	0.762698	165	2	-0.66765	0.19448	0.19409	0.999995	177	0	-0.66765
RNF40	4	0.067867	0.1204	0.762698	166	1	-0.49114	0.71783	0.71692	0.999995	679	0	-0.49114
PAF1	4	0.068451	0.1212	0.762698	167	2	-0.63718	0.96132	0.96105	0.999995	924	0	-0.63718
TGM6	4	0.068702	0.12151	0.762698	168	2	-0.7024	0.76555	0.76581	0.999995	724	0	-0.7024
PSMC3	4	0.068742	0.1216	0.762698	169	2	-0.69968	0.91194	0.91079	0.999995	863	0	-0.69968
YIF1A	4	0.070466	0.1242	0.774403	170	2	-0.66911	0.92672	0.92595	0.999995	885	0	-0.66911
KIF20A	8	0.071493	0.16487	0.944688	171	2	-0.47377	0.14731	0.14717	0.999995	130	0	-0.47377
FRS2	4	0.071738	0.12603	0.781223	172	2	-0.68867	0.79764	0.79808	0.999995	747	0	-0.68867
PSMA2	4	0.073018	0.12772	0.781245	173	2	-0.56636	0.85749	0.85779	0.999995	817	0	-0.56636
MED31	4	0.073979	0.12898	0.781245	174	1	-0.54546	0.94766	0.94708	0.999995	914	0	-0.54546
IPO7	3	0.075038	0.12877	0.781245	175	2	-0.64791	0.55302	0.55156	0.999995	526	0	-0.64791
MRPL41	4	0.080353	0.1381	0.831711	176	2	-0.68039	0.96204	0.96186	0.999995	927	0	-0.68039
PFN1	4	0.082769	0.14162	0.848101	177	2	-0.59785	0.51238	0.51095	0.999995	486	0	-0.59785
TOP1	4	0.085486	0.1456	0.859433	178	2	-0.60158	0.93921	0.93854	0.999995	899	0	-0.60158
CCNT2	4	0.085759	0.14594	0.859433	179	2	-0.61865	0.8705	0.87073	0.999995	834	0	-0.61865
BECN1	4	0.087684	0.14894	0.872244	180	2	-0.66205	0.94144	0.94067	0.999995	903	0	-0.66205
NCKAP1	4	0.09102	0.15372	0.895305	181	2	-0.6196	0.97298	0.97324	0.999995	947	0	-0.6196
GABPB2	4	0.095564	0.15992	0.926338	182	1	-0.50737	0.99058	0.99111	0.999995	986	0	-0.50737
SAMD9	4	0.096973	0.16197	0.933088	183	2	-0.47672	0.81462	0.81547	0.999995	765	0	-0.47672
RPA1	4	0.10015	0.16692	0.950627	184	2	-0.62601	0.9908	0.99127	0.999995	988	0	-0.62601
COPG1	4	0.10069	0.16771	0.950627	185	2	-0.58037	0.52729	0.52646	0.999995	497	0	-0.58037
SKA1	4	0.10189	0.16971	0.956894	186	2	-0.65228	0.9258	0.92512	0.999995	882	0	-0.65228
RBPJ	4	0.10277	0.17082	0.958012	187	2	-0.50856	0.44805	0.44688	0.999995	428	0	-0.50856
NDE1	4	0.1072	0.17728	0.978728	188	2	-0.53273	0.28267	0.28133	0.999995	265	0	-0.53273
SIK2	4	0.1078	0.1782	0.978736	189	2	-0.40402	0.33239	0.3318	0.999995	318	0	-0.40402
POU4F2	4	0.10989	0.18122	0.981991	190	2	-0.50564	0.3506	0.34989	0.999995	338	0	-0.50564
PRPF38A	4	0.11002	0.18133	0.981991	191	1	-0.31617	0.6151	0.61458	0.999995	585	0	-0.31617
BICD2	4	0.11019	0.18158	0.981991	192	2	-0.59986	0.97116	0.97132	0.999995	943	0	-0.59986
SNX2	4	0.11231	0.18453	0.986213	193	2	-0.40047	0.64908	0.64825	0.999995	615	0	-0.40047
NXT1	4	0.11256	0.18483	0.986213	194	1	-0.52588	0.99155	0.99194	0.999995	991	0	-0.52588
RNF38	4	0.11322	0.18569	0.986213	195	2	-0.61455	0.74301	0.74249	0.999995	703	0	-0.61455
PFAS	4	0.11352	0.18608	0.986213	196	2	-0.4203	0.54696	0.54591	0.999995	517	0	-0.4203
RPL27A	2	0.11397	0.12872	0.781245	197	1	-0.2134	0.031808	0.031286	0.999995	19	0	-0.2134
CRKL	4	0.11688	0.19058	0.999995	198	2	-0.55142	0.96421	0.96403	0.999995	929	0	-0.55142
POLD1	4	0.11811	0.19246	0.999995	199	2	-0.42452	0.28195	0.28071	0.999995	264	0	-0.42452
RNF20	4	0.12152	0.19718	0.999995	200	2	-0.55531	0.91888	0.918	0.999995	875	0	-0.55531
MAT2A	4	0.12214	0.19824	0.999995	201	2	-0.64191	0.52676	0.52589	0.999995	496	0	-0.64191
PTCH1	4	0.12245	0.19873	0.999995	202	2	-0.61603	0.97286	0.97319	0.999995	946	0	-0.61603
TBP	4	0.12431	0.20127	0.999995	203	1	-0.17889	0.59393	0.59348	0.999995	565	0	-0.17889
FEZ1	4	0.12465	0.20169	0.999995	204	2	-0.63648	0.7256	0.72511	0.999995	687	0	-0.63648
RBMX	3	0.12676	0.17557	0.974366	205	1	-0.50196	0.83378	0.83431	0.999995	790	0	-0.50196
RNF103	4	0.12685	0.20496	0.999995	206	2	-0.62762	0.78772	0.78804	0.999995	741	0	-0.62762
SCN10A	4	0.12717	0.20543	0.999995	207	2	-0.46549	0.86067	0.86078	0.999995	823	0	-0.46549
BCAP31	4	0.13003	0.20958	0.999995	208	2	-0.61725	0.92915	0.92829	0.999995	888	0	-0.61725
GMPR2	4	0.13035	0.21006	0.999995	209	2	-0.39159	0.60783	0.60728	0.999995	580	0	-0.39159
HNRNPK	4	0.1313	0.21133	0.999995	210	2	-0.52581	0.83533	0.83561	0.999995	791	0	-0.52581
CSTF2	4	0.13291	0.21351	0.999995	211	2	-0.57966	0.96821	0.96837	0.999995	938	0	-0.57966
SLC25A28	4	0.13323	0.21396	0.999995	212	2	-0.27827	0.44152	0.44002	0.999995	420	0	-0.27827
RPL21	2	0.13383	0.14581	0.859433	213	1	-0.6025	0.78298	0.78063	0.999995	737	0	-0.6025
PRDM16	4	0.13387	0.21486	0.999995	214	2	-0.52185	0.98042	0.98069	0.999995	961	0	-0.52185
CAP1	4	0.13516	0.21658	0.999995	215	2	-0.51386	0.83604	0.83633	0.999995	793	0	-0.51386
PPP3R2	4	0.13646	0.21845	0.999995	216	2	-0.50678	0.34188	0.3414	0.999995	329	0	-0.50678
NAPA	4	0.13678	0.21884	0.999995	217	2	-0.63336	0.93681	0.93609	0.999995	897	0	-0.63336
MRPL27	4	0.13873	0.22118	0.999995	218	2	-0.43122	0.80505	0.80502	0.999995	755	0	-0.43122
FOXB1	4	0.14036	0.2239	0.999995	219	2	-0.39931	0.41049	0.40865	0.999995	396	0	-0.39931
GDI2	8	0.14052	0.27564	0.999995	220	3	-0.50962	0.40277	0.40297	0.999995	390	0	-0.50962
DDX17	4	0.1409	0.22465	0.999995	221	1	-0.083776	0.4849	0.48294	0.999995	458	0	-0.083776
SPTLC2	4	0.14102	0.22487	0.999995	222	2	-0.38822	0.85684	0.85715	0.999995	816	0	-0.38822
YIPF5	4	0.14135	0.22542	0.999995	223	2	-0.38512	0.031456	0.031819	0.999995	18	1	-0.38512
DDI2	4	0.14167	0.22584	0.999995	224	2	-0.6096	0.85051	0.85114	0.999995	810	0	-0.6096
FUT5	4	0.14233	0.22677	0.999995	225	2	-0.42546	0.80828	0.80862	0.999995	759	0	-0.42546
PPP2R1A	4	0.14266	0.22728	0.999995	226	2	-0.62812	0.42281	0.42111	0.999995	406	0	-0.62812
RSBN1L	4	0.14332	0.22823	0.999995	227	2	-0.51259	0.84895	0.84956	0.999995	807	0	-0.51259
PRKAB1	4	0.14398	0.22902	0.999995	228	2	-0.45044	0.91517	0.91416	0.999995	869	0	-0.45044
LSM4	4	0.14747	0.23384	0.999995	229	1	-0.40702	0.61238	0.61189	0.999995	581	0	-0.40702
ITSN1	4	0.1613	0.24436	0.999995	230	1	-0.18982	0.35924	0.35828	0.999995	345	0	-0.18982
ZNF804B	4	0.16291	0.24535	0.999995	231	1	-0.41226	0.5403	0.53915	0.999995	507	0	-0.41226
RPS28	2	0.16574	0.17424	0.972095	232	1	-0.70314	0.93355	0.93322	0.999995	894	0	-0.70314
PRKDC	8	0.17058	0.31461	0.999995	233	2	-0.32208	0.99119	0.99122	0.999995	990	0	-0.32208
ZWILCH	4	0.17256	0.25183	0.999995	234	1	-0.35674	0.80586	0.80601	0.999995	756	0	-0.35674
SNRPD2	3	0.18907	0.22149	0.999995	235	1	-0.57601	0.97996	0.97965	0.999995	960	0	-0.57601
SOAT1	4	0.18925	0.26317	0.999995	236	1	-0.3803	0.24079	0.24019	0.999995	224	0	-0.3803
UTP14C	4	0.19866	0.26902	0.999995	237	1	-0.36776	0.092994	0.092756	0.999995	78	0	-0.36776
NUTF2	4	0.20955	0.27597	0.999995	238	1	-0.11783	0.4804	0.47829	0.999995	455	0	-0.11783
SAMD4B	4	0.21032	0.2765	0.999995	239	1	-0.48651	0.97604	0.97636	0.999995	954	0	-0.48651
COQ10A	4	0.22032	0.28323	0.999995	240	1	-0.039973	0.65948	0.65889	0.999995	623	0	-0.039973
LDB2	4	0.23023	0.28991	0.999995	241	1	-0.13332	0.62359	0.62322	0.999995	597	0	-0.13332
PLXDC2	4	0.23552	0.2935	0.999995	242	1	-0.24751	0.82105	0.82199	0.999995	774	0	-0.24751
STX17	4	0.23628	0.29391	0.999995	243	1	0.038323	0.20955	0.20895	0.999995	194	0	0.038323
GRIP2	4	0.23854	0.2954	0.999995	244	1	-0.080017	0.16533	0.16484	0.999995	147	0	-0.080017
TIMM23	4	0.24528	0.3	0.999995	245	1	-0.39773	0.50915	0.5075	0.999995	484	0	-0.39773
GRIP1	4	0.24827	0.30198	0.999995	246	1	-0.38685	0.93955	0.93893	0.999995	900	0	-0.38685
CNOT7	4	0.25124	0.30386	0.999995	247	1	-0.43956	0.9421	0.94134	0.999995	905	0	-0.43956
CNOT8	3	0.25916	0.27693	0.999995	248	1	-0.38284	0.77784	0.77853	0.999995	734	0	-0.38284
TOB1	4	0.26085	0.31034	0.999995	249	1	-0.32644	0.93128	0.93046	0.999995	889	0	-0.32644
TCERG1	4	0.26964	0.31645	0.999995	250	1	-0.40061	0.26232	0.2613	0.999995	244	0	-0.40061
FOSL1	3	0.26988	0.28562	0.999995	251	1	-0.59864	0.98116	0.98097	0.999995	962	0	-0.59864
STRADA	4	0.274	0.31955	0.999995	252	1	-0.22699	0.92527	0.9246	0.999995	881	0	-0.22699
SPTAN1	4	0.28411	0.32673	0.999995	253	1	-0.20258	0.49713	0.49515	0.999995	471	0	-0.20258
RPS15	2	0.29165	0.29107	0.999995	254	1	-0.57746	0.93139	0.93098	0.999995	890	0	-0.57746
COPS7B	4	0.29907	0.33714	0.999995	255	1	-0.28971	0.70437	0.70399	0.999995	666	0	-0.28971
SAFB2	4	0.3019	0.33924	0.999995	256	1	-0.089828	0.58255	0.58208	0.999995	556	0	-0.089828
RPRD1B	4	0.30822	0.34364	0.999995	257	1	-0.50079	0.91958	0.91875	0.999995	876	0	-0.50079
INCENP	4	0.31031	0.34517	0.999995	258	1	-0.45997	0.89417	0.89376	0.999995	848	0	-0.45997
KCNT2	4	0.31241	0.34683	0.999995	259	1	-0.085846	0.78714	0.78758	0.999995	740	0	-0.085846
AKIRIN1	4	0.31519	0.34901	0.999995	260	1	-0.54668	0.77564	0.77606	0.999995	730	0	-0.54668
LARP1	4	0.32142	0.35378	0.999995	261	1	-0.27597	0.088698	0.088609	0.999995	73	0	-0.27597
CCNT1	4	0.32486	0.35656	0.999995	262	1	-0.43961	0.77504	0.77561	0.999995	729	0	-0.43961
COX4I2	4	0.32624	0.35763	0.999995	263	1	-0.40013	0.93504	0.93442	0.999995	896	0	-0.40013
ELL	4	0.33034	0.3607	0.999995	264	1	-0.50207	0.9886	0.9891	0.999995	980	0	-0.50207
ATP5PB	4	0.33307	0.36262	0.999995	265	1	-0.30417	0.17256	0.17244	0.999995	154	0	-0.30417
SHCBP1L	4	0.33443	0.3637	0.999995	266	1	-0.24799	0.52518	0.52422	0.999995	494	0	-0.24799
ULK1	4	0.33511	0.36426	0.999995	267	1	-0.25804	0.79088	0.79126	0.999995	742	0	-0.25804
ERBB3	8	0.33626	0.47319	0.999995	268	1	-0.15444	0.55064	0.55	0.999995	523	0	-0.15444
TANK	4	0.33647	0.36521	0.999995	269	1	-0.2845	0.2934	0.29212	0.999995	277	0	-0.2845
RPA3	4	0.3385	0.36677	0.999995	270	1	-0.13403	0.56453	0.56431	0.999995	537	0	-0.13403
MED13L	4	0.33918	0.36733	0.999995	271	1	-0.21849	0.51454	0.51319	0.999995	488	0	-0.21849
VIM	4	0.33985	0.36785	0.999995	272	1	-0.25708	0.79173	0.79207	0.999995	744	0	-0.25708
IQCA1	4	0.34457	0.37116	0.999995	273	1	-0.18412	0.13595	0.13605	0.999995	118	0	-0.18412
GRHL3	4	0.34993	0.37521	0.999995	274	1	-0.20235	0.71496	0.71414	0.999995	673	0	-0.20235
SLC11A1	4	0.3506	0.37563	0.999995	275	1	-0.084839	0.56946	0.56936	0.999995	543	0	-0.084839
RC3H1	4	0.35193	0.37664	0.999995	276	1	-0.4784	0.99036	0.99089	0.999995	985	0	-0.4784
AP5M1	4	0.35592	0.37946	0.999995	277	1	-0.4446	0.81357	0.81439	0.999995	763	0	-0.4446
GIT2	4	0.35924	0.38205	0.999995	278	1	-0.42407	0.97627	0.9765	0.999995	955	0	-0.42407
H2AFX	4	0.36056	0.38293	0.999995	279	1	-0.20121	0.74434	0.74392	0.999995	704	0	-0.20121
RPL15	2	0.36092	0.35893	0.999995	280	0	-0.45443	0.8515	0.84993	0.999995	811	0	-0.45443
CRY2	4	0.36122	0.38337	0.999995	281	1	-0.37738	0.79847	0.79897	0.999995	749	0	-0.37738
STAM	4	0.36187	0.38379	0.999995	282	1	-0.25425	0.6393	0.63849	0.999995	607	0	-0.25425
RHBDF1	4	0.36253	0.38439	0.999995	283	1	-0.25101	0.87366	0.87388	0.999995	836	0	-0.25101
MCPH1	4	0.36319	0.38483	0.999995	284	1	-0.49219	0.9007	0.89996	0.999995	853	0	-0.49219
KRT74	4	0.36451	0.3859	0.999995	285	1	-0.064512	0.2111	0.21053	0.999995	196	0	-0.064512
NAPB	4	0.36582	0.38697	0.999995	286	1	-0.12657	0.49437	0.49225	0.999995	469	0	-0.12657
CRY1	4	0.36713	0.38789	0.999995	287	1	-0.31096	0.44686	0.44565	0.999995	426	0	-0.31096
QSOX1	4	0.36844	0.38896	0.999995	288	1	-0.39667	0.67998	0.67943	0.999995	644	0	-0.39667
ABCG2	4	0.36909	0.38948	0.999995	289	1	-0.042364	0.48882	0.48684	0.999995	463	0	-0.042364
CADPS	4	0.36974	0.39004	0.999995	290	1	-0.24143	0.54594	0.54469	0.999995	516	0	-0.24143
FNIP1	4	0.37235	0.39186	0.999995	291	1	-0.35269	0.35857	0.35762	0.999995	344	0	-0.35269
TAF9	4	0.3743	0.3934	0.999995	292	1	-0.26808	0.36844	0.36743	0.999995	352	0	-0.26808
FLNC	4	0.37819	0.39642	0.999995	293	1	-0.23187	0.33171	0.33112	0.999995	317	0	-0.23187
PSMB6	4	0.37883	0.39699	0.999995	294	1	-0.15009	0.82805	0.82853	0.999995	782	0	-0.15009
CREBBP	4	0.37948	0.39745	0.999995	295	1	-0.025918	0.14419	0.14402	0.999995	127	0	-0.025918
GPR50	4	0.38012	0.39794	0.999995	296	1	-0.24326	0.86318	0.86334	0.999995	825	0	-0.24326
KAT6A	4	0.38077	0.39853	0.999995	297	1	-0.39935	0.88371	0.88372	0.999995	843	0	-0.39935
DYNLT1	4	0.38141	0.39899	0.999995	298	1	-0.011999	0.36582	0.36478	0.999995	350	0	-0.011999
RPL6	1	0.38189	0.38262	0.999995	299	0	-0.32936	0.61811	0.61997	0.999995	588	0	-0.32936
SLC11A2	4	0.38205	0.39953	0.999995	300	1	-0.2548	0.74201	0.74149	0.999995	702	0	-0.2548
BZW1	3	0.38249	0.38336	0.999995	301	1	-0.16482	0.39644	0.39456	0.999995	383	0	-0.16482
NMT2	4	0.38526	0.40197	0.999995	302	1	-0.060223	0.67564	0.67525	0.999995	639	0	-0.060223
EFR3B	4	0.38654	0.40276	0.999995	303	1	-0.46441	0.96519	0.9651	0.999995	933	0	-0.46441
EP300	4	0.38782	0.40373	0.999995	304	1	0.62011	0.00035463	0.00083598	0.110767	8	2	0.62011
TRPC5	4	0.39228	0.40717	0.999995	305	1	-0.47242	0.9622	0.96202	0.999995	928	0	-0.47242
PTTG1	3	0.39594	0.39589	0.999995	306	1	-0.5458	0.98412	0.98421	0.999995	969	0	-0.5458
REG3A	4	0.39734	0.41105	0.999995	307	1	-0.21654	0.037747	0.038198	0.999995	25	1	-0.21654
IPO8	4	0.40049	0.41369	0.999995	308	1	-0.3145	0.9383	0.93753	0.999995	898	0	-0.3145
CYP26C1	4	0.40426	0.41653	0.999995	309	1	-0.32545	0.75026	0.75035	0.999995	711	0	-0.32545
FSD1L	4	0.40488	0.41718	0.999995	310	1	-0.55097	0.97643	0.97661	0.999995	956	0	-0.55097
PRG3	4	0.40551	0.41775	0.999995	311	1	-0.08217	0.23326	0.23269	0.999995	215	0	-0.08217
CAND2	4	0.40676	0.41876	0.999995	312	1	-0.24771	0.61555	0.61493	0.999995	586	0	-0.24771
DMXL1	4	0.40987	0.42136	0.999995	313	1	-0.12572	0.74168	0.74115	0.999995	701	0	-0.12572
BICD1	4	0.41049	0.42188	0.999995	314	1	-0.38811	0.76802	0.76843	0.999995	726	0	-0.38811
ARPC5	4	0.41111	0.42245	0.999995	315	1	-0.1382	0.58922	0.58874	0.999995	562	0	-0.1382
APH1A	4	0.41173	0.42291	0.999995	316	1	-0.38315	0.90408	0.90303	0.999995	855	0	-0.38315
SRI	4	0.41359	0.42435	0.999995	317	1	-0.014691	0.29126	0.29012	0.999995	274	0	-0.014691
SLC10A2	4	0.4142	0.42498	0.999995	318	1	-0.07004	0.7548	0.75489	0.999995	714	0	-0.07004
APOBEC1	4	0.41544	0.42609	0.999995	319	1	-0.26713	0.40613	0.40424	0.999995	394	0	-0.26713
EZH1	4	0.41852	0.4286	0.999995	320	1	-0.28473	0.61869	0.61795	0.999995	589	0	-0.28473
SP110	4	0.42036	0.43017	0.999995	321	1	-0.31099	0.85663	0.85696	0.999995	815	0	-0.31099
GSX2	4	0.42097	0.43066	0.999995	322	1	-0.16359	0.47983	0.47778	0.999995	454	0	-0.16359
AHCYL1	4	0.42158	0.43109	0.999995	323	1	-0.40153	0.49326	0.49114	0.999995	467	0	-0.40153
MYCN	4	0.42342	0.43272	0.999995	324	1	0.06162	0.28769	0.2863	0.999995	270	0	0.06162
GLT6D1	4	0.42829	0.43669	0.999995	325	1	-0.44599	0.91209	0.91095	0.999995	864	0	-0.44599
SEC11C	4	0.4301	0.43822	0.999995	326	1	-0.43569	0.087837	0.087769	0.999995	72	0	-0.43569
ATP8B3	4	0.43131	0.43927	0.999995	327	1	-0.23942	0.20412	0.20366	0.999995	188	0	-0.23942
ASF1B	8	0.43251	0.57169	0.999995	328	2	-0.37981	0.97426	0.97453	0.999995	950	0	-0.37981
VPS26B	4	0.43252	0.44032	0.999995	329	1	-0.51986	0.76336	0.7636	0.999995	723	0	-0.51986
MED12L	4	0.43553	0.44297	0.999995	330	1	-0.25569	0.45919	0.45779	0.999995	436	0	-0.25569
TRPC7	4	0.43793	0.44504	0.999995	331	1	-0.19948	0.78482	0.78526	0.999995	739	0	-0.19948
ZNF34	4	0.43853	0.4455	0.999995	332	1	-0.047929	0.21649	0.21569	0.999995	202	0	-0.047929
PSEN1	4	0.44032	0.44708	0.999995	333	1	-0.35137	0.86359	0.8637	0.999995	826	0	-0.35137
IDH1	4	0.44152	0.44814	0.999995	334	1	-0.18748	0.63282	0.63226	0.999995	603	0	-0.18748
EEFSEC	4	0.4433	0.44979	0.999995	335	1	-0.46608	0.88279	0.88288	0.999995	842	0	-0.46608
TACC3	4	0.44508	0.45137	0.999995	336	1	-0.56211	0.94177	0.94103	0.999995	904	0	-0.56211
GALNT5	4	0.44568	0.45194	0.999995	337	1	-0.11006	0.43312	0.4313	0.999995	413	0	-0.11006
CFL1	4	0.44627	0.45241	0.999995	338	1	-0.39741	0.91733	0.91646	0.999995	872	0	-0.39741
CABP5	4	0.44686	0.45293	0.999995	339	1	-0.30181	0.26891	0.26763	0.999995	251	0	-0.30181
ADAP2	4	0.44864	0.45442	0.999995	340	1	-0.21235	0.91134	0.9101	0.999995	862	0	-0.21235
JAG1	4	0.44923	0.45482	0.999995	341	1	-0.19165	0.57142	0.57111	0.999995	544	0	-0.19165
CLIP4	4	0.44982	0.45538	0.999995	342	1	-0.12015	0.25569	0.25479	0.999995	239	0	-0.12015
KLF4	4	0.4504	0.45589	0.999995	343	1	-0.41229	0.79792	0.79834	0.999995	748	0	-0.41229
HMGCS2	4	0.45099	0.45644	0.999995	344	1	-0.12704	0.50644	0.50486	0.999995	481	0	-0.12704
TFDP3	4	0.45217	0.45747	0.999995	345	1	0.041453	0.53253	0.53144	0.999995	502	0	0.041453
RBMXL2	4	0.45452	0.4596	0.999995	346	1	0.053048	0.26964	0.2685	0.999995	252	0	0.053048
RBPJL	4	0.45569	0.46045	0.999995	347	1	-0.33205	0.66357	0.66275	0.999995	627	0	-0.33205
MT2A	4	0.45627	0.46096	0.999995	348	1	-0.41236	0.76679	0.76708	0.999995	725	0	-0.41236
RNF10	4	0.45686	0.46136	0.999995	349	1	-0.23897	0.82054	0.82139	0.999995	773	0	-0.23897
CDK17	4	0.45802	0.46235	0.999995	350	1	-0.52927	0.97268	0.97301	0.999995	945	0	-0.52927
ARFGEF2	4	0.45919	0.46346	0.999995	351	1	-0.442	0.88644	0.88631	0.999995	845	0	-0.442
DGKI	4	0.46151	0.46542	0.999995	352	1	0.071746	0.52834	0.52738	0.999995	498	0	0.071746
TIMP2	4	0.46209	0.46602	0.999995	353	1	-0.24964	0.567	0.56674	0.999995	540	0	-0.24964
VPS26A	4	0.46556	0.46915	0.999995	354	1	-0.36338	0.9435	0.94277	0.999995	907	0	-0.36338
PIP4P2	4	0.46786	0.47105	0.999995	355	1	-0.40218	0.4179	0.41623	0.999995	402	0	-0.40218
G3BP1	4	0.46844	0.47157	0.999995	356	1	-0.0046569	0.20334	0.203	0.999995	187	0	-0.0046569
GTF3C1	4	0.47073	0.47349	0.999995	357	1	-0.42316	0.93469	0.93412	0.999995	895	0	-0.42316
MMD	4	0.4713	0.47388	0.999995	358	1	-0.3524	0.89211	0.89175	0.999995	846	0	-0.3524
IL10RA	4	0.47188	0.47432	0.999995	359	1	-0.25492	0.46267	0.46143	0.999995	439	0	-0.25492
ZAP70	4	0.4753	0.47732	0.999995	360	1	-0.18382	0.73629	0.73565	0.999995	696	0	-0.18382
TUBB2A	4	0.47814	0.47958	0.999995	361	1	-0.39109	0.34993	0.34927	0.999995	336	0	-0.39109
RANBP10	4	0.47983	0.48119	0.999995	362	1	0.0076042	0.13263	0.13273	0.999995	115	0	0.0076042
HRH3	4	0.48209	0.48331	0.999995	363	1	-0.33639	0.9289	0.92803	0.999995	887	0	-0.33639
CHRNB3	4	0.48378	0.4849	0.999995	364	1	0.067228	0.038643	0.039058	0.999995	26	1	0.067228
TUBB2B	2	0.48415	0.48116	0.999995	365	0	-0.26524	0.58146	0.57995	0.999995	554	0	-0.26524
FXR1	4	0.48714	0.48775	0.999995	366	1	-0.32526	0.86749	0.86771	0.999995	831	0	-0.32526
DPCR1	4	0.48882	0.48934	0.999995	367	1	-0.38089	0.87483	0.87517	0.999995	837	0	-0.38089
ZEB1	4	0.48993	0.49036	0.999995	368	1	-0.18734	0.79202	0.7924	0.999995	745	0	-0.18734
SLC25A25	4	0.49049	0.49091	0.999995	369	1	-0.14021	0.46151	0.46002	0.999995	437	0	-0.14021
PKM	3	0.49087	0.48885	0.999995	370	0	0.17529	0.35034	0.34819	0.999995	337	0	0.17529
PAPSS2	4	0.49104	0.4913	0.999995	371	1	-0.43664	0.77048	0.77081	0.999995	728	0	-0.43664
TOMM40L	4	0.49216	0.49233	0.999995	372	1	-0.24193	0.69426	0.69377	0.999995	658	0	-0.24193
ZG16	4	0.49326	0.49328	0.999995	373	1	-0.046826	0.16372	0.16318	0.999995	144	0	-0.046826
CYFIP1	4	0.49437	0.49427	0.999995	374	1	-0.34728	0.86025	0.86042	0.999995	821	0	-0.34728
WRN	4	0.49493	0.49478	0.999995	375	1	-0.33735	0.62492	0.62467	0.999995	599	0	-0.33735
NHLRC1	4	0.49603	0.49596	0.999995	376	1	-0.26314	0.80613	0.80628	0.999995	757	0	-0.26314
ZDHHC17	4	0.49713	0.49702	0.999995	377	1	-0.23711	0.026039	0.02642	0.999995	17	1	-0.23711
GRHL2	4	0.49878	0.49845	0.999995	378	1	-0.12132	0.75831	0.75839	0.999995	719	0	-0.12132
CYFIP2	4	0.50043	0.50014	0.999995	379	1	-0.48249	0.89722	0.89648	0.999995	852	0	-0.48249
SLC22A8	4	0.50207	0.50179	0.999995	380	1	-0.21687	0.19945	0.19928	0.999995	183	0	-0.21687
TPST1	4	0.50426	0.50386	0.999995	381	1	-0.41134	0.98617	0.98655	0.999995	977	0	-0.41134
ZIC3	4	0.5048	0.50441	0.999995	382	1	-0.05076	0.31241	0.31121	0.999995	296	0	-0.05076
CTSZ	4	0.50644	0.50601	0.999995	383	1	-0.4326	0.98474	0.98501	0.999995	973	0	-0.4326
VANGL2	4	0.50752	0.50708	0.999995	384	1	-0.49237	0.94253	0.94181	0.999995	906	0	-0.49237
YIPF7	4	0.50806	0.50753	0.999995	385	1	-0.44549	0.87637	0.87688	0.999995	838	0	-0.44549
NKAPL	4	0.5086	0.50803	0.999995	386	1	-0.082912	0.33443	0.3339	0.999995	322	0	-0.082912
KPNA2	3	0.50961	0.50719	0.999995	387	0	-0.39725	0.74955	0.75012	0.999995	710	0	-0.39725
RALGPS2	4	0.51131	0.51056	0.999995	388	1	-0.46645	0.96148	0.96128	0.999995	926	0	-0.46645
ATAD2	4	0.51185	0.51109	0.999995	389	1	-0.1098	0.044898	0.045204	0.999995	33	1	-0.1098
SOHLH1	4	0.51346	0.51285	0.999995	390	1	-0.0089288	0.10324	0.10354	0.999995	87	0	-0.0089288
CELA2A	4	0.514	0.51347	0.999995	391	1	-0.23148	0.42403	0.42236	0.999995	408	0	-0.23148
ADGRG7	4	0.51561	0.51507	0.999995	392	1	-0.3372	0.15318	0.1527	0.999995	136	0	-0.3372
COPG2	4	0.51614	0.51553	0.999995	393	1	-0.27783	0.62137	0.62084	0.999995	593	0	-0.27783
GALR3	4	0.51721	0.51659	0.999995	394	1	-0.45331	0.91604	0.91504	0.999995	871	0	-0.45331
FAM71B	4	0.51828	0.5177	0.999995	395	1	-0.30121	0.73866	0.73818	0.999995	699	0	-0.30121
BZW2	4	0.52147	0.52088	0.999995	396	1	0.12016	0.13925	0.13904	0.999995	122	0	0.12016
ADSSL1	4	0.522	0.52131	0.999995	397	1	-0.28505	0.073979	0.074066	0.999995	59	0	-0.28505
GSDMD	4	0.52253	0.52186	0.999995	398	1	-0.35902	0.57531	0.57495	0.999995	548	0	-0.35902
DZIP1L	4	0.52623	0.52575	0.999995	399	1	-0.2765	0.50207	0.50034	0.999995	476	0	-0.2765
SAR1A	8	0.52626	0.61457	0.999995	400	1	-0.23686	0.16481	0.16442	0.999995	146	0	-0.23686
SIN3B	4	0.52781	0.52732	0.999995	401	1	-0.41503	0.68968	0.68899	0.999995	652	0	-0.41503
OSMR	4	0.52834	0.52765	0.999995	402	1	-0.2105	0.61465	0.61417	0.999995	584	0	-0.2105
MRGPRX2	4	0.52939	0.52864	0.999995	403	1	-0.22474	0.82756	0.82806	0.999995	780	0	-0.22474
DDX39A	4	0.53044	0.52949	0.999995	404	1	-0.11276	0.3019	0.3006	0.999995	287	0	-0.11276
AOX1	4	0.53096	0.52995	0.999995	405	1	-0.038961	0.29553	0.29429	0.999995	279	0	-0.038961
RIMKLB	3	0.53498	0.53337	0.999995	406	0	-0.074304	0.66607	0.66544	0.999995	629	0	-0.074304
NR5A2	4	0.53565	0.53467	0.999995	407	1	-0.2737	0.59907	0.59841	0.999995	569	0	-0.2737
RPL3L	4	0.53772	0.53662	0.999995	408	1	0.05674	0.37754	0.37646	0.999995	364	0	0.05674
TAF9B	2	0.53801	0.53549	0.999995	409	0	-0.24164	0.60471	0.60364	0.999995	575	0	-0.24164
NCKAP1L	4	0.53824	0.53702	0.999995	410	1	-0.36108	0.95253	0.95241	0.999995	917	0	-0.36108
LIN28A	3	0.5383	0.53674	0.999995	411	0	-0.38998	0.098642	0.099528	0.999995	81	0	-0.38998
HMSD	4	0.53875	0.53768	0.999995	412	1	-0.20305	0.70988	0.70935	0.999995	668	0	-0.20305
ADM	4	0.53979	0.5387	0.999995	413	1	-0.25335	0.22414	0.22352	0.999995	208	0	-0.25335
PDCD6IP	4	0.5403	0.53917	0.999995	414	1	-0.31328	0.86483	0.86507	0.999995	828	0	-0.31328
HTR2C	4	0.54133	0.53997	0.999995	415	1	-0.0041505	0.032356	0.032902	0.999995	20	1	-0.0041505
CCNE2	4	0.54236	0.54096	0.999995	416	1	-0.48029	0.9887	0.98918	0.999995	981	0	-0.48029
AHCYL2	4	0.54287	0.54155	0.999995	417	1	-0.073245	0.77624	0.77672	0.999995	731	0	-0.073245
ATR	4	0.5439	0.54263	0.999995	418	1	-0.46193	0.97536	0.97565	0.999995	952	0	-0.46193
KPNA3	4	0.54441	0.54317	0.999995	419	1	-0.1918	0.80424	0.80432	0.999995	754	0	-0.1918
MTA1	4	0.54645	0.5453	0.999995	420	1	-0.09356	0.29978	0.29843	0.999995	284	0	-0.09356
PMM1	4	0.54696	0.54591	0.999995	421	0	-0.38455	0.96629	0.96639	0.999995	935	0	-0.38455
BTG1	4	0.54849	0.54738	0.999995	422	0	-0.37983	0.89469	0.89417	0.999995	850	0	-0.37983
NDUFC1	4	0.5495	0.54835	0.999995	423	0	-0.16762	0.34524	0.34473	0.999995	333	0	-0.16762
PAX4	4	0.55254	0.55134	0.999995	424	0	0.13725	0.1971	0.19716	0.999995	180	0	0.13725
DYNC1LI2	4	0.55305	0.55194	0.999995	425	0	-0.55469	0.98898	0.98943	0.999995	982	0	-0.55469
RHOT2	4	0.55405	0.553	0.999995	426	0	-0.50109	0.98418	0.98454	0.999995	970	0	-0.50109
SLC35F4	4	0.55506	0.55411	0.999995	427	0	-0.10607	0.53565	0.53456	0.999995	504	0	-0.10607
MYL7	4	0.55657	0.55594	0.999995	428	0	-0.22041	0.31935	0.31857	0.999995	304	0	-0.22041
THRAP3	4	0.55707	0.55657	0.999995	429	0	-0.11798	0.44271	0.44114	0.999995	422	0	-0.11798
PEF1	4	0.55757	0.55708	0.999995	430	0	-0.1774	0.78365	0.78414	0.999995	738	0	-0.1774
MTMR3	4	0.55857	0.55811	0.999995	431	0	-0.39108	0.94866	0.94821	0.999995	916	0	-0.39108
DBT	4	0.55957	0.55914	0.999995	432	0	-0.052536	0.64739	0.64673	0.999995	613	0	-0.052536
NETO1	4	0.56156	0.56117	0.999995	433	0	-0.079635	0.39228	0.39062	0.999995	379	0	-0.079635
AKAP11	4	0.56206	0.56176	0.999995	434	0	-0.024419	0.74468	0.74424	0.999995	705	0	-0.024419
KRTAP10-10	4	0.56255	0.56228	0.999995	435	0	-0.22701	0.79931	0.79962	0.999995	750	0	-0.22701
COX4I1	4	0.56305	0.56278	0.999995	436	0	-0.46945	0.99162	0.99207	0.999995	992	0	-0.46945
MBP	4	0.56602	0.56577	0.999995	437	0	-0.40605	0.40551	0.40364	0.999995	393	0	-0.40605
PMM2	4	0.56651	0.56623	0.999995	438	0	-0.29266	0.60462	0.60397	0.999995	574	0	-0.29266
KLF5	4	0.567	0.56674	0.999995	439	0	-0.33154	0.91253	0.91147	0.999995	865	0	-0.33154
PTCH2	4	0.56749	0.56735	0.999995	440	0	-0.2075	0.50317	0.50145	0.999995	477	0	-0.2075
TOB2	4	0.56799	0.56783	0.999995	441	0	-0.083705	0.3599	0.35896	0.999995	346	0	-0.083705
ZNF418	4	0.56897	0.5689	0.999995	442	0	-0.28247	0.65076	0.65014	0.999995	616	0	-0.28247
LIMK1	4	0.56946	0.56936	0.999995	443	0	-0.53468	0.21418	0.21348	0.999995	199	0	-0.53468
MECOM	4	0.57044	0.57024	0.999995	444	0	-0.39963	0.42889	0.42717	0.999995	411	0	-0.39963
WASL	4	0.57093	0.57058	0.999995	445	0	-0.1378	0.38334	0.38234	0.999995	370	0	-0.1378
ZNF284	4	0.57142	0.57111	0.999995	446	0	-0.080943	0.46325	0.46201	0.999995	440	0	-0.080943
PTPN21	4	0.57191	0.57168	0.999995	447	0	-0.31032	0.53305	0.53187	0.999995	503	0	-0.31032
PUM2	4	0.57337	0.57314	0.999995	448	0	-0.55214	0.91312	0.91198	0.999995	867	0	-0.55214
ADARB1	4	0.57386	0.57366	0.999995	449	0	-0.12558	0.28411	0.28282	0.999995	266	0	-0.12558
IDH3B	4	0.57483	0.5746	0.999995	450	0	-0.24914	0.67524	0.67488	0.999995	638	0	-0.24914
CHSY3	4	0.57628	0.57584	0.999995	451	0	-0.24622	0.54133	0.53995	0.999995	509	0	-0.24622
CTCFL	4	0.57677	0.57631	0.999995	452	0	-0.40122	0.60508	0.6045	0.999995	576	0	-0.40122
LBX1	4	0.57725	0.57678	0.999995	453	0	-0.25783	0.8638	0.86395	0.999995	827	0	-0.25783
MMD2	4	0.57822	0.57769	0.999995	454	0	-0.359	0.72279	0.7221	0.999995	685	0	-0.359
SMARCC1	4	0.57967	0.57925	0.999995	455	0	-0.26535	0.64102	0.64019	0.999995	608	0	-0.26535
RRAGC	4	0.58015	0.57979	0.999995	456	0	-0.18903	0.86667	0.86686	0.999995	830	0	-0.18903
SUSD1	4	0.58111	0.58068	0.999995	457	0	-0.20925	0.70326	0.7029	0.999995	664	0	-0.20925
NCOR2	4	0.58159	0.58115	0.999995	458	0	-0.53955	0.95918	0.95887	0.999995	922	0	-0.53955
BARHL1	4	0.58207	0.5816	0.999995	459	0	-0.10777	0.59581	0.59534	0.999995	567	0	-0.10777
IMPDH2	4	0.58255	0.58208	0.999995	460	0	-0.38991	0.71532	0.71453	0.999995	674	0	-0.38991
ADAM19	4	0.58303	0.58241	0.999995	461	0	-0.064004	0.067867	0.068069	0.999995	53	0	-0.064004
SIRPA	3	0.58307	0.58196	0.999995	462	0	-0.080685	0.18243	0.18203	0.999995	164	0	-0.080685
SOS2	4	0.58637	0.58577	0.999995	463	0	0.086276	0.44568	0.44448	0.999995	425	0	0.086276
MTMR4	4	0.58685	0.5863	0.999995	464	0	-0.37042	0.050236	0.050509	0.999995	39	1	-0.37042
ERH	4	0.58732	0.58675	0.999995	465	0	-0.27929	0.32829	0.32784	0.999995	314	0	-0.27929
STT3B	4	0.5878	0.58721	0.999995	466	0	-0.53547	0.99086	0.99135	0.999995	989	0	-0.53547
AMELX	4	0.58827	0.58762	0.999995	467	0	-0.12753	0.6	0.59942	0.999995	571	0	-0.12753
DZIP3	4	0.58922	0.58874	0.999995	468	0	0.1268	0.12515	0.12538	0.999995	108	0	0.1268
UNC45A	4	0.59064	0.59013	0.999995	469	0	-0.38536	0.71098	0.71044	0.999995	669	0	-0.38536
NMT1	4	0.59111	0.59077	0.999995	470	0	-0.20634	0.37624	0.3751	0.999995	361	0	-0.20634
GPR183	4	0.59205	0.59162	0.999995	471	0	-0.078278	0.38205	0.38108	0.999995	368	0	-0.078278
HPS1	4	0.59252	0.59218	0.999995	472	0	-0.31594	0.4142	0.41239	0.999995	400	0	-0.31594
SLITRK1	4	0.59393	0.59348	0.999995	473	0	-0.50545	0.92475	0.92418	0.999995	880	0	-0.50545
PSEN2	4	0.5944	0.59401	0.999995	474	0	-0.20256	0.82458	0.82533	0.999995	776	0	-0.20256
RECK	4	0.59581	0.59534	0.999995	475	0	-0.057516	0.25643	0.2554	0.999995	240	0	-0.057516
SNRPN	4	0.59627	0.59577	0.999995	476	0	-0.25981	0.5495	0.54835	0.999995	521	0	-0.25981
ITGB1BP2	4	0.59721	0.59665	0.999995	477	0	-0.24258	0.408	0.40602	0.999995	395	0	-0.24258
TOP1MT	4	0.59907	0.59841	0.999995	478	0	-0.23489	0.097274	0.097081	0.999995	79	0	-0.23489
NCBP2L	4	0.59954	0.59898	0.999995	479	0	-0.22515	0.37105	0.37	0.999995	355	0	-0.22515
NRBP2	4	0.6	0.59942	0.999995	480	0	-0.38447	0.92233	0.92162	0.999995	879	0	-0.38447
OSBPL6	4	0.60185	0.60109	0.999995	481	0	-0.36343	0.92775	0.92696	0.999995	886	0	-0.36343
UCHL5	4	0.60231	0.60161	0.999995	482	0	-0.34562	0.73561	0.73494	0.999995	694	0	-0.34562
PDGFC	4	0.60324	0.60271	0.999995	483	0	-0.037799	0.36122	0.36009	0.999995	348	0	-0.037799
XYLT1	4	0.60416	0.60355	0.999995	484	0	-0.24829	0.91074	0.90935	0.999995	860	0	-0.24829
TREML4	3	0.60433	0.60402	0.999995	485	0	-0.33113	0.79991	0.80048	0.999995	751	0	-0.33113
CLASP2	4	0.60508	0.6045	0.999995	486	0	-0.47966	0.98442	0.98476	0.999995	971	0	-0.47966
MYH7	4	0.60646	0.60592	0.999995	487	0	-0.022691	0.20645	0.20592	0.999995	191	0	-0.022691
COPS7A	4	0.60783	0.60728	0.999995	488	0	-0.024078	0.39797	0.39619	0.999995	385	0	-0.024078
PLCG2	4	0.60829	0.60772	0.999995	489	0	-0.15467	0.58494	0.58456	0.999995	559	0	-0.15467
RGS19	4	0.60874	0.60807	0.999995	490	0	-0.39076	0.92645	0.92576	0.999995	883	0	-0.39076
ATAD2B	4	0.6092	0.60853	0.999995	491	0	-0.31392	0.96556	0.96566	0.999995	934	0	-0.31392
HACD2	4	0.61057	0.61015	0.999995	492	0	-0.36955	0.89605	0.89533	0.999995	851	0	-0.36955
SAP30L	4	0.61193	0.61146	0.999995	493	0	0.086471	0.33918	0.33882	0.999995	326	0	0.086471
NUMBL	4	0.61238	0.61189	0.999995	494	0	-0.32264	0.95438	0.95412	0.999995	920	0	-0.32264
CAB39L	4	0.61374	0.61329	0.999995	495	0	-0.0055013	0.31101	0.30981	0.999995	295	0	-0.0055013
IFIH1	4	0.61465	0.61417	0.999995	496	0	-0.3971	0.98277	0.98301	0.999995	963	0	-0.3971
CRX	4	0.6151	0.61458	0.999995	497	0	-0.21641	0.72032	0.71958	0.999995	683	0	-0.21641
CDC34	4	0.6169	0.61614	0.999995	498	0	-0.22967	0.55204	0.55081	0.999995	525	0	-0.22967
MORF4L2	4	0.61779	0.617	0.999995	499	0	-0.28341	0.27255	0.2714	0.999995	254	0	-0.28341
SPAG9	4	0.61824	0.61752	0.999995	500	0	-0.38275	0.1376	0.13761	0.999995	120	0	-0.38275
ACTL7A	4	0.61869	0.61795	0.999995	501	0	-0.49083	0.90922	0.90807	0.999995	858	0	-0.49083
LARP1B	4	0.61914	0.61841	0.999995	502	0	0.043509	0.43673	0.43509	0.999995	416	0	0.043509
RSBN1	4	0.61959	0.61884	0.999995	503	0	-0.20698	0.56848	0.56827	0.999995	541	0	-0.20698
CLTC	4	0.62182	0.62137	0.999995	504	0	-0.32449	0.94361	0.9429	0.999995	909	0	-0.32449
TMEM9B	4	0.62226	0.62187	0.999995	505	0	0.1121	0.29482	0.29362	0.999995	278	0	0.1121
TBC1D28	3	0.62268	0.62239	0.999995	506	0	-0.37415	0.31869	0.31678	0.999995	303	0	-0.37415
TOMM20	3	0.62304	0.62278	0.999995	507	0	0.18418	0.24434	0.24336	0.999995	229	0	0.18418
PGLS	4	0.62315	0.62281	0.999995	508	0	-0.13723	0.59158	0.59118	0.999995	563	0	-0.13723
NAA16	4	0.62359	0.62322	0.999995	509	0	-0.30423	0.73425	0.73355	0.999995	692	0	-0.30423
XDH	4	0.62492	0.62467	0.999995	510	0	-0.15981	0.44449	0.4432	0.999995	424	0	-0.15981
MYBPH	4	0.62625	0.62593	0.999995	511	0	-0.31956	0.8699	0.87006	0.999995	833	0	-0.31956
MTHFD1	4	0.62757	0.62726	0.999995	512	0	-0.13074	0.31519	0.31435	0.999995	298	0	-0.13074
RPP14	4	0.62801	0.62769	0.999995	513	0	-0.32399	0.55957	0.55914	0.999995	533	0	-0.32399
FOXE3	4	0.62932	0.6289	0.999995	514	0	0.026778	0.36319	0.36204	0.999995	349	0	0.026778
PXDN	4	0.6302	0.62977	0.999995	515	0	-0.31654	0.76116	0.76139	0.999995	722	0	-0.31654
ZMAT2	4	0.63151	0.63093	0.999995	516	0	-0.36479	0.33511	0.33464	0.999995	323	0	-0.36479
HOXB1	4	0.63238	0.63173	0.999995	517	0	-0.31503	0.15725	0.15663	0.999995	140	0	-0.31503
ATM	4	0.63369	0.63298	0.999995	518	0	-0.39151	0.45686	0.45541	0.999995	433	0	-0.39151
PHLDA2	4	0.63412	0.63334	0.999995	519	0	-0.20488	0.35791	0.35705	0.999995	343	0	-0.20488
KCNT1	4	0.63672	0.63595	0.999995	520	0	-0.2624	0.68544	0.68482	0.999995	647	0	-0.2624
MYBL2	4	0.63715	0.63638	0.999995	521	0	-0.22552	0.035054	0.035424	0.999995	22	1	-0.22552
DUOX2	4	0.63801	0.63723	0.999995	522	0	0.19855	0.18688	0.18694	0.999995	168	0	0.19855
TNKS2	4	0.6393	0.63849	0.999995	523	0	-0.13794	0.3743	0.37323	0.999995	358	0	-0.13794
USP13	4	0.64059	0.6397	0.999995	524	0	-0.39365	0.82003	0.82079	0.999995	772	0	-0.39365
CAT	4	0.64187	0.64103	0.999995	525	0	-0.1396	0.31866	0.31785	0.999995	302	0	-0.1396
YBX3	4	0.6423	0.6415	0.999995	526	0	0.042219	0.16211	0.16165	0.999995	142	0	0.042219
PHLDA3	4	0.64273	0.64205	0.999995	527	0	0.12688	0.13429	0.13451	0.999995	117	0	0.12688
COX6B1	8	0.6436	0.67843	0.999995	528	1	-0.37203	0.91813	0.91859	0.999995	874	0	-0.37203
CAND1	4	0.644	0.64355	0.999995	529	0	-0.2528	0.5439	0.54262	0.999995	512	0	-0.2528
CDK8	4	0.64485	0.64433	0.999995	530	0	-0.023104	0.51775	0.51641	0.999995	490	0	-0.023104
RCBTB1	4	0.64528	0.64489	0.999995	531	0	0.024509	0.55102	0.5498	0.999995	524	0	0.024509
MAPK8IP3	4	0.64613	0.64571	0.999995	532	0	0.13915	0.24379	0.24314	0.999995	228	0	0.13915
ALAS2	4	0.64782	0.64709	0.999995	533	0	-0.012736	0.18054	0.18026	0.999995	161	0	-0.012736
TTC23	4	0.64866	0.64794	0.999995	534	0	-0.0076604	0.065238	0.065463	0.999995	51	0	-0.0076604
GPSM1	4	0.64908	0.64825	0.999995	535	0	-0.18739	0.54492	0.54363	0.999995	514	0	-0.18739
SEC23B	4	0.6495	0.6487	0.999995	536	0	-0.43494	0.88626	0.88614	0.999995	844	0	-0.43494
GPR151	4	0.65034	0.64969	0.999995	537	0	-0.05326	0.19788	0.19788	0.999995	181	0	-0.05326
RC3H2	4	0.65202	0.65146	0.999995	538	0	-0.33439	0.96496	0.96485	0.999995	931	0	-0.33439
SMAP2	4	0.65243	0.65186	0.999995	539	0	-0.18486	0.54849	0.54738	0.999995	519	0	-0.18486
STX7	4	0.65368	0.65315	0.999995	540	0	-0.049113	0.39164	0.39005	0.999995	378	0	-0.049113
MEP1B	4	0.6541	0.65345	0.999995	541	0	-0.21323	0.45627	0.45498	0.999995	432	0	-0.21323
RANBP17	4	0.65493	0.65427	0.999995	542	0	-0.27833	0.87248	0.87264	0.999995	835	0	-0.27833
FOXK2	4	0.65535	0.65471	0.999995	543	0	0.052369	0.23401	0.23346	0.999995	216	0	0.052369
POLR2F	4	0.65576	0.65515	0.999995	544	0	-0.42152	0.8689	0.86912	0.999995	832	0	-0.42152
EXOC6	4	0.65783	0.65732	0.999995	545	0	-0.38167	0.75736	0.75735	0.999995	718	0	-0.38167
FARS2	4	0.65824	0.65765	0.999995	546	0	-0.39061	0.9838	0.98417	0.999995	968	0	-0.39061
ARID1B	4	0.65866	0.65798	0.999995	547	0	-0.42808	0.90535	0.9042	0.999995	857	0	-0.42808
IL6ST	4	0.65907	0.65847	0.999995	548	0	-0.4197	0.96971	0.96995	0.999995	940	0	-0.4197
GOLPH3L	4	0.65948	0.65889	0.999995	549	0	-0.10251	0.53772	0.53656	0.999995	505	0	-0.10251
MYBPHL	4	0.6603	0.65968	0.999995	550	0	-0.15292	0.66194	0.66132	0.999995	626	0	-0.15292
EIF3L	4	0.66071	0.66002	0.999995	551	0	-0.30661	0.46209	0.4607	0.999995	438	0	-0.30661
MBD3L1	4	0.66112	0.66054	0.999995	552	0	-0.38265	0.86046	0.86062	0.999995	822	0	-0.38265
IPO5	4	0.66194	0.66132	0.999995	553	0	-0.35859	0.8154	0.81623	0.999995	767	0	-0.35859
INTS6L	4	0.66235	0.66168	0.999995	554	0	-0.17277	0.81978	0.82052	0.999995	771	0	-0.17277
MAT1A	4	0.66398	0.66314	0.999995	555	0	-0.14881	0.07049	0.070722	0.999995	55	0	-0.14881
ARID4A	4	0.66439	0.66353	0.999995	556	0	-0.2225	0.32692	0.32651	0.999995	312	0	-0.2225
NDEL1	4	0.6648	0.66399	0.999995	557	0	-0.21764	0.59954	0.59898	0.999995	570	0	-0.21764
STRIP1	4	0.6652	0.66448	0.999995	558	0	-0.29017	0.55456	0.55358	0.999995	530	0	-0.29017
BRSK2	4	0.66601	0.66522	0.999995	559	0	-0.46597	0.7599	0.76006	0.999995	721	0	-0.46597
IRF8	4	0.66723	0.6666	0.999995	560	0	-0.39848	0.14501	0.14463	0.999995	128	0	-0.39848
TSTD1	4	0.66804	0.66741	0.999995	561	0	-0.057706	0.15155	0.15123	0.999995	134	0	-0.057706
TTC7A	8	0.66826	0.69348	0.999995	562	1	-0.17867	0.12293	0.12324	0.999995	105	0	-0.17867
SIX6	4	0.67085	0.67034	0.999995	563	0	-0.34868	0.77654	0.77697	0.999995	732	0	-0.34868
L3MBTL2	4	0.67125	0.67071	0.999995	564	0	0.055379	0.21495	0.21427	0.999995	200	0	0.055379
ANKRD10	4	0.67205	0.67161	0.999995	565	0	-0.2341	0.91761	0.91671	0.999995	873	0	-0.2341
CBLL2	4	0.67245	0.67211	0.999995	566	0	0.094784	0.52094	0.51978	0.999995	492	0	0.094784
EAF2	4	0.67285	0.67244	0.999995	567	0	-0.077261	0.38973	0.38835	0.999995	376	0	-0.077261
ULK2	4	0.67524	0.67488	0.999995	568	0	-0.13639	0.54441	0.54316	0.999995	513	0	-0.13639
ADSS	3	0.67531	0.67507	0.999995	569	0	0.18589	0.099288	0.10033	0.999995	83	0	0.18589
RNF144B	4	0.67564	0.67525	0.999995	570	0	-0.10555	0.083523	0.083519	0.999995	68	0	-0.10555
MANF	4	0.67722	0.67671	0.999995	571	0	-0.098417	0.3385	0.3381	0.999995	325	0	-0.098417
CCNL2	4	0.67762	0.67699	0.999995	572	0	-0.051379	0.75512	0.7552	0.999995	715	0	-0.051379
DEGS1	4	0.6784	0.67776	0.999995	573	0	-0.17599	0.62003	0.61941	0.999995	591	0	-0.17599
PCBD2	4	0.6788	0.67811	0.999995	574	0	0.089958	0.50698	0.50534	0.999995	482	0	0.089958
TIMM23B	4	0.67919	0.67853	0.999995	575	0	-0.12545	0.79116	0.79153	0.999995	743	0	-0.12545
EFR3A	4	0.68076	0.68005	0.999995	576	0	-0.29852	0.36909	0.36812	0.999995	353	0	-0.29852
ALAS1	8	0.68273	0.70355	0.999995	577	1	-0.030599	0.80951	0.80832	0.999995	760	0	-0.030599
PAPSS1	4	0.68311	0.68255	0.999995	578	0	-0.39531	0.84421	0.84491	0.999995	801	0	-0.39531
CNOT6	4	0.68389	0.68322	0.999995	579	0	-0.28201	0.69728	0.69693	0.999995	661	0	-0.28201
SATB1	4	0.68466	0.68389	0.999995	580	0	-0.11513	0.24454	0.24377	0.999995	230	0	-0.11513
DGAT1	4	0.68505	0.68441	0.999995	581	0	-0.030762	0.23703	0.23645	0.999995	218	0	-0.030762
DYNLT3	4	0.68737	0.68682	0.999995	582	0	-0.25022	0.071363	0.071581	0.999995	56	0	-0.25022
SAP30	4	0.68814	0.68752	0.999995	583	0	-0.063178	0.30471	0.30335	0.999995	290	0	-0.063178
TGFBR2	4	0.68891	0.68831	0.999995	584	0	0.012669	0.532	0.5309	0.999995	501	0	0.012669
LNX2	4	0.68968	0.68899	0.999995	585	0	-0.23386	0.69691	0.69665	0.999995	660	0	-0.23386
ENOX1	4	0.69045	0.68986	0.999995	586	0	-0.17535	0.51185	0.51019	0.999995	485	0	-0.17535
GATAD2A	4	0.69121	0.69062	0.999995	587	0	-0.0045701	0.26159	0.26055	0.999995	243	0	-0.0045701
HEATR5B	4	0.69159	0.69109	0.999995	588	0	-0.33794	0.39608	0.39448	0.999995	382	0	-0.33794
LGALS9	4	0.69312	0.69263	0.999995	589	0	-0.35146	0.16855	0.16827	0.999995	150	0	-0.35146
SMARCA2	4	0.6935	0.69298	0.999995	590	0	-0.25637	0.67722	0.67671	0.999995	641	0	-0.25637
CD72	4	0.69388	0.69334	0.999995	591	0	-0.35752	0.49768	0.4957	0.999995	472	0	-0.35752
WAS	4	0.69464	0.69418	0.999995	592	0	0.16702	0.27328	0.27212	0.999995	255	0	0.16702
STAM2	4	0.69691	0.69665	0.999995	593	0	-0.10742	0.23477	0.23426	0.999995	217	0	-0.10742
CTPS1	4	0.69728	0.69693	0.999995	594	0	-0.013284	0.39986	0.39814	0.999995	386	0	-0.013284
CDS1	4	0.69879	0.69842	0.999995	595	0	0.064318	0.42768	0.42575	0.999995	410	0	0.064318
PLD2	4	0.69991	0.69972	0.999995	596	0	0.038503	0.18292	0.18294	0.999995	165	0	0.038503
ISL1	4	0.70066	0.70057	0.999995	597	0	-0.20985	0.8358	0.83612	0.999995	792	0	-0.20985
IRF4	4	0.70215	0.70183	0.999995	598	0	-0.25739	0.47757	0.47553	0.999995	452	0	-0.25739
PTF1A	4	0.70289	0.70259	0.999995	599	0	-0.074806	0.34323	0.34266	0.999995	331	0	-0.074806
UQCRC1	4	0.70363	0.70332	0.999995	600	0	-0.39756	0.81173	0.81227	0.999995	761	0	-0.39756
SEC23A	4	0.704	0.7037	0.999995	601	0	0.062935	0.0582	0.058178	0.999995	46	0	0.062935
TRPM1	4	0.70437	0.70399	0.999995	602	0	-0.078096	0.33985	0.33953	0.999995	327	0	-0.078096
TNKS	4	0.70511	0.70465	0.999995	603	0	-0.3921	0.98355	0.98389	0.999995	967	0	-0.3921
UBASH3B	4	0.70548	0.70499	0.999995	604	0	-0.38134	0.66884	0.66837	0.999995	630	0	-0.38134
SPTLC3	4	0.70622	0.70566	0.999995	605	0	-0.23045	0.74034	0.73975	0.999995	700	0	-0.23045
KRT25	4	0.70769	0.70695	0.999995	606	0	-0.10952	0.10833	0.10878	0.999995	91	0	-0.10952
TPBGL	4	0.70806	0.70736	0.999995	607	0	0.026519	0.59861	0.59796	0.999995	568	0	0.026519
APH1B	4	0.70879	0.70813	0.999995	608	0	-0.32249	0.92151	0.92086	0.999995	878	0	-0.32249
GMPR	4	0.70915	0.70861	0.999995	609	0	-0.037835	0.35327	0.35267	0.999995	341	0	-0.037835
TBK1	4	0.71061	0.71009	0.999995	610	0	-0.36237	0.96687	0.96695	0.999995	936	0	-0.36237
BECN2	4	0.71243	0.71192	0.999995	611	0	-0.057937	0.60554	0.60494	0.999995	577	0	-0.057937
DGAT2L6	4	0.7146	0.71377	0.999995	612	0	-0.24333	0.85468	0.85515	0.999995	812	0	-0.24333
CDK5R2	4	0.71532	0.71453	0.999995	613	0	-0.28858	0.74567	0.74534	0.999995	706	0	-0.28858
RHOT1	4	0.71568	0.71497	0.999995	614	0	-0.13906	0.62448	0.62419	0.999995	598	0	-0.13906
NSDHL	4	0.71604	0.71521	0.999995	615	0	-0.25246	0.18767	0.1878	0.999995	169	0	-0.25246
SLC9A3R2	4	0.71675	0.71602	0.999995	616	0	-0.39264	0.57434	0.57411	0.999995	547	0	-0.39264
ACTL6B	4	0.71818	0.71737	0.999995	617	0	-0.129	0.54236	0.54095	0.999995	510	0	-0.129
CCNE1	4	0.71961	0.71898	0.999995	618	0	-0.12473	0.58015	0.57979	0.999995	553	0	-0.12473
TBC1D4	4	0.71996	0.71926	0.999995	619	0	-0.25495	0.72804	0.72748	0.999995	688	0	-0.25495
CAVIN1	4	0.72032	0.71958	0.999995	620	0	-0.22199	0.84005	0.84056	0.999995	796	0	-0.22199
EXOC6B	4	0.72244	0.72173	0.999995	621	0	-0.17324	0.24154	0.24094	0.999995	225	0	-0.17324
GJA8	4	0.72315	0.72246	0.999995	622	0	-0.27121	0.54543	0.54407	0.999995	515	0	-0.27121
MPC1	4	0.7249	0.72446	0.999995	623	0	-0.30823	0.90487	0.90369	0.999995	856	0	-0.30823
EPHA3	4	0.72525	0.72479	0.999995	624	0	-0.11698	0.78012	0.78056	0.999995	736	0	-0.11698
NAT8L	4	0.7256	0.72511	0.999995	625	0	-0.0039121	0.62932	0.6289	0.999995	602	0	-0.0039121
SPATA16	4	0.72665	0.72617	0.999995	626	0	-0.41894	0.95935	0.95898	0.999995	923	0	-0.41894
CHM	4	0.72804	0.72748	0.999995	627	0	-0.25485	0.12848	0.12862	0.999995	112	0	-0.25485
HRAS	4	0.72978	0.72905	0.999995	628	0	-0.33545	0.88055	0.88092	0.999995	841	0	-0.33545
SYK	4	0.73012	0.72934	0.999995	629	0	0.046296	0.37495	0.37374	0.999995	359	0	0.046296
DLL1	4	0.73116	0.73044	0.999995	630	0	-0.13231	0.38526	0.38413	0.999995	372	0	-0.13231
SNTA1	4	0.73219	0.73135	0.999995	631	0	-0.19006	0.17735	0.17695	0.999995	160	0	-0.19006
PPP3CC	4	0.73356	0.7327	0.999995	632	0	0.0086714	0.073108	0.073225	0.999995	57	0	0.0086714
TYROBP	4	0.73425	0.73355	0.999995	633	0	0.30771	0.12681	0.12702	0.999995	110	0	0.30771
DUOX1	4	0.73459	0.73396	0.999995	634	0	-0.22886	0.59205	0.59162	0.999995	564	0	-0.22886
STT3A	4	0.73493	0.73434	0.999995	635	0	-0.05184	0.6457	0.64537	0.999995	611	0	-0.05184
RP1	4	0.73527	0.73462	0.999995	636	0	-0.24668	0.82558	0.82625	0.999995	778	0	-0.24668
ACACB	4	0.73697	0.73635	0.999995	637	0	-0.20814	0.32898	0.32853	0.999995	315	0	-0.20814
TSG101	4	0.73764	0.73704	0.999995	638	0	-0.29661	0.77714	0.77762	0.999995	733	0	-0.29661
ICK	4	0.73798	0.7374	0.999995	639	0	-0.13557	0.22109	0.22062	0.999995	206	0	-0.13557
IQCA1L	4	0.73832	0.73776	0.999995	640	0	-0.14934	0.2769	0.27584	0.999995	259	0	-0.14934
GIT1	4	0.73899	0.73852	0.999995	641	0	0.053835	0.50153	0.49972	0.999995	475	0	0.053835
ZNF260	4	0.73933	0.73885	0.999995	642	0	-0.21735	0.56255	0.56228	0.999995	536	0	-0.21735
SBNO2	4	0.74	0.73952	0.999995	643	0	-0.21227	0.75958	0.75973	0.999995	720	0	-0.21227
SMARCC2	4	0.74034	0.73975	0.999995	644	0	-0.41726	0.85962	0.8599	0.999995	820	0	-0.41726
DDX39B	4	0.74101	0.74047	0.999995	645	0	-0.082702	0.28841	0.28702	0.999995	271	0	-0.082702
ATP6V1B1	4	0.74135	0.74078	0.999995	646	0	-0.16502	0.85577	0.85614	0.999995	814	0	-0.16502
AP3M1	4	0.74235	0.7418	0.999995	647	0	0.057767	0.26452	0.26325	0.999995	247	0	0.057767
STX12	4	0.74301	0.74249	0.999995	648	0	-0.2667	0.079194	0.079325	0.999995	63	0	-0.2667
ARPC5L	4	0.74368	0.74322	0.999995	649	0	0.058951	0.40112	0.39925	0.999995	387	0	0.058951
PPP2R1B	4	0.74401	0.74355	0.999995	650	0	-0.40485	0.97311	0.97339	0.999995	948	0	-0.40485
DMP1	4	0.74434	0.74392	0.999995	651	0	-0.18723	0.66153	0.66092	0.999995	625	0	-0.18723
RAP1GAP2	4	0.74468	0.74424	0.999995	652	0	-0.23873	0.50535	0.50375	0.999995	479	0	-0.23873
RPS7	1	0.74498	0.7465	0.999995	653	0	0.033944	0.25502	0.2555	0.999995	238	0	0.033944
AIPL1	4	0.74501	0.74462	0.999995	654	0	0.039267	0.37948	0.37839	0.999995	366	0	0.039267
SEC31A	4	0.74567	0.74534	0.999995	655	0	-0.13482	0.21032	0.20974	0.999995	195	0	-0.13482
DGKZ	3	0.74707	0.74788	0.999995	656	0	-0.10869	0.4048	0.4031	0.999995	392	0	-0.10869
PXDNL	4	0.74797	0.74792	0.999995	657	0	0.060516	0.04757	0.047912	0.999995	36	1	0.060516
ARFIP2	4	0.74863	0.74867	0.999995	658	0	-0.22061	0.48826	0.48634	0.999995	462	0	-0.22061
BATF3	4	0.74928	0.74943	0.999995	659	0	0.091289	0.47927	0.47716	0.999995	453	0	0.091289
PIP4P1	4	0.75091	0.7511	0.999995	660	0	-0.07923	0.1318	0.13179	0.999995	114	0	-0.07923
DYNLRB2	4	0.75254	0.75265	0.999995	661	0	-0.04943	0.24901	0.24822	0.999995	232	0	-0.04943
TTC7B	4	0.75286	0.75302	0.999995	662	0	-0.34401	0.82156	0.82241	0.999995	775	0	-0.34401
CHMP1B	4	0.75351	0.75359	0.999995	663	0	0.072001	0.13677	0.13697	0.999995	119	0	0.072001
GBX2	4	0.75544	0.75546	0.999995	664	0	-0.36915	0.71568	0.71497	0.999995	675	0	-0.36915
CLTB	4	0.75608	0.75605	0.999995	665	0	-0.22376	0.26306	0.26185	0.999995	245	0	-0.22376
HNRNPH3	4	0.7564	0.75634	0.999995	666	0	-0.27364	0.44211	0.44063	0.999995	421	0	-0.27364
G6PC	4	0.75672	0.75667	0.999995	667	0	-0.073399	0.22567	0.22536	0.999995	210	0	-0.073399
RAMP2	4	0.75736	0.75735	0.999995	668	0	-0.33494	0.93251	0.93172	0.999995	892	0	-0.33494
SERPINA11	4	0.75768	0.75766	0.999995	669	0	-0.026186	0.51881	0.51756	0.999995	491	0	-0.026186
TMEM185A	4	0.75863	0.75868	0.999995	670	0	0.0081639	0.22032	0.21976	0.999995	205	0	0.0081639
CWF19L1	4	0.75895	0.75905	0.999995	671	0	-0.24221	0.56056	0.56017	0.999995	534	0	-0.24221
RANBP6	3	0.75932	0.75984	0.999995	672	0	0.10664	0.33411	0.33231	0.999995	321	0	0.10664
CADPS2	4	0.76148	0.76169	0.999995	673	0	-0.070884	0.62182	0.62137	0.999995	594	0	-0.070884
NBEAL1	4	0.76211	0.76224	0.999995	674	0	-0.20617	0.58351	0.58297	0.999995	557	0	-0.20617
MYD88	4	0.76242	0.76257	0.999995	675	0	0.12603	0.34659	0.34609	0.999995	334	0	0.12603
APOBEC3C	4	0.76274	0.7629	0.999995	676	0	-0.081269	0.42586	0.42408	0.999995	409	0	-0.081269
SAMD4A	4	0.76368	0.76391	0.999995	677	0	-0.26596	0.71604	0.71521	0.999995	676	0	-0.26596
DEGS2	4	0.76492	0.76504	0.999995	678	0	0.15929	0.06436	0.064651	0.999995	50	0	0.15929
ZMIZ2	4	0.76679	0.76708	0.999995	679	0	0.091573	0.1613	0.16079	0.999995	141	0	0.091573
MORF4L1	3	0.76727	0.76813	0.999995	680	0	-0.008926	0.08044	0.08052	0.999995	65	0	-0.008926
SLC22A13	4	0.76864	0.76903	0.999995	681	0	-0.25483	0.84329	0.8439	0.999995	799	0	-0.25483
PUM1	4	0.76925	0.76957	0.999995	682	0	-0.27128	0.84738	0.84807	0.999995	804	0	-0.27128
DMXL2	4	0.76956	0.76979	0.999995	683	0	-0.22707	0.11256	0.11283	0.999995	97	0	-0.22707
CCND3	4	0.77048	0.77081	0.999995	684	0	-0.10047	0.10069	0.10068	0.999995	85	0	-0.10047
RAP1GAP	4	0.7714	0.7718	0.999995	685	0	0.010709	0.17656	0.17615	0.999995	159	0	0.010709
KRT38	4	0.7717	0.77212	0.999995	686	0	-0.25048	0.51721	0.51586	0.999995	489	0	-0.25048
RPRD1A	4	0.77262	0.77318	0.999995	687	0	-0.24347	0.75091	0.7511	0.999995	712	0	-0.24347
ZFYVE19	4	0.77383	0.77441	0.999995	688	0	-0.0098391	0.60324	0.60271	0.999995	573	0	-0.0098391
SPATA21	4	0.77443	0.77508	0.999995	689	0	-0.050767	0.25124	0.2503	0.999995	234	0	-0.050767
SLC35F3	4	0.77474	0.77537	0.999995	690	0	-0.24696	0.61329	0.61278	0.999995	582	0	-0.24696
CEACAM1	4	0.77504	0.77561	0.999995	691	0	-0.14217	0.44032	0.43877	0.999995	419	0	-0.14217
RAD17	3	0.77529	0.77612	0.999995	692	0	-0.1576	0.81333	0.81341	0.999995	762	0	-0.1576
CTPS2	4	0.77594	0.77643	0.999995	693	0	-0.31041	0.74633	0.74596	0.999995	707	0	-0.31041
TPST2	4	0.77654	0.77697	0.999995	694	0	-0.31336	0.82904	0.82946	0.999995	783	0	-0.31336
ARHGEF3	4	0.77714	0.77762	0.999995	695	0	-0.11152	0.042221	0.042607	0.999995	30	1	-0.11152
PPP2CB	3	0.77733	0.77796	0.999995	696	0	-0.095163	0.23916	0.2382	0.999995	221	0	-0.095163
RIC8B	4	0.77952	0.77996	0.999995	697	0	-0.044911	0.4551	0.45385	0.999995	431	0	-0.044911
SEC11A	4	0.78041	0.78082	0.999995	698	0	0.0013803	0.3026	0.30143	0.999995	288	0	0.0013803
CLCA1	4	0.781	0.78141	0.999995	699	0	-0.13068	0.67125	0.67071	0.999995	634	0	-0.13068
RTP1	4	0.7813	0.78173	0.999995	700	0	-0.055887	0.25717	0.25619	0.999995	241	0	-0.055887
TREM2	4	0.78159	0.78206	0.999995	701	0	-0.2023	0.091277	0.091299	0.999995	75	0	-0.2023
ATP6V1E2	4	0.78189	0.78241	0.999995	702	0	-0.26923	0.23929	0.23852	0.999995	222	0	-0.26923
ARFGEF1	4	0.78336	0.78382	0.999995	703	0	-0.27962	0.71711	0.71637	0.999995	677	0	-0.27962
SEC14L3	4	0.78365	0.78414	0.999995	704	0	-0.040642	0.56897	0.5689	0.999995	542	0	-0.040642
SLC32A1	4	0.78394	0.78452	0.999995	705	0	-0.096031	0.36713	0.36598	0.999995	351	0	-0.096031
SAR1B	4	0.78453	0.78502	0.999995	706	0	-0.21414	0.522	0.52075	0.999995	493	0	-0.21414
DHX29	3	0.78562	0.78655	0.999995	707	0	-0.23279	0.17271	0.1725	0.999995	155	0	-0.23279
SMARCA4	4	0.78569	0.78598	0.999995	708	0	-0.17456	0.12264	0.12292	0.999995	104	0	-0.17456
ESRP1	4	0.78945	0.78966	0.999995	709	0	-0.14576	0.61419	0.61363	0.999995	583	0	-0.14576
RNF113B	4	0.79145	0.7918	0.999995	710	0	-0.089201	0.085251	0.085125	0.999995	70	0	-0.089201
SMAP1	4	0.7923	0.79263	0.999995	711	0	0.059503	0.45276	0.45156	0.999995	430	0	0.059503
KRTAP1-1	4	0.79287	0.79329	0.999995	712	0	0.1953	0.077458	0.077709	0.999995	61	0	0.1953
GRM4	4	0.79343	0.79398	0.999995	713	0	0.0095073	0.43131	0.42952	0.999995	412	0	0.0095073
FAM126B	4	0.79484	0.79522	0.999995	714	0	-0.047564	0.40238	0.40028	0.999995	389	0	-0.047564
COQ10B	4	0.79512	0.79542	0.999995	715	0	-0.23071	0.82707	0.82763	0.999995	779	0	-0.23071
FOXK1	4	0.79625	0.79662	0.999995	716	0	-0.017215	0.42342	0.42167	0.999995	407	0	-0.017215
GBP3	4	0.79653	0.79699	0.999995	717	0	-0.08494	0.56106	0.5607	0.999995	535	0	-0.08494
JAG2	4	0.7968	0.79718	0.999995	718	0	-0.039725	0.10154	0.10175	0.999995	86	0	-0.039725
FLOT1	4	0.79792	0.79834	0.999995	719	0	0.17349	0.22871	0.22819	0.999995	213	0	0.17349
DDI1	8	0.79933	0.79869	0.999995	720	0	-0.21813	0.57654	0.5773	0.999995	551	0	-0.21813
MED23	4	0.79958	0.79989	0.999995	721	0	0.21341	0.024229	0.024804	0.999995	15	1	0.21341
PDLIM5	4	0.79986	0.80006	0.999995	722	0	-0.12073	0.55657	0.55594	0.999995	531	0	-0.12073
RNF130	4	0.80013	0.80035	0.999995	723	0	-0.17741	0.25495	0.25401	0.999995	237	0	-0.17741
MACF1	4	0.80041	0.80062	0.999995	724	0	-0.076399	0.1134	0.11352	0.999995	98	0	-0.076399
CAPN2	4	0.80233	0.80239	0.999995	725	0	-0.23667	0.16614	0.16572	0.999995	148	0	-0.23667
KHSRP	4	0.80261	0.80263	0.999995	726	0	0.0043144	0.32486	0.32436	0.999995	310	0	0.0043144
ARHGEF6	4	0.80288	0.80288	0.999995	727	0	-0.20556	0.61959	0.61884	0.999995	590	0	-0.20556
UAP1L1	4	0.80342	0.80342	0.999995	728	0	-0.25378	0.93324	0.93249	0.999995	893	0	-0.25378
DUSP10	4	0.8037	0.80377	0.999995	729	0	-0.28782	0.50098	0.49901	0.999995	474	0	-0.28782
CDK16	4	0.80424	0.80432	0.999995	730	0	-0.3	0.30611	0.30472	0.999995	291	0	-0.3
CYP2C8	4	0.80505	0.80502	0.999995	731	0	-0.091254	0.63801	0.63723	0.999995	606	0	-0.091254
TAP1	4	0.80721	0.80738	0.999995	732	0	-0.029598	0.66071	0.66002	0.999995	624	0	-0.029598
ZNF423	4	0.80748	0.80774	0.999995	733	0	-0.22336	0.5086	0.50697	0.999995	483	0	-0.22336
ESRP2	4	0.80775	0.80803	0.999995	734	0	-0.19036	0.61645	0.61567	0.999995	587	0	-0.19036
KRT37	4	0.80801	0.80836	0.999995	735	0	-0.20999	0.19866	0.19855	0.999995	182	0	-0.20999
TAS1R2	4	0.80855	0.80894	0.999995	736	0	-0.31821	0.8458	0.84645	0.999995	803	0	-0.31821
IRF6	4	0.80988	0.81043	0.999995	737	0	0.020239	0.060844	0.060942	0.999995	48	0	0.020239
SNX6	4	0.81015	0.81073	0.999995	738	0	0.04621	0.19318	0.19338	0.999995	175	0	0.04621
CDK5R1	4	0.81068	0.81129	0.999995	739	0	-0.10474	0.7189	0.71815	0.999995	681	0	-0.10474
GYS2	4	0.812	0.81257	0.999995	740	0	-0.14446	0.48322	0.48135	0.999995	457	0	-0.14446
GBX1	4	0.81252	0.81325	0.999995	741	0	-0.14076	0.67683	0.67638	0.999995	640	0	-0.14076
TBR1	4	0.81279	0.81352	0.999995	742	0	-0.14576	0.4222	0.42036	0.999995	405	0	-0.14576
YAF2	4	0.81383	0.81468	0.999995	743	0	-0.032227	0.14007	0.14002	0.999995	123	0	-0.032227
NET1	4	0.8141	0.81493	0.999995	744	0	-0.28436	0.11424	0.11437	0.999995	99	0	-0.28436
UNC45B	4	0.8154	0.81623	0.999995	745	0	-0.23946	0.32417	0.32346	0.999995	309	0	-0.23946
BAP1	4	0.81566	0.81655	0.999995	746	0	-0.20347	0.81383	0.81468	0.999995	764	0	-0.20347
FKBP4	4	0.81618	0.81708	0.999995	747	0	-0.094043	0.41667	0.41485	0.999995	401	0	-0.094043
SLCO2B1	4	0.81721	0.81819	0.999995	748	0	0.18835	0.086975	0.086872	0.999995	71	0	0.18835
TMEM30B	4	0.81747	0.81841	0.999995	749	0	-0.10145	0.46556	0.4644	0.999995	442	0	-0.10145
TLN2	4	0.81773	0.81869	0.999995	750	0	-0.060366	0.22643	0.22611	0.999995	211	0	-0.060366
SS18L1	4	0.81952	0.82022	0.999995	751	0	-0.18169	0.91268	0.91162	0.999995	866	0	-0.18169
IL6R	4	0.81978	0.82052	0.999995	752	0	-0.20601	0.8064	0.80651	0.999995	758	0	-0.20601
VRTN	4	0.82054	0.82139	0.999995	753	0	0.033008	0.20256	0.20212	0.999995	186	0	0.033008
DYNC1LI1	3	0.82069	0.82048	0.999995	754	0	-0.12223	0.24204	0.24097	0.999995	226	0	-0.12223
TMEM185B	4	0.82105	0.82199	0.999995	755	0	0.035047	0.21572	0.21493	0.999995	201	0	0.035047
KCNMB3	4	0.82181	0.82266	0.999995	756	0	0.0029667	0.044007	0.044419	0.999995	32	1	0.0029667
RXFP3	4	0.82232	0.82319	0.999995	757	0	-0.073381	0.62092	0.62034	0.999995	592	0	-0.073381
ATOH1	4	0.82257	0.82341	0.999995	758	0	-0.22422	0.64697	0.64641	0.999995	612	0	-0.22422
CHML	4	0.82332	0.82413	0.999995	759	0	-0.046219	0.68115	0.68049	0.999995	645	0	-0.046219
AP1G2	4	0.82358	0.82434	0.999995	760	0	-0.11651	0.73595	0.73527	0.999995	695	0	-0.11651
PSMB9	4	0.82433	0.8251	0.999995	761	0	-0.1563	0.4439	0.44257	0.999995	423	0	-0.1563
RANBP9	4	0.82483	0.82553	0.999995	762	0	-0.24076	0.90376	0.90282	0.999995	854	0	-0.24076
NRBP1	4	0.82533	0.82602	0.999995	763	0	-0.0047552	0.066115	0.066341	0.999995	52	0	-0.0047552
MTA3	4	0.82582	0.82645	0.999995	764	0	-0.068961	0.67085	0.67034	0.999995	633	0	-0.068961
ITSN2	4	0.82632	0.82697	0.999995	765	0	0.020533	0.05201	0.052078	0.999995	41	0	0.020533
CPS1	4	0.82707	0.82763	0.999995	766	0	-0.17344	0.80261	0.80263	0.999995	753	0	-0.17344
CLTCL1	4	0.82904	0.82946	0.999995	767	0	-0.1244	0.30822	0.30694	0.999995	292	0	-0.1244
EZH2	4	0.82977	0.83021	0.999995	768	0	-0.081347	0.72244	0.72173	0.999995	684	0	-0.081347
SLC9A3R1	4	0.83075	0.83124	0.999995	769	0	-0.084592	0.71207	0.71151	0.999995	670	0	-0.084592
HACD1	4	0.83099	0.83159	0.999995	770	0	0.23859	0.28483	0.28355	0.999995	267	0	0.23859
DST	4	0.83123	0.83177	0.999995	771	0	-0.1008	0.3704	0.36951	0.999995	354	0	-0.1008
FZD8	4	0.83245	0.83302	0.999995	772	0	-0.01915	0.20023	0.19995	0.999995	184	0	-0.01915
ABL2	4	0.83389	0.83432	0.999995	773	0	-0.12863	0.18133	0.18117	0.999995	162	0	-0.12863
RNF2	3	0.83649	0.83715	0.999995	774	0	0.32311	0.041287	0.040776	0.999995	29	0	0.32311
ANKRD37	4	0.83652	0.83687	0.999995	775	0	0.015979	0.50371	0.502	0.999995	478	0	0.015979
FKBP9	4	0.83723	0.83754	0.999995	776	0	-0.065007	0.57386	0.57366	0.999995	546	0	-0.065007
MOGAT2	4	0.83888	0.8394	0.999995	777	0	-0.00039057	0.11845	0.11838	0.999995	102	0	-0.00039057
CAV1	4	0.83911	0.83965	0.999995	778	0	-0.16401	0.26379	0.26261	0.999995	246	0	-0.16401
ABCB1	4	0.84074	0.84115	0.999995	779	0	0.033088	0.21802	0.21732	0.999995	203	0	0.033088
NETO2	4	0.84144	0.84193	0.999995	780	0	-0.19952	0.32761	0.32723	0.999995	313	0	-0.19952
DNAJC15	4	0.8419	0.84239	0.999995	781	0	-0.037694	0.67325	0.67281	0.999995	636	0	-0.037694
FMR1	4	0.84306	0.84367	0.999995	782	0	-0.057363	0.43853	0.43692	0.999995	417	0	-0.057363
SHMT2	4	0.84329	0.8439	0.999995	783	0	-0.29615	0.941	0.94034	0.999995	901	0	-0.29615
BRSK1	4	0.84352	0.8442	0.999995	784	0	-0.20445	0.82977	0.83021	0.999995	785	0	-0.20445
PLXDC1	8	0.84367	0.84285	0.999995	785	0	-0.084282	0.27458	0.27389	0.999995	256	0	-0.084282
ZNRF4	4	0.84375	0.84437	0.999995	786	0	-0.19333	0.39418	0.39263	0.999995	381	0	-0.19333
LSM14A	4	0.84421	0.84491	0.999995	787	0	-0.31198	0.70622	0.70566	0.999995	667	0	-0.31198
COX6B2	4	0.84489	0.84555	0.999995	788	0	-0.11436	0.30119	0.29988	0.999995	286	0	-0.11436
NAA11	4	0.8458	0.84645	0.999995	789	0	-0.11769	0.31796	0.31722	0.999995	301	0	-0.11769
CYP7A1	4	0.84603	0.84667	0.999995	790	0	-0.13103	0.8549	0.85539	0.999995	813	0	-0.13103
FCRL3	4	0.84625	0.84689	0.999995	791	0	0.16713	0.12598	0.12621	0.999995	109	0	0.16713
AQP8	4	0.84671	0.84743	0.999995	792	0	0.20698	0.14172	0.14184	0.999995	124	0	0.20698
CD44	4	0.84716	0.84788	0.999995	793	0	0.020836	0.65118	0.65063	0.999995	617	0	0.020836
BTBD11	4	0.84985	0.85043	0.999995	794	0	0.052921	0.24678	0.24603	0.999995	231	0	0.052921
PLCG1	4	0.85228	0.85264	0.999995	795	0	-0.084243	0.025134	0.025598	0.999995	16	1	-0.084243
NDUFB4	4	0.85272	0.85301	0.999995	796	0	-0.0073176	0.71424	0.71354	0.999995	672	0	-0.0073176
KCNG4	4	0.85294	0.8532	0.999995	797	0	0.093752	0.2325	0.23199	0.999995	214	0	0.093752
ERN1	4	0.85316	0.85352	0.999995	798	0	-0.049899	0.20878	0.20817	0.999995	193	0	-0.049899
UNC119B	4	0.8536	0.85395	0.999995	799	0	-0.13912	0.72978	0.72905	0.999995	689	0	-0.13912
PLAU	4	0.85425	0.85469	0.999995	800	0	-0.16922	0.10918	0.10949	0.999995	92	0	-0.16922
GNB3	4	0.8549	0.85539	0.999995	801	0	-0.098089	0.68814	0.68752	0.999995	649	0	-0.098089
SUV39H2	3	0.85537	0.85557	0.999995	802	0	-0.12716	0.20699	0.20601	0.999995	192	0	-0.12716
GOLT1A	4	0.85598	0.85637	0.999995	803	0	-0.1416	0.65783	0.65732	0.999995	621	0	-0.1416
TPBG	4	0.85663	0.85696	0.999995	804	0	-0.054712	0.39671	0.39504	0.999995	384	0	-0.054712
SLC25A37	4	0.8577	0.85796	0.999995	805	0	0.15037	0.24004	0.23937	0.999995	223	0	0.15037
ERN2	4	0.85834	0.85872	0.999995	806	0	-0.17333	0.38718	0.38567	0.999995	373	0	-0.17333
LNX1	4	0.85877	0.85907	0.999995	807	0	-0.030747	0.68891	0.68831	0.999995	650	0	-0.030747
TBC1D26	2	0.86043	0.85899	0.999995	808	0	-0.067628	0.54861	0.54703	0.999995	520	0	-0.067628
S1PR4	4	0.86067	0.86078	0.999995	809	0	-0.079367	0.061724	0.061764	0.999995	49	0	-0.079367
ASF1A	4	0.86276	0.86293	0.999995	810	0	-0.17927	0.37235	0.37125	0.999995	357	0	-0.17927
UBQLN3	4	0.86401	0.86419	0.999995	811	0	-0.0018549	0.54287	0.54154	0.999995	511	0	-0.0018549
ARSJ	4	0.86421	0.8644	0.999995	812	0	0.10585	0.31449	0.31364	0.999995	297	0	0.10585
LMBR1	4	0.86442	0.86461	0.999995	813	0	-0.17925	0.47359	0.47167	0.999995	449	0	-0.17925
KIAA0319	4	0.86545	0.86561	0.999995	814	0	-0.03959	0.52571	0.52492	0.999995	495	0	-0.03959
YIF1B	4	0.86565	0.86583	0.999995	815	0	-0.031384	0.28626	0.28501	0.999995	269	0	-0.031384
MRPL55	4	0.86586	0.86601	0.999995	816	0	-0.045221	0.15643	0.1559	0.999995	139	0	-0.045221
ABCC3	4	0.86606	0.86623	0.999995	817	0	-0.13573	0.6652	0.66448	0.999995	628	0	-0.13573
LIN28B	4	0.86688	0.86717	0.999995	818	0	-0.17547	0.17496	0.17465	0.999995	157	0	-0.17547
SPTA1	4	0.86749	0.86771	0.999995	819	0	-0.22468	0.69916	0.69891	0.999995	662	0	-0.22468
EPS15L1	4	0.8685	0.86874	0.999995	820	0	0.22478	0.098128	0.098015	0.999995	80	0	0.22478
SLC25A15	4	0.8695	0.86967	0.999995	821	0	-0.24169	0.69083	0.6902	0.999995	653	0	-0.24169
GOLT1B	4	0.8701	0.87032	0.999995	822	0	-0.15923	0.63758	0.63685	0.999995	605	0	-0.15923
TCF3	4	0.8711	0.87125	0.999995	823	0	0.050243	0.19397	0.19405	0.999995	176	0	0.050243
LOR	4	0.87129	0.87142	0.999995	824	0	0.071827	0.34053	0.34009	0.999995	328	0	0.071827
SPOPL	4	0.87149	0.87157	0.999995	825	0	-0.084331	0.5878	0.58721	0.999995	561	0	-0.084331
NXT2	4	0.87189	0.87205	0.999995	826	0	-0.027429	0.26672	0.26552	0.999995	249	0	-0.027429
AP2A2	4	0.87228	0.87243	0.999995	827	0	-0.091842	0.17336	0.1733	0.999995	156	0	-0.091842
CALY	4	0.87307	0.87323	0.999995	828	0	-0.17314	0.75704	0.75704	0.999995	717	0	-0.17314
G3BP2	4	0.87327	0.87346	0.999995	829	0	-0.1256	0.62226	0.62187	0.999995	595	0	-0.1256
TANC2	3	0.87361	0.87392	0.999995	830	0	0.13483	0.37645	0.37467	0.999995	362	0	0.13483
ERO1B	4	0.87385	0.87408	0.999995	831	0	-0.25149	0.86255	0.8627	0.999995	824	0	-0.25149
RRAGD	4	0.87483	0.87517	0.999995	832	0	-0.21434	0.47188	0.47011	0.999995	448	0	-0.21434
UAP1	4	0.87695	0.87733	0.999995	833	0	0.17589	0.31658	0.31585	0.999995	299	0	0.17589
RSPH1	4	0.87733	0.87773	0.999995	834	0	0.18777	0.055551	0.055553	0.999995	44	0	0.18777
FOXA1	4	0.87885	0.87918	0.999995	835	0	-0.16633	0.58732	0.58675	0.999995	560	0	-0.16633
FXR2	4	0.87904	0.87935	0.999995	836	0	0.029364	0.42036	0.41857	0.999995	404	0	0.029364
LSM14B	4	0.87923	0.87958	0.999995	837	0	-0.24986	0.92138	0.92073	0.999995	877	0	-0.24986
NBEAL2	4	0.87942	0.87978	0.999995	838	0	-0.17346	0.48937	0.48738	0.999995	464	0	-0.17346
EFNB1	4	0.88036	0.8807	0.999995	839	0	0.10017	0.21341	0.21267	0.999995	198	0	0.10017
LHFPL5	4	0.88111	0.88166	0.999995	840	0	-0.010318	0.35193	0.35134	0.999995	339	0	-0.010318
E2F4	4	0.88167	0.88205	0.999995	841	0	-0.050828	0.38012	0.37899	0.999995	367	0	-0.050828
CLDN4	4	0.88186	0.88216	0.999995	842	0	0.018171	0.50589	0.50428	0.999995	480	0	0.018171
ZNF146	4	0.88297	0.883	0.999995	843	0	-0.19616	0.39101	0.38944	0.999995	377	0	-0.19616
POU5F2	4	0.88315	0.88322	0.999995	844	0	0.060815	0.10748	0.10793	0.999995	89	0	0.060815
PLEK2	4	0.88481	0.88466	0.999995	845	0	-0.015693	0.23778	0.23715	0.999995	219	0	-0.015693
SATB2	4	0.88535	0.88531	0.999995	846	0	0.33909	0.053782	0.053834	0.999995	43	0	0.33909
NCK2	4	0.88662	0.88644	0.999995	847	0	-0.079858	0.31031	0.30902	0.999995	294	0	-0.079858
GDI1	4	0.8868	0.88669	0.999995	848	0	-0.028361	0.69236	0.692	0.999995	654	0	-0.028361
DRD3	4	0.88805	0.88802	0.999995	849	0	-0.17275	0.87848	0.87886	0.999995	840	0	-0.17275
IDH2	4	0.88823	0.88816	0.999995	850	0	0.061306	0.24976	0.2489	0.999995	233	0	0.061306
IKBKB	4	0.88841	0.88832	0.999995	851	0	0.0069267	0.40175	0.39973	0.999995	388	0	0.0069267
RNF44	4	0.88894	0.88875	0.999995	852	0	-0.238	0.16453	0.16405	0.999995	145	0	-0.238
STRIP2	4	0.88912	0.88895	0.999995	853	0	-0.16004	0.31727	0.31664	0.999995	300	0	-0.16004
HEATR5A	4	0.8893	0.8891	0.999995	854	0	-0.20417	0.91119	0.9099	0.999995	861	0	-0.20417
RNF125	4	0.88948	0.88932	0.999995	855	0	-0.24216	0.6935	0.69298	0.999995	657	0	-0.24216
CBLL1	4	0.88965	0.88948	0.999995	856	0	0.62719	0.00065178	0.0014058	0.165567	9	2	0.62719
PPP3R1	4	0.8928	0.89244	0.999995	857	0	-0.17189	0.64528	0.64489	0.999995	610	0	-0.17189
FBLN1	4	0.89314	0.89286	0.999995	858	0	-0.22018	0.60646	0.60592	0.999995	578	0	-0.22018
TBC1D9	4	0.89366	0.89331	0.999995	859	0	-0.1575	0.70363	0.70332	0.999995	665	0	-0.1575
FRS3	4	0.894	0.89354	0.999995	860	0	-0.15863	0.65327	0.6527	0.999995	619	0	-0.15863
RHOBTB2	4	0.89486	0.89429	0.999995	861	0	-0.064733	0.27473	0.27361	0.999995	257	0	-0.064733
CHMP1A	4	0.8952	0.89461	0.999995	862	0	-0.22296	0.89435	0.8939	0.999995	849	0	-0.22296
RSC1A1	4	0.89571	0.89504	0.999995	863	0	-0.089494	0.14254	0.14272	0.999995	125	0	-0.089494
PRSS37	4	0.89621	0.89553	0.999995	864	0	0.092086	0.403	0.40085	0.999995	391	0	0.092086
LIF	4	0.89655	0.89589	0.999995	865	0	-0.029576	0.068742	0.069022	0.999995	54	0	-0.029576
ADAP1	4	0.89722	0.89648	0.999995	866	0	-0.028181	0.49382	0.49164	0.999995	468	0	-0.028181
MBTD1	4	0.89739	0.89662	0.999995	867	0	-0.17804	0.62315	0.62281	0.999995	596	0	-0.17804
UTRN	4	0.89905	0.89833	0.999995	868	0	-0.16151	0.84985	0.85043	0.999995	809	0	-0.16151
GCM2	4	0.90053	0.89977	0.999995	869	0	-0.23133	0.94735	0.94674	0.999995	913	0	-0.23133
DCAF4L2	4	0.90102	0.90028	0.999995	870	0	-0.14471	0.75672	0.75667	0.999995	716	0	-0.14471
GXYLT2	4	0.90167	0.90085	0.999995	871	0	-0.19239	0.12765	0.12771	0.999995	111	0	-0.19239
ZMIZ1	4	0.90183	0.90097	0.999995	872	0	0.21874	0.1491	0.14888	0.999995	132	0	0.21874
HTR3D	4	0.90199	0.90113	0.999995	873	0	-0.068784	0.65866	0.65798	0.999995	622	0	-0.068784
TMEM120B	4	0.90248	0.9016	0.999995	874	0	-0.0028097	0.27835	0.27719	0.999995	260	0	-0.0028097
TCF12	4	0.9028	0.9019	0.999995	875	0	0.077644	0.59534	0.5948	0.999995	566	0	0.077644
LRBA	4	0.90296	0.90208	0.999995	876	0	0.13555	0.41359	0.41164	0.999995	399	0	0.13555
ZDHHC13	4	0.90328	0.90241	0.999995	877	0	-0.01407	0.18213	0.18199	0.999995	163	0	-0.01407
SLC25A24	4	0.90487	0.90369	0.999995	878	0	-0.10281	0.67285	0.67244	0.999995	635	0	-0.10281
GXYLT1	4	0.90629	0.90494	0.999995	879	0	-0.065003	0.15481	0.15444	0.999995	137	0	-0.065003
IKBKE	4	0.90644	0.90506	0.999995	880	0	-0.16686	0.71854	0.71775	0.999995	680	0	-0.16686
CASP4	4	0.90753	0.9061	0.999995	881	0	-0.16663	0.26525	0.26405	0.999995	248	0	-0.16663
FSD1	4	0.9083	0.90709	0.999995	882	0	-0.14648	0.46383	0.4626	0.999995	441	0	-0.14648
KAT6B	4	0.90876	0.90757	0.999995	883	0	-0.13847	0.47073	0.46916	0.999995	447	0	-0.13847
HTR3E	4	0.90968	0.90844	0.999995	884	0	0.11256	0.25421	0.25318	0.999995	236	0	0.11256
CCT6B	4	0.90983	0.90857	0.999995	885	0	-0.20293	0.84352	0.8442	0.999995	800	0	-0.20293
TANC1	4	0.91044	0.90912	0.999995	886	0	0.0095756	0.17016	0.17005	0.999995	151	0	0.0095756
IDH3G	4	0.91074	0.90935	0.999995	887	0	-0.063139	0.73459	0.73396	0.999995	693	0	-0.063139
CAP2	4	0.91089	0.90959	0.999995	888	0	-0.07319	0.6893	0.68865	0.999995	651	0	-0.07319
DMD	4	0.91298	0.9119	0.999995	889	0	-0.14116	0.71747	0.71666	0.999995	678	0	-0.14116
SBF1	4	0.91342	0.91231	0.999995	890	0	0.37695	0.0206	0.021226	0.999995	12	1	0.37695
MARCKS	4	0.91474	0.91367	0.999995	891	0	0.13837	0.059963	0.060083	0.999995	47	0	0.13837
NR5A1	4	0.91546	0.91445	0.999995	892	0	-0.19523	0.33034	0.32983	0.999995	316	0	-0.19523
HMGCLL1	4	0.91561	0.91459	0.999995	893	0	-0.012801	0.62801	0.62769	0.999995	601	0	-0.012801
TBC1D1	4	0.91604	0.91504	0.999995	894	0	-0.18942	0.048459	0.048921	0.999995	37	1	-0.18942
ADARB2	4	0.91647	0.91554	0.999995	895	0	-0.00077921	0.13097	0.1309	0.999995	113	0	-0.00077921
MTX1	3	0.91653	0.91623	0.999995	896	0	-0.12862	0.51433	0.51222	0.999995	487	0	-0.12862
TRAPPC3L	4	0.91676	0.91577	0.999995	897	0	-0.11038	0.80178	0.80188	0.999995	752	0	-0.11038
TMEM9	4	0.91775	0.91684	0.999995	898	0	0.19188	0.082659	0.082669	0.999995	67	0	0.19188
ATP7A	4	0.91804	0.91718	0.999995	899	0	-0.087567	0.65202	0.65146	0.999995	618	0	-0.087567
PACS1	4	0.91832	0.91747	0.999995	900	0	0.071334	0.54747	0.54636	0.999995	518	0	0.071334
NR2E1	4	0.9193	0.91842	0.999995	901	0	0.1488	0.22795	0.22754	0.999995	212	0	0.1488
TMEM120A	4	0.92179	0.92105	0.999995	902	0	0.02848	0.29695	0.29565	0.999995	281	0	0.02848
SMC1B	4	0.92301	0.92242	0.999995	903	0	-0.019303	0.035952	0.036293	0.999995	23	1	-0.019303
PSMB8	4	0.92355	0.92288	0.999995	904	0	-0.12883	0.68699	0.68639	0.999995	648	0	-0.12883
MED12	4	0.92381	0.92317	0.999995	905	0	-0.073477	0.17176	0.17149	0.999995	153	0	-0.073477
CYP2A6	4	0.92488	0.92429	0.999995	906	0	-0.072214	0.67762	0.67699	0.999995	642	0	-0.072214
GSTP1	4	0.92501	0.92437	0.999995	907	0	-0.08618	0.26745	0.26622	0.999995	250	0	-0.08618
SEC31B	4	0.92541	0.92472	0.999995	908	0	-0.088899	0.7315	0.73076	0.999995	691	0	-0.088899
SPDEF	4	0.92554	0.92482	0.999995	909	0	-0.016889	0.27907	0.27775	0.999995	261	0	-0.016889
RALGPS1	4	0.92567	0.92495	0.999995	910	0	-0.050407	0.36056	0.35954	0.999995	347	0	-0.050407
RB1	4	0.92684	0.92606	0.999995	911	0	0.12186	0.19161	0.19178	0.999995	173	0	0.12186
NSG1	4	0.92736	0.92656	0.999995	912	0	-0.14549	0.15237	0.15199	0.999995	135	0	-0.14549
XPR1	4	0.92775	0.92696	0.999995	913	0	0.0029941	0.26012	0.25903	0.999995	242	0	0.0029941
FAM50A	4	0.92852	0.92762	0.999995	914	0	-0.10669	0.35592	0.35496	0.999995	342	0	-0.10669
HMG20B	4	0.92865	0.92772	0.999995	915	0	0.033503	0.46844	0.46704	0.999995	444	0	0.033503
PLD1	4	0.92941	0.92856	0.999995	916	0	0.10318	0.41111	0.40931	0.999995	397	0	0.10318
JUP	4	0.93079	0.93001	0.999995	917	0	-0.061945	0.3228	0.32208	0.999995	308	0	-0.061945
GOLPH3	4	0.93178	0.93096	0.999995	918	0	0.047363	0.30961	0.30834	0.999995	293	0	0.047363
SLC17A2	4	0.93227	0.93144	0.999995	919	0	-0.033569	0.18925	0.18956	0.999995	171	0	-0.033569
ATP7B	4	0.93397	0.93324	0.999995	920	0	-0.083663	0.77982	0.78031	0.999995	735	0	-0.083663
SERPINA9	4	0.93457	0.93401	0.999995	921	0	-0.038065	0.080928	0.080941	0.999995	66	0	-0.038065
PDGFD	4	0.9361	0.93549	0.999995	922	0	0.1451	0.33375	0.33324	0.999995	320	0	0.1451
ALDOC	4	0.93646	0.93572	0.999995	923	0	-0.027606	0.76956	0.76979	0.999995	727	0	-0.027606
ZNF521	4	0.93704	0.93629	0.999995	924	0	0.20981	0.2711	0.26996	0.999995	253	0	0.20981
CLTA	4	0.93865	0.93791	0.999995	925	0	0.20088	0.11593	0.11582	0.999995	101	0	0.20088
FAM71A	4	0.93887	0.93819	0.999995	926	0	-0.12896	0.60185	0.60109	0.999995	572	0	-0.12896
CTNNB1	4	0.93944	0.93878	0.999995	927	0	-0.0043455	0.016961	0.017649	0.999995	10	1	-0.0043455
COPZ2	4	0.93966	0.93901	0.999995	928	0	-0.0058184	0.15562	0.15528	0.999995	138	0	-0.0058184
VPS37A	4	0.94056	0.93994	0.999995	929	0	-0.046973	0.74797	0.74792	0.999995	709	0	-0.046973
ARFIP1	4	0.94089	0.94023	0.999995	930	0	0.22743	0.052896	0.052966	0.999995	42	0	0.22743
PHLDA1	4	0.94166	0.9409	0.999995	931	0	-0.096575	0.58398	0.58343	0.999995	558	0	-0.096575
TBPL2	4	0.94188	0.94117	0.999995	932	0	0.32859	0.14747	0.14719	0.999995	131	0	0.32859
CCDC69	4	0.94199	0.94129	0.999995	933	0	0.043346	0.19475	0.19488	0.999995	178	0	0.043346
RING1	4	0.9421	0.94134	0.999995	934	0	-0.15307	0.75286	0.75302	0.999995	713	0	-0.15307
GDF15	4	0.94318	0.94245	0.999995	935	0	0.22452	0.19632	0.19632	0.999995	179	0	0.22452
ERC2	4	0.94393	0.94322	0.999995	936	0	-0.022162	0.14992	0.14969	0.999995	133	0	-0.022162
CNOT6L	4	0.94467	0.94394	0.999995	937	0	0.010324	0.14665	0.14632	0.999995	129	0	0.010324
FKBP10	4	0.9454	0.94481	0.999995	938	0	-0.076796	0.70289	0.70259	0.999995	663	0	-0.076796
ERO1A	4	0.94561	0.94502	0.999995	939	0	-0.083315	0.32624	0.32574	0.999995	311	0	-0.083315
LRFN1	4	0.94654	0.946	0.999995	940	0	-0.094123	0.48658	0.48454	0.999995	461	0	-0.094123
TCF4	4	0.94756	0.94696	0.999995	941	0	0.20622	0.078326	0.07854	0.999995	62	0	0.20622
ABTB2	4	0.94766	0.94708	0.999995	942	0	-0.16065	0.53824	0.53698	0.999995	506	0	-0.16065
ABCA3	4	0.94796	0.94737	0.999995	943	0	-0.02254	0.32142	0.32067	0.999995	306	0	-0.02254
LMBR1L	4	0.94826	0.94778	0.999995	944	0	0.1662	0.043114	0.043457	0.999995	31	1	0.1662
CSTF2T	4	0.94886	0.94841	0.999995	945	0	-0.10681	0.43373	0.43186	0.999995	414	0	-0.10681
HMGCL	4	0.94896	0.94853	0.999995	946	0	-0.073296	0.48546	0.48343	0.999995	459	0	-0.073296
XYLT2	4	0.94916	0.94876	0.999995	947	0	-0.14178	0.27979	0.27841	0.999995	262	0	-0.14178
PDCD4	4	0.94935	0.94895	0.999995	948	0	0.17184	0.12347	0.1237	0.999995	106	0	0.17184
CD163L1	4	0.95004	0.94962	0.999995	949	0	-0.11632	0.55001	0.54887	0.999995	522	0	-0.11632
VANGL1	4	0.95014	0.94972	0.999995	950	0	-0.14048	0.07572	0.076112	0.999995	60	0	-0.14048
ENOX2	4	0.9512	0.95079	0.999995	951	0	-0.09856	0.45744	0.45595	0.999995	434	0	-0.09856
RHBDF2	4	0.95149	0.95114	0.999995	952	0	-0.098697	0.69615	0.69589	0.999995	659	0	-0.098697
TRIM25	4	0.95158	0.95123	0.999995	953	0	0.054424	0.57628	0.57584	0.999995	550	0	0.054424
IAPP	4	0.95215	0.95189	0.999995	954	0	0.19969	0.28555	0.2843	0.999995	268	0	0.19969
NOX3	4	0.95281	0.95276	0.999995	955	0	0.01606	0.3486	0.348	0.999995	335	0	0.01606
DENND5B	4	0.95438	0.95412	0.999995	956	0	-0.12282	0.8305	0.83101	0.999995	787	0	-0.12282
TEX45	4	0.95474	0.95456	0.999995	957	0	-0.12593	0.82781	0.82834	0.999995	781	0	-0.12593
HRH1	4	0.95626	0.95604	0.999995	958	0	-0.023849	0.56552	0.56523	0.999995	538	0	-0.023849
RRM2B	8	0.95662	0.9565	0.999995	959	0	-0.14647	0.44929	0.44936	0.999995	429	0	-0.14647
TPRX1	4	0.95731	0.95715	0.999995	960	0	0.19176	0.20567	0.20521	0.999995	190	0	0.19176
ZNF185	4	0.95808	0.95781	0.999995	961	0	0.10829	0.22262	0.22214	0.999995	207	0	0.10829
PCBD1	4	0.95885	0.95857	0.999995	962	0	-0.080008	0.52886	0.52789	0.999995	499	0	-0.080008
S100A6	4	0.95935	0.95898	0.999995	963	0	0.066659	0.16291	0.16246	0.999995	143	0	0.066659
H1FOO	4	0.95952	0.95908	0.999995	964	0	0.15801	0.084387	0.084499	0.999995	69	0	0.15801
DENND5A	4	0.96018	0.95987	0.999995	965	0	-0.079103	0.49104	0.48901	0.999995	465	0	-0.079103
IMPDH1	4	0.96043	0.96015	0.999995	966	0	-0.010572	0.1845	0.18471	0.999995	166	0	-0.010572
TXNDC8	4	0.96164	0.96144	0.999995	967	0	-0.12071	0.47473	0.47282	0.999995	450	0	-0.12071
LIMK2	4	0.9618	0.96163	0.999995	968	0	-0.1312	0.84489	0.84555	0.999995	802	0	-0.1312
SMARCA1	4	0.96188	0.9617	0.999995	969	0	0.016069	0.3827	0.38172	0.999995	369	0	0.016069
RCBTB2	4	0.96204	0.96186	0.999995	970	0	-0.03061	0.089558	0.089469	0.999995	74	0	-0.03061
TSPO2	4	0.9622	0.96202	0.999995	971	0	0.013659	0.39355	0.39186	0.999995	380	0	0.013659
ELL2	4	0.96235	0.9622	0.999995	972	0	-0.0073265	0.64782	0.64709	0.999995	614	0	-0.0073265
TOMM20L	4	0.96267	0.96262	0.999995	973	0	-0.019481	0.3717	0.37062	0.999995	356	0	-0.019481
PCGF1	4	0.96306	0.96294	0.999995	974	0	0.13148	0.11509	0.11503	0.999995	100	0	0.13148
FEZ2	4	0.96321	0.96309	0.999995	975	0	0.0039458	0.4753	0.47343	0.999995	451	0	0.0039458
UNC119	4	0.96368	0.96353	0.999995	976	0	-0.13798	0.64187	0.64103	0.999995	609	0	-0.13798
UMPS	4	0.96414	0.96393	0.999995	977	0	0.12443	0.27545	0.27422	0.999995	258	0	0.12443
CHUK	8	0.96436	0.96427	0.999995	978	0	-0.03716	0.48647	0.48637	0.999995	460	0	-0.03716
PRKAB2	4	0.96541	0.96546	0.999995	979	0	0.0025441	0.43973	0.43817	0.999995	418	0	0.0025441
FAM50B	4	0.96578	0.96592	0.999995	980	0	8.3146e-05	0.62757	0.62726	0.999995	600	0	8.3146e-05
ANXA1	4	0.96658	0.96671	0.999995	981	0	-0.016575	0.32211	0.32131	0.999995	307	0	-0.016575
MECP2	4	0.96751	0.96769	0.999995	982	0	0.01167	0.48209	0.48008	0.999995	456	0	0.01167
DCAF8L1	4	0.96835	0.96847	0.999995	983	0	0.048995	0.57239	0.57219	0.999995	545	0	0.048995
CDNF	4	0.96842	0.96853	0.999995	984	0	0.13416	0.12013	0.12011	0.999995	103	0	0.13416
KIAA0319L	4	0.96855	0.96874	0.999995	985	0	-0.09635	0.71315	0.7125	0.999995	671	0	-0.09635
NBEA	4	0.96862	0.96882	0.999995	986	0	0.0072647	0.41975	0.41798	0.999995	403	0	0.0072647
MTUS2	4	0.96937	0.96959	0.999995	987	0	0.059198	0.46959	0.46803	0.999995	445	0	0.059198
FNIP2	4	0.96998	0.97021	0.999995	988	0	0.0033137	0.46614	0.46491	0.999995	443	0	0.0033137
SERPINA12	8	0.97127	0.97133	0.999995	989	0	0.012854	0.33626	0.33698	0.999995	324	0	0.012854
MTUS1	4	0.97167	0.97186	0.999995	990	0	0.18135	0.11087	0.11119	0.999995	95	0	0.18135
TAF1L	3	0.97199	0.97165	0.999995	991	0	0.14787	0.073223	0.073225	0.999995	58	0	0.14787
SPOP	4	0.97261	0.97292	0.999995	992	0	0.23629	0.11002	0.11016	0.999995	94	0	0.23629
PDX1	4	0.97274	0.97307	0.999995	993	0	0.16132	0.11171	0.11201	0.999995	96	0	0.16132
LIM2	4	0.97298	0.97324	0.999995	994	0	0.12231	0.10664	0.1071	0.999995	88	0	0.12231
OGDHL	4	0.97365	0.97395	0.999995	995	0	-0.017759	0.72315	0.72246	0.999995	686	0	-0.017759
PCDH1	4	0.97466	0.97488	0.999995	996	0	-0.045448	0.71925	0.71857	0.999995	682	0	-0.045448
FAM126A	4	0.97472	0.97495	0.999995	997	0	0.1467	0.29836	0.29692	0.999995	282	0	0.1467
PRDM13	4	0.97501	0.97522	0.999995	998	0	0.050975	0.22491	0.22436	0.999995	209	0	0.050975
FLT1	4	0.97682	0.97693	0.999995	999	0	0.034167	0.25199	0.25095	0.999995	235	0	0.034167
RNF144A	4	0.97747	0.97768	0.999995	1000	0	-0.026709	0.55707	0.55657	0.999995	532	0	-0.026709
FLOT2	4	0.97784	0.97808	0.999995	1001	0	0.095361	0.18609	0.18616	0.999995	167	0	0.095361
NUMB	4	0.97873	0.97895	0.999995	1002	0	-0.035965	0.32073	0.32004	0.999995	305	0	-0.035965
HNRNPF	4	0.97924	0.97946	0.999995	1003	0	0.096923	0.55405	0.553	0.999995	529	0	0.096923
HUS1B	4	0.98047	0.98079	0.999995	1004	0	0.010891	0.50043	0.49856	0.999995	473	0	0.010891
DLL4	4	0.98071	0.98102	0.999995	1005	0	-0.065504	0.67445	0.674	0.999995	637	0	-0.065504
GSX1	4	0.98086	0.98123	0.999995	1006	0	0.083395	0.29269	0.29152	0.999995	276	0	0.083395
GALNT2	4	0.98123	0.98162	0.999995	1007	0	0.27429	0.04579	0.046156	0.999995	34	1	0.27429
STX4	4	0.98215	0.98258	0.999995	1008	0	0.02697	0.65618	0.65561	0.999995	620	0	0.02697
ATP6V1C2	8	0.98249	0.98271	0.999995	1009	0	0.041765	0.52913	0.5288	0.999995	500	0	0.041765
CHSY1	4	0.98277	0.98301	0.999995	1010	0	0.23656	0.17096	0.17072	0.999995	152	0	0.23656
LATS1	4	0.98282	0.98305	0.999995	1011	0	0.10136	0.039538	0.039908	0.999995	27	1	0.10136
ERC1	4	0.98308	0.98335	0.999995	1012	0	-0.036417	0.73731	0.73674	0.999995	698	0	-0.036417
EPHA2	4	0.98334	0.98367	0.999995	1013	0	-0.037934	0.092136	0.09214	0.999995	76	0	-0.037934
TNR	4	0.98342	0.98379	0.999995	1014	0	0.066433	0.49548	0.49336	0.999995	470	0	0.066433
ASCL1	4	0.98389	0.98428	0.999995	1015	0	0.12669	0.19003	0.19037	0.999995	172	0	0.12669
SBF2	3	0.98486	0.98485	0.999995	1016	0	0.058259	0.092818	0.093775	0.999995	77	0	0.058259
TNPO2	4	0.98486	0.98518	0.999995	1017	0	0.09715	0.20179	0.20141	0.999995	185	0	0.09715
FRY	4	0.98576	0.98609	0.999995	1018	0	0.073946	0.29198	0.29076	0.999995	275	0	0.073946
EGFR	4	0.9858	0.98614	0.999995	1019	0	0.0031273	0.3526	0.35204	0.999995	340	0	0.0031273
SLC25A2	4	0.98708	0.9875	0.999995	1020	0	0.19031	0.13346	0.13358	0.999995	116	0	0.19031
XPO7	4	0.98753	0.98807	0.999995	1021	0	0.16689	0.051123	0.051163	0.999995	40	1	0.16689
EPS15	4	0.98757	0.9881	0.999995	1022	0	-0.036332	0.3891	0.38772	0.999995	375	0	-0.036332
CRYBB2	4	0.98767	0.98823	0.999995	1023	0	0.02095	0.49216	0.49013	0.999995	466	0	0.02095
NLRP8	4	0.98818	0.98863	0.999995	1024	0	0.035619	0.13842	0.13832	0.999995	121	0	0.035619
SPHKAP	4	0.9887	0.98918	0.999995	1025	0	0.097907	0.2049	0.20442	0.999995	189	0	0.097907
TIRAP	4	0.98895	0.98941	0.999995	1026	0	0.27042	0.14336	0.14337	0.999995	126	0	0.27042
MPC1L	4	0.98911	0.98952	0.999995	1027	0	-0.021748	0.29907	0.29762	0.999995	283	0	-0.021748
FKBP5	4	0.9892	0.98961	0.999995	1028	0	0.064414	0.19239	0.19249	0.999995	174	0	0.064414
H2BFM	4	0.99248	0.99283	0.999995	1029	0	0.073695	0.44745	0.44622	0.999995	427	0	0.073695
CRNN	4	0.99285	0.99314	0.999995	1030	0	0.2395	0.12431	0.12453	0.999995	107	0	0.2395
MED13	4	0.99332	0.99357	0.999995	1031	0	0.50874	0.019691	0.02032	0.999995	11	1	0.50874
EPC1	4	0.99338	0.99363	0.999995	1032	0	0.039376	0.55355	0.55248	0.999995	528	0	0.039376
SOX9	4	0.99361	0.99393	0.999995	1033	0	0.27085	0.034156	0.034724	0.999995	21	1	0.27085
SHMT1	4	0.99402	0.99434	0.999995	1034	0	0.048329	0.37819	0.37707	0.999995	365	0	0.048329
FLNB	4	0.99427	0.99455	0.999995	1035	0	0.30889	0.098982	0.09894	0.999995	82	0	0.30889
RYBP	3	0.99436	0.99426	0.999995	1036	0	0.1492	0.34409	0.34216	0.999995	332	0	0.1492
TOP2B	4	0.99465	0.99493	0.999995	1037	0	0.20792	0.17576	0.17548	0.999995	158	0	0.20792
PACS2	4	0.9949	0.99513	0.999995	1038	0	0.14864	0.28912	0.28785	0.999995	272	0	0.14864
GPSM2	4	0.99574	0.99588	0.999995	1039	0	0.26537	0.057318	0.057206	0.999995	45	0	0.26537
AXL	4	0.9962	0.99631	0.999995	1040	0	0.10789	0.45802	0.45651	0.999995	435	0	0.10789
PTPN6	4	0.99666	0.99665	0.999995	1041	0	0.1935	0.29624	0.295	0.999995	280	0	0.1935
PPP3CA	4	0.99679	0.99685	0.999995	1042	0	0.21144	0.21956	0.21896	0.999995	204	0	0.21144
CDK19	8	0.9969	0.9969	0.999995	1043	0	0.090326	0.38731	0.38824	0.999995	374	0	0.090326
GYS1	4	0.99741	0.99746	0.999995	1044	0	0.29216	0.16775	0.16745	0.999995	149	0	0.29216
ABL1	4	0.99773	0.99777	0.999995	1045	0	0.097765	0.023323	0.023907	0.999995	14	1	0.097765
KLK12	4	0.99814	0.99822	0.999995	1046	0	0.10785	0.54082	0.53959	0.999995	508	0	0.10785
AP2A1	4	0.99818	0.99826	0.999995	1047	0	0.31673	0.080061	0.080137	0.999995	64	0	0.31673
MBD4	8	0.99847	0.99848	0.999995	1048	0	-0.065198	0.8293	0.82847	0.999995	784	0	-0.065198
TYMS	4	0.99869	0.99885	0.999995	1049	0	0.21184	0.18846	0.18864	0.999995	170	0	0.21184
LDB1	8	0.99905	0.99906	0.999995	1050	0	0.12822	0.021027	0.024468	0.999995	13	1	0.12822
safe_control	74	0.99945	0.99998	0.999995	1051	3	-0.026739	0.040929	0.096465	0.999995	28	3	-0.026739
KIT	8	0.99963	0.99959	0.999995	1052	0	0.16841	0.10968	0.11025	0.999995	93	0	0.16841
MAK	4	0.9998	0.99983	0.999995	1053	0	0.26928	0.23854	0.23782	0.999995	220	0	0.26928
CAB39	4	0.99996	0.99996	0.999995	1054	0	0.81744	0.00013333	0.00033159	0.050212	7	2	0.81744
LATS2	4	0.99999	0.99999	0.999995	1055	0	0.84213	6.683e-05	9.8076e-05	0.017327	6	2	0.84213
MAP4K4	4	1.0	1.0	0.999995	1056	0	0.75309	2.3726e-06	1.4011e-05	0.00297	5	3	0.75309
RUNX1	4	1.0	1.0	0.999995	1057	0	1.3474	2.6236e-07	4.6703e-06	0.001238	4	3	1.3474
FRYL	4	1.0	1.0	0.999995	1058	0	1.4968	4.0943e-10	4.6703e-06	0.001238	3	4	1.4968
PTPN14	4	1.0	1.0	0.999995	1059	0	1.4169	1.6344e-10	4.6703e-06	0.001238	2	4	1.4169
TP53	4	1.0	1.0	0.999995	1060	0	2.1109	2.5912e-12	4.6703e-06	0.001238	1	4	2.1109
