id	num	neg|score	neg|p-value	neg|fdr	neg|rank	neg|goodsgrna	neg|lfc	pos|score	pos|p-value	pos|fdr	pos|rank	pos|goodsgrna	pos|lfc
MYC	8	6.5323e-12	4.6703e-06	0.00165	1	7	-2.0958	1.0	1.0	0.999995	1059	0	-2.0958
MTG2	4	1.1891e-07	4.6703e-06	0.00165	2	4	-1.4415	1.0	1.0	0.999995	1060	0	-1.4415
RRM1	8	7.5901e-07	4.6703e-06	0.00165	3	7	-1.3746	0.99637	0.99905	0.999995	1030	1	-1.3746
RRM2	4	9.6419e-06	4.2033e-05	0.006051	4	2	-1.3382	0.4295	0.67052	0.999995	687	2	-1.3382
PPP4C	4	1.0759e-05	4.2033e-05	0.006051	5	3	-1.6596	0.98047	0.98101	0.999995	1000	1	-1.6596
KIF11	4	1.2067e-05	4.2033e-05	0.006051	6	4	-1.3229	0.99999	0.99999	0.999995	1058	0	-1.3229
COPA	4	1.245e-05	5.1373e-05	0.006051	7	4	-1.5046	0.99999	0.99999	0.999995	1057	0	-1.5046
SF3B3	4	1.2644e-05	5.1373e-05	0.006051	8	4	-1.6322	0.99999	0.99999	0.999995	1056	0	-1.6322
CCND1	4	1.3445e-05	5.1373e-05	0.006051	9	4	-1.6059	0.99999	0.99999	0.999995	1055	0	-1.6059
POLR2L	4	1.516e-05	6.0714e-05	0.006436	10	4	-1.9625	0.99998	0.99999	0.999995	1054	0	-1.9625
UQCRC1	4	2.632e-05	7.9395e-05	0.007013	11	4	-0.9554	0.99997	0.99998	0.999995	1053	0	-0.9554
PRPF8	4	2.9878e-05	7.9395e-05	0.007013	12	4	-1.334	0.99997	0.99997	0.999995	1052	0	-1.334
BUB3	4	4.206e-05	0.00011676	0.00952	13	3	-1.6668	0.99429	0.99458	0.999995	1019	0	-1.6668
RPS19	4	4.9984e-05	0.00013544	0.010255	14	4	-1.364	0.99995	0.99995	0.999995	1051	0	-1.364
RPS5	4	5.9864e-05	0.00015412	0.010891	15	3	-1.8786	0.94756	0.96204	0.999995	973	1	-1.8786
RPP21	4	0.00011413	0.000425	0.0265	16	3	-1.6908	0.99894	0.99911	0.999995	1040	0	-1.6908
CHORDC1	3	0.00011614	0.00032225	0.021349	17	3	-1.4367	0.99988	0.99986	0.999995	1050	0	-1.4367
SF3A1	4	0.00015982	0.00065851	0.038779	18	3	-1.7847	0.27762	0.51905	0.98929	554	1	-1.7847
ALDOA	4	0.00022011	0.00092939	0.048934	19	3	-1.3269	0.75221	0.87601	0.999995	892	1	-1.3269
ATP6V1B2	4	0.00024891	0.0010602	0.048934	20	4	-1.1154	0.99975	0.99976	0.999995	1049	0	-1.1154
SMARCA4	4	0.00026616	0.0011629	0.048934	21	3	-1.1274	0.66844	0.83347	0.999995	850	1	-1.1274
MED18	8	0.0002662	0.0012003	0.048934	22	5	-0.79192	0.26194	0.59307	0.999995	538	2	-0.79192
NDUFB4	4	0.0002677	0.0011629	0.048934	23	4	-0.66072	0.99973	0.99975	0.999995	1048	0	-0.66072
MED20	4	0.00026964	0.0011629	0.048934	24	4	-0.64503	0.99973	0.99974	0.999995	1047	0	-0.64503
RPL36	4	0.00032826	0.0013404	0.052622	25	3	-1.3562	0.97805	0.97892	0.999995	996	1	-1.3562
RPL14	3	0.00034271	0.0010321	0.048934	26	2	-3.1519	0.98126	0.98104	0.999995	1001	0	-3.1519
HMGCS1	3	0.00037103	0.0011255	0.048934	27	3	-1.0604	0.99963	0.99963	0.999995	1046	0	-1.0604
TOP2A	4	0.000429	0.0016206	0.061351	28	3	-1.0828	0.99917	0.99929	0.999995	1042	0	-1.0828
PRPF38A	4	0.00051315	0.0018915	0.069136	29	3	-1.1163	0.62448	0.81264	0.999995	829	1	-1.1163
NAA10	4	0.00094671	0.0032272	0.110348	30	3	-0.79033	0.98376	0.98412	0.999995	1004	1	-0.79033
INTS6	3	0.0010564	0.003003	0.106106	31	3	-0.89412	0.99894	0.99887	0.999995	1041	0	-0.89412
MRPL38	4	0.0011666	0.0038717	0.128249	32	3	-0.76933	0.99859	0.99871	0.999995	1038	0	-0.76933
RPL19	4	0.0013834	0.0044975	0.144464	33	2	-0.65638	0.7458	0.87245	0.999995	889	2	-0.65638
MED12	4	0.0014668	0.0046936	0.146331	34	2	-0.71309	0.38462	0.62748	0.999995	650	2	-0.71309
SIN3A	4	0.0016861	0.0053661	0.162518	35	3	-0.82002	0.99775	0.99778	0.999995	1035	0	-0.82002
SF3B1	4	0.001762	0.0055716	0.164054	36	3	-1.0055	0.20412	0.4374	0.959465	481	1	-1.0055
VMP1	4	0.0019689	0.0059546	0.166363	37	2	-1.1739	0.95943	0.96725	0.999995	981	1	-1.1739
AHCYL1	4	0.0019695	0.0059639	0.166363	38	3	-0.71823	0.99636	0.99642	0.999995	1029	0	-0.71823
PSMB3	3	0.0021847	0.0061881	0.16819	39	3	-0.55144	0.99782	0.99773	0.999995	1036	0	-0.55144
NCBP2	4	0.0023048	0.0068793	0.182302	40	1	0.41992	0.42895	0.66997	0.999995	685	3	0.41992
CDIPT	4	0.0025428	0.0073931	0.18455	41	2	-0.7862	0.94133	0.95939	0.999995	968	1	-0.7862
TRRAP	4	0.002566	0.0074865	0.18455	42	3	-0.82413	0.80586	0.90436	0.999995	915	1	-0.82413
ZNF407	4	0.0028508	0.0082244	0.198132	43	3	-0.79145	0.99756	0.99762	0.999995	1034	0	-0.79145
RPS3	3	0.00287	0.0074211	0.18455	44	2	-1.6737	0.99008	0.99013	0.999995	1012	0	-1.6737
TOMM40	7	0.0030977	0.010849	0.239583	45	4	-0.57812	0.91642	0.98028	0.999995	962	3	-0.57812
NKAP	4	0.003246	0.0092331	0.217492	46	3	-0.63786	0.99866	0.99878	0.999995	1039	0	-0.63786
RPL3	7	0.0036557	0.012717	0.240611	47	4	-0.388	0.7525	0.93003	0.999995	893	3	-0.388
XAB2	4	0.00375	0.010447	0.23815	48	3	-0.63765	0.62226	0.81169	0.999995	827	1	-0.63765
ATP5F1B	4	0.0038005	0.010559	0.23815	49	3	-0.77738	0.99951	0.99954	0.999995	1045	0	-0.77738
TIMM10	4	0.0041095	0.011372	0.239856	50	2	-0.7746	0.9963	0.99636	0.999995	1028	0	-0.7746
CPSF3	4	0.0043021	0.011877	0.240611	51	3	-0.62074	0.99115	0.99158	0.999995	1013	0	-0.62074
SBNO1	4	0.0044129	0.012166	0.240611	52	3	-0.83062	0.41359	0.65537	0.999995	672	1	-0.83062
VCP	4	0.004466	0.012334	0.240611	53	2	-0.72149	0.084387	0.22565	0.931656	252	1	-0.72149
SNRPD3	4	0.0045255	0.012521	0.240611	54	3	-0.65391	0.97654	0.97779	0.999995	995	1	-0.65391
ACTL6A	4	0.004727	0.013053	0.240611	55	3	-0.58961	0.8208	0.91296	0.999995	921	1	-0.58961
ABT1	4	0.004989	0.013763	0.243152	56	2	-0.79073	0.94424	0.96063	0.999995	971	1	-0.79073
E2F3	3	0.0050017	0.011167	0.239856	57	2	-1.0287	0.99556	0.99533	0.999995	1025	0	-1.0287
DYNLRB1	3	0.0052238	0.01154	0.239856	58	2	-1.5677	0.99739	0.99729	0.999995	1033	0	-1.5677
IRF4	4	0.0054294	0.014819	0.257507	59	3	-0.39466	0.34993	0.59407	0.999995	621	1	-0.39466
SFPQ	4	0.0059842	0.016332	0.275449	60	1	0.54711	0.34679	0.5909	0.999995	614	3	0.54711
KIF4A	4	0.006092	0.016631	0.275449	61	3	-0.49163	0.98629	0.98665	0.999995	1008	0	-0.49163
TUFM	3	0.0060982	0.013166	0.240611	62	2	-1.426	0.28104	0.50134	0.984043	558	1	-1.426
RPL13	3	0.0064042	0.013642	0.243152	63	2	-0.99372	0.99452	0.99444	0.999995	1021	0	-0.99372
POLR2B	4	0.0066944	0.018125	0.295583	64	3	-0.58918	0.10833	0.27739	0.934572	307	1	-0.58918
RPL10A	4	0.0074504	0.020059	0.322157	65	3	-0.59526	0.66682	0.83263	0.999995	849	1	-0.59526
KAT6A	4	0.0077674	0.020797	0.325932	66	3	-0.42728	0.84962	0.92932	0.999995	941	1	-0.42728
SMC1A	4	0.0078077	0.020909	0.325932	67	3	-0.3419	0.99534	0.99555	0.999995	1024	0	-0.3419
RPS23	2	0.0084929	0.016575	0.275449	68	2	-1.0493	0.99151	0.99121	0.999995	1014	0	-1.0493
CDK7	4	0.0086834	0.023132	0.34179	69	3	-0.62065	0.7189	0.85822	0.999995	881	1	-0.62065
SF3B5	4	0.0087371	0.023216	0.34179	70	2	-0.70346	0.99292	0.99322	0.999995	1017	0	-0.70346
TACC3	4	0.0096231	0.025009	0.363149	71	2	-0.30793	0.70066	0.84939	0.999995	867	2	-0.30793
COX6B1	8	0.0099749	0.032258	0.434578	72	3	0.03875	0.72588	0.92946	0.999995	884	3	0.03875
MRPL41	4	0.010261	0.026102	0.373896	73	2	-0.93392	0.9962	0.99631	0.999995	1027	0	-0.93392
TUBB	3	0.010873	0.021273	0.326804	74	2	-1.1488	0.20402	0.3976	0.94076	480	1	-1.1488
RPL37A	2	0.01173	0.022394	0.339109	75	1	-1.3725	0.76633	0.78067	0.999995	897	1	-1.3725
HNRNPK	4	0.012291	0.029614	0.413041	76	2	-0.12034	0.38718	0.62993	0.999995	654	2	-0.12034
RFC2	4	0.013127	0.03081	0.424135	77	2	-0.3653	0.142	0.34419	0.94076	371	2	-0.3653
NAA15	4	0.014491	0.032827	0.434963	78	2	-0.31594	0.51077	0.74363	0.999995	764	2	-0.31594
CLNS1A	3	0.014805	0.028064	0.396634	79	2	-0.47227	0.97256	0.97224	0.999995	991	0	-0.47227
ASF1A	4	0.015138	0.033855	0.443039	80	1	0.30954	0.33206	0.57558	0.999995	602	2	0.30954
ATP5F1D	4	0.015785	0.034724	0.448865	81	2	-0.1695	0.24807	0.48735	0.984043	522	2	-0.1695
PSMC3	4	0.016961	0.036629	0.462223	82	1	0.42064	0.090418	0.23952	0.931656	267	3	0.42064
CCT6A	3	0.01744	0.032388	0.434578	83	2	-0.59492	0.12296	0.26376	0.934572	342	1	-0.59492
CTR9	4	0.017682	0.0376	0.468899	84	2	-0.35808	0.89822	0.94611	0.999995	958	1	-0.35808
HSCB	4	0.018525	0.03903	0.477922	85	2	-0.45899	0.98462	0.98487	0.999995	1005	0	-0.45899
HUS1	4	0.018667	0.039226	0.477922	86	2	-0.33347	0.95731	0.96635	0.999995	980	1	-0.33347
DHX9	3	0.018968	0.035237	0.450018	87	2	-0.8418	0.99469	0.9946	0.999995	1022	0	-0.8418
EIF3J	4	0.022416	0.045297	0.542163	88	1	0.17755	0.55466	0.78047	0.999995	793	2	0.17755
LONP1	4	0.022538	0.045521	0.542163	89	2	-0.60388	0.080928	0.21742	0.931656	244	1	-0.60388
ATP5F1A	4	0.023321	0.046913	0.543117	90	2	-0.41733	0.97909	0.9798	0.999995	997	1	-0.41733
GAPDH	4	0.023479	0.047137	0.543117	91	2	-0.46059	0.39861	0.64108	0.999995	663	1	-0.46059
STT3B	4	0.023637	0.047371	0.543117	92	2	-0.22232	0.84053	0.92407	0.999995	936	2	-0.22232
COX4I1	4	0.023796	0.047651	0.543117	93	2	-0.25608	0.56799	0.78708	0.999995	800	2	-0.25608
TOP1MT	4	0.024759	0.049136	0.554087	94	2	-0.32084	0.83196	0.91926	0.999995	927	1	-0.32084
NMT1	4	0.025084	0.049687	0.554403	95	2	-0.47244	0.99433	0.99463	0.999995	1020	0	-0.47244
LARP1	4	0.026402	0.051761	0.571524	96	2	-0.10421	0.52739	0.75802	0.999995	775	2	-0.10421
CDK2	4	0.02758	0.053545	0.585128	97	2	-0.66668	0.45744	0.69595	0.999995	715	1	-0.66668
NAE1	8	0.02837	0.072814	0.708102	98	3	-0.11377	0.33755	0.67993	0.999995	607	1	-0.11377
MED26	4	0.028608	0.055282	0.597949	99	2	-0.17257	0.64086	0.82002	0.999995	834	2	-0.17257
RRAGC	4	0.029129	0.055992	0.59951	100	2	-0.09613	0.53573	0.76477	0.999995	783	2	-0.09613
RNF113A	4	0.031251	0.059224	0.627772	101	2	-0.54728	0.64145	0.82032	0.999995	835	1	-0.54728
XRCC6	4	0.033256	0.062353	0.65429	102	1	0.010201	0.69916	0.84855	0.999995	865	1	0.010201
RPL8	4	0.033625	0.06296	0.65429	103	2	-0.23083	0.67643	0.83715	0.999995	857	2	-0.23083
SLC25A28	4	0.034558	0.06438	0.662549	104	2	-0.30205	0.98904	0.9895	0.999995	1011	0	-0.30205
ISCA2	4	0.036843	0.06778	0.685196	105	2	-0.27818	0.99232	0.99269	0.999995	1016	0	-0.27818
CKAP5	8	0.037784	0.091047	0.791065	106	2	0.41553	0.48734	0.8048	0.999995	744	5	0.41553
PDCD6IP	4	0.038205	0.069713	0.694133	107	2	-0.37262	0.99855	0.99866	0.999995	1037	0	-0.37262
TOB1	4	0.038402	0.070068	0.694133	108	2	-0.34061	0.40551	0.64764	0.999995	668	1	-0.34061
RPL17	3	0.038593	0.067873	0.685196	109	1	0.64554	0.27024	0.49311	0.984043	544	2	0.64554
FANCM	4	0.039988	0.07273	0.708102	110	2	-0.27201	0.094707	0.24864	0.931656	280	1	-0.27201
GTF3C1	4	0.042831	0.077214	0.742795	111	2	-0.22132	0.98834	0.98887	0.999995	1009	0	-0.22132
AKIRIN1	4	0.043451	0.078082	0.742795	112	2	-0.4339	0.46614	0.70383	0.999995	727	1	-0.4339
INTS2	4	0.043658	0.078484	0.742795	113	2	-0.27403	0.98898	0.98943	0.999995	1010	0	-0.27403
NRBP2	4	0.044898	0.080221	0.752519	114	2	-0.12599	0.98625	0.98661	0.999995	1007	0	-0.12599
ELL	4	0.045969	0.081949	0.761985	115	2	-0.27001	0.99519	0.99535	0.999995	1023	0	-0.27001
RRM2B	8	0.046313	0.1082	0.849542	116	3	0.098441	0.94341	0.98861	0.999995	969	3	0.098441
CNOT7	4	0.047036	0.083565	0.770254	117	2	0.36182	0.022538	0.070517	0.917201	74	2	0.36182
CRK	4	0.04833	0.085639	0.782562	118	2	-0.23911	0.58685	0.79537	0.999995	812	1	-0.23911
BICD2	4	0.049858	0.087974	0.785272	119	2	-0.32287	0.99928	0.99939	0.999995	1044	0	-0.32287
MED13L	4	0.050236	0.088553	0.785272	120	2	-0.10676	0.95168	0.96374	0.999995	977	1	-0.10676
INCENP	4	0.050519	0.088899	0.785272	121	2	0.094804	0.3418	0.58573	0.999995	610	2	0.094804
PKM	3	0.051344	0.088749	0.785272	122	1	0.2517	0.60804	0.75965	0.999995	820	1	0.2517
PUM2	4	0.051852	0.090991	0.791065	123	2	-0.16409	0.52781	0.75829	0.999995	776	1	-0.16409
EIF4A3	4	0.052974	0.09271	0.798962	124	2	-0.61782	0.47473	0.71153	0.999995	736	1	-0.61782
TRAPPC3	4	0.055019	0.096007	0.820564	125	2	-0.19638	0.14665	0.35292	0.94076	383	1	-0.19638
MED13	4	0.055939	0.097249	0.820564	126	2	-0.43669	0.85983	0.93468	0.999995	945	1	-0.43669
PFN1	4	0.056169	0.097539	0.820564	127	2	0.070348	0.28478	0.52661	0.990006	561	2	0.070348
DDX5	4	0.057329	0.099379	0.822981	128	2	-0.021886	0.13346	0.32736	0.94076	360	2	-0.021886
CLTC	4	0.05897	0.10215	0.826733	129	2	-0.16759	0.99162	0.99207	0.999995	1015	0	-0.16759
MED23	4	0.059678	0.10338	0.830146	130	2	-0.11535	0.85728	0.93319	0.999995	944	2	-0.11535
COPZ1	4	0.062603	0.10793	0.849542	131	1	0.60146	0.30049	0.54352	0.990006	577	3	0.60146
TBC1D28	3	0.06332	0.09837	0.821042	132	1	0.10532	0.91627	0.9236	0.999995	961	1	0.10532
PEF1	4	0.063517	0.10932	0.852031	133	2	-0.20921	0.97969	0.9802	0.999995	999	1	-0.20921
PPP2CA	8	0.064468	0.14285	0.954301	134	3	0.019702	0.19124	0.50029	0.984043	464	3	0.019702
SF1	4	0.065227	0.11203	0.86677	135	2	-0.082765	0.14172	0.34357	0.94076	370	2	-0.082765
TOMM22	4	0.066115	0.1134	0.871036	136	1	0.10404	0.84842	0.92871	0.999995	940	2	0.10404
SNRPD2	3	0.06795	0.10217	0.826733	137	1	-0.041519	0.82549	0.87847	0.999995	923	1	-0.041519
ZNF34	4	0.067951	0.11622	0.88206	138	2	-0.21002	0.13842	0.33696	0.94076	368	1	-0.21002
PMPCB	4	0.068742	0.11742	0.88206	139	1	0.50496	0.50458	0.738	0.999995	757	2	0.50496
SF3B2	4	0.068953	0.11778	0.88206	140	2	0.020832	0.67524	0.83669	0.999995	856	2	0.020832
RBM22	4	0.069204	0.11816	0.88206	141	2	-0.08291	0.42707	0.6682	0.999995	680	1	-0.08291
COX4I2	4	0.06996	0.11938	0.884892	142	2	0.020444	0.42586	0.66711	0.999995	679	2	0.020444
RPS8	3	0.071248	0.10486	0.83574	143	1	0.37251	0.56866	0.72861	0.999995	802	2	0.37251
TOP1	4	0.073275	0.12421	0.914295	144	2	-0.014889	0.85012	0.92955	0.999995	942	2	-0.014889
RSBN1L	4	0.074308	0.12563	0.918368	145	2	-0.28465	0.50262	0.73604	0.999995	756	1	-0.28465
UNC119	4	0.075606	0.12807	0.927515	146	2	-0.16409	0.7014	0.84969	0.999995	868	1	-0.16409
PPP2R1A	4	0.076589	0.12948	0.927515	147	1	0.088414	0.94896	0.96261	0.999995	974	1	0.088414
EIF3L	4	0.076651	0.1295	0.927515	148	2	0.21047	0.3506	0.59468	0.999995	622	2	0.21047
RPL5	4	0.077965	0.13141	0.934846	149	2	-0.14249	0.5787	0.79159	0.999995	808	1	-0.14249
EIF3B	4	0.079023	0.13293	0.939373	150	2	-0.0069808	0.76655	0.88341	0.999995	898	2	-0.0069808
PDS5A	4	0.07982	0.13414	0.941213	151	2	-0.047209	0.81612	0.91022	0.999995	918	2	-0.047209
BAP1	4	0.080353	0.13497	0.941213	152	2	0.02415	0.52465	0.75569	0.999995	772	2	0.02415
NUTF2	4	0.081793	0.13717	0.942076	153	1	0.49745	0.47181	0.70888	0.999995	731	3	0.49745
ACACA	4	0.083039	0.13913	0.942076	154	2	-0.16822	0.88093	0.94217	0.999995	953	1	-0.16822
CASP4	4	0.08331	0.13953	0.942076	155	2	0.20921	0.43344	0.67442	0.999995	691	2	0.20921
RIC8A	4	0.085759	0.14334	0.954301	156	2	0.15927	0.49612	0.7303	0.999995	753	2	0.15927
WDR12	4	0.086113	0.14405	0.954301	157	1	0.19382	0.2579	0.49773	0.984043	528	2	0.19382
RPRD1B	4	0.087132	0.14561	0.954785	158	2	-0.018902	0.84738	0.92808	0.999995	938	2	-0.018902
GJA8	4	0.087684	0.14647	0.954785	159	2	-0.020178	0.7671	0.88365	0.999995	899	1	-0.020178
TAMM41	4	0.088513	0.14771	0.954785	160	2	-0.19449	0.14992	0.3589	0.94076	396	1	-0.19449
RNF40	4	0.088698	0.14799	0.954785	161	1	0.14904	0.36844	0.61252	0.999995	636	1	0.14904
DGAT1	4	0.089068	0.14862	0.954785	162	2	0.14084	0.2769	0.51819	0.98929	552	2	0.14084
XYLT1	4	0.090182	0.15033	0.956987	163	2	0.071081	0.42829	0.66935	0.999995	684	2	0.071081
VPS37A	4	0.090461	0.15077	0.956987	164	2	0.15401	0.61606	0.80878	0.999995	824	2	0.15401
ADAP2	4	0.0913	0.15204	0.959306	165	2	0.13985	0.65393	0.82638	0.999995	839	2	0.13985
RPL18A	2	0.092562	0.10047	0.825581	166	1	-0.79743	0.94967	0.9494	0.999995	975	0	-0.79743
CCNL1	4	0.10069	0.15875	0.995694	167	1	-0.16834	0.5048	0.7382	0.999995	758	1	-0.16834
RPS11	3	0.10958	0.13631	0.942076	168	1	-0.46216	0.92871	0.93206	0.999995	965	1	-0.46216
AFG3L2	3	0.11214	0.13844	0.942076	169	1	-0.082207	0.97918	0.97898	0.999995	998	0	-0.082207
SERPINA12	8	0.12089	0.21931	0.999949	170	2	0.57349	0.15317	0.44178	0.963727	402	6	0.57349
RAN	4	0.12264	0.17455	0.999949	171	1	0.12623	0.44211	0.68265	0.999995	701	2	0.12623
LSM4	4	0.12431	0.17566	0.999949	172	1	0.57347	0.22058	0.45657	0.965698	499	3	0.57347
TSG101	4	0.12681	0.17742	0.999949	173	1	-0.19451	0.97031	0.97372	0.999995	989	1	-0.19451
H1FOO	4	0.12931	0.17917	0.999949	174	1	0.39751	0.38844	0.631	0.999995	656	3	0.39751
ATP6V1D	4	0.13346	0.18214	0.999949	175	1	0.18073	0.6767	0.83727	0.999995	858	2	0.18073
ZNF804B	4	0.13595	0.18379	0.999949	176	1	0.76888	0.17854	0.40798	0.945641	450	3	0.76888
FUT5	4	0.13842	0.1854	0.999949	177	1	0.23781	0.49603	0.73025	0.999995	752	2	0.23781
PAF1	4	0.14007	0.18673	0.999949	178	1	-0.1496	0.99694	0.99697	0.999995	1032	0	-0.1496
BUB1B	4	0.1491	0.19324	0.999949	179	1	-0.22381	0.49437	0.72875	0.999995	750	1	-0.22381
ARFGEF1	4	0.15237	0.1955	0.999949	180	1	0.70487	0.22503	0.46125	0.965698	503	3	0.70487
TAF1	4	0.15318	0.19597	0.999949	181	1	0.62583	0.097946	0.25524	0.931656	287	3	0.62583
DHX29	3	0.15614	0.17367	0.999949	182	1	0.6986	0.17392	0.3501	0.94076	445	2	0.6986
ARID1A	4	0.15643	0.19835	0.999949	183	1	0.0041902	0.92697	0.95439	0.999995	963	1	0.0041902
TNPO1	3	0.16292	0.17932	0.999949	184	1	-0.20685	0.83773	0.88343	0.999995	933	1	-0.20685
PRKDC	8	0.16455	0.26806	0.999949	185	2	0.032349	0.83589	0.96274	0.999995	930	3	0.032349
CLASP1	4	0.16775	0.20677	0.999949	186	1	0.33723	0.53256	0.76212	0.999995	779	2	0.33723
HNRNPH1	4	0.16855	0.20737	0.999949	187	1	0.068086	0.81901	0.91189	0.999995	920	1	0.068086
ILF3	4	0.16936	0.20803	0.999949	188	1	0.44691	0.28555	0.5275	0.990006	562	2	0.44691
MED8	4	0.17256	0.21056	0.999949	189	1	0.32314	0.2761	0.51727	0.98929	550	2	0.32314
ASF1B	8	0.17422	0.27886	0.999949	190	1	0.023829	0.96888	0.99419	0.999995	988	2	0.023829
RPL11	3	0.1794	0.19254	0.999949	191	1	-0.017472	0.96	0.95954	0.999995	982	0	-0.017472
ABCG2	4	0.18054	0.21643	0.999949	192	1	0.96506	0.013988	0.04582	0.917201	52	3	0.96506
RNF103	4	0.18767	0.22226	0.999949	193	1	0.41015	0.37115	0.61497	0.999995	642	2	0.41015
PUM1	4	0.19003	0.22428	0.999949	194	1	-0.012099	0.99574	0.99588	0.999995	1026	0	-0.012099
CCNE2	4	0.19239	0.22592	0.999949	195	1	0.24567	0.41458	0.65644	0.999995	673	2	0.24567
TNPO2	4	0.19397	0.22702	0.999949	196	1	0.13581	0.56366	0.78495	0.999995	797	2	0.13581
TBP	4	0.1971	0.22934	0.999949	197	1	0.37296	0.47303	0.71	0.999995	733	2	0.37296
SOS1	4	0.20179	0.23258	0.999949	198	1	0.19839	0.74168	0.86982	0.999995	888	2	0.19839
FAM50A	4	0.20412	0.23429	0.999949	199	1	-0.031056	0.4301	0.67107	0.999995	689	1	-0.031056
ADSS	3	0.2064	0.2152	0.999949	200	1	1.3103	0.025679	0.064492	0.917201	84	2	1.3103
PFAS	4	0.20645	0.23604	0.999949	201	1	0.27797	0.46978	0.70724	0.999995	730	2	0.27797
MRPL27	4	0.208	0.23733	0.999949	202	1	0.083645	0.97323	0.9755	0.999995	992	1	0.083645
CDS2	4	0.20878	0.23785	0.999949	203	1	-0.010941	0.3891	0.63178	0.999995	657	1	-0.010941
NSG2	4	0.20955	0.23845	0.999949	204	1	0.54541	0.08796	0.23377	0.931656	262	3	0.54541
COQ10A	4	0.21032	0.23907	0.999949	205	1	0.31557	0.51454	0.74672	0.999995	766	3	0.31557
THRAP3	4	0.21341	0.24144	0.999949	206	1	-0.11077	0.98506	0.98537	0.999995	1006	0	-0.11077
GATAD2A	4	0.21418	0.24208	0.999949	207	1	0.41499	0.10929	0.27932	0.934572	310	2	0.41499
ISL1	4	0.21649	0.24387	0.999949	208	1	0.31936	0.21956	0.45535	0.965698	497	3	0.31936
ATP5PB	4	0.21956	0.24646	0.999949	209	1	0.12692	0.098982	0.25752	0.931656	292	2	0.12692
FDPS	4	0.22491	0.25053	0.999949	210	1	0.21834	0.37892	0.62232	0.999995	649	2	0.21834
TOMM20L	4	0.22795	0.25314	0.999949	211	1	0.3764	0.066991	0.18511	0.917201	206	3	0.3764
CHMP1A	4	0.23099	0.25537	0.999949	212	1	-0.084633	0.93669	0.95761	0.999995	966	1	-0.084633
AKIRIN2	4	0.23326	0.25708	0.999949	213	1	-0.0077566	0.88407	0.9428	0.999995	955	1	-0.0077566
RPS15	2	0.23382	0.23322	0.999949	214	1	0.17412	0.41575	0.57974	0.999995	675	1	0.17412
RHOBTB2	4	0.23477	0.25841	0.999949	215	1	0.21148	0.77231	0.88672	0.999995	903	1	0.21148
SNRPB	4	0.23552	0.25895	0.999949	216	1	0.081378	0.83472	0.92072	0.999995	928	2	0.081378
GABPB2	4	0.23929	0.26184	0.999949	217	1	0.23318	0.7635	0.8821	0.999995	895	2	0.23318
HPS1	4	0.24004	0.26252	0.999949	218	1	0.21997	0.18371	0.41427	0.947945	457	2	0.21997
LDB1	8	0.24045	0.3562	0.999949	219	1	0.39088	0.53716	0.83425	0.999995	784	5	0.39088
ZMAT2	4	0.24528	0.26649	0.999949	220	1	0.67221	0.14464	0.34911	0.94076	376	3	0.67221
RBBP4	3	0.2512	0.25524	0.999949	221	1	-0.29777	0.58998	0.74528	0.999995	814	1	-0.29777
GCM2	4	0.25124	0.27107	0.999949	222	1	-0.123	0.031456	0.09611	0.917201	102	1	-0.123
CAND1	4	0.25495	0.27413	0.999949	223	1	0.16477	0.57628	0.79065	0.999995	806	2	0.16477
NAPA	4	0.25643	0.27522	0.999949	224	1	0.24993	0.22185	0.45794	0.965698	500	2	0.24993
MBD3L1	4	0.25864	0.27692	0.999949	225	1	0.44085	0.43712	0.67793	0.999995	697	3	0.44085
HOXB1	4	0.25938	0.27759	0.999949	226	1	-0.00035001	0.34659	0.59077	0.999995	613	1	-0.00035001
PSMB6	4	0.26085	0.27876	0.999949	227	1	0.15478	0.71604	0.85669	0.999995	879	2	0.15478
EEFSEC	4	0.26306	0.28052	0.999949	228	1	0.34457	0.33783	0.58185	0.999995	608	3	0.34457
CDS1	4	0.26379	0.28114	0.999949	229	1	0.82391	0.071847	0.19662	0.917201	223	3	0.82391
PTCH1	4	0.26599	0.28289	0.999949	230	1	0.562	0.2963	0.53904	0.990006	572	3	0.562
USP5	4	0.26672	0.28351	0.999949	231	1	0.46915	0.33354	0.57715	0.999995	604	3	0.46915
PPP2R1B	4	0.26818	0.28472	0.999949	232	1	0.18425	0.30611	0.54917	0.990006	588	2	0.18425
NDUFC1	4	0.26891	0.28522	0.999949	233	1	0.049545	0.78963	0.89548	0.999995	907	2	0.049545
REG3A	4	0.26964	0.28596	0.999949	234	1	0.4947	0.29777	0.54053	0.990006	574	3	0.4947
MBTD1	4	0.27182	0.28779	0.999949	235	1	0.064144	0.77804	0.88958	0.999995	905	1	0.064144
TPST2	4	0.274	0.28955	0.999949	236	1	0.31064	0.51561	0.74771	0.999995	767	3	0.31064
FLOT2	4	0.27473	0.29015	0.999949	237	1	0.21935	0.39545	0.63796	0.999995	662	2	0.21935
ATP6V1C1	4	0.27545	0.2907	0.999949	238	1	0.12279	0.65968	0.82918	0.999995	843	2	0.12279
KIF20A	8	0.28086	0.40309	0.999949	239	2	0.41057	0.031941	0.14454	0.917201	103	4	0.41057
SAFB2	4	0.28195	0.29618	0.999949	240	1	0.09361	0.87829	0.9416	0.999995	952	1	0.09361
RHBDF1	4	0.28339	0.29748	0.999949	241	1	0.19517	0.83165	0.91906	0.999995	926	2	0.19517
ARHGEF7	4	0.28483	0.29859	0.999949	242	1	0.43909	0.13226	0.32506	0.94076	358	2	0.43909
HASPIN	4	0.28698	0.30032	0.999949	243	1	0.37816	0.078326	0.21154	0.930426	240	2	0.37816
EPS15L1	4	0.28769	0.30088	0.999949	244	1	0.080262	0.085251	0.22746	0.931656	255	1	0.080262
NCKAP1	4	0.28984	0.30277	0.999949	245	1	0.53189	0.28557	0.52753	0.990006	563	3	0.53189
COPG2	4	0.29055	0.30336	0.999949	246	1	0.8407	0.067452	0.18616	0.917201	208	3	0.8407
NMT2	4	0.29126	0.30395	0.999949	247	1	0.46192	0.38466	0.62751	0.999995	651	3	0.46192
POLR2A	4	0.29411	0.30626	0.999949	248	1	0.031486	0.95608	0.96576	0.999995	979	1	0.031486
RANBP9	4	0.29482	0.30683	0.999949	249	1	0.27277	0.79078	0.89618	0.999995	908	2	0.27277
WASL	4	0.29907	0.3101	0.999949	250	1	-0.074634	0.66194	0.83035	0.999995	845	1	-0.074634
RPA1	4	0.30119	0.31195	0.999949	251	1	-0.34202	0.99921	0.99931	0.999995	1043	0	-0.34202
PTCH2	4	0.3019	0.31258	0.999949	252	1	0.42268	0.22414	0.46033	0.965698	502	3	0.42268
CFL1	4	0.3026	0.31325	0.999949	253	1	0.71519	0.15839	0.37417	0.94076	412	3	0.71519
HNRNPF	4	0.30471	0.31483	0.999949	254	1	0.47648	0.19604	0.42826	0.959465	466	2	0.47648
ATR	4	0.30541	0.31549	0.999949	255	1	0.37836	0.34505	0.58915	0.999995	612	2	0.37836
TOP2B	4	0.30752	0.31713	0.999949	256	1	0.44756	0.20334	0.43656	0.959465	478	3	0.44756
HMG20B	4	0.30822	0.31777	0.999949	257	1	0.13175	0.70988	0.85389	0.999995	875	1	0.13175
CLTCL1	4	0.30961	0.31897	0.999949	258	1	0.37483	0.12096	0.3021	0.934572	338	2	0.37483
AP2A1	4	0.31727	0.32605	0.999949	259	1	0.31038	0.70358	0.85075	0.999995	869	2	0.31038
PSMA2	4	0.31796	0.32657	0.999949	260	1	0.40551	0.13925	0.33853	0.94076	369	2	0.40551
BZW1	3	0.31815	0.31694	0.999949	261	1	-0.01474	0.87775	0.90113	0.999995	951	1	-0.01474
MMD	4	0.31935	0.32768	0.999949	262	1	0.59735	0.258	0.49779	0.984043	529	3	0.59735
UTP14A	4	0.32211	0.3301	0.999949	263	1	0.10185	0.29198	0.5343	0.990006	570	1	0.10185
TUBB2A	4	0.32349	0.33139	0.999949	264	1	-0.14122	0.37883	0.62222	0.999995	648	1	-0.14122
FARS2	4	0.32486	0.33273	0.999949	265	1	0.52041	0.4762	0.71281	0.999995	737	3	0.52041
SLC11A1	4	0.32624	0.33398	0.999949	266	1	0.38459	0.063482	0.17704	0.917201	199	2	0.38459
RXFP3	4	0.32692	0.33462	0.999949	267	1	0.27739	0.7235	0.86054	0.999995	882	2	0.27739
NHLRC1	4	0.32898	0.33641	0.999949	268	1	0.51175	0.24543	0.4843	0.984043	518	3	0.51175
COPS7A	4	0.32966	0.33699	0.999949	269	1	-0.084533	0.99347	0.99377	0.999995	1018	0	-0.084533
CRYBB2	4	0.33239	0.33925	0.999949	270	1	0.5894	0.071052	0.19484	0.917201	219	3	0.5894
IMPDH2	4	0.33307	0.33988	0.999949	271	1	0.3385	0.65659	0.82772	0.999995	841	2	0.3385
CRNN	4	0.33443	0.34108	0.999949	272	1	0.41574	0.61681	0.80915	0.999995	825	2	0.41574
SAMD9	4	0.33511	0.34173	0.999949	273	1	0.85926	0.11411	0.28886	0.934572	318	3	0.85926
GMPR	4	0.33579	0.34221	0.999949	274	1	0.46074	0.36648	0.61061	0.999995	634	3	0.46074
PRG3	4	0.33918	0.34538	0.999949	275	1	0.25559	0.10494	0.27012	0.934572	300	2	0.25559
MYL7	4	0.33985	0.34601	0.999949	276	1	0.6112	0.12347	0.30731	0.934572	345	3	0.6112
TPBGL	4	0.34053	0.34647	0.999949	277	1	0.28708	0.5098	0.74266	0.999995	763	2	0.28708
RNF44	4	0.34121	0.34687	0.999949	278	1	0.82165	0.022477	0.070339	0.917201	73	3	0.82165
DDI2	4	0.34323	0.3487	0.999949	279	1	0.88256	0.027411	0.084686	0.917201	92	3	0.88256
ALAS2	4	0.34457	0.34995	0.999949	280	1	0.72622	0.066849	0.18478	0.917201	205	3	0.72622
DYNC1LI1	3	0.34565	0.34387	0.999949	281	1	0.43697	0.45197	0.63679	0.999995	710	2	0.43697
PHLDA1	4	0.34793	0.35291	0.999949	282	1	0.4358	0.20266	0.43574	0.959465	476	3	0.4358
SNAPC4	4	0.3526	0.35709	0.999949	283	1	0.33825	0.54285	0.77077	0.999995	788	2	0.33825
DNAJC15	4	0.35327	0.35769	0.999949	284	1	0.43772	0.22947	0.4662	0.969724	508	3	0.43772
ZMIZ2	4	0.35592	0.35975	0.999949	285	1	0.16171	0.77823	0.88967	0.999995	906	2	0.16171
INTS6L	4	0.35659	0.3604	0.999949	286	1	0.46162	0.47344	0.71037	0.999995	734	3	0.46162
POLD1	4	0.35791	0.36162	0.999949	287	1	0.6165	0.19816	0.43069	0.959465	471	3	0.6165
ABL2	4	0.3599	0.36335	0.999949	288	1	-0.016567	0.50915	0.74212	0.999995	762	1	-0.016567
XYLT2	4	0.36056	0.36385	0.999949	289	1	0.15843	0.68992	0.84378	0.999995	864	2	0.15843
ATAD2B	4	0.36253	0.36554	0.999949	290	1	0.72534	0.18577	0.41678	0.949067	459	3	0.72534
LATS2	4	0.36385	0.3667	0.999949	291	1	0.53816	0.21775	0.45335	0.965698	495	3	0.53816
FOXK2	4	0.36713	0.36969	0.999949	292	1	0.36012	0.41007	0.65187	0.999995	669	3	0.36012
HNRNPH3	4	0.36778	0.37043	0.999949	293	1	0.41241	0.43595	0.67679	0.999995	696	3	0.41241
CSTF2	4	0.36844	0.37098	0.999949	294	1	0.10157	0.97632	0.97767	0.999995	994	1	0.10157
RGS19	4	0.3704	0.37277	0.999949	295	1	0.43397	0.61231	0.80702	0.999995	823	2	0.43397
KRTAP10-10	4	0.37105	0.37323	0.999949	296	1	0.24388	0.71279	0.85512	0.999995	877	2	0.24388
ADGRG7	4	0.3717	0.37377	0.999949	297	1	0.24289	0.43071	0.67164	0.999995	690	2	0.24289
AXL	4	0.373	0.37503	0.999949	298	1	0.45876	0.15806	0.37355	0.94076	410	2	0.45876
TOB2	4	0.37365	0.37555	0.999949	299	1	0.66715	0.17986	0.40964	0.945641	453	3	0.66715
DGKI	4	0.3743	0.37618	0.999949	300	1	0.12597	0.33307	0.57659	0.999995	603	2	0.12597
MTHFD1	4	0.37495	0.37664	0.999949	301	1	-0.029492	0.83928	0.92335	0.999995	934	2	-0.029492
ACTL6B	4	0.37624	0.37789	0.999949	302	1	0.31808	0.34926	0.5934	0.999995	619	2	0.31808
FZR1	4	0.37689	0.37859	0.999949	303	1	-0.11863	0.97199	0.97478	0.999995	990	1	-0.11863
SPAG9	4	0.37754	0.37914	0.999949	304	1	0.42609	0.42779	0.66884	0.999995	683	3	0.42609
SKA1	4	0.37819	0.37969	0.999949	305	1	0.63218	0.21726	0.45272	0.965698	494	3	0.63218
RSBN1	4	0.37883	0.38032	0.999949	306	1	0.051756	0.94382	0.96043	0.999995	970	1	0.051756
BZW2	4	0.38462	0.38565	0.999949	307	1	0.025784	0.76564	0.88312	0.999995	896	2	0.025784
SLC25A25	4	0.3859	0.38667	0.999949	308	1	0.33095	0.4742	0.711	0.999995	735	3	0.33095
MYBPH	4	0.38846	0.3889	0.999949	309	1	0.19391	0.81462	0.90931	0.999995	917	2	0.19391
FANCF	4	0.3891	0.38957	0.999949	310	1	-0.081916	0.98128	0.98179	0.999995	1002	1	-0.081916
STX12	4	0.39101	0.39118	0.999949	311	1	0.28211	0.56794	0.78706	0.999995	799	2	0.28211
GFM1	4	0.39164	0.39173	0.999949	312	1	0.22011	0.0078201	0.026635	0.880438	31	2	0.22011
PDCD4	4	0.39291	0.39294	0.999949	313	1	0.71117	0.10856	0.27784	0.934572	308	3	0.71117
ZNRF4	4	0.39355	0.39337	0.999949	314	1	0.20591	0.88279	0.94251	0.999995	954	1	0.20591
ADSSL1	4	0.39482	0.39468	0.999949	315	1	0.20293	0.80546	0.90404	0.999995	914	2	0.20293
CTPS1	4	0.39545	0.39517	0.999949	316	1	0.10913	0.60554	0.80404	0.999995	819	2	0.10913
IKBKB	4	0.39608	0.39581	0.999949	317	1	0.85773	0.058327	0.16458	0.917201	185	3	0.85773
RALGPS2	4	0.39734	0.39683	0.999949	318	1	0.17161	0.86653	0.93861	0.999995	949	2	0.17161
GDF15	4	0.39861	0.39812	0.999949	319	1	0.50793	0.16372	0.38365	0.94076	422	3	0.50793
EPHA2	4	0.39923	0.39874	0.999949	320	1	-0.073384	0.025134	0.07826	0.917201	81	1	-0.073384
GLT6D1	4	0.40112	0.40038	0.999949	321	1	0.69409	0.15972	0.37658	0.94076	413	3	0.69409
MCPH1	4	0.40175	0.40085	0.999949	322	1	0.39022	0.093851	0.24685	0.931656	276	2	0.39022
CHSY3	4	0.40238	0.40137	0.999949	323	1	0.20855	0.68194	0.83975	0.999995	862	2	0.20855
VPS26B	4	0.40363	0.4025	0.999949	324	1	0.24049	0.35482	0.59867	0.999995	627	2	0.24049
BICD1	4	0.40426	0.4032	0.999949	325	1	-0.050888	0.86055	0.93512	0.999995	946	2	-0.050888
JUP	4	0.40488	0.40393	0.999949	326	1	0.28553	0.35441	0.59828	0.999995	626	2	0.28553
RPL27A	2	0.40548	0.40337	0.999949	327	0	0.43193	0.19828	0.31346	0.938622	472	1	0.43193
AP5M1	4	0.40551	0.40454	0.999949	328	1	0.41612	0.46031	0.69875	0.999995	719	3	0.41612
COPG1	4	0.40676	0.40575	0.999949	329	1	0.21546	0.67085	0.83456	0.999995	854	2	0.21546
RPA3	4	0.40925	0.40811	0.999949	330	1	0.40442	0.57239	0.78904	0.999995	804	2	0.40442
GSTP1	4	0.40987	0.40882	0.999949	331	1	0.13018	0.57724	0.79101	0.999995	807	2	0.13018
CADPS	4	0.41049	0.40937	0.999949	332	1	0.23376	0.16291	0.38229	0.94076	421	2	0.23376
ESRP1	4	0.41111	0.41	0.999949	333	1	0.26876	0.67318	0.83575	0.999995	855	2	0.26876
SLC35F3	4	0.41359	0.41222	0.999949	334	1	0.32242	0.3736	0.61733	0.999995	643	2	0.32242
PRSS37	4	0.41482	0.41352	0.999949	335	1	0.28584	0.45796	0.69646	0.999995	716	2	0.28584
FOSL1	3	0.41599	0.41431	0.999949	336	0	0.032579	0.46348	0.64546	0.999995	724	1	0.032579
ABCC3	4	0.41667	0.41533	0.999949	337	1	-0.0324	0.76336	0.88197	0.999995	894	1	-0.0324
RAMP2	4	0.41852	0.41719	0.999949	338	1	0.64823	0.073979	0.20122	0.917201	231	3	0.64823
CAP2	4	0.41913	0.41783	0.999949	339	1	0.046853	0.53305	0.76249	0.999995	781	2	0.046853
APOBEC3C	4	0.42036	0.41896	0.999949	340	1	0.27326	0.30048	0.54351	0.990006	576	3	0.27326
MTX1	3	0.42226	0.42066	0.999949	341	0	0.093957	0.081094	0.18447	0.917201	245	1	0.093957
GPSM2	4	0.42281	0.4214	0.999949	342	1	0.64855	0.11509	0.29074	0.934572	322	3	0.64855
IPO7	3	0.42513	0.42365	0.999949	343	0	-0.050857	0.62736	0.77461	0.999995	830	1	-0.050857
MAPK8IP3	4	0.42586	0.42431	0.999949	344	1	0.30843	0.43958	0.68006	0.999995	698	2	0.30843
COPZ2	4	0.42707	0.42538	0.999949	345	1	0.52165	0.25199	0.49109	0.984043	524	3	0.52165
MPC1	4	0.42889	0.4273	0.999949	346	1	0.060299	0.7315	0.86459	0.999995	886	1	0.060299
RHBDF2	4	0.4301	0.42838	0.999949	347	1	0.30972	0.39418	0.6367	0.999995	661	2	0.30972
SOAT1	4	0.43071	0.42893	0.999949	348	1	0.20992	0.32555	0.56898	0.999995	594	2	0.20992
RAP1GAP	4	0.43131	0.4296	0.999949	349	1	0.029932	0.91298	0.95033	0.999995	959	1	0.029932
SAR1A	8	0.43153	0.49371	0.999949	350	1	0.3929	0.068792	0.25083	0.931656	212	6	0.3929
HTR2C	4	0.43312	0.43138	0.999949	351	1	0.23883	0.59581	0.79958	0.999995	816	2	0.23883
YIF1A	4	0.43433	0.43275	0.999949	352	1	0.24332	0.72913	0.86347	0.999995	885	2	0.24332
ADAP1	4	0.43493	0.43327	0.999949	353	1	0.066692	0.26012	0.50017	0.984043	531	1	0.066692
KIAA0319	4	0.43733	0.43579	0.999949	354	1	0.38973	0.42768	0.66876	0.999995	682	2	0.38973
SOX9	4	0.43853	0.43693	0.999949	355	1	-0.19751	0.99679	0.99685	0.999995	1031	0	-0.19751
PTF1A	4	0.44032	0.43878	0.999949	356	1	0.25972	0.40488	0.64699	0.999995	667	3	0.25972
EZH1	4	0.44092	0.43947	0.999949	357	1	0.44275	0.15029	0.35964	0.94076	398	2	0.44275
TTC7A	8	0.44158	0.49986	0.999949	358	1	0.27207	0.68123	0.91362	0.999995	861	5	0.27207
CLCA1	4	0.44271	0.44114	0.999949	359	0	0.16994	0.8212	0.91319	0.999995	922	2	0.16994
TPST1	4	0.4433	0.44191	0.999949	360	0	0.53487	0.2774	0.51876	0.98929	553	3	0.53487
DUOX2	4	0.44449	0.4432	0.999949	361	0	0.23651	0.50752	0.74065	0.999995	760	2	0.23651
ARPC5	4	0.44508	0.4438	0.999949	362	0	0.57298	0.24636	0.48532	0.984043	519	3	0.57298
KLF4	4	0.44568	0.44448	0.999949	363	0	0.51222	0.26055	0.50053	0.984043	534	3	0.51222
GSDMD	4	0.44627	0.44505	0.999949	364	0	0.33134	0.14996	0.35895	0.94076	397	2	0.33134
ASCL1	4	0.44745	0.44622	0.999949	365	0	0.23719	0.64923	0.8241	0.999995	838	2	0.23719
GXYLT2	4	0.44923	0.44787	0.999949	366	0	0.65107	0.10776	0.27606	0.934572	306	3	0.65107
FRS2	4	0.44982	0.4485	0.999949	367	0	0.37219	0.22871	0.46536	0.969724	507	2	0.37219
CDK5R1	4	0.4504	0.44911	0.999949	368	0	0.42911	0.43507	0.67605	0.999995	695	2	0.42911
LARP1B	4	0.45158	0.45038	0.999949	369	0	0.23048	0.44776	0.68735	0.999995	708	2	0.23048
CRY1	4	0.45217	0.45096	0.999949	370	0	0.15712	0.70363	0.85078	0.999995	870	1	0.15712
GALR3	4	0.45276	0.45156	0.999949	371	0	0.15156	0.80435	0.90349	0.999995	912	2	0.15156
TNR	4	0.45393	0.45282	0.999949	372	0	0.41484	0.42097	0.66261	0.999995	677	3	0.41484
SLC9A3R2	4	0.45627	0.45498	0.999949	373	0	0.0061801	0.89672	0.94575	0.999995	957	1	0.0061801
SOD1	4	0.45686	0.45541	0.999949	374	0	0.019384	0.96643	0.9713	0.999995	987	1	0.019384
S1PR4	4	0.45744	0.45595	0.999949	375	0	0.30339	0.48882	0.72395	0.999995	746	2	0.30339
SPTAN1	4	0.45802	0.45651	0.999949	376	0	0.4354	0.44816	0.68773	0.999995	709	2	0.4354
UTP14C	4	0.4586	0.45713	0.999949	377	0	0.10381	0.20955	0.44362	0.965002	485	2	0.10381
PAX4	4	0.45919	0.45779	0.999949	378	0	0.40493	0.25124	0.49037	0.984043	523	2	0.40493
TAP1	4	0.46035	0.45889	0.999949	379	0	0.49739	0.096419	0.25212	0.931656	284	3	0.49739
RIC8B	4	0.46151	0.46002	0.999949	380	0	0.63336	0.16022	0.37747	0.94076	416	3	0.63336
IDH1	4	0.46267	0.46143	0.999949	381	0	0.94532	0.054189	0.15449	0.917201	172	3	0.94532
RNF144B	4	0.4644	0.46326	0.999949	382	0	0.55327	0.41294	0.65469	0.999995	671	3	0.55327
ZNF284	4	0.46498	0.4639	0.999949	383	0	0.76335	0.11789	0.29627	0.934572	328	3	0.76335
FKBP9	4	0.46614	0.46491	0.999949	384	0	0.45663	0.35222	0.59624	0.999995	624	3	0.45663
LIN28A	3	0.46713	0.46551	0.999949	385	0	0.25963	0.24663	0.46184	0.965698	520	2	0.25963
LIN28B	4	0.46729	0.46597	0.999949	386	0	0.46679	0.217	0.45244	0.965698	493	2	0.46679
MYBPHL	4	0.46844	0.46704	0.999949	387	0	0.37869	0.64487	0.82225	0.999995	836	2	0.37869
SLC11A2	4	0.46901	0.46752	0.999949	388	0	0.23479	0.67	0.83427	0.999995	852	2	0.23479
DGAT2L6	4	0.47073	0.46916	0.999949	389	0	0.77946	0.17668	0.40577	0.945641	448	3	0.77946
LIM2	4	0.47188	0.47011	0.999949	390	0	0.031357	0.70806	0.85287	0.999995	873	1	0.031357
CTPS2	4	0.47302	0.47119	0.999949	391	0	0.54106	0.22524	0.46151	0.965698	504	3	0.54106
LSM14B	4	0.47359	0.47167	0.999949	392	0	0.37739	0.3033	0.54628	0.990006	584	3	0.37739
GBP3	4	0.47473	0.47282	0.999949	393	0	0.14809	0.82594	0.9157	0.999995	924	2	0.14809
LRBA	4	0.47587	0.47393	0.999949	394	0	0.65302	0.16655	0.38909	0.94076	425	3	0.65302
HEATR5A	4	0.477	0.47498	0.999949	395	0	0.38478	0.46367	0.7017	0.999995	725	2	0.38478
CNOT8	3	0.47707	0.47523	0.999949	396	0	0.48036	0.43442	0.62263	0.999995	693	2	0.48036
CNOT6	4	0.47757	0.47553	0.999949	397	0	0.28823	0.53755	0.76632	0.999995	785	3	0.28823
TLN1	4	0.47927	0.47716	0.999949	398	0	0.19313	0.91327	0.95044	0.999995	960	1	0.19313
FOXK1	4	0.47983	0.47778	0.999949	399	0	0.23698	0.60508	0.80385	0.999995	818	2	0.23698
IRF6	4	0.4804	0.47829	0.999949	400	0	0.67425	0.15085	0.3606	0.94076	399	3	0.67425
EZH2	4	0.48096	0.4789	0.999949	401	0	0.0053268	0.23099	0.46796	0.970714	510	1	0.0053268
MORF4L2	4	0.48153	0.47958	0.999949	402	0	0.19759	0.57918	0.7918	0.999995	810	1	0.19759
TMEM120A	4	0.48209	0.48008	0.999949	403	0	0.26814	0.1134	0.28736	0.934572	315	2	0.26814
PTPN6	4	0.48265	0.48078	0.999949	404	0	0.45591	0.24004	0.47849	0.980684	513	3	0.45591
SNRPB2	3	0.48289	0.48109	0.999949	405	0	0.39843	0.44219	0.6291	0.999995	702	2	0.39843
SPTLC2	4	0.48322	0.48135	0.999949	406	0	0.62433	0.16835	0.39238	0.94076	432	3	0.62433
COQ10B	4	0.48546	0.48343	0.999949	407	0	0.25845	0.77201	0.88654	0.999995	902	2	0.25845
SNX2	4	0.48658	0.48454	0.999949	408	0	0.59382	0.16706	0.39005	0.94076	428	3	0.59382
UAP1L1	4	0.4877	0.48563	0.999949	409	0	0.70839	0.11596	0.29258	0.934572	325	3	0.70839
TRPC5	4	0.48882	0.48684	0.999949	410	0	0.23769	0.71399	0.85567	0.999995	878	2	0.23769
KHSRP	4	0.48937	0.48738	0.999949	411	0	0.35375	0.12848	0.31714	0.94076	353	2	0.35375
TPBG	4	0.48993	0.48796	0.999949	412	0	0.41845	0.25357	0.4929	0.984043	526	3	0.41845
ZNF185	4	0.49049	0.48856	0.999949	413	0	0.28989	0.26379	0.50427	0.984401	541	2	0.28989
PLEK2	4	0.49104	0.48901	0.999949	414	0	0.51419	0.30151	0.54441	0.990006	581	3	0.51419
UNC45B	4	0.49271	0.49059	0.999949	415	0	0.21728	0.95447	0.96504	0.999995	978	1	0.21728
G3BP2	4	0.49326	0.49114	0.999949	416	0	-0.055628	0.89018	0.94423	0.999995	956	1	-0.055628
DMXL2	4	0.49437	0.49225	0.999949	417	0	0.15923	0.83978	0.92363	0.999995	935	2	0.15923
MANF	4	0.49493	0.4928	0.999949	418	0	0.22317	0.17496	0.40384	0.944976	446	2	0.22317
ZMIZ1	4	0.49658	0.49463	0.999949	419	0	0.03326	0.96459	0.97015	0.999995	984	1	0.03326
TCERG1	4	0.49713	0.49515	0.999949	420	0	0.28369	0.33647	0.5803	0.999995	606	2	0.28369
DUSP10	4	0.49823	0.49628	0.999949	421	0	0.32025	0.30119	0.54408	0.990006	580	2	0.32025
CYP26C1	4	0.49933	0.49728	0.999949	422	0	0.80125	0.047465	0.13797	0.917201	149	3	0.80125
CAP1	4	0.50098	0.49901	0.999949	423	0	0.055977	0.4551	0.69382	0.999995	713	1	0.055977
DUOX1	4	0.50153	0.49972	0.999949	424	0	0.60642	0.091277	0.24125	0.931656	268	3	0.60642
CRY2	4	0.50262	0.50078	0.999949	425	0	0.15014	0.61194	0.80681	0.999995	822	2	0.15014
CAVIN1	4	0.50317	0.50145	0.999949	426	0	0.41577	0.36574	0.6098	0.999995	633	3	0.41577
BECN1	4	0.5048	0.50319	0.999949	427	0	0.35521	0.79107	0.89633	0.999995	909	2	0.35521
SRI	4	0.50589	0.50428	0.999949	428	0	0.56314	0.27347	0.51416	0.98929	547	3	0.56314
CLTA	4	0.50644	0.50486	0.999949	429	0	0.29976	0.49301	0.72734	0.999995	749	3	0.29976
KCNG4	4	0.51131	0.50962	0.999949	430	0	0.54804	0.43479	0.67574	0.999995	694	3	0.54804
RALGPS1	4	0.51346	0.512	0.999949	431	0	0.73994	0.072487	0.19793	0.917201	227	3	0.73994
ZEB1	4	0.514	0.51265	0.999949	432	0	0.1647	0.8458	0.92714	0.999995	937	1	0.1647
CAPN2	4	0.51454	0.51319	0.999949	433	0	0.50958	0.3544	0.59827	0.999995	625	3	0.50958
PLXDC1	8	0.51461	0.54692	0.999949	434	1	0.43148	0.32879	0.67082	0.999995	598	6	0.43148
SPATA21	4	0.51614	0.51478	0.999949	435	0	0.38262	0.53513	0.76435	0.999995	782	2	0.38262
PTPN11	4	0.51668	0.51533	0.999949	436	0	0.072016	0.28984	0.53195	0.990006	568	1	0.072016
MAK	4	0.51721	0.51586	0.999949	437	0	1.2367	0.00013333	0.00057444	0.20297	3	3	1.2367
AQP8	4	0.51775	0.51641	0.999949	438	0	0.96533	0.029611	0.091047	0.917201	97	3	0.96533
FSD1L	4	0.51828	0.517	0.999949	439	0	0.32991	0.2015	0.43428	0.959465	474	2	0.32991
BRSK2	4	0.51935	0.51807	0.999949	440	0	0.2005	0.81233	0.90792	0.999995	916	2	0.2005
SLC17A2	4	0.51988	0.51853	0.999949	441	0	0.57061	0.12013	0.30044	0.934572	335	3	0.57061
PTPN21	4	0.52147	0.52031	0.999949	442	0	0.35094	0.46863	0.70634	0.999995	729	3	0.35094
RB1	4	0.52253	0.52131	0.999949	443	0	0.32463	0.42934	0.67036	0.999995	686	3	0.32463
SUV39H1	4	0.52412	0.52309	0.999949	444	0	0.32417	0.16694	0.38981	0.94076	427	2	0.32417
EP300	4	0.52518	0.52422	0.999949	445	0	0.23201	0.83726	0.92211	0.999995	931	2	0.23201
GABPB1	4	0.52729	0.52646	0.999949	446	0	0.34262	0.60966	0.80588	0.999995	821	2	0.34262
MRPL55	4	0.52834	0.52738	0.999949	447	0	0.50806	0.044898	0.13172	0.917201	141	3	0.50806
FOXE3	4	0.52991	0.52887	0.999949	448	0	0.22143	0.39923	0.64161	0.999995	664	2	0.22143
PHLDA2	4	0.53044	0.5293	0.999949	449	0	0.1894	0.68368	0.84067	0.999995	863	2	0.1894
ATP7A	4	0.53096	0.52976	0.999949	450	0	-0.033955	0.17336	0.40209	0.942949	444	1	-0.033955
MMD2	4	0.53148	0.5303	0.999949	451	0	0.38962	0.52181	0.75312	0.999995	770	2	0.38962
SAR1B	4	0.532	0.5309	0.999949	452	0	0.67342	0.1699	0.39566	0.94076	439	3	0.67342
CLDN4	4	0.53357	0.53236	0.999949	453	0	0.3179	0.3908	0.63328	0.999995	660	2	0.3179
GLIS3	4	0.53409	0.53286	0.999949	454	0	0.75339	0.070262	0.19275	0.917201	218	3	0.75339
SEPHS2	4	0.53513	0.53407	0.999949	455	0	-0.017222	0.96526	0.97061	0.999995	985	1	-0.017222
SLC10A2	4	0.53617	0.53508	0.999949	456	0	0.22371	0.80407	0.9033	0.999995	911	2	0.22371
SPATA16	4	0.5372	0.53615	0.999949	457	0	0.12658	0.45393	0.69285	0.999995	711	1	0.12658
DCAF8L1	4	0.53772	0.53656	0.999949	458	0	0.37874	0.038643	0.11557	0.917201	122	2	0.37874
KRT25	4	0.53824	0.53698	0.999949	459	0	0.48192	0.18688	0.418	0.949067	460	3	0.48192
POLR2F	4	0.53875	0.53765	0.999949	460	0	0.23814	0.9512	0.96356	0.999995	976	1	0.23814
ERH	4	0.53927	0.53822	0.999949	461	0	0.80204	0.24667	0.48577	0.984043	521	3	0.80204
FXR2	4	0.54082	0.53959	0.999949	462	0	0.17741	0.56946	0.78772	0.999995	803	2	0.17741
RPL3L	4	0.54133	0.53995	0.999949	463	0	0.83796	0.05665	0.16047	0.917201	181	3	0.83796
AP1G2	4	0.54184	0.5404	0.999949	464	0	0.72257	0.13355	0.32751	0.94076	361	3	0.72257
RNF130	4	0.54236	0.54095	0.999949	465	0	0.38144	0.28912	0.53109	0.990006	567	3	0.38144
MORF4L1	3	0.54365	0.54225	0.999949	466	0	0.42435	0.5241	0.6939	0.999995	771	2	0.42435
RBMX	3	0.54406	0.54278	0.999949	467	0	0.63015	0.26003	0.48109	0.980684	530	2	0.63015
HMGCS2	4	0.54441	0.54316	0.999949	468	0	0.36855	0.2955	0.53821	0.990006	571	2	0.36855
IPO8	4	0.54492	0.54363	0.999949	469	0	0.55425	0.093554	0.24616	0.931656	275	3	0.55425
ULK1	4	0.54543	0.54407	0.999949	470	0	0.24741	0.567	0.78656	0.999995	798	2	0.24741
ITSN2	4	0.54594	0.54469	0.999949	471	0	1.2626	0.00089636	0.0036381	0.642504	4	3	1.2626
SIN3B	4	0.54798	0.54691	0.999949	472	0	0.32525	0.46652	0.7042	0.999995	728	2	0.32525
MED31	4	0.54849	0.54738	0.999949	473	0	0.35512	0.42973	0.67071	0.999995	688	3	0.35512
SMAP1	4	0.55001	0.54887	0.999949	474	0	0.12713	0.83485	0.92081	0.999995	929	1	0.12713
XRCC4	4	0.55102	0.5498	0.999949	475	0	0.28259	0.67045	0.83442	0.999995	853	2	0.28259
NCKAP1L	4	0.55153	0.55029	0.999949	476	0	0.83639	0.044631	0.13109	0.917201	139	3	0.83639
LIMK2	4	0.55254	0.55134	0.999949	477	0	0.68535	0.081793	0.21944	0.931656	246	3	0.68535
UBASH3B	4	0.55305	0.55194	0.999949	478	0	0.26016	0.30541	0.54841	0.990006	587	2	0.26016
PACS2	4	0.55355	0.55248	0.999949	479	0	0.81647	0.053116	0.1518	0.917201	169	3	0.81647
RPL21	2	0.55386	0.55214	0.999949	480	0	0.41703	0.707	0.74006	0.999995	872	1	0.41703
GALNT5	4	0.55405	0.553	0.999949	481	0	0.24395	0.69991	0.84895	0.999995	866	1	0.24395
HMSD	4	0.55456	0.55358	0.999949	482	0	0.76798	0.11494	0.29045	0.934572	321	3	0.76798
IMPDH1	4	0.55606	0.55539	0.999949	483	0	0.27676	0.85132	0.93016	0.999995	943	2	0.27676
CHRNB3	4	0.55807	0.55759	0.999949	484	0	0.8812	0.03965	0.1183	0.917201	128	3	0.8812
SEC11C	4	0.55857	0.55811	0.999949	485	0	0.69046	0.2004	0.43314	0.959465	473	3	0.69046
PACS1	4	0.55907	0.55864	0.999949	486	0	0.29024	0.47245	0.70946	0.999995	732	2	0.29024
PPP3CA	4	0.56354	0.56327	0.999949	487	0	0.56045	0.076589	0.20778	0.921225	238	3	0.56045
AP1G1	4	0.56404	0.5638	0.999949	488	0	0.28829	0.3599	0.60368	0.999995	630	2	0.28829
MYH7	4	0.56453	0.56431	0.999949	489	0	0.14275	0.86811	0.93948	0.999995	950	2	0.14275
NSG1	4	0.56503	0.56487	0.999949	490	0	0.49207	0.1796	0.40941	0.945641	451	3	0.49207
L3MBTL2	4	0.56602	0.56577	0.999949	491	0	0.41425	0.42729	0.6684	0.999995	681	2	0.41425
TTC23	4	0.56651	0.56623	0.999949	492	0	0.68697	0.13484	0.33011	0.94076	364	3	0.68697
IPO5	4	0.567	0.56674	0.999949	493	0	0.28317	0.30471	0.54755	0.990006	586	2	0.28317
TUBB2B	2	0.56914	0.56817	0.999949	494	0	0.63218	0.06823	0.11997	0.917201	210	1	0.63218
ARID4A	4	0.57142	0.57111	0.999949	495	0	0.16937	0.81827	0.91152	0.999995	919	2	0.16937
NET1	4	0.57191	0.57168	0.999949	496	0	0.1661	0.7242	0.86095	0.999995	883	2	0.1661
MTA1	4	0.57288	0.57267	0.999949	497	0	0.14753	0.62048	0.81091	0.999995	826	1	0.14753
DDX39B	4	0.57337	0.57314	0.999949	498	0	0.70874	0.0043936	0.015734	0.758101	23	3	0.70874
GXYLT1	4	0.57483	0.5746	0.999949	499	0	0.23505	0.48826	0.72341	0.999995	745	2	0.23505
CHSY1	4	0.57531	0.57495	0.999949	500	0	0.70383	0.084575	0.22608	0.931656	253	3	0.70383
FKBP4	4	0.5758	0.57544	0.999949	501	0	0.37002	0.35924	0.60302	0.999995	629	3	0.37002
GPSM1	4	0.57677	0.57631	0.999949	502	0	0.47974	0.38544	0.62826	0.999995	653	3	0.47974
CHM	4	0.57774	0.57724	0.999949	503	0	0.74433	0.15669	0.371	0.94076	408	3	0.74433
CAND2	4	0.57822	0.57769	0.999949	504	0	0.71388	0.011826	0.039347	0.917201	42	2	0.71388
RNF20	4	0.58207	0.5816	0.999949	505	0	0.48933	0.28768	0.52961	0.990006	566	3	0.48933
FOXA1	4	0.58255	0.58208	0.999949	506	0	0.71449	0.038599	0.11547	0.917201	121	3	0.71449
QSOX1	4	0.58303	0.58241	0.999949	507	0	0.19089	0.70629	0.85216	0.999995	871	2	0.19089
PDGFD	4	0.58351	0.58297	0.999949	508	0	0.26819	0.0087371	0.029465	0.917201	34	2	0.26819
SUV39H2	3	0.585	0.58377	0.999949	509	0	0.71371	0.11728	0.25347	0.931656	327	2	0.71371
SPOP	4	0.58542	0.58494	0.999949	510	0	0.40871	0.34952	0.5936	0.999995	620	2	0.40871
TBK1	4	0.58589	0.58542	0.999949	511	0	0.59116	0.40146	0.64339	0.999995	666	3	0.59116
PIP4P2	4	0.5878	0.58721	0.999949	512	0	0.38453	0.53296	0.76243	0.999995	780	2	0.38453
RUNX1	4	0.59016	0.58968	0.999949	513	0	0.37906	0.15264	0.36381	0.94076	401	2	0.37906
MOGAT2	4	0.59064	0.59013	0.999949	514	0	0.29563	0.65429	0.82659	0.999995	840	2	0.29563
AP3M1	4	0.59111	0.59077	0.999949	515	0	0.3137	0.50873	0.74164	0.999995	761	3	0.3137
MTMR3	4	0.59158	0.59118	0.999949	516	0	0.33082	0.53811	0.7667	0.999995	786	2	0.33082
RSC1A1	4	0.59205	0.59162	0.999949	517	0	0.82496	0.026944	0.083378	0.917201	89	3	0.82496
ADARB2	4	0.59252	0.59218	0.999949	518	0	0.47996	0.28734	0.52922	0.990006	564	3	0.47996
RNF113B	4	0.59393	0.59348	0.999949	519	0	0.22088	0.74675	0.87296	0.999995	891	2	0.22088
RNF10	4	0.59487	0.5944	0.999949	520	0	0.76135	0.088486	0.235	0.931656	264	3	0.76135
CCNT1	4	0.59534	0.5948	0.999949	521	0	0.61298	0.11688	0.29427	0.934572	326	3	0.61298
HEATR5B	4	0.59767	0.597	0.999949	522	0	0.64283	0.021508	0.06749	0.917201	72	3	0.64283
VRTN	4	0.59861	0.59796	0.999949	523	0	0.786	0.047681	0.13867	0.917201	152	3	0.786
YIPF5	4	0.59907	0.59841	0.999949	524	0	0.6532	0.16078	0.37854	0.94076	418	3	0.6532
NOX3	4	0.6	0.59942	0.999949	525	0	0.29421	0.56106	0.78362	0.999995	795	2	0.29421
ATOH1	4	0.60093	0.60022	0.999949	526	0	0.25174	0.51292	0.74538	0.999995	765	2	0.25174
ENOX1	4	0.60139	0.60058	0.999949	527	0	0.8047	0.14662	0.35288	0.94076	382	3	0.8047
SAMD4B	4	0.60185	0.60109	0.999949	528	0	0.69481	0.14772	0.35494	0.94076	386	3	0.69481
RIMKLB	3	0.60208	0.60153	0.999949	529	0	0.49009	0.25389	0.4725	0.976309	527	2	0.49009
PSMB9	4	0.60508	0.6045	0.999949	530	0	0.36089	0.44092	0.68146	0.999995	700	3	0.36089
CSTF2T	4	0.60554	0.60494	0.999949	531	0	0.55034	0.26023	0.50025	0.984043	532	3	0.55034
TPRX1	4	0.60692	0.60625	0.999949	532	0	0.4712	0.4849	0.7202	0.999995	743	3	0.4712
BTG1	4	0.60783	0.60728	0.999949	533	0	0.2231	0.66071	0.8296	0.999995	844	2	0.2231
SLC25A15	4	0.60874	0.60807	0.999949	534	0	0.30751	0.4433	0.68354	0.999995	704	3	0.30751
PSEN1	4	0.6092	0.60853	0.999949	535	0	0.36864	0.48059	0.7165	0.999995	740	3	0.36864
CDK16	4	0.61011	0.60958	0.999949	536	0	0.83534	0.021161	0.066584	0.917201	69	3	0.83534
ZAP70	4	0.61102	0.61051	0.999949	537	0	0.44957	0.31423	0.55732	0.999995	590	3	0.44957
SLC22A8	4	0.61148	0.61099	0.999949	538	0	0.57042	0.060391	0.16953	0.917201	188	2	0.57042
DGKZ	3	0.61174	0.6119	0.999949	539	0	0.20808	0.83731	0.88325	0.999995	932	1	0.20808
EPS15	4	0.61284	0.61232	0.999949	540	0	0.4259	0.56288	0.78465	0.999995	796	2	0.4259
OSBPL6	4	0.61419	0.61363	0.999949	541	0	0.57879	0.27414	0.51491	0.98929	549	3	0.57879
ADM	4	0.61465	0.61417	0.999949	542	0	0.46465	0.27249	0.51332	0.98929	546	3	0.46465
H2AFX	4	0.6151	0.61458	0.999949	543	0	0.50376	0.38806	0.63066	0.999995	655	3	0.50376
ERO1B	4	0.61555	0.61493	0.999949	544	0	0.14519	0.3019	0.54479	0.990006	583	1	0.14519
RP1	4	0.61645	0.61567	0.999949	545	0	0.30462	0.30822	0.55132	0.992192	589	2	0.30462
RCBTB1	4	0.61735	0.61655	0.999949	546	0	0.54042	0.19475	0.42688	0.959465	465	2	0.54042
ZG16	4	0.61824	0.61752	0.999949	547	0	0.56275	0.06436	0.17897	0.917201	200	3	0.56275
EPHA3	4	0.61869	0.61795	0.999949	548	0	0.72278	0.14862	0.35655	0.94076	390	3	0.72278
SERPINA11	4	0.61914	0.61841	0.999949	549	0	0.52173	0.1613	0.3795	0.94076	419	3	0.52173
GMPR2	4	0.62092	0.62034	0.999949	550	0	0.19863	0.17016	0.39613	0.94076	440	2	0.19863
JAG2	4	0.62137	0.62084	0.999949	551	0	0.26192	0.6457	0.82266	0.999995	837	2	0.26192
LSM14A	4	0.62182	0.62137	0.999949	552	0	0.87873	0.060177	0.16901	0.917201	187	3	0.87873
TIMM23	4	0.6227	0.62233	0.999949	553	0	0.31941	0.76772	0.88404	0.999995	900	2	0.31941
DDI1	8	0.62367	0.62935	0.999949	554	1	0.67437	0.057733	0.22046	0.931656	184	7	0.67437
GSX1	4	0.62404	0.62373	0.999949	555	0	0.30502	0.50698	0.74019	0.999995	759	3	0.30502
LIMK1	4	0.62448	0.62419	0.999949	556	0	0.64313	0.1261	0.3126	0.938622	351	3	0.64313
RPS7	1	0.62595	0.62816	0.999949	557	0	0.62927	0.37405	0.37458	0.94076	645	1	0.62927
NLRP8	4	0.62713	0.62695	0.999949	558	0	0.54848	0.21066	0.44518	0.965002	487	3	0.54848
SLC25A24	4	0.62757	0.62726	0.999949	559	0	0.55895	0.046608	0.13587	0.917201	144	2	0.55895
CWF19L1	4	0.62801	0.62769	0.999949	560	0	0.24362	0.83114	0.9187	0.999995	925	2	0.24362
PCDH1	4	0.62845	0.62814	0.999949	561	0	0.61536	0.18767	0.41902	0.949067	462	3	0.61536
ADARB1	4	0.62889	0.62857	0.999949	562	0	0.89162	0.033693	0.10248	0.917201	108	3	0.89162
STRADA	4	0.62932	0.6289	0.999949	563	0	0.1441	0.86125	0.93546	0.999995	947	2	0.1441
SLC32A1	4	0.63064	0.63017	0.999949	564	0	0.40058	0.34708	0.59124	0.999995	615	2	0.40058
ERC2	4	0.63107	0.63055	0.999949	565	0	0.39037	0.63536	0.81752	0.999995	832	2	0.39037
IRF8	4	0.63151	0.63093	0.999949	566	0	0.30179	0.41544	0.65741	0.999995	674	2	0.30179
POU4F2	4	0.63282	0.63226	0.999949	567	0	0.12984	0.24229	0.48109	0.980684	517	2	0.12984
ELL2	4	0.63542	0.63479	0.999949	568	0	0.67247	0.082659	0.22142	0.931656	248	3	0.67247
CABP5	4	0.63758	0.63685	0.999949	569	0	0.28832	0.80491	0.90376	0.999995	913	2	0.28832
GOLPH3	4	0.63844	0.63771	0.999949	570	0	0.2532	0.55388	0.78013	0.999995	792	2	0.2532
CCND3	4	0.63887	0.63806	0.999949	571	0	0.36954	0.33171	0.57522	0.999995	601	3	0.36954
GRIP1	4	0.6393	0.63849	0.999949	572	0	0.28726	0.54734	0.77479	0.999995	789	3	0.28726
SBF2	3	0.64151	0.64074	0.999949	573	0	0.8336	0.11341	0.2468	0.931656	316	2	0.8336
WAS	4	0.64273	0.64205	0.999949	574	0	0.48805	0.19621	0.42844	0.959465	467	3	0.48805
MTUS2	4	0.64315	0.64245	0.999949	575	0	0.25087	0.54995	0.77704	0.999995	791	2	0.25087
SIRPA	3	0.64326	0.64228	0.999949	576	0	0.4683	0.053347	0.12667	0.917201	171	2	0.4683
SHMT2	4	0.64358	0.64295	0.999949	577	0	0.31709	0.65742	0.82812	0.999995	842	2	0.31709
GRHL3	4	0.64443	0.6439	0.999949	578	0	0.35649	0.49168	0.72616	0.999995	748	2	0.35649
KRT74	4	0.6457	0.64537	0.999949	579	0	0.95216	0.033811	0.10282	0.917201	109	3	0.95216
TGM6	4	0.64613	0.64571	0.999949	580	0	0.26809	0.77594	0.88853	0.999995	904	2	0.26809
TBR1	4	0.64782	0.64709	0.999949	581	0	0.71144	0.14748	0.35439	0.94076	385	3	0.71144
TCF3	4	0.6495	0.6487	0.999949	582	0	0.38765	0.3781	0.62149	0.999995	647	3	0.38765
POU5F2	4	0.64992	0.64912	0.999949	583	0	0.60611	0.12217	0.30467	0.934572	340	3	0.60611
CTSZ	4	0.65076	0.65014	0.999949	584	0	0.25949	0.66325	0.83093	0.999995	846	2	0.25949
MAT2A	4	0.65118	0.65063	0.999949	585	0	0.18677	0.36974	0.61373	0.999995	638	2	0.18677
LATS1	4	0.6516	0.65108	0.999949	586	0	0.70721	0.031431	0.096072	0.917201	101	3	0.70721
NAA11	4	0.65243	0.65186	0.999949	587	0	0.37748	0.46	0.69852	0.999995	718	2	0.37748
SEC31B	4	0.65368	0.65315	0.999949	588	0	0.30774	0.57453	0.78994	0.999995	805	2	0.30774
PTTG1	3	0.65394	0.65282	0.999949	589	0	0.30518	0.58769	0.74317	0.999995	813	2	0.30518
CDK5R2	4	0.6541	0.65345	0.999949	590	0	0.12935	0.97593	0.97746	0.999995	993	1	0.12935
DMXL1	4	0.65493	0.65427	0.999949	591	0	0.28354	0.62404	0.81243	0.999995	828	2	0.28354
CYP2A6	4	0.65576	0.65515	0.999949	592	0	0.61572	0.052076	0.14915	0.917201	163	2	0.61572
TFDP3	4	0.65618	0.65561	0.999949	593	0	0.46896	0.3486	0.59271	0.999995	618	3	0.46896
G3BP1	4	0.65742	0.65685	0.999949	594	0	0.26234	0.96172	0.96851	0.999995	983	1	0.26234
TRIM25	4	0.65948	0.65889	0.999949	595	0	0.40407	0.040433	0.12044	0.917201	132	2	0.40407
TANC1	4	0.66071	0.66002	0.999949	596	0	0.45187	0.45478	0.69353	0.999995	712	3	0.45187
EFR3B	4	0.66153	0.66092	0.999949	597	0	0.32881	0.2049	0.4381	0.959465	482	3	0.32881
RBPJ	4	0.66194	0.66132	0.999949	598	0	0.61767	0.098699	0.25689	0.931656	291	3	0.61767
CD163L1	4	0.66235	0.66168	0.999949	599	0	0.92973	0.027241	0.084154	0.917201	91	3	0.92973
RYBP	3	0.66374	0.66326	0.999949	600	0	1.3414	0.034682	0.084724	0.917201	111	2	1.3414
RHOT2	4	0.66398	0.66314	0.999949	601	0	0.41077	0.46585	0.70358	0.999995	726	3	0.41077
ESRP2	4	0.6648	0.66399	0.999949	602	0	0.302	0.46035	0.69881	0.999995	720	3	0.302
ATP6V1B1	4	0.6652	0.66448	0.999949	603	0	0.53053	0.44612	0.686	0.999995	705	3	0.53053
YBX3	4	0.66601	0.66522	0.999949	604	0	0.50013	0.18418	0.41495	0.947945	458	3	0.50013
ACACB	4	0.66682	0.66611	0.999949	605	0	0.4528	0.11929	0.29883	0.934572	333	3	0.4528
GRM4	4	0.66763	0.66705	0.999949	606	0	0.55931	0.065227	0.18101	0.917201	201	2	0.55931
RNF38	4	0.66844	0.66794	0.999949	607	0	0.57973	0.27938	0.52096	0.989629	557	3	0.57973
VIM	4	0.66884	0.66837	0.999949	608	0	0.55371	0.24171	0.48044	0.980684	516	3	0.55371
SEC31A	4	0.66924	0.66879	0.999949	609	0	0.34278	0.56833	0.7872	0.999995	801	2	0.34278
IL6ST	4	0.67045	0.6699	0.999949	610	0	0.32406	0.59721	0.80023	0.999995	817	2	0.32406
APH1B	4	0.67125	0.67071	0.999949	611	0	0.49337	0.28267	0.52426	0.990006	559	2	0.49337
KCNT1	4	0.67165	0.67123	0.999949	612	0	0.19603	0.93819	0.95802	0.999995	967	1	0.19603
DEGS2	4	0.67445	0.674	0.999949	613	0	0.2466	0.52697	0.75764	0.999995	774	3	0.2466
NCOR2	4	0.67524	0.67488	0.999949	614	0	0.41535	0.49462	0.72898	0.999995	751	3	0.41535
KCNMB3	4	0.67564	0.67525	0.999949	615	0	0.25292	0.54938	0.77651	0.999995	790	3	0.25292
UTRN	4	0.67683	0.67638	0.999949	616	0	0.69899	0.21356	0.44855	0.965698	490	3	0.69899
SPTLC3	4	0.67762	0.67699	0.999949	617	0	0.40737	0.37365	0.61735	0.999995	644	3	0.40737
NCK2	4	0.6784	0.67776	0.999949	618	0	0.43375	0.34787	0.59199	0.999995	617	3	0.43375
FLNC	4	0.67919	0.67853	0.999949	619	0	0.32851	0.4344	0.67542	0.999995	692	3	0.32851
UNC45A	4	0.67958	0.679	0.999949	620	0	0.65752	0.26215	0.5024	0.984043	539	3	0.65752
IFIH1	4	0.67998	0.67943	0.999949	621	0	0.54407	0.035952	0.10841	0.917201	117	2	0.54407
IKBKE	4	0.68115	0.68049	0.999949	622	0	0.64702	0.17067	0.39709	0.94076	441	3	0.64702
ALDOC	4	0.68155	0.68094	0.999949	623	0	0.22944	0.66884	0.83369	0.999995	851	1	0.22944
SLC9A3R1	4	0.68194	0.68139	0.999949	624	0	0.25877	0.77078	0.88566	0.999995	901	2	0.25877
ARFGEF2	4	0.68233	0.68173	0.999949	625	0	0.52683	0.36788	0.61201	0.999995	635	3	0.52683
CHML	4	0.68389	0.68322	0.999949	626	0	0.98576	0.030359	0.092953	0.917201	98	3	0.98576
TSTD1	4	0.68466	0.68389	0.999949	627	0	0.57566	0.17323	0.40185	0.942949	443	3	0.57566
LIF	4	0.68583	0.68523	0.999949	628	0	0.70562	0.14604	0.35172	0.94076	379	3	0.70562
SEC23A	4	0.68814	0.68752	0.999949	629	0	0.27114	0.63389	0.81681	0.999995	831	2	0.27114
EPC2	4	0.68853	0.68791	0.999949	630	0	0.36291	0.2711	0.51175	0.98929	545	2	0.36291
SAMD4A	4	0.68891	0.68831	0.999949	631	0	0.42443	0.45991	0.69844	0.999995	717	3	0.42443
PDX1	4	0.6893	0.68865	0.999949	632	0	0.52288	0.32929	0.57282	0.999995	599	3	0.52288
RING1	4	0.68968	0.68899	0.999949	633	0	0.33981	0.12931	0.31884	0.94076	354	2	0.33981
RBBP7	4	0.69006	0.68952	0.999949	634	0	0.38502	0.52128	0.75274	0.999995	769	3	0.38502
FZD8	4	0.69083	0.6902	0.999949	635	0	0.34879	0.38957	0.63225	0.999995	658	3	0.34879
OSMR	4	0.69121	0.69062	0.999949	636	0	0.41229	0.29695	0.53976	0.990006	573	3	0.41229
RHOT1	4	0.69198	0.69155	0.999949	637	0	0.48267	0.35768	0.60142	0.999995	628	3	0.48267
GBX1	4	0.69236	0.692	0.999949	638	0	0.53182	0.02875	0.088796	0.917201	96	3	0.53182
UNC119B	4	0.69312	0.69263	0.999949	639	0	0.41199	0.54204	0.76997	0.999995	787	3	0.41199
CELA2A	4	0.69388	0.69334	0.999949	640	0	0.2483	0.67722	0.83753	0.999995	859	2	0.2483
GIT2	4	0.69426	0.69377	0.999949	641	0	0.45746	0.71061	0.85426	0.999995	876	2	0.45746
SYK	4	0.69502	0.69465	0.999949	642	0	0.67418	0.15624	0.37022	0.94076	406	3	0.67418
PSEN2	4	0.6954	0.69514	0.999949	643	0	0.62368	0.18054	0.41037	0.945641	454	3	0.62368
EAF1	4	0.69615	0.69589	0.999949	644	0	0.30739	0.71698	0.85726	0.999995	880	2	0.30739
UCHL5	4	0.69728	0.69693	0.999949	645	0	0.22265	0.55807	0.78223	0.999995	794	2	0.22265
XPR1	4	0.69916	0.69891	0.999949	646	0	0.3283	0.73205	0.86478	0.999995	887	2	0.3283
MYBL2	4	0.69991	0.69972	0.999949	647	0	0.39306	0.27807	0.51952	0.98929	555	2	0.39306
AOX1	4	0.70103	0.70087	0.999949	648	0	0.59029	0.2081	0.44186	0.963727	484	3	0.59029
TUBB4B	8	0.70117	0.70125	0.999949	649	0	0.6015	0.02394	0.1147	0.917201	78	7	0.6015
KIT	8	0.70245	0.70263	0.999949	650	0	0.52856	0.0092592	0.050509	0.917201	35	7	0.52856
TRPC7	4	0.70252	0.70227	0.999949	651	0	0.62049	0.2832	0.52483	0.990006	560	3	0.62049
MDM4	4	0.70326	0.7029	0.999949	652	0	0.24082	0.9453	0.96101	0.999995	972	1	0.24082
ITSN1	4	0.70474	0.70435	0.999949	653	0	0.6471	0.25231	0.4915	0.984043	525	3	0.6471
SBNO2	4	0.70585	0.70526	0.999949	654	0	0.61233	0.21264	0.44759	0.965698	489	3	0.61233
TMEM30A	4	0.70659	0.70595	0.999949	655	0	0.55584	0.29073	0.53291	0.990006	569	3	0.55584
PPP3R2	4	0.70842	0.70782	0.999949	656	0	0.20852	0.84769	0.92824	0.999995	939	2	0.20852
NCK1	4	0.70879	0.70813	0.999949	657	0	0.63547	0.18227	0.41263	0.947945	455	3	0.63547
RAD17	3	0.70966	0.71049	0.999949	658	0	0.34196	0.37696	0.57745	0.999995	646	2	0.34196
KIAA0319L	4	0.71025	0.70973	0.999949	659	0	0.13443	0.98224	0.98272	0.999995	1003	1	0.13443
CADPS2	4	0.71061	0.71009	0.999949	660	0	0.93587	0.061043	0.17099	0.917201	192	3	0.93587
TXNDC8	4	0.71134	0.71076	0.999949	661	0	0.96862	0.030893	0.09454	0.917201	99	3	0.96862
DYNC1LI2	4	0.7117	0.71112	0.999949	662	0	0.58392	0.30083	0.54379	0.990006	578	3	0.58392
TNKS2	4	0.71207	0.71151	0.999949	663	0	0.52561	0.32823	0.57169	0.999995	597	3	0.52561
YIF1B	4	0.71243	0.71192	0.999949	664	0	0.37454	0.36538	0.60948	0.999995	632	3	0.37454
CCNL2	4	0.71279	0.71217	0.999949	665	0	0.47879	0.10239	0.26508	0.934572	297	3	0.47879
GOLPH3L	4	0.71351	0.71293	0.999949	666	0	0.64746	0.26904	0.50961	0.98929	543	3	0.64746
RPRD1A	4	0.7146	0.71377	0.999949	667	0	0.55708	0.26085	0.50089	0.984043	536	3	0.55708
MYD88	4	0.71496	0.71414	0.999949	668	0	0.52085	0.2738	0.51451	0.98929	548	3	0.52085
CYFIP1	4	0.71532	0.71453	0.999949	669	0	0.59428	0.0041458	0.014856	0.758101	20	3	0.59428
SHMT1	4	0.71639	0.71565	0.999949	670	0	0.34174	0.44653	0.68636	0.999995	706	2	0.34174
SAP30L	4	0.71747	0.71666	0.999949	671	0	0.30322	0.48099	0.71682	0.999995	741	3	0.30322
SHCBP1L	4	0.71783	0.71692	0.999949	672	0	0.86337	0.096425	0.25212	0.931656	285	3	0.86337
FLT1	4	0.71961	0.71898	0.999949	673	0	0.59363	0.10436	0.26889	0.934572	299	3	0.59363
CDK19	8	0.72048	0.72039	0.999949	674	0	0.83916	0.069015	0.2513	0.931656	215	7	0.83916
SS18L1	4	0.72103	0.72033	0.999949	675	0	0.35901	0.40129	0.64325	0.999995	665	3	0.35901
MED12L	4	0.72174	0.72097	0.999949	676	0	0.43923	0.41659	0.65857	0.999995	676	3	0.43923
TAF9	4	0.72244	0.72173	0.999949	677	0	0.79248	0.066543	0.18418	0.917201	204	3	0.79248
FBLN1	4	0.72315	0.72246	0.999949	678	0	0.31556	0.5861	0.79504	0.999995	811	2	0.31556
EFR3A	4	0.7249	0.72446	0.999949	679	0	0.45691	0.3687	0.61279	0.999995	637	2	0.45691
ULK2	4	0.7256	0.72511	0.999949	680	0	0.74584	0.07137	0.19551	0.917201	221	3	0.74584
SIX6	4	0.7263	0.72577	0.999949	681	0	0.68745	0.16974	0.39532	0.94076	438	3	0.68745
AKAP11	4	0.727	0.72649	0.999949	682	0	0.38583	0.30108	0.54403	0.990006	579	2	0.38583
PMM1	4	0.72735	0.72676	0.999949	683	0	0.37614	0.23778	0.47612	0.980684	512	2	0.37614
PAPSS2	4	0.7277	0.72712	0.999949	684	0	0.53585	0.20296	0.43611	0.959465	477	3	0.53585
EAF2	4	0.72804	0.72748	0.999949	685	0	0.58042	0.14225	0.34467	0.94076	372	3	0.58042
HACD1	4	0.73047	0.72971	0.999949	686	0	0.3613	0.4894	0.72428	0.999995	747	3	0.3613
VANGL1	4	0.73081	0.73005	0.999949	687	0	0.55699	0.0069025	0.023674	0.880438	29	3	0.55699
ARSJ	4	0.73116	0.73044	0.999949	688	0	0.28079	0.66642	0.83244	0.999995	848	2	0.28079
ATAD2	4	0.73253	0.73168	0.999949	689	0	0.70386	0.19732	0.42975	0.959465	470	3	0.70386
CRKL	4	0.73322	0.73226	0.999949	690	0	0.45765	0.33889	0.58274	0.999995	609	3	0.45765
BTBD11	4	0.73459	0.73396	0.999949	691	0	0.41804	0.26891	0.50946	0.98929	542	3	0.41804
TBPL2	4	0.73527	0.73462	0.999949	692	0	0.32761	0.23401	0.47169	0.976309	511	3	0.32761
FAM50B	4	0.73561	0.73494	0.999949	693	0	0.65879	0.21385	0.4489	0.965698	491	3	0.65879
CHUK	8	0.73583	0.73529	0.999949	694	0	0.24718	0.072342	0.26017	0.934572	226	4	0.24718
ERN1	4	0.73595	0.73527	0.999949	695	0	0.67689	0.10918	0.27911	0.934572	309	3	0.67689
COX6B2	4	0.73629	0.73565	0.999949	696	0	0.34693	0.19632	0.4286	0.959465	468	3	0.34693
IL6R	4	0.73731	0.73674	0.999949	697	0	0.83838	0.068953	0.18985	0.917201	214	3	0.83838
LOR	4	0.73967	0.73912	0.999949	698	0	0.36923	0.41083	0.6526	0.999995	670	3	0.36923
SUSD1	4	0.74034	0.73975	0.999949	699	0	0.29402	0.010569	0.03534	0.917201	40	2	0.29402
KLF5	4	0.74101	0.74047	0.999949	700	0	0.33393	0.52941	0.75957	0.999995	777	3	0.33393
NR5A2	4	0.74168	0.74115	0.999949	701	0	0.66599	0.01605	0.051593	0.917201	57	3	0.66599
LRFN1	4	0.74201	0.74149	0.999949	702	0	0.49074	0.34391	0.58807	0.999995	611	3	0.49074
PDS5B	4	0.74235	0.7418	0.999949	703	0	0.65638	0.28755	0.5295	0.990006	565	3	0.65638
FRS3	4	0.74335	0.74287	0.999949	704	0	0.37476	0.51701	0.74892	0.999995	768	3	0.37476
CALY	4	0.74468	0.74424	0.999949	705	0	0.1258	0.96548	0.9708	0.999995	986	1	0.1258
BRD8	4	0.74501	0.74462	0.999949	706	0	0.56024	0.21009	0.44439	0.965002	486	3	0.56024
NAT8L	4	0.74567	0.74534	0.999949	707	0	0.63795	0.19713	0.42952	0.959465	469	3	0.63795
FEZ1	4	0.74633	0.74596	0.999949	708	0	0.54964	0.33443	0.57798	0.999995	605	3	0.54964
SLC35F4	4	0.74765	0.74756	0.999949	709	0	0.94234	0.069456	0.19096	0.917201	216	3	0.94234
HMGCLL1	4	0.74797	0.74792	0.999949	710	0	0.39466	0.34751	0.59161	0.999995	616	3	0.39466
NKAPL	4	0.7483	0.7483	0.999949	711	0	0.74079	0.10655	0.27338	0.934572	302	3	0.74079
LNX1	4	0.74896	0.74909	0.999949	712	0	0.54739	0.30424	0.5471	0.990006	585	3	0.54739
STX7	4	0.74961	0.74973	0.999949	713	0	0.59791	0.29989	0.54276	0.990006	575	3	0.59791
DRD3	4	0.75059	0.7507	0.999949	714	0	0.48463	0.32692	0.57028	0.999995	595	2	0.48463
GIT1	4	0.75091	0.7511	0.999949	715	0	0.85851	0.0063004	0.02188	0.859003	28	3	0.85851
CBLL1	4	0.75189	0.75205	0.999949	716	0	0.68453	0.12214	0.30463	0.934572	339	3	0.68453
DENND5A	4	0.75221	0.75234	0.999949	717	0	0.46303	0.4766	0.71318	0.999995	738	3	0.46303
MT2A	4	0.75318	0.75332	0.999949	718	0	0.382	0.44064	0.68114	0.999995	699	3	0.382
GRIP2	4	0.75383	0.75393	0.999949	719	0	0.41812	0.42469	0.66602	0.999995	678	3	0.41812
PRDM16	4	0.75415	0.75415	0.999949	720	0	0.43496	0.31471	0.55772	0.999995	591	2	0.43496
SOS2	4	0.75768	0.75766	0.999949	721	0	0.46169	0.57917	0.79179	0.999995	809	2	0.46169
CPS1	4	0.75831	0.75839	0.999949	722	0	0.47823	0.30188	0.54477	0.990006	582	2	0.47823
IL10RA	4	0.75863	0.75868	0.999949	723	0	0.65566	0.15601	0.36978	0.94076	405	3	0.65566
TBC1D4	4	0.75958	0.75973	0.999949	724	0	0.4139	0.35074	0.59488	0.999995	623	2	0.4139
RANBP10	4	0.76022	0.76048	0.999949	725	0	0.81836	0.095294	0.25008	0.931656	282	3	0.81836
SLC25A37	4	0.76085	0.76104	0.999949	726	0	0.2625	0.68076	0.83904	0.999995	860	2	0.2625
TMEM120B	4	0.76242	0.76257	0.999949	727	0	0.42089	0.38506	0.62796	0.999995	652	3	0.42089
TRPM1	4	0.7643	0.76452	0.999949	728	0	0.52783	0.37054	0.61445	0.999995	640	3	0.52783
NAA16	4	0.76524	0.76545	0.999949	729	0	0.49374	0.37105	0.61487	0.999995	641	2	0.49374
CDNF	4	0.76741	0.76777	0.999949	730	0	0.41411	0.17974	0.40954	0.945641	452	3	0.41411
TMEM30B	4	0.76864	0.76903	0.999949	731	0	0.26472	0.74612	0.87262	0.999995	890	2	0.26472
ATP8B3	4	0.76956	0.76979	0.999949	732	0	0.61187	0.27675	0.51798	0.98929	551	3	0.61187
GPR151	4	0.76987	0.7701	0.999949	733	0	0.78208	0.047195	0.13726	0.917201	147	3	0.78208
KRT37	4	0.77048	0.77081	0.999949	734	0	0.51733	0.324	0.56743	0.999995	593	3	0.51733
PPP2CB	3	0.77091	0.77168	0.999949	735	0	0.90962	0.079936	0.182	0.917201	243	3	0.90962
FAM71B	4	0.77109	0.77146	0.999949	736	0	0.45612	0.24154	0.48019	0.980684	515	3	0.45612
FNIP2	4	0.7714	0.7718	0.999949	737	0	0.4838	0.31592	0.55908	0.999995	592	3	0.4838
RNF2	3	0.77298	0.77375	0.999949	738	0	0.58785	0.22702	0.43286	0.959465	506	3	0.58785
SATB2	4	0.77322	0.77388	0.999949	739	0	0.52817	0.12431	0.30902	0.934572	347	3	0.52817
ABCA3	4	0.77353	0.77411	0.999949	740	0	0.65207	0.0913	0.24133	0.931656	269	3	0.65207
SMARCC1	4	0.77443	0.77508	0.999949	741	0	0.74932	0.038402	0.1149	0.917201	120	3	0.74932
TNKS	4	0.77474	0.77537	0.999949	742	0	0.79054	0.12045	0.3011	0.934572	336	3	0.79054
PLCG1	4	0.77504	0.77561	0.999949	743	0	0.31924	0.44271	0.68312	0.999995	703	3	0.31924
DPCR1	4	0.77534	0.77588	0.999949	744	0	0.91842	0.039986	0.11931	0.917201	130	3	0.91842
PTPN14	4	0.77654	0.77697	0.999949	745	0	0.36052	0.70965	0.85378	0.999995	874	2	0.36052
PLCG2	4	0.77714	0.77762	0.999949	746	0	0.6278	0.0096534	0.032482	0.917201	37	3	0.6278
DMP1	4	0.77774	0.77822	0.999949	747	0	0.34738	0.060844	0.17054	0.917201	190	2	0.34738
VANGL2	4	0.77833	0.77886	0.999949	748	0	0.59776	0.26279	0.50316	0.984043	540	3	0.59776
G6PC	4	0.77863	0.77915	0.999949	749	0	0.28483	0.86241	0.93608	0.999995	948	2	0.28483
GNB3	4	0.78012	0.78056	0.999949	750	0	0.55007	0.22976	0.46657	0.969724	509	3	0.55007
CLTB	4	0.78071	0.7811	0.999949	751	0	0.46796	0.3698	0.61376	0.999995	639	3	0.46796
RRAGD	4	0.78159	0.78206	0.999949	752	0	0.52043	0.21882	0.45464	0.965698	496	3	0.52043
CCNT2	4	0.78218	0.78268	0.999949	753	0	0.31142	0.79988	0.90104	0.999995	910	2	0.31142
HRAS	4	0.78277	0.78324	0.999949	754	0	0.20138	0.92736	0.95451	0.999995	964	1	0.20138
ZDHHC17	4	0.78394	0.78452	0.999949	755	0	0.76621	0.13736	0.33508	0.94076	367	3	0.76621
CAT	4	0.78453	0.78502	0.999949	756	0	0.58409	0.22032	0.45635	0.965698	498	3	0.58409
GYS1	4	0.78482	0.78526	0.999949	757	0	0.69886	0.10122	0.26229	0.934572	295	3	0.69886
FKBP5	4	0.78511	0.78546	0.999949	758	0	0.76712	0.16009	0.37717	0.94076	415	3	0.76712
HTR3E	4	0.78569	0.78598	0.999949	759	0	0.27612	0.6652	0.83189	0.999995	847	2	0.27612
CAB39L	4	0.78627	0.7865	0.999949	760	0	0.33095	0.49985	0.73354	0.999995	755	3	0.33095
TMEM185B	4	0.78656	0.78688	0.999949	761	0	0.47382	0.17709	0.4063	0.945641	449	3	0.47382
PCBD2	4	0.78714	0.78758	0.999949	762	0	0.78592	0.025421	0.079016	0.917201	82	3	0.78592
HRH1	4	0.78772	0.78804	0.999949	763	0	0.32702	0.52494	0.756	0.999995	773	3	0.32702
CDC34	4	0.7883	0.78859	0.999949	764	0	0.58425	0.20256	0.43564	0.959465	475	3	0.58425
TBC1D26	2	0.78832	0.78598	0.999949	765	0	0.66954	0.21168	0.33177	0.94076	488	2	0.66954
NRBP1	4	0.78887	0.78911	0.999949	766	0	0.61398	0.22338	0.45947	0.965698	501	3	0.61398
RBPJL	4	0.78973	0.79002	0.999949	767	0	0.38221	0.63903	0.81921	0.999995	833	2	0.38221
TIRAP	4	0.79002	0.79035	0.999949	768	0	0.33212	0.59346	0.79857	0.999995	815	2	0.33212
PMM2	4	0.79173	0.79207	0.999949	769	0	0.66329	0.054791	0.1559	0.917201	175	3	0.66329
MEP1B	4	0.79202	0.7924	0.999949	770	0	0.65399	0.16524	0.38652	0.94076	424	3	0.65399
ITGB1BP2	4	0.7923	0.79263	0.999949	771	0	0.79771	0.12347	0.30729	0.934572	344	3	0.79771
ZWILCH	4	0.79343	0.79398	0.999949	772	0	0.71901	0.22563	0.4619	0.965698	505	3	0.71901
FEZ2	4	0.79372	0.79412	0.999949	773	0	0.82543	0.042154	0.1248	0.917201	136	3	0.82543
SEPHS1	3	0.79442	0.79523	0.999949	774	0	0.34818	0.092818	0.20807	0.921225	274	3	0.34818
ATP6V1E1	3	0.79466	0.79552	0.999949	775	0	0.56913	0.20534	0.39943	0.941441	483	3	0.56913
SNX6	4	0.79569	0.79589	0.999949	776	0	0.53876	0.14795	0.35526	0.94076	388	3	0.53876
ADAM19	4	0.79625	0.79662	0.999949	777	0	0.67608	0.087409	0.23263	0.931656	258	3	0.67608
RPS28	2	0.7963	0.79431	0.999949	778	0	0.56547	0.2037	0.32087	0.94076	479	2	0.56547
MBP	4	0.79736	0.79779	0.999949	779	0	0.48471	0.15318	0.36477	0.94076	403	3	0.48471
LBX1	4	0.79875	0.79914	0.999949	780	0	0.72204	0.044702	0.1312	0.917201	140	3	0.72204
TIMM23B	4	0.79931	0.79962	0.999949	781	0	0.39207	0.49784	0.73174	0.999995	754	3	0.39207
COPS7B	4	0.79958	0.79989	0.999949	782	0	0.45028	0.27835	0.51984	0.98929	556	3	0.45028
UAP1	4	0.80069	0.80086	0.999949	783	0	0.71442	0.0759	0.20618	0.921225	235	3	0.71442
PSMB8	4	0.80124	0.80133	0.999949	784	0	0.36064	0.46267	0.70081	0.999995	723	2	0.36064
IQCA1	4	0.80151	0.80161	0.999949	785	0	0.41921	0.44691	0.68663	0.999995	707	3	0.41921
KLK12	4	0.80261	0.80263	0.999949	786	0	0.43933	0.48019	0.71613	0.999995	739	3	0.43933
EFNB1	4	0.80288	0.80288	0.999949	787	0	0.57252	0.16964	0.39512	0.94076	436	3	0.57252
PCBD1	4	0.80451	0.80461	0.999949	788	0	0.49779	0.15237	0.36333	0.94076	400	3	0.49779
CTNNB1	4	0.80532	0.80532	0.999949	789	0	0.44722	0.095564	0.25049	0.931656	283	3	0.44722
RC3H1	4	0.80559	0.80561	0.999949	790	0	0.48378	0.24079	0.47929	0.980684	514	3	0.48378
TEX45	4	0.80586	0.80601	0.999949	791	0	0.73297	0.16731	0.39038	0.94076	430	3	0.73297
ENOX2	4	0.80748	0.80774	0.999949	792	0	0.39117	0.061724	0.17252	0.917201	193	3	0.39117
RPL15	2	0.80941	0.80751	0.999949	793	0	0.65944	0.19059	0.30279	0.934572	463	2	0.65944
SNTA1	4	0.80988	0.81043	0.999949	794	0	0.52422	0.18292	0.41331	0.947945	456	3	0.52422
SP110	4	0.81015	0.81073	0.999949	795	0	0.52881	0.21676	0.45207	0.965698	492	3	0.52881
GBX2	4	0.81121	0.81176	0.999949	796	0	0.3939	0.45715	0.69565	0.999995	714	3	0.3939
CHMP1B	4	0.81147	0.81202	0.999949	797	0	0.59896	0.18713	0.41833	0.949067	461	3	0.59896
ZNF423	4	0.81173	0.81227	0.999949	798	0	0.54376	0.26087	0.5009	0.984043	537	3	0.54376
DBT	4	0.812	0.81257	0.999949	799	0	0.53637	0.14747	0.35439	0.94076	384	3	0.53637
TGFBR2	4	0.81331	0.81417	0.999949	800	0	0.27116	0.53022	0.76032	0.999995	778	3	0.27116
SPTA1	4	0.81357	0.81439	0.999949	801	0	0.41978	0.32761	0.57108	0.999995	596	3	0.41978
SEC11A	4	0.8154	0.81623	0.999949	802	0	0.67117	0.089624	0.23757	0.931656	265	3	0.67117
PRDM13	4	0.81747	0.81841	0.999949	803	0	0.83931	0.0049126	0.017453	0.763366	24	3	0.83931
AIPL1	4	0.8185	0.81937	0.999949	804	0	0.61473	0.36134	0.60496	0.999995	631	3	0.61473
ZIC3	4	0.81927	0.82006	0.999949	805	0	0.39041	0.46093	0.6993	0.999995	721	3	0.39041
STX17	4	0.81952	0.82022	0.999949	806	0	0.61064	0.11352	0.28759	0.934572	317	3	0.61064
ERO1A	4	0.81978	0.82052	0.999949	807	0	0.92604	0.033255	0.10127	0.917201	107	3	0.92604
MTMR4	4	0.82003	0.82079	0.999949	808	0	0.41799	0.48153	0.71732	0.999995	742	3	0.41799
AHCYL2	4	0.82029	0.82107	0.999949	809	0	0.63514	0.26045	0.50046	0.984043	533	3	0.63514
MARCKS	4	0.82156	0.82241	0.999949	810	0	0.66379	0.011482	0.038357	0.917201	41	3	0.66379
TANC2	3	0.82266	0.82256	0.999949	811	0	0.59178	0.065968	0.15403	0.917201	203	3	0.59178
IDH2	4	0.82282	0.82365	0.999949	812	0	0.56704	0.26084	0.50087	0.984043	535	3	0.56704
YAF2	4	0.82358	0.82434	0.999949	813	0	0.36812	0.14583	0.35127	0.94076	378	3	0.36812
TOMM40L	4	0.82433	0.8251	0.999949	814	0	0.4857	0.39037	0.63293	0.999995	659	3	0.4857
NUMB	4	0.82458	0.82533	0.999949	815	0	0.60139	0.14398	0.34802	0.94076	374	3	0.60139
RPL31	2	0.8248	0.82307	0.999949	816	0	0.70496	0.1752	0.28171	0.934572	447	2	0.70496
TBC1D9	4	0.82533	0.82602	0.999949	817	0	0.3955	0.46123	0.69951	0.999995	722	3	0.3955
DNAJC19	3	0.8257	0.82597	0.999949	818	0	1.1709	0.051756	0.12325	0.917201	162	3	1.1709
NBEA	4	0.82781	0.82834	0.999949	819	0	0.65097	0.14868	0.35674	0.94076	391	4	0.65097
PXDN	4	0.82805	0.82853	0.999949	820	0	0.41648	0.17195	0.39967	0.941441	442	4	0.41648
UMPS	4	0.8283	0.82876	0.999949	821	0	0.80486	0.050749	0.14588	0.917201	159	4	0.80486
ICK	4	0.83002	0.8305	0.999949	822	0	0.58876	0.013312	0.043653	0.917201	50	4	0.58876
E2F4	4	0.83026	0.83074	0.999949	823	0	0.43567	0.16974	0.39532	0.94076	437	4	0.43567
APOBEC1	4	0.8305	0.83101	0.999949	824	0	0.61838	0.1695	0.39487	0.94076	435	4	0.61838
ATP6V1E2	4	0.83075	0.83124	0.999949	825	0	0.46574	0.16925	0.39428	0.94076	434	4	0.46574
HACD2	4	0.83123	0.83177	0.999949	826	0	0.56856	0.16877	0.39316	0.94076	433	4	0.56856
SAP30	4	0.83196	0.83252	0.999949	827	0	0.50353	0.16804	0.39186	0.94076	431	4	0.50353
TTC7B	4	0.83269	0.83329	0.999949	828	0	0.5523	0.16731	0.39038	0.94076	429	4	0.5523
APH1A	4	0.83341	0.83388	0.999949	829	0	0.59494	0.16659	0.38915	0.94076	426	4	0.59494
USP13	4	0.83604	0.83633	0.999949	830	0	0.51944	0.16396	0.38416	0.94076	423	4	0.51944
GDI2	8	0.83776	0.83671	0.999949	831	0	1.0441	0.0013127	0.0080095	0.642504	6	5	1.0441
GOLT1A	4	0.83793	0.83833	0.999949	832	0	0.82534	0.084049	0.2248	0.931656	251	4	0.82534
CDK8	4	0.83841	0.83883	0.999949	833	0	0.57195	0.16159	0.3801	0.94076	420	4	0.57195
STT3A	4	0.83934	0.83981	0.999949	834	0	0.57632	0.16066	0.37835	0.94076	417	4	0.57632
BRSK1	4	0.84005	0.84056	0.999949	835	0	0.4917	0.15995	0.37693	0.94076	414	4	0.4917
ATP6V1C2	8	0.84037	0.83931	0.999949	836	0	0.59387	0.33101	0.67319	0.999995	600	5	0.59387
CNOT6L	4	0.84051	0.84097	0.999949	837	0	0.69944	0.1453	0.35037	0.94076	377	4	0.69944
ANAPC4	4	0.8419	0.84239	0.999949	838	0	0.52626	0.1581	0.37361	0.94076	411	4	0.52626
IDH3B	4	0.84214	0.84267	0.999949	839	0	0.40929	0.15786	0.37316	0.94076	409	4	0.40929
ARHGEF6	4	0.8426	0.84313	0.999949	840	0	0.71997	0.04757	0.13828	0.917201	151	4	0.71997
PLAU	4	0.84375	0.84437	0.999949	841	0	0.3317	0.15625	0.37024	0.94076	407	4	0.3317
ABTB2	4	0.84671	0.84743	0.999949	842	0	0.63946	0.15329	0.36498	0.94076	404	4	0.63946
ABCB1	4	0.84716	0.84788	0.999949	843	0	0.61885	0.1371	0.33456	0.94076	366	4	0.61885
FLOT1	4	0.84851	0.84913	0.999949	844	0	0.56283	0.12264	0.30556	0.934572	341	4	0.56283
TSPO2	4	0.84962	0.85025	0.999949	845	0	0.81426	0.054667	0.15561	0.917201	174	4	0.81426
RBMXL2	4	0.85029	0.85094	0.999949	846	0	0.48781	0.14971	0.35855	0.94076	395	4	0.48781
TANK	4	0.85051	0.85114	0.999949	847	0	0.38401	0.14949	0.35817	0.94076	394	4	0.38401
BATF3	4	0.85074	0.85131	0.999949	848	0	0.30465	0.14926	0.35772	0.94076	393	4	0.30465
ARFIP2	4	0.85096	0.85154	0.999949	849	0	0.45689	0.14904	0.35738	0.94076	392	4	0.45689
STRIP1	4	0.8514	0.8519	0.999949	850	0	0.695	0.1486	0.35651	0.94076	389	4	0.695
SNRPN	4	0.85184	0.85227	0.999949	851	0	0.74791	0.07313	0.1995	0.917201	228	4	0.74791
PRKAB2	4	0.85206	0.85245	0.999949	852	0	0.41378	0.14794	0.35525	0.94076	387	4	0.41378
TRAPPC3L	4	0.85228	0.85264	0.999949	853	0	0.74713	0.09948	0.25864	0.932495	293	4	0.74713
TLN2	4	0.85338	0.85372	0.999949	854	0	0.53464	0.14662	0.35287	0.94076	381	4	0.53464
MRGPRX2	4	0.8536	0.85395	0.999949	855	0	0.5425	0.1464	0.35243	0.94076	380	4	0.5425
CLIP4	4	0.85425	0.85469	0.999949	856	0	1.0138	0.035858	0.10809	0.917201	116	4	1.0138
PIP4P1	4	0.8549	0.85539	0.999949	857	0	0.71701	0.13031	0.32091	0.94076	355	4	0.71701
NUMBL	4	0.85577	0.85614	0.999949	858	0	0.46079	0.14423	0.34855	0.94076	375	4	0.46079
NCBP2L	4	0.8562	0.85655	0.999949	859	0	0.87642	0.052896	0.15127	0.917201	166	4	0.87642
HUS1B	4	0.85641	0.85673	0.999949	860	0	0.28998	0.14359	0.34724	0.94076	373	4	0.28998
LHFPL5	4	0.85962	0.8599	0.999949	861	0	0.91851	0.047071	0.13701	0.917201	146	4	0.91851
ARFIP1	4	0.86004	0.8602	0.999949	862	0	0.86972	0.01881	0.059681	0.917201	62	4	0.86972
NETO2	4	0.86214	0.86224	0.999949	863	0	0.78539	0.052974	0.15143	0.917201	168	4	0.78539
FNIP1	4	0.86401	0.86419	0.999949	864	0	0.71999	0.13599	0.33245	0.94076	365	4	0.71999
FAM71A	4	0.86524	0.86542	0.999949	865	0	0.76467	0.13476	0.32999	0.94076	363	4	0.76467
TCF12	4	0.86545	0.86561	0.999949	866	0	0.98368	0.0021693	0.008187	0.642504	13	4	0.98368
KPNA3	4	0.86586	0.86601	0.999949	867	0	0.57471	0.13414	0.32878	0.94076	362	4	0.57471
XPO7	4	0.86627	0.86645	0.999949	868	0	0.66258	0.0206	0.064828	0.917201	66	4	0.66258
TAS1R2	4	0.86728	0.86753	0.999949	869	0	0.44121	0.13272	0.32589	0.94076	359	4	0.44121
CYP7A1	4	0.86809	0.86834	0.999949	870	0	0.63448	0.13191	0.32429	0.94076	357	4	0.63448
SEC14L3	4	0.86829	0.86853	0.999949	871	0	0.48841	0.13171	0.32387	0.94076	356	4	0.48841
CRX	4	0.8687	0.86895	0.999949	872	0	0.74363	0.11424	0.28914	0.934572	319	4	0.74363
ANKRD10	4	0.8693	0.86947	0.999949	873	0	0.70865	0.035753	0.10777	0.917201	114	4	0.70865
BECN2	4	0.87287	0.87309	0.999949	874	0	0.46062	0.12713	0.31435	0.938628	352	4	0.46062
SOHLH1	4	0.87307	0.87323	0.999949	875	0	0.7266	0.10601	0.27238	0.934572	301	4	0.7266
DENND5B	4	0.87346	0.87373	0.999949	876	0	0.91442	0.012208	0.040515	0.917201	45	4	0.91442
SLC22A13	4	0.87444	0.87471	0.999949	877	0	0.50293	0.12556	0.31166	0.938527	350	4	0.50293
GSX2	4	0.87463	0.87492	0.999949	878	0	0.85479	0.02124	0.06678	0.917201	70	4	0.85479
KPNA2	3	0.875	0.87537	0.999949	879	0	0.60018	0.125	0.26756	0.934572	349	3	0.60018
CYFIP2	4	0.87541	0.87575	0.999949	880	0	0.60587	0.12459	0.30947	0.934572	348	4	0.60587
MECP2	4	0.8756	0.87591	0.999949	881	0	0.76439	0.016076	0.051621	0.917201	58	4	0.76439
ALG14	4	0.87599	0.87648	0.999949	882	0	0.50038	0.12401	0.30849	0.934572	346	4	0.50038
ZNF260	4	0.87618	0.87666	0.999949	883	0	0.90502	0.11286	0.28632	0.934572	313	4	0.90502
PAPSS1	4	0.87695	0.87733	0.999949	884	0	0.55362	0.12305	0.30637	0.934572	343	4	0.55362
GOLT1B	4	0.87829	0.87864	0.999949	885	0	0.88193	0.043915	0.12941	0.917201	138	4	0.88193
SERPINA9	4	0.87848	0.87886	0.999949	886	0	0.62254	0.11452	0.28973	0.934572	320	4	0.62254
TIMP2	4	0.87904	0.87935	0.999949	887	0	0.50166	0.12096	0.30209	0.934572	337	4	0.50166
STAM2	4	0.87942	0.87978	0.999949	888	0	0.82762	0.045334	0.13282	0.917201	143	4	0.82762
HRH3	4	0.87999	0.88031	0.999949	889	0	0.71768	0.12001	0.30019	0.934572	334	4	0.71768
RECK	4	0.88018	0.88051	0.999949	890	0	0.66551	0.1075	0.27558	0.934572	304	4	0.66551
SEC23B	4	0.88074	0.88114	0.999949	891	0	0.44403	0.11926	0.29877	0.934572	332	4	0.44403
FOXB1	4	0.88093	0.88139	0.999949	892	0	0.34935	0.11907	0.29845	0.934572	331	4	0.34935
SBF1	4	0.88111	0.88166	0.999949	893	0	0.53605	0.11889	0.2981	0.934572	330	4	0.53605
GRHL2	4	0.88149	0.88189	0.999949	894	0	0.67965	0.11851	0.29745	0.934572	329	4	0.67965
OGDHL	4	0.88186	0.88216	0.999949	895	0	0.9691	0.026236	0.08151	0.917201	87	4	0.9691
MTUS1	4	0.88352	0.88362	0.999949	896	0	0.8744	0.010087	0.033846	0.917201	38	4	0.8744
TREM2	4	0.88426	0.88425	0.999949	897	0	0.54524	0.11574	0.29219	0.934572	324	4	0.54524
STAM	4	0.88462	0.88452	0.999949	898	0	0.85656	0.049348	0.14257	0.917201	157	4	0.85656
ZDHHC13	4	0.88481	0.88466	0.999949	899	0	0.60236	0.11519	0.291	0.934572	323	4	0.60236
IDH3G	4	0.88662	0.88644	0.999949	900	0	0.51449	0.11338	0.2873	0.934572	314	4	0.51449
TMEM9	4	0.8868	0.88669	0.999949	901	0	0.91876	0.0033123	0.012063	0.74544	16	4	0.91876
SPDEF	4	0.88716	0.88703	0.999949	902	0	0.49127	0.11284	0.28627	0.934572	312	4	0.49127
TMEM9B	4	0.88734	0.88726	0.999949	903	0	0.33257	0.11266	0.286	0.934572	311	4	0.33257
NDE1	4	0.8877	0.8876	0.999949	904	0	0.65656	0.039538	0.11799	0.917201	126	4	0.65656
GALNT2	4	0.88788	0.88788	0.999949	905	0	0.69169	0.087837	0.23356	0.931656	260	4	0.69169
ERN2	4	0.88805	0.88802	0.999949	906	0	0.82863	0.073533	0.20043	0.917201	229	4	0.82863
FCRL3	4	0.88877	0.88857	0.999949	907	0	0.8014	0.065719	0.18197	0.917201	202	4	0.8014
UBQLN3	4	0.89036	0.89018	0.999949	908	0	0.69573	0.071688	0.19623	0.917201	222	4	0.69573
ZFYVE19	4	0.89245	0.89206	0.999949	909	0	0.4025	0.10755	0.27565	0.934572	305	4	0.4025
SMARCA2	4	0.89263	0.89222	0.999949	910	0	0.39018	0.10737	0.27523	0.934572	303	4	0.39018
H2BFM	4	0.894	0.89354	0.999949	911	0	0.68019	0.087684	0.23322	0.931656	259	4	0.68019
MYCN	4	0.89672	0.89603	0.999949	912	0	0.68708	0.10328	0.26676	0.934572	298	4	0.68708
WRN	4	0.89789	0.89717	0.999949	913	0	0.44073	0.10211	0.26446	0.934572	296	4	0.44073
DZIP1L	4	0.89872	0.89802	0.999949	914	0	0.83673	0.097547	0.25439	0.931656	286	4	0.83673
TYROBP	4	0.89922	0.8985	0.999949	915	0	0.69834	0.10078	0.26139	0.934572	294	4	0.69834
ACTL7A	4	0.90135	0.90054	0.999949	916	0	0.58882	0.098653	0.25682	0.931656	290	4	0.58882
PGLS	4	0.90183	0.90097	0.999949	917	0	0.60677	0.098167	0.25563	0.931656	289	4	0.60677
TAF9B	2	0.90194	0.90142	0.999949	918	0	1.0572	0.098062	0.16856	0.917201	288	2	1.0572
FLNB	4	0.90248	0.9016	0.999949	919	0	0.72776	0.073791	0.20088	0.917201	230	4	0.72776
SCN10A	4	0.90296	0.90208	0.999949	920	0	0.73323	0.068742	0.18929	0.917201	211	4	0.73323
PLD2	4	0.90503	0.90382	0.999949	921	0	0.6918	0.09497	0.24926	0.931656	281	4	0.6918
DDX17	4	0.90535	0.9042	0.999949	922	0	0.57774	0.094655	0.24855	0.931656	279	4	0.57774
RAP1GAP2	4	0.90566	0.90447	0.999949	923	0	0.67046	0.09434	0.24792	0.931656	278	4	0.67046
SMC1B	4	0.90613	0.90482	0.999949	924	0	0.68714	0.09387	0.24689	0.931656	277	4	0.68714
CLASP2	4	0.90722	0.90567	0.999949	925	0	0.62713	0.092779	0.24422	0.931656	273	4	0.62713
SLITRK1	4	0.90738	0.90583	0.999949	926	0	0.47752	0.092624	0.24392	0.931656	272	4	0.47752
ATM	4	0.90815	0.90689	0.999949	927	0	0.77447	0.091852	0.24255	0.931656	271	4	0.77447
DCAF4L2	4	0.9083	0.90709	0.999949	928	0	0.45169	0.091698	0.24225	0.931656	270	4	0.45169
DMD	4	0.91028	0.90897	0.999949	929	0	0.54074	0.089716	0.23782	0.931656	266	4	0.54074
CCDC69	4	0.91044	0.90912	0.999949	930	0	0.70456	0.032155	0.098221	0.917201	104	4	0.70456
PLXDC2	4	0.91104	0.90972	0.999949	931	0	0.72828	0.012399	0.041084	0.917201	46	4	0.72828
RPP14	4	0.91164	0.91047	0.999949	932	0	0.43524	0.088362	0.23466	0.931656	263	4	0.43524
CREBBP	4	0.91209	0.91095	0.999949	933	0	0.50516	0.087914	0.2337	0.931656	261	4	0.50516
FKBP10	4	0.91386	0.9127	0.999949	934	0	0.61909	0.08614	0.22967	0.931656	257	4	0.61909
PXDNL	4	0.91401	0.91279	0.999949	935	0	0.75875	0.047444	0.13792	0.917201	148	4	0.75875
ARPC5L	4	0.91474	0.91367	0.999949	936	0	0.65105	0.085263	0.22752	0.931656	256	4	0.65105
GPR50	4	0.91503	0.91399	0.999949	937	0	0.59634	0.084972	0.2269	0.931656	254	4	0.59634
TREML4	3	0.91653	0.91623	0.999949	938	0	0.72069	0.083467	0.18975	0.917201	250	3	0.72069
CEACAM1	4	0.91733	0.91646	0.999949	939	0	0.62257	0.082673	0.22145	0.931656	249	4	0.62257
ERC1	4	0.91761	0.91671	0.999949	940	0	0.49503	0.082388	0.22078	0.931656	247	4	0.49503
LMBR1	4	0.91832	0.91747	0.999949	941	0	0.89317	0.062355	0.17421	0.917201	197	4	0.89317
SLCO2B1	4	0.92027	0.9196	0.999949	942	0	0.52205	0.079725	0.21454	0.931656	242	4	0.52205
NXT1	4	0.92055	0.91994	0.999949	943	0	0.55122	0.079449	0.21393	0.931656	241	4	0.55122
BARHL1	4	0.92301	0.92242	0.999949	944	0	0.60336	0.076992	0.20858	0.921225	239	4	0.60336
S100A6	4	0.92341	0.92276	0.999949	945	0	0.58199	0.076589	0.20778	0.921225	237	4	0.58199
CBLL2	4	0.92395	0.92337	0.999949	946	0	0.55309	0.076053	0.20659	0.921225	236	4	0.55309
CD44	4	0.92475	0.92418	0.999949	947	0	0.64749	0.075254	0.20448	0.921225	234	4	0.64749
RCBTB2	4	0.92567	0.92495	0.999949	948	0	0.74349	0.021312	0.067033	0.917201	71	4	0.74349
CD72	4	0.9258	0.92512	0.999949	949	0	0.50259	0.074199	0.20161	0.917201	233	4	0.50259
KRTAP1-1	4	0.92593	0.92524	0.999949	950	0	0.72889	0.074068	0.20135	0.917201	232	4	0.72889
GPR183	4	0.92788	0.92715	0.999949	951	0	0.68363	0.072122	0.19726	0.917201	225	4	0.68363
NR5A1	4	0.92813	0.92731	0.999949	952	0	0.74062	0.071866	0.19666	0.917201	224	4	0.74062
XDH	4	0.92865	0.92772	0.999949	953	0	0.57741	0.071355	0.19547	0.917201	220	4	0.57741
MTA3	4	0.92915	0.92829	0.999949	954	0	0.88335	0.028686	0.088619	0.917201	95	4	0.88335
SPHKAP	4	0.92978	0.92896	0.999949	955	0	0.91942	0.0042747	0.015314	0.758101	22	4	0.91942
IAPP	4	0.93004	0.92926	0.999949	956	0	1.0255	0.069964	0.19218	0.917201	217	4	1.0255
CCNE1	4	0.93116	0.9304	0.999949	957	0	0.54671	0.068841	0.18956	0.917201	213	4	0.54671
RPL6	1	0.9323	0.93244	0.999949	958	0	1.0401	0.067705	0.068265	0.917201	209	1	1.0401
PDLIM5	4	0.93264	0.93183	0.999949	959	0	0.69063	0.067365	0.18597	0.917201	207	4	0.69063
MECOM	4	0.93622	0.93555	0.999949	960	0	0.59811	0.0050653	0.018004	0.763366	26	4	0.59811
FRY	4	0.93704	0.93629	0.999949	961	0	0.64871	0.026039	0.080885	0.917201	85	4	0.64871
STRIP2	4	0.93715	0.93636	0.999949	962	0	0.73805	0.0013834	0.0054315	0.642504	8	4	0.73805
NAPB	4	0.93727	0.93654	0.999949	963	0	0.63569	0.062731	0.17516	0.917201	198	4	0.63569
NETO1	4	0.93785	0.93708	0.999949	964	0	0.5954	0.062155	0.1737	0.917201	196	4	0.5954
AMELX	4	0.93807	0.93726	0.999949	965	0	0.5648	0.061925	0.17303	0.917201	195	4	0.5648
ARID1B	4	0.93819	0.93743	0.999949	966	0	0.6579	0.061811	0.17278	0.917201	194	4	0.6579
PLD1	4	0.93899	0.93831	0.999949	967	0	0.59504	0.061014	0.17089	0.917201	191	4	0.59504
PPP3R1	4	0.93955	0.93893	0.999949	968	0	0.70524	0.06045	0.16963	0.917201	189	4	0.70524
LGALS9	4	0.94078	0.9401	0.999949	969	0	0.49963	0.059222	0.16672	0.917201	186	4	0.49963
EXOC6B	4	0.94155	0.94079	0.999949	970	0	0.85226	0.04055	0.12073	0.917201	133	4	0.85226
TYMS	4	0.94275	0.94198	0.999949	971	0	0.65731	0.057253	0.16186	0.917201	183	4	0.65731
FSD1	4	0.94329	0.94253	0.999949	972	0	0.55465	0.056715	0.16062	0.917201	182	4	0.55465
LDB2	4	0.94361	0.9429	0.999949	973	0	0.60329	0.056394	0.1598	0.917201	180	4	0.60329
CYP2C8	4	0.94403	0.94335	0.999949	974	0	0.81604	0.043244	0.12748	0.917201	137	4	0.81604
HTR3D	4	0.94414	0.94347	0.999949	975	0	0.66988	0.055862	0.15847	0.917201	179	4	0.66988
FRYL	4	0.94424	0.94358	0.999949	976	0	0.61472	0.055756	0.15825	0.917201	178	4	0.61472
MACF1	4	0.94467	0.94394	0.999949	977	0	0.64992	0.055333	0.15706	0.917201	177	4	0.64992
KAT6B	4	0.94477	0.94402	0.999949	978	0	0.72412	0.055228	0.1568	0.917201	176	4	0.72412
AP2A2	4	0.94498	0.94428	0.999949	979	0	0.79277	0.035123	0.10602	0.917201	113	4	0.79277
DYNLT3	4	0.94571	0.94516	0.999949	980	0	0.63948	0.054288	0.15475	0.917201	173	4	0.63948
ABL1	4	0.94602	0.94549	0.999949	981	0	0.81492	0.026904	0.083285	0.917201	88	4	0.81492
ANKRD37	4	0.94674	0.94619	0.999949	982	0	0.49123	0.053258	0.15216	0.917201	170	4	0.49123
BCAP31	4	0.94705	0.94647	0.999949	983	0	0.48672	0.052952	0.15142	0.917201	167	4	0.48672
GYS2	4	0.94715	0.94658	0.999949	984	0	0.72094	0.05285	0.15112	0.917201	165	4	0.72094
NDEL1	4	0.94735	0.94674	0.999949	985	0	0.78356	0.052647	0.15062	0.917201	164	4	0.78356
NR2E1	4	0.94876	0.94834	0.999949	986	0	0.69493	0.051241	0.14692	0.917201	161	4	0.69493
CTCFL	4	0.94896	0.94853	0.999949	987	0	0.70247	0.051043	0.14646	0.917201	160	4	0.70247
RNF144A	4	0.95004	0.94962	0.999949	988	0	0.6374	0.049961	0.14387	0.917201	158	4	0.6374
TBC1D1	4	0.95139	0.95102	0.999949	989	0	0.69792	0.04861	0.14079	0.917201	156	4	0.69792
FMR1	4	0.95158	0.95123	0.999949	990	0	0.57667	0.048419	0.14042	0.917201	155	4	0.57667
SMARCA1	4	0.95187	0.95154	0.999949	991	0	0.54526	0.048134	0.13973	0.917201	154	4	0.54526
ZNF418	4	0.95224	0.95203	0.999949	992	0	0.81053	0.047756	0.13883	0.917201	153	4	0.81053
EGFR	4	0.95243	0.95227	0.999949	993	0	0.55529	0.047568	0.13828	0.917201	150	4	0.55529
LMBR1L	4	0.95299	0.95297	0.999949	994	0	0.57854	0.047007	0.13683	0.917201	145	4	0.57854
IQCA1L	4	0.95483	0.95466	0.999949	995	0	0.75032	0.032356	0.098846	0.917201	105	4	0.75032
SMARCC2	4	0.95492	0.95475	0.999949	996	0	0.80007	0.045081	0.13228	0.917201	142	4	0.80007
LNX2	4	0.95617	0.95592	0.999949	997	0	0.93584	0.026193	0.081361	0.917201	86	4	0.93584
DZIP3	4	0.95859	0.95834	0.999949	998	0	0.68289	0.041407	0.12288	0.917201	135	4	0.68289
DEGS1	4	0.95876	0.95843	0.999949	999	0	0.66633	0.041238	0.12246	0.917201	134	4	0.66633
CDK17	4	0.95977	0.95937	0.999949	1000	0	0.72371	0.040234	0.11996	0.917201	131	4	0.72371
KCNT2	4	0.96026	0.95996	0.999949	1001	0	0.65982	0.039739	0.11859	0.917201	129	4	0.65982
FAM126A	4	0.96043	0.96015	0.999949	1002	0	0.78612	0.039575	0.11807	0.917201	127	4	0.78612
TAF1L	3	0.96065	0.96013	0.999949	1003	0	0.79666	0.039352	0.09582	0.917201	125	3	0.79666
CCT6B	4	0.96091	0.96059	0.999949	1004	0	0.70388	0.039086	0.11676	0.917201	124	4	0.70388
CAV1	4	0.961	0.96067	0.999949	1005	0	0.62526	0.039005	0.11651	0.917201	123	4	0.62526
ARHGEF3	4	0.96243	0.96228	0.999949	1006	0	0.61833	0.037567	0.11261	0.917201	119	4	0.61833
SPOPL	4	0.96251	0.96238	0.999949	1007	0	0.95023	0.037489	0.11245	0.917201	118	4	0.95023
FXR1	4	0.96421	0.96403	0.999949	1008	0	0.64455	0.035789	0.10787	0.917201	115	4	0.64455
DLL4	4	0.96526	0.96522	0.999949	1009	0	0.51301	0.034738	0.10513	0.917201	112	4	0.51301
PDGFC	4	0.96534	0.96538	0.999949	1010	0	0.61198	0.034664	0.10501	0.917201	110	4	0.61198
ZNF146	4	0.96541	0.96546	0.999949	1011	0	0.73708	0.027847	0.086059	0.917201	93	4	0.73708
MPC1L	4	0.96578	0.96592	0.999949	1012	0	1.1089	0.0062027	0.0216	0.859003	27	4	1.1089
EXOC6	4	0.9668	0.96691	0.999949	1013	0	0.68891	0.033205	0.10114	0.917201	106	4	0.68891
PHLDA3	4	0.96876	0.96903	0.999949	1014	0	0.60227	0.03124	0.095577	0.917201	100	4	0.60227
ATP7B	4	0.96917	0.96942	0.999949	1015	0	1.079	0.0021394	0.0080843	0.642504	12	4	1.079
ERBB3	8	0.97168	0.97178	0.999949	1016	0	0.43102	0.028318	0.13192	0.917201	94	8	0.43102
EPC1	4	0.9723	0.97259	0.999949	1017	0	1.1161	0.019097	0.060391	0.917201	64	4	1.1161
PPP3CC	4	0.97298	0.97324	0.999949	1018	0	0.76836	0.027016	0.083593	0.917201	90	4	0.76836
TCF4	4	0.97449	0.97471	0.999949	1019	0	0.60377	0.025512	0.07925	0.917201	83	4	0.60377
GDI1	4	0.97513	0.97542	0.999949	1020	0	0.83825	0.02487	0.077447	0.917201	80	4	0.83825
STX4	4	0.97593	0.97625	0.999949	1021	0	0.71969	0.024071	0.075252	0.917201	79	4	0.71969
ZNF521	4	0.97638	0.97654	0.999949	1022	0	0.74343	0.023623	0.073814	0.917201	77	4	0.74343
PCGF1	4	0.97665	0.9768	0.999949	1023	0	0.62262	0.023346	0.073038	0.917201	76	4	0.62262
FAM126B	4	0.97709	0.97723	0.999949	1024	0	0.71395	0.022908	0.071656	0.917201	75	4	0.71395
DDX39A	4	0.97904	0.97932	0.999949	1025	0	0.68455	0.020963	0.065893	0.917201	68	4	0.68455
SS18	4	0.97924	0.97946	0.999949	1026	0	0.74682	0.02076	0.065323	0.917201	67	4	0.74682
NXT2	4	0.98047	0.98079	0.999949	1027	0	0.88422	0.019527	0.061848	0.917201	65	4	0.88422
NBEAL1	4	0.9809	0.98128	0.999949	1028	0	1.0452	0.014353	0.04682	0.917201	53	4	1.0452
DST	4	0.98095	0.98134	0.999949	1029	0	0.77934	0.01905	0.060261	0.917201	63	4	0.77934
RTP1	4	0.98188	0.9823	0.999949	1030	0	0.67658	0.018121	0.057813	0.917201	61	4	0.67658
SLC25A2	4	0.98215	0.98258	0.999949	1031	0	0.83391	0.017849	0.056814	0.917201	60	4	0.83391
RANBP17	4	0.98363	0.98395	0.999949	1032	0	0.8832	0.016366	0.052564	0.917201	59	4	0.8832
MAT1A	4	0.98442	0.98476	0.999949	1033	0	0.79676	0.015578	0.050294	0.917201	56	4	0.79676
JAG1	4	0.98458	0.98485	0.999949	1034	0	0.8685	0.015416	0.049771	0.917201	55	4	0.8685
TOMM20	3	0.98464	0.98469	0.999949	1035	0	0.62235	0.015356	0.039926	0.917201	54	3	0.62235
ALAS1	8	0.98639	0.98666	0.999949	1036	0	0.59829	0.01361	0.070404	0.917201	51	8	0.59829
PRKAB1	4	0.98687	0.9873	0.999949	1037	0	0.85373	0.013133	0.04313	0.917201	49	4	0.85373
HMGCL	4	0.98733	0.98784	0.999949	1038	0	0.78682	0.012674	0.041869	0.917201	48	4	0.78682
RSPH1	4	0.98747	0.988	0.999949	1039	0	0.67549	0.012535	0.041477	0.917201	47	4	0.67549
SIK2	4	0.98794	0.98845	0.999949	1040	0	0.79939	0.012058	0.040001	0.917201	44	4	0.79939
DLL1	4	0.98811	0.98855	0.999949	1041	0	0.6713	0.011891	0.039525	0.917201	43	4	0.6713
DYNLT1	4	0.98854	0.98906	0.999949	1042	0	1.1744	0.0037	0.013362	0.74544	19	4	1.1744
VPS26A	4	0.98972	0.9902	0.999949	1043	0	0.82914	0.010285	0.034462	0.917201	39	4	0.82914
NSDHL	4	0.99061	0.99112	0.999949	1044	0	1.1392	0.0093915	0.031604	0.917201	36	4	1.1392
SATB1	4	0.99195	0.99241	0.999949	1045	0	0.8059	0.0080503	0.02741	0.880438	33	4	0.8059
CAB39	4	0.992	0.99243	0.999949	1046	0	0.81497	0.0080008	0.027242	0.880438	32	4	0.81497
KRT38	4	0.99253	0.99286	0.999949	1047	0	0.79839	0.0074714	0.025532	0.880438	30	4	0.79839
safe_control	74	0.99353	0.99922	0.999949	1048	3	0.88376	5.856e-10	4.6703e-06	0.00495	1	62	0.88376
MAP4K4	4	0.99448	0.99472	0.999949	1049	0	1.2257	0.0013021	0.00517	0.642504	5	4	1.2257
SMAP2	4	0.99497	0.99516	0.999949	1050	0	0.92475	0.0050306	0.017901	0.763366	25	4	0.92475
MBD4	8	0.99584	0.99595	0.999949	1051	0	0.67251	0.0041582	0.024654	0.880438	21	8	0.67251
RNF125	4	0.99631	0.99638	0.999949	1052	0	0.93132	0.003691	0.013352	0.74544	18	4	0.93132
NBEAL2	4	0.99645	0.99645	0.999949	1053	0	0.72731	0.0035547	0.012867	0.74544	17	4	0.72731
ANXA1	4	0.99673	0.99674	0.999949	1054	0	0.89447	0.0032683	0.011886	0.74544	15	4	0.89447
DYNLRB2	4	0.99774	0.99778	0.999949	1055	0	0.85718	0.002263	0.0084859	0.642504	14	4	0.85718
RANBP6	3	0.99804	0.99793	0.999949	1056	0	1.0316	0.0019599	0.0054876	0.642504	11	3	1.0316
TMEM185A	4	0.99808	0.99819	0.999949	1057	0	0.95786	0.0019206	0.007337	0.642504	10	4	0.95786
YIPF7	4	0.99849	0.99857	0.999949	1058	0	0.92687	0.0015097	0.0059079	0.642504	9	4	0.92687
RC3H2	4	0.99865	0.99877	0.999949	1059	0	0.94315	0.0013471	0.0053008	0.642504	7	4	0.94315
TP53	4	0.99995	0.99995	0.999949	1060	0	1.4316	9.2417e-06	3.2692e-05	0.017327	2	4	1.4316
