id	num	neg|score	neg|p-value	neg|fdr	neg|rank	neg|goodsgrna	neg|lfc	pos|score	pos|p-value	pos|fdr	pos|rank	pos|goodsgrna	pos|lfc
MYC	8	1.8057e-05	0.00010752	0.113861	1	8	-1.7904	0.99961	0.99965	0.999874	1057	0	-1.7904
FNIP1	4	0.00014866	0.00068718	0.34736	2	4	-1.5275	0.99985	0.99987	0.999874	1059	0	-1.5275
RPL5	4	0.00036634	0.0015847	0.34736	3	4	-1.8585	0.99963	0.99962	0.999874	1058	0	-1.8585
FAM71A	4	0.00041865	0.0017063	0.34736	4	4	-1.3403	0.99958	0.99958	0.999874	1056	0	-1.3403
RAN	4	0.00046929	0.0018932	0.34736	5	1	-0.083146	0.29134	0.28965	0.999874	303	0	-0.083146
RPL36	4	0.00048395	0.001968	0.34736	6	2	-1.6939	0.9047	0.90469	0.999874	941	0	-1.6939
TSG101	4	0.00093199	0.0035294	0.45735	7	4	-1.2288	0.99907	0.99922	0.999874	1055	0	-1.2288
RSBN1L	4	0.0010178	0.0037725	0.45735	8	4	-2.1793	0.98612	0.98622	0.999874	1031	0	-2.1793
GSDMD	4	0.0013158	0.0049131	0.45735	9	3	-1.8266	0.95873	0.95916	0.999874	996	0	-1.8266
NCBP2	4	0.0014074	0.0053899	0.45735	10	2	-0.3739	0.23614	0.23587	0.975731	256	1	-0.3739
RPL14	3	0.0014538	0.0041371	0.45735	11	2	-2.4685	0.76176	0.76243	0.999874	786	0	-2.4685
HTR2C	4	0.0014632	0.0056143	0.45735	12	3	-1.774	0.90242	0.90247	0.999874	937	0	-1.774
ATP6V1B2	4	0.001726	0.0066334	0.501768	13	4	-1.5412	0.99827	0.99842	0.999874	1054	0	-1.5412
E2F3	3	0.0017502	0.0049131	0.45735	14	3	-2.1326	0.99825	0.99813	0.999874	1053	0	-2.1326
RRM1	8	0.0017911	0.0096719	0.600743	15	7	-1.5045	0.99258	0.99264	0.999874	1046	0	-1.5045
TOP1	4	0.0023433	0.0085968	0.568998	16	4	-1.6975	0.98192	0.98181	0.999874	1025	0	-1.6975
SF3A1	4	0.0023448	0.0085968	0.568998	17	2	-0.28316	0.58378	0.58363	0.999874	602	0	-0.28316
EIF3B	4	0.0030202	0.010822	0.600743	18	4	-1.941	0.99697	0.99711	0.999874	1052	0	-1.941
TOMM22	4	0.0031505	0.011345	0.600743	19	4	-1.5995	0.99685	0.99698	0.999874	1051	0	-1.5995
MBD3L1	4	0.0038969	0.013814	0.610856	20	2	-1.3547	0.31355	0.31207	0.999874	328	0	-1.3547
TRRAP	4	0.0040588	0.014347	0.610856	21	4	-1.7866	0.99594	0.99596	0.999874	1050	0	-1.7866
FANCM	4	0.0041788	0.014608	0.610856	22	3	-1.6677	0.91518	0.91517	0.999874	950	0	-1.6677
POLR2L	4	0.0042177	0.014683	0.610856	23	2	-0.54469	0.64566	0.64524	0.999874	654	0	-0.54469
CTR9	4	0.004409	0.015254	0.610856	24	3	-1.4961	0.9375	0.93733	0.999874	975	0	-1.4961
GRHL2	4	0.0045814	0.015927	0.610856	25	3	-1.8269	0.074341	0.090376	0.969217	97	1	-1.8269
TBPL2	4	0.0045969	0.015983	0.610856	26	4	-1.0728	0.9954	0.99548	0.999874	1049	0	-1.0728
NRBP2	4	0.0050812	0.017572	0.61434	27	3	-1.7686	0.80084	0.80196	0.999874	840	0	-1.7686
STX17	4	0.0052232	0.017984	0.61434	28	4	-1.4168	0.99478	0.99483	0.999874	1048	0	-1.4168
RPL31	2	0.0053905	0.010373	0.600743	29	2	-2.693	0.99173	0.9921	0.999874	1045	0	-2.693
RPP21	4	0.0054763	0.018778	0.620122	30	4	-1.8082	0.98519	0.98551	0.999874	1029	0	-1.8082
CHORDC1	3	0.0059385	0.016151	0.610856	31	2	-1.9926	0.90334	0.90286	0.999874	939	0	-1.9926
SLC35F3	4	0.0060879	0.02077	0.62843	32	1	0.25151	0.3764	0.3752	0.999874	391	0	0.25151
IPO7	3	0.0064341	0.017282	0.61434	33	2	-1.9822	0.516	0.51389	0.999874	534	0	-1.9822
GALNT5	4	0.00666	0.022471	0.641837	34	3	-1.4115	0.9063	0.90616	0.999874	945	0	-1.4115
ACTL6A	4	0.007022	0.023565	0.641837	35	2	-0.70706	0.11185	0.12264	0.969217	127	1	-0.70706
DHX29	3	0.0072978	0.019657	0.620122	36	3	-1.7525	0.9927	0.99269	0.999874	1047	0	-1.7525
SF3B3	4	0.0073236	0.024556	0.641837	37	3	-1.4847	0.86486	0.8658	0.999874	896	0	-1.4847
GTF3C1	4	0.007348	0.024603	0.641837	38	3	-1.3576	0.71712	0.71634	0.999874	736	0	-1.3576
PSMB3	3	0.0074148	0.019909	0.620122	39	2	-1.9527	0.92124	0.92046	0.999874	957	0	-1.9527
ATP6V1D	4	0.0074669	0.025024	0.641837	40	4	-1.5384	0.98933	0.98921	0.999874	1038	0	-1.5384
RBPJ	4	0.007703	0.025725	0.641837	41	3	-1.5261	0.96951	0.96968	0.999874	1004	0	-1.5261
XRCC6	4	0.0077992	0.026061	0.641837	42	3	-1.6439	0.23537	0.23509	0.975731	255	1	-1.6439
SNRPD3	4	0.0084889	0.028258	0.643248	43	3	-1.6548	0.45297	0.45241	0.999874	464	0	-1.6548
DYNLRB1	3	0.0085345	0.022808	0.641837	44	2	-1.8737	0.93371	0.93311	0.999874	969	0	-1.8737
RGS19	4	0.0085896	0.028548	0.643248	45	2	-1.2822	0.90518	0.90519	0.999874	944	0	-1.2822
ATP5F1B	4	0.0088883	0.02938	0.643474	46	2	-0.60997	0.71821	0.7175	0.999874	738	0	-0.60997
NAPA	4	0.0091402	0.030213	0.643474	47	4	-0.85225	0.99086	0.99084	0.999874	1043	0	-0.85225
GIT2	4	0.0098205	0.032297	0.643474	48	1	-0.54575	0.76317	0.76377	0.999874	788	0	-0.54575
ABT1	4	0.0099505	0.032737	0.643474	49	4	-1.6312	0.98744	0.98752	0.999874	1034	0	-1.6312
COPA	4	0.010013	0.032905	0.643474	50	3	-1.365	0.97989	0.97998	0.999874	1021	0	-1.365
CDK7	4	0.010168	0.033382	0.643474	51	3	-1.6153	0.54243	0.54136	0.999874	560	0	-1.6153
TOB1	4	0.010181	0.033419	0.643474	52	4	-1.2897	0.98982	0.98987	0.999874	1042	0	-1.2897
RPS3	3	0.01028	0.027118	0.643248	53	3	-1.1498	0.98972	0.9898	0.999874	1041	0	-1.1498
CKAP5	8	0.01048	0.046667	0.726776	54	6	-0.93699	0.89535	0.89517	0.999874	929	0	-0.93699
CCND1	4	0.010485	0.034382	0.650194	55	4	-1.1606	0.98951	0.98946	0.999874	1040	0	-1.1606
INTS6	3	0.010651	0.027959	0.643248	56	3	-1.7943	0.98935	0.98931	0.999874	1039	0	-1.7943
ZNF260	4	0.011018	0.036159	0.658584	57	4	-1.0513	0.98898	0.98897	0.999874	1037	0	-1.0513
VCP	4	0.011061	0.036327	0.658584	58	2	-1.294	0.93317	0.93327	0.999874	968	0	-1.294
RPL8	4	0.011175	0.036692	0.658584	59	2	-1.2323	0.27008	0.26872	0.999874	284	0	-1.2323
HUS1	4	0.01211	0.039609	0.692988	60	4	-1.3182	0.98789	0.98799	0.999874	1036	0	-1.3182
FDPS	4	0.012226	0.039917	0.692988	61	2	-1.2594	0.79775	0.79915	0.999874	835	0	-1.2594
AFG3L2	3	0.012447	0.032587	0.643474	62	3	-1.3286	0.98755	0.98762	0.999874	1035	0	-1.3286
CPSF3	4	0.013465	0.043685	0.71797	63	4	-0.77313	0.98653	0.98667	0.999874	1033	0	-0.77313
MED20	4	0.013543	0.043956	0.71797	64	2	-0.80449	0.30929	0.30746	0.999874	322	0	-0.80449
RHBDF1	4	0.01384	0.044854	0.71797	65	4	-0.92005	0.98616	0.98627	0.999874	1032	0	-0.92005
CNOT7	4	0.013954	0.045162	0.71797	66	4	-1.0594	0.98605	0.98619	0.999874	1030	0	-1.0594
SBNO1	4	0.014076	0.045424	0.71797	67	3	-1.3151	0.887	0.88701	0.999874	922	0	-1.3151
SPAG9	4	0.014891	0.047967	0.729774	68	3	-1.4514	0.97781	0.97788	0.999874	1016	0	-1.4514
EIF3J	4	0.01498	0.048238	0.729774	69	3	-1.4034	0.73835	0.73801	0.999874	761	0	-1.4034
PRDM16	4	0.015837	0.050781	0.746906	70	3	-1.2095	0.92491	0.92499	0.999874	960	0	-1.2095
ALDOA	4	0.016225	0.052109	0.750937	71	3	-1.4661	0.92952	0.92952	0.999874	966	0	-1.4661
FUT5	4	0.016327	0.052473	0.750937	72	2	-0.77303	0.5356	0.5348	0.999874	555	0	-0.77303
MTHFD1	4	0.016776	0.053726	0.758614	73	4	-0.9191	0.98322	0.98314	0.999874	1028	0	-0.9191
TUBB	3	0.017181	0.044321	0.71797	74	3	-0.91483	0.98282	0.98269	0.999874	1026	0	-0.91483
CD44	4	0.01818	0.057541	0.788969	75	2	-0.66966	0.67165	0.67073	0.999874	685	0	-0.66966
HMGCS2	4	0.018276	0.057784	0.788969	76	3	-1.3645	0.12211	0.13181	0.969217	138	1	-1.3645
NDEL1	4	0.018361	0.058111	0.788969	77	4	-0.8278	0.98164	0.98154	0.999874	1024	0	-0.8278
DZIP1L	4	0.019025	0.060018	0.804549	78	4	-1.2528	0.98097	0.98099	0.999874	1023	0	-1.2528
CLNS1A	3	0.019075	0.049276	0.734974	79	3	-1.1182	0.98093	0.9806	0.999874	1022	0	-1.1182
SMC1A	4	0.020031	0.062898	0.818109	80	2	-0.73915	0.67205	0.67115	0.999874	686	0	-0.73915
ADAP1	4	0.021251	0.065572	0.818109	81	3	-1.4183	0.38622	0.38489	0.999874	399	0	-1.4183
IMPDH1	4	0.021829	0.066694	0.818109	82	3	-1.3278	0.020031	0.036785	0.849693	43	1	-1.3278
RFC2	4	0.022145	0.06732	0.818109	83	3	-1.1499	0.66426	0.66333	0.999874	674	0	-1.1499
ZMAT2	4	0.022802	0.068872	0.818109	84	2	-0.91893	0.63959	0.63858	0.999874	649	0	-0.91893
MRPL41	4	0.022973	0.069181	0.818109	85	3	-1.2906	0.97079	0.97097	0.999874	1007	0	-1.2906
RRM2	4	0.023453	0.070181	0.818109	86	2	-0.93916	0.16309	0.16784	0.969217	179	1	-0.93916
ARFGEF1	4	0.023724	0.070695	0.818109	87	1	-0.42934	0.62135	0.62027	0.999874	634	0	-0.42934
CLTC	4	0.023937	0.071125	0.818109	88	2	-1.1458	0.94228	0.94209	0.999874	980	0	-1.1458
TAF1L	3	0.024128	0.060981	0.80724	89	2	-1.5707	0.90496	0.90445	0.999874	942	0	-1.5707
PPP2R1B	4	0.024263	0.071845	0.818109	90	2	-1.0122	0.70152	0.701	0.999874	720	0	-1.0122
PLXDC1	8	0.025613	0.097986	0.897757	91	4	-0.53637	0.78286	0.78241	0.999874	815	0	-0.53637
PRKDC	8	0.026468	0.10073	0.897757	92	5	-0.9433	0.4726	0.47122	0.999874	494	0	-0.9433
ZG16	4	0.026487	0.076417	0.844317	93	1	-0.07554	0.59198	0.59186	0.999874	609	0	-0.07554
RBBP4	3	0.027169	0.067891	0.818109	94	2	-1.5344	0.028244	0.039319	0.849693	61	1	-1.5344
SLC11A2	4	0.027408	0.078278	0.854598	95	3	-1.1464	0.97066	0.97082	0.999874	1006	0	-1.1464
RIMKLB	3	0.028244	0.070452	0.818109	96	1	-0.46171	0.12886	0.1317	0.969217	144	1	-0.46171
RP1	4	0.028323	0.080157	0.857436	97	3	-1.2977	0.96318	0.96362	0.999874	1000	0	-1.2977
PMPCB	4	0.028326	0.080157	0.857436	98	2	-0.2712	0.28771	0.28606	0.999874	298	0	-0.2712
VMP1	4	0.029244	0.082074	0.867598	99	3	-1.1713	0.955	0.95555	0.999874	992	0	-1.1713
DHX9	3	0.029462	0.073192	0.824573	100	2	-1.5093	0.81963	0.81944	0.999874	855	0	-1.5093
MTG2	4	0.029916	0.08342	0.867598	101	2	-1.162	0.51847	0.51736	0.999874	538	0	-1.162
HSCB	4	0.030162	0.083878	0.867598	102	2	-1.1259	0.82889	0.83077	0.999874	866	0	-1.1259
RPS8	3	0.031005	0.076539	0.844317	103	2	-0.94096	0.92995	0.92922	0.999874	967	0	-0.94096
ZWILCH	4	0.031079	0.085888	0.867598	104	1	-0.056012	0.091932	0.10529	0.969217	113	1	-0.056012
POLR2B	4	0.031183	0.086103	0.867598	105	3	-1.2669	0.94574	0.94568	0.999874	984	0	-1.2669
RECK	4	0.031549	0.086842	0.867598	106	2	-1.0131	0.69309	0.69258	0.999874	711	0	-1.0131
EPS15L1	4	0.032287	0.088375	0.874665	107	3	-1.3477	0.69579	0.6951	0.999874	713	0	-1.3477
TMEM120A	4	0.032911	0.089469	0.877292	108	2	-0.87152	0.61359	0.61262	0.999874	626	0	-0.87152
DGAT2L6	4	0.034833	0.093171	0.897757	109	3	-1.0363	0.58572	0.58569	0.999874	604	0	-1.0363
CRY1	4	0.034928	0.093321	0.897757	110	2	-0.8533	0.75705	0.75715	0.999874	781	0	-0.8533
ASF1B	8	0.034998	0.12725	0.897757	111	5	-0.91499	0.53362	0.5316	0.999874	554	0	-0.91499
RPL18A	2	0.03503	0.063356	0.818109	112	2	-1.4049	0.96497	0.96477	0.999874	1002	0	-1.4049
ADSS	3	0.035279	0.086038	0.867598	113	3	-0.92438	0.96472	0.96421	0.999874	1001	0	-0.92438
RHOT1	4	0.036	0.095518	0.897757	114	3	-1.0318	0.89621	0.89635	0.999874	930	0	-1.0318
KIF20A	8	0.037847	0.13486	0.897757	115	3	-0.54661	0.76338	0.76284	0.999874	789	0	-0.54661
LMBR1	4	0.037849	0.099417	0.897757	116	3	-1.0027	0.057393	0.076118	0.969217	82	1	-1.0027
KIF11	4	0.038393	0.10046	0.897757	117	2	-0.90223	0.75049	0.75034	0.999874	771	0	-0.90223
ALAS2	4	0.039304	0.10235	0.897757	118	2	-0.64084	0.30072	0.29875	0.999874	313	0	-0.64084
DMP1	4	0.039983	0.10355	0.897757	119	3	-1.0118	0.62271	0.6219	0.999874	635	0	-1.0118
RIC8A	4	0.040212	0.10406	0.897757	120	3	-1.0943	0.93439	0.93455	0.999874	971	0	-1.0943
VANGL1	4	0.040214	0.10407	0.897757	121	1	-0.12968	0.51138	0.51027	0.999874	531	0	-0.12968
SLC17A2	4	0.04048	0.10466	0.897757	122	3	-1.2891	0.92121	0.9211	0.999874	956	0	-1.2891
SLC25A28	4	0.041715	0.10709	0.897757	123	3	-1.2512	0.55124	0.55045	0.999874	570	0	-1.2512
ARHGEF7	4	0.041923	0.10742	0.897757	124	2	-0.92262	0.45356	0.45309	0.999874	465	0	-0.92262
FARS2	4	0.042071	0.10777	0.897757	125	3	-1.1011	0.96206	0.96247	0.999874	999	0	-1.1011
EFR3A	4	0.042967	0.10954	0.897757	126	3	-1.1366	0.79173	0.79285	0.999874	827	0	-1.1366
FANCF	4	0.044758	0.11317	0.897757	127	3	-1.0757	0.86233	0.86349	0.999874	895	0	-1.0757
TNPO1	3	0.045445	0.11	0.897757	128	2	-1.3449	0.47998	0.47823	0.999874	502	0	-1.3449
VANGL2	4	0.046443	0.11656	0.897757	129	3	-1.2234	0.40234	0.40042	0.999874	413	0	-1.2234
SNRPB	4	0.046571	0.11691	0.897757	130	2	-0.59049	0.67931	0.67839	0.999874	692	0	-0.59049
CRY2	4	0.046598	0.11695	0.897757	131	2	-1.04	0.31213	0.31048	0.999874	326	0	-1.04
LIN28B	4	0.047034	0.11795	0.897757	132	3	-1.1746	0.66218	0.66144	0.999874	671	0	-1.1746
RPS11	3	0.047197	0.11343	0.897757	133	2	-1.3446	0.81349	0.81356	0.999874	851	0	-1.3446
MED13	4	0.04745	0.11856	0.897757	134	3	-1.02	0.97522	0.97529	0.999874	1012	0	-1.02
SIN3A	4	0.047471	0.11865	0.897757	135	2	-0.95407	0.81658	0.81885	0.999874	853	0	-0.95407
CHMP1B	4	0.047476	0.11865	0.897757	136	2	-0.47942	0.65166	0.65112	0.999874	661	0	-0.47942
KRT74	4	0.048381	0.12021	0.897757	137	2	-0.78043	0.46128	0.46069	0.999874	477	0	-0.78043
ATP5F1A	4	0.048599	0.12067	0.897757	138	3	-1.0235	0.54086	0.54004	0.999874	559	0	-1.0235
PPP2CB	3	0.048837	0.11668	0.897757	139	3	-0.79163	0.95116	0.95086	0.999874	989	0	-0.79163
UTP14C	4	0.049236	0.12207	0.897757	140	2	-0.76501	0.77413	0.77516	0.999874	802	0	-0.76501
EZH1	4	0.049244	0.12209	0.897757	141	3	-1.1492	0.25964	0.25863	0.997825	274	1	-1.1492
AHCYL2	4	0.049682	0.12284	0.897757	142	2	-1.067	0.78618	0.78706	0.999874	820	0	-1.067
SUV39H2	3	0.050623	0.12075	0.897757	143	2	-1.3162	0.55196	0.55042	0.999874	572	0	-1.3162
THRAP3	4	0.051091	0.1253	0.897757	144	1	0.47536	0.017254	0.031951	0.849693	37	1	0.47536
OSBPL6	4	0.051211	0.12548	0.897757	145	3	-1.0098	0.79202	0.79316	0.999874	828	0	-1.0098
FAM126A	4	0.051477	0.126	0.897757	146	3	-0.98436	0.68567	0.68487	0.999874	703	0	-0.98436
AHCYL1	4	0.051994	0.12706	0.897757	147	3	-1.154	0.85051	0.85224	0.999874	880	0	-1.154
GRIP1	4	0.052279	0.12759	0.897757	148	3	-1.0079	0.88571	0.8857	0.999874	919	0	-1.0079
E2F4	4	0.052391	0.1278	0.897757	149	3	-1.0979	0.71199	0.71126	0.999874	730	0	-1.0979
RBMX	3	0.052629	0.12523	0.897757	150	2	-1.3057	0.21271	0.21181	0.969217	231	0	-1.3057
WDR12	4	0.052895	0.12883	0.897757	151	1	-0.33971	0.84618	0.84806	0.999874	877	0	-0.33971
SAFB2	4	0.053999	0.13088	0.897757	152	2	-1.0251	0.3283	0.32681	0.999874	342	0	-1.0251
PRPF38A	4	0.054231	0.13125	0.897757	153	2	-0.72819	0.06098	0.079166	0.969217	86	1	-0.72819
CDK5R1	4	0.055564	0.13383	0.897757	154	3	-0.94765	0.97248	0.97257	0.999874	1010	0	-0.94765
KRT25	4	0.056495	0.13571	0.897757	155	2	-0.65883	0.95083	0.95115	0.999874	988	0	-0.65883
SAP30	4	0.056567	0.13585	0.897757	156	2	-0.6328	0.50031	0.4991	0.999874	520	0	-0.6328
RPS19	4	0.057393	0.13732	0.897757	157	3	-0.96789	0.84339	0.84538	0.999874	876	0	-0.96789
HASPIN	4	0.057393	0.13732	0.897757	158	2	-0.94489	0.89132	0.89155	0.999874	927	0	-0.94489
BUB3	4	0.057513	0.13758	0.897757	159	2	-0.83377	0.75996	0.76026	0.999874	784	0	-0.83377
POLR2F	4	0.057751	0.13794	0.897757	160	2	-0.76034	0.69386	0.69327	0.999874	712	0	-0.76034
ACTL7A	4	0.058227	0.13895	0.897757	161	2	-0.95277	0.14069	0.14797	0.969217	153	1	-0.95277
RPL10A	4	0.058392	0.13929	0.897757	162	3	-1.0981	0.63166	0.63084	0.999874	643	0	-1.0981
CADPS2	4	0.058705	0.13987	0.897757	163	2	-1.0205	0.79231	0.79346	0.999874	829	0	-1.0205
SF3B1	4	0.059113	0.14063	0.897757	164	3	-0.97606	0.2453	0.24465	0.988871	262	1	-0.97606
MED13L	4	0.059188	0.14079	0.897757	165	2	-0.82918	0.70265	0.70236	0.999874	721	0	-0.82918
MBTD1	4	0.060148	0.14242	0.897757	166	3	-1.0645	0.94338	0.94318	0.999874	982	0	-1.0645
CHSY3	4	0.06039	0.14284	0.897757	167	2	-0.64554	0.086681	0.10064	0.969217	109	1	-0.64554
MRPL27	4	0.060875	0.14384	0.897757	168	2	-0.69135	0.70529	0.70452	0.999874	726	0	-0.69135
ABCC3	4	0.061118	0.14427	0.897757	169	3	-1.0519	0.93536	0.93559	0.999874	972	0	-1.0519
ZNF521	4	0.061305	0.14462	0.897757	170	3	-0.99231	0.47124	0.47063	0.999874	491	0	-0.99231
HNRNPF	4	0.061876	0.14556	0.897757	171	1	0.26134	0.16473	0.16935	0.969217	181	1	0.26134
ISCA2	4	0.062585	0.14695	0.897757	172	2	-0.97792	0.66714	0.6664	0.999874	679	0	-0.97792
PIP4P2	4	0.063999	0.14959	0.897757	173	3	-1.0431	0.97732	0.97739	0.999874	1015	0	-1.0431
CCT6B	4	0.06545	0.15217	0.897757	174	1	-0.039714	0.25739	0.25636	0.997825	271	1	-0.039714
YAF2	4	0.065562	0.1523	0.897757	175	2	-0.20059	0.0039665	0.0087089	0.849693	8	2	-0.20059
TTC23	4	0.066142	0.15337	0.897757	176	3	-0.97746	0.7701	0.77089	0.999874	798	0	-0.97746
MEP1B	4	0.066918	0.15473	0.897757	177	3	-0.88751	0.92023	0.92015	0.999874	955	0	-0.88751
APOBEC3C	4	0.067233	0.15526	0.897757	178	3	-0.94089	0.91097	0.91113	0.999874	949	0	-0.94089
XAB2	4	0.067324	0.1555	0.897757	179	2	-0.91211	0.91723	0.91709	0.999874	953	0	-0.91211
VPS37A	4	0.067542	0.1559	0.897757	180	3	-1.0325	0.021879	0.040104	0.849693	46	1	-1.0325
BECN1	4	0.067577	0.15601	0.897757	181	2	-0.78813	0.65842	0.65773	0.999874	666	0	-0.78813
CD72	4	0.068124	0.15693	0.897757	182	1	-0.25641	0.026487	0.048229	0.851404	58	1	-0.25641
SOS2	4	0.068642	0.15788	0.897757	183	3	-1.0613	0.97145	0.97155	0.999874	1008	0	-1.0613
RNF40	4	0.069014	0.15864	0.897757	184	2	-0.34832	0.50531	0.50418	0.999874	525	0	-0.34832
CDS2	4	0.069117	0.15881	0.897757	185	3	-0.92809	0.78853	0.78945	0.999874	822	0	-0.92809
ARPC5	4	0.069874	0.16026	0.897757	186	2	-0.9469	0.093677	0.10647	0.969217	114	1	-0.9469
TNR	4	0.071198	0.16274	0.897757	187	3	-0.91616	0.70416	0.70363	0.999874	724	0	-0.91616
HNRNPH1	4	0.071683	0.16363	0.897757	188	3	-1.0644	0.7229	0.72241	0.999874	741	0	-1.0644
ATP6V1C1	4	0.072568	0.1652	0.897757	189	2	-0.67533	0.20657	0.2076	0.969217	223	1	-0.67533
PDCD6IP	4	0.072823	0.16568	0.897757	190	3	-0.93366	0.77258	0.7736	0.999874	801	0	-0.93366
MAT2A	4	0.073315	0.16663	0.897757	191	3	-0.87619	0.75608	0.7562	0.999874	779	0	-0.87619
TXNDC8	4	0.074295	0.16821	0.897757	192	2	-0.88577	0.61542	0.61426	0.999874	627	0	-0.88577
UNC119B	4	0.074341	0.1683	0.897757	193	2	-0.39509	0.26413	0.26297	0.997825	280	0	-0.39509
SLC35F4	4	0.075226	0.17009	0.897757	194	2	-0.91386	0.62586	0.62519	0.999874	637	0	-0.91386
EPHA3	4	0.075351	0.17037	0.897757	195	2	-0.96167	0.89792	0.89826	0.999874	932	0	-0.96167
EAF1	4	0.075616	0.17089	0.897757	196	2	-0.99595	0.93843	0.93827	0.999874	977	0	-0.99595
TPBG	4	0.076111	0.17188	0.897757	197	2	-0.17705	0.46305	0.46264	0.999874	480	0	-0.17705
PSMB8	4	0.076306	0.17218	0.897757	198	3	-1.0575	0.87103	0.87162	0.999874	902	0	-1.0575
SNRPB2	3	0.076466	0.15718	0.897757	199	1	-0.21718	0.55484	0.55346	0.999874	575	0	-0.21718
MTUS1	4	0.07668	0.1728	0.897757	200	2	-0.69994	0.79859	0.80002	0.999874	836	0	-0.69994
CABP5	4	0.076996	0.17338	0.897757	201	3	-0.74905	0.7787	0.77981	0.999874	809	0	-0.74905
RBPJL	4	0.077827	0.17492	0.897757	202	3	-0.93549	0.96579	0.96618	0.999874	1003	0	-0.93549
CAT	4	0.078286	0.17562	0.897757	203	2	-0.49215	0.47299	0.47223	0.999874	495	0	-0.49215
TACC3	4	0.078554	0.17604	0.897757	204	2	-0.81618	0.89274	0.89307	0.999874	928	0	-0.81618
HRH3	4	0.078762	0.17641	0.897757	205	2	-0.60163	0.61313	0.61215	0.999874	625	0	-0.60163
FRS3	4	0.079367	0.17764	0.897757	206	3	-0.96862	0.75412	0.75432	0.999874	774	0	-0.96862
GDF15	4	0.080057	0.17876	0.897757	207	3	-1.0553	0.88608	0.88602	0.999874	920	0	-1.0553
RNF130	4	0.080526	0.1795	0.897757	208	1	-0.48095	0.57247	0.57286	0.999874	590	0	-0.48095
AKIRIN1	4	0.081264	0.18072	0.897757	209	3	-1.0733	0.65294	0.65239	0.999874	662	0	-1.0733
LOR	4	0.08181	0.18168	0.897757	210	3	-1.056	0.97974	0.97974	0.999874	1020	0	-1.056
ATR	4	0.082147	0.1822	0.897757	211	3	-0.95263	0.7485	0.74816	0.999874	767	0	-0.95263
AOX1	4	0.082357	0.18262	0.897757	212	2	-0.52923	0.44878	0.4482	0.999874	459	0	-0.52923
SF3B2	4	0.082632	0.18319	0.897757	213	2	-0.34805	0.16063	0.1655	0.969217	176	1	-0.34805
PCBD1	4	0.083168	0.18429	0.897757	214	2	-0.7514	0.93981	0.93965	0.999874	979	0	-0.7514
COQ10A	4	0.083204	0.18434	0.897757	215	3	-0.9313	0.85342	0.85494	0.999874	883	0	-0.9313
BZW2	4	0.084447	0.1866	0.897757	216	3	-0.80523	0.97787	0.97794	0.999874	1017	0	-0.80523
BICD1	4	0.084626	0.1869	0.897757	217	3	-0.82199	0.4992	0.49803	0.999874	519	0	-0.82199
RPL17	3	0.084814	0.16891	0.897757	218	2	-1.1648	0.18354	0.18358	0.969217	199	1	-1.1648
SPOPL	4	0.084926	0.18739	0.897757	219	1	-0.31651	0.19945	0.20121	0.969217	216	1	-0.31651
ZNF407	4	0.085394	0.1882	0.897757	220	2	-0.97566	0.93667	0.93667	0.999874	974	0	-0.97566
HMGCS1	3	0.086478	0.17095	0.897757	221	2	-1.1457	0.91581	0.91556	0.999874	951	0	-1.1457
HNRNPH3	4	0.086603	0.19048	0.904564	222	3	-0.85687	0.82839	0.83036	0.999874	865	0	-0.85687
TMEM9	4	0.088192	0.19342	0.910341	223	2	-0.90526	0.34075	0.33942	0.999874	353	0	-0.90526
NKAP	4	0.089309	0.19564	0.91674	224	2	-0.26143	0.34349	0.34231	0.999874	355	0	-0.26143
PSMB6	4	0.090266	0.19731	0.918479	225	3	-0.92268	0.051091	0.071004	0.964014	78	1	-0.92268
TIMM10	4	0.091009	0.19861	0.918479	226	3	-0.88257	0.16391	0.16865	0.969217	180	1	-0.88257
TOMM40L	4	0.091756	0.2	0.920857	227	3	-1.0341	0.86652	0.86727	0.999874	899	0	-1.0341
GDI1	4	0.092805	0.20165	0.922051	228	1	-0.33713	0.66301	0.66216	0.999874	673	0	-0.33713
INTS2	4	0.093026	0.202	0.922051	229	2	-0.6135	0.55176	0.55101	0.999874	571	0	-0.6135
XYLT1	4	0.093601	0.20296	0.922471	230	2	-0.96327	0.97638	0.97641	0.999874	1014	0	-0.96327
ILF3	4	0.094549	0.20486	0.927118	231	3	-0.97255	0.035655	0.058541	0.925299	67	1	-0.97255
RNF144B	4	0.096497	0.20855	0.939815	232	2	-0.22457	0.014719	0.0278	0.849693	31	2	-0.22457
CHUK	8	0.10005	0.27242	0.966443	233	4	-0.42827	0.76708	0.76661	0.999874	794	0	-0.42827
NCBP2L	4	0.10119	0.21736	0.957277	234	3	-0.76275	0.97379	0.97393	0.999874	1011	0	-0.76275
PTCH1	4	0.1015	0.21785	0.957277	235	2	-0.54786	0.77103	0.77181	0.999874	800	0	-0.54786
CAND1	4	0.10178	0.21825	0.957277	236	3	-0.81481	0.97615	0.9762	0.999874	1013	0	-0.81481
CCNL2	4	0.10258	0.21972	0.957277	237	3	-0.86504	0.84316	0.84511	0.999874	875	0	-0.86504
RALGPS2	4	0.10298	0.22043	0.957277	238	2	-0.94881	0.73559	0.7353	0.999874	756	0	-0.94881
CAB39L	4	0.10358	0.22147	0.957277	239	3	-0.81431	0.94944	0.9496	0.999874	987	0	-0.81431
SPTAN1	4	0.1041	0.22224	0.957277	240	2	-0.64376	0.0051531	0.010719	0.849693	11	1	-0.64376
NAA16	4	0.10418	0.22237	0.957277	241	3	-0.82965	0.3591	0.35768	0.999874	373	0	-0.82965
GDI2	8	0.10438	0.2816	0.966568	242	4	-0.76723	0.98294	0.98309	0.999874	1027	0	-0.76723
SMC1B	4	0.10496	0.22354	0.958412	243	2	-0.33574	0.37837	0.37714	0.999874	392	0	-0.33574
KIAA0319L	4	0.10629	0.22589	0.964608	244	2	-0.69358	0.54918	0.54831	0.999874	568	0	-0.69358
TREML4	3	0.10701	0.19824	0.918479	245	2	-1.0713	0.92617	0.9256	0.999874	963	0	-1.0713
TOMM40	7	0.10725	0.2728	0.966443	246	2	-0.40567	0.4546	0.45568	0.999874	466	0	-0.40567
APH1A	4	0.1081	0.22892	0.966443	247	2	-0.77737	0.83986	0.84169	0.999874	873	0	-0.77737
TOP1MT	4	0.10927	0.2309	0.966443	248	2	-0.38478	0.37508	0.37376	0.999874	389	0	-0.38478
SNX2	4	0.10948	0.23117	0.966443	249	3	-0.8456	0.72505	0.72474	0.999874	742	0	-0.8456
SNAPC4	4	0.11013	0.23225	0.966443	250	1	-0.06163	0.45773	0.45698	0.999874	471	0	-0.06163
RPL37A	2	0.11014	0.18509	0.897757	251	1	-0.92114	0.52668	0.52486	0.999874	547	0	-0.92114
USP13	4	0.11116	0.2342	0.966443	252	2	-0.88932	0.82964	0.83161	0.999874	868	0	-0.88932
ELL	4	0.11135	0.23455	0.966443	253	3	-0.97278	0.098898	0.11119	0.969217	118	1	-0.97278
IAPP	4	0.11177	0.23535	0.966443	254	3	-0.94445	0.65758	0.65693	0.999874	665	0	-0.94445
IPO5	4	0.11185	0.23548	0.966443	255	2	-0.6602	0.92678	0.92672	0.999874	965	0	-0.6602
GBP3	4	0.11271	0.237	0.966443	256	1	-0.49263	0.33799	0.33672	0.999874	351	0	-0.49263
MED18	8	0.11318	0.29966	0.96707	257	4	-0.75353	0.87984	0.8792	0.999874	914	0	-0.75353
MECOM	4	0.11331	0.23803	0.966443	258	2	-0.44581	0.43971	0.43896	0.999874	448	0	-0.44581
MTMR3	4	0.1143	0.23986	0.966443	259	3	-0.74053	0.32481	0.32337	0.999874	339	0	-0.74053
ACACA	4	0.11442	0.24001	0.966443	260	2	-0.78612	0.0098205	0.018947	0.849693	21	1	-0.78612
TBC1D26	2	0.11456	0.192	0.907731	261	1	-0.62511	0.18	0.18032	0.969217	194	0	-0.62511
YIF1A	4	0.11472	0.24055	0.966443	262	3	-0.73277	0.033827	0.057129	0.916667	66	1	-0.73277
APH1B	4	0.116	0.24268	0.966443	263	3	-0.84871	0.92572	0.92583	0.999874	961	0	-0.84871
AP2A2	4	0.1161	0.24282	0.966443	264	2	-0.26478	0.026767	0.048743	0.851404	59	2	-0.26478
PPP2CA	8	0.11656	0.30648	0.96707	265	4	-0.54402	0.46396	0.46277	0.999874	483	0	-0.54402
RPL11	3	0.1166	0.21024	0.943426	266	2	-0.75969	0.024786	0.036243	0.849693	53	1	-0.75969
G6PC	4	0.11673	0.24374	0.966443	267	2	-0.77637	0.85629	0.85776	0.999874	886	0	-0.77637
CRX	4	0.11699	0.24424	0.966443	268	2	-0.33848	0.55993	0.56004	0.999874	580	0	-0.33848
SAR1A	8	0.1176	0.3085	0.96707	269	5	-0.766	0.77636	0.77603	0.999874	803	0	-0.766
RPL19	4	0.11785	0.24572	0.966443	270	1	-0.10887	0.7286	0.72828	0.999874	746	0	-0.10887
CTSZ	4	0.11798	0.24601	0.966443	271	2	-0.83565	0.48508	0.4841	0.999874	504	0	-0.83565
DUOX2	4	0.11837	0.24675	0.966443	272	3	-0.74397	0.8899	0.89007	0.999874	925	0	-0.74397
RPL13	3	0.11841	0.21247	0.949388	273	2	-1.0323	0.52248	0.5206	0.999874	542	0	-1.0323
TYMS	4	0.11924	0.24835	0.966443	274	2	-0.79696	0.7153	0.71461	0.999874	733	0	-0.79696
CRNN	4	0.12032	0.25032	0.966443	275	3	-0.72029	0.75867	0.75885	0.999874	783	0	-0.72029
EP300	4	0.12041	0.25045	0.966443	276	2	-0.55116	0.79633	0.79778	0.999874	833	0	-0.55116
NDUFB4	4	0.12126	0.25205	0.966443	277	2	-0.47543	0.40806	0.40658	0.999874	419	0	-0.47543
GYS2	4	0.12251	0.25444	0.966443	278	3	-0.71165	0.97861	0.97861	0.999874	1018	0	-0.71165
SS18	4	0.12303	0.25534	0.966443	279	2	-0.29741	0.028326	0.051464	0.879032	62	1	-0.29741
GATAD2A	4	0.12381	0.25666	0.966443	280	1	-0.18407	0.06277	0.080624	0.969217	88	1	-0.18407
BRSK2	4	0.12495	0.25841	0.966443	281	2	-0.66864	0.090184	0.10374	0.969217	111	1	-0.66864
TIMM23B	4	0.12517	0.25895	0.966443	282	3	-0.69106	0.61862	0.61763	0.999874	632	0	-0.69106
SBF2	3	0.12538	0.22146	0.957277	283	2	-1.0145	0.87605	0.87632	0.999874	908	0	-1.0145
RANBP9	4	0.12696	0.26155	0.966443	284	3	-0.75925	0.7844	0.78547	0.999874	818	0	-0.75925
AKIRIN2	4	0.12719	0.26199	0.966443	285	2	-0.81556	0.60524	0.60458	0.999874	615	0	-0.81556
ERN2	4	0.12854	0.26449	0.966443	286	3	-0.72343	0.43115	0.4302	0.999874	439	0	-0.72343
MPC1	4	0.12881	0.265	0.966443	287	2	-0.86415	0.44697	0.44643	0.999874	456	0	-0.86415
CNOT6L	4	0.1289	0.26516	0.966443	288	2	-0.63107	0.61771	0.61664	0.999874	630	0	-0.63107
PRSS37	4	0.13036	0.26737	0.966443	289	3	-0.90096	0.15568	0.16119	0.969217	171	1	-0.90096
CYFIP2	4	0.13043	0.26746	0.966443	290	2	-0.83385	0.91737	0.91723	0.999874	954	0	-0.83385
CDK2	4	0.1306	0.26768	0.966443	291	1	-0.2764	0.56448	0.56463	0.999874	584	0	-0.2764
MRPL55	4	0.13082	0.26807	0.966443	292	3	-0.67673	0.96198	0.96238	0.999874	998	0	-0.67673
MBP	4	0.13127	0.26883	0.966443	293	3	-0.86302	0.45891	0.45843	0.999874	473	0	-0.86302
DENND5B	4	0.13144	0.26914	0.966443	294	1	-0.092203	0.51083	0.5097	0.999874	530	0	-0.092203
RPL3	7	0.13274	0.3156	0.971578	295	4	-0.74414	0.37258	0.37416	0.999874	384	1	-0.74414
ULK1	4	0.13434	0.27402	0.966443	296	2	-0.63821	0.68646	0.68567	0.999874	704	0	-0.63821
SKA1	4	0.13473	0.2746	0.966443	297	3	-0.77603	0.80307	0.80425	0.999874	841	0	-0.77603
LDB2	4	0.13481	0.27469	0.966443	298	2	-0.57435	0.76444	0.76499	0.999874	791	0	-0.57435
RHOT2	4	0.1352	0.27531	0.966443	299	3	-0.83182	0.89877	0.89905	0.999874	933	0	-0.83182
SAMD4B	4	0.13566	0.27616	0.966443	300	3	-0.81418	0.64738	0.64688	0.999874	656	0	-0.81418
TPST1	4	0.13599	0.27665	0.966443	301	2	-0.55148	0.51028	0.50925	0.999874	529	0	-0.55148
NCKAP1	4	0.1365	0.2775	0.966443	302	1	-0.35417	0.076111	0.092227	0.969217	99	1	-0.35417
PTPN21	4	0.13664	0.27776	0.966443	303	2	-0.6501	0.14571	0.15211	0.969217	160	1	-0.6501
TNKS	4	0.13697	0.27821	0.966443	304	2	-0.53375	0.27673	0.27536	0.999874	287	0	-0.53375
ADAP2	4	0.1373	0.27867	0.966443	305	3	-0.79404	0.88423	0.8844	0.999874	918	0	-0.79404
UMPS	4	0.13734	0.27874	0.966443	306	1	0.4023	0.38687	0.38546	0.999874	400	0	0.4023
PRKAB1	4	0.13764	0.27918	0.966443	307	2	-0.53244	0.14404	0.15086	0.969217	158	1	-0.53244
BARHL1	4	0.13818	0.28002	0.966443	308	1	0.31901	0.10323	0.11528	0.969217	121	1	0.31901
S1PR4	4	0.1383	0.28017	0.966443	309	2	-0.75867	0.14237	0.14965	0.969217	155	1	-0.75867
ZEB1	4	0.13966	0.2824	0.966568	310	3	-0.79385	0.49133	0.49038	0.999874	512	0	-0.79385
PRPF8	4	0.14062	0.28416	0.966568	311	2	-0.85949	0.82307	0.82523	0.999874	858	0	-0.85949
CDK16	4	0.14084	0.2846	0.966568	312	3	-0.69945	0.2392	0.23878	0.980102	258	1	-0.69945
SIN3B	4	0.14096	0.28477	0.966568	313	2	-0.65146	0.76634	0.76694	0.999874	793	0	-0.65146
RNF2	3	0.14164	0.24223	0.966443	314	1	-0.045189	0.66528	0.66465	0.999874	676	0	-0.045189
STX12	4	0.14251	0.28729	0.96707	315	3	-0.64155	0.86041	0.86155	0.999874	892	0	-0.64155
OSMR	4	0.14296	0.28812	0.96707	316	2	-0.8448	0.11785	0.12752	0.969217	134	1	-0.8448
COX4I1	4	0.1432	0.2886	0.96707	317	2	-0.47454	0.44938	0.44871	0.999874	460	0	-0.47454
FKBP5	4	0.14464	0.29074	0.96707	318	2	-0.47645	0.52549	0.52484	0.999874	545	0	-0.47645
ATP5F1D	4	0.14487	0.29114	0.96707	319	2	-0.362	0.52763	0.52682	0.999874	548	0	-0.362
GAPDH	4	0.14686	0.29447	0.96707	320	3	-0.65976	0.94843	0.94858	0.999874	985	0	-0.65976
RNF125	4	0.1471	0.29476	0.96707	321	3	-0.70135	0.27893	0.27743	0.999874	290	0	-0.70135
YIF1B	4	0.14738	0.29513	0.96707	322	2	-0.37412	0.67811	0.67722	0.999874	691	0	-0.37412
COPZ1	4	0.14856	0.29731	0.96707	323	3	-0.74527	0.78589	0.78675	0.999874	819	0	-0.74527
CASP4	4	0.14869	0.29746	0.96707	324	2	-0.60075	0.67971	0.67878	0.999874	693	0	-0.60075
AMELX	4	0.14904	0.29803	0.96707	325	1	0.087262	0.0060879	0.012402	0.849693	12	1	0.087262
IRF4	4	0.1493	0.29843	0.96707	326	3	-0.7512	0.21991	0.22027	0.969217	239	1	-0.7512
JAG1	4	0.1507	0.3007	0.96707	327	1	-0.30973	0.58669	0.5867	0.999874	605	0	-0.30973
NCKAP1L	4	0.15209	0.30287	0.96707	328	2	-0.79801	0.70754	0.70667	0.999874	727	0	-0.79801
ICK	4	0.15278	0.30347	0.96707	329	2	-0.75382	0.2782	0.2768	0.999874	289	0	-0.75382
TTC7A	8	0.15295	0.36729	0.999528	330	3	-0.38105	0.25581	0.28265	0.999874	269	1	-0.38105
SNRPD2	3	0.15367	0.25672	0.966443	331	1	-0.093743	0.45642	0.45512	0.999874	469	0	-0.093743
CHML	4	0.15381	0.30448	0.96707	332	2	-0.64078	0.85739	0.8588	0.999874	888	0	-0.64078
DYNLT3	4	0.15568	0.30629	0.96707	333	1	-0.019097	0.27746	0.27618	0.999874	288	0	-0.019097
PRKAB2	4	0.1565	0.30709	0.96707	334	1	-0.34247	0.22146	0.22187	0.969217	241	1	-0.34247
NBEA	4	0.15656	0.30713	0.96707	335	2	-0.71263	0.75575	0.75592	0.999874	778	0	-0.71263
TBC1D1	4	0.15759	0.30802	0.96707	336	2	-0.79327	0.49189	0.49103	0.999874	513	0	-0.79327
ADARB1	4	0.15815	0.30856	0.96707	337	2	-0.68767	0.73316	0.73262	0.999874	753	0	-0.68767
ALDOC	4	0.15898	0.30929	0.96707	338	2	-0.82835	0.77931	0.78057	0.999874	810	0	-0.82835
RAMP2	4	0.15932	0.30957	0.96707	339	2	-0.79759	0.95171	0.9521	0.999874	990	0	-0.79759
CYP26C1	4	0.16037	0.31074	0.967483	340	2	-0.53965	0.63828	0.63732	0.999874	647	0	-0.53965
PPP3R2	4	0.16145	0.31199	0.967483	341	1	-0.13974	0.28113	0.27965	0.999874	292	0	-0.13974
RBBP7	4	0.16246	0.31299	0.967483	342	2	-0.56711	0.69809	0.69745	0.999874	716	0	-0.56711
NR5A1	4	0.16281	0.31336	0.967483	343	2	-0.64723	0.86169	0.86288	0.999874	894	0	-0.64723
ZNF146	4	0.16666	0.31729	0.973927	344	2	-0.58257	0.1432	0.15031	0.969217	156	1	-0.58257
MANF	4	0.16801	0.31869	0.975405	345	2	-0.42902	0.41374	0.41238	0.999874	423	0	-0.42902
DGKZ	3	0.16972	0.27653	0.966443	346	2	-0.90515	0.83342	0.83403	0.999874	869	0	-0.90515
RNF113A	4	0.17046	0.32119	0.977424	347	2	-0.65783	0.54815	0.54738	0.999874	567	0	-0.65783
G3BP1	4	0.17209	0.32272	0.979248	348	2	-0.62776	0.73731	0.73693	0.999874	760	0	-0.62776
COPG1	4	0.17338	0.32424	0.981061	349	2	-0.75811	0.70303	0.70264	0.999874	722	0	-0.75811
UTRN	4	0.17517	0.32603	0.982147	350	2	-0.79011	0.3206	0.31898	0.999874	336	0	-0.79011
MOGAT2	4	0.17616	0.32698	0.982147	351	1	-0.08699	0.1365	0.14438	0.969217	150	1	-0.08699
SHMT1	4	0.1766	0.32738	0.982147	352	2	-0.70027	0.58717	0.58718	0.999874	606	0	-0.70027
CDK5R2	4	0.17803	0.32873	0.9834	353	2	-0.49158	0.34827	0.34712	0.999874	362	0	-0.49158
GRIP2	4	0.17875	0.32973	0.983615	354	2	-0.83912	0.93415	0.93423	0.999874	970	0	-0.83912
ADGRG7	4	0.18102	0.33213	0.987999	355	2	-0.44185	0.79519	0.79647	0.999874	832	0	-0.44185
XPR1	4	0.18235	0.33367	0.988651	356	2	-0.81561	0.95707	0.95763	0.999874	994	0	-0.81561
RXFP3	4	0.18344	0.33471	0.988651	357	1	0.35824	0.16719	0.17157	0.969217	183	1	0.35824
MMD2	4	0.1838	0.33515	0.988651	358	2	-0.85194	0.57396	0.57422	0.999874	592	0	-0.85194
PKM	3	0.18408	0.29502	0.96707	359	2	-0.86762	0.28932	0.28756	0.999874	301	0	-0.86762
ULK2	4	0.18666	0.33784	0.993798	360	2	-0.39726	0.25137	0.25049	0.997264	266	1	-0.39726
INCENP	4	0.19255	0.34347	0.999528	361	2	-0.50743	0.083168	0.097743	0.969217	105	1	-0.50743
CLCA1	4	0.19292	0.34385	0.999528	362	2	-0.36866	0.30287	0.30109	0.999874	316	0	-0.36866
SOD1	4	0.19439	0.34522	0.999528	363	2	-0.74991	0.85717	0.8586	0.999874	887	0	-0.74991
RANBP10	4	0.19547	0.34631	0.999528	364	1	0.43181	0.025418	0.046321	0.849693	56	2	0.43181
ZNF418	4	0.19549	0.34635	0.999528	365	2	-0.65135	0.80775	0.80981	0.999874	845	0	-0.65135
CYP2C8	4	0.19623	0.34706	0.999528	366	2	-0.62909	0.6209	0.61983	0.999874	633	0	-0.62909
EEFSEC	4	0.19697	0.34781	0.999528	367	2	-0.83511	0.84198	0.84387	0.999874	874	0	-0.83511
LATS1	4	0.19706	0.34789	0.999528	368	1	-0.43616	0.74481	0.74426	0.999874	765	0	-0.43616
ENOX2	4	0.19808	0.34876	0.999528	369	2	-0.78205	0.052895	0.072462	0.969217	79	1	-0.78205
RNF38	4	0.20499	0.35572	0.999528	370	1	-0.45005	0.85096	0.85262	0.999874	881	0	-0.45005
DDI2	4	0.20579	0.35655	0.999528	371	1	-0.55511	0.81019	0.81233	0.999874	849	0	-0.55511
KAT6A	4	0.21002	0.36059	0.999528	372	2	-0.50656	0.68369	0.68271	0.999874	700	0	-0.50656
WRN	4	0.21208	0.3627	0.999528	373	2	-0.62456	0.12551	0.13481	0.969217	142	1	-0.62456
FOXK2	4	0.21265	0.36327	0.999528	374	2	-0.78756	0.34691	0.34574	0.999874	360	0	-0.78756
SOX9	4	0.21287	0.36345	0.999528	375	2	-0.62629	0.76979	0.7706	0.999874	797	0	-0.62629
PTF1A	4	0.21341	0.36396	0.999528	376	2	-0.77782	0.26859	0.26724	0.999874	282	0	-0.77782
ESRP1	4	0.21365	0.36415	0.999528	377	2	-0.69902	0.90502	0.90501	0.999874	943	0	-0.69902
CDS1	4	0.21416	0.36471	0.999528	378	2	-0.27564	0.3564	0.35496	0.999874	370	0	-0.27564
IMPDH2	4	0.21522	0.36577	0.999528	379	1	-0.15352	0.24834	0.2477	0.989856	265	1	-0.15352
SLITRK1	4	0.21795	0.36852	0.999528	380	2	-0.59335	0.58814	0.58818	0.999874	607	0	-0.59335
UAP1	4	0.21985	0.37036	0.999528	381	2	-0.61897	0.019106	0.035158	0.849693	41	1	-0.61897
CDIPT	4	0.22068	0.37128	0.999528	382	2	-0.23393	0.21913	0.21947	0.969217	238	1	-0.23393
AP1G2	4	0.22224	0.37264	0.999528	383	1	-0.092773	0.66632	0.6654	0.999874	678	0	-0.092773
CAP2	4	0.22302	0.37336	0.999528	384	2	-0.72704	0.38947	0.38788	0.999874	403	0	-0.72704
FKBP9	4	0.22379	0.37405	0.999528	385	2	-0.59902	0.84938	0.85115	0.999874	878	0	-0.59902
PHLDA1	4	0.22457	0.37467	0.999528	386	2	-0.72673	0.64695	0.6465	0.999874	655	0	-0.72673
SMARCC1	4	0.22481	0.37491	0.999528	387	2	-0.65291	0.5201	0.51905	0.999874	539	0	-0.65291
NOX3	4	0.22535	0.37561	0.999528	388	1	-0.14212	0.30215	0.30023	0.999874	315	0	-0.14212
PPP2R1A	4	0.22557	0.37588	0.999528	389	2	-0.47711	0.54451	0.54345	0.999874	561	0	-0.47711
TMEM185A	4	0.23076	0.38088	0.999528	390	2	-0.41468	0.73	0.72974	0.999874	747	0	-0.41468
SLC25A2	4	0.23172	0.38186	0.999528	391	2	-0.76987	0.9719	0.97198	0.999874	1009	0	-0.76987
RC3H1	4	0.23249	0.3826	0.999528	392	2	-0.60294	0.79375	0.79505	0.999874	830	0	-0.60294
TOB2	4	0.23365	0.38377	0.999528	393	2	-0.70704	0.23461	0.23437	0.975731	254	1	-0.70704
CCNL1	4	0.23519	0.38534	0.999528	394	2	-0.63722	0.37111	0.36988	0.999874	382	0	-0.63722
TRAPPC3	4	0.23537	0.38552	0.999528	395	2	-0.64989	0.55739	0.55721	0.999874	577	0	-0.64989
CAP1	4	0.23713	0.38734	0.999528	396	2	-0.61538	0.17372	0.17787	0.969217	189	1	-0.61538
NLRP8	4	0.23752	0.38761	0.999528	397	2	-0.49668	0.11099	0.12183	0.969217	126	1	-0.49668
RPP14	4	0.23767	0.38774	0.999528	398	1	-0.4125	0.77779	0.77885	0.999874	806	0	-0.4125
DYNC1LI1	3	0.23824	0.36099	0.999528	399	1	-0.22214	0.57505	0.57384	0.999874	593	0	-0.22214
RIC8B	4	0.23907	0.38907	0.999528	400	2	-0.52575	0.41437	0.41303	0.999874	424	0	-0.52575
SFPQ	4	0.2415	0.39143	0.999528	401	1	-0.48476	0.69656	0.69596	0.999874	715	0	-0.48476
GPR151	4	0.24226	0.39208	0.999528	402	1	-0.20046	0.76157	0.76209	0.999874	785	0	-0.20046
ISL1	4	0.24452	0.39451	0.999528	403	2	-0.74759	0.87304	0.87371	0.999874	904	0	-0.74759
SP110	4	0.24454	0.39452	0.999528	404	1	-0.033863	0.43606	0.43535	0.999874	443	0	-0.033863
TOP2A	4	0.24647	0.39614	0.999528	405	2	-0.59896	0.85607	0.85759	0.999874	885	0	-0.59896
NKAPL	4	0.24686	0.39663	0.999528	406	2	-0.72034	0.44577	0.44521	0.999874	455	0	-0.72034
ATP7B	4	0.24921	0.39898	0.999528	407	2	-0.64068	0.88954	0.88963	0.999874	924	0	-0.64068
GPSM1	4	0.2496	0.39925	0.999528	408	2	-0.47622	0.73869	0.73834	0.999874	762	0	-0.47622
PAX4	4	0.24985	0.39947	0.999528	409	1	-0.28048	0.0023448	0.006007	0.849693	5	1	-0.28048
TANK	4	0.25039	0.39992	0.999528	410	2	-0.6462	0.87284	0.87354	0.999874	903	0	-0.6462
NAA15	4	0.25061	0.4001	0.999528	411	2	-0.69732	0.47992	0.4788	0.999874	501	0	-0.69732
CDC34	4	0.25471	0.40423	0.999528	412	2	-0.70674	0.90725	0.90717	0.999874	946	0	-0.70674
PMM1	4	0.25589	0.4053	0.999528	413	2	-0.43764	0.74074	0.74029	0.999874	763	0	-0.43764
NSDHL	4	0.25668	0.40592	0.999528	414	2	-0.44167	0.32551	0.32404	0.999874	340	0	-0.44167
FRYL	4	0.25739	0.40669	0.999528	415	1	-0.48465	0.49696	0.49592	0.999874	517	0	-0.48465
RNF103	4	0.26264	0.41176	0.999528	416	2	-0.51307	0.34417	0.34281	0.999874	356	0	-0.51307
COPZ2	4	0.2634	0.41253	0.999528	417	2	-0.65567	0.79916	0.8004	0.999874	838	0	-0.65567
DUSP10	4	0.26711	0.41621	0.999528	418	2	-0.57431	0.75016	0.75003	0.999874	770	0	-0.57431
PFAS	4	0.26777	0.41679	0.999528	419	2	-0.24137	0.056495	0.075351	0.969217	81	1	-0.24137
SOHLH1	4	0.26859	0.41759	0.999528	420	1	0.60029	0.016327	0.03054	0.849693	35	2	0.60029
CLASP1	4	0.26934	0.41837	0.999528	421	2	-0.5621	0.88254	0.88295	0.999874	916	0	-0.5621
TAF1	4	0.26976	0.41878	0.999528	422	2	-0.56092	0.43544	0.43467	0.999874	442	0	-0.56092
LSM14A	4	0.27016	0.41916	0.999528	423	2	-0.74205	0.67489	0.67409	0.999874	688	0	-0.74205
RNF44	4	0.27156	0.42042	0.999528	424	1	-0.32033	0.78765	0.78848	0.999874	821	0	-0.32033
KHSRP	4	0.27304	0.42189	0.999528	425	2	-0.57381	0.81606	0.8183	0.999874	852	0	-0.57381
NAE1	8	0.2733	0.52176	0.999528	426	4	-0.55808	0.15295	0.20937	0.969217	167	1	-0.55808
DMXL2	4	0.27375	0.42268	0.999528	427	2	-0.72374	0.87542	0.87622	0.999874	907	0	-0.72374
VPS26A	4	0.27378	0.42269	0.999528	428	1	-0.14322	0.70378	0.70326	0.999874	723	0	-0.14322
HUS1B	4	0.27451	0.42343	0.999528	429	1	-0.14388	0.20024	0.20185	0.969217	217	1	-0.14388
RNF144A	4	0.27599	0.42478	0.999528	430	1	-0.15008	0.54763	0.54678	0.999874	566	0	-0.15008
CAVIN1	4	0.2782	0.427	0.999528	431	2	-0.64845	0.92625	0.92628	0.999874	964	0	-0.64845
SEC14L3	4	0.27856	0.42733	0.999528	432	2	-0.32546	0.44998	0.44923	0.999874	461	0	-0.32546
PSEN2	4	0.27967	0.42833	0.999528	433	1	-0.20762	0.51247	0.51149	0.999874	532	0	-0.20762
MTUS2	4	0.27976	0.42838	0.999528	434	2	-0.53259	0.78321	0.78436	0.999874	816	0	-0.53259
ATP6V1E2	4	0.28016	0.42894	0.999528	435	2	-0.42844	0.39978	0.39811	0.999874	410	0	-0.42844
UNC45A	4	0.2826	0.4311	0.999528	436	1	-0.15322	0.18907	0.19223	0.969217	206	1	-0.15322
EIF3L	4	0.28297	0.43143	0.999528	437	2	-0.70129	0.95716	0.95773	0.999874	995	0	-0.70129
ADAM19	4	0.28333	0.43184	0.999528	438	1	0.082875	0.030162	0.053866	0.904722	63	1	0.082875
ATP7A	4	0.28916	0.43742	0.999528	439	2	-0.6218	0.73036	0.73016	0.999874	748	0	-0.6218
DDX39B	4	0.28942	0.43771	0.999528	440	2	-0.47672	0.78022	0.78152	0.999874	812	0	-0.47672
ZMIZ1	4	0.29023	0.43839	0.999528	441	2	-0.1194	0.20104	0.20251	0.969217	218	1	-0.1194
NDE1	4	0.29061	0.4387	0.999528	442	2	-0.65221	0.95555	0.95614	0.999874	993	0	-0.65221
IDH2	4	0.29134	0.43936	0.999528	443	2	-0.20559	0.29206	0.29034	0.999874	304	0	-0.20559
FRS2	4	0.29144	0.4395	0.999528	444	2	-0.58554	0.73141	0.731	0.999874	751	0	-0.58554
KRTAP10-10	4	0.29225	0.44024	0.999528	445	2	-0.37921	0.24073	0.24038	0.982388	259	1	-0.37921
AP5M1	4	0.29279	0.44071	0.999528	446	1	0.17389	0.41059	0.40917	0.999874	421	0	0.17389
CCT6A	3	0.29324	0.42649	0.999528	447	1	-0.071177	0.68751	0.68787	0.999874	706	0	-0.071177
PDLIM5	4	0.29346	0.44134	0.999528	448	2	-0.73475	0.65926	0.65859	0.999874	667	0	-0.73475
SLC9A3R2	4	0.29496	0.44302	0.999528	449	1	-0.096352	0.2269	0.2272	0.969217	247	1	-0.096352
EZH2	4	0.29568	0.44382	0.999528	450	1	-0.13825	0.56196	0.56218	0.999874	583	0	-0.13825
CTPS1	4	0.2963	0.44441	0.999528	451	2	-0.58952	0.19387	0.19653	0.969217	209	1	-0.58952
TMEM185B	4	0.29751	0.44551	0.999528	452	2	-0.42977	0.26487	0.26383	0.997825	281	0	-0.42977
BCAP31	4	0.29784	0.44583	0.999528	453	1	0.00034202	0.60617	0.60544	0.999874	616	0	0.00034202
IKBKE	4	0.29856	0.44648	0.999528	454	1	0.11459	0.47066	0.47009	0.999874	490	0	0.11459
SS18L1	4	0.3	0.44806	0.999528	455	1	0.37488	0.38557	0.38434	0.999874	398	0	0.37488
POLD1	4	0.30076	0.44883	0.999528	456	2	-0.45132	0.52118	0.52034	0.999874	540	0	-0.45132
SLC11A1	4	0.30198	0.45003	0.999528	457	2	-0.68791	0.31	0.30818	0.999874	323	0	-0.68791
RSBN1	4	0.30287	0.45088	0.999528	458	1	-0.35905	0.88681	0.88682	0.999874	921	0	-0.35905
CHRNB3	4	0.30361	0.45146	0.999528	459	2	-0.72851	0.89741	0.89759	0.999874	931	0	-0.72851
DDX5	4	0.30401	0.45183	0.999528	460	2	-0.43663	0.22767	0.22785	0.969217	248	1	-0.43663
PUM2	4	0.30442	0.45227	0.999528	461	2	-0.42647	0.5828	0.58263	0.999874	601	0	-0.42647
SEC31A	4	0.30564	0.45362	0.999528	462	2	-0.25887	0.43054	0.42961	0.999874	438	0	-0.25887
DBT	4	0.30716	0.45499	0.999528	463	1	-0.57958	0.20815	0.20908	0.969217	225	1	-0.57958
ATAD2	4	0.30768	0.45552	0.999528	464	2	-0.71208	0.39786	0.39621	0.999874	408	0	-0.71208
TBK1	4	0.30858	0.45652	0.999528	465	1	-0.14071	0.2804	0.27891	0.999874	291	0	-0.14071
ZNF185	4	0.3089	0.45675	0.999528	466	2	-0.68549	0.38492	0.38376	0.999874	397	0	-0.68549
IL6R	4	0.30929	0.45711	0.999528	467	2	-0.2827	0.54659	0.54573	0.999874	564	0	-0.2827
CCNE1	4	0.30931	0.45713	0.999528	468	2	-0.52478	0.1598	0.16471	0.969217	175	1	-0.52478
CADPS	4	0.31217	0.45993	0.999528	469	2	-0.44127	0.080526	0.095434	0.969217	103	1	-0.44127
DMD	4	0.31284	0.46058	0.999528	470	2	-0.46695	0.40106	0.39931	0.999874	411	0	-0.46695
CEACAM1	4	0.31355	0.4615	0.999528	471	1	0.42601	0.066342	0.083607	0.969217	89	1	0.42601
FAM71B	4	0.31496	0.46278	0.999528	472	1	-0.088807	0.012613	0.024135	0.849693	25	1	-0.088807
CLTB	4	0.31749	0.46535	0.999528	473	2	-0.5472	0.21678	0.21705	0.969217	236	1	-0.5472
RPS23	2	0.31814	0.35688	0.999528	474	1	-0.78102	0.76411	0.76382	0.999874	790	0	-0.78102
RPS7	1	0.32023	0.32089	0.977424	475	1	-0.75219	0.67977	0.68144	0.999874	694	0	-0.75219
AKAP11	4	0.32077	0.46846	0.999528	476	2	-0.53205	0.86611	0.86689	0.999874	898	0	-0.53205
MED31	4	0.3213	0.46895	0.999528	477	2	-0.69094	0.91005	0.91011	0.999874	947	0	-0.69094
CFL1	4	0.32159	0.46919	0.999528	478	2	-0.57239	0.75082	0.75078	0.999874	772	0	-0.57239
PTPN11	4	0.32282	0.47056	0.999528	479	2	-0.56233	0.57938	0.5794	0.999874	598	0	-0.56233
RPL15	2	0.32472	0.36212	0.999528	480	1	-0.84435	0.82283	0.82242	0.999874	857	0	-0.84435
MRGPRX2	4	0.32651	0.47412	0.999528	481	2	-0.59139	0.92287	0.92297	0.999874	958	0	-0.59139
FOXA1	4	0.3269	0.4745	0.999528	482	2	-0.65433	0.82076	0.82284	0.999874	856	0	-0.65433
EFR3B	4	0.32775	0.4755	0.999528	483	2	-0.66798	0.4695	0.46892	0.999874	488	0	-0.66798
POLR2A	4	0.32816	0.47592	0.999528	484	2	-0.35042	0.53981	0.53901	0.999874	557	0	-0.35042
H2BFM	4	0.33247	0.48032	0.999528	485	2	-0.24402	0.16883	0.17306	0.969217	184	1	-0.24402
STRADA	4	0.33516	0.48327	0.999528	486	2	-0.71449	0.36513	0.36388	0.999874	377	0	-0.71449
RC3H2	4	0.33523	0.48332	0.999528	487	1	-0.35171	0.71493	0.71427	0.999874	732	0	-0.35171
ARFGEF2	4	0.33557	0.48358	0.999528	488	2	-0.62417	0.85804	0.85948	0.999874	889	0	-0.62417
ZDHHC17	4	0.33731	0.48521	0.999528	489	2	-0.61432	0.79944	0.80068	0.999874	839	0	-0.61432
HMGCL	4	0.34053	0.48827	0.999528	490	2	-0.3572	0.19307	0.19583	0.969217	208	1	-0.3572
FAM126B	4	0.34135	0.489	0.999528	491	2	-0.638	0.85869	0.86003	0.999874	890	0	-0.638
NDUFC1	4	0.34212	0.48982	0.999528	492	1	-0.28326	0.38296	0.38195	0.999874	396	0	-0.28326
ANXA1	4	0.3428	0.4905	0.999528	493	1	0.26419	0.18586	0.18927	0.969217	202	1	0.26419
PAPSS1	4	0.34486	0.4926	0.999528	494	2	-0.59938	0.79461	0.7959	0.999874	831	0	-0.59938
ZNRF4	4	0.3459	0.49379	0.999528	495	2	-0.64483	0.71566	0.71506	0.999874	734	0	-0.64483
ATP6V1C2	8	0.34738	0.60797	0.999528	496	4	-0.55817	0.99143	0.99155	0.999874	1044	0	-0.55817
CD163L1	4	0.34962	0.49757	0.999528	497	2	-0.155	0.39206	0.39035	0.999874	404	0	-0.155
MMD	4	0.35234	0.50006	0.999528	498	1	-0.23792	0.26114	0.2601	0.997825	276	1	-0.23792
RING1	4	0.35253	0.50018	0.999528	499	2	-0.50282	0.86105	0.86219	0.999874	893	0	-0.50282
SLC25A15	4	0.35294	0.50052	0.999528	500	2	-0.51367	0.18666	0.1899	0.969217	203	1	-0.51367
HTR3E	4	0.3537	0.50134	0.999528	501	2	-0.52811	0.39593	0.39431	0.999874	406	0	-0.52811
SERPINA12	8	0.35401	0.61379	0.999528	502	1	0.33937	0.46068	0.45973	0.999874	475	0	0.33937
CALY	4	0.35792	0.50532	0.999528	503	2	-0.552	0.5303	0.52948	0.999874	551	0	-0.552
SEC31B	4	0.35875	0.50611	0.999528	504	2	-0.6288	0.6435	0.6428	0.999874	653	0	-0.6288
PLCG1	4	0.35999	0.50748	0.999528	505	2	-0.55447	0.15485	0.16044	0.969217	170	1	-0.55447
SPOP	4	0.36165	0.50903	0.999528	506	2	-0.57115	0.50587	0.50474	0.999874	526	0	-0.57115
MCPH1	4	0.36414	0.51157	0.999528	507	2	-0.60891	0.93808	0.93796	0.999874	976	0	-0.60891
NAPB	4	0.36513	0.51266	0.999528	508	2	-0.55048	0.6559	0.65511	0.999874	664	0	-0.55048
CCNT2	4	0.36622	0.51379	0.999528	509	2	-0.45177	0.81207	0.81418	0.999874	850	0	-0.45177
CHSY1	4	0.36747	0.5151	0.999528	510	2	-0.25974	0.038393	0.060878	0.946549	68	1	-0.25974
CYP7A1	4	0.36779	0.51541	0.999528	511	1	-0.26842	0.55942	0.55956	0.999874	579	0	-0.26842
ARID4A	4	0.36955	0.51727	0.999528	512	2	-0.62726	0.35708	0.35558	0.999874	371	0	-0.62726
XPO7	4	0.36979	0.51747	0.999528	513	1	-0.22935	0.75477	0.75494	0.999874	775	0	-0.22935
PAF1	4	0.3708	0.51852	0.999528	514	2	-0.52792	0.72576	0.7255	0.999874	743	0	-0.52792
TIMM23	4	0.37163	0.51923	0.999528	515	2	-0.38023	0.55432	0.55377	0.999874	574	0	-0.38023
ALAS1	8	0.37173	0.62625	0.999528	516	3	-0.13303	0.61603	0.6153	0.999874	628	0	-0.13303
FRY	4	0.37244	0.52011	0.999528	517	2	-0.33744	0.61817	0.61717	0.999874	631	0	-0.33744
STT3B	4	0.37496	0.52252	0.999528	518	2	-0.59957	0.42312	0.42219	0.999874	432	0	-0.59957
RNF10	4	0.37537	0.52287	0.999528	519	2	-0.14888	0.34486	0.34352	0.999874	357	0	-0.14888
IQCA1	4	0.37903	0.52623	0.999528	520	1	0.58945	0.014471	0.027296	0.849693	30	1	0.58945
JAG2	4	0.37912	0.52631	0.999528	521	2	-0.33867	0.31638	0.31472	0.999874	333	0	-0.33867
UAP1L1	4	0.38245	0.52967	0.999528	522	2	-0.60434	0.91621	0.9161	0.999874	952	0	-0.60434
CLTA	4	0.38287	0.53001	0.999528	523	2	-0.46333	0.63564	0.63476	0.999874	645	0	-0.46333
RSC1A1	4	0.38329	0.53042	0.999528	524	2	-0.56235	0.075226	0.091292	0.969217	98	1	-0.56235
TPRX1	4	0.39012	0.53686	0.999528	525	1	-0.036613	0.10237	0.11448	0.969217	120	1	-0.036613
TANC1	4	0.39077	0.53742	0.999528	526	1	0.13286	0.44153	0.44087	0.999874	451	0	0.13286
AIPL1	4	0.39141	0.53812	0.999528	527	1	0.22167	0.26934	0.26798	0.999874	283	0	0.22167
NAA11	4	0.39246	0.53919	0.999528	528	2	-0.27087	0.59628	0.59608	0.999874	613	0	-0.27087
STRIP1	4	0.39271	0.53945	0.999528	529	1	0.29594	0.2113	0.21196	0.969217	229	1	0.29594
VPS26B	4	0.39371	0.54053	0.999528	530	2	-0.66554	0.37969	0.37847	0.999874	393	0	-0.66554
ATP8B3	4	0.394	0.54088	0.999528	531	1	-0.36915	0.88827	0.88831	0.999874	923	0	-0.36915
FAM50B	4	0.39621	0.5431	0.999528	532	2	-0.56054	0.86569	0.86649	0.999874	897	0	-0.56054
TRIM25	4	0.39657	0.54346	0.999528	533	1	-0.079918	0.20973	0.21051	0.969217	227	1	-0.079918
SPDEF	4	0.39746	0.54419	0.999528	534	2	-0.13762	0.26338	0.26224	0.997825	279	1	-0.13762
CREBBP	4	0.39914	0.54601	0.999528	535	1	0.078221	0.28625	0.28468	0.999874	295	0	0.078221
ANAPC4	4	0.39978	0.54668	0.999528	536	1	-0.51969	0.92612	0.92616	0.999874	962	0	-0.51969
ATOH1	4	0.40038	0.5472	0.999528	537	2	-0.50398	0.60989	0.60902	0.999874	622	0	-0.50398
SLC10A2	4	0.40106	0.54787	0.999528	538	1	-0.54354	0.0079555	0.015712	0.849693	18	1	-0.54354
DPCR1	4	0.40164	0.54835	0.999528	539	2	-0.43029	0.57347	0.57375	0.999874	591	0	-0.43029
ARFIP1	4	0.40205	0.54884	0.999528	540	2	-0.25984	0.30858	0.30682	0.999874	321	0	-0.25984
DNAJC15	4	0.40289	0.54957	0.999528	541	2	-0.26218	0.12296	0.13263	0.969217	139	1	-0.26218
DNAJC19	3	0.40368	0.49897	0.999528	542	1	0.28131	0.45595	0.45467	0.999874	468	0	0.28131
RPRD1A	4	0.40372	0.55043	0.999528	543	2	-0.28137	0.09716	0.10962	0.969217	117	1	-0.28137
EPC1	4	0.40581	0.55279	0.999528	544	2	-0.41859	0.59294	0.59279	0.999874	610	0	-0.41859
COX6B1	8	0.40589	0.65153	0.999528	545	2	0.016649	0.43728	0.43699	0.999874	445	1	0.016649
TRPM1	4	0.40623	0.55318	0.999528	546	2	0.14464	0.0064151	0.012916	0.849693	13	2	0.14464
TLN1	4	0.40706	0.55397	0.999528	547	2	-0.24006	0.1015	0.11364	0.969217	119	1	-0.24006
UQCRC1	4	0.40806	0.55481	0.999528	548	1	-0.39261	0.52387	0.52306	0.999874	544	0	-0.39261
SOAT1	4	0.40915	0.55588	0.999528	549	2	-0.59323	0.94854	0.94869	0.999874	986	0	-0.59323
GOLPH3L	4	0.40932	0.55605	0.999528	550	2	-0.44015	0.7577	0.75773	0.999874	782	0	-0.44015
TGFBR2	4	0.41059	0.55729	0.999528	551	1	0.15808	0.022339	0.040955	0.849693	47	2	0.15808
GXYLT2	4	0.41081	0.55753	0.999528	552	2	-0.59978	0.82562	0.82751	0.999874	860	0	-0.59978
TBC1D28	3	0.41163	0.50311	0.999528	553	1	-0.20006	0.71396	0.715	0.999874	731	0	-0.20006
STT3A	4	0.41185	0.55868	0.999528	554	1	-0.11502	0.031079	0.054708	0.904722	64	1	-0.11502
SOS1	4	0.41207	0.55887	0.999528	555	2	-0.52816	0.47183	0.47111	0.999874	492	0	-0.52816
HEATR5A	4	0.4129	0.5599	0.999528	556	2	-0.34049	0.17453	0.17854	0.969217	190	1	-0.34049
RPA3	4	0.41415	0.56113	0.999528	557	2	-0.51342	0.88141	0.8818	0.999874	915	0	-0.51342
CDK8	4	0.41582	0.56273	0.999528	558	2	-0.55549	0.86859	0.8693	0.999874	901	0	-0.55549
ABL2	4	0.41666	0.56354	0.999528	559	2	-0.65348	0.96051	0.96106	0.999874	997	0	-0.65348
ATP6V1B1	4	0.41874	0.56582	0.999528	560	2	-0.38362	0.77719	0.77827	0.999874	805	0	-0.38362
GJA8	4	0.41876	0.56585	0.999528	561	1	0.054648	0.013543	0.025744	0.849693	28	1	0.054648
PDS5B	4	0.41916	0.56633	0.999528	562	2	-0.51281	0.18746	0.19055	0.969217	204	1	-0.51281
SHCBP1L	4	0.41958	0.56681	0.999528	563	2	-0.49041	0.74616	0.7456	0.999874	766	0	-0.49041
MTX1	3	0.42048	0.50847	0.999528	564	1	-0.11715	0.60874	0.60866	0.999874	620	0	-0.11715
NMT1	4	0.42125	0.56874	0.999528	565	2	-0.52851	0.17291	0.17706	0.969217	188	1	-0.52851
ASF1A	4	0.42333	0.57073	0.999528	566	2	-0.37667	0.66093	0.66008	0.999874	670	0	-0.37667
PLXDC2	4	0.42375	0.5712	0.999528	567	2	-0.53599	0.72683	0.72652	0.999874	745	0	-0.53599
TBR1	4	0.42416	0.57175	0.999528	568	2	-0.62262	0.97039	0.97055	0.999874	1005	0	-0.62262
FNIP2	4	0.42436	0.57206	0.999528	569	1	-0.269	0.53718	0.53636	0.999874	556	0	-0.269
SRI	4	0.42666	0.57422	0.999528	570	2	-0.51651	0.43789	0.43715	0.999874	446	0	-0.51651
GOLPH3	4	0.42708	0.57448	0.999528	571	2	-0.62861	0.9538	0.95438	0.999874	991	0	-0.62861
PTCH2	4	0.4275	0.57493	0.999528	572	2	-0.5409	0.68803	0.68737	0.999874	707	0	-0.5409
MAP4K4	4	0.42875	0.5763	0.999528	573	2	-0.65732	0.63871	0.6378	0.999874	648	0	-0.65732
NSG2	4	0.43125	0.57894	0.999528	574	2	-0.27743	0.010752	0.020667	0.849693	22	1	-0.27743
SLC9A3R1	4	0.43167	0.57945	0.999528	575	2	-0.60289	0.94382	0.94367	0.999874	983	0	-0.60289
STRIP2	4	0.43177	0.57958	0.999528	576	1	-0.46706	0.16227	0.16707	0.969217	178	1	-0.46706
ZNF804B	4	0.43208	0.57986	0.999528	577	2	-0.34899	0.023724	0.043339	0.849693	50	1	-0.34899
BRSK1	4	0.4325	0.58025	0.999528	578	2	-0.59244	0.94273	0.94252	0.999874	981	0	-0.59244
CAND2	4	0.43292	0.5807	0.999528	579	2	-0.62043	0.86735	0.86812	0.999874	900	0	-0.62043
WASL	4	0.433	0.58077	0.999528	580	1	-0.30682	0.78262	0.78374	0.999874	814	0	-0.30682
NUTF2	4	0.43333	0.58119	0.999528	581	2	-0.122	0.43483	0.43405	0.999874	441	0	-0.122
IDH3B	4	0.43361	0.58144	0.999528	582	1	0.15744	0.3192	0.31751	0.999874	335	0	0.15744
CYP2A6	4	0.43375	0.58155	0.999528	583	2	-0.47631	0.91036	0.9104	0.999874	948	0	-0.47631
LHFPL5	4	0.43583	0.58365	0.999528	584	2	-0.44672	0.47473	0.47385	0.999874	498	0	-0.44672
ZAP70	4	0.43666	0.58444	0.999528	585	2	-0.54419	0.48792	0.48684	0.999874	507	0	-0.54419
RUNX1	4	0.43667	0.58444	0.999528	586	1	0.20377	0.46599	0.46551	0.999874	485	0	0.20377
CCNE2	4	0.43789	0.58554	0.999528	587	1	-0.15692	0.381	0.37986	0.999874	394	0	-0.15692
GRM4	4	0.43875	0.58645	0.999528	588	2	-0.62497	0.042034	0.064001	0.958565	70	1	-0.62497
FLOT2	4	0.43971	0.58735	0.999528	589	1	-0.19401	0.46423	0.4638	0.999874	484	0	-0.19401
HMGCLL1	4	0.44032	0.58795	0.999528	590	1	-0.22323	0.29856	0.29645	0.999874	311	0	-0.22323
RPS5	4	0.44041	0.58807	0.999528	591	2	-0.4827	0.87698	0.87773	0.999874	909	0	-0.4827
ERH	4	0.44249	0.59033	0.999528	592	2	-0.35468	0.70076	0.7003	0.999874	718	0	-0.35468
RANBP17	4	0.44291	0.59087	0.999528	593	2	-0.45742	0.1507	0.15675	0.969217	165	1	-0.45742
PEF1	4	0.44374	0.59159	0.999528	594	2	-0.54678	0.67368	0.67281	0.999874	687	0	-0.54678
H2AFX	4	0.44396	0.59174	0.999528	595	1	-0.43935	0.93584	0.93601	0.999874	973	0	-0.43935
ATAD2B	4	0.44541	0.59313	0.999528	596	2	-0.49662	0.80856	0.81058	0.999874	847	0	-0.49662
ZIC3	4	0.44624	0.59405	0.999528	597	2	-0.19209	0.32201	0.3203	0.999874	337	0	-0.19209
DDI1	8	0.44715	0.68166	0.999528	598	3	-0.20474	0.011591	0.030428	0.849693	23	3	-0.20474
DCAF4L2	4	0.44818	0.5958	0.999528	599	1	-0.35806	0.046571	0.06761	0.964014	74	1	-0.35806
PMM2	4	0.44832	0.59596	0.999528	600	2	-0.058221	0.14904	0.15523	0.969217	163	1	-0.058221
MYH7	4	0.44873	0.59636	0.999528	601	2	-0.51764	0.90373	0.9037	0.999874	940	0	-0.51764
GOLT1A	4	0.44998	0.59759	0.999528	602	1	0.44214	0.22457	0.22465	0.969217	244	1	0.44214
HACD2	4	0.45117	0.59878	0.999528	603	1	-0.27613	0.74983	0.7497	0.999874	769	0	-0.27613
LGALS9	4	0.45123	0.59884	0.999528	604	2	-0.49182	0.89893	0.89918	0.999874	934	0	-0.49182
CTPS2	4	0.45164	0.59927	0.999528	605	2	-0.37226	0.35031	0.34908	0.999874	364	0	-0.37226
TAF9B	2	0.45262	0.46356	0.999528	606	1	-0.66567	0.78243	0.78176	0.999874	813	0	-0.66567
CELA2A	4	0.45416	0.60213	0.999528	607	1	-0.037512	0.63078	0.63009	0.999874	641	0	-0.037512
DDX17	4	0.45787	0.60586	0.999528	608	2	-0.53184	0.25814	0.25706	0.997825	272	1	-0.53184
CBLL1	4	0.45891	0.60694	0.999528	609	1	-0.13224	0.70828	0.70746	0.999874	728	0	-0.13224
DCAF8L1	4	0.45912	0.60716	0.999528	610	2	-0.21787	0.16964	0.17396	0.969217	185	1	-0.21787
CCNT1	4	0.45951	0.60753	0.999528	611	1	-0.1952	0.36646	0.36524	0.999874	378	0	-0.1952
TSPO2	4	0.45995	0.6079	0.999528	612	2	-0.59006	0.6833	0.68233	0.999874	699	0	-0.59006
UTP14A	4	0.46326	0.61154	0.999528	613	2	-0.53829	0.20736	0.20825	0.969217	224	1	-0.53829
GLIS3	4	0.46741	0.61574	0.999528	614	2	-0.17855	0.084047	0.0985	0.969217	106	1	-0.17855
RHOBTB2	4	0.4695	0.61769	0.999528	615	1	-0.24386	0.11699	0.12681	0.969217	133	1	-0.24386
AP3M1	4	0.46989	0.61813	0.999528	616	2	-0.31212	0.433	0.43207	0.999874	440	0	-0.31212
COQ10B	4	0.47066	0.6189	0.999528	617	1	-0.4382	0.82739	0.82934	0.999874	864	0	-0.4382
TCF12	4	0.47113	0.61936	0.999528	618	2	-0.37644	0.77961	0.78086	0.999874	811	0	-0.37644
NXT1	4	0.47196	0.62008	0.999528	619	2	-0.5932	0.7551	0.7553	0.999874	776	0	-0.5932
SMARCC2	4	0.47237	0.62049	0.999528	620	2	-0.42086	0.4017	0.39975	0.999874	412	0	-0.42086
RAP1GAP	4	0.47241	0.6205	0.999528	621	1	0.51421	0.0033616	0.0077086	0.849693	7	2	0.51421
NR5A2	4	0.47357	0.62174	0.999528	622	1	-0.45598	0.22844	0.22847	0.969217	249	1	-0.45598
DYNLRB2	4	0.47415	0.62233	0.999528	623	1	0.68849	0.004771	0.01013	0.849693	10	2	0.68849
EPS15	4	0.47473	0.62291	0.999528	624	1	-0.28005	0.70114	0.70063	0.999874	719	0	-0.28005
SEC11C	4	0.47646	0.62452	0.999528	625	1	-0.20688	0.8072	0.80904	0.999874	844	0	-0.20688
ERN1	4	0.47692	0.62507	0.999528	626	2	-0.40895	0.42745	0.42635	0.999874	435	0	-0.40895
SLC22A8	4	0.47816	0.62641	0.999528	627	2	-0.52935	0.50753	0.50655	0.999874	528	0	-0.52935
GPSM2	4	0.47898	0.62723	0.999528	628	2	-0.48313	0.11442	0.12484	0.969217	130	1	-0.48313
L3MBTL2	4	0.4794	0.62768	0.999528	629	2	-0.23135	0.42187	0.42087	0.999874	431	0	-0.23135
KPNA2	3	0.48588	0.54683	0.999528	630	1	0.036528	0.28708	0.28545	0.999874	297	0	0.036528
ADM	4	0.48736	0.63217	0.999528	631	1	-0.095039	0.5497	0.54882	0.999874	569	0	-0.095039
SIRPA	3	0.48814	0.54817	0.999528	632	1	-0.05224	0.66967	0.66915	0.999874	683	0	-0.05224
TREM2	4	0.49189	0.63391	0.999528	633	1	-0.14703	0.22999	0.23001	0.969217	251	1	-0.14703
PDS5A	4	0.49471	0.63489	0.999528	634	1	0.15528	0.060085	0.078502	0.969217	85	1	0.15528
NCK1	4	0.49527	0.63518	0.999528	635	1	-0.065285	0.5287	0.5278	0.999874	550	0	-0.065285
TPST2	4	0.49696	0.63587	0.999528	636	1	0.027064	0.50476	0.50363	0.999874	524	0	0.027064
BECN2	4	0.4992	0.63683	0.999528	637	1	-0.10295	0.18021	0.18357	0.969217	195	1	-0.10295
LDB1	8	0.50087	0.72161	0.999528	638	3	-0.39726	0.83508	0.83449	0.999874	870	0	-0.39726
NAA10	4	0.5031	0.63847	0.999528	639	1	-0.20221	0.055596	0.074631	0.969217	80	1	-0.20221
SF3B5	4	0.50753	0.64038	0.999528	640	1	-0.4821	0.6122	0.61129	0.999874	624	0	-0.4821
SLC25A24	4	0.51083	0.64171	0.999528	641	1	-0.44009	0.31496	0.31346	0.999874	330	0	-0.44009
SBF1	4	0.51357	0.6427	0.999528	642	1	-0.3944	0.82939	0.83123	0.999874	867	0	-0.3944
CAPN2	4	0.51411	0.64291	0.999528	643	1	-0.15389	0.63122	0.63045	0.999874	642	0	-0.15389
ITSN2	4	0.51901	0.645	0.999528	644	1	-0.53277	0.93855	0.93835	0.999874	978	0	-0.53277
KRT38	4	0.5201	0.64538	0.999528	645	1	-0.27768	0.15402	0.15969	0.969217	169	1	-0.27768
MRPL38	4	0.52118	0.64588	0.999528	646	1	-0.43667	0.48849	0.48749	0.999874	508	0	-0.43667
GCM2	4	0.52387	0.64708	0.999528	647	1	-0.46554	0.6655	0.66461	0.999874	677	0	-0.46554
FKBP10	4	0.52656	0.64824	0.999528	648	1	-0.25429	0.84983	0.85155	0.999874	879	0	-0.25429
PPP4C	4	0.52763	0.64867	0.999528	649	1	0.026295	0.39271	0.39104	0.999874	405	0	0.026295
MYBL2	4	0.5287	0.64903	0.999528	650	1	-0.034637	0.12975	0.13833	0.969217	146	1	-0.034637
SPATA21	4	0.53083	0.64997	0.999528	651	1	-0.14962	0.70454	0.70397	0.999874	725	0	-0.14962
KLK12	4	0.53136	0.65015	0.999528	652	1	-0.082848	0.29351	0.29168	0.999874	305	0	-0.082848
RPL21	2	0.53247	0.5344	0.999528	653	1	-0.59177	0.77781	0.7773	0.999874	807	0	-0.59177
LBX1	4	0.53454	0.65141	0.999528	654	1	0.37767	0.0241	0.044087	0.849693	51	2	0.37767
H1FOO	4	0.53666	0.65231	0.999528	655	1	0.0050168	0.13986	0.14715	0.969217	152	1	0.0050168
TCERG1	4	0.53718	0.65257	0.999528	656	1	0.19781	0.35775	0.3563	0.999874	372	0	0.19781
SAMD9	4	0.53771	0.6528	0.999528	657	1	-0.12549	0.52172	0.52085	0.999874	541	0	-0.12549
XYLT2	4	0.53929	0.65357	0.999528	658	1	-0.27331	0.85585	0.85737	0.999874	884	0	-0.27331
DYNC1LI2	4	0.54034	0.65395	0.999528	659	1	-0.12456	0.40425	0.4025	0.999874	415	0	-0.12456
ALG14	4	0.54138	0.65432	0.999528	660	1	-0.053136	0.30644	0.30448	0.999874	319	0	-0.053136
ABL1	4	0.54347	0.65526	0.999528	661	1	-0.20699	0.24302	0.24263	0.984466	261	1	-0.20699
BRD8	4	0.54815	0.65744	0.999528	662	1	-0.27066	0.72147	0.7208	0.999874	740	0	-0.27066
TMEM120B	4	0.55176	0.65903	0.999528	663	1	-0.50902	0.42622	0.42518	0.999874	434	0	-0.50902
MYL7	4	0.55381	0.65986	0.999528	664	1	-0.39519	0.7897	0.79069	0.999874	825	0	-0.39519
GOLT1B	4	0.55432	0.66013	0.999528	665	1	-0.086772	0.8039	0.80533	0.999874	842	0	-0.086772
GALNT2	4	0.55484	0.6604	0.999528	666	1	0.12923	0.5784	0.57841	0.999874	597	0	0.12923
FLNB	4	0.55688	0.66151	0.999528	667	1	-0.15584	0.36111	0.35974	0.999874	375	0	-0.15584
CCDC69	4	0.55841	0.66227	0.999528	668	1	-0.33183	0.11357	0.12407	0.969217	129	1	-0.33183
LNX2	4	0.56145	0.66367	0.999528	669	1	-0.023933	0.19627	0.19847	0.969217	213	1	-0.023933
NETO2	4	0.56297	0.66438	0.999528	670	1	0.06982	0.40361	0.40173	0.999874	414	0	0.06982
KCNT1	4	0.56397	0.66483	0.999528	671	1	-0.38897	0.79661	0.79807	0.999874	834	0	-0.38897
PUM1	4	0.56598	0.66561	0.999528	672	1	-0.53812	0.87443	0.87523	0.999874	906	0	-0.53812
SAMD4A	4	0.57446	0.66964	0.999528	673	1	-0.28814	0.068124	0.085093	0.969217	91	1	-0.28814
KCNG4	4	0.57544	0.67003	0.999528	674	1	-0.13778	0.76728	0.76808	0.999874	795	0	-0.13778
SEPHS1	3	0.57545	0.6054	0.999528	675	1	-0.40852	0.82387	0.82404	0.999874	859	0	-0.40852
TRAPPC3L	4	0.57594	0.67029	0.999528	676	1	0.33443	0.02492	0.045471	0.849693	54	2	0.33443
TOMM20	3	0.57624	0.60598	0.999528	677	1	0.26043	0.46342	0.46172	0.999874	481	0	0.26043
KRT37	4	0.57692	0.67072	0.999528	678	1	-0.034307	0.48336	0.48244	0.999874	503	0	-0.034307
IPO8	4	0.57987	0.67215	0.999528	679	1	0.10691	0.26039	0.25924	0.997825	275	1	0.10691
SHMT2	4	0.58085	0.67251	0.999528	680	1	0.27965	0.07168	0.088123	0.969217	95	1	0.27965
ESRP2	4	0.58231	0.67319	0.999528	681	1	-0.16672	0.3731	0.37198	0.999874	385	0	-0.16672
POU4F2	4	0.58378	0.67386	0.999528	682	1	-0.063238	0.21444	0.21485	0.969217	233	1	-0.063238
TBP	4	0.58523	0.67463	0.999528	683	1	-0.42376	0.90027	0.90054	0.999874	935	0	-0.42376
GMPR	4	0.58862	0.67603	0.999528	684	1	0.3011	0.10841	0.11976	0.969217	125	1	0.3011
LSM14B	4	0.59006	0.67674	0.999528	685	1	-0.23503	0.73628	0.73588	0.999874	758	0	-0.23503
CSTF2	4	0.59342	0.67823	0.999528	686	1	-0.15289	0.6829	0.68196	0.999874	698	0	-0.15289
RPL27A	2	0.59446	0.59352	0.999528	687	1	-0.091936	0.23268	0.23211	0.971569	253	0	-0.091936
RPRD1B	4	0.5977	0.68018	0.999528	688	1	-0.34523	0.71603	0.71534	0.999874	735	0	-0.34523
USP5	4	0.5996	0.68108	0.999528	689	1	-0.24261	0.28406	0.28251	0.999874	294	0	-0.24261
GPR183	4	0.60101	0.68165	0.999528	690	1	0.094833	0.45951	0.45899	0.999874	474	0	0.094833
GABPB2	4	0.6029	0.68253	0.999528	691	1	-0.24808	0.44032	0.43957	0.999874	449	0	-0.24808
BUB1B	4	0.60383	0.68303	0.999528	692	1	-0.20609	0.031996	0.055531	0.904722	65	1	-0.20609
LIF	4	0.61082	0.68657	0.999528	693	1	0.24948	0.091058	0.10445	0.969217	112	1	0.24948
JUP	4	0.61313	0.68769	0.999528	694	1	-0.15322	0.30358	0.30173	0.999874	317	0	-0.15322
CLTCL1	4	0.61542	0.68877	0.999528	695	1	0.061767	0.54607	0.54516	0.999874	563	0	0.061767
TUFM	3	0.61622	0.63582	0.999528	696	1	-0.38742	0.82695	0.82724	0.999874	862	0	-0.38742
ABCB1	4	0.61634	0.68917	0.999528	697	1	-0.12213	0.47589	0.47493	0.999874	499	0	-0.12213
MED8	4	0.6168	0.68943	0.999528	698	1	-0.23704	0.42807	0.42695	0.999874	436	0	-0.23704
XDH	4	0.61771	0.68996	0.999528	699	1	-0.16546	0.62721	0.62652	0.999874	639	0	-0.16546
EPC2	4	0.61862	0.69049	0.999528	700	1	-0.13121	0.44818	0.44768	0.999874	458	0	-0.13121
RHBDF2	4	0.61999	0.69111	0.999528	701	1	-0.43923	0.048381	0.06904	0.964014	75	1	-0.43923
PLAU	4	0.62271	0.69257	0.999528	702	1	-0.18795	0.2964	0.29456	0.999874	307	0	-0.18795
TUBB4B	8	0.62487	0.81262	0.999528	703	2	-0.29845	0.97947	0.97967	0.999874	1019	0	-0.29845
ELL2	4	0.62541	0.69395	0.999528	704	1	0.18078	0.38817	0.38661	0.999874	402	0	0.18078
KCNT2	4	0.62586	0.69432	0.999528	705	1	-0.30462	0.51684	0.51562	0.999874	536	0	-0.30462
SERPINA11	4	0.62631	0.69449	0.999528	706	1	0.030965	0.35438	0.35299	0.999874	367	0	0.030965
RPA1	4	0.62899	0.69588	0.999528	707	1	-0.23119	0.56498	0.56528	0.999874	585	0	-0.23119
TIRAP	4	0.63344	0.69796	0.999528	708	1	-0.25942	0.69617	0.69555	0.999874	714	0	-0.25942
HNRNPK	4	0.63959	0.70103	0.999528	709	1	-0.36414	0.56548	0.56563	0.999874	586	0	-0.36414
PTPN14	4	0.64307	0.70298	0.999528	710	1	0.44186	0.18263	0.18615	0.969217	197	1	0.44186
RNF20	4	0.6435	0.70323	0.999528	711	1	-0.070305	0.18425	0.18776	0.969217	201	1	-0.070305
LONP1	4	0.64393	0.70357	0.999528	712	1	0.55555	0.022497	0.04132	0.849693	48	2	0.55555
VRTN	4	0.64695	0.70538	0.999528	713	1	-0.012195	0.24682	0.24618	0.989856	263	1	-0.012195
ITSN1	4	0.64867	0.70623	0.999528	714	1	-0.050597	0.13818	0.14571	0.969217	151	1	-0.050597
TTC7B	4	0.6491	0.70648	0.999528	715	1	0.66941	0.013949	0.026389	0.849693	29	2	0.66941
TAS1R2	4	0.65123	0.70766	0.999528	716	1	-0.11885	0.13228	0.14058	0.969217	149	1	-0.11885
PTPN6	4	0.65378	0.70911	0.999528	717	1	-0.095043	0.62631	0.62553	0.999874	638	0	-0.095043
TNKS2	4	0.65632	0.71038	0.999528	718	1	-0.30992	0.82688	0.82885	0.999874	861	0	-0.30992
CRK	4	0.65716	0.71085	0.999528	719	1	0.41063	0.3043	0.30249	0.999874	318	0	0.41063
STAM2	4	0.66051	0.71264	0.999528	720	1	-0.0095008	0.64264	0.64184	0.999874	652	0	-0.0095008
CLIP4	4	0.66343	0.71425	0.999528	721	1	-0.28264	0.47704	0.476	0.999874	500	0	-0.28264
RBM22	4	0.66426	0.71458	0.999528	722	1	-0.41962	0.83554	0.83726	0.999874	871	0	-0.41962
EIF4A3	4	0.66467	0.71484	0.999528	723	1	-0.19827	0.7495	0.74937	0.999874	768	0	-0.19827
MORF4L1	3	0.66596	0.67387	0.999528	724	1	0.31701	0.33324	0.33129	0.999874	347	0	0.31701
GBX2	4	0.66714	0.71639	0.999528	725	1	-0.39417	0.33868	0.33739	0.999874	352	0	-0.39417
CYFIP1	4	0.66756	0.71651	0.999528	726	1	-0.12856	0.28698	0.28535	0.999874	296	0	-0.12856
RPS28	2	0.66818	0.66725	0.999528	727	0	-0.44698	0.7556	0.75524	0.999874	777	0	-0.44698
ERC1	4	0.67042	0.71805	0.999528	728	1	-0.22019	0.45058	0.4498	0.999874	462	0	-0.22019
LRFN1	4	0.67246	0.71931	0.999528	729	1	-0.26168	0.81842	0.82068	0.999874	854	0	-0.26168
BICD2	4	0.67287	0.71949	0.999528	730	1	-0.20074	0.415	0.4137	0.999874	425	0	-0.20074
ZNF423	4	0.6761	0.72135	0.999528	731	1	-0.14002	0.18827	0.19138	0.969217	205	1	-0.14002
PSMA2	4	0.67811	0.72244	0.999528	732	1	0.29619	0.085804	0.099912	0.969217	108	1	0.29619
SEC23B	4	0.67971	0.72337	0.999528	733	1	-0.41799	0.41625	0.4149	0.999874	427	0	-0.41799
NUMBL	4	0.68369	0.72549	0.999528	734	1	0.047751	0.09629	0.10885	0.969217	116	1	0.047751
STX7	4	0.68724	0.72769	0.999528	735	1	0.048396	0.042942	0.064637	0.958565	71	1	0.048396
EAF2	4	0.68842	0.7285	0.999528	736	1	0.072603	0.51793	0.51675	0.999874	537	0	0.072603
RPL3L	4	0.69037	0.72962	0.999528	737	1	-0.27902	0.80911	0.81118	0.999874	848	0	-0.27902
HRH1	4	0.69231	0.73093	0.999528	738	1	-0.21942	0.21051	0.21115	0.969217	228	1	-0.21942
MT2A	4	0.69309	0.73146	0.999528	739	1	0.12101	0.078762	0.094172	0.969217	101	1	0.12101
NETO1	4	0.69656	0.73349	0.999528	740	1	0.095919	0.15153	0.15752	0.969217	166	1	0.095919
PTTG1	3	0.69682	0.70115	0.999528	741	1	-0.29528	0.77084	0.77157	0.999874	799	0	-0.29528
SIX6	4	0.69847	0.73473	0.999528	742	1	-0.085652	0.19227	0.19495	0.969217	207	1	-0.085652
EXOC6B	4	0.69924	0.73535	0.999528	743	1	-0.28556	0.6626	0.66174	0.999874	672	0	-0.28556
ERC2	4	0.70604	0.73925	0.999528	744	1	-0.39435	0.27082	0.26961	0.999874	285	0	-0.39435
NBEAL1	4	0.70641	0.73943	0.999528	745	1	-0.471	0.90291	0.90292	0.999874	938	0	-0.471
FBLN1	4	0.70903	0.74109	0.999528	746	1	0.033627	0.49302	0.49216	0.999874	515	0	0.033627
SCN10A	4	0.71051	0.74204	0.999528	747	1	-0.33454	0.50365	0.50251	0.999874	523	0	-0.33454
HMG20B	4	0.71125	0.74249	0.999528	748	1	-0.37234	0.22612	0.22633	0.969217	246	1	-0.37234
RALGPS1	4	0.71821	0.74676	0.999528	749	1	-0.49699	0.82714	0.82912	0.999874	863	0	-0.49699
HACD1	4	0.72075	0.74833	0.999528	750	1	0.075501	0.43667	0.43594	0.999874	444	0	0.075501
MED12L	4	0.72183	0.74908	0.999528	751	1	0.18313	0.020639	0.037991	0.849693	44	2	0.18313
DEGS1	4	0.72254	0.74955	0.999528	752	1	-0.44077	0.76916	0.77	0.999874	796	0	-0.44077
SMARCA1	4	0.72505	0.75122	0.999528	753	1	-0.38325	0.3537	0.35242	0.999874	366	0	-0.38325
NRBP1	4	0.72612	0.75196	0.999528	754	1	-0.0014714	0.31779	0.31628	0.999874	334	0	-0.0014714
FZR1	4	0.72824	0.75332	0.999528	755	1	-0.27534	0.50143	0.50026	0.999874	521	0	-0.27534
MYBPHL	4	0.7286	0.75356	0.999528	756	1	-0.059069	0.56145	0.56159	0.999874	582	0	-0.059069
GRHL3	4	0.72895	0.75376	0.999528	757	1	-0.45397	0.7342	0.73393	0.999874	754	0	-0.45397
NHLRC1	4	0.73141	0.75542	0.999528	758	1	0.30954	0.40488	0.40336	0.999874	416	0	0.30954
AXL	4	0.73246	0.75597	0.999528	759	1	-0.17998	0.68211	0.68114	0.999874	697	0	-0.17998
ZFYVE19	4	0.73281	0.75626	0.999528	760	1	-0.0070643	0.16555	0.17	0.969217	182	1	-0.0070643
SMARCA4	4	0.73316	0.7565	0.999528	761	1	-0.50043	0.41688	0.41549	0.999874	428	0	-0.50043
TMEM9B	4	0.73385	0.75713	0.999528	762	1	0.21501	0.059188	0.077698	0.969217	84	1	0.21501
DST	4	0.73662	0.75906	0.999528	763	1	-0.24167	0.80802	0.81009	0.999874	846	0	-0.24167
ASCL1	4	0.73697	0.75929	0.999528	764	1	-0.1008	0.54034	0.53951	0.999874	558	0	-0.1008
IL10RA	4	0.738	0.76004	0.999528	765	1	-0.29576	0.72039	0.71975	0.999874	739	0	-0.29576
TYROBP	4	0.74006	0.76135	0.999528	766	1	0.18651	0.29784	0.29579	0.999874	310	0	0.18651
GFM1	4	0.74074	0.76176	0.999528	767	1	-0.11712	0.31426	0.31277	0.999874	329	0	-0.11712
RRM2B	8	0.74153	0.86435	0.999528	768	2	-0.47763	0.37422	0.37984	0.999874	387	1	-0.47763
KCNMB3	4	0.74447	0.76423	0.999528	769	1	-0.059945	0.17535	0.1792	0.969217	191	1	-0.059945
ADSSL1	4	0.74548	0.76485	0.999528	770	1	-0.029342	0.25514	0.2542	0.997825	268	1	-0.029342
MORF4L2	4	0.74649	0.76566	0.999528	771	1	-0.29064	0.87892	0.8794	0.999874	912	0	-0.29064
GNB3	4	0.74683	0.76591	0.999528	772	1	0.10753	0.049285	0.069807	0.964014	76	1	0.10753
SPATA16	4	0.7475	0.7664	0.999528	773	1	-0.41354	0.65421	0.65352	0.999874	663	0	-0.41354
HRAS	4	0.74916	0.76768	0.999528	774	1	-0.16641	0.14487	0.15143	0.969217	159	1	-0.16641
TUBB2B	2	0.75023	0.74982	0.999528	775	0	0.15074	0.14347	0.14375	0.969217	157	0	0.15074
SLC22A13	4	0.75148	0.76936	0.999528	776	1	-0.2893	0.31142	0.30971	0.999874	325	0	-0.2893
PACS2	4	0.75346	0.77066	0.999528	777	1	-0.55493	0.40679	0.40527	0.999874	418	0	-0.55493
NR2E1	4	0.7551	0.77186	0.999528	778	1	0.38807	0.17616	0.17994	0.969217	192	1	0.38807
IL6ST	4	0.75575	0.77229	0.999528	779	1	-0.36811	0.72647	0.72617	0.999874	744	0	-0.36811
IDH1	4	0.75608	0.77246	0.999528	780	1	-0.30679	0.55227	0.55153	0.999874	573	0	-0.30679
UNC119	4	0.75673	0.77296	0.999528	781	1	0.18543	0.044758	0.066077	0.958565	73	1	0.18543
TAMM41	4	0.75738	0.77337	0.999528	782	1	-0.11662	0.62541	0.62461	0.999874	636	0	-0.11662
TBC1D4	4	0.75835	0.77411	0.999528	783	1	-0.15635	0.04385	0.065413	0.958565	72	1	-0.15635
BATF3	4	0.76221	0.7772	0.999528	784	1	-0.44447	0.11528	0.12545	0.969217	131	1	-0.44447
KRTAP1-1	4	0.76253	0.77748	0.999528	785	1	0.5324	0.20262	0.20404	0.969217	220	1	0.5324
PSEN1	4	0.76539	0.77946	0.999528	786	1	-0.26482	0.33731	0.33579	0.999874	350	0	-0.26482
LIMK2	4	0.76571	0.77973	0.999528	787	1	-0.16	0.69076	0.68998	0.999874	710	0	-0.16
ARHGEF3	4	0.76602	0.77993	0.999528	788	1	0.16118	0.46069	0.4601	0.999874	476	0	0.16118
MED12	4	0.76665	0.78042	0.999528	789	1	-0.21704	0.23076	0.23064	0.969217	252	1	-0.21704
SEC11A	4	0.76697	0.78064	0.999528	790	1	-0.39107	0.56899	0.56945	0.999874	587	0	-0.39107
PDX1	4	0.7676	0.78124	0.999528	791	1	0.2456	0.007022	0.013954	0.849693	15	1	0.2456
SYK	4	0.76948	0.78264	0.999528	792	1	-0.15001	0.25889	0.25782	0.997825	273	1	-0.15001
LRBA	4	0.77103	0.7837	0.999528	793	1	0.058103	0.1187	0.12841	0.969217	135	1	0.058103
IKBKB	4	0.77166	0.78416	0.999528	794	1	0.23194	0.41876	0.4175	0.999874	429	0	0.23194
FSD1	4	0.77289	0.78527	0.999528	795	1	-0.084783	0.48906	0.488	0.999874	509	0	-0.084783
SLC25A37	4	0.77505	0.78679	0.999528	796	1	-0.010979	0.44396	0.44335	0.999874	453	0	-0.010979
LARP1B	4	0.77658	0.78795	0.999528	797	1	-0.44198	0.44757	0.44701	0.999874	457	0	-0.44198
PXDNL	4	0.77719	0.78848	0.999528	798	1	-0.47908	0.92424	0.92425	0.999874	959	0	-0.47908
TRPC5	4	0.7784	0.78934	0.999528	799	1	-0.37419	0.76253	0.76318	0.999874	787	0	-0.37419
PLCG2	4	0.77931	0.79014	0.999528	800	1	0.077642	0.28916	0.28758	0.999874	300	0	0.077642
COPG2	4	0.78232	0.79234	0.999528	801	1	-0.33089	0.073454	0.089581	0.969217	96	1	-0.33089
SMAP2	4	0.78411	0.79361	0.999528	802	1	0.28277	0.22068	0.2211	0.969217	240	1	0.28277
RSPH1	4	0.785	0.79425	0.999528	803	1	-0.023333	0.52334	0.52258	0.999874	543	0	-0.023333
FOXK1	4	0.78736	0.79584	0.999528	804	1	-0.26018	0.4391	0.43837	0.999874	447	0	-0.26018
PPP3R1	4	0.78765	0.79607	0.999528	805	1	-0.23945	0.67771	0.67679	0.999874	690	0	-0.23945
ARID1B	4	0.78824	0.79658	0.999528	806	1	-0.084955	0.14821	0.15452	0.969217	162	1	-0.084955
DYNLT1	4	0.78882	0.79703	0.999528	807	1	0.15257	0.37442	0.37319	0.999874	388	0	0.15257
SIK2	4	0.7897	0.79785	0.999528	808	1	-0.40384	0.38752	0.386	0.999874	401	0	-0.40384
S100A6	4	0.78999	0.79816	0.999528	809	1	-0.26797	0.020955	0.038515	0.849693	45	1	-0.26797
RPL6	1	0.79172	0.79328	0.999528	810	0	0.2427	0.20828	0.20851	0.969217	226	0	0.2427
KPNA3	4	0.7926	0.80022	0.999528	811	1	-0.26258	0.58523	0.58525	0.999874	603	0	-0.26258
PCDH1	4	0.79433	0.80151	0.999528	812	1	-0.14978	0.3262	0.32466	0.999874	341	0	-0.14978
DGKI	4	0.79519	0.80223	0.999528	813	1	-0.023749	0.26264	0.26147	0.997825	278	1	-0.023749
TAP1	4	0.79547	0.80243	0.999528	814	1	-0.32369	0.54711	0.54626	0.999874	565	0	-0.32369
PIP4P1	4	0.79689	0.80363	0.999528	815	1	-0.41416	0.90143	0.9016	0.999874	936	0	-0.41416
EFNB1	4	0.79718	0.80385	0.999528	816	1	0.73874	0.0016519	0.0049037	0.849693	4	2	0.73874
EPHA2	4	0.79746	0.80414	0.999528	817	1	-0.30515	0.75214	0.75217	0.999874	773	0	-0.30515
ZNF34	4	0.79803	0.80461	0.999528	818	1	-0.3921	0.66797	0.66706	0.999874	680	0	-0.3921
CAB39	4	0.79972	0.80577	0.999528	819	1	-0.19016	0.32341	0.32188	0.999874	338	0	-0.19016
KIAA0319	4	0.80196	0.80755	0.999528	820	1	-0.16179	0.050188	0.070443	0.964014	77	1	-0.16179
PFN1	4	0.80252	0.808	0.999528	821	1	0.056964	0.6374	0.63642	0.999874	646	0	0.056964
SF1	4	0.80335	0.80865	0.999528	822	1	-0.14923	0.6281	0.62734	0.999874	640	0	-0.14923
ANKRD37	4	0.8039	0.80934	0.999528	823	1	-0.25291	0.66961	0.66873	0.999874	682	0	-0.25291
PCGF1	4	0.80528	0.8107	0.999528	824	1	0.15419	0.26189	0.26088	0.997825	277	1	0.15419
EXOC6	4	0.80583	0.81122	0.999528	825	1	-0.40946	0.076996	0.092844	0.969217	100	1	-0.40946
GMPR2	4	0.80638	0.81176	0.999528	826	1	-0.33533	0.57148	0.57168	0.999874	588	0	-0.33533
PXDN	4	0.80747	0.8129	0.999528	827	1	0.024789	0.19467	0.19719	0.969217	211	1	0.024789
NXT2	4	0.80775	0.81319	0.999528	828	1	0.10365	0.66467	0.66376	0.999874	675	0	0.10365
STX4	4	0.80938	0.81476	0.999528	829	1	-0.39781	0.36846	0.36731	0.999874	379	0	-0.39781
FXR2	4	0.80965	0.81501	0.999528	830	1	0.22341	0.01959	0.036018	0.849693	42	2	0.22341
GXYLT1	4	0.81127	0.81635	0.999528	831	1	-0.45897	0.73455	0.7343	0.999874	755	0	-0.45897
RRAGD	4	0.81153	0.81662	0.999528	832	1	0.023778	0.28843	0.28676	0.999874	299	0	0.023778
PSMC3	4	0.81207	0.817	0.999528	833	1	-0.3111	0.71749	0.71675	0.999874	737	0	-0.3111
GSX1	4	0.81234	0.81736	0.999528	834	1	-0.19906	0.57791	0.57792	0.999874	596	0	-0.19906
KLF5	4	0.81261	0.81761	0.999528	835	1	-0.070803	0.78882	0.78968	0.999874	824	0	-0.070803
CDK19	8	0.81423	0.90069	0.999528	836	1	-0.21926	0.73131	0.73017	0.999874	750	0	-0.21926
KAT6B	4	0.81658	0.82101	0.999528	837	1	-0.30033	0.53243	0.53165	0.999874	552	0	-0.30033
WAS	4	0.81711	0.82151	0.999528	838	1	-0.18996	0.46364	0.46321	0.999874	482	0	-0.18996
ZDHHC13	4	0.81763	0.8219	0.999528	839	1	0.17294	0.069014	0.085944	0.969217	92	1	0.17294
RPS15	2	0.81846	0.81787	0.999528	840	0	0.062198	0.31582	0.31465	0.999874	332	0	0.062198
SEPHS2	4	0.82102	0.82475	0.999528	841	1	-0.1812	0.6352	0.63429	0.999874	644	0	-0.1812
SUV39H1	4	0.82307	0.82658	0.999528	842	1	-0.16615	0.75673	0.75686	0.999874	780	0	-0.16615
HEATR5B	4	0.82435	0.82762	0.999528	843	1	-0.35848	0.87737	0.87811	0.999874	910	0	-0.35848
TCF4	4	0.82461	0.82778	0.999528	844	1	-0.14539	0.64953	0.64882	0.999874	658	0	-0.14539
CDK17	4	0.82537	0.82837	0.999528	845	1	-0.11276	0.33662	0.33515	0.999874	349	0	-0.11276
ATP6V1E1	3	0.82629	0.82652	0.999528	846	0	-0.19686	0.48543	0.48371	0.999874	505	0	-0.19686
RCBTB1	4	0.82739	0.83021	0.999528	847	1	0.58613	0.17778	0.18127	0.969217	193	1	0.58613
TMEM30B	4	0.82764	0.83054	0.999528	848	1	0.26082	0.46187	0.46125	0.999874	478	0	0.26082
PGLS	4	0.82814	0.831	0.999528	849	1	0.11609	0.20579	0.20701	0.969217	222	1	0.11609
NBEAL2	4	0.82889	0.8315	0.999528	850	1	0.24208	0.51466	0.51368	0.999874	533	0	0.24208
PRDM13	4	0.82914	0.83169	0.999528	851	1	0.16908	0.33177	0.33028	0.999874	346	0	0.16908
CHMP1A	4	0.82939	0.83195	0.999528	852	1	-0.24628	0.68171	0.68081	0.999874	696	0	-0.24628
GYS1	4	0.82964	0.83231	0.999528	853	1	-0.36043	0.37045	0.36934	0.999874	381	0	-0.36043
CLDN4	4	0.82989	0.83256	0.999528	854	1	-0.52148	0.85253	0.85415	0.999874	882	0	-0.52148
CRYBB2	4	0.83137	0.83388	0.999528	855	1	-0.074225	0.49415	0.49317	0.999874	516	0	-0.074225
UNC45B	4	0.8331	0.83554	0.999528	856	1	-0.31914	0.33385	0.33249	0.999874	348	0	-0.31914
RYBP	3	0.83364	0.83423	0.999528	857	0	-0.20642	0.19943	0.19874	0.969217	215	1	-0.20642
AP1G1	4	0.83383	0.83609	0.999528	858	1	-0.14199	0.64995	0.64928	0.999874	659	0	-0.14199
HTR3D	4	0.83432	0.83654	0.999528	859	1	-0.088554	0.21287	0.21336	0.969217	232	1	-0.088554
ZMIZ2	4	0.83456	0.83668	0.999528	860	1	-0.37441	0.66051	0.65971	0.999874	669	0	-0.37441
OGDHL	4	0.83843	0.84048	0.999528	861	1	-0.33424	0.68409	0.68312	0.999874	701	0	-0.33424
MYCN	4	0.8389	0.84095	0.999528	862	1	-0.024584	0.57198	0.57225	0.999874	589	0	-0.024584
ANKRD10	4	0.83938	0.8413	0.999528	863	1	-0.25172	0.45117	0.45045	0.999874	463	0	-0.25172
TEX45	4	0.83986	0.84187	0.999528	864	1	-0.21571	0.85912	0.86038	0.999874	891	0	-0.21571
DMXL1	4	0.84033	0.84226	0.999528	865	1	-0.1436	0.12126	0.13094	0.969217	137	1	-0.1436
CPS1	4	0.8408	0.84261	0.999528	866	1	-0.47407	0.87423	0.87502	0.999874	905	0	-0.47407
MAT1A	4	0.84128	0.84312	0.999528	867	1	-0.19155	0.12041	0.12995	0.969217	136	1	-0.19155
RANBP6	3	0.84139	0.84202	0.999528	868	0	-0.34183	0.18416	0.18416	0.969217	200	1	-0.34183
YIPF7	4	0.84198	0.84391	0.999528	869	1	-0.24809	0.41562	0.41431	0.999874	426	0	-0.24809
FAM50A	4	0.84362	0.84566	0.999528	870	1	0.22704	0.44516	0.44455	0.999874	454	0	0.22704
ABTB2	4	0.84409	0.84624	0.999528	871	1	-0.15974	0.15319	0.1589	0.969217	168	1	-0.15974
SPTA1	4	0.84548	0.84747	0.999528	872	1	-0.33232	0.88385	0.88412	0.999874	917	0	-0.33232
TOP2B	4	0.84756	0.84957	0.999528	873	1	-0.070739	0.44093	0.4403	0.999874	450	0	-0.070739
PDCD4	4	0.8487	0.85053	0.999528	874	0	0.072237	0.025567	0.046537	0.849693	57	1	0.072237
DZIP3	4	0.85164	0.8532	0.999528	875	0	0.74191	0.017005	0.031652	0.849693	36	2	0.74191
SLCO2B1	4	0.85186	0.85347	0.999528	876	0	-0.23296	0.47008	0.46951	0.999874	489	0	-0.23296
IDH3G	4	0.85208	0.85366	0.999528	877	0	-0.090844	0.76539	0.766	0.999874	792	0	-0.090844
SAP30L	4	0.85387	0.85534	0.999528	878	0	-0.41419	0.73211	0.73166	0.999874	752	0	-0.41419
SUSD1	4	0.85607	0.85759	0.999528	879	0	0.12628	0.30716	0.30519	0.999874	320	0	0.12628
YBX3	4	0.85629	0.85776	0.999528	880	0	-0.52728	0.50642	0.5053	0.999874	527	0	-0.52728
SAR1B	4	0.85717	0.8586	0.999528	881	0	-0.387	0.89061	0.89088	0.999874	926	0	-0.387
IRF6	4	0.85739	0.8588	0.999528	882	0	0.26463	0.25438	0.25334	0.997825	267	1	0.26463
CLASP2	4	0.85934	0.86058	0.999528	883	0	-0.39869	0.80611	0.8078	0.999874	843	0	-0.39869
TANC2	3	0.86302	0.86315	0.999528	884	0	0.087393	0.19456	0.19427	0.969217	210	1	0.087393
MAK	4	0.86381	0.86482	0.999528	885	0	-0.123	0.48736	0.48624	0.999874	506	0	-0.123
ABCG2	4	0.86444	0.86545	0.999528	886	0	-0.18963	0.56044	0.5607	0.999874	581	0	-0.18963
KLF4	4	0.86611	0.86689	0.999528	887	0	0.054252	0.13144	0.13972	0.969217	148	1	0.054252
RRAGC	4	0.86632	0.86708	0.999528	888	0	0.11731	0.2415	0.24119	0.982388	260	1	0.11731
MTMR4	4	0.86652	0.86727	0.999528	889	0	0.11238	0.47415	0.47325	0.999874	497	0	0.11238
ACTL6B	4	0.86838	0.86908	0.999528	890	0	-0.42728	0.87969	0.88003	0.999874	913	0	-0.42728
UBQLN3	4	0.869	0.86959	0.999528	891	0	0.031088	0.65968	0.65903	0.999874	668	0	0.031088
ABCA3	4	0.87062	0.87122	0.999528	892	0	-0.24038	0.41185	0.41048	0.999874	422	0	-0.24038
MYBPH	4	0.87183	0.87245	0.999528	893	0	0.30353	0.22379	0.22396	0.969217	243	1	0.30353
TLN2	4	0.87264	0.87327	0.999528	894	0	-0.22442	0.33108	0.32959	0.999874	345	0	-0.22442
GSTP1	4	0.87304	0.87371	0.999528	895	0	-0.088954	0.71162	0.7109	0.999874	729	0	-0.088954
PCBD2	4	0.87403	0.87485	0.999528	896	0	-0.20124	0.60757	0.6068	0.999874	617	0	-0.20124
LNX1	4	0.87463	0.87538	0.999528	897	0	-0.072435	0.5163	0.5152	0.999874	535	0	-0.072435
FXR1	4	0.87581	0.87661	0.999528	898	0	-0.33466	0.52816	0.52731	0.999874	549	0	-0.33466
RB1	4	0.87698	0.87773	0.999528	899	0	1.3069	9.2327e-06	5.1422e-05	0.042079	1	3	1.3069
TOMM20L	4	0.87757	0.87829	0.999528	900	0	-0.24584	0.73662	0.73617	0.999874	759	0	-0.24584
DGAT1	4	0.87795	0.87866	0.999528	901	0	-0.024794	0.29423	0.29238	0.999874	306	0	-0.024794
BZW1	3	0.88089	0.88119	0.999528	902	0	-0.31196	0.34605	0.34415	0.999874	359	0	-0.31196
RBMXL2	4	0.88103	0.88149	0.999528	903	0	0.12154	0.57987	0.57989	0.999874	599	0	0.12154
FEZ2	4	0.88254	0.88295	0.999528	904	0	-0.19663	0.1565	0.16191	0.969217	172	1	-0.19663
MED23	4	0.88292	0.88335	0.999528	905	0	-0.38316	0.66838	0.66762	0.999874	681	0	-0.38316
HOXB1	4	0.88385	0.88412	0.999528	906	0	0.22794	0.067233	0.084308	0.969217	90	1	0.22794
SNRPN	4	0.88497	0.88498	0.999528	907	0	0.093223	0.22535	0.22551	0.969217	245	1	0.093223
AP2A1	4	0.88681	0.88682	0.999528	908	0	0.05758	0.12381	0.1334	0.969217	140	1	0.05758
VIM	4	0.88736	0.88745	0.999528	909	0	0.83783	0.0025736	0.0064557	0.849693	6	2	0.83783
NCK2	4	0.88791	0.88801	0.999528	910	0	-0.21925	0.070792	0.087356	0.969217	94	1	-0.21925
DUOX1	4	0.88863	0.8886	0.999528	911	0	0.11781	0.3985	0.39688	0.999874	409	0	0.11781
LIMK1	4	0.89025	0.89053	0.999528	912	0	0.14692	0.11614	0.1261	0.969217	132	1	0.14692
QSOX1	4	0.89043	0.89071	0.999528	913	0	-0.11843	0.6761	0.67535	0.999874	689	0	-0.11843
CDNF	4	0.89061	0.89088	0.999528	914	0	-0.3735	0.69924	0.69873	0.999874	717	0	-0.3735
FOSL1	3	0.89211	0.89189	0.999528	915	0	-0.19862	0.78856	0.78947	0.999874	823	0	-0.19862
RAD17	3	0.89243	0.89223	0.999528	916	0	0.21831	0.37634	0.37457	0.999874	390	0	0.21831
MACF1	4	0.89379	0.89412	0.999528	917	0	0.17335	0.1041	0.11606	0.969217	122	1	0.17335
DEGS2	4	0.89414	0.89449	0.999528	918	0	-0.26694	0.58036	0.58037	0.999874	600	0	-0.26694
FLNC	4	0.89431	0.89466	0.999528	919	0	-0.37569	0.01818	0.033616	0.849693	39	1	-0.37569
GSX2	4	0.89553	0.8958	0.999528	920	0	0.15853	0.65123	0.65067	0.999874	660	0	0.15853
CWF19L1	4	0.89604	0.89624	0.999528	921	0	-0.34236	0.6491	0.64841	0.999874	657	0	-0.34236
COPS7A	4	0.89809	0.8984	0.999528	922	0	-0.29391	0.60896	0.6081	0.999874	621	0	-0.29391
PLD1	4	0.89826	0.89855	0.999528	923	0	-0.11261	0.55891	0.55894	0.999874	578	0	-0.11261
FKBP4	4	0.89843	0.89872	0.999528	924	0	-0.29891	0.058291	0.076913	0.969217	83	1	-0.29891
GIT1	4	0.8986	0.89888	0.999528	925	0	0.39432	0.0072302	0.014421	0.849693	17	2	0.39432
SEC23A	4	0.8991	0.89937	0.999528	926	0	-0.021845	0.14738	0.15373	0.969217	161	1	-0.021845
PLEK2	4	0.89994	0.90024	0.999528	927	0	0.0065996	0.31567	0.31412	0.999874	331	0	0.0065996
PPP3CC	4	0.90143	0.9016	0.999528	928	0	0.053693	0.44214	0.44139	0.999874	452	0	0.053693
CNOT6	4	0.9034	0.9034	0.999528	929	0	-0.091702	0.33038	0.32891	0.999874	344	0	-0.091702
PDGFC	4	0.90356	0.90358	0.999528	930	0	-0.12729	0.73593	0.73556	0.999874	757	0	-0.12729
BAP1	4	0.9055	0.90551	0.999528	931	0	-0.131	0.59102	0.59105	0.999874	608	0	-0.131
COX6B2	4	0.90614	0.90602	0.999528	932	0	0.12285	0.10755	0.11907	0.969217	124	1	0.12285
FEZ1	4	0.9063	0.90616	0.999528	933	0	-0.28869	0.68488	0.68395	0.999874	702	0	-0.28869
INTS6L	4	0.90803	0.90813	0.999528	934	0	-0.19633	0.17046	0.17474	0.969217	186	1	-0.19633
ATP5PB	4	0.90866	0.90879	0.999528	935	0	-0.38609	0.35234	0.35107	0.999874	365	0	-0.38609
KIF4A	4	0.90928	0.90928	0.999528	936	0	-0.12682	0.46891	0.46835	0.999874	487	0	-0.12682
MED26	4	0.90959	0.90961	0.999528	937	0	-0.32407	0.87873	0.87928	0.999874	911	0	-0.32407
FLOT1	4	0.91005	0.91011	0.999528	938	0	-0.31627	0.83843	0.84026	0.999874	872	0	-0.31627
CTNNB1	4	0.91067	0.91072	0.999528	939	0	0.27027	0.34212	0.34084	0.999874	354	0	0.27027
DRD3	4	0.91113	0.91128	0.999528	940	0	0.063512	0.28187	0.28033	0.999874	293	0	0.063512
MTA1	4	0.91204	0.91217	0.999528	941	0	-0.22919	0.069903	0.086655	0.969217	93	1	-0.22919
PHLDA2	4	0.91234	0.91247	0.999528	942	0	-0.21246	0.49246	0.49159	0.999874	514	0	-0.21246
TMEM30A	4	0.91295	0.91312	0.999528	943	0	-0.41144	0.74312	0.74262	0.999874	764	0	-0.41144
ARSJ	4	0.9137	0.91371	0.999528	944	0	-0.084566	0.0042177	0.0090736	0.849693	9	1	-0.084566
MDM4	4	0.91503	0.91502	0.999528	945	0	0.031088	0.59913	0.5988	0.999874	614	0	0.031088
EGFR	4	0.91606	0.91595	0.999528	946	0	-0.21964	0.78351	0.78464	0.999874	817	0	-0.21964
APOBEC1	4	0.91679	0.91669	0.999528	947	0	1.2767	1.7145e-05	7.947e-05	0.042079	2	3	1.2767
SNTA1	4	0.91737	0.91723	0.999528	948	0	0.077162	0.53349	0.53265	0.999874	553	0	0.077162
CNOT8	3	0.91836	0.91791	0.999528	949	0	-0.05436	0.2977	0.29605	0.999874	309	0	-0.05436
MAPK8IP3	4	0.92009	0.91998	0.999528	950	0	0.17846	0.0014074	0.0042493	0.849693	3	1	0.17846
GALR3	4	0.92051	0.92046	0.999528	951	0	-0.021553	0.22921	0.22927	0.969217	250	1	-0.021553
ERO1A	4	0.92079	0.9207	0.999528	952	0	0.028463	0.084926	0.099164	0.969217	107	1	0.028463
PACS1	4	0.92135	0.92121	0.999528	953	0	-0.22685	0.54504	0.544	0.999874	562	0	-0.22685
ARHGEF6	4	0.92149	0.9214	0.999528	954	0	-0.058931	0.36912	0.36803	0.999874	380	0	-0.058931
MECP2	4	0.92218	0.92219	0.999528	955	0	0.10969	0.57692	0.57701	0.999874	595	0	0.10969
G3BP2	4	0.9226	0.92268	0.999528	956	0	0.64718	0.12636	0.1355	0.969217	143	1	0.64718
MTA3	4	0.92287	0.92297	0.999528	957	0	0.3466	0.025085	0.045732	0.849693	55	2	0.3466
PDGFD	4	0.92328	0.92326	0.999528	958	0	-0.15578	0.61082	0.61	0.999874	623	0	-0.15578
CBLL2	4	0.92342	0.92339	0.999528	959	0	-0.16572	0.73106	0.73072	0.999874	749	0	-0.16572
MPC1L	4	0.92437	0.92441	0.999528	960	0	-0.063251	0.19547	0.19788	0.969217	212	1	-0.063251
PHLDA3	4	0.92505	0.9251	0.999528	961	0	-0.25813	0.18102	0.18448	0.969217	196	1	-0.25813
FMR1	4	0.92558	0.92573	0.999528	962	0	0.078143	0.28989	0.28827	0.999874	302	0	0.078143
PLD2	4	0.92612	0.92616	0.999528	963	0	-0.1834	0.77688	0.77792	0.999874	804	0	-0.1834
REG3A	4	0.92704	0.92695	0.999528	964	0	0.10922	0.40869	0.40725	0.999874	420	0	0.10922
MYD88	4	0.92848	0.92843	0.999528	965	0	0.096882	0.09542	0.108	0.969217	115	1	0.096882
PPP3CA	4	0.929	0.929	0.999528	966	0	0.25459	0.42063	0.41956	0.999874	430	0	0.25459
XRCC4	4	0.92964	0.92966	0.999528	967	0	-0.11809	0.59533	0.59504	0.999874	612	0	-0.11809
TUBB2A	4	0.93329	0.93336	0.999528	968	0	0.10712	0.16145	0.16638	0.969217	177	1	0.10712
TNPO2	4	0.93354	0.93358	0.999528	969	0	0.057468	0.48963	0.4886	0.999874	510	0	0.057468
SPTLC2	4	0.93366	0.93371	0.999528	970	0	0.31721	0.0088883	0.017198	0.849693	20	1	0.31721
NAT8L	4	0.93439	0.93455	0.999528	971	0	-0.08958	0.19865	0.20057	0.969217	214	1	-0.08958
IQCA1L	4	0.93667	0.93667	0.999528	972	0	0.078554	0.31284	0.31125	0.999874	327	0	0.078554
SNX6	4	0.93785	0.9377	0.999528	973	0	-0.261	0.38231	0.38125	0.999874	395	0	-0.261
LATS2	4	0.93808	0.93796	0.999528	974	0	0.034746	0.34759	0.3464	0.999874	361	0	0.034746
UCHL5	4	0.93855	0.93835	0.999528	975	0	-0.20522	0.68091	0.68001	0.999874	695	0	-0.20522
NCOR2	4	0.94027	0.94014	0.999528	976	0	0.51851	0.0085896	0.016712	0.849693	19	2	0.51851
ACACB	4	0.94184	0.94166	0.999528	977	0	0.064301	0.34554	0.34436	0.999874	358	0	0.064301
ARID1A	4	0.94228	0.94209	0.999528	978	0	0.23808	0.45654	0.45592	0.999874	470	0	0.23808
SATB2	4	0.94305	0.94281	0.999528	979	0	0.3658	0.2042	0.20548	0.969217	221	1	0.3658
YIPF5	4	0.94392	0.9438	0.999528	980	0	-0.14866	0.68881	0.68826	0.999874	709	0	-0.14866
COPS7B	4	0.94414	0.94394	0.999528	981	0	0.36519	0.39657	0.395	0.999874	407	0	0.36519
SERPINA9	4	0.94468	0.9446	0.999528	982	0	0.103	0.64177	0.64083	0.999874	651	0	0.103
IFIH1	4	0.94489	0.94485	0.999528	983	0	0.26345	0.42931	0.42833	0.999874	437	0	0.26345
BTG1	4	0.94532	0.94528	0.999528	984	0	0.069725	0.55535	0.55498	0.999874	576	0	0.069725
AQP8	4	0.94564	0.94564	0.999528	985	0	0.23776	0.46246	0.46199	0.999874	479	0	0.23776
SLC32A1	4	0.94606	0.94594	0.999528	986	0	-0.20354	0.60804	0.60727	0.999874	618	0	-0.20354
TIMP2	4	0.94823	0.94844	0.999528	987	0	0.30905	0.18344	0.18695	0.969217	198	1	0.30905
FZD8	4	0.94854	0.94869	0.999528	988	0	-0.019616	0.21208	0.21268	0.969217	230	1	-0.019616
HMSD	4	0.94934	0.94954	0.999528	989	0	-0.14756	0.64002	0.63895	0.999874	650	0	-0.14756
LIN28A	3	0.94945	0.94908	0.999528	990	0	0.5739	0.080467	0.086421	0.969217	102	1	0.5739
HPS1	4	0.94954	0.94979	0.999528	991	0	0.096937	0.57594	0.57609	0.999874	594	0	0.096937
GPR50	4	0.94974	0.94998	0.999528	992	0	-0.038928	0.14153	0.14887	0.969217	154	1	-0.038928
NMT2	4	0.95034	0.9507	0.999528	993	0	0.25695	0.15815	0.16321	0.969217	174	1	0.25695
MBD4	8	0.95183	0.95941	0.999528	994	1	0.18589	0.79111	0.7905	0.999874	826	0	0.18589
DLL4	4	0.95266	0.95317	0.999528	995	0	0.060781	0.25589	0.25486	0.997825	270	1	0.060781
TSTD1	4	0.95314	0.95373	0.999528	996	0	-0.099283	0.68842	0.68786	0.999874	708	0	-0.099283
CSTF2T	4	0.95389	0.95444	0.999528	997	0	-0.11725	0.011683	0.022443	0.849693	24	1	-0.11725
UBASH3B	4	0.95417	0.95466	0.999528	998	0	0.32341	0.02459	0.04491	0.849693	52	2	0.32341
STAM	4	0.95454	0.95512	0.999528	999	0	-0.22134	0.68685	0.6861	0.999874	705	0	-0.22134
ZNF284	4	0.95519	0.95568	0.999528	1000	0	0.048821	0.46774	0.4673	0.999874	486	0	0.048821
RNF113B	4	0.95546	0.95602	0.999528	1001	0	0.22489	0.21835	0.2187	0.969217	237	1	0.22489
SLC25A25	4	0.9589	0.95929	0.999528	1002	0	0.45704	0.29712	0.29514	0.999874	308	0	0.45704
SATB1	4	0.95984	0.96036	0.999528	1003	0	0.10556	0.47357	0.47275	0.999874	496	0	0.10556
RAP1GAP2	4	0.96009	0.96063	0.999528	1004	0	0.087199	0.47241	0.47167	0.999874	493	0	0.087199
PRG3	4	0.96034	0.96091	0.999528	1005	0	0.19414	0.37376	0.37253	0.999874	386	0	0.19414
CRKL	4	0.96231	0.96269	0.999528	1006	0	0.57714	0.013446	0.025613	0.849693	27	2	0.57714
ENOX1	4	0.96286	0.96327	0.999528	1007	0	0.14268	0.1289	0.13765	0.969217	145	1	0.14268
CAV1	4	0.96294	0.96336	0.999528	1008	0	-0.21561	0.79888	0.80011	0.999874	837	0	-0.21561
GLT6D1	4	0.96396	0.96439	0.999528	1009	0	0.48003	0.21522	0.2156	0.969217	234	1	0.48003
FOXB1	4	0.96489	0.96529	0.999528	1010	0	0.091768	0.59437	0.59413	0.999874	611	0	0.091768
CTCFL	4	0.96527	0.96561	0.999528	1011	0	0.088565	0.40552	0.40402	0.999874	417	0	0.088565
TAF9	4	0.96534	0.9657	0.999528	1012	0	0.11545	0.49076	0.48985	0.999874	511	0	0.11545
LSM4	4	0.96719	0.96752	0.999528	1013	0	0.61676	0.082288	0.096986	0.969217	104	1	0.61676
TCF3	4	0.96762	0.96805	0.999528	1014	0	0.031037	0.35505	0.35359	0.999874	368	0	0.031037
LARP1	4	0.96826	0.96865	0.999528	1015	0	0.11935	0.5031	0.50192	0.999874	522	0	0.11935
ADARB2	4	0.96847	0.9688	0.999528	1016	0	-0.12198	0.45535	0.45481	0.999874	467	0	-0.12198
ERBB3	8	0.96861	0.96974	0.999528	1017	1	0.077976	0.0065524	0.017965	0.849693	14	1	0.077976
CCND3	4	0.96944	0.96963	0.999528	1018	0	-0.083076	0.36178	0.36024	0.999874	376	0	-0.083076
ARPC5L	4	0.96972	0.96988	0.999528	1019	0	0.22647	0.29928	0.2971	0.999874	312	0	0.22647
POU5F2	4	0.97006	0.97023	0.999528	1020	0	-0.076913	0.42436	0.42356	0.999874	433	0	-0.076913
CHM	4	0.97053	0.97069	0.999528	1021	0	0.063931	0.67124	0.67031	0.999874	684	0	0.063931
FOXE3	4	0.97059	0.97074	0.999528	1022	0	0.64906	0.01485	0.028006	0.849693	32	2	0.64906
DDX39A	4	0.97119	0.97136	0.999528	1023	0	0.20689	0.216	0.21638	0.969217	235	1	0.20689
DENND5A	4	0.97125	0.97141	0.999528	1024	0	0.025887	0.6168	0.61561	0.999874	629	0	0.025887
BTBD11	4	0.97216	0.97222	0.999528	1025	0	0.067742	0.6085	0.60765	0.999874	619	0	0.067742
NET1	4	0.97348	0.97356	0.999528	1026	0	0.559	0.007045	0.013982	0.849693	16	2	0.559
FLT1	4	0.97409	0.97422	0.999528	1027	0	0.13159	0.45832	0.45772	0.999874	472	0	0.13159
GABPB1	4	0.97457	0.97473	0.999528	1028	0	0.30148	0.22224	0.22262	0.969217	242	1	0.30148
FCRL3	4	0.97522	0.97529	0.999528	1029	0	0.14092	0.52602	0.52531	0.999874	546	0	0.14092
COX4I2	4	0.97604	0.97611	0.999528	1030	0	0.2646	0.30144	0.29947	0.999874	314	0	0.2646
TP53	4	0.97638	0.97641	0.999528	1031	0	0.41324	0.10669	0.11837	0.969217	123	1	0.41324
SMAP1	4	0.97649	0.97651	0.999528	1032	0	0.2463	0.14987	0.15592	0.969217	164	1	0.2463
SPTLC3	4	0.97671	0.97676	0.999528	1033	0	0.30089	0.039304	0.061673	0.946549	69	1	0.30089
ITGB1BP2	4	0.97851	0.97854	0.999528	1034	0	0.19272	0.32969	0.32824	0.999874	343	0	0.19272
LIM2	4	0.98019	0.9803	0.999528	1035	0	0.22501	0.49864	0.49755	0.999874	518	0	0.22501
SPHKAP	4	0.98083	0.98083	0.999528	1036	0	0.50782	0.013075	0.024855	0.849693	26	2	0.50782
PSMB9	4	0.98169	0.98161	0.999528	1037	0	-0.057467	0.24758	0.24699	0.989856	264	1	-0.057467
KIT	8	0.98525	0.98541	0.999528	1038	0	0.023041	0.77838	0.77806	0.999874	808	0	0.023041
ATM	4	0.98531	0.98564	0.999528	1039	0	0.69115	0.016046	0.029997	0.849693	34	2	0.69115
LMBR1L	4	0.98627	0.98635	0.999528	1040	0	0.21596	0.35573	0.35422	0.999874	369	0	0.21596
MARCKS	4	0.98661	0.98671	0.999528	1041	0	0.41655	0.37244	0.37125	0.999874	383	0	0.41655
SMARCA2	4	0.98768	0.98779	0.999528	1042	0	0.51468	0.11271	0.12343	0.969217	128	1	0.51468
IRF8	4	0.98775	0.98785	0.999528	1043	0	0.19015	0.088434	0.10214	0.969217	110	1	0.19015
ARFIP2	4	0.98792	0.98806	0.999528	1044	0	0.30215	0.022802	0.041852	0.849693	49	1	0.30215
NSG1	4	0.98991	0.98994	0.999528	1045	0	0.41615	0.34963	0.34849	0.999874	363	0	0.41615
TRPC7	4	0.99055	0.99048	0.999528	1046	0	0.4217	0.36044	0.35903	0.999874	374	0	0.4217
FSD1L	4	0.99061	0.99057	0.999528	1047	0	0.15479	0.1306	0.13896	0.969217	147	1	0.15479
NUMB	4	0.99119	0.99115	0.999528	1048	0	0.38552	0.23844	0.23803	0.980102	257	1	0.38552
RCBTB2	4	0.9914	0.99134	0.999528	1049	0	0.43357	0.018855	0.034794	0.849693	40	2	0.43357
ERO1B	4	0.99419	0.99422	0.999528	1050	0	0.20361	0.20183	0.20326	0.969217	219	1	0.20361
GBX1	4	0.99448	0.9945	0.999528	1051	0	0.18444	0.17209	0.17612	0.969217	187	1	0.18444
PAPSS2	4	0.99515	0.9952	0.999528	1052	0	0.51643	0.01498	0.02823	0.849693	33	2	0.51643
RTP1	4	0.9955	0.99559	0.999528	1053	0	0.41724	0.12466	0.13402	0.969217	141	1	0.41724
DLL1	4	0.99672	0.99683	0.999528	1054	0	0.39548	0.061876	0.079848	0.969217	87	1	0.39548
SBNO2	4	0.99682	0.99695	0.999528	1055	0	0.21984	0.31071	0.30891	0.999874	324	0	0.21984
TPBGL	4	0.99795	0.99801	0.999528	1056	0	0.59912	0.026938	0.049042	0.851404	60	2	0.59912
TBC1D9	4	0.99931	0.9994	0.999528	1057	0	0.48165	0.27599	0.27456	0.999874	286	0	0.48165
TGM6	4	0.99935	0.99944	0.999528	1058	0	0.46514	0.15733	0.16243	0.969217	173	1	0.46514
TFDP3	4	0.99949	0.99953	0.999528	1059	0	0.71231	0.017284	0.032017	0.849693	38	2	0.71231
