id	num	neg|score	neg|p-value	neg|fdr	neg|rank	neg|goodsgrna	neg|lfc	pos|score	pos|p-value	pos|fdr	pos|rank	pos|goodsgrna	pos|lfc
MYC	8	1.9797e-10	4.6703e-06	0.000825	1	8	-0.89227	1.0	1.0	0.999995	1060	0	-0.89227
RRM1	8	2.1447e-08	4.6703e-06	0.000825	2	7	-1.3591	1.0	1.0	0.999995	1059	0	-1.3591
RRM2	4	7.1805e-07	4.6703e-06	0.000825	3	2	-1.0115	0.51901	0.75185	0.999995	756	2	-1.0115
CCND1	4	7.9638e-07	4.6703e-06	0.000825	4	4	-1.5174	1.0	1.0	0.999995	1058	0	-1.5174
RPP21	4	1.4917e-06	4.6703e-06	0.000825	5	4	-1.5451	1.0	1.0	0.999995	1057	0	-1.5451
E2F3	3	1.9871e-06	4.6703e-06	0.000825	6	3	-1.4737	1.0	1.0	0.999995	1056	0	-1.4737
COPA	4	3.0729e-06	1.4011e-05	0.00165	7	4	-1.2333	1.0	1.0	0.999995	1055	0	-1.2333
POLR2L	4	5.05e-06	1.4011e-05	0.00165	8	4	-2.2029	0.99999	1.0	0.999995	1054	0	-2.2029
ALDOA	4	5.5547e-06	1.4011e-05	0.00165	9	3	-1.6039	0.99933	0.99943	0.999995	1033	0	-1.6039
SF3B3	4	1.0286e-05	4.2033e-05	0.004455	10	4	-1.087	0.99999	0.99999	0.999995	1053	0	-1.087
BUB3	4	1.5595e-05	6.0714e-05	0.005851	11	4	-1.2531	0.99982	0.99984	0.999995	1042	0	-1.2531
PRPF8	4	3.8513e-05	0.00010742	0.008759	12	4	-1.0315	0.99996	0.99996	0.999995	1052	0	-1.0315
INTS6	3	4.1845e-05	8.8735e-05	0.007838	13	3	-2.0091	0.99996	0.99995	0.999995	1051	0	-2.0091
ATP6V1B2	4	4.7826e-05	0.00013544	0.010255	14	4	-0.70865	0.99995	0.99995	0.999995	1050	0	-0.70865
CHORDC1	3	6.4111e-05	0.00018214	0.012871	15	3	-1.2484	0.99994	0.99992	0.999995	1049	0	-1.2484
TOMM22	4	7.5808e-05	0.00024752	0.016399	16	4	-0.53354	0.99992	0.99992	0.999995	1048	0	-0.53354
PDCD6IP	4	8.3588e-05	0.00028489	0.017764	17	4	-0.85465	0.99992	0.99991	0.999995	1047	0	-0.85465
NAA10	4	9.908e-05	0.00037829	0.022277	18	4	-0.60071	0.9999	0.9999	0.999995	1046	0	-0.60071
NKAP	4	0.00010662	0.00040631	0.022525	19	4	-0.85583	0.99989	0.99989	0.999995	1045	0	-0.85583
SF3A1	4	0.00011413	0.000425	0.022525	20	3	-1.1053	0.60692	0.81562	0.999995	808	1	-1.1053
RPS19	4	0.00012734	0.00054642	0.027581	21	4	-0.77472	0.99987	0.99986	0.999995	1044	0	-0.77472
KIF11	4	0.00014476	0.00062115	0.029928	22	4	-0.99122	0.99986	0.99986	0.999995	1043	0	-0.99122
RNF113A	4	0.00019374	0.00089202	0.03981	23	3	-1.077	0.3546	0.60346	0.983263	650	1	-1.077
SMC1A	4	0.00021267	0.00090136	0.03981	24	4	-0.41962	0.99979	0.9998	0.999995	1041	0	-0.41962
HSCB	4	0.00024033	0.0010041	0.041318	25	3	-1.1773	0.97576	0.97856	0.999995	971	1	-1.1773
HUS1	4	0.00030824	0.001247	0.048955	26	3	-0.87019	0.98545	0.98589	0.999995	987	1	-0.87019
DHX9	3	0.00033643	0.0010135	0.041318	27	3	-0.76256	0.99966	0.9997	0.999995	1038	0	-0.76256
RPL3	7	0.00041156	0.0020035	0.073233	28	4	-0.72435	0.28164	0.6142	0.992461	593	3	-0.72435
SBNO1	4	0.00043512	0.0016112	0.060997	29	3	-1.1467	0.99814	0.99822	0.999995	1021	0	-1.1467
NAE1	8	0.00055668	0.0024893	0.082457	30	5	-0.36468	0.79933	0.95468	0.999995	878	1	-0.36468
SMARCA4	4	0.00061518	0.0021437	0.075743	31	3	-0.95585	0.29695	0.54675	0.951657	609	1	-0.95585
SIN3A	4	0.00081022	0.0027228	0.087459	32	3	-0.79017	0.99775	0.99778	0.999995	1018	0	-0.79017
DYNLRB1	3	0.0008616	0.0024799	0.082457	33	3	-0.55238	0.99914	0.99913	0.999995	1030	0	-0.55238
SF3B1	4	0.00091629	0.0031057	0.096826	34	3	-0.76886	0.77048	0.88984	0.999995	863	1	-0.76886
ASF1B	8	0.0010381	0.0043854	0.125636	35	5	-0.31781	0.90465	0.98333	0.999995	930	1	-0.31781
SNRPD3	4	0.0010862	0.0035914	0.108769	36	3	-0.90773	0.37754	0.62526	0.996321	663	1	-0.90773
AKIRIN2	4	0.0011902	0.0038997	0.114824	37	3	-0.6736	0.99886	0.99901	0.999995	1027	0	-0.6736
TOP1	4	0.001598	0.0050299	0.13671	38	3	-0.63795	0.99899	0.99914	0.999995	1029	0	-0.63795
RPL13	3	0.0016045	0.0045535	0.127019	39	3	-0.5547	0.9984	0.99826	0.999995	1023	0	-0.5547
FANCM	4	0.0022209	0.0065711	0.174134	40	2	-0.6069	0.97842	0.98011	0.999995	973	1	-0.6069
SFPQ	4	0.0023048	0.006842	0.17689	41	1	0.1196	0.98197	0.98297	0.999995	981	1	0.1196
ZNF407	4	0.0024331	0.0071315	0.179986	42	3	-0.89239	0.9997	0.99973	0.999995	1040	0	-0.89239
KAT6A	4	0.0026654	0.0077573	0.191227	43	3	-0.47655	0.99463	0.99489	0.999995	1006	0	-0.47655
MTG2	4	0.0027881	0.0080469	0.193857	44	3	-0.65631	0.9995	0.99951	0.999995	1034	0	-0.65631
PPP2CA	8	0.0031705	0.011419	0.224147	45	4	-0.32732	0.58819	0.86802	0.999995	802	2	-0.32732
MRPL38	4	0.0032232	0.0091491	0.209158	46	3	-0.44604	0.67365	0.84415	0.999995	832	1	-0.44604
ASF1A	4	0.0032256	0.0091584	0.209158	47	2	-0.32312	0.93944	0.96241	0.999995	950	1	-0.32312
MED13	4	0.003292	0.0093359	0.209158	48	3	-0.51474	0.99365	0.99398	0.999995	1003	0	-0.51474
SF3B5	4	0.0034394	0.0097469	0.209158	49	3	-0.7949	0.92852	0.95921	0.999995	942	1	-0.7949
TRAPPC3	4	0.0035525	0.0099897	0.209158	50	3	-0.44902	0.68544	0.84929	0.999995	838	1	-0.44902
GAPDH	4	0.0036012	0.01012	0.209158	51	3	-0.6016	0.99721	0.9972	0.999995	1014	0	-0.6016
ABT1	4	0.0038005	0.010522	0.210443	52	3	-0.69847	0.95842	0.96943	0.999995	954	1	-0.69847
MED12	4	0.004466	0.012297	0.236994	53	2	-0.48159	0.98983	0.99035	0.999995	995	0	-0.48159
CDIPT	4	0.004539	0.012521	0.237005	54	3	-0.56626	0.0050653	0.018004	0.730764	24	1	-0.56626
TUFM	3	0.0046243	0.0099337	0.209158	55	2	-0.82222	0.67531	0.81331	0.999995	834	1	-0.82222
NAA15	4	0.0046399	0.012801	0.23788	56	3	-0.50455	0.98033	0.98158	0.999995	978	1	-0.50455
RB1	4	0.004727	0.013016	0.23788	57	3	-0.33258	0.28123	0.53035	0.945685	591	1	-0.33258
RPL14	3	0.0047843	0.010261	0.209158	58	2	-1.2202	0.89754	0.91664	0.999995	924	1	-1.2202
TIMM10	4	0.0048367	0.013278	0.238547	59	2	-0.68374	0.99954	0.99956	0.999995	1035	0	-0.68374
NCBP2	4	0.0050653	0.013931	0.244146	60	1	0.46092	0.34952	0.59874	0.983263	644	3	0.46092
VMP1	4	0.0051779	0.01424	0.244146	61	3	-0.54977	0.97888	0.98046	0.999995	975	1	-0.54977
RPL10A	4	0.0052089	0.014324	0.244146	62	3	-0.70799	0.9903	0.99084	0.999995	998	0	-0.70799
CDK2	4	0.0053027	0.014511	0.244146	63	3	-0.93673	0.93876	0.96211	0.999995	949	1	-0.93673
POLR2B	4	0.0054613	0.014847	0.2459	64	3	-0.41306	0.14747	0.35439	0.862374	434	1	-0.41306
KIF4A	4	0.0059895	0.016341	0.257644	65	3	-0.42274	0.98995	0.99046	0.999995	996	0	-0.42274
RPL19	4	0.0060336	0.016481	0.257644	66	2	-0.36959	0.50752	0.74206	0.999995	746	2	-0.36959
CLTC	4	0.0060577	0.016528	0.257644	67	3	-0.35559	0.99967	0.99971	0.999995	1039	0	-0.35559
PAF1	4	0.0063004	0.017051	0.260982	68	3	-0.34409	0.99918	0.9993	0.999995	1031	0	-0.34409
SF1	4	0.0064419	0.017378	0.260982	69	3	-0.39651	0.74401	0.87672	0.999995	855	1	-0.39651
RPRD1B	4	0.0064776	0.017481	0.260982	70	3	-0.35318	0.99897	0.99913	0.999995	1028	0	-0.35318
ELL	4	0.0065854	0.017789	0.261895	71	3	-0.40394	0.97994	0.9812	0.999995	977	1	-0.40394
RPS5	4	0.0067234	0.018228	0.262572	72	2	-0.52246	0.66112	0.83864	0.999995	828	1	-0.52246
FAM50A	4	0.0068121	0.018406	0.262572	73	2	-0.65624	0.88894	0.9499	0.999995	921	1	-0.65624
RPL8	4	0.0069157	0.018658	0.262572	74	3	-0.48845	0.7014	0.85686	0.999995	844	1	-0.48845
MED18	8	0.0070445	0.022926	0.300024	75	3	-0.03048	0.63392	0.89178	0.999995	819	2	-0.03048
PPP4C	4	0.0076354	0.019844	0.273177	76	2	-0.50639	0.99396	0.99428	0.999995	1005	0	-0.50639
RPS3	3	0.0081115	0.016042	0.257644	77	2	-0.89473	0.65017	0.79411	0.999995	824	1	-0.89473
RFC2	4	0.0082089	0.020871	0.283638	78	2	-0.38012	0.20645	0.45001	0.885011	532	2	-0.38012
G3BP2	4	0.008503	0.021348	0.286439	79	2	-0.80776	0.97944	0.98084	0.999995	976	1	-0.80776
COPZ1	4	0.0087371	0.021647	0.286819	80	1	0.56819	0.20721	0.45079	0.885011	533	3	0.56819
RBBP4	3	0.0097071	0.018826	0.262572	81	2	-0.83913	0.89799	0.91685	0.999995	925	1	-0.83913
EIF3J	4	0.01037	0.024542	0.313432	82	2	-0.51112	0.758	0.88372	0.999995	860	1	-0.51112
CCT6A	3	0.012957	0.024449	0.313432	83	2	-0.58008	0.92284	0.93111	0.999995	937	1	-0.58008
CLNS1A	3	0.013434	0.025234	0.318423	84	1	0.010417	0.97881	0.97853	0.999995	974	0	0.010417
TOMM40	7	0.013862	0.036806	0.420366	85	2	0.16633	0.60703	0.87161	0.999995	809	3	0.16633
ILF3	4	0.014238	0.030866	0.378571	86	2	-0.41258	0.8549	0.93293	0.999995	900	1	-0.41258
ACTL6A	4	0.014364	0.031071	0.378571	87	2	-0.3233	0.78159	0.89529	0.999995	867	2	-0.3233
TCERG1	4	0.015261	0.032444	0.390808	88	2	-0.30003	0.93575	0.96126	0.999995	947	1	-0.30003
RPS8	3	0.015876	0.029362	0.366162	89	2	-0.57544	0.93118	0.93635	0.999995	945	1	-0.57544
STT3B	4	0.017267	0.035415	0.419922	90	2	-0.3937	0.99877	0.99892	0.999995	1025	0	-0.3937
RPL36	4	0.017405	0.035676	0.419922	91	2	-0.47289	0.99305	0.9933	0.999995	1002	0	-0.47289
ATP6V1C1	4	0.017682	0.03605	0.419922	92	2	-0.52111	0.99778	0.99784	0.999995	1020	0	-0.52111
INTS2	4	0.018782	0.037862	0.425482	93	2	-0.20225	0.77526	0.89247	0.999995	865	2	-0.20225
RPS11	3	0.020128	0.036881	0.420366	94	2	-0.55513	0.99778	0.99772	0.999995	1019	0	-0.55513
RPL11	3	0.020882	0.038133	0.425482	95	2	-0.46327	0.97167	0.97125	0.999995	969	0	-0.46327
TOP2A	4	0.022694	0.044382	0.465106	96	2	-0.47822	0.99962	0.99964	0.999995	1037	0	-0.47822
PKM	3	0.022768	0.041169	0.449883	97	2	-0.578	0.5383	0.7101	0.999995	773	1	-0.578
CDS2	4	0.02285	0.044634	0.465106	98	2	-0.4008	0.24454	0.49212	0.924909	561	1	-0.4008
RBM22	4	0.023006	0.044839	0.465106	99	2	-0.24666	0.98771	0.98824	0.999995	992	0	-0.24666
PFN1	4	0.023163	0.045194	0.465106	100	2	0.072345	0.093837	0.24681	0.844636	306	2	0.072345
PSMB3	3	0.024029	0.04327	0.465106	101	2	-0.63622	0.99686	0.99675	0.999995	1013	0	-0.63622
SF3B2	4	0.025575	0.049033	0.498085	102	2	-0.26743	0.96643	0.97329	0.999995	964	1	-0.26743
LONP1	4	0.025904	0.049612	0.498085	103	2	-0.3888	0.64273	0.83066	0.999995	823	1	-0.3888
PMPCB	4	0.026039	0.049809	0.498085	104	1	0.20106	0.5968	0.81139	0.999995	804	2	0.20106
RPL18A	2	0.027263	0.038983	0.430435	105	1	-1.1026	0.96409	0.9639	0.999995	961	0	-1.1026
EIF3B	4	0.027847	0.052826	0.523318	106	1	0.11589	0.79792	0.90339	0.999995	876	2	0.11589
XAB2	4	0.028955	0.054572	0.535616	107	2	-0.48373	0.96429	0.9722	0.999995	962	1	-0.48373
SOD1	4	0.030359	0.056702	0.551412	108	2	-0.11607	0.87302	0.9425	0.999995	912	2	-0.11607
EIF4A3	4	0.031431	0.058252	0.561341	109	2	-0.39024	0.79736	0.90308	0.999995	875	1	-0.39024
TRRAP	4	0.031792	0.058972	0.563152	110	2	-0.43253	0.96067	0.9704	0.999995	957	1	-0.43253
MAT2A	4	0.03252	0.06012	0.563966	111	2	-0.18561	0.98346	0.9841	0.999995	984	1	-0.18561
MED20	4	0.032887	0.060653	0.563966	112	2	-0.31154	0.99743	0.99746	0.999995	1016	0	-0.31154
CDK7	4	0.033256	0.061241	0.564486	113	2	-0.23602	0.95985	0.97002	0.999995	956	1	-0.23602
RPL37A	2	0.033623	0.04483	0.465106	114	1	-0.72897	0.85275	0.85324	0.999995	899	1	-0.72897
FZR1	4	0.033811	0.062129	0.567728	115	2	-0.28869	0.99931	0.99943	0.999995	1032	0	-0.28869
IPO7	3	0.034545	0.060616	0.563966	116	2	-0.36362	0.94257	0.94457	0.999995	951	1	-0.36362
DDX5	4	0.03723	0.067266	0.609288	117	2	-0.25331	0.86297	0.93692	0.999995	906	1	-0.25331
PDS5A	4	0.037619	0.067826	0.609288	118	2	-0.1575	0.30752	0.55726	0.960485	615	1	-0.1575
HNRNPK	4	0.041602	0.074309	0.659807	119	2	-0.0062283	0.46035	0.70122	0.999995	717	2	-0.0062283
ATP7A	4	0.042215	0.075318	0.659807	120	2	-0.10888	0.85156	0.93131	0.999995	896	2	-0.10888
SNRPD2	3	0.043304	0.075131	0.659807	121	1	0.15863	0.88029	0.90828	0.999995	914	1	0.15863
THRAP3	4	0.043451	0.077148	0.668596	122	2	-0.36296	0.99956	0.99958	0.999995	1036	0	-0.36296
SNAPC4	4	0.043866	0.077924	0.668596	123	2	-0.13764	0.83389	0.92189	0.999995	889	1	-0.13764
AHCYL1	4	0.044075	0.078213	0.668596	124	2	-0.2829	0.49658	0.73229	0.999995	740	1	-0.2829
UNC119	4	0.044912	0.079343	0.672832	125	2	-0.040668	0.5234	0.75546	0.999995	761	2	-0.040668
PFAS	4	0.046394	0.081697	0.679599	126	2	-0.021368	0.59252	0.80959	0.999995	803	2	-0.021368
SNRPB	4	0.046608	0.081996	0.679599	127	2	-0.2186	0.27907	0.52828	0.945685	588	1	-0.2186
VCP	4	0.04668	0.082118	0.679599	128	2	-0.058984	0.86235	0.93665	0.999995	904	1	-0.058984
RAN	4	0.047036	0.082706	0.679599	129	2	-0.31189	0.88352	0.94816	0.999995	916	1	-0.31189
LDB1	8	0.047081	0.10847	0.796962	130	3	0.13865	0.94508	0.98994	0.999995	952	3	0.13865
CKAP5	8	0.047855	0.11007	0.796962	131	3	0.12873	0.89308	0.98044	0.999995	923	4	0.12873
PRPF38A	4	0.048982	0.085826	0.697717	132	2	-0.20353	0.059963	0.16846	0.811612	216	1	-0.20353
WASL	4	0.049201	0.086227	0.697717	133	2	-0.082324	0.66723	0.84145	0.999995	831	1	-0.082324
WDR12	4	0.051184	0.089058	0.715159	134	2	-0.12217	0.91647	0.95634	0.999995	934	1	-0.12217
MANF	4	0.052749	0.091626	0.730254	135	2	-0.053186	0.81746	0.91354	0.999995	884	2	-0.053186
KIF20A	8	0.052919	0.12047	0.825812	136	3	0.047898	0.096551	0.32205	0.858214	311	3	0.047898
BRSK1	4	0.054791	0.095017	0.745304	137	2	0.30514	0.032887	0.10019	0.811612	127	2	0.30514
CAND1	4	0.055249	0.095624	0.745304	138	2	-0.24532	0.98224	0.98319	0.999995	982	1	-0.24532
CCNL1	4	0.056169	0.096922	0.74991	139	2	-0.11527	0.9861	0.98646	0.999995	989	1	-0.11527
RIC8A	4	0.057097	0.09837	0.752582	140	2	-0.21422	0.99752	0.99756	0.999995	1017	0	-0.21422
NUTF2	4	0.060844	0.10461	0.791833	141	1	0.045419	0.91818	0.95677	0.999995	935	1	0.045419
MED13L	4	0.061346	0.10533	0.791833	142	2	-0.17972	0.99617	0.99628	0.999995	1009	0	-0.17972
SAFB2	4	0.063517	0.1089	0.796962	143	2	-0.28439	0.99867	0.99879	0.999995	1024	0	-0.28439
ATR	4	0.06376	0.10932	0.796962	144	2	-0.050165	0.75124	0.88066	0.999995	858	2	-0.050165
SEPHS2	4	0.064247	0.11015	0.796962	145	2	-0.22876	0.9901	0.99061	0.999995	997	0	-0.22876
GTF3C1	4	0.064492	0.11052	0.796962	146	2	-0.24843	0.99878	0.99893	0.999995	1026	0	-0.24843
XRCC6	4	0.065238	0.11163	0.799538	147	1	0.058319	0.9938	0.99412	0.999995	1004	0	0.058319
XPO7	4	0.065965	0.11266	0.801482	148	2	-0.019457	0.56503	0.79024	0.999995	789	2	-0.019457
AFG3L2	3	0.066629	0.094372	0.745304	149	1	0.02505	0.98605	0.986	0.999995	988	0	0.02505
MTHFD1	4	0.067204	0.11461	0.807849	150	2	-0.11365	0.98498	0.98541	0.999995	986	1	-0.11365
CNOT7	4	0.067951	0.11585	0.807875	151	2	0.029875	0.79507	0.90198	0.999995	872	2	0.029875
BUB1B	4	0.069204	0.11784	0.816379	152	2	0.087621	0.70155	0.85692	0.999995	845	2	0.087621
GFM1	4	0.071228	0.12101	0.825812	153	2	-0.11356	0.18213	0.41734	0.885011	492	1	-0.11356
HMGCS1	3	0.071907	0.098688	0.752582	154	1	-0.28072	0.99276	0.99273	0.999995	1001	0	-0.28072
CTR9	4	0.075085	0.12674	0.855679	155	2	-0.22152	0.99659	0.99661	0.999995	1011	0	-0.22152
ARID1A	4	0.076651	0.12933	0.867684	156	2	-0.094891	0.8064	0.90759	0.999995	881	1	-0.094891
PRKDC	8	0.080449	0.16295	0.999995	157	2	0.039153	0.74933	0.94161	0.999995	857	2	0.039153
ACTL6B	4	0.096419	0.14419	0.955291	158	1	0.39446	0.19475	0.43754	0.885011	515	3	0.39446
RNF40	4	0.098128	0.14544	0.957536	159	1	-0.12975	0.98794	0.98845	0.999995	993	0	-0.12975
RPL17	3	0.098642	0.12153	0.825812	160	1	0.15142	0.5354	0.70797	0.999995	771	1	0.15142
SAMD9	4	0.099835	0.14682	0.960671	161	1	0.30225	0.4551	0.69634	0.999995	713	2	0.30225
UTP14C	4	0.10239	0.14889	0.968262	162	1	0.7335	0.025134	0.07826	0.811612	100	3	0.7335
TBP	4	0.10833	0.15347	0.99194	163	1	0.15181	0.98747	0.988	0.999995	991	0	0.15181
RPS15	2	0.11049	0.11508	0.807849	164	1	-0.3593	0.92318	0.92302	0.999995	939	0	-0.3593
ADSS	3	0.11724	0.13663	0.91086	165	1	0.60533	0.3452	0.56374	0.965363	640	2	0.60533
TSG101	4	0.12681	0.16708	0.999995	166	1	-0.25722	0.99732	0.99736	0.999995	1015	0	-0.25722
ZMAT2	4	0.13346	0.17192	0.999995	167	1	0.58568	0.17885	0.41168	0.885011	486	3	0.58568
UTP14A	4	0.14007	0.17667	0.999995	168	1	0.0011364	0.53409	0.76398	0.999995	769	2	0.0011364
TACC3	4	0.14254	0.17873	0.999995	169	1	0.069641	0.97011	0.97522	0.999995	967	1	0.069641
LSM4	4	0.14501	0.18015	0.999995	170	1	0.39309	0.18054	0.41444	0.885011	490	2	0.39309
PSMC3	4	0.14665	0.18144	0.999995	171	1	0.16398	0.71243	0.86164	0.999995	849	2	0.16398
TAMM41	4	0.15887	0.19049	0.999995	172	1	-0.047201	0.45158	0.69346	0.999995	709	1	-0.047201
FANCF	4	0.16291	0.19369	0.999995	173	1	0.069624	0.85007	0.93064	0.999995	893	2	0.069624
HNRNPH1	4	0.16453	0.19486	0.999995	174	1	0.43302	0.35295	0.60203	0.983263	648	3	0.43302
PTTG1	3	0.16537	0.17658	0.999995	175	1	0.0572	0.96073	0.96024	0.999995	958	1	0.0572
SPTLC2	4	0.16614	0.19618	0.999995	176	1	0.48578	0.24079	0.48824	0.920889	559	3	0.48578
RPS23	2	0.16953	0.17057	0.999995	177	1	-0.46035	0.9837	0.98334	0.999995	985	0	-0.46035
POLR2A	4	0.17096	0.20001	0.999995	178	1	0.0047239	0.99639	0.99643	0.999995	1010	0	0.0047239
DDX39B	4	0.17256	0.20144	0.999995	179	1	0.35494	0.38319	0.63053	0.998001	666	3	0.35494
TNPO1	3	0.17393	0.18361	0.999995	180	1	-0.17907	0.95144	0.95194	0.999995	953	1	-0.17907
ATP6V1D	4	0.17735	0.20488	0.999995	181	1	0.10073	0.77594	0.89273	0.999995	866	1	0.10073
DGKZ	3	0.1788	0.18784	0.999995	182	1	-0.27772	0.89875	0.91727	0.999995	926	1	-0.27772
SKA1	4	0.17895	0.20627	0.999995	183	1	0.13523	0.13512	0.33071	0.860236	408	2	0.13523
MRPL27	4	0.18292	0.20977	0.999995	184	1	0.37322	0.3975	0.64377	0.999995	675	3	0.37322
DDI2	4	0.18371	0.21045	0.999995	185	1	0.27055	0.07049	0.19331	0.816358	249	2	0.27055
CPSF3	4	0.18846	0.21433	0.999995	186	1	-0.18626	0.99512	0.9953	0.999995	1007	0	-0.18626
GPSM1	4	0.18925	0.21508	0.999995	187	1	0.53863	0.12013	0.30044	0.858214	372	3	0.53863
NXT1	4	0.19239	0.2174	0.999995	188	1	-0.060651	0.99668	0.99667	0.999995	1012	0	-0.060651
INCENP	4	0.19632	0.2203	0.999995	189	1	0.32295	0.3115	0.56094	0.965258	616	2	0.32295
PTPN11	4	0.19866	0.22211	0.999995	190	1	0.34502	0.57105	0.79491	0.999995	793	2	0.34502
TUBB2A	4	0.20256	0.22491	0.999995	191	1	0.31509	0.42342	0.66808	0.999995	692	3	0.31509
EPC2	4	0.20412	0.22615	0.999995	192	1	0.21109	0.67524	0.84487	0.999995	833	2	0.21109
RIMKLB	3	0.20936	0.2143	0.999995	193	1	0.31877	0.05268	0.12531	0.811612	190	2	0.31877
RPL31	2	0.21636	0.21601	0.999995	194	1	-0.33857	0.98225	0.98191	0.999995	983	0	-0.33857
GDI2	8	0.21686	0.32535	0.999995	195	2	0.099137	0.11059	0.35391	0.862374	350	2	0.099137
TUBB	3	0.21879	0.22316	0.999995	196	1	-0.30698	0.20758	0.40271	0.885011	535	1	-0.30698
RPA3	4	0.22032	0.23938	0.999995	197	1	-0.13642	0.28555	0.53487	0.945685	600	1	-0.13642
HMSD	4	0.22719	0.2452	0.999995	198	1	0.59675	0.1337	0.3279	0.858448	405	3	0.59675
MED31	4	0.23174	0.24865	0.999995	199	1	0.3212	0.5148	0.74815	0.999995	753	3	0.3212
TAP1	4	0.2325	0.24929	0.999995	200	1	0.49366	0.031456	0.09611	0.811612	123	3	0.49366
COPG1	4	0.23778	0.25365	0.999995	201	1	0.5547	0.10131	0.26251	0.844636	329	3	0.5547
NSG2	4	0.24004	0.2555	0.999995	202	1	0.66461	0.068451	0.18864	0.816358	244	3	0.66461
RCBTB1	4	0.24379	0.25854	0.999995	203	1	0.6141	0.19531	0.43813	0.885011	516	3	0.6141
L3MBTL2	4	0.24603	0.26024	0.999995	204	1	0.24173	0.80602	0.9074	0.999995	880	2	0.24173
TAF1	4	0.24752	0.26169	0.999995	205	1	0.68774	0.011941	0.039693	0.730764	53	3	0.68774
MEP1B	4	0.24901	0.26279	0.999995	206	1	0.20561	0.68583	0.84945	0.999995	839	1	0.20561
FDPS	4	0.25124	0.26449	0.999995	207	1	0.012703	0.30401	0.55358	0.955695	614	1	0.012703
NHLRC1	4	0.25199	0.2651	0.999995	208	1	0.44226	0.13263	0.32576	0.858448	402	3	0.44226
ACACA	4	0.25569	0.26828	0.999995	209	1	0.10119	0.20723	0.45081	0.885011	534	1	0.10119
SHMT2	4	0.25643	0.26883	0.999995	210	1	0.28786	0.53429	0.76416	0.999995	770	3	0.28786
RPL21	2	0.25746	0.25705	0.999995	211	0	0.35467	0.27524	0.41512	0.885011	582	1	0.35467
MED23	4	0.25864	0.27058	0.999995	212	1	-0.26334	0.96519	0.97268	0.999995	963	1	-0.26334
RHBDF1	4	0.26452	0.27551	0.999995	213	1	0.08647	0.99052	0.99102	0.999995	999	0	0.08647
CHRNB3	4	0.27255	0.28244	0.999995	214	1	0.54144	0.029653	0.091187	0.811612	116	3	0.54144
MRPL41	4	0.27473	0.28433	0.999995	215	1	-0.20748	0.92928	0.95942	0.999995	943	1	-0.20748
ISCA2	4	0.27545	0.28489	0.999995	216	1	0.34197	0.51844	0.75132	0.999995	755	3	0.34197
SPAG9	4	0.2769	0.28628	0.999995	217	1	0.11444	0.33783	0.58734	0.979957	634	1	0.11444
NCOR2	4	0.27907	0.28796	0.999995	218	1	0.39783	0.24752	0.49551	0.926354	564	2	0.39783
SNX2	4	0.28195	0.29054	0.999995	219	1	0.48194	0.199	0.44208	0.885011	522	3	0.48194
PDS5B	4	0.28267	0.29108	0.999995	220	1	0.18645	0.88443	0.94868	0.999995	919	2	0.18645
DHX29	3	0.28326	0.28235	0.999995	221	1	0.61701	0.18898	0.37485	0.871727	509	2	0.61701
TOB1	4	0.28411	0.29241	0.999995	222	1	-0.089414	0.65783	0.83718	0.999995	826	1	-0.089414
CDK8	4	0.28555	0.29369	0.999995	223	1	0.23765	0.44805	0.69034	0.999995	705	2	0.23765
BICD1	4	0.28769	0.29546	0.999995	224	1	0.12982	0.85252	0.93177	0.999995	898	2	0.12982
SOX9	4	0.28841	0.2961	0.999995	225	1	0.22839	0.70595	0.85897	0.999995	847	2	0.22839
ATP6V1B1	4	0.29055	0.29807	0.999995	226	1	0.16582	0.7982	0.90351	0.999995	877	2	0.16582
CAP2	4	0.29126	0.29868	0.999995	227	1	0.095852	0.13014	0.32051	0.858214	397	1	0.095852
TPST2	4	0.29198	0.29925	0.999995	228	1	0.48907	0.25735	0.50544	0.933332	572	3	0.48907
ULK1	4	0.29269	0.29992	0.999995	229	1	0.15723	0.73253	0.87103	0.999995	852	2	0.15723
GCM2	4	0.29624	0.30287	0.999995	230	1	0.18512	0.96821	0.97421	0.999995	966	1	0.18512
RSBN1L	4	0.29766	0.30395	0.999995	231	1	-0.1222	0.9036	0.9531	0.999995	929	1	-0.1222
GPR151	4	0.29907	0.30514	0.999995	232	1	0.39192	0.2049	0.44835	0.885011	527	3	0.39192
CRK	4	0.30048	0.3065	0.999995	233	1	0.061075	0.90216	0.95274	0.999995	928	1	0.061075
YIF1A	4	0.3033	0.30907	0.999995	234	1	-0.021212	0.92541	0.95848	0.999995	940	1	-0.021212
MDM4	4	0.30822	0.31323	0.999995	235	1	-0.049198	0.97292	0.97681	0.999995	970	1	-0.049198
HNRNPF	4	0.31449	0.31916	0.999995	236	1	0.55356	0.18489	0.42212	0.885011	496	3	0.55356
CDK5R1	4	0.31866	0.32284	0.999995	237	1	0.41886	0.33425	0.58342	0.978514	631	3	0.41886
TIMM23	4	0.31935	0.3235	0.999995	238	1	0.44563	0.36943	0.61803	0.993257	656	3	0.44563
ZNF804B	4	0.3228	0.32667	0.999995	239	1	0.52143	0.11256	0.28583	0.852633	354	3	0.52143
CCNT1	4	0.32349	0.32728	0.999995	240	1	0.38907	0.082659	0.22142	0.83623	278	2	0.38907
TMEM120A	4	0.32692	0.33068	0.999995	241	1	0.29717	0.48937	0.72606	0.999995	738	2	0.29717
AKIRIN1	4	0.33171	0.33485	0.999995	242	1	-0.2631	0.84167	0.92606	0.999995	891	1	-0.2631
MTMR3	4	0.33307	0.33614	0.999995	243	1	0.25481	0.79706	0.90297	0.999995	874	2	0.25481
FRS2	4	0.33511	0.33808	0.999995	244	1	0.32216	0.50509	0.73989	0.999995	745	3	0.32216
HRAS	4	0.33647	0.33919	0.999995	245	1	0.44309	0.20607	0.44958	0.885011	531	3	0.44309
CCND3	4	0.3385	0.34118	0.999995	246	1	-0.012747	0.9885	0.98902	0.999995	994	0	-0.012747
ATP5F1B	4	0.33918	0.34185	0.999995	247	1	0.24201	0.68507	0.84912	0.999995	837	2	0.24201
PPP2R1A	4	0.34188	0.3442	0.999995	248	1	0.17814	0.60554	0.81513	0.999995	806	1	0.17814
ADAP1	4	0.3439	0.34607	0.999995	249	1	0.074785	0.18925	0.42991	0.885011	510	1	0.074785
FUT5	4	0.34457	0.34665	0.999995	250	1	0.64717	0.0087371	0.029465	0.730764	40	3	0.64717
PCGF1	4	0.34793	0.34967	0.999995	251	1	0.18132	0.23552	0.48258	0.916674	555	2	0.18132
EIF3L	4	0.34926	0.35095	0.999995	252	1	0.31135	0.53837	0.76754	0.999995	774	3	0.31135
TSTD1	4	0.34993	0.35149	0.999995	253	1	0.54691	0.01605	0.051593	0.74213	73	3	0.54691
HASPIN	4	0.3506	0.35205	0.999995	254	1	-0.093416	0.55957	0.78548	0.999995	786	1	-0.093416
GRIP1	4	0.35193	0.35336	0.999995	255	1	0.45652	0.41505	0.66027	0.999995	687	3	0.45652
EEFSEC	4	0.35393	0.35513	0.999995	256	1	0.37594	0.44816	0.69041	0.999995	706	3	0.37594
ARPC5	4	0.35659	0.35745	0.999995	257	1	0.28591	0.74359	0.87641	0.999995	854	2	0.28591
CRX	4	0.36122	0.36156	0.999995	258	1	0.42796	0.48619	0.72324	0.999995	735	3	0.42796
IQCA1	4	0.36253	0.36281	0.999995	259	1	-0.02719	0.97161	0.97605	0.999995	968	1	-0.02719
BRD8	4	0.36319	0.36335	0.999995	260	1	0.050662	0.87058	0.94113	0.999995	911	2	0.050662
RING1	4	0.36385	0.36403	0.999995	261	1	0.10475	0.25864	0.5069	0.933332	573	1	0.10475
TLN1	4	0.36516	0.36541	0.999995	262	1	0.11503	0.90644	0.95383	0.999995	931	1	0.11503
POLR2F	4	0.36582	0.36601	0.999995	263	1	0.27599	0.63866	0.82889	0.999995	822	2	0.27599
BECN1	4	0.36647	0.3666	0.999995	264	1	0.53954	0.28241	0.53156	0.945685	596	3	0.53954
XRCC4	4	0.37105	0.37092	0.999995	265	1	0.11471	0.86653	0.93897	0.999995	908	2	0.11471
NAA11	4	0.373	0.37282	0.999995	266	1	-0.074193	0.98165	0.9827	0.999995	980	1	-0.074193
G3BP1	4	0.37365	0.37338	0.999995	267	1	0.39685	0.29126	0.54079	0.947442	604	3	0.39685
UNC45A	4	0.3743	0.37404	0.999995	268	1	0.13515	0.606	0.8153	0.999995	807	2	0.13515
TOP1MT	4	0.38012	0.37954	0.999995	269	1	0.11532	0.76013	0.88495	0.999995	861	2	0.11532
SIN3B	4	0.38334	0.38278	0.999995	270	1	0.34758	0.30148	0.55123	0.955695	611	2	0.34758
ARID4A	4	0.38398	0.38335	0.999995	271	1	0.066876	0.93715	0.96166	0.999995	948	1	0.066876
GABPB1	4	0.38782	0.38668	0.999995	272	1	0.5661	0.072761	0.1986	0.819143	254	3	0.5661
TPST1	4	0.38846	0.38731	0.999995	273	1	0.27336	0.35193	0.60104	0.983263	647	2	0.27336
PSMB6	4	0.3891	0.38802	0.999995	274	1	0.13731	0.26818	0.51679	0.945685	575	2	0.13731
RPS28	2	0.38937	0.38718	0.999995	275	0	0.17958	0.82092	0.82632	0.999995	887	1	0.17958
RIC8B	4	0.39164	0.39027	0.999995	276	1	0.019293	0.67958	0.84662	0.999995	835	1	0.019293
BZW2	4	0.39291	0.39153	0.999995	277	1	-0.029049	0.97715	0.9793	0.999995	972	1	-0.029049
IRF6	4	0.39355	0.39202	0.999995	278	1	0.3105	0.43553	0.67956	0.999995	700	2	0.3105
RPL15	2	0.39584	0.3938	0.999995	279	0	0.10942	0.91545	0.91503	0.999995	933	0	0.10942
RRAGC	4	0.39671	0.39513	0.999995	280	1	0.37267	0.49733	0.73295	0.999995	741	3	0.37267
KHSRP	4	0.39734	0.39562	0.999995	281	1	0.57366	0.034371	0.10438	0.811612	131	3	0.57366
EP300	4	0.39797	0.39628	0.999995	282	1	0.25079	0.55606	0.78266	0.999995	784	2	0.25079
SAR1A	8	0.39805	0.45602	0.999995	283	1	0.32978	0.11722	0.36903	0.869274	363	5	0.32978
CTNNB1	4	0.39861	0.39696	0.999995	284	1	-0.00088294	0.04668	0.13606	0.811612	176	1	-0.00088294
NRBP2	4	0.40112	0.3993	0.999995	285	1	0.28891	0.53877	0.76779	0.999995	776	3	0.28891
ANAPC4	4	0.40426	0.40227	0.999995	286	1	0.113	0.981	0.98215	0.999995	979	1	0.113
COPS7B	4	0.40613	0.40425	0.999995	287	1	0.41189	0.42701	0.67131	0.999995	696	3	0.41189
PAX4	4	0.40676	0.40491	0.999995	288	1	0.28808	0.34659	0.59602	0.983263	641	2	0.28808
SPOP	4	0.40738	0.40547	0.999995	289	1	0.061457	0.41173	0.65701	0.999995	685	2	0.061457
IMPDH1	4	0.408	0.40602	0.999995	290	1	0.08025	0.36253	0.61103	0.990349	653	1	0.08025
SOAT1	4	0.40925	0.40737	0.999995	291	1	0.46342	0.1409	0.34196	0.862374	417	3	0.46342
IPO8	4	0.40987	0.40809	0.999995	292	1	0.62238	0.10181	0.26384	0.844636	330	3	0.62238
IRF4	4	0.41049	0.40865	0.999995	293	1	0.033151	0.19632	0.43918	0.885011	517	2	0.033151
TOB2	4	0.41235	0.41048	0.999995	294	0	0.087096	0.82003	0.91477	0.999995	886	2	0.087096
RPL27A	2	0.41293	0.41132	0.999995	295	0	0.21117	0.81915	0.82479	0.999995	885	1	0.21117
RAMP2	4	0.41359	0.41164	0.999995	296	0	0.064261	0.6541	0.83545	0.999995	825	1	0.064261
CAND2	4	0.4142	0.41239	0.999995	297	0	0.068804	0.099835	0.25935	0.844636	325	2	0.068804
IDH3B	4	0.41544	0.41371	0.999995	298	0	0.76013	0.054791	0.1559	0.811612	196	3	0.76013
RYBP	3	0.41599	0.41431	0.999995	299	0	0.40582	0.45817	0.64963	0.999995	716	2	0.40582
PSMA2	4	0.41667	0.41485	0.999995	300	0	0.28866	0.23023	0.47644	0.915187	546	2	0.28866
UQCRC1	4	0.41729	0.41554	0.999995	301	0	0.12101	0.99175	0.99224	0.999995	1000	0	0.12101
RNF103	4	0.4179	0.41623	0.999995	302	0	0.69794	0.081155	0.21795	0.83623	271	3	0.69794
RPL5	4	0.41913	0.41742	0.999995	303	0	0.16636	0.408	0.6535	0.999995	682	2	0.16636
TNR	4	0.41975	0.41798	0.999995	304	0	0.51433	0.20522	0.44865	0.885011	529	3	0.51433
PAPSS2	4	0.42158	0.4197	0.999995	305	0	0.564	0.18027	0.41402	0.885011	488	3	0.564
CRNN	4	0.42281	0.42111	0.999995	306	0	0.49747	0.29136	0.54085	0.947442	605	3	0.49747
SPATA16	4	0.42525	0.42353	0.999995	307	0	0.35049	0.42401	0.66859	0.999995	694	2	0.35049
ALDOC	4	0.42586	0.42408	0.999995	308	0	0.33032	0.53851	0.76766	0.999995	775	2	0.33032
MBTD1	4	0.42707	0.42518	0.999995	309	0	0.32547	0.073108	0.19943	0.819345	255	3	0.32547
MRPL55	4	0.42889	0.42717	0.999995	310	0	0.29397	0.34926	0.59856	0.983263	643	2	0.29397
FOSL1	3	0.43133	0.4297	0.999995	311	0	0.45749	0.39821	0.60387	0.983263	676	2	0.45749
RPA1	4	0.43192	0.43007	0.999995	312	0	-0.19525	0.9983	0.99839	0.999995	1022	0	-0.19525
ATP5F1D	4	0.43252	0.43074	0.999995	313	0	0.42078	0.057318	0.16203	0.811612	203	3	0.42078
NAPA	4	0.43373	0.43186	0.999995	314	0	-0.0077367	0.98661	0.987	0.999995	990	1	-0.0077367
AHCYL2	4	0.43433	0.43268	0.999995	315	0	0.26214	0.65948	0.83796	0.999995	827	2	0.26214
POU4F2	4	0.43613	0.43453	0.999995	316	0	0.56075	0.2445	0.49211	0.924909	560	3	0.56075
TNPO2	4	0.43673	0.43509	0.999995	317	0	0.33696	0.47261	0.7117	0.999995	722	3	0.33696
ATP6V1E1	3	0.43701	0.43543	0.999995	318	0	0.19693	0.061331	0.14411	0.811612	222	1	0.19693
RNF20	4	0.43733	0.43575	0.999995	319	0	0.18091	0.22032	0.46601	0.906377	540	2	0.18091
CBLL1	4	0.43793	0.43639	0.999995	320	0	0.50065	0.042221	0.125	0.811612	158	3	0.50065
SEPHS1	3	0.43795	0.43633	0.999995	321	0	0.16812	0.92297	0.93117	0.999995	938	1	0.16812
GMPR	4	0.43853	0.43692	0.999995	322	0	0.22669	0.79078	0.89972	0.999995	871	2	0.22669
RPP14	4	0.43973	0.43817	0.999995	323	0	0.29488	0.23477	0.48172	0.916674	553	3	0.29488
HNRNPH3	4	0.44092	0.43947	0.999995	324	0	0.69223	0.16974	0.39532	0.885011	467	3	0.69223
TTC23	4	0.44211	0.44063	0.999995	325	0	0.30529	0.39482	0.64132	0.999995	674	3	0.30529
CFL1	4	0.44271	0.44114	0.999995	326	0	-0.068835	0.88517	0.94917	0.999995	920	1	-0.068835
PSEN2	4	0.4439	0.44257	0.999995	327	0	0.79338	0.011166	0.037245	0.730764	50	3	0.79338
SOS1	4	0.44449	0.4432	0.999995	328	0	0.5992	0.092994	0.24466	0.844636	305	3	0.5992
SAMD4B	4	0.44627	0.44505	0.999995	329	0	0.18146	0.92684	0.95877	0.999995	941	1	0.18146
SNRPB2	3	0.44733	0.44624	0.999995	330	0	0.04237	0.52914	0.70326	0.999995	766	1	0.04237
SPTA1	4	0.44923	0.44787	0.999995	331	0	0.80385	0.0096534	0.032482	0.730764	42	3	0.80385
GATAD2A	4	0.4504	0.44911	0.999995	332	0	0.16949	0.19866	0.44175	0.885011	521	2	0.16949
SBF2	3	0.45105	0.44997	0.999995	333	0	0.35779	0.57278	0.73619	0.999995	794	2	0.35779
MORF4L1	3	0.45151	0.45037	0.999995	334	0	0.059848	0.56306	0.72913	0.999995	788	1	0.059848
RXFP3	4	0.45217	0.45096	0.999995	335	0	0.093	0.10069	0.2612	0.844636	326	2	0.093
CYP7A1	4	0.45452	0.45339	0.999995	336	0	0.35881	0.090418	0.23952	0.844636	298	2	0.35881
TIMM23B	4	0.45569	0.45441	0.999995	337	0	0.63677	0.11536	0.29136	0.857907	361	3	0.63677
USP5	4	0.45627	0.45498	0.999995	338	0	0.32607	0.43373	0.67771	0.999995	699	2	0.32607
TANK	4	0.45686	0.45541	0.999995	339	0	0.2664	0.098128	0.25559	0.844636	317	2	0.2664
GALR3	4	0.4586	0.45713	0.999995	340	0	0.36792	0.57956	0.80148	0.999995	797	2	0.36792
GXYLT2	4	0.45919	0.45779	0.999995	341	0	0.12084	0.54594	0.774	0.999995	779	2	0.12084
YIPF5	4	0.45977	0.45831	0.999995	342	0	0.41757	0.48196	0.71953	0.999995	731	3	0.41757
DGKI	4	0.46035	0.45889	0.999995	343	0	0.69653	0.09948	0.25864	0.844636	324	3	0.69653
LIN28B	4	0.46093	0.4595	0.999995	344	0	0.0093547	0.96651	0.97332	0.999995	965	1	0.0093547
ZMIZ1	4	0.46151	0.46002	0.999995	345	0	0.4294	0.39145	0.63799	0.999995	672	3	0.4294
COPG2	4	0.46209	0.4607	0.999995	346	0	0.17175	0.70223	0.85717	0.999995	846	2	0.17175
PPP3CA	4	0.46267	0.46143	0.999995	347	0	0.58908	0.17668	0.40792	0.885011	483	3	0.58908
PLAU	4	0.46325	0.46201	0.999995	348	0	0.010282	0.74896	0.87956	0.999995	856	1	0.010282
RANBP9	4	0.46498	0.4639	0.999995	349	0	0.51556	0.14583	0.35127	0.862374	427	3	0.51556
PEF1	4	0.46556	0.4644	0.999995	350	0	0.3204	0.53022	0.7611	0.999995	767	3	0.3204
FOXK1	4	0.46614	0.46491	0.999995	351	0	0.023423	0.9955	0.99568	0.999995	1008	0	0.023423
DGAT1	4	0.46729	0.46597	0.999995	352	0	0.48817	0.27768	0.52675	0.945685	586	3	0.48817
NKAPL	4	0.46959	0.46803	0.999995	353	0	0.50278	0.27609	0.52493	0.945685	585	3	0.50278
FAM71A	4	0.47073	0.46916	0.999995	354	0	0.29648	0.32317	0.57268	0.974389	622	2	0.29648
RBBP7	4	0.47188	0.47011	0.999995	355	0	0.078048	0.90151	0.95261	0.999995	927	1	0.078048
MCPH1	4	0.47245	0.47071	0.999995	356	0	0.17482	0.57774	0.80004	0.999995	796	2	0.17482
STX17	4	0.47359	0.47167	0.999995	357	0	0.41488	0.20023	0.44338	0.885011	523	3	0.41488
CRY2	4	0.47416	0.47216	0.999995	358	0	0.35662	0.44857	0.69066	0.999995	708	2	0.35662
CLTB	4	0.47473	0.47282	0.999995	359	0	0.79608	0.010479	0.03505	0.730764	44	3	0.79608
PUM1	4	0.4753	0.47343	0.999995	360	0	0.17345	0.62278	0.82233	0.999995	816	2	0.17345
CLASP2	4	0.47587	0.47393	0.999995	361	0	0.561	0.11761	0.29575	0.858214	364	3	0.561
XYLT2	4	0.477	0.47498	0.999995	362	0	-0.048452	0.93103	0.95993	0.999995	944	1	-0.048452
VPS37A	4	0.47814	0.47598	0.999995	363	0	0.54116	0.22474	0.47041	0.909924	543	3	0.54116
ABCC3	4	0.47927	0.47716	0.999995	364	0	0.31669	0.4113	0.65658	0.999995	684	2	0.31669
RHOT2	4	0.48378	0.48188	0.999995	365	0	0.29642	0.5152	0.74857	0.999995	754	3	0.29642
MTX1	3	0.48423	0.48248	0.999995	366	0	0.25093	0.23337	0.44232	0.885011	550	2	0.25093
PHLDA3	4	0.48602	0.48398	0.999995	367	0	0.58828	0.10103	0.26189	0.844636	328	3	0.58828
INTS6L	4	0.48658	0.48454	0.999995	368	0	0.22634	0.43262	0.67663	0.999995	698	2	0.22634
BAP1	4	0.48882	0.48684	0.999995	369	0	-0.0008018	0.93492	0.96102	0.999995	946	1	-0.0008018
MED8	4	0.48993	0.48796	0.999995	370	0	0.10477	0.88371	0.94821	0.999995	917	1	0.10477
FOXK2	4	0.49049	0.48856	0.999995	371	0	-0.12235	0.95977	0.96998	0.999995	955	1	-0.12235
EXOC6B	4	0.49216	0.49013	0.999995	372	0	0.63954	0.14676	0.35312	0.862374	431	3	0.63954
NBEA	4	0.49326	0.49114	0.999995	373	0	0.72323	0.031224	0.095512	0.811612	121	3	0.72323
RNF144B	4	0.49382	0.49164	0.999995	374	0	0.17216	0.71025	0.86088	0.999995	848	1	0.17216
NET1	4	0.49437	0.49225	0.999995	375	0	0.7817	0.04297	0.12682	0.811612	162	3	0.7817
ARFIP2	4	0.49493	0.4928	0.999995	376	0	0.22508	0.86171	0.93634	0.999995	903	2	0.22508
GLT6D1	4	0.49548	0.49336	0.999995	377	0	0.076252	0.79031	0.89942	0.999995	870	1	0.076252
SEC23A	4	0.49603	0.49405	0.999995	378	0	0.28634	0.63456	0.82702	0.999995	821	2	0.28634
E2F4	4	0.49658	0.49463	0.999995	379	0	0.31085	0.50043	0.73556	0.999995	742	2	0.31085
COQ10A	4	0.49713	0.49515	0.999995	380	0	0.17871	0.68264	0.84799	0.999995	836	2	0.17871
SLC17A2	4	0.49823	0.49628	0.999995	381	0	0.72578	0.027847	0.086059	0.811612	109	3	0.72578
YIPF7	4	0.50043	0.49856	0.999995	382	0	0.17883	0.27545	0.52435	0.945685	584	2	0.17883
TPBGL	4	0.50153	0.49972	0.999995	383	0	0.4362	0.17642	0.40746	0.885011	482	3	0.4362
APH1B	4	0.50317	0.50145	0.999995	384	0	0.16908	0.86255	0.93671	0.999995	905	1	0.16908
IDH3G	4	0.50371	0.502	0.999995	385	0	0.52033	0.035054	0.10586	0.811612	132	3	0.52033
KRT25	4	0.50426	0.5026	0.999995	386	0	0.093269	0.48265	0.72011	0.999995	732	1	0.093269
CADPS	4	0.50535	0.50375	0.999995	387	0	0.39578	0.11002	0.28083	0.852633	348	3	0.39578
SLC25A37	4	0.50698	0.50534	0.999995	388	0	0.45866	0.35767	0.6063	0.985703	651	3	0.45866
MED26	4	0.50752	0.506	0.999995	389	0	0.2472	0.72816	0.86914	0.999995	851	2	0.2472
ABCG2	4	0.50915	0.5075	0.999995	390	0	0.50694	0.092143	0.24314	0.844636	304	3	0.50694
GBX1	4	0.50969	0.50795	0.999995	391	0	0.63244	0.079237	0.21349	0.83623	265	3	0.63244
DMD	4	0.51077	0.50901	0.999995	392	0	0.23479	0.6937	0.85326	0.999995	842	2	0.23479
AP1G1	4	0.51131	0.50962	0.999995	393	0	0.17945	0.56651	0.79146	0.999995	792	2	0.17945
RBMX	3	0.51305	0.5108	0.999995	394	0	0.43619	0.50865	0.68807	0.999995	749	2	0.43619
CADPS2	4	0.51454	0.51319	0.999995	395	0	0.45608	0.010569	0.03534	0.730764	45	2	0.45608
TBR1	4	0.51507	0.51374	0.999995	396	0	0.47968	0.19713	0.44008	0.885011	520	2	0.47968
NDE1	4	0.51614	0.51478	0.999995	397	0	0.19551	0.55707	0.78356	0.999995	785	2	0.19551
GABPB2	4	0.51721	0.51586	0.999995	398	0	0.62672	0.012885	0.042467	0.730764	55	3	0.62672
NMT1	4	0.51775	0.51641	0.999995	399	0	0.12539	0.96091	0.97045	0.999995	959	1	0.12539
NCKAP1	4	0.52041	0.51917	0.999995	400	0	0.45266	0.27328	0.5218	0.945685	579	3	0.45266
CEACAM1	4	0.52094	0.51978	0.999995	401	0	0.53302	0.12465	0.30965	0.858214	381	3	0.53302
HACD2	4	0.52412	0.52309	0.999995	402	0	0.27908	0.58542	0.80637	0.999995	801	3	0.27908
ADGRG7	4	0.52518	0.52422	0.999995	403	0	0.44075	0.60779	0.81607	0.999995	810	2	0.44075
CRYBB2	4	0.52571	0.52492	0.999995	404	0	0.5934	0.040433	0.12044	0.811612	152	3	0.5934
LOR	4	0.52623	0.52537	0.999995	405	0	0.58951	0.28601	0.53529	0.945685	601	3	0.58951
EZH2	4	0.52729	0.52646	0.999995	406	0	0.22298	0.85962	0.93533	0.999995	901	2	0.22298
TUBB2B	2	0.52824	0.52542	0.999995	407	0	0.45717	0.28191	0.42328	0.885011	594	1	0.45717
COX6B2	4	0.52939	0.52838	0.999995	408	0	0.35862	0.15968	0.37649	0.871727	452	3	0.35862
IKBKE	4	0.52991	0.52887	0.999995	409	0	0.4157	0.24667	0.49453	0.926354	562	3	0.4157
XYLT1	4	0.53044	0.5293	0.999995	410	0	0.27756	0.45511	0.69636	0.999995	714	2	0.27756
SMARCA2	4	0.53148	0.5303	0.999995	411	0	0.21071	0.14501	0.34981	0.862374	425	2	0.21071
YIF1B	4	0.53253	0.53144	0.999995	412	0	0.37962	0.4644	0.70467	0.999995	720	3	0.37962
EPS15L1	4	0.53305	0.53187	0.999995	413	0	0.45033	0.037747	0.11312	0.811612	140	3	0.45033
CNOT8	3	0.53332	0.53172	0.999995	414	0	0.76022	0.087837	0.19785	0.819143	294	2	0.76022
RP1	4	0.53409	0.53286	0.999995	415	0	0.29779	0.58296	0.80438	0.999995	799	3	0.29779
VANGL2	4	0.53565	0.53456	0.999995	416	0	0.29945	0.55429	0.78112	0.999995	782	3	0.29945
PPP2CB	3	0.53623	0.53475	0.999995	417	0	0.39573	0.53112	0.70472	0.999995	768	2	0.39573
SLC9A3R1	4	0.5372	0.53615	0.999995	418	0	0.59326	0.17067	0.39709	0.885011	469	3	0.59326
ATP6V1C2	8	0.53765	0.55193	0.999995	419	1	0.34622	0.39137	0.73656	0.999995	671	6	0.34622
PTPN6	4	0.53875	0.53765	0.999995	420	0	0.5144	0.16098	0.37884	0.871727	458	3	0.5144
CLDN4	4	0.53927	0.53822	0.999995	421	0	0.43476	0.24079	0.48824	0.920889	558	3	0.43476
IDH2	4	0.53979	0.53867	0.999995	422	0	0.4278	0.40761	0.65317	0.999995	681	3	0.4278
MYL7	4	0.5403	0.53915	0.999995	423	0	0.112	0.87783	0.94505	0.999995	913	2	0.112
TMEM30A	4	0.54082	0.53959	0.999995	424	0	0.35827	0.44534	0.68796	0.999995	704	3	0.35827
COX4I2	4	0.54133	0.53995	0.999995	425	0	0.060446	0.88912	0.94994	0.999995	922	1	0.060446
QSOX1	4	0.54338	0.54212	0.999995	426	0	0.20415	0.63426	0.82689	0.999995	820	2	0.20415
SERPINA11	4	0.54543	0.54407	0.999995	427	0	0.34574	0.31658	0.56601	0.966255	619	2	0.34574
KPNA2	3	0.54693	0.54575	0.999995	428	0	0.16695	0.92209	0.93064	0.999995	936	1	0.16695
SLC9A3R2	4	0.54747	0.54636	0.999995	429	0	0.30597	0.45347	0.69511	0.999995	710	2	0.30597
SLC22A8	4	0.54798	0.54691	0.999995	430	0	0.20836	0.8126	0.91082	0.999995	883	2	0.20836
GRM4	4	0.54849	0.54738	0.999995	431	0	0.52472	0.24004	0.48747	0.920889	557	3	0.52472
ERBB3	8	0.54973	0.56118	0.999995	432	1	0.56715	0.058314	0.22604	0.837387	206	6	0.56715
STX12	4	0.55001	0.54887	0.999995	433	0	0.40086	0.22223	0.46785	0.906628	542	2	0.40086
ATP6V1E2	4	0.55355	0.55248	0.999995	434	0	0.19268	0.78218	0.89563	0.999995	868	2	0.19268
GALNT5	4	0.55405	0.553	0.999995	435	0	0.20642	0.62204	0.82199	0.999995	815	2	0.20642
GDI1	4	0.55456	0.55358	0.999995	436	0	0.74772	0.03685	0.11078	0.811612	137	3	0.74772
SLC25A24	4	0.55657	0.55594	0.999995	437	0	0.32327	0.47587	0.71454	0.999995	724	2	0.32327
SAP30	4	0.55757	0.55708	0.999995	438	0	0.00040389	0.85118	0.93116	0.999995	895	1	0.00040389
SLC25A28	4	0.55807	0.55759	0.999995	439	0	0.33261	0.27807	0.52717	0.945685	587	2	0.33261
MTMR4	4	0.55857	0.55811	0.999995	440	0	0.11197	0.061724	0.17252	0.811612	223	1	0.11197
CDS1	4	0.55957	0.55914	0.999995	441	0	0.69695	0.039762	0.11865	0.811612	148	3	0.69695
CHMP1B	4	0.56056	0.56017	0.999995	442	0	0.50463	0.19704	0.44001	0.885011	519	3	0.50463
FKBP10	4	0.56156	0.56117	0.999995	443	0	0.58143	0.07982	0.21473	0.83623	269	3	0.58143
EFNB1	4	0.56206	0.56176	0.999995	444	0	0.76592	0.042215	0.12498	0.811612	157	3	0.76592
CTSZ	4	0.56354	0.56327	0.999995	445	0	0.27752	0.7555	0.88249	0.999995	859	2	0.27752
CCNE2	4	0.56453	0.56431	0.999995	446	0	0.27095	0.48034	0.71824	0.999995	730	2	0.27095
LHFPL5	4	0.56602	0.56577	0.999995	447	0	0.19097	0.86318	0.93706	0.999995	907	2	0.19097
ATP5F1A	4	0.56651	0.56623	0.999995	448	0	0.192	0.38334	0.63067	0.998001	667	1	0.192
ZG16	4	0.56749	0.56735	0.999995	449	0	0.18849	0.23628	0.48342	0.916674	556	1	0.18849
ERH	4	0.56799	0.56783	0.999995	450	0	0.44049	0.28083	0.52998	0.945685	590	2	0.44049
SLC25A25	4	0.56995	0.56972	0.999995	451	0	0.48529	0.33166	0.58092	0.978448	628	3	0.48529
ZWILCH	4	0.57239	0.57219	0.999995	452	0	0.2796	0.32829	0.57762	0.97669	625	2	0.2796
MT2A	4	0.57337	0.57314	0.999995	453	0	0.67788	0.031251	0.095587	0.811612	122	3	0.67788
ICK	4	0.57386	0.57366	0.999995	454	0	0.25103	0.56574	0.79074	0.999995	790	3	0.25103
RHOBTB2	4	0.57483	0.5746	0.999995	455	0	0.22999	0.22185	0.46756	0.906628	541	2	0.22999
PLD2	4	0.5758	0.57544	0.999995	456	0	0.21565	0.69236	0.85263	0.999995	841	2	0.21565
RGS19	4	0.57628	0.57584	0.999995	457	0	0.10191	0.8693	0.94039	0.999995	909	1	0.10191
LSM14B	4	0.57774	0.57724	0.999995	458	0	0.19213	0.50806	0.74253	0.999995	747	2	0.19213
KCNT2	4	0.57822	0.57769	0.999995	459	0	0.50016	0.33568	0.58499	0.979611	632	3	0.50016
SAP30L	4	0.5787	0.5781	0.999995	460	0	0.3574	0.40396	0.64958	0.999995	679	3	0.3574
PIP4P2	4	0.57918	0.57862	0.999995	461	0	0.28702	0.37235	0.62061	0.993257	658	2	0.28702
IDH1	4	0.58015	0.57979	0.999995	462	0	0.4756	0.43835	0.68188	0.999995	702	3	0.4756
CAVIN1	4	0.58063	0.58025	0.999995	463	0	0.55074	0.20077	0.44391	0.885011	524	3	0.55074
FAM126A	4	0.58111	0.58068	0.999995	464	0	0.51749	0.26892	0.51743	0.945685	576	3	0.51749
FEZ1	4	0.58207	0.5816	0.999995	465	0	0.47461	0.054667	0.15561	0.811612	195	2	0.47461
PLEK2	4	0.58255	0.58208	0.999995	466	0	0.38891	0.3385	0.58797	0.979957	635	3	0.38891
GRHL2	4	0.58351	0.58297	0.999995	467	0	0.21989	0.019691	0.062316	0.786363	83	2	0.21989
TTC7A	8	0.58517	0.59075	0.999995	468	1	0.10119	0.88169	0.97739	0.999995	915	3	0.10119
TPBG	4	0.58542	0.58494	0.999995	469	0	0.49898	0.23013	0.47631	0.915187	545	3	0.49898
LIN28A	3	0.58577	0.58458	0.999995	470	0	0.43346	0.51903	0.69578	0.999995	757	2	0.43346
CASP4	4	0.58589	0.58542	0.999995	471	0	0.2967	0.056435	0.15995	0.811612	198	2	0.2967
ITSN2	4	0.58685	0.5863	0.999995	472	0	0.23782	0.154	0.36606	0.868064	447	2	0.23782
MYCN	4	0.58732	0.58675	0.999995	473	0	0.42189	0.053782	0.15345	0.811612	192	3	0.42189
PRKAB2	4	0.5878	0.58721	0.999995	474	0	0.50077	0.2055	0.449	0.885011	530	3	0.50077
SOS2	4	0.58827	0.58762	0.999995	475	0	0.3328	0.58111	0.80285	0.999995	798	2	0.3328
HMG20B	4	0.58874	0.58821	0.999995	476	0	0.20822	0.80128	0.90478	0.999995	879	2	0.20822
SAMD4A	4	0.58922	0.58874	0.999995	477	0	0.39641	0.4189	0.66397	0.999995	691	3	0.39641
KLF4	4	0.58969	0.58909	0.999995	478	0	0.33115	0.5246	0.75661	0.999995	762	2	0.33115
FARS2	4	0.59016	0.58968	0.999995	479	0	0.3088	0.50426	0.73916	0.999995	743	2	0.3088
DUSP10	4	0.59064	0.59013	0.999995	480	0	0.34469	0.42353	0.66812	0.999995	693	3	0.34469
FSD1	4	0.59205	0.59162	0.999995	481	0	0.72369	0.059891	0.16827	0.811612	215	3	0.72369
TREM2	4	0.59299	0.59264	0.999995	482	0	0.61861	0.14729	0.35411	0.862374	433	3	0.61861
CDK17	4	0.59346	0.59314	0.999995	483	0	0.082714	0.91283	0.95536	0.999995	932	1	0.082714
PTF1A	4	0.59393	0.59348	0.999995	484	0	0.18209	0.87013	0.94088	0.999995	910	2	0.18209
BECN2	4	0.59534	0.5948	0.999995	485	0	0.63471	0.10715	0.27473	0.848831	343	3	0.63471
GOLT1B	4	0.59581	0.59534	0.999995	486	0	0.51086	0.29304	0.54257	0.947442	607	3	0.51086
FOXA1	4	0.59721	0.59665	0.999995	487	0	0.49781	0.14332	0.3468	0.862374	420	3	0.49781
CCNE1	4	0.59861	0.59796	0.999995	488	0	0.47194	0.20351	0.44706	0.885011	526	3	0.47194
TRPC5	4	0.59907	0.59841	0.999995	489	0	0.58201	0.14628	0.3522	0.862374	430	3	0.58201
PLXDC1	8	0.6003	0.60382	0.999995	490	1	0.22646	0.61022	0.87976	0.999995	812	4	0.22646
VPS26B	4	0.60046	0.59979	0.999995	491	0	0.41963	0.47979	0.71777	0.999995	729	3	0.41963
G6PC	4	0.60139	0.60058	0.999995	492	0	0.2943	0.66276	0.83942	0.999995	829	2	0.2943
RBPJ	4	0.60231	0.60161	0.999995	493	0	0.48236	0.04242	0.12555	0.811612	160	2	0.48236
SPATA21	4	0.60324	0.60271	0.999995	494	0	0.46583	0.25199	0.49968	0.929225	568	3	0.46583
DYNLT1	4	0.6037	0.60312	0.999995	495	0	0.50634	0.10409	0.26838	0.844636	333	3	0.50634
CAP1	4	0.60462	0.60397	0.999995	496	0	0.4418	0.3371	0.58654	0.979957	633	3	0.4418
CREBBP	4	0.60508	0.6045	0.999995	497	0	0.54892	0.089903	0.23829	0.844636	297	3	0.54892
ZDHHC13	4	0.60692	0.60625	0.999995	498	0	0.50021	0.12264	0.30556	0.858214	377	3	0.50021
ESRP1	4	0.60737	0.60672	0.999995	499	0	0.49801	0.30117	0.55094	0.955695	610	3	0.49801
ATAD2	4	0.60874	0.60807	0.999995	500	0	0.89014	0.0049341	0.017518	0.730764	23	3	0.89014
LMBR1	4	0.60966	0.60907	0.999995	501	0	0.42278	0.081961	0.21982	0.83623	276	2	0.42278
LGALS9	4	0.61193	0.61146	0.999995	502	0	0.204	0.78905	0.89868	0.999995	869	2	0.204
FEZ2	4	0.61329	0.61278	0.999995	503	0	0.57241	0.0083064	0.028222	0.730764	37	2	0.57241
CBLL2	4	0.61374	0.61329	0.999995	504	0	0.63108	0.12214	0.30463	0.858214	375	3	0.63108
TYMS	4	0.61465	0.61417	0.999995	505	0	0.25238	0.84873	0.92997	0.999995	892	2	0.25238
GBP3	4	0.61555	0.61493	0.999995	506	0	0.69044	0.010698	0.035695	0.730764	46	3	0.69044
TBC1D26	2	0.61594	0.61463	0.999995	507	0	0.42977	0.38406	0.54344	0.947442	668	2	0.42977
AP2A2	4	0.61779	0.617	0.999995	508	0	0.44852	0.46123	0.70191	0.999995	718	3	0.44852
MMD	4	0.61869	0.61795	0.999995	509	0	0.52292	0.21706	0.46232	0.902513	538	3	0.52292
ATAD2B	4	0.61914	0.61841	0.999995	510	0	0.667	0.080086	0.21546	0.83623	270	3	0.667
GRIP2	4	0.61959	0.61884	0.999995	511	0	0.62799	0.19676	0.43974	0.885011	518	3	0.62799
ZMIZ2	4	0.62092	0.62034	0.999995	512	0	0.12652	0.86102	0.93598	0.999995	902	2	0.12652
KRTAP10-10	4	0.62182	0.62137	0.999995	513	0	0.84466	0.032593	0.099556	0.811612	126	3	0.84466
RALGPS2	4	0.62359	0.62322	0.999995	514	0	0.25334	0.82855	0.91915	0.999995	888	2	0.25334
RSBN1	4	0.62448	0.62419	0.999995	515	0	0.24354	0.62946	0.82517	0.999995	818	2	0.24354
FKBP9	4	0.62492	0.62467	0.999995	516	0	0.3345	0.24901	0.49688	0.927285	565	2	0.3345
SLC35F3	4	0.62669	0.62649	0.999995	517	0	0.40128	0.4894	0.72607	0.999995	739	3	0.40128
DYNC1LI2	4	0.62757	0.62726	0.999995	518	0	0.75629	0.067308	0.18583	0.813947	243	3	0.75629
TMEM30B	4	0.62845	0.62814	0.999995	519	0	0.12824	0.373	0.62125	0.993257	661	1	0.12824
EPS15	4	0.6302	0.62977	0.999995	520	0	0.45598	0.41813	0.66331	0.999995	690	3	0.45598
PUM2	4	0.63064	0.63017	0.999995	521	0	0.14678	0.96391	0.97202	0.999995	960	1	0.14678
KRT74	4	0.63107	0.63055	0.999995	522	0	0.72807	0.044007	0.12964	0.811612	167	3	0.72807
CHMP1A	4	0.63151	0.63093	0.999995	523	0	0.42257	0.34383	0.59326	0.983263	638	2	0.42257
RNF44	4	0.63195	0.6313	0.999995	524	0	0.63666	0.10436	0.26889	0.844636	335	3	0.63666
GSX1	4	0.63282	0.63226	0.999995	525	0	0.22134	0.15481	0.36741	0.869274	448	2	0.22134
PSMB8	4	0.63369	0.63298	0.999995	526	0	0.14901	0.6866	0.84981	0.999995	840	2	0.14901
CRKL	4	0.63456	0.63385	0.999995	527	0	0.38725	0.28835	0.53755	0.946523	603	2	0.38725
TBC1D28	3	0.63484	0.63407	0.999995	528	0	0.33579	0.54941	0.71895	0.999995	781	2	0.33579
PTCH2	4	0.63629	0.63553	0.999995	529	0	0.5195	0.23174	0.47816	0.91654	548	3	0.5195
SUV39H2	3	0.6366	0.63596	0.999995	530	0	0.55829	0.083055	0.18879	0.816358	280	2	0.55829
YBX3	4	0.63672	0.63595	0.999995	531	0	0.63397	0.071483	0.19582	0.819143	251	3	0.63397
FRS3	4	0.64016	0.6393	0.999995	532	0	0.31287	0.57337	0.79675	0.999995	795	2	0.31287
POLD1	4	0.64059	0.6397	0.999995	533	0	0.57326	0.18822	0.42797	0.885011	506	3	0.57326
HRH3	4	0.64145	0.64065	0.999995	534	0	0.49842	0.015138	0.048987	0.731348	69	3	0.49842
ABTB2	4	0.64187	0.64103	0.999995	535	0	0.34907	0.41622	0.66153	0.999995	689	2	0.34907
TIMP2	4	0.6423	0.6415	0.999995	536	0	0.25636	0.6648	0.84032	0.999995	830	2	0.25636
CCNL2	4	0.64273	0.64205	0.999995	537	0	0.37836	0.28769	0.53692	0.946523	602	3	0.37836
STRIP1	4	0.64358	0.64295	0.999995	538	0	0.4241	0.32225	0.57162	0.974141	621	3	0.4241
MPC1	4	0.64443	0.6439	0.999995	539	0	0.43043	0.45388	0.69534	0.999995	711	3	0.43043
APOBEC1	4	0.64528	0.64489	0.999995	540	0	0.44244	0.32883	0.57809	0.97669	626	3	0.44244
GSDMD	4	0.64613	0.64571	0.999995	541	0	0.30891	0.69766	0.8551	0.999995	843	2	0.30891
CLTA	4	0.64697	0.64641	0.999995	542	0	0.37042	0.22947	0.47554	0.915187	544	3	0.37042
ABCA3	4	0.64866	0.64794	0.999995	543	0	0.24224	0.62538	0.82339	0.999995	817	2	0.24224
H2BFM	4	0.64908	0.64825	0.999995	544	0	0.748	0.013312	0.043653	0.730764	59	3	0.748
APH1A	4	0.65076	0.65014	0.999995	545	0	0.47057	0.31354	0.56296	0.965363	618	3	0.47057
MAPK8IP3	4	0.65243	0.65186	0.999995	546	0	0.56614	0.1804	0.41417	0.885011	489	3	0.56614
ADAP2	4	0.65285	0.6523	0.999995	547	0	0.32033	0.56131	0.78705	0.999995	787	2	0.32033
EZH1	4	0.65368	0.65315	0.999995	548	0	0.53812	0.23315	0.47977	0.916674	549	3	0.53812
SLC10A2	4	0.6541	0.65345	0.999995	549	0	0.38334	0.59756	0.81172	0.999995	805	2	0.38334
RBPJL	4	0.65452	0.65394	0.999995	550	0	0.58404	0.12844	0.31709	0.858214	392	3	0.58404
ATP7B	4	0.65493	0.65427	0.999995	551	0	0.47734	0.35041	0.59959	0.983263	646	3	0.47734
GJA8	4	0.65618	0.65561	0.999995	552	0	0.25007	0.21187	0.45664	0.893053	537	2	0.25007
SNRPN	4	0.65659	0.65596	0.999995	553	0	0.23894	0.71632	0.86338	0.999995	850	2	0.23894
FNIP1	4	0.65701	0.65646	0.999995	554	0	0.34985	0.475	0.71384	0.999995	723	3	0.34985
DBT	4	0.65824	0.65765	0.999995	555	0	0.24365	0.55556	0.78218	0.999995	783	2	0.24365
SCN10A	4	0.65866	0.65798	0.999995	556	0	0.24609	0.88422	0.94854	0.999995	918	2	0.24609
HUS1B	4	0.65907	0.65847	0.999995	557	0	0.44116	0.37833	0.62599	0.996321	664	3	0.44116
COX4I1	4	0.66153	0.66092	0.999995	558	0	0.19703	0.76806	0.88869	0.999995	862	2	0.19703
ELL2	4	0.66235	0.66168	0.999995	559	0	0.29959	0.43793	0.68156	0.999995	701	3	0.29959
IRF8	4	0.66276	0.662	0.999995	560	0	0.62157	0.03939	0.11756	0.811612	145	3	0.62157
TGM6	4	0.66317	0.66244	0.999995	561	0	0.62447	0.16938	0.39459	0.885011	465	3	0.62447
LSM14A	4	0.66601	0.66522	0.999995	562	0	0.49237	0.1778	0.40978	0.885011	484	3	0.49237
RNF10	4	0.66682	0.66611	0.999995	563	0	0.35017	0.42829	0.67248	0.999995	697	3	0.35017
ZNF418	4	0.66804	0.66741	0.999995	564	0	0.68987	0.078227	0.21136	0.83623	262	3	0.68987
MTA1	4	0.66844	0.66794	0.999995	565	0	0.43087	0.032356	0.098846	0.811612	125	3	0.43087
EGFR	4	0.66884	0.66837	0.999995	566	0	0.42093	0.28518	0.53453	0.945685	599	3	0.42093
MAP4K4	4	0.67005	0.66956	0.999995	567	0	0.38619	0.026944	0.083378	0.811612	106	3	0.38619
GIT2	4	0.67045	0.6699	0.999995	568	0	0.47268	0.41544	0.66077	0.999995	688	3	0.47268
ADSSL1	4	0.67125	0.67071	0.999995	569	0	0.24298	0.61193	0.81766	0.999995	813	2	0.24298
HTR3D	4	0.67285	0.67244	0.999995	570	0	0.62753	0.17563	0.40612	0.885011	479	3	0.62753
NLRP8	4	0.67445	0.674	0.999995	571	0	0.55419	0.21852	0.46396	0.904039	539	3	0.55419
RNF38	4	0.67564	0.67525	0.999995	572	0	0.37484	0.4439	0.68677	0.999995	703	2	0.37484
CDK19	8	0.67591	0.67613	0.999995	573	0	0.54889	0.037222	0.16517	0.811612	139	7	0.54889
POU5F2	4	0.67603	0.67568	0.999995	574	0	0.45954	0.3691	0.61772	0.993257	655	3	0.45954
NCKAP1L	4	0.67683	0.67638	0.999995	575	0	0.43529	0.50469	0.73955	0.999995	744	3	0.43529
EAF1	4	0.67762	0.67699	0.999995	576	0	0.28556	0.60968	0.81682	0.999995	811	2	0.28556
PTCH1	4	0.67919	0.67853	0.999995	577	0	0.41218	0.12931	0.31884	0.858214	394	2	0.41218
WRN	4	0.67998	0.67943	0.999995	578	0	0.46549	0.23528	0.48233	0.916674	554	3	0.46549
ANKRD37	4	0.68076	0.68005	0.999995	579	0	0.5969	0.16112	0.37912	0.871727	459	3	0.5969
LNX2	4	0.68115	0.68049	0.999995	580	0	0.46838	0.25386	0.50175	0.931447	569	2	0.46838
HMGCS2	4	0.68194	0.68139	0.999995	581	0	0.34756	0.17496	0.40505	0.885011	477	3	0.34756
ACACB	4	0.68233	0.68173	0.999995	582	0	0.3854	0.39258	0.63909	0.999995	673	3	0.3854
FOXB1	4	0.68311	0.68255	0.999995	583	0	0.59663	0.051406	0.14733	0.811612	186	3	0.59663
ERO1B	4	0.6835	0.68291	0.999995	584	0	0.64539	0.0078201	0.026635	0.730764	35	3	0.64539
IMPDH2	4	0.68505	0.68441	0.999995	585	0	0.21638	0.73425	0.87175	0.999995	853	1	0.21638
COPS7A	4	0.68583	0.68523	0.999995	586	0	0.20254	0.85074	0.93092	0.999995	894	2	0.20254
SIRPA	3	0.68726	0.68773	0.999995	587	0	0.49934	0.01549	0.040234	0.730764	71	2	0.49934
RAP1GAP2	4	0.68737	0.68682	0.999995	588	0	0.41704	0.46387	0.70425	0.999995	719	3	0.41704
S1PR4	4	0.68814	0.68752	0.999995	589	0	0.68334	0.066087	0.18292	0.811612	239	3	0.68334
DMXL2	4	0.68853	0.68791	0.999995	590	0	0.42947	0.40228	0.64789	0.999995	677	3	0.42947
ACTL7A	4	0.68891	0.68831	0.999995	591	0	0.30105	0.5846	0.80567	0.999995	800	3	0.30105
FSD1L	4	0.69006	0.68952	0.999995	592	0	0.5638	0.12431	0.30902	0.858214	379	3	0.5638
TBK1	4	0.69083	0.6902	0.999995	593	0	0.47366	0.32929	0.57864	0.97669	627	3	0.47366
PSEN1	4	0.69159	0.69109	0.999995	594	0	0.37964	0.32555	0.57498	0.975168	624	2	0.37964
SEC31B	4	0.69198	0.69155	0.999995	595	0	0.54873	0.075606	0.20557	0.83623	257	3	0.54873
PACS2	4	0.69236	0.692	0.999995	596	0	0.36772	0.36516	0.61399	0.992461	654	2	0.36772
BATF3	4	0.69312	0.69263	0.999995	597	0	0.40931	0.27511	0.52393	0.945685	581	3	0.40931
TXNDC8	4	0.69388	0.69334	0.999995	598	0	0.63825	0.085251	0.22746	0.837387	285	3	0.63825
GNB3	4	0.69464	0.69418	0.999995	599	0	0.45088	0.25641	0.50436	0.933017	571	3	0.45088
RRM2B	8	0.69469	0.69506	0.999995	600	0	0.2098	0.52529	0.83421	0.999995	763	4	0.2098
FLNC	4	0.69502	0.69465	0.999995	601	0	0.41041	0.28162	0.53076	0.945685	592	2	0.41041
TMEM9B	4	0.69577	0.6955	0.999995	602	0	0.38825	0.34464	0.594	0.983263	639	2	0.38825
ZNF34	4	0.69615	0.69589	0.999995	603	0	0.48018	0.15399	0.36604	0.868064	446	3	0.48018
NMT2	4	0.69653	0.69632	0.999995	604	0	0.20269	0.50915	0.74348	0.999995	750	2	0.20269
MAT1A	4	0.69803	0.69764	0.999995	605	0	0.61931	0.099095	0.25781	0.844636	321	3	0.61931
DUOX2	4	0.69879	0.69842	0.999995	606	0	0.429	0.4852	0.7223	0.999995	734	3	0.429
GYS1	4	0.69916	0.69891	0.999995	607	0	0.62766	0.11369	0.28796	0.852633	359	3	0.62766
TPRX1	4	0.70028	0.70019	0.999995	608	0	0.67659	0.14916	0.35759	0.865399	438	3	0.67659
ARSJ	4	0.70066	0.70057	0.999995	609	0	0.3131	0.52656	0.75822	0.999995	764	3	0.3131
TLN2	4	0.70215	0.70183	0.999995	610	0	0.39921	0.38431	0.63146	0.998001	669	3	0.39921
NAA16	4	0.70326	0.7029	0.999995	611	0	0.49806	0.27492	0.52362	0.945685	580	3	0.49806
ITSN1	4	0.70363	0.70332	0.999995	612	0	0.46907	0.37565	0.62354	0.995415	662	3	0.46907
AP2A1	4	0.70474	0.70435	0.999995	613	0	0.27115	0.34993	0.59921	0.983263	645	3	0.27115
KIAA0319	4	0.70548	0.70499	0.999995	614	0	0.5502	0.13097	0.32224	0.858214	399	3	0.5502
SBF1	4	0.70585	0.70526	0.999995	615	0	0.3407	0.41122	0.65649	0.999995	683	3	0.3407
CDK5R2	4	0.70732	0.70666	0.999995	616	0	0.16046	0.85204	0.93151	0.999995	897	2	0.16046
CABP5	4	0.70806	0.70736	0.999995	617	0	0.55318	0.14762	0.35471	0.862374	435	3	0.55318
MOGAT2	4	0.70842	0.70782	0.999995	618	0	0.63664	0.097547	0.25439	0.844636	314	3	0.63664
STT3A	4	0.70952	0.70892	0.999995	619	0	0.13644	0.62137	0.82167	0.999995	814	1	0.13644
PTPN21	4	0.71134	0.71076	0.999995	620	0	0.32144	0.52007	0.75276	0.999995	758	3	0.32144
TRPM1	4	0.7117	0.71112	0.999995	621	0	0.34598	0.47899	0.71707	0.999995	727	3	0.34598
VANGL1	4	0.71207	0.71151	0.999995	622	0	0.48813	0.094707	0.24864	0.844636	309	3	0.48813
MACF1	4	0.71243	0.71192	0.999995	623	0	0.42035	0.20179	0.44505	0.885011	525	3	0.42035
ARID1B	4	0.71279	0.71217	0.999995	624	0	0.44359	0.37278	0.621	0.993257	660	3	0.44359
ARHGEF7	4	0.71315	0.7125	0.999995	625	0	0.5745	0.23043	0.47659	0.915187	547	3	0.5745
ISL1	4	0.7146	0.71377	0.999995	626	0	0.39175	0.026039	0.080885	0.811612	103	3	0.39175
ABL2	4	0.71532	0.71453	0.999995	627	0	0.46564	0.27022	0.51879	0.945685	577	3	0.46564
DENND5A	4	0.71604	0.71521	0.999995	628	0	0.21603	0.80667	0.90771	0.999995	882	2	0.21603
KCNG4	4	0.71675	0.71602	0.999995	629	0	0.45552	0.33239	0.58157	0.978448	629	3	0.45552
ARPC5L	4	0.71996	0.71926	0.999995	630	0	0.26983	0.19239	0.43483	0.885011	513	2	0.26983
PRG3	4	0.72032	0.71958	0.999995	631	0	0.5656	0.14172	0.34357	0.862374	419	3	0.5656
RHBDF2	4	0.72138	0.72063	0.999995	632	0	0.5183	0.1785	0.411	0.885011	485	3	0.5183
DPCR1	4	0.72174	0.72097	0.999995	633	0	0.66972	0.15063	0.36027	0.867482	440	3	0.66972
ATP5PB	4	0.72244	0.72173	0.999995	634	0	0.63235	0.10454	0.26923	0.844636	336	3	0.63235
CYP26C1	4	0.72279	0.7221	0.999995	635	0	0.23542	0.059082	0.16636	0.811612	208	2	0.23542
APOBEC3C	4	0.72315	0.72246	0.999995	636	0	0.48203	0.27543	0.52431	0.945685	583	3	0.48203
WAS	4	0.7235	0.7228	0.999995	637	0	0.43233	0.13548	0.33137	0.860236	409	3	0.43233
SMARCC2	4	0.72385	0.72318	0.999995	638	0	0.41814	0.40474	0.65048	0.999995	680	2	0.41814
FKBP4	4	0.72455	0.72397	0.999995	639	0	0.42973	0.31666	0.56608	0.966255	620	3	0.42973
PIP4P1	4	0.7249	0.72446	0.999995	640	0	0.49374	0.10494	0.27012	0.844636	340	3	0.49374
KRT38	4	0.72525	0.72479	0.999995	641	0	0.67999	0.11874	0.29784	0.858214	367	3	0.67999
LARP1B	4	0.72595	0.72541	0.999995	642	0	0.29495	0.52331	0.7554	0.999995	760	3	0.29495
BARHL1	4	0.72665	0.72617	0.999995	643	0	0.65142	0.18739	0.42649	0.885011	504	3	0.65142
NUMB	4	0.72804	0.72748	0.999995	644	0	0.44368	0.28202	0.53122	0.945685	595	3	0.44368
CALY	4	0.72874	0.72811	0.999995	645	0	0.41261	0.11261	0.28596	0.852633	355	2	0.41261
PHLDA2	4	0.72909	0.7284	0.999995	646	0	0.36498	0.34283	0.59214	0.983263	637	3	0.36498
CLIP4	4	0.72978	0.72905	0.999995	647	0	0.68655	0.057562	0.16252	0.811612	204	3	0.68655
SUSD1	4	0.73081	0.73005	0.999995	648	0	0.5026	0.37238	0.62062	0.993257	659	3	0.5026
CTPS1	4	0.7315	0.73076	0.999995	649	0	0.50902	0.15237	0.36333	0.868064	443	3	0.50902
MAK	4	0.73288	0.73198	0.999995	650	0	0.49597	0.088698	0.23555	0.843507	296	3	0.49597
STAM	4	0.73356	0.7327	0.999995	651	0	0.58788	0.084387	0.22565	0.837387	284	3	0.58788
XPR1	4	0.73527	0.73462	0.999995	652	0	0.44784	0.29237	0.54187	0.947442	606	3	0.44784
CYP2A6	4	0.73561	0.73494	0.999995	653	0	0.37606	0.54522	0.77338	0.999995	778	3	0.37606
MYBPH	4	0.73595	0.73527	0.999995	654	0	0.38215	0.4886	0.72557	0.999995	737	3	0.38215
DZIP3	4	0.73629	0.73565	0.999995	655	0	0.42917	0.32519	0.57461	0.975168	623	3	0.42917
CDNF	4	0.73663	0.73603	0.999995	656	0	0.43136	0.34824	0.59759	0.983263	642	3	0.43136
PCDH1	4	0.73764	0.73704	0.999995	657	0	0.61893	0.10929	0.27932	0.852633	346	3	0.61893
KLF5	4	0.73798	0.7374	0.999995	658	0	0.80419	0.022008	0.068891	0.808706	91	3	0.80419
EPHA3	4	0.73933	0.73885	0.999995	659	0	0.61762	0.10635	0.27307	0.848831	341	3	0.61762
SNTA1	4	0.74235	0.7418	0.999995	660	0	0.39379	0.062603	0.1749	0.811612	228	3	0.39379
SEC11C	4	0.74268	0.74215	0.999995	661	0	0.40593	0.27037	0.519	0.945685	578	3	0.40593
DMP1	4	0.74368	0.74322	0.999995	662	0	0.37404	0.51196	0.74585	0.999995	751	3	0.37404
BTBD11	4	0.74534	0.74495	0.999995	663	0	0.3522	0.47739	0.71583	0.999995	725	3	0.3522
TIRAP	4	0.74567	0.74534	0.999995	664	0	0.53571	0.069708	0.1915	0.816358	246	3	0.53571
IL6R	4	0.74633	0.74596	0.999995	665	0	0.48617	0.27925	0.52847	0.945685	589	3	0.48617
SNX6	4	0.74732	0.74713	0.999995	666	0	0.48779	0.38469	0.63175	0.998001	670	3	0.48779
STRADA	4	0.74765	0.74756	0.999995	667	0	0.37918	0.44848	0.69059	0.999995	707	3	0.37918
GPSM2	4	0.74896	0.74909	0.999995	668	0	0.44461	0.0069025	0.023674	0.730764	29	3	0.44461
RPL6	1	0.74913	0.75046	0.999995	669	0	0.67236	0.25087	0.25117	0.844636	566	1	0.67236
FKBP5	4	0.74961	0.74973	0.999995	670	0	0.24856	0.83701	0.9235	0.999995	890	2	0.24856
ABCB1	4	0.75059	0.7507	0.999995	671	0	0.70079	0.018242	0.058122	0.765493	79	3	0.70079
STX7	4	0.75091	0.7511	0.999995	672	0	0.57268	0.086113	0.22958	0.839143	289	3	0.57268
SEC14L3	4	0.75124	0.75139	0.999995	673	0	0.45908	0.18133	0.41594	0.885011	491	2	0.45908
PXDN	4	0.75156	0.75172	0.999995	674	0	0.81948	0.020938	0.065818	0.802036	85	3	0.81948
VPS26A	4	0.75221	0.75234	0.999995	675	0	0.41002	0.30228	0.552	0.955695	612	2	0.41002
H2AFX	4	0.75254	0.75265	0.999995	676	0	0.36551	0.40244	0.64802	0.999995	678	3	0.36551
ADAM19	4	0.75318	0.75332	0.999995	677	0	0.35032	0.45438	0.69575	0.999995	712	3	0.35032
NR5A2	4	0.75383	0.75393	0.999995	678	0	0.49308	0.208	0.45193	0.88548	536	3	0.49308
NRBP1	4	0.75415	0.75415	0.999995	679	0	0.60751	0.17933	0.41256	0.885011	487	3	0.60751
VRTN	4	0.7564	0.75634	0.999995	680	0	0.3878	0.41313	0.6583	0.999995	686	3	0.3878
LARP1	4	0.75704	0.75704	0.999995	681	0	0.57648	0.13387	0.32823	0.858448	406	3	0.57648
SLC32A1	4	0.75863	0.75868	0.999995	682	0	0.33286	0.54612	0.7742	0.999995	780	3	0.33286
UNC119B	4	0.75958	0.75973	0.999995	683	0	0.2394	0.7714	0.89035	0.999995	864	2	0.2394
SEC31A	4	0.76022	0.76048	0.999995	684	0	0.39114	0.33319	0.58245	0.978448	630	3	0.39114
LATS1	4	0.76085	0.76104	0.999995	685	0	0.44384	0.35367	0.60282	0.983263	649	3	0.44384
GRHL3	4	0.76148	0.76169	0.999995	686	0	0.23286	0.5086	0.74292	0.999995	748	2	0.23286
GLIS3	4	0.76211	0.76224	0.999995	687	0	0.54518	0.2934	0.54297	0.947442	608	3	0.54518
SLCO2B1	4	0.76242	0.76257	0.999995	688	0	0.43005	0.25124	0.49897	0.929225	567	3	0.43005
PTPN14	4	0.76274	0.7629	0.999995	689	0	0.41406	0.23401	0.48086	0.916674	552	3	0.41406
PRDM16	4	0.76305	0.76325	0.999995	690	0	0.24847	0.52738	0.75889	0.999995	765	3	0.24847
CD44	4	0.7643	0.76452	0.999995	691	0	0.35753	0.79535	0.90211	0.999995	873	2	0.35753
DDX39A	4	0.76492	0.76504	0.999995	692	0	0.42782	0.37115	0.61949	0.993257	657	3	0.42782
PGLS	4	0.76524	0.76545	0.999995	693	0	0.61868	0.061043	0.17099	0.811612	220	3	0.61868
ARFGEF1	4	0.76555	0.76581	0.999995	694	0	0.52121	0.011484	0.038357	0.730764	52	3	0.52121
HPS1	4	0.76617	0.76641	0.999995	695	0	0.2994	0.52088	0.7535	0.999995	759	3	0.2994
BZW1	3	0.76648	0.76724	0.999995	696	0	0.29687	0.23352	0.44261	0.885011	551	3	0.29687
VIM	4	0.76772	0.7681	0.999995	697	0	0.51795	0.24729	0.4953	0.926354	563	3	0.51795
PPP2R1B	4	0.76802	0.76843	0.999995	698	0	0.3584	0.48419	0.72143	0.999995	733	3	0.3584
KCNT1	4	0.76833	0.76869	0.999995	699	0	0.55794	0.13355	0.32751	0.858448	404	3	0.55794
IAPP	4	0.76864	0.76903	0.999995	700	0	0.69599	0.16731	0.39038	0.885011	462	3	0.69599
NUMBL	4	0.76925	0.76957	0.999995	701	0	0.51407	0.11688	0.29427	0.858214	362	3	0.51407
IPO5	4	0.76956	0.76979	0.999995	702	0	0.31514	0.56615	0.79109	0.999995	791	3	0.31514
KIAA0319L	4	0.77018	0.77045	0.999995	703	0	0.4614	0.30348	0.55312	0.955695	613	3	0.4614
ALAS1	8	0.77101	0.76976	0.999995	704	0	0.47957	0.045976	0.19127	0.816358	172	7	0.47957
ENOX1	4	0.77231	0.77277	0.999995	705	0	0.49298	0.3125	0.56193	0.965363	617	3	0.49298
AP1G2	4	0.77292	0.77355	0.999995	706	0	0.61282	0.086857	0.23118	0.840249	290	3	0.61282
CELA2A	4	0.77322	0.77388	0.999995	707	0	0.39844	0.47912	0.71718	0.999995	728	2	0.39844
CLTCL1	4	0.77474	0.77537	0.999995	708	0	0.83279	0.018406	0.058495	0.765493	80	3	0.83279
USP13	4	0.77564	0.77606	0.999995	709	0	0.45498	0.04579	0.13392	0.811612	171	3	0.45498
HTR3E	4	0.77804	0.77854	0.999995	710	0	0.43237	0.34188	0.59117	0.983263	636	3	0.43237
SRI	4	0.77923	0.77973	0.999995	711	0	0.30474	0.51358	0.74716	0.999995	752	3	0.30474
SLC25A2	4	0.77952	0.77996	0.999995	712	0	0.76192	0.077725	0.21028	0.83623	261	3	0.76192
AXL	4	0.78012	0.78056	0.999995	713	0	0.48033	0.14336	0.34687	0.862374	421	3	0.48033
ERO1A	4	0.78424	0.78483	0.999995	714	0	0.6455	0.056864	0.1609	0.811612	200	3	0.6455
PHLDA1	4	0.78569	0.78598	0.999995	715	0	0.5236	0.12059	0.30135	0.858214	373	3	0.5236
MARCKS	4	0.78627	0.7865	0.999995	716	0	0.59517	0.098519	0.25649	0.844636	319	3	0.59517
DEGS2	4	0.78656	0.78688	0.999995	717	0	0.33723	0.46983	0.70947	0.999995	721	3	0.33723
MRGPRX2	4	0.78685	0.78722	0.999995	718	0	0.5973	0.17119	0.39807	0.885011	471	3	0.5973
PXDNL	4	0.78743	0.78782	0.999995	719	0	0.68687	0.024921	0.077541	0.811612	99	3	0.68687
CCDC69	4	0.7883	0.78859	0.999995	720	0	0.56521	0.022694	0.07104	0.809699	94	3	0.56521
FLOT2	4	0.79002	0.79035	0.999995	721	0	0.43663	0.28468	0.53392	0.945685	597	3	0.43663
SS18	4	0.79031	0.79057	0.999995	722	0	0.376	0.53714	0.76653	0.999995	772	3	0.376
FOXE3	4	0.79059	0.79099	0.999995	723	0	0.60289	0.046821	0.13633	0.811612	178	3	0.60289
NOX3	4	0.79116	0.79153	0.999995	724	0	0.59727	0.2558	0.50383	0.933017	570	3	0.59727
EFR3B	4	0.79173	0.79207	0.999995	725	0	0.32854	0.47814	0.7164	0.999995	726	2	0.32854
PACS1	4	0.79258	0.79296	0.999995	726	0	0.70812	0.010808	0.03605	0.730764	47	3	0.70812
NCK1	4	0.79287	0.79329	0.999995	727	0	0.7433	0.044898	0.13172	0.811612	170	3	0.7433
ASCL1	4	0.79343	0.79398	0.999995	728	0	0.69355	0.041602	0.12332	0.811612	154	3	0.69355
ADARB2	4	0.794	0.79438	0.999995	729	0	0.31174	0.066115	0.183	0.811612	240	3	0.31174
PRKAB1	4	0.79428	0.79467	0.999995	730	0	0.49081	0.28483	0.53409	0.945685	598	3	0.49081
ALAS2	4	0.79456	0.79493	0.999995	731	0	0.5413	0.2589	0.50717	0.933332	574	3	0.5413
DYNC1LI1	3	0.7949	0.79572	0.999995	732	0	0.53696	0.2051	0.39901	0.885011	528	3	0.53696
ATM	4	0.79512	0.79542	0.999995	733	0	0.43522	0.38207	0.62958	0.998001	665	3	0.43522
FLOT1	4	0.79736	0.79779	0.999995	734	0	0.59351	0.11204	0.28489	0.852633	353	3	0.59351
YAF2	4	0.79792	0.79834	0.999995	735	0	0.3648	0.48659	0.72363	0.999995	736	3	0.3648
UBASH3B	4	0.79847	0.79897	0.999995	736	0	0.31118	0.54367	0.77205	0.999995	777	3	0.31118
PDLIM5	4	0.80096	0.8011	0.999995	737	0	0.4943	0.16072	0.37847	0.871727	457	3	0.4943
TMEM185A	4	0.80151	0.80161	0.999995	738	0	0.68585	0.050361	0.14483	0.811612	184	3	0.68585
IFIH1	4	0.80178	0.80188	0.999995	739	0	0.58408	0.14596	0.35155	0.862374	428	3	0.58408
ZAP70	4	0.80261	0.80263	0.999995	740	0	0.52013	0.18659	0.42521	0.885011	501	3	0.52013
RANBP6	3	0.80297	0.80356	0.999995	741	0	0.7514	0.076591	0.17509	0.811612	259	3	0.7514
IL6ST	4	0.80315	0.80315	0.999995	742	0	0.37013	0.45517	0.69645	0.999995	715	3	0.37013
TRIM25	4	0.80424	0.80432	0.999995	743	0	0.55576	0.17639	0.40742	0.885011	481	3	0.55576
CPS1	4	0.80478	0.80483	0.999995	744	0	0.4184	0.36093	0.60943	0.989273	652	3	0.4184
ATOH1	4	0.80505	0.80502	0.999995	745	0	0.41674	0.42469	0.66923	0.999995	695	3	0.41674
RANBP17	4	0.80559	0.80561	0.999995	746	0	0.58416	0.18686	0.42557	0.885011	503	3	0.58416
NDUFC1	4	0.8064	0.80651	0.999995	747	0	0.48788	0.0582	0.16421	0.811612	205	3	0.48788
ZNF284	4	0.80748	0.80774	0.999995	748	0	0.48947	0.19252	0.43496	0.885011	514	4	0.48947
ADM	4	0.80801	0.80836	0.999995	749	0	0.34451	0.19199	0.43412	0.885011	512	4	0.34451
SPTLC3	4	0.81068	0.81129	0.999995	750	0	0.30014	0.18932	0.43002	0.885011	511	4	0.30014
TUBB4B	8	0.8108	0.80965	0.999995	751	0	0.53652	0.10483	0.34104	0.862374	339	5	0.53652
RNF2	3	0.81083	0.81098	0.999995	752	0	0.68075	0.12985	0.27627	0.848831	395	3	0.68075
TANC1	4	0.81147	0.81202	0.999995	753	0	0.33988	0.18853	0.42859	0.885011	508	4	0.33988
HTR2C	4	0.81173	0.81227	0.999995	754	0	0.54034	0.18827	0.42807	0.885011	507	4	0.54034
NXT2	4	0.812	0.81257	0.999995	755	0	0.50471	0.188	0.42759	0.885011	505	4	0.50471
KRT37	4	0.81331	0.81417	0.999995	756	0	0.61927	0.18669	0.42533	0.885011	502	4	0.61927
SLC11A1	4	0.81357	0.81439	0.999995	757	0	0.4516	0.18643	0.42495	0.885011	500	4	0.4516
GPR50	4	0.81383	0.81468	0.999995	758	0	0.6492	0.17218	0.40012	0.885011	473	4	0.6492
PSMB9	4	0.81436	0.81521	0.999995	759	0	0.33601	0.18564	0.42353	0.885011	499	4	0.33601
HOXB1	4	0.81462	0.81547	0.999995	760	0	0.44648	0.18538	0.4231	0.885011	498	4	0.44648
TREML4	3	0.81468	0.81476	0.999995	761	0	0.71653	0.18532	0.36859	0.869274	497	3	0.71653
MBP	4	0.81514	0.81598	0.999995	762	0	0.48391	0.18486	0.42208	0.885011	495	4	0.48391
CHML	4	0.81566	0.81655	0.999995	763	0	0.52349	0.18434	0.42134	0.885011	494	4	0.52349
MED12L	4	0.81618	0.81708	0.999995	764	0	0.4169	0.18382	0.4204	0.885011	493	4	0.4169
CDK16	4	0.81669	0.8176	0.999995	765	0	0.56173	0.12528	0.31105	0.858214	383	4	0.56173
CAB39L	4	0.81927	0.82006	0.999995	766	0	0.6244	0.098122	0.25558	0.844636	316	4	0.6244
SS18L1	4	0.82181	0.82266	0.999995	767	0	0.51789	0.012399	0.041084	0.730764	54	4	0.51789
FXR2	4	0.82433	0.8251	0.999995	768	0	0.46343	0.17567	0.40623	0.885011	480	4	0.46343
LNX1	4	0.82458	0.82533	0.999995	769	0	0.5494	0.17542	0.40579	0.885011	478	4	0.5494
CNOT6	4	0.82607	0.82672	0.999995	770	0	0.50203	0.17393	0.40342	0.885011	476	4	0.50203
FNIP2	4	0.82657	0.82716	0.999995	771	0	0.34926	0.17343	0.40259	0.885011	475	4	0.34926
CD163L1	4	0.82707	0.82763	0.999995	772	0	0.42967	0.17293	0.40164	0.885011	474	4	0.42967
TYROBP	4	0.82781	0.82834	0.999995	773	0	0.67923	0.081793	0.21944	0.83623	274	4	0.67923
CSTF2T	4	0.82805	0.82853	0.999995	774	0	0.69206	0.010919	0.036442	0.730764	48	4	0.69206
NSDHL	4	0.82855	0.82897	0.999995	775	0	0.57066	0.17145	0.39866	0.885011	472	4	0.57066
HEATR5B	4	0.82904	0.82946	0.999995	776	0	0.54943	0.17096	0.39759	0.885011	470	4	0.54943
FRY	4	0.82977	0.83021	0.999995	777	0	0.63972	0.095828	0.25099	0.844636	310	4	0.63972
SLC11A2	4	0.83002	0.8305	0.999995	778	0	0.28405	0.16998	0.39581	0.885011	468	4	0.28405
S100A6	4	0.83026	0.83074	0.999995	779	0	0.50403	0.1376	0.33546	0.862374	412	4	0.50403
NBEAL1	4	0.8305	0.83101	0.999995	780	0	0.50921	0.1695	0.39487	0.885011	466	4	0.50921
CWF19L1	4	0.83099	0.83159	0.999995	781	0	0.35311	0.16901	0.39366	0.885011	464	4	0.35311
PDGFC	4	0.83123	0.83177	0.999995	782	0	0.49951	0.15972	0.37658	0.871727	454	4	0.49951
RHOT1	4	0.8322	0.83276	0.999995	783	0	0.53338	0.1678	0.39131	0.885011	463	4	0.53338
NCK2	4	0.83245	0.83302	0.999995	784	0	0.52742	0.15748	0.37239	0.871727	449	4	0.52742
RNF144A	4	0.83269	0.83329	0.999995	785	0	0.53789	0.16731	0.39038	0.885011	461	4	0.53789
GOLT1A	4	0.83341	0.83388	0.999995	786	0	0.70142	0.021161	0.066584	0.802036	88	4	0.70142
KCNMB3	4	0.8358	0.83612	0.999995	787	0	0.56608	0.12786	0.31591	0.858214	390	4	0.56608
ZDHHC17	4	0.8377	0.83808	0.999995	788	0	0.53518	0.12765	0.31539	0.858214	389	4	0.53518
GMPR2	4	0.83817	0.83855	0.999995	789	0	0.53354	0.16183	0.38049	0.872991	460	4	0.53354
TCF4	4	0.83934	0.83981	0.999995	790	0	0.34398	0.16066	0.37835	0.871727	456	4	0.34398
COX6B1	8	0.83963	0.83852	0.999995	791	0	0.42089	0.028249	0.13171	0.811612	110	6	0.42089
EFR3A	4	0.83981	0.84037	0.999995	792	0	0.56689	0.16019	0.3774	0.871727	455	4	0.56689
H1FOO	4	0.84005	0.84056	0.999995	793	0	0.79022	0.066543	0.18418	0.813469	241	4	0.79022
DEGS1	4	0.84028	0.84077	0.999995	794	0	0.39911	0.15972	0.37658	0.871727	453	4	0.39911
UNC45B	4	0.84074	0.84115	0.999995	795	0	0.39011	0.15926	0.37573	0.871727	451	4	0.39011
SEC23B	4	0.84237	0.84294	0.999995	796	0	0.61514	0.13415	0.3288	0.858448	407	4	0.61514
RECK	4	0.84283	0.84338	0.999995	797	0	0.71791	0.043244	0.12748	0.811612	163	4	0.71791
IKBKB	4	0.84466	0.84533	0.999995	798	0	0.52196	0.11424	0.28914	0.853733	360	4	0.52196
CTPS2	4	0.84557	0.84623	0.999995	799	0	0.73311	0.011143	0.037171	0.730764	49	4	0.73311
CHM	4	0.8458	0.84645	0.999995	800	0	0.67626	0.064729	0.17991	0.811612	235	4	0.67626
CRY1	4	0.84603	0.84667	0.999995	801	0	0.55757	0.15397	0.36602	0.868064	445	4	0.55757
ALG14	4	0.84648	0.84713	0.999995	802	0	0.5358	0.15352	0.36535	0.868064	444	4	0.5358
UMPS	4	0.84716	0.84788	0.999995	803	0	0.62142	0.10083	0.26152	0.844636	327	4	0.62142
HACD1	4	0.84783	0.84852	0.999995	804	0	0.48018	0.15217	0.36303	0.868064	442	4	0.48018
SMC1B	4	0.84895	0.84956	0.999995	805	0	0.42192	0.15105	0.36091	0.867482	441	4	0.42192
ZFYVE19	4	0.85007	0.85071	0.999995	806	0	0.50232	0.14993	0.35892	0.86663	439	4	0.50232
TANC2	3	0.85094	0.85102	0.999995	807	0	0.4433	0.14906	0.30896	0.858214	437	3	0.4433
MTA3	4	0.85162	0.85208	0.999995	808	0	0.42801	0.14838	0.35612	0.863822	436	4	0.42801
MMD2	4	0.85272	0.85301	0.999995	809	0	0.56283	0.14728	0.3541	0.862374	432	4	0.56283
ANXA1	4	0.85381	0.85419	0.999995	810	0	0.55243	0.044075	0.12978	0.811612	168	4	0.55243
PLCG1	4	0.85403	0.85443	0.999995	811	0	0.47051	0.14597	0.35155	0.862374	429	4	0.47051
NBEAL2	4	0.85425	0.85469	0.999995	812	0	0.45134	0.14575	0.35117	0.862374	426	4	0.45134
BICD2	4	0.85555	0.85595	0.999995	813	0	0.49869	0.14445	0.34886	0.862374	424	4	0.49869
PAPSS1	4	0.85641	0.85673	0.999995	814	0	0.33037	0.14359	0.34724	0.862374	423	4	0.33037
CAV1	4	0.85663	0.85696	0.999995	815	0	0.46395	0.14337	0.34688	0.862374	422	4	0.46395
DGAT2L6	4	0.85684	0.85715	0.999995	816	0	0.70945	0.059747	0.16794	0.811612	212	4	0.70945
XDH	4	0.85877	0.85907	0.999995	817	0	0.65379	0.048982	0.1417	0.811612	181	4	0.65379
PLCG2	4	0.85898	0.85934	0.999995	818	0	0.43584	0.14102	0.34221	0.862374	418	4	0.43584
TMEM185B	4	0.85962	0.8599	0.999995	819	0	0.58905	0.14038	0.34091	0.862374	416	4	0.58905
CAT	4	0.86025	0.86042	0.999995	820	0	0.45827	0.13975	0.33957	0.862374	415	4	0.45827
RPL3L	4	0.86088	0.86102	0.999995	821	0	0.54606	0.12002	0.30023	0.858214	371	4	0.54606
GXYLT1	4	0.86193	0.86204	0.999995	822	0	0.45774	0.13807	0.3364	0.862374	414	4	0.45774
SLC25A15	4	0.86214	0.86224	0.999995	823	0	0.58897	0.13786	0.33596	0.862374	413	4	0.58897
PRSS37	4	0.86297	0.86313	0.999995	824	0	0.5194	0.13703	0.33447	0.862374	411	4	0.5194
NDEL1	4	0.86421	0.8644	0.999995	825	0	0.60336	0.13579	0.33192	0.860236	410	4	0.60336
EAF2	4	0.86504	0.86524	0.999995	826	0	0.6324	0.082769	0.22176	0.83623	279	4	0.6324
MYH7	4	0.86688	0.86717	0.999995	827	0	0.43477	0.13312	0.32672	0.858448	403	4	0.43477
SMAP2	4	0.86728	0.86753	0.999995	828	0	0.71167	0.054595	0.15543	0.811612	194	4	0.71167
PLXDC2	4	0.86749	0.86771	0.999995	829	0	0.53427	0.13251	0.32551	0.858448	401	4	0.53427
PLD1	4	0.86769	0.86793	0.999995	830	0	0.41387	0.13231	0.32512	0.858448	400	4	0.41387
LMBR1L	4	0.8691	0.86926	0.999995	831	0	0.55869	0.1309	0.32209	0.858214	398	4	0.55869
LIMK1	4	0.8701	0.87032	0.999995	832	0	0.34246	0.1299	0.31999	0.858214	396	4	0.34246
GBX2	4	0.8707	0.87095	0.999995	833	0	0.4738	0.1293	0.31882	0.858214	393	4	0.4738
SHCBP1L	4	0.8711	0.87125	0.999995	834	0	0.68419	0.090662	0.24001	0.844636	299	4	0.68419
RSPH1	4	0.87189	0.87205	0.999995	835	0	0.48664	0.12811	0.31641	0.858214	391	4	0.48664
DYNLT3	4	0.87209	0.87223	0.999995	836	0	0.71242	0.022416	0.07019	0.808706	93	4	0.71242
PDGFD	4	0.87248	0.87264	0.999995	837	0	0.86249	0.0048367	0.017201	0.730764	22	4	0.86249
PPP3CC	4	0.87268	0.87285	0.999995	838	0	0.46875	0.12732	0.31472	0.858214	388	4	0.46875
TTC7B	4	0.87346	0.87373	0.999995	839	0	0.66383	0.12654	0.31328	0.858214	387	4	0.66383
TBC1D9	4	0.87366	0.87388	0.999995	840	0	0.44925	0.12634	0.31297	0.858214	386	4	0.44925
SOHLH1	4	0.87385	0.87408	0.999995	841	0	0.35203	0.12615	0.31272	0.858214	385	4	0.35203
BCAP31	4	0.87405	0.87429	0.999995	842	0	0.33584	0.12595	0.31236	0.858214	384	4	0.33584
CYFIP1	4	0.87483	0.87517	0.999995	843	0	0.47315	0.12517	0.31082	0.858214	382	4	0.47315
UAP1L1	4	0.87541	0.87575	0.999995	844	0	0.54351	0.12459	0.30947	0.858214	380	4	0.54351
ZNF521	4	0.87676	0.87718	0.999995	845	0	0.51048	0.12324	0.30682	0.858214	378	4	0.51048
TOP2B	4	0.87771	0.87807	0.999995	846	0	0.40203	0.12229	0.30483	0.858214	376	4	0.40203
CYFIP2	4	0.87829	0.87864	0.999995	847	0	0.52312	0.12171	0.30369	0.858214	374	4	0.52312
SHMT1	4	0.87885	0.87918	0.999995	848	0	0.66557	0.039538	0.11799	0.811612	147	4	0.66557
TOMM40L	4	0.88036	0.8807	0.999995	849	0	0.5214	0.11964	0.29946	0.858214	370	4	0.5214
MYBPHL	4	0.88074	0.88114	0.999995	850	0	0.44777	0.11926	0.29877	0.858214	369	4	0.44777
ADARB1	4	0.88111	0.88166	0.999995	851	0	0.60813	0.11889	0.2981	0.858214	368	4	0.60813
TOMM20L	4	0.88149	0.88189	0.999995	852	0	0.42629	0.11851	0.29745	0.858214	366	4	0.42629
EPHA2	4	0.88186	0.88216	0.999995	853	0	0.48796	0.11814	0.29666	0.858214	365	4	0.48796
HMGCLL1	4	0.88662	0.88644	0.999995	854	0	0.44861	0.11338	0.2873	0.852633	358	4	0.44861
NDUFB4	4	0.88698	0.88684	0.999995	855	0	0.47048	0.11302	0.28663	0.852633	357	4	0.47048
ERC2	4	0.88716	0.88703	0.999995	856	0	0.67545	0.11284	0.28627	0.852633	356	4	0.67545
GIT1	4	0.8877	0.8876	0.999995	857	0	0.77021	0.013863	0.045456	0.730764	62	4	0.77021
RAD17	3	0.88834	0.88829	0.999995	858	0	0.72587	0.048669	0.11624	0.811612	180	3	0.72587
ZNF423	4	0.88894	0.88875	0.999995	859	0	0.50623	0.11106	0.28297	0.852633	352	4	0.50623
LDB2	4	0.88912	0.88895	0.999995	860	0	0.48628	0.11088	0.28262	0.852633	351	4	0.48628
KAT6B	4	0.88965	0.88948	0.999995	861	0	0.48748	0.11035	0.28145	0.852633	349	4	0.48748
AIPL1	4	0.89053	0.89033	0.999995	862	0	0.62798	0.10947	0.27964	0.852633	347	4	0.62798
RSC1A1	4	0.89245	0.89206	0.999995	863	0	0.45307	0.10755	0.27565	0.848831	345	4	0.45307
KRTAP1-1	4	0.89263	0.89222	0.999995	864	0	0.55995	0.10737	0.27523	0.848831	344	4	0.55995
TGFBR2	4	0.89349	0.89317	0.999995	865	0	0.47846	0.10651	0.27333	0.848831	342	4	0.47846
TMEM9	4	0.8952	0.89461	0.999995	866	0	0.53053	0.1048	0.26979	0.844636	338	4	0.53053
IQCA1L	4	0.89537	0.89474	0.999995	867	0	0.48173	0.10463	0.26947	0.844636	337	4	0.48173
DNAJC15	4	0.89571	0.89504	0.999995	868	0	0.56637	0.10429	0.26873	0.844636	334	4	0.56637
MTUS2	4	0.89621	0.89553	0.999995	869	0	0.35926	0.10379	0.26771	0.844636	332	4	0.35926
OSBPL6	4	0.89739	0.89662	0.999995	870	0	0.36385	0.10261	0.26546	0.844636	331	4	0.36385
PRDM13	4	0.89955	0.89879	0.999995	871	0	0.59899	0.024229	0.075738	0.811612	97	4	0.59899
TBPL2	4	0.9002	0.89942	0.999995	872	0	0.72709	0.037996	0.11374	0.811612	141	4	0.72709
ZIC3	4	0.90053	0.89977	0.999995	873	0	0.37043	0.099468	0.25863	0.844636	323	4	0.37043
SERPINA12	8	0.90056	0.90097	0.999995	874	0	0.50956	0.15767	0.45085	0.885011	450	6	0.50956
LIMK2	4	0.90086	0.90013	0.999995	875	0	0.59603	0.099141	0.25791	0.844636	322	4	0.59603
LATS2	4	0.90118	0.90043	0.999995	876	0	0.53835	0.098816	0.2572	0.844636	320	4	0.53835
SPTAN1	4	0.90183	0.90097	0.999995	877	0	0.45019	0.098167	0.25563	0.844636	318	4	0.45019
CNOT6L	4	0.90199	0.90113	0.999995	878	0	0.66434	0.08723	0.23226	0.840249	292	4	0.66434
FXR1	4	0.90216	0.90129	0.999995	879	0	0.50153	0.097844	0.25503	0.844636	315	4	0.50153
ARFGEF2	4	0.90248	0.9016	0.999995	880	0	0.54635	0.097521	0.25436	0.844636	313	4	0.54635
MBD3L1	4	0.9028	0.9019	0.999995	881	0	0.73968	0.079406	0.21387	0.83623	266	4	0.73968
JAG2	4	0.90344	0.90251	0.999995	882	0	0.57386	0.096559	0.25247	0.844636	312	4	0.57386
NAT8L	4	0.90519	0.90404	0.999995	883	0	0.71079	0.065935	0.18247	0.811612	238	4	0.71079
GALNT2	4	0.90597	0.90471	0.999995	884	0	0.53762	0.094027	0.24729	0.844636	308	4	0.53762
ERN2	4	0.90613	0.90482	0.999995	885	0	0.50573	0.09387	0.24689	0.844636	307	4	0.50573
RAP1GAP	4	0.90675	0.90523	0.999995	886	0	0.64356	0.055249	0.15684	0.811612	197	4	0.64356
CLASP1	4	0.90738	0.90583	0.999995	887	0	0.72867	0.057206	0.16174	0.811612	202	4	0.72867
RBMXL2	4	0.90753	0.9061	0.999995	888	0	0.88177	0.0086404	0.029278	0.730764	39	4	0.88177
JAG1	4	0.90799	0.90668	0.999995	889	0	0.57228	0.092006	0.24283	0.844636	303	4	0.57228
GOLPH3	4	0.90815	0.90689	0.999995	890	0	0.55391	0.091852	0.24255	0.844636	302	4	0.55391
STX4	4	0.90876	0.90757	0.999995	891	0	0.72632	0.014874	0.048183	0.730764	67	4	0.72632
PMM1	4	0.90892	0.90768	0.999995	892	0	0.38728	0.091085	0.24076	0.844636	301	4	0.38728
AKAP11	4	0.90907	0.90791	0.999995	893	0	0.48062	0.090932	0.24048	0.844636	300	4	0.48062
FMR1	4	0.90922	0.90807	0.999995	894	0	0.66027	0.061825	0.1728	0.811612	225	4	0.66027
OSMR	4	0.91134	0.9101	0.999995	895	0	0.46717	0.088662	0.23543	0.843507	295	4	0.46717
AQP8	4	0.91238	0.91134	0.999995	896	0	0.57072	0.087617	0.23312	0.84049	293	4	0.57072
TAS1R2	4	0.91283	0.91175	0.999995	897	0	0.65332	0.087172	0.2321	0.840249	291	4	0.65332
GSTP1	4	0.9143	0.91318	0.999995	898	0	0.3288	0.085701	0.22831	0.837387	288	4	0.3288
UCHL5	4	0.91445	0.91333	0.999995	899	0	0.46131	0.085555	0.22806	0.837387	287	4	0.46131
AOX1	4	0.91474	0.91367	0.999995	900	0	0.65086	0.085263	0.22752	0.837387	286	4	0.65086
ULK2	4	0.91618	0.9152	0.999995	901	0	0.62951	0.066991	0.18511	0.813947	242	4	0.62951
NSG1	4	0.91633	0.91539	0.999995	902	0	0.39559	0.083673	0.22386	0.837387	283	4	0.39559
DNAJC19	3	0.91653	0.91623	0.999995	903	0	0.59779	0.083467	0.18975	0.816358	282	3	0.59779
ABL1	4	0.9169	0.9159	0.999995	904	0	0.4594	0.0831	0.22247	0.83623	281	4	0.4594
FLNB	4	0.91789	0.91702	0.999995	905	0	0.59241	0.082105	0.22016	0.83623	277	4	0.59241
SIX6	4	0.91818	0.91733	0.999995	906	0	0.51917	0.081822	0.21954	0.83623	275	4	0.51917
ERC1	4	0.91832	0.91747	0.999995	907	0	0.62688	0.081681	0.21921	0.83623	273	4	0.62688
UTRN	4	0.91846	0.9176	0.999995	908	0	0.67946	0.08154	0.21889	0.83623	272	4	0.67946
SATB2	4	0.92	0.91922	0.999995	909	0	0.69484	0.016461	0.052835	0.74213	74	4	0.69484
DLL4	4	0.92027	0.9196	0.999995	910	0	0.63207	0.079725	0.21454	0.83623	268	4	0.63207
DZIP1L	4	0.92041	0.91982	0.999995	911	0	0.48372	0.079587	0.21419	0.83623	267	4	0.48372
MBD4	8	0.92118	0.92144	0.999995	912	0	0.59312	0.032123	0.14655	0.811612	124	6	0.59312
EPC1	4	0.92138	0.92073	0.999995	913	0	0.48759	0.078624	0.21219	0.83623	264	4	0.48759
CCT6B	4	0.92165	0.92096	0.999995	914	0	0.43979	0.07835	0.2116	0.83623	263	4	0.43979
ZEB1	4	0.92314	0.92252	0.999995	915	0	0.48635	0.076858	0.20835	0.83623	260	4	0.48635
DUOX1	4	0.92341	0.92276	0.999995	916	0	0.54682	0.076589	0.20778	0.83623	258	4	0.54682
TAF9	4	0.92488	0.92429	0.999995	917	0	0.91387	0.0029143	0.01069	0.730764	14	4	0.91387
HEATR5A	4	0.92527	0.9246	0.999995	918	0	0.404	0.074725	0.20303	0.830938	256	4	0.404
TCF3	4	0.92762	0.9268	0.999995	919	0	0.57269	0.072379	0.1978	0.819143	253	4	0.57269
REG3A	4	0.92801	0.9272	0.999995	920	0	0.62863	0.071994	0.19695	0.819143	252	4	0.62863
RNF130	4	0.92852	0.92762	0.999995	921	0	0.56218	0.071482	0.19582	0.819143	250	4	0.56218
MYBL2	4	0.92915	0.92829	0.999995	922	0	0.84601	0.0078077	0.026616	0.730764	34	4	0.84601
KLK12	4	0.92966	0.92879	0.999995	923	0	0.68143	0.070341	0.19292	0.816358	248	4	0.68143
FCRL3	4	0.92991	0.92912	0.999995	924	0	0.5259	0.070089	0.19246	0.816358	247	4	0.5259
COPZ2	4	0.93016	0.9294	0.999995	925	0	0.8595	0.0057215	0.02004	0.730764	25	4	0.8595
RANBP10	4	0.93054	0.92977	0.999995	926	0	0.5367	0.069463	0.19097	0.816358	245	4	0.5367
BTG1	4	0.93153	0.93072	0.999995	927	0	0.62507	0.049638	0.14319	0.811612	183	4	0.62507
TBC1D1	4	0.93312	0.93235	0.999995	928	0	0.64014	0.063832	0.17782	0.811612	232	4	0.64014
RCBTB2	4	0.9348	0.93421	0.999995	929	0	0.6499	0.065195	0.18098	0.811612	237	4	0.6499
BRSK2	4	0.93504	0.93442	0.999995	930	0	0.51418	0.064958	0.1804	0.811612	236	4	0.51418
RUNX1	4	0.93528	0.93472	0.999995	931	0	0.54562	0.06472	0.17989	0.811612	234	4	0.54562
GPR183	4	0.93575	0.93509	0.999995	932	0	0.50682	0.064248	0.17872	0.811612	233	4	0.50682
DRD3	4	0.93646	0.93572	0.999995	933	0	0.53192	0.063545	0.17717	0.811612	231	4	0.53192
RTP1	4	0.93692	0.93623	0.999995	934	0	0.65802	0.063079	0.17598	0.811612	230	4	0.65802
TSPO2	4	0.93738	0.93666	0.999995	935	0	0.48178	0.062615	0.17492	0.811612	229	4	0.48178
ANKRD10	4	0.93796	0.93716	0.999995	936	0	0.45973	0.06204	0.17338	0.811612	227	4	0.45973
DLL1	4	0.93807	0.93726	0.999995	937	0	0.56186	0.061925	0.17303	0.811612	226	4	0.56186
SLC35F4	4	0.93819	0.93743	0.999995	938	0	0.67138	0.061811	0.17278	0.811612	224	4	0.67138
GYS2	4	0.93876	0.93804	0.999995	939	0	0.54937	0.061241	0.17145	0.811612	221	4	0.54937
LIM2	4	0.93899	0.93831	0.999995	940	0	0.62092	0.061014	0.17089	0.811612	219	4	0.62092
MYD88	4	0.93933	0.93868	0.999995	941	0	0.45359	0.060675	0.17016	0.811612	218	4	0.45359
KPNA3	4	0.93966	0.93901	0.999995	942	0	0.68291	0.060337	0.16938	0.811612	217	4	0.68291
FAM71B	4	0.94011	0.93952	0.999995	943	0	0.7354	0.059889	0.16827	0.811612	214	4	0.7354
ATP8B3	4	0.94022	0.93958	0.999995	944	0	0.45373	0.059777	0.16802	0.811612	213	4	0.45373
ITGB1BP2	4	0.94045	0.93985	0.999995	945	0	0.68182	0.059555	0.16749	0.811612	211	4	0.68182
TCF12	4	0.94067	0.93999	0.999995	946	0	0.63238	0.059333	0.16697	0.811612	210	4	0.63238
RNF113B	4	0.94089	0.94023	0.999995	947	0	0.61237	0.059111	0.16643	0.811612	209	4	0.61237
SPOPL	4	0.94133	0.94061	0.999995	948	0	0.83006	0.05867	0.16537	0.811612	207	4	0.83006
TNKS	4	0.94296	0.94224	0.999995	949	0	0.48588	0.057037	0.16126	0.811612	201	4	0.48588
ENOX2	4	0.94318	0.94245	0.999995	950	0	0.50157	0.056822	0.16079	0.811612	199	4	0.50157
TMEM120B	4	0.94571	0.94516	0.999995	951	0	0.58387	0.054288	0.15475	0.811612	193	4	0.58387
DMXL1	4	0.94674	0.94619	0.999995	952	0	0.57128	0.053258	0.15216	0.811612	191	4	0.57128
FBLN1	4	0.94715	0.94658	0.999995	953	0	0.80527	0.028503	0.088152	0.811612	112	4	0.80527
NCBP2L	4	0.94745	0.94684	0.999995	954	0	0.56661	0.052545	0.15041	0.811612	189	4	0.56661
AP3M1	4	0.94786	0.94731	0.999995	955	0	0.67965	0.052141	0.14934	0.811612	188	4	0.67965
RPRD1A	4	0.94826	0.94778	0.999995	956	0	0.5454	0.05174	0.14822	0.811612	187	4	0.5454
CAPN2	4	0.94916	0.94876	0.999995	957	0	0.57608	0.050845	0.14603	0.811612	185	4	0.57608
PPP3R1	4	0.95072	0.95034	0.999995	958	0	0.72497	0.049282	0.14239	0.811612	182	4	0.72497
AP5M1	4	0.95168	0.95136	0.999995	959	0	0.56074	0.048324	0.14016	0.811612	179	4	0.56074
RC3H2	4	0.95196	0.95162	0.999995	960	0	0.79674	0.029704	0.091318	0.811612	117	4	0.79674
FLT1	4	0.95327	0.95318	0.999995	961	0	0.52839	0.046728	0.13619	0.811612	177	4	0.52839
SYK	4	0.95346	0.95338	0.999995	962	0	0.6932	0.046543	0.13569	0.811612	175	4	0.6932
UBQLN3	4	0.95383	0.95368	0.999995	963	0	0.62632	0.046174	0.13486	0.811612	174	4	0.62632
STRIP2	4	0.95392	0.95373	0.999995	964	0	0.60601	0.046082	0.13473	0.811612	173	4	0.60601
DDI1	8	0.95469	0.95463	0.999995	965	0	0.717	0.0081529	0.045288	0.730764	36	7	0.717
CHSY3	4	0.95546	0.95524	0.999995	966	0	0.61511	0.044541	0.13087	0.811612	169	4	0.61511
SPDEF	4	0.95643	0.95623	0.999995	967	0	0.56222	0.043566	0.12831	0.811612	166	4	0.56222
SPHKAP	4	0.95661	0.95637	0.999995	968	0	0.64459	0.02875	0.088796	0.811612	113	4	0.64459
SERPINA9	4	0.9567	0.95645	0.999995	969	0	0.60632	0.043302	0.12763	0.811612	165	4	0.60632
RPS7	1	0.95675	0.95712	0.999995	970	0	1.1204	0.043253	0.043588	0.730764	164	1	1.1204
NETO2	4	0.95731	0.95715	0.999995	971	0	0.60296	0.042692	0.12623	0.811612	161	4	0.60296
STAM2	4	0.95765	0.95747	0.999995	972	0	0.59094	0.042347	0.12537	0.811612	159	4	0.59094
IL10RA	4	0.95783	0.95756	0.999995	973	0	0.58804	0.042175	0.12491	0.811612	156	4	0.58804
DDX17	4	0.95825	0.95798	0.999995	974	0	0.55488	0.041747	0.12365	0.811612	155	4	0.55488
ARHGEF6	4	0.95868	0.95837	0.999995	975	0	0.63233	0.041322	0.12264	0.811612	153	4	0.63233
DST	4	0.95968	0.95928	0.999995	976	0	0.54498	0.040317	0.12016	0.811612	151	4	0.54498
ERN1	4	0.95977	0.95937	0.999995	977	0	0.61567	0.040234	0.11996	0.811612	150	4	0.61567
PDCD4	4	0.96001	0.95971	0.999995	978	0	0.48102	0.039986	0.11931	0.811612	149	4	0.48102
CLCA1	4	0.96051	0.9602	0.999995	979	0	0.6064	0.039493	0.11789	0.811612	146	4	0.6064
TOMM20	3	0.96089	0.96046	0.999995	980	0	0.64918	0.039112	0.09511	0.811612	144	3	0.64918
RNF125	4	0.96108	0.96078	0.999995	981	0	0.64582	0.038924	0.11635	0.811612	143	4	0.64582
EXOC6	4	0.9614	0.96119	0.999995	982	0	0.63026	0.038602	0.11548	0.811612	142	4	0.63026
LIF	4	0.96306	0.96294	0.999995	983	0	0.72176	0.036942	0.11103	0.811612	138	4	0.72176
RALGPS1	4	0.96337	0.96327	0.999995	984	0	0.6118	0.036632	0.11019	0.811612	136	4	0.6118
PDX1	4	0.9636	0.96349	0.999995	985	0	0.71835	0.0364	0.10974	0.811612	135	4	0.71835
SAR1B	4	0.96414	0.96393	0.999995	986	0	0.55345	0.035865	0.10814	0.811612	134	4	0.55345
TEX45	4	0.96459	0.96442	0.999995	987	0	0.69986	0.035411	0.10686	0.811612	133	4	0.69986
CTCFL	4	0.96585	0.96601	0.999995	988	0	0.53281	0.034148	0.1038	0.811612	130	4	0.53281
KIT	8	0.96649	0.96647	0.999995	989	0	0.56035	0.021382	0.10416	0.811612	89	8	0.56035
DENND5B	4	0.96665	0.9668	0.999995	990	0	0.81183	0.01314	0.043139	0.730764	57	4	0.81183
TNKS2	4	0.96694	0.96701	0.999995	991	0	0.57616	0.033061	0.10075	0.811612	129	4	0.57616
SEC11A	4	0.96708	0.96718	0.999995	992	0	0.58674	0.032919	0.10027	0.811612	128	4	0.58674
ZNRF4	4	0.96917	0.96942	0.999995	993	0	0.64734	0.030831	0.094344	0.811612	120	4	0.64734
LRFN1	4	0.96991	0.9702	0.999995	994	0	0.61314	0.030091	0.092383	0.811612	119	4	0.61314
JUP	4	0.97024	0.97045	0.999995	995	0	0.65582	0.029759	0.091439	0.811612	118	4	0.65582
PPP3R2	4	0.97083	0.971	0.999995	996	0	0.66247	0.029168	0.08987	0.811612	115	4	0.66247
ESRP2	4	0.9709	0.97104	0.999995	997	0	0.6199	0.029103	0.089711	0.811612	114	4	0.6199
DYNLRB2	4	0.97173	0.97196	0.999995	998	0	0.67066	0.028267	0.087311	0.811612	111	4	0.67066
LRBA	4	0.97218	0.97243	0.999995	999	0	0.61894	0.027824	0.086031	0.811612	108	4	0.61894
SLC22A13	4	0.97292	0.97323	0.999995	1000	0	0.74976	0.027078	0.083687	0.811612	107	4	0.74976
ZNF185	4	0.97317	0.97347	0.999995	1001	0	0.63075	0.026832	0.083108	0.811612	105	4	0.63075
SP110	4	0.97323	0.97354	0.999995	1002	0	0.52423	0.026771	0.082996	0.811612	104	4	0.52423
OGDHL	4	0.97425	0.97452	0.999995	1003	0	0.74147	0.025748	0.079913	0.811612	102	4	0.74147
TRPC7	4	0.97449	0.97471	0.999995	1004	0	0.68151	0.025512	0.07925	0.811612	101	4	0.68151
DCAF4L2	4	0.97466	0.97488	0.999995	1005	0	0.84243	0.022398	0.070124	0.808706	92	4	0.84243
SLITRK1	4	0.97576	0.9761	0.999995	1006	0	0.58387	0.02424	0.075785	0.811612	98	4	0.58387
NR5A1	4	0.97593	0.97625	0.999995	1007	0	0.62782	0.024071	0.075252	0.811612	96	4	0.62782
MECP2	4	0.97682	0.97693	0.999995	1008	0	0.66729	0.023181	0.07245	0.811612	95	4	0.66729
CCNT2	4	0.97779	0.97804	0.999995	1009	0	0.8831	0.0071799	0.024682	0.730764	32	4	0.8831
NAPB	4	0.97805	0.97832	0.999995	1010	0	0.55654	0.021946	0.068695	0.808706	90	4	0.55654
TAF1L	3	0.97887	0.97859	0.999995	1011	0	0.84132	0.021132	0.054133	0.74213	87	3	0.84132
TRAPPC3L	4	0.97899	0.97927	0.999995	1012	0	0.6895	0.021014	0.066042	0.802036	86	4	0.6895
UAP1	4	0.97954	0.97969	0.999995	1013	0	0.77799	0.020459	0.064445	0.802036	84	4	0.77799
ARHGEF3	4	0.97969	0.97984	0.999995	1014	0	0.86956	0.004469	0.015977	0.730764	21	4	0.86956
MECOM	4	0.98081	0.98118	0.999995	1015	0	0.73665	0.019192	0.060821	0.776751	82	4	0.73665
CYP2C8	4	0.98104	0.98141	0.999995	1016	0	0.81911	0.018955	0.059999	0.775598	81	4	0.81911
FZD8	4	0.98156	0.98194	0.999995	1017	0	0.67402	0.016012	0.05148	0.74213	72	4	0.67402
TBC1D4	4	0.98188	0.9823	0.999995	1018	0	0.65355	0.018121	0.057813	0.765493	78	4	0.65355
GOLPH3L	4	0.98211	0.98258	0.999995	1019	0	0.77587	0.013594	0.044662	0.730764	61	4	0.77587
NR2E1	4	0.98295	0.9832	0.999995	1020	0	0.67669	0.017052	0.05461	0.74213	77	4	0.67669
NETO1	4	0.98304	0.98331	0.999995	1021	0	0.66925	0.016965	0.054301	0.74213	76	4	0.66925
SMARCC1	4	0.98351	0.98386	0.999995	1022	0	0.6335	0.016493	0.052938	0.74213	75	4	0.6335
TAF9B	2	0.98451	0.98419	0.999995	1023	0	0.94764	0.015488	0.028914	0.730764	70	2	0.94764
LBX1	4	0.9851	0.98542	0.999995	1024	0	0.6787	0.014898	0.048258	0.730764	68	4	0.6787
SMARCA1	4	0.98549	0.98586	0.999995	1025	0	0.78414	0.014508	0.047081	0.730764	66	4	0.78414
MTUS1	4	0.98553	0.98591	0.999995	1026	0	0.58387	0.01447	0.046969	0.730764	65	4	0.58387
CHUK	8	0.98555	0.98569	0.999995	1027	0	0.50666	0.014448	0.074365	0.811612	64	8	0.50666
PMM2	4	0.98584	0.98618	0.999995	1028	0	0.66238	0.014164	0.046287	0.730764	63	4	0.66238
MPC1L	4	0.98669	0.98705	0.999995	1029	0	0.78276	0.013313	0.043653	0.730764	60	4	0.78276
MORF4L2	4	0.9868	0.98721	0.999995	1030	0	0.6326	0.013204	0.043279	0.730764	58	4	0.6326
CDC34	4	0.98708	0.9875	0.999995	1031	0	0.81208	0.012919	0.04257	0.730764	56	4	0.81208
PCBD1	4	0.98873	0.98919	0.999995	1032	0	0.7846	0.011272	0.037638	0.730764	51	4	0.7846
HMGCL	4	0.98975	0.99023	0.999995	1033	0	0.7696	0.010255	0.034359	0.730764	43	4	0.7696
SMAP1	4	0.99083	0.99132	0.999995	1034	0	0.70826	0.0091708	0.030997	0.730764	41	4	0.70826
SUV39H1	4	0.99152	0.99193	0.999995	1035	0	0.81726	0.0084802	0.028792	0.730764	38	4	0.81726
ZNF260	4	0.99258	0.99291	0.999995	1036	0	0.73637	0.0074246	0.025374	0.730764	33	4	0.73637
HRH1	4	0.9929	0.9932	0.999995	1037	0	0.76373	0.0071032	0.024412	0.730764	31	4	0.76373
ARFIP1	4	0.99301	0.99325	0.999995	1038	0	0.73937	0.006991	0.02401	0.730764	30	4	0.73937
TFDP3	4	0.99316	0.99341	0.999995	1039	0	0.72393	0.0068362	0.023524	0.730764	28	4	0.72393
CD72	4	0.99319	0.99344	0.999995	1040	0	0.62896	0.0068143	0.023459	0.730764	27	4	0.62896
FAM126B	4	0.99325	0.99349	0.999995	1041	0	0.83293	0.0067488	0.023291	0.730764	26	4	0.83293
safe_control	74	0.99517	0.99908	0.999995	1042	3	0.6806	5.9093e-05	0.0016019	0.339604	3	62	0.6806
PCBD2	4	0.99569	0.99585	0.999995	1043	0	0.84914	0.0043064	0.015435	0.730764	20	4	0.84914
SATB1	4	0.99572	0.99587	0.999995	1044	0	0.78471	0.0042755	0.015314	0.730764	19	4	0.78471
GSX2	4	0.99577	0.99589	0.999995	1045	0	0.78492	0.0042294	0.015155	0.730764	18	4	0.78492
CHSY1	4	0.99608	0.99626	0.999995	1046	0	0.75409	0.0039171	0.014109	0.730764	17	4	0.75409
DCAF8L1	4	0.99611	0.99626	0.999995	1047	0	0.77777	0.0038883	0.013997	0.730764	16	4	0.77777
CAB39	4	0.99615	0.99628	0.999995	1048	0	0.79706	0.0038453	0.013801	0.730764	15	4	0.79706
CSTF2	4	0.997	0.99704	0.999995	1049	0	1.0365	0.0018879	0.0072529	0.730764	9	4	1.0365
GDF15	4	0.99726	0.99727	0.999995	1050	0	0.92035	0.0027366	0.010055	0.730764	13	4	0.92035
FAM50B	4	0.99733	0.99738	0.999995	1051	0	0.6985	0.002671	0.0098683	0.730764	12	4	0.6985
AMELX	4	0.99744	0.99747	0.999995	1052	0	0.95459	0.0025642	0.0094293	0.730764	11	4	0.95459
COQ10B	4	0.99758	0.99763	0.999995	1053	0	0.76508	0.0024201	0.0089342	0.730764	10	4	0.76508
RC3H1	4	0.99874	0.99889	0.999995	1054	0	0.99401	0.00065178	0.0026667	0.403819	7	4	0.99401
SBNO2	4	0.99912	0.99927	0.999995	1055	0	0.87469	0.00088407	0.0035447	0.469678	8	4	0.87469
RRAGD	4	0.99949	0.9995	0.999995	1056	0	0.90474	0.00051329	0.0020689	0.365512	6	4	0.90474
ZNF146	4	0.99963	0.99967	0.999995	1057	0	0.88259	0.00036821	0.0015272	0.339604	5	4	0.88259
FRYL	4	0.99986	0.99986	0.999995	1058	0	1.1	0.00013642	0.00058378	0.206271	4	4	1.1
SIK2	4	0.99999	1.0	0.999995	1059	0	1.2689	6.3464e-07	4.6703e-06	0.002475	2	4	1.2689
TP53	4	1.0	1.0	0.999995	1060	0	2.144	4.2493e-13	4.6703e-06	0.002475	1	4	2.144
