id	num	neg|score	neg|p-value	neg|fdr	neg|rank	neg|goodsgrna	neg|lfc	pos|score	pos|p-value	pos|fdr	pos|rank	pos|goodsgrna	pos|lfc
MYC	8	6.7272e-09	4.6747e-06	0.00165	1	8	-1.0045	1.0	1.0	0.999995	1059	0	-1.0045
RRM1	8	1.2366e-07	4.6747e-06	0.00165	2	8	-1.496	1.0	1.0	0.999995	1058	0	-1.496
NAE1	8	9.0395e-07	4.6747e-06	0.00165	3	7	-0.78401	0.99384	0.99385	0.999995	983	0	-0.78401
MTG2	4	1.9633e-06	1.4024e-05	0.003536	4	4	-0.92677	1.0	1.0	0.999995	1057	0	-0.92677
CDIPT	4	3.9394e-06	2.3373e-05	0.003536	5	3	-1.1389	0.77779	0.77885	0.999995	741	0	-1.1389
BUB3	4	4.1656e-06	2.3373e-05	0.003536	6	4	-1.2083	1.0	1.0	0.999995	1056	0	-1.2083
TOP2A	4	4.7097e-06	2.3373e-05	0.003536	7	4	-1.1105	1.0	1.0	0.999995	1055	0	-1.1105
CCND1	4	6.6648e-06	3.2723e-05	0.004332	8	4	-1.3356	0.99999	1.0	0.999995	1054	0	-1.3356
RRM2	4	1.3934e-05	7.947e-05	0.006719	9	3	-0.88672	0.88571	0.8857	0.999995	841	0	-0.88672
PPP4C	4	1.7145e-05	7.947e-05	0.006719	10	4	-1.3645	0.99959	0.99959	0.999995	1031	0	-1.3645
POLR2L	4	1.9049e-05	7.947e-05	0.006719	11	4	-1.6969	0.99998	1.0	0.999995	1053	0	-1.6969
PRPF8	4	2.313e-05	7.947e-05	0.006719	12	4	-1.4876	0.99998	1.0	0.999995	1052	0	-1.4876
ALDOA	4	2.3739e-05	8.8819e-05	0.006719	13	4	-1.4108	0.99962	0.99961	0.999995	1032	0	-1.4108
KIF11	4	3.0827e-05	8.8819e-05	0.006719	14	4	-1.44	0.99997	1.0	0.999995	1051	0	-1.44
CKAP5	8	3.1588e-05	0.00021036	0.012376	15	8	-1.0355	0.99996	0.99998	0.999995	1049	0	-1.0355
NAA10	4	3.4053e-05	9.8168e-05	0.006931	16	4	-1.2066	0.99997	1.0	0.999995	1050	0	-1.2066
TOMM40	7	3.7191e-05	0.00032255	0.017978	17	7	-0.62224	0.99987	0.99991	0.999995	1044	0	-0.62224
RPS19	4	4.0301e-05	0.00011687	0.007735	18	4	-1.3789	0.99996	0.99999	0.999995	1048	0	-1.3789
RPL36	4	4.5263e-05	0.00012622	0.007863	19	4	-1.2033	0.99995	0.99998	0.999995	1047	0	-1.2033
SMC1A	4	9.2168e-05	0.0004254	0.022395	20	4	-0.98563	0.99991	0.99991	0.999995	1046	0	-0.98563
COPA	4	9.6663e-05	0.0004441	0.022395	21	4	-1.2715	0.9999	0.99991	0.999995	1045	0	-1.2715
RPS5	4	0.00012834	0.00060303	0.027766	22	4	-1.5496	0.99249	0.99239	0.999995	980	0	-1.5496
RPL8	4	0.00013059	0.00060303	0.027766	23	4	-1.3626	0.99987	0.99988	0.999995	1043	0	-1.3626
SF3B3	4	0.00014367	0.00065913	0.029084	24	4	-1.2842	0.99986	0.99987	0.999995	1042	0	-1.2842
CTR9	4	0.00015378	0.00072458	0.029153	25	4	-0.84394	0.99985	0.99987	0.999995	1041	0	-0.84394
FZR1	4	0.00015771	0.00074328	0.029153	26	4	-0.81005	0.99984	0.99987	0.999995	1040	0	-0.81005
ATP5F1A	4	0.00016578	0.00079937	0.030233	27	4	-1.1666	0.99983	0.99986	0.999995	1039	0	-1.1666
ISCA2	4	0.00018733	0.00087417	0.031779	28	4	-0.90774	0.99981	0.99983	0.999995	1038	0	-0.90774
NMT1	4	0.00020123	0.00092091	0.031779	29	4	-0.57356	0.9998	0.99979	0.999995	1037	0	-0.57356
RPL10A	4	0.00020773	0.00093026	0.031779	30	3	-1.3393	0.27525	0.27382	0.999995	285	0	-1.3393
E2F3	3	0.0002207	0.00071523	0.029153	31	3	-1.0862	0.99978	0.99978	0.999995	1036	0	-1.0862
MRPL38	4	0.00024208	0.0010331	0.034189	32	4	-1.0787	0.99976	0.99975	0.999995	1035	0	-1.0787
RPP21	4	0.00032958	0.0014258	0.045755	33	4	-0.90288	0.97475	0.97486	0.999995	937	0	-0.90288
XRCC6	4	0.00034211	0.0014725	0.045865	34	4	-0.60373	0.99966	0.99963	0.999995	1034	0	-0.60373
GAPDH	4	0.00037304	0.0016034	0.047167	35	4	-1.4036	0.99891	0.99909	0.999995	1016	0	-1.4036
ATP6V1B2	4	0.00037386	0.0016034	0.047167	36	4	-0.85057	0.99963	0.99962	0.999995	1033	0	-0.85057
MTHFD1	4	0.00043538	0.0017624	0.050442	37	4	-0.82982	0.99956	0.99957	0.999995	1030	0	-0.82982
CDK7	4	0.00048859	0.0019774	0.055107	38	4	-1.0412	0.99951	0.99955	0.999995	1029	0	-1.0412
UQCRC1	4	0.00050419	0.0020335	0.055217	39	4	-0.47978	0.9995	0.99953	0.999995	1028	0	-0.47978
ZNF407	4	0.00054653	0.0022859	0.06001	40	4	-1.2963	0.99945	0.99949	0.999995	1027	0	-1.2963
RPL3	7	0.00059021	0.0038005	0.075083	41	5	-0.7166	0.84705	0.84753	0.999995	804	0	-0.7166
TRAPPC3	4	0.00059504	0.0023233	0.06001	42	4	-0.67043	0.9994	0.99947	0.999995	1026	0	-0.67043
GTF3C1	4	0.00065821	0.0025197	0.062054	43	4	-0.66703	0.99934	0.99943	0.999995	1025	0	-0.66703
COX6B1	8	0.00067436	0.0042399	0.081638	44	8	-0.57737	0.99933	0.99939	0.999995	1024	0	-0.57737
NKAP	4	0.00076439	0.0029591	0.069199	45	4	-0.57949	0.99924	0.99933	0.999995	1023	0	-0.57949
VMP1	4	0.00077742	0.0029871	0.069199	46	4	-1.0969	0.99922	0.99932	0.999995	1022	0	-1.0969
SEPHS2	4	0.00085442	0.0033144	0.073329	47	4	-0.72794	0.99915	0.99927	0.999995	1021	0	-0.72794
DYNLRB1	3	0.0008555	0.0024729	0.062054	48	3	-0.99159	0.99914	0.99913	0.999995	1020	0	-0.99159
BAP1	4	0.00085912	0.0033237	0.073329	49	4	-0.37948	0.99914	0.99927	0.999995	1019	0	-0.37948
CPSF3	4	0.00095218	0.0036135	0.074543	50	4	-0.87973	0.99905	0.9992	0.999995	1018	0	-0.87973
TRRAP	4	0.0009624	0.0036603	0.074543	51	4	-1.3836	0.99904	0.99919	0.999995	1017	0	-1.3836
RPL13	3	0.0010557	0.0030058	0.069199	52	3	-0.99542	0.99867	0.99856	0.999995	1009	0	-0.99542
RNF40	4	0.0011608	0.0043989	0.082482	53	4	-0.37329	0.99884	0.99897	0.999995	1015	0	-0.37329
ATP5F1B	4	0.0012148	0.0045765	0.082482	54	4	-0.89916	0.99879	0.99891	0.999995	1014	0	-0.89916
SNRPD3	4	0.0012273	0.0046233	0.082482	55	3	-1.2692	0.2826	0.281	0.999995	292	0	-1.2692
INTS6	3	0.0012297	0.0035668	0.074543	56	3	-1.3205	0.99877	0.99864	0.999995	1013	0	-1.3205
DHX9	3	0.0012541	0.0036509	0.074543	57	3	-0.98978	0.99875	0.99862	0.999995	1012	0	-0.98978
TSG101	4	0.0012707	0.0047542	0.082482	58	4	-0.64785	0.99873	0.99887	0.999995	1011	0	-0.64785
PAF1	4	0.0012898	0.004829	0.082482	59	4	-0.43369	0.99871	0.99884	0.999995	1010	0	-0.43369
CHORDC1	3	0.0013341	0.0038286	0.075083	60	3	-1.3249	0.9973	0.99713	0.999995	994	0	-1.3249
XPR1	4	0.0013816	0.0052497	0.088245	61	4	-0.5716	0.99862	0.99871	0.999995	1008	0	-0.5716
MED18	8	0.0014439	0.0088398	0.117017	62	6	-0.62618	0.74751	0.74675	0.999995	713	0	-0.62618
CLTC	4	0.0014494	0.0055489	0.091816	63	4	-0.75617	0.99848	0.99854	0.999995	1006	0	-0.75617
ATP6V1C1	4	0.0014996	0.0057826	0.094212	64	4	-0.73178	0.9985	0.99856	0.999995	1007	0	-0.73178
TOP1	4	0.0015479	0.0059602	0.095094	65	4	-1.4598	0.99783	0.99788	0.999995	999	0	-1.4598
HSCB	4	0.0015724	0.0060163	0.095094	66	4	-1.2404	0.99843	0.9985	0.999995	1005	0	-1.2404
HMGCS1	3	0.0016796	0.0047448	0.082482	67	3	-1.0788	0.99832	0.99816	0.999995	1004	0	-1.0788
RPL11	3	0.0016996	0.0047635	0.082482	68	3	-1.4758	0.9983	0.99815	0.999995	1003	0	-1.4758
SIN3A	4	0.0017499	0.0067269	0.102845	69	4	-0.76051	0.99825	0.9984	0.999995	1002	0	-0.76051
CCNL1	4	0.0018151	0.0068765	0.102845	70	4	-0.71282	0.99818	0.99829	0.999995	1001	0	-0.71282
SF3A1	4	0.0018212	0.0068952	0.102845	71	3	-0.85799	0.68171	0.68081	0.999995	650	0	-0.85799
ATP7A	4	0.0019521	0.0072411	0.106402	72	4	-0.86837	0.99568	0.99571	0.999995	990	0	-0.86837
NDUFB4	4	0.0019689	0.0073346	0.106402	73	4	-0.58362	0.9945	0.99453	0.999995	985	0	-0.58362
TIMM10	4	0.0021125	0.007746	0.110851	74	4	-0.56437	0.99789	0.99794	0.999995	1000	0	-0.56437
NAPA	4	0.0022547	0.0082976	0.116717	75	4	-0.67398	0.99775	0.99776	0.999995	998	0	-0.67398
LONP1	4	0.0022872	0.0084378	0.116717	76	4	-0.83696	0.95161	0.952	0.999995	909	0	-0.83696
CDK8	4	0.0023434	0.0085968	0.116717	77	4	-0.61866	0.99766	0.99764	0.999995	997	0	-0.61866
MED12	4	0.0023448	0.0085968	0.116717	78	4	-0.99256	0.98019	0.9803	0.999995	947	0	-0.99256
LARP1	4	0.0024194	0.0089614	0.117162	79	3	-0.75355	0.83063	0.83266	0.999995	790	0	-0.75355
RPL14	3	0.002432	0.0067269	0.102845	80	3	-1.4318	0.99246	0.99251	0.999995	979	0	-1.4318
ELL	4	0.0025927	0.0094849	0.121973	81	4	-0.58878	0.99741	0.99745	0.999995	996	0	-0.58878
RC3H1	4	0.0026143	0.0095597	0.121973	82	4	-0.52278	0.99739	0.99745	0.999995	995	0	-0.52278
SF3B1	4	0.0027358	0.0099244	0.125118	83	4	-0.71013	0.99726	0.99731	0.999995	993	0	-0.71013
PPP2R1A	4	0.0027821	0.010083	0.125626	84	3	-0.73027	0.47589	0.47493	0.999995	469	0	-0.73027
MED20	4	0.0028888	0.010364	0.127619	85	4	-0.76678	0.98088	0.98087	0.999995	950	0	-0.76678
CCT6A	3	0.0031901	0.0087744	0.117017	86	3	-1.0903	0.96112	0.96075	0.999995	915	0	-1.0903
RPA1	4	0.0032134	0.01157	0.139233	87	4	-1.1758	0.99679	0.99689	0.999995	992	0	-1.1758
PPP2CA	8	0.0038823	0.023144	0.231225	88	7	-0.38469	0.77382	0.77325	0.999995	739	0	-0.38469
TOMM22	4	0.0039432	0.013954	0.166036	89	4	-0.66127	0.98083	0.98083	0.999995	949	0	-0.66127
RRM2B	8	0.0041064	0.024201	0.235126	90	7	-0.22257	0.79348	0.79282	0.999995	758	0	-0.22257
ABT1	4	0.0041856	0.014618	0.172002	91	4	-0.84816	0.99452	0.99456	0.999995	986	0	-0.84816
CLNS1A	3	0.0042187	0.01157	0.139233	92	3	-1.0518	0.99578	0.99565	0.999995	991	0	-1.0518
SOD1	4	0.0045474	0.015824	0.184148	93	4	-0.75945	0.99545	0.99552	0.999995	989	0	-0.75945
AKIRIN2	4	0.0046135	0.016039	0.184621	94	4	-0.39982	0.99539	0.99545	0.999995	988	0	-0.39982
NXT1	4	0.004925	0.016974	0.193282	95	4	-0.56203	0.94425	0.94402	0.999995	897	0	-0.56203
MRPL41	4	0.0051146	0.017675	0.199126	96	4	-0.52477	0.99489	0.99499	0.999995	987	0	-0.52477
VCP	4	0.0053789	0.018563	0.206931	97	3	-0.70868	0.54347	0.54236	0.999995	521	0	-0.70868
SBNO1	4	0.0056411	0.019386	0.212619	98	3	-0.90498	0.3276	0.32621	0.999995	325	0	-0.90498
RIC8A	4	0.0057138	0.019676	0.212619	99	4	-0.41812	0.99429	0.9943	0.999995	984	0	-0.41812
RPL19	4	0.0061537	0.020901	0.221337	100	2	-0.6539	0.61542	0.61426	0.999995	586	0	-0.6539
RNF20	4	0.006623	0.022359	0.229294	101	4	-0.50354	0.98292	0.98282	0.999995	955	0	-0.50354
UTP14A	4	0.0068091	0.022939	0.231225	102	4	-0.65513	0.97908	0.97915	0.999995	945	0	-0.65513
PSMC3	4	0.007022	0.023565	0.233228	103	3	-1.1265	0.7019	0.7015	0.999995	668	0	-1.1265
COX4I1	4	0.0071138	0.023836	0.233728	104	4	-0.60046	0.98672	0.98686	0.999995	965	0	-0.60046
RPS8	3	0.0072714	0.019573	0.212619	105	3	-1.1933	0.99273	0.99271	0.999995	982	0	-1.1933
PSMB3	3	0.0074848	0.020162	0.215672	106	3	-1.1079	0.99252	0.99253	0.999995	981	0	-1.1079
LSM4	4	0.0076582	0.025575	0.24622	107	4	-0.30735	0.99234	0.99224	0.999995	978	0	-0.30735
PRKDC	8	0.0077893	0.040216	0.313665	108	6	-0.30723	0.32927	0.32925	0.999995	326	0	-0.30723
MYH7	4	0.0079041	0.02652	0.25301	109	4	-0.33137	0.9921	0.99201	0.999995	977	0	-0.33137
RPS11	3	0.0080367	0.021611	0.225442	110	3	-0.97464	0.99196	0.99204	0.999995	976	0	-0.97464
TUFM	3	0.0080749	0.021714	0.225442	111	3	-1.1704	0.9238	0.92321	0.999995	877	0	-1.1704
FXR1	4	0.008207	0.027398	0.258642	112	4	-0.27251	0.99179	0.99176	0.999995	975	0	-0.27251
PDS5A	4	0.0083766	0.027969	0.258642	113	3	-0.60867	0.93691	0.93687	0.999995	888	0	-0.60867
FXR2	4	0.0084398	0.028137	0.258642	114	4	-0.21681	0.99156	0.99146	0.999995	974	0	-0.21681
BCAP31	4	0.0085059	0.028343	0.258642	115	3	-0.49616	0.89977	0.90007	0.999995	859	0	-0.49616
STRADA	4	0.0086243	0.028661	0.258642	116	4	-0.29884	0.99138	0.99132	0.999995	973	0	-0.29884
PSMB6	4	0.0086775	0.028819	0.258642	117	4	-0.64399	0.99132	0.99126	0.999995	972	0	-0.64399
SLC25A28	4	0.008946	0.029577	0.263208	118	4	-0.53129	0.96931	0.96953	0.999995	929	0	-0.53129
PRPF38A	4	0.0093083	0.030652	0.270503	119	3	-0.58395	0.15236	0.15244	0.999995	154	0	-0.58395
PDCD6IP	4	0.0095861	0.031493	0.273373	120	4	-0.69655	0.98322	0.98314	0.999995	957	0	-0.69655
IMPDH2	4	0.009854	0.032382	0.274653	121	4	-0.43295	0.99015	0.9902	0.999995	970	0	-0.43295
MAT2A	4	0.010353	0.033934	0.285204	122	4	-0.51824	0.98379	0.98393	0.999995	958	0	-0.51824
RPS3	3	0.010595	0.027838	0.258642	123	3	-1.1323	0.91239	0.91207	0.999995	867	0	-1.1323
EIF3B	4	0.010702	0.035074	0.290958	124	4	-0.92008	0.9893	0.98918	0.999995	969	0	-0.92008
PFN1	4	0.010722	0.035168	0.290958	125	3	-0.57709	0.88773	0.88778	0.999995	843	0	-0.57709
SNRPB	4	0.011003	0.036075	0.295925	126	4	-0.71368	0.95141	0.95179	0.999995	908	0	-0.71368
CTPS1	4	0.011061	0.036327	0.295925	127	3	-0.75365	0.79547	0.79673	0.999995	761	0	-0.75365
PIP4P1	4	0.011157	0.036636	0.296161	128	4	-0.50304	0.97903	0.97908	0.999995	944	0	-0.50304
TOP1MT	4	0.011416	0.037552	0.301268	129	3	-0.52645	0.082288	0.08399	0.999995	82	1	-0.52645
RPL18A	2	0.011832	0.022518	0.229294	130	2	-1.1549	0.98817	0.98836	0.999995	968	0	-1.1549
ARID4A	4	0.012178	0.039842	0.313665	131	4	-0.30296	0.98782	0.9879	0.999995	967	0	-0.30296
TNPO1	3	0.012222	0.031933	0.274653	132	3	-0.62484	0.98778	0.98785	0.999995	966	0	-0.62484
SMARCA4	4	0.012326	0.040282	0.313665	133	3	-0.41965	0.12381	0.12455	0.999995	124	1	-0.41965
EIF4A3	4	0.012547	0.040964	0.315146	134	3	-1.1524	0.67811	0.67722	0.999995	643	0	-1.1524
ILF3	4	0.012587	0.041067	0.315146	135	3	-0.87132	0.091058	0.092348	0.999995	90	1	-0.87132
BUB1B	4	0.013571	0.044031	0.335458	136	4	-0.5823	0.96247	0.9629	0.999995	921	0	-0.5823
MYBL2	4	0.013727	0.044601	0.337376	137	4	-0.33955	0.98627	0.98635	0.999995	964	0	-0.33955
POLR2B	4	0.013982	0.04519	0.339407	138	3	-0.90567	0.18666	0.18704	0.999995	192	0	-0.90567
ACTL6A	4	0.014221	0.045873	0.342107	139	3	-0.78579	0.6435	0.6428	0.999995	613	0	-0.78579
NDUFC1	4	0.014339	0.046284	0.342761	140	4	-0.28282	0.98566	0.98588	0.999995	963	0	-0.28282
PDS5B	4	0.014892	0.047967	0.350324	141	4	-0.41439	0.98511	0.98537	0.999995	962	0	-0.41439
L3MBTL2	4	0.015012	0.04835	0.350705	142	4	-0.26214	0.98499	0.98523	0.999995	961	0	-0.26214
SF1	4	0.015419	0.049519	0.356469	143	4	-0.57813	0.98458	0.98487	0.999995	960	0	-0.57813
EIF3J	4	0.015581	0.050052	0.356469	144	4	-0.61901	0.96534	0.9657	0.999995	926	0	-0.61901
AHCYL1	4	0.015625	0.050155	0.356469	145	4	-0.54719	0.98437	0.9846	0.999995	959	0	-0.54719
INTS2	4	0.016554	0.053016	0.370538	146	4	-0.49136	0.93913	0.93901	0.999995	892	0	-0.49136
ATP5F1D	4	0.016591	0.053081	0.370538	147	3	-0.66534	0.82024	0.82233	0.999995	781	0	-0.66534
RHBDF1	4	0.01662	0.053184	0.370538	148	4	-0.42965	0.97292	0.97304	0.999995	933	0	-0.42965
RPS15	2	0.016874	0.031447	0.273373	149	2	-0.65832	0.98313	0.98352	0.999995	956	0	-0.65832
XAB2	4	0.01702	0.054409	0.374148	150	4	-0.70829	0.96125	0.96183	0.999995	916	0	-0.70829
DMXL2	4	0.017173	0.054773	0.374225	151	4	-0.23678	0.98283	0.98275	0.999995	954	0	-0.23678
RPS28	2	0.017365	0.032419	0.274653	152	2	-0.71136	0.98263	0.98292	0.999995	953	0	-0.71136
RBM22	4	0.017564	0.055877	0.3769	153	3	-0.53193	0.46423	0.4638	0.999995	459	0	-0.53193
EIF3L	4	0.017897	0.056681	0.379903	154	4	-0.40214	0.9821	0.98201	0.999995	952	0	-0.40214
POLR2A	4	0.018188	0.057559	0.383368	155	4	-0.70874	0.9766	0.97667	0.999995	941	0	-0.70874
KPNA2	3	0.018233	0.04706	0.346088	156	3	-0.46725	0.98177	0.98147	0.999995	951	0	-0.46725
KIF4A	4	0.018611	0.058887	0.389759	157	3	-0.47203	0.9074	0.90736	0.999995	863	0	-0.47203
HNRNPF	4	0.019413	0.061215	0.400471	158	4	-0.47147	0.98059	0.9806	0.999995	948	0	-0.47147
HUS1	4	0.019442	0.061262	0.400471	159	4	-0.57219	0.97171	0.97183	0.999995	931	0	-0.57219
CDS2	4	0.019845	0.062496	0.40345	160	3	-0.65644	0.5533	0.55273	0.999995	531	0	-0.65644
TACC3	4	0.019887	0.062599	0.40345	161	2	-0.31652	0.75379	0.75397	0.999995	720	0	-0.31652
ADM	4	0.020206	0.063543	0.405374	162	4	-0.24993	0.97979	0.97984	0.999995	946	0	-0.24993
BZW2	4	0.020443	0.064216	0.407215	163	3	-0.39575	0.38492	0.38376	0.999995	374	0	-0.39575
RPL37A	2	0.020778	0.038786	0.308829	164	1	-1.0576	0.32472	0.32353	0.999995	321	0	-1.0576
TAMM41	4	0.020823	0.065404	0.412276	165	3	-0.44267	0.93415	0.93423	0.999995	883	0	-0.44267
AP2A1	4	0.021206	0.066712	0.418039	166	3	-0.41083	0.90405	0.90401	0.999995	862	0	-0.41083
SNRPD2	3	0.021591	0.055222	0.374873	167	3	-1.0589	0.91252	0.91223	0.999995	868	0	-1.0589
TOB1	4	0.021908	0.068723	0.425202	168	4	-0.47887	0.94553	0.94549	0.999995	901	0	-0.47887
PSMA2	4	0.022026	0.069059	0.425202	169	2	-0.69789	0.24454	0.24377	0.999995	250	0	-0.69789
SF3B5	4	0.022182	0.069396	0.425202	170	3	-0.54069	0.89826	0.89855	0.999995	857	0	-0.54069
SHMT1	4	0.022295	0.069826	0.425202	171	4	-0.34049	0.97771	0.9778	0.999995	943	0	-0.34049
CDK2	4	0.022304	0.069863	0.425202	172	3	-0.89764	0.91548	0.91538	0.999995	872	0	-0.89764
RAN	4	0.022497	0.070499	0.42662	173	3	-1.0422	0.8996	0.89992	0.999995	858	0	-1.0422
SFPQ	4	0.022802	0.071406	0.429652	174	3	-0.19256	0.79086	0.79209	0.999995	754	0	-0.19256
CNOT7	4	0.023132	0.072322	0.432278	175	2	-0.49635	0.47935	0.47822	0.999995	471	0	-0.49635
MDM4	4	0.023286	0.072659	0.432278	176	4	-0.33993	0.97671	0.97676	0.999995	942	0	-0.33993
SOS1	4	0.023454	0.073229	0.433237	177	4	-0.33157	0.97655	0.97659	0.999995	940	0	-0.33157
STT3B	4	0.023933	0.074575	0.434855	178	4	-0.55679	0.96427	0.96479	0.999995	924	0	-0.55679
EPS15	4	0.023964	0.074706	0.434855	179	4	-0.23463	0.97604	0.97611	0.999995	939	0	-0.23463
HASPIN	4	0.024425	0.076099	0.440378	180	4	-0.48563	0.97557	0.97565	0.999995	938	0	-0.48563
PMPCB	4	0.024646	0.076744	0.441697	181	3	-0.66179	0.81287	0.81518	0.999995	775	0	-0.66179
TUBB	3	0.024963	0.062861	0.40345	182	2	-1.0217	0.69714	0.69758	0.999995	662	0	-1.0217
HNRNPH1	4	0.025288	0.078558	0.447888	183	3	-0.44846	0.83236	0.83435	0.999995	791	0	-0.44846
CTNNB1	4	0.02546	0.079026	0.447888	184	3	-0.41533	0.80638	0.80811	0.999995	769	0	-0.41533
EPC2	4	0.025486	0.07911	0.447888	185	4	-0.41865	0.97451	0.97464	0.999995	936	0	-0.41865
XRCC4	4	0.025666	0.079512	0.447888	186	4	-0.38316	0.97433	0.97446	0.999995	935	0	-0.38316
GFM1	4	0.025808	0.079942	0.447928	187	3	-0.61831	0.78677	0.78761	0.999995	750	0	-0.61831
INCENP	4	0.026519	0.082092	0.456871	188	4	-0.49562	0.97348	0.97356	0.999995	934	0	-0.49562
SIN3B	4	0.027047	0.08356	0.460886	189	3	-0.45248	0.88827	0.88831	0.999995	844	0	-0.45248
VANGL2	4	0.027647	0.085234	0.467681	190	4	-0.3083	0.97235	0.97248	0.999995	932	0	-0.3083
ATP5PB	4	0.028498	0.087702	0.478743	191	2	-0.31436	0.50642	0.5053	0.999995	495	0	-0.31436
GDI2	8	0.028536	0.11938	0.57957	192	5	-0.40266	0.58751	0.58634	0.999995	563	0	-0.40266
RPS23	2	0.029633	0.053885	0.37297	193	2	-1.0943	0.97037	0.97021	0.999995	930	0	-1.0943
DGKZ	3	0.030245	0.074734	0.434855	194	3	-0.51475	0.88225	0.88245	0.999995	838	0	-0.51475
POLR2F	4	0.030637	0.093358	0.504825	195	2	-0.34277	0.70641	0.70556	0.999995	672	0	-0.34277
SPAG9	4	0.030886	0.094097	0.504825	196	3	-0.39987	0.63388	0.63293	0.999995	603	0	-0.39987
NAA15	4	0.030983	0.094387	0.504825	197	4	-0.70767	0.95053	0.95088	0.999995	907	0	-0.70767
RNF113A	4	0.032069	0.097285	0.517712	198	3	-0.61273	0.86233	0.86349	0.999995	821	0	-0.61273
ATP6V1D	4	0.03237	0.098061	0.519233	199	3	-0.48536	0.63432	0.63336	0.999995	604	0	-0.48536
MED13	4	0.032739	0.098902	0.521083	200	4	-0.45844	0.96726	0.96757	0.999995	928	0	-0.45844
ATR	4	0.033032	0.099744	0.522914	201	3	-0.47284	0.54815	0.54738	0.999995	525	0	-0.47284
PFAS	4	0.033596	0.10131	0.528484	202	2	-0.32808	0.57791	0.57792	0.999995	553	0	-0.32808
PKM	3	0.03376	0.082401	0.456871	203	2	-0.47585	0.1543	0.1545	0.999995	157	0	-0.47585
CHMP1A	4	0.034311	0.10332	0.536223	204	4	-0.4184	0.9615	0.96199	0.999995	917	0	-0.4184
COX4I2	4	0.034508	0.1038	0.536223	205	4	-0.25943	0.96549	0.96587	0.999995	927	0	-0.25943
XYLT2	4	0.035572	0.10629	0.544961	206	4	-0.24026	0.96443	0.9649	0.999995	925	0	-0.24026
NCBP2	4	0.035655	0.10652	0.544961	207	3	-0.26747	0.59913	0.5988	0.999995	570	0	-0.26747
HNRNPK	4	0.036478	0.10889	0.55211	208	3	-0.72347	0.89758	0.89785	0.999995	856	0	-0.72347
WRN	4	0.036504	0.10896	0.55211	209	4	-0.20287	0.9635	0.96388	0.999995	923	0	-0.20287
SKA1	4	0.036863	0.10995	0.554479	210	3	-0.57584	0.45058	0.4498	0.999995	449	0	-0.57584
UNC119	4	0.037215	0.11088	0.555827	211	4	-0.19125	0.96279	0.96321	0.999995	922	0	-0.19125
NSG2	4	0.037481	0.11166	0.555827	212	2	-0.092565	0.051994	0.055858	0.964496	61	1	-0.092565
ABCA3	4	0.037519	0.1118	0.555827	213	4	-0.25263	0.94016	0.93997	0.999995	894	0	-0.25263
BRD8	4	0.038097	0.11337	0.560318	214	4	-0.45913	0.9619	0.96227	0.999995	920	0	-0.45913
FANCF	4	0.038341	0.11405	0.560318	215	4	-0.23458	0.96166	0.96209	0.999995	919	0	-0.23458
SLC11A2	4	0.038422	0.11429	0.560318	216	4	-0.30378	0.96158	0.96202	0.999995	918	0	-0.30378
LIN28B	4	0.038657	0.11482	0.560318	217	2	-0.39942	0.38882	0.38714	0.999995	379	0	-0.39942
RPL17	3	0.038736	0.094116	0.504825	218	3	-0.6506	0.88021	0.8804	0.999995	837	0	-0.6506
AP1G2	4	0.0405	0.11985	0.57957	219	4	-0.24848	0.9595	0.96	0.999995	914	0	-0.24848
ZMIZ2	4	0.041182	0.12156	0.585126	220	4	-0.16787	0.95882	0.95925	0.999995	913	0	-0.16787
MAPK8IP3	4	0.043638	0.12814	0.611252	221	4	-0.31336	0.95636	0.95699	0.999995	912	0	-0.31336
MED8	4	0.046193	0.13465	0.639457	222	3	-0.38966	0.72505	0.72474	0.999995	691	0	-0.38966
MED13L	4	0.047197	0.13724	0.648846	223	3	-0.39835	0.84938	0.85115	0.999995	810	0	-0.39835
TMEM30A	4	0.047621	0.13804	0.649725	224	4	-0.36379	0.95238	0.95283	0.999995	911	0	-0.36379
SNAPC4	4	0.04791	0.13877	0.650245	225	2	-0.44511	0.68763	0.68693	0.999995	654	0	-0.44511
ERBB3	8	0.048242	0.17735	0.745305	226	6	-0.15698	0.87536	0.87494	0.999995	830	0	-0.15698
HMG20B	4	0.048295	0.13969	0.651699	227	4	-0.15692	0.95171	0.9521	0.999995	910	0	-0.15692
SPTLC2	4	0.049374	0.14252	0.659064	228	3	-0.39014	0.91621	0.9161	0.999995	873	0	-0.39014
SAFB2	4	0.050159	0.14446	0.664104	229	4	-0.27512	0.94984	0.95014	0.999995	906	0	-0.27512
DDX5	4	0.050578	0.14542	0.664104	230	3	-0.52686	0.82914	0.83096	0.999995	789	0	-0.52686
LSM14B	4	0.050758	0.14588	0.664104	231	4	-0.21664	0.94924	0.9494	0.999995	905	0	-0.21664
MYBPHL	4	0.050959	0.14627	0.664104	232	4	-0.20656	0.94904	0.9492	0.999995	904	0	-0.20656
CHSY3	4	0.051363	0.14706	0.664104	233	4	-0.21553	0.94864	0.94883	0.999995	903	0	-0.21553
FANCM	4	0.052549	0.15006	0.673372	234	3	-0.38685	0.89061	0.89088	0.999995	848	0	-0.38685
PUM2	4	0.052954	0.1512	0.675628	235	4	-0.44402	0.94679	0.94672	0.999995	902	0	-0.44402
RPL5	4	0.053633	0.15283	0.680027	236	3	-0.67039	0.77258	0.7736	0.999995	738	0	-0.67039
FOXK1	4	0.055001	0.15616	0.690267	237	4	-0.22876	0.945	0.94496	0.999995	900	0	-0.22876
MPC1	4	0.055108	0.15644	0.690267	238	4	-0.28823	0.94489	0.94485	0.999995	899	0	-0.28823
MRPL27	4	0.055536	0.15762	0.690267	239	4	-0.34918	0.94446	0.94438	0.999995	898	0	-0.34918
ASF1A	4	0.055596	0.15774	0.690267	240	3	-0.422	0.3	0.29798	0.999995	303	0	-0.422
RFC2	4	0.056097	0.15919	0.693577	241	2	-0.55283	0.092805	0.093854	0.999995	92	1	-0.55283
RPRD1B	4	0.057677	0.16315	0.703712	242	3	-0.5051	0.9085	0.90867	0.999995	864	0	-0.5051
GATAD2A	4	0.057989	0.16399	0.703712	243	2	-0.29501	0.13734	0.13768	0.999995	138	1	-0.29501
BECN1	4	0.058048	0.16413	0.703712	244	4	-0.37408	0.94195	0.94173	0.999995	896	0	-0.37408
IPO7	3	0.059717	0.14081	0.654008	245	3	-0.38998	0.94028	0.93969	0.999995	895	0	-0.38998
QSOX1	4	0.061799	0.17292	0.735437	246	4	-0.22496	0.9382	0.93803	0.999995	891	0	-0.22496
SLC25A24	4	0.062383	0.17441	0.738792	247	4	-0.15777	0.93762	0.93742	0.999995	890	0	-0.15777
TBC1D28	3	0.062891	0.14737	0.664104	248	3	-0.16499	0.93711	0.93649	0.999995	889	0	-0.16499
UCHL5	4	0.063244	0.17584	0.741884	249	3	-0.29245	0.15319	0.15315	0.999995	155	0	-0.29245
ABL2	4	0.065526	0.17963	0.751908	250	3	-0.32782	0.62135	0.62027	0.999995	593	0	-0.32782
CREBBP	4	0.066762	0.18157	0.757016	251	3	-0.35912	0.71383	0.71319	0.999995	677	0	-0.35912
AFG3L2	3	0.068742	0.1598	0.693577	252	3	-0.39139	0.93126	0.93049	0.999995	881	0	-0.39139
MED26	4	0.069617	0.1863	0.770672	253	2	-0.3911	0.52763	0.52682	0.999995	509	0	-0.3911
STX4	4	0.070875	0.18844	0.775673	254	3	-0.20178	0.49019	0.48928	0.999995	484	0	-0.20178
UTP14C	4	0.071198	0.18897	0.775673	255	3	-0.2421	0.7335	0.7331	0.999995	700	0	-0.2421
DYNC1LI1	3	0.072969	0.16794	0.717123	256	3	-0.3709	0.91155	0.91122	0.999995	866	0	-0.3709
GABPB1	4	0.074559	0.19422	0.794124	257	2	-0.35454	0.3213	0.31966	0.999995	318	0	-0.35454
CAND1	4	0.077827	0.19973	0.8135	258	3	-0.32823	0.72683	0.72652	0.999995	694	0	-0.32823
G3BP1	4	0.079711	0.20253	0.821763	259	3	-0.39336	0.876	0.87686	0.999995	832	0	-0.39336
VPS37A	4	0.082083	0.20604	0.828289	260	3	-0.34336	0.028326	0.034036	0.938317	38	1	-0.34336
TAF1	4	0.085804	0.2121	0.847581	261	2	-0.16467	0.10669	0.10793	0.999995	105	1	-0.16467
CRK	4	0.088192	0.21616	0.860586	262	3	-0.29906	0.85673	0.85817	0.999995	817	0	-0.29906
TTC7A	8	0.089129	0.27474	0.999995	263	6	-0.16222	0.9397	0.93933	0.999995	893	0	-0.16222
RBBP4	3	0.090908	0.20413	0.825089	264	2	-0.93545	0.61845	0.61863	0.999995	589	0	-0.93545
RAMP2	4	0.094206	0.22588	0.891365	265	3	-0.32557	0.84756	0.84957	0.999995	805	0	-0.32557
COPZ1	4	0.094549	0.22642	0.891365	266	3	-0.16633	0.6209	0.61983	0.999995	592	0	-0.16633
FARS2	4	0.096117	0.22906	0.895387	267	3	-0.39661	0.87123	0.87185	0.999995	828	0	-0.39661
EPS15L1	4	0.096309	0.22951	0.895387	268	3	-0.26771	0.34963	0.34849	0.999995	341	0	-0.26771
USP5	4	0.096789	0.23029	0.895387	269	2	-0.22226	0.72647	0.72617	0.999995	693	0	-0.22226
RPA3	4	0.09708	0.23082	0.895387	270	3	-0.43591	0.19627	0.19639	0.999995	201	0	-0.43591
ASF1B	8	0.098767	0.29614	0.999995	271	6	-0.23233	0.99064	0.99076	0.999995	971	0	-0.23233
SF3B2	4	0.099426	0.23485	0.907693	272	3	-0.3199	0.80168	0.80287	0.999995	765	0	-0.3199
EFR3A	4	0.10458	0.24285	0.934119	273	3	-0.46276	0.84983	0.85155	0.999995	811	0	-0.46276
TNPO2	4	0.10499	0.24345	0.934119	274	3	-0.20753	0.069903	0.07249	0.999995	72	1	-0.20753
TBP	4	0.10568	0.24456	0.934964	275	2	-0.21461	0.53136	0.53054	0.999995	512	0	-0.21461
FOXK2	4	0.1081	0.24811	0.943664	276	3	-0.23453	0.93572	0.93587	0.999995	886	0	-0.23453
CRY1	4	0.10841	0.24861	0.943664	277	2	-0.28785	0.10755	0.10873	0.999995	106	1	-0.28785
LATS2	4	0.10948	0.25013	0.946022	278	3	-0.21607	0.85563	0.85715	0.999995	815	0	-0.21607
RPL31	2	0.10973	0.1846	0.766628	279	2	-0.57614	0.89027	0.89015	0.999995	846	0	-0.57614
FLOT2	4	0.11772	0.26304	0.989449	280	3	-0.19132	0.85585	0.85737	0.999995	816	0	-0.19132
DGAT1	4	0.11798	0.26348	0.989449	281	3	-0.24226	0.89414	0.89449	0.999995	852	0	-0.24226
TUBB4B	8	0.11818	0.3387	0.999995	282	5	-0.23715	0.48638	0.48459	0.999995	480	0	-0.23715
KIT	8	0.11949	0.3415	0.999995	283	5	-0.13251	0.7142	0.71341	0.999995	678	0	-0.13251
EZH2	4	0.12081	0.26815	0.99894	284	2	-0.26012	0.41122	0.40986	0.999995	409	0	-0.26012
POLD1	4	0.12113	0.26877	0.99894	285	2	-0.2197	0.75247	0.75252	0.999995	718	0	-0.2197
COPS7A	4	0.12295	0.27188	0.999995	286	3	-0.25589	0.10496	0.10614	0.999995	104	1	-0.25589
RPL6	1	0.12309	0.12415	0.594888	287	1	-0.54123	0.87691	0.87729	0.999995	833	0	-0.54123
RPL15	2	0.12425	0.20649	0.828289	288	2	-0.64469	0.86519	0.8652	0.999995	825	0	-0.64469
CDK5R1	4	0.12517	0.27519	0.999995	289	3	-0.17384	0.93584	0.93601	0.999995	887	0	-0.17384
SNRPB2	3	0.12611	0.26884	0.99894	290	2	-0.42981	0.7863	0.7872	0.999995	749	0	-0.42981
CCNT1	4	0.12854	0.28015	0.999995	291	3	-0.22636	0.82153	0.82358	0.999995	782	0	-0.22636
IDH2	4	0.13219	0.28542	0.999995	292	3	-0.25299	0.85006	0.85176	0.999995	812	0	-0.25299
MTMR4	4	0.13357	0.28744	0.999995	293	3	-0.24018	0.70491	0.70425	0.999995	670	0	-0.24018
RPL21	2	0.13607	0.22474	0.891365	294	1	-0.49639	0.74052	0.73953	0.999995	705	0	-0.49639
CDK5R2	4	0.13753	0.29315	0.999995	295	3	-0.16903	0.89274	0.89307	0.999995	851	0	-0.16903
PCGF1	4	0.14564	0.30532	0.999995	296	3	-0.12121	0.62044	0.61934	0.999995	591	0	-0.12121
PSMB8	4	0.14783	0.30847	0.999995	297	3	-0.13737	0.71966	0.71902	0.999995	682	0	-0.13737
RPP14	4	0.14808	0.30892	0.999995	298	3	-0.27097	0.9339	0.93397	0.999995	882	0	-0.27097
WDR12	4	0.14821	0.30907	0.999995	299	3	-0.37132	0.64566	0.64524	0.999995	615	0	-0.37132
FOXA1	4	0.14869	0.30971	0.999995	300	3	-0.23234	0.40869	0.40725	0.999995	406	0	-0.23234
SLC25A37	4	0.14905	0.31026	0.999995	301	3	-0.17193	0.92065	0.9206	0.999995	876	0	-0.17193
BRSK2	4	0.15226	0.31489	0.999995	302	3	-0.20058	0.7438	0.74335	0.999995	709	0	-0.20058
PACS1	4	0.15276	0.31544	0.999995	303	3	-0.16056	0.72219	0.72162	0.999995	687	0	-0.16056
AKAP11	4	0.15278	0.31548	0.999995	304	3	-0.2116	0.86041	0.86155	0.999995	820	0	-0.2116
TLN1	4	0.15449	0.31797	0.999995	305	3	-0.32237	0.54763	0.54678	0.999995	524	0	-0.32237
PRKAB2	4	0.15475	0.31848	0.999995	306	3	-0.21298	0.9137	0.91371	0.999995	871	0	-0.21298
PHLDA2	4	0.15576	0.3199	0.999995	307	3	-0.15448	0.93524	0.93545	0.999995	885	0	-0.15448
RIMKLB	3	0.15605	0.30081	0.999995	308	2	-0.16343	0.45735	0.45604	0.999995	453	0	-0.16343
PSEN1	4	0.15879	0.32383	0.999995	309	3	-0.25293	0.89518	0.89537	0.999995	854	0	-0.25293
GSDMD	4	0.1598	0.32536	0.999995	310	3	-0.26137	0.50476	0.50363	0.999995	493	0	-0.26137
TNR	4	0.16002	0.32568	0.999995	311	2	-0.24395	0.0098205	0.017264	0.794877	22	1	-0.24395
CLASP2	4	0.16006	0.32576	0.999995	312	3	-0.23704	0.45237	0.45168	0.999995	450	0	-0.23704
NHLRC1	4	0.16057	0.32655	0.999995	313	3	-0.17219	0.8408	0.84251	0.999995	796	0	-0.17219
GJA8	4	0.16159	0.32824	0.999995	314	3	-0.21465	0.93092	0.93117	0.999995	880	0	-0.21465
CAND2	4	0.16281	0.33013	0.999995	315	2	-0.18829	0.016327	0.0232	0.875555	28	1	-0.18829
ARFGEF2	4	0.1652	0.33382	0.999995	316	3	-0.36804	0.92585	0.92593	0.999995	878	0	-0.36804
ACACA	4	0.16649	0.3358	0.999995	317	3	-0.23489	0.93439	0.93455	0.999995	884	0	-0.23489
PMM2	4	0.16666	0.336	0.999995	318	3	-0.18989	0.50753	0.50655	0.999995	496	0	-0.18989
ANAPC4	4	0.16675	0.33612	0.999995	319	3	-0.23907	0.81685	0.81917	0.999995	779	0	-0.23907
SOAT1	4	0.16877	0.33913	0.999995	320	2	-0.28158	0.2804	0.27891	0.999995	290	0	-0.28158
GLT6D1	4	0.17788	0.3526	0.999995	321	3	-0.17929	0.29856	0.29645	0.999995	302	0	-0.17929
HEATR5A	4	0.17815	0.35306	0.999995	322	3	-0.28599	0.75412	0.75432	0.999995	721	0	-0.28599
TIMM23	4	0.1794	0.35517	0.999995	323	2	-0.14606	0.74447	0.74397	0.999995	710	0	-0.14606
RPL27A	2	0.18	0.28908	0.999995	324	1	-0.43392	0.68972	0.68838	0.999995	655	0	-0.43392
ZNRF4	4	0.1814	0.35801	0.999995	325	3	-0.17001	0.79173	0.79285	0.999995	755	0	-0.17001
CRYBB2	4	0.18249	0.35978	0.999995	326	3	-0.16281	0.56699	0.56721	0.999995	540	0	-0.16281
ARHGEF7	4	0.18308	0.36055	0.999995	327	2	-0.20798	0.40679	0.40527	0.999995	404	0	-0.20798
TUBB2A	4	0.18413	0.36212	0.999995	328	3	-0.24779	0.3262	0.32466	0.999995	323	0	-0.24779
CTSZ	4	0.18452	0.36261	0.999995	329	3	-0.29039	0.80775	0.80981	0.999995	770	0	-0.29039
IRF4	4	0.18468	0.36285	0.999995	330	3	-0.24279	0.56849	0.56886	0.999995	541	0	-0.24279
EZH1	4	0.1867	0.36576	0.999995	331	2	-0.19661	0.33799	0.33672	0.999995	333	0	-0.19661
MYL7	4	0.18707	0.36629	0.999995	332	3	-0.23165	0.83529	0.83701	0.999995	793	0	-0.23165
TCF3	4	0.18743	0.36673	0.999995	333	3	-0.12947	0.88385	0.88412	0.999995	839	0	-0.12947
EEFSEC	4	0.18746	0.3668	0.999995	334	2	-0.14614	0.56196	0.56218	0.999995	537	0	-0.14614
RBMX	3	0.18887	0.33616	0.999995	335	2	-0.26382	0.69935	0.69986	0.999995	664	0	-0.26382
RHBDF2	4	0.19077	0.3714	0.999995	336	3	-0.20828	0.4695	0.46892	0.999995	463	0	-0.20828
BTG1	4	0.19273	0.37398	0.999995	337	3	-0.12801	0.84641	0.84832	0.999995	803	0	-0.12801
RHOT2	4	0.19555	0.37798	0.999995	338	3	-0.21839	0.81527	0.81752	0.999995	778	0	-0.21839
CRKL	4	0.19583	0.37834	0.999995	339	3	-0.17327	0.53349	0.53265	0.999995	513	0	-0.17327
ADSS	3	0.19639	0.34352	0.999995	340	1	-0.030466	0.41459	0.41287	0.999995	412	0	-0.030466
PAX4	4	0.19838	0.38195	0.999995	341	3	-0.20026	0.1794	0.17945	0.999995	184	0	-0.20026
EPC1	4	0.20142	0.38575	0.999995	342	2	-0.26664	0.82663	0.8286	0.999995	788	0	-0.26664
MTA1	4	0.2021	0.38681	0.999995	343	3	-0.19161	0.91355	0.91357	0.999995	870	0	-0.19161
RALGPS2	4	0.20268	0.38757	0.999995	344	3	-0.16408	0.7193	0.71859	0.999995	681	0	-0.16408
MBTD1	4	0.20365	0.38918	0.999995	345	2	-0.23122	0.61082	0.61	0.999995	583	0	-0.23122
HRAS	4	0.20557	0.39201	0.999995	346	3	-0.12652	0.92023	0.92015	0.999995	875	0	-0.12652
WASL	4	0.20586	0.39244	0.999995	347	3	-0.21115	0.84339	0.84538	0.999995	798	0	-0.21115
ZNF34	4	0.20644	0.39325	0.999995	348	3	-0.1605	0.3043	0.30249	0.999995	307	0	-0.1605
SEC23A	4	0.20702	0.39397	0.999995	349	3	-0.25944	0.38427	0.38318	0.999995	373	0	-0.25944
S1PR4	4	0.20731	0.39432	0.999995	350	3	-0.17742	0.37574	0.37452	0.999995	363	0	-0.17742
GNB3	4	0.20851	0.39603	0.999995	351	2	-0.15642	0.45891	0.45843	0.999995	456	0	-0.15642
RHOT1	4	0.20906	0.39663	0.999995	352	3	-0.22313	0.5996	0.59937	0.999995	571	0	-0.22313
ABCC3	4	0.21023	0.39833	0.999995	353	3	-0.17276	0.89707	0.89728	0.999995	855	0	-0.17276
KAT6B	4	0.21082	0.39913	0.999995	354	3	-0.19875	0.7847	0.78575	0.999995	748	0	-0.19875
ARID1A	4	0.21111	0.39969	0.999995	355	3	-0.21008	0.86339	0.86447	0.999995	823	0	-0.21008
TIMP2	4	0.212	0.40095	0.999995	356	3	-0.147	0.91005	0.91011	0.999995	865	0	-0.147
SNX2	4	0.21259	0.40181	0.999995	357	3	-0.15875	0.216	0.21537	0.999995	222	0	-0.15875
TMEM120A	4	0.21378	0.40335	0.999995	358	2	-0.20242	0.74176	0.74129	0.999995	707	0	-0.20242
ARSJ	4	0.21495	0.405	0.999995	359	3	-0.16557	0.92822	0.92826	0.999995	879	0	-0.16557
TOP2B	4	0.21833	0.40975	0.999995	360	2	-0.17005	0.068124	0.070733	0.999995	70	1	-0.17005
ATP6V1B1	4	0.22032	0.41254	0.999995	361	3	-0.21307	0.90027	0.90054	0.999995	860	0	-0.21307
COQ10A	4	0.22251	0.41551	0.999995	362	2	-0.11032	0.31071	0.30891	0.999995	311	0	-0.11032
SOX9	4	0.22273	0.41573	0.999995	363	3	-0.13093	0.91737	0.91723	0.999995	874	0	-0.13093
PTTG1	3	0.22439	0.37301	0.999995	364	2	-0.39649	0.87127	0.87142	0.999995	829	0	-0.39649
CAP1	4	0.22557	0.41963	0.999995	365	3	-0.36777	0.44275	0.44202	0.999995	439	0	-0.36777
LARP1B	4	0.22636	0.42065	0.999995	366	3	-0.21168	0.72183	0.72122	0.999995	686	0	-0.21168
ZFYVE19	4	0.2288	0.42405	0.999995	367	3	-0.24238	0.88516	0.88521	0.999995	840	0	-0.24238
COPG1	4	0.22941	0.42497	0.999995	368	3	-0.23676	0.0154	0.022303	0.874771	27	1	-0.23676
GXYLT2	4	0.23125	0.4275	0.999995	369	3	-0.16384	0.14571	0.1456	0.999995	147	1	-0.16384
STT3A	4	0.23248	0.42915	0.999995	370	3	-0.19969	0.89186	0.89212	0.999995	849	0	-0.19969
DDI2	4	0.23384	0.43108	0.999995	371	2	-0.26394	0.21522	0.21455	0.999995	221	0	-0.26394
CCNE2	4	0.23433	0.43177	0.999995	372	3	-0.18587	0.86254	0.86368	0.999995	822	0	-0.18587
KIF20A	8	0.23448	0.51473	0.999995	373	5	-0.21568	0.0071732	0.015506	0.794877	19	2	-0.21568
FAM71B	4	0.23619	0.43435	0.999995	374	3	-0.2046	0.2782	0.2768	0.999995	287	0	-0.2046
KRTAP10-10	4	0.23681	0.4352	0.999995	375	3	-0.21755	0.77072	0.77152	0.999995	735	0	-0.21755
SEC23B	4	0.23775	0.43635	0.999995	376	3	-0.18881	0.27008	0.26872	0.999995	279	0	-0.18881
RSBN1L	4	0.24024	0.43946	0.999995	377	3	-0.22883	0.80883	0.81092	0.999995	771	0	-0.22883
BZW1	3	0.24135	0.39085	0.999995	378	2	-0.18322	0.68295	0.68301	0.999995	651	0	-0.18322
CLTA	4	0.2415	0.4411	0.999995	379	3	-0.11054	0.60943	0.60856	0.999995	582	0	-0.11054
CABP5	4	0.24275	0.44292	0.999995	380	3	-0.19774	0.72039	0.71975	0.999995	683	0	-0.19774
ESRP2	4	0.24413	0.44465	0.999995	381	2	-0.18927	0.66591	0.66504	0.999995	629	0	-0.18927
MED31	4	0.24454	0.44519	0.999995	382	3	-0.18298	0.65038	0.64973	0.999995	617	0	-0.18298
SIRPA	3	0.24504	0.39498	0.999995	383	2	-0.16697	0.013666	0.016796	0.794877	25	1	-0.16697
KAT6A	4	0.2453	0.44614	0.999995	384	2	-0.20751	0.81972	0.82176	0.999995	780	0	-0.20751
ATP6V1E2	4	0.24591	0.44682	0.999995	385	3	-0.18536	0.50531	0.50418	0.999995	494	0	-0.18536
ARPC5	4	0.24608	0.44708	0.999995	386	2	-0.21598	0.66343	0.66257	0.999995	628	0	-0.21598
ZG16	4	0.24622	0.44725	0.999995	387	3	-0.23099	0.85453	0.85596	0.999995	813	0	-0.23099
UNC45B	4	0.24647	0.44757	0.999995	388	2	-0.15803	0.70076	0.7003	0.999995	666	0	-0.15803
RSPH1	4	0.24749	0.44907	0.999995	389	3	-0.13675	0.44938	0.44871	0.999995	447	0	-0.13675
ABTB2	4	0.24843	0.45034	0.999995	390	2	-0.17353	0.42498	0.42407	0.999995	426	0	-0.17353
TOMM20L	4	0.25004	0.45255	0.999995	391	3	-0.15537	0.36713	0.36585	0.999995	353	0	-0.15537
DMP1	4	0.25163	0.4547	0.999995	392	3	-0.24764	0.68998	0.68937	0.999995	656	0	-0.24764
ULK1	4	0.25313	0.45669	0.999995	393	2	-0.20003	0.77197	0.77281	0.999995	737	0	-0.20003
COPS7B	4	0.25355	0.45726	0.999995	394	3	-0.25245	0.18021	0.18025	0.999995	185	0	-0.25245
MT2A	4	0.25452	0.45861	0.999995	395	3	-0.13885	0.18263	0.18304	0.999995	186	0	-0.13885
H1FOO	4	0.25514	0.45951	0.999995	396	2	-0.085783	0.14654	0.14653	0.999995	148	1	-0.085783
BICD2	4	0.2555	0.46006	0.999995	397	2	-0.16091	0.82537	0.82718	0.999995	787	0	-0.16091
RHOBTB2	4	0.2571	0.46195	0.999995	398	3	-0.16454	0.87776	0.87846	0.999995	835	0	-0.16454
SBF1	4	0.26001	0.46573	0.999995	399	3	-0.16573	0.79803	0.79948	0.999995	763	0	-0.16573
SLC25A25	4	0.26066	0.46658	0.999995	400	3	-0.27794	0.83674	0.83831	0.999995	795	0	-0.27794
NUTF2	4	0.26164	0.46802	0.999995	401	3	-0.27926	0.3269	0.32545	0.999995	324	0	-0.27926
ALG14	4	0.26392	0.47086	0.999995	402	3	-0.17788	0.90226	0.90232	0.999995	861	0	-0.17788
CNOT6	4	0.2642	0.47119	0.999995	403	2	-0.22625	0.9128	0.91296	0.999995	869	0	-0.22625
IRF6	4	0.26852	0.47667	0.999995	404	3	-0.17285	0.39657	0.395	0.999995	390	0	-0.17285
TTC23	4	0.27083	0.47952	0.999995	405	3	-0.20253	0.5228	0.522	0.999995	507	0	-0.20253
RP1	4	0.27215	0.48112	0.999995	406	3	-0.17506	0.75835	0.75853	0.999995	725	0	-0.17506
CRY2	4	0.27281	0.482	0.999995	407	3	-0.1502	0.72469	0.72429	0.999995	690	0	-0.1502
LATS1	4	0.27335	0.48265	0.999995	408	2	-0.22965	0.13481	0.13524	0.999995	135	1	-0.22965
GPSM2	4	0.27415	0.48383	0.999995	409	2	-0.1081	0.46716	0.46677	0.999995	460	0	-0.1081
CLASP1	4	0.27448	0.48422	0.999995	410	3	-0.15681	0.84245	0.84431	0.999995	797	0	-0.15681
CSTF2T	4	0.27735	0.48782	0.999995	411	2	-0.21169	0.36312	0.36156	0.999995	351	0	-0.21169
UNC45A	4	0.27781	0.48836	0.999995	412	3	-0.21133	0.65632	0.65564	0.999995	625	0	-0.21133
PEF1	4	0.27882	0.48952	0.999995	413	3	-0.24164	0.73903	0.73871	0.999995	703	0	-0.24164
RANBP9	4	0.28137	0.4926	0.999995	414	2	-0.12868	0.66756	0.66672	0.999995	631	0	-0.12868
THRAP3	4	0.28387	0.49574	0.999995	415	3	-0.16991	0.87542	0.87622	0.999995	831	0	-0.16991
RSBN1	4	0.28499	0.49732	0.999995	416	2	-0.14112	0.75115	0.75122	0.999995	717	0	-0.14112
HMGCS2	4	0.28522	0.49763	0.999995	417	3	-0.18441	0.21678	0.21608	0.999995	223	0	-0.18441
BTBD11	4	0.28556	0.498	0.999995	418	3	-0.12102	0.40932	0.40786	0.999995	407	0	-0.12102
TMEM9B	4	0.28793	0.50093	0.999995	419	3	-0.12625	0.6218	0.62082	0.999995	594	0	-0.12625
SAP30L	4	0.29032	0.50397	0.999995	420	3	-0.14751	0.80992	0.81211	0.999995	773	0	-0.14751
TREM2	4	0.29104	0.50487	0.999995	421	2	-0.17927	0.57594	0.57609	0.999995	551	0	-0.17927
KRT25	4	0.29202	0.50607	0.999995	422	3	-0.22693	0.36513	0.36388	0.999995	352	0	-0.22693
TBPL2	4	0.29408	0.50882	0.999995	423	3	-0.17427	0.088434	0.08974	0.999995	88	1	-0.17427
POU5F2	4	0.29442	0.50929	0.999995	424	3	-0.1185	0.49415	0.49317	0.999995	486	0	-0.1185
MTUS2	4	0.29511	0.51024	0.999995	425	3	-0.11138	0.65081	0.65018	0.999995	618	0	-0.11138
TPST2	4	0.2967	0.51213	0.999995	426	2	-0.094796	0.25061	0.24972	0.999995	256	0	-0.094796
SATB2	4	0.29683	0.51233	0.999995	427	3	-0.12162	0.1289	0.12938	0.999995	128	1	-0.12162
MORF4L1	3	0.29881	0.44963	0.999995	428	2	-0.42297	0.7325	0.73315	0.999995	699	0	-0.42297
FOXB1	4	0.30063	0.51733	0.999995	429	3	-0.15557	0.75477	0.75494	0.999995	722	0	-0.15557
KIAA0319	4	0.30117	0.51799	0.999995	430	2	-0.049268	0.0031707	0.0063809	0.747112	7	2	-0.049268
GABPB2	4	0.30239	0.51958	0.999995	431	2	-0.16331	0.79576	0.79703	0.999995	762	0	-0.16331
RNF38	4	0.30279	0.52015	0.999995	432	2	-0.23355	0.67001	0.66909	0.999995	634	0	-0.23355
CWF19L1	4	0.30361	0.52106	0.999995	433	2	-0.23156	0.65378	0.65323	0.999995	623	0	-0.23156
SIK2	4	0.30549	0.52361	0.999995	434	3	-0.12891	0.89043	0.89071	0.999995	847	0	-0.12891
SNTA1	4	0.30584	0.52405	0.999995	435	3	-0.10431	0.51575	0.51472	0.999995	502	0	-0.10431
CLDN4	4	0.30689	0.52539	0.999995	436	3	-0.12729	0.84362	0.84565	0.999995	799	0	-0.12729
NMT2	4	0.30829	0.52724	0.999995	437	3	-0.13454	0.48679	0.4857	0.999995	481	0	-0.13454
ARPC5L	4	0.30899	0.52808	0.999995	438	3	-0.15508	0.64307	0.64232	0.999995	612	0	-0.15508
YIF1A	4	0.30931	0.52844	0.999995	439	2	-0.17512	0.63828	0.63732	0.999995	609	0	-0.17512
PGLS	4	0.31004	0.52932	0.999995	440	3	-0.11893	0.20183	0.20153	0.999995	206	0	-0.11893
EXOC6B	4	0.3118	0.53147	0.999995	441	3	-0.15949	0.2491	0.24836	0.999995	255	0	-0.15949
CCNE1	4	0.3125	0.53228	0.999995	442	3	-0.12726	0.47992	0.4788	0.999995	472	0	-0.12726
GOLPH3L	4	0.31421	0.53357	0.999995	443	2	-0.15998	0.62271	0.6219	0.999995	595	0	-0.15998
PRG3	4	0.32036	0.53786	0.999995	444	2	-0.20557	0.74548	0.74488	0.999995	711	0	-0.20557
MBD4	8	0.32382	0.62402	0.999995	445	4	-0.11093	0.2787	0.27772	0.999995	288	0	-0.11093
CLTB	4	0.32405	0.54069	0.999995	446	2	-0.19791	0.49696	0.49592	0.999995	489	0	-0.19791
GMPR	4	0.32775	0.54343	0.999995	447	2	-0.15636	0.85541	0.85688	0.999995	814	0	-0.15636
SUV39H1	4	0.33186	0.54653	0.999995	448	2	-0.14254	0.26636	0.26524	0.999995	274	0	-0.14254
DHX29	3	0.33324	0.48445	0.999995	449	2	-0.40618	0.802	0.80251	0.999995	766	0	-0.40618
ATP6V1C2	8	0.33633	0.63843	0.999995	450	4	-0.171	0.70787	0.70666	0.999995	673	0	-0.171
MRPL55	4	0.33731	0.5506	0.999995	451	2	-0.064955	0.17697	0.17698	0.999995	181	0	-0.064955
CCDC69	4	0.33764	0.55088	0.999995	452	2	-0.13179	0.010752	0.018161	0.801361	23	1	-0.13179
SPDEF	4	0.33805	0.55128	0.999995	453	2	-0.087892	0.30573	0.30387	0.999995	308	0	-0.087892
ATP6V1E1	3	0.3386	0.48967	0.999995	454	1	-0.052916	0.18662	0.18641	0.999995	191	0	-0.052916
ACTL6B	4	0.34259	0.55447	0.999995	455	2	-0.1619	0.042034	0.046995	0.947166	52	1	-0.1619
EAF1	4	0.343	0.55477	0.999995	456	2	-0.19751	0.44697	0.44643	0.999995	444	0	-0.19751
CTPS2	4	0.34549	0.55663	0.999995	457	2	-0.07277	0.53876	0.53792	0.999995	517	0	-0.07277
DLL4	4	0.34755	0.55817	0.999995	458	2	-0.14386	0.71894	0.7182	0.999995	680	0	-0.14386
MCPH1	4	0.35128	0.56068	0.999995	459	2	-0.15986	0.75932	0.75947	0.999995	727	0	-0.15986
RGS19	4	0.35775	0.56525	0.999995	460	2	-0.17623	0.7926	0.79381	0.999995	757	0	-0.17623
MMD	4	0.36082	0.56753	0.999995	461	2	-0.21004	0.58765	0.58774	0.999995	564	0	-0.21004
CFL1	4	0.36248	0.56877	0.999995	462	2	-0.19225	0.69579	0.6951	0.999995	660	0	-0.19225
ABCG2	4	0.36579	0.57144	0.999995	463	1	-0.00034894	0.25137	0.25045	0.999995	257	0	-0.00034894
STX7	4	0.36622	0.57174	0.999995	464	2	-0.22312	0.55176	0.55101	0.999995	529	0	-0.22312
AP3M1	4	0.36872	0.57355	0.999995	465	2	-0.14863	0.70227	0.70185	0.999995	669	0	-0.14863
APOBEC3C	4	0.36979	0.57432	0.999995	466	1	-0.032527	0.32271	0.32107	0.999995	319	0	-0.032527
AP1G1	4	0.37329	0.57691	0.999995	467	2	-0.22269	0.57247	0.57286	0.999995	547	0	-0.22269
NAA11	4	0.37746	0.57947	0.999995	468	2	-0.14131	0.42436	0.42356	0.999995	425	0	-0.14131
MAK	4	0.37871	0.58038	0.999995	469	2	-0.073623	0.1432	0.14359	0.999995	145	1	-0.073623
NDE1	4	0.37912	0.58069	0.999995	470	2	-0.21447	0.57396	0.57422	0.999995	548	0	-0.21447
SAMD9	4	0.38165	0.58266	0.999995	471	1	-0.036561	0.37045	0.36934	0.999995	357	0	-0.036561
ADSSL1	4	0.38245	0.58327	0.999995	472	2	-0.13849	0.6692	0.66839	0.999995	632	0	-0.13849
SMARCC1	4	0.38454	0.58469	0.999995	473	2	-0.11653	0.43971	0.43896	0.999995	436	0	-0.11653
BICD1	4	0.38704	0.58624	0.999995	474	2	-0.13957	0.6085	0.60765	0.999995	580	0	-0.13957
PHLDA1	4	0.38871	0.58736	0.999995	475	2	-0.10698	0.67731	0.67641	0.999995	642	0	-0.10698
RNF44	4	0.39746	0.59372	0.999995	476	2	-0.18236	0.80611	0.8078	0.999995	768	0	-0.18236
ALDOC	4	0.39788	0.59403	0.999995	477	2	-0.17035	0.29784	0.29579	0.999995	301	0	-0.17035
SS18L1	4	0.40164	0.59674	0.999995	478	2	-0.11529	0.23997	0.23938	0.999995	246	0	-0.11529
LGALS9	4	0.4017	0.59677	0.999995	479	2	-0.09723	0.22457	0.22402	0.999995	230	0	-0.09723
LMBR1L	4	0.40247	0.59726	0.999995	480	2	-0.15681	0.73106	0.73072	0.999995	696	0	-0.15681
ADAP1	4	0.40456	0.59895	0.999995	481	2	-0.18643	0.26711	0.26599	0.999995	275	0	-0.18643
DYNC1LI2	4	0.40623	0.60035	0.999995	482	2	-0.17897	0.73141	0.731	0.999995	697	0	-0.17897
MTMR3	4	0.40706	0.60089	0.999995	483	2	-0.13252	0.69656	0.69596	0.999995	661	0	-0.13252
NSG1	4	0.40789	0.60138	0.999995	484	2	-0.1019	0.12466	0.12529	0.999995	125	1	-0.1019
TCF12	4	0.41165	0.60411	0.999995	485	2	-0.12105	0.1365	0.13698	0.999995	137	1	-0.12105
CADPS	4	0.41248	0.60475	0.999995	486	2	-0.10773	0.58329	0.58299	0.999995	558	0	-0.10773
FAM50A	4	0.41332	0.60535	0.999995	487	2	-0.10729	0.37837	0.37714	0.999995	366	0	-0.10729
NAPB	4	0.41499	0.60662	0.999995	488	2	-0.1586	0.68091	0.68001	0.999995	648	0	-0.1586
SLC11A1	4	0.42124	0.6117	0.999995	489	2	-0.15451	0.020031	0.026435	0.903066	32	1	-0.15451
SLC32A1	4	0.42249	0.61259	0.999995	490	2	-0.14047	0.69962	0.69915	0.999995	665	0	-0.14047
SLC9A3R1	4	0.42583	0.61523	0.999995	491	2	-0.14312	0.51302	0.51197	0.999995	499	0	-0.14312
MTX1	3	0.42585	0.57896	0.999995	492	2	-0.11018	0.14925	0.14942	0.999995	152	0	-0.11018
RNF10	4	0.42708	0.61598	0.999995	493	2	-0.14888	0.69924	0.69873	0.999995	663	0	-0.14888
ZMAT2	4	0.42807	0.61682	0.999995	494	1	-0.067526	0.51956	0.51855	0.999995	504	0	-0.067526
CCNL2	4	0.42875	0.61733	0.999995	495	2	-0.12282	0.55484	0.55437	0.999995	533	0	-0.12282
SMAP1	4	0.42958	0.61794	0.999995	496	2	-0.16383	0.12041	0.12079	0.999995	117	1	-0.16383
VPS26A	4	0.43054	0.61866	0.999995	497	2	-0.23578	0.88626	0.88622	0.999995	842	0	-0.23578
TNKS2	4	0.43083	0.61889	0.999995	498	2	-0.13306	0.58426	0.58416	0.999995	560	0	-0.13306
OSMR	4	0.43125	0.6192	0.999995	499	2	-0.16347	0.36846	0.36731	0.999995	354	0	-0.16347
CAVIN1	4	0.43666	0.62328	0.999995	500	2	-0.10436	0.62721	0.62652	0.999995	598	0	-0.10436
INTS6L	4	0.43789	0.62411	0.999995	501	1	-0.065334	0.28479	0.2832	0.999995	294	0	-0.065334
FUT5	4	0.43791	0.62416	0.999995	502	2	-0.13037	0.4992	0.49803	0.999995	490	0	-0.13037
SEPHS1	3	0.44318	0.59665	0.999995	503	1	-0.076304	0.60268	0.60228	0.999995	575	0	-0.076304
APH1B	4	0.44374	0.62858	0.999995	504	2	-0.13217	0.74783	0.74752	0.999995	714	0	-0.13217
XYLT1	4	0.44541	0.62973	0.999995	505	2	-0.16812	0.079645	0.081484	0.999995	79	1	-0.16812
PUM1	4	0.44818	0.63179	0.999995	506	2	-0.12546	0.59294	0.59279	0.999995	566	0	-0.12546
ZNF284	4	0.45164	0.63428	0.999995	507	2	-0.08454	0.31213	0.31048	0.999995	313	0	-0.08454
GALR3	4	0.4533	0.6357	0.999995	508	2	-0.14357	0.67449	0.67364	0.999995	639	0	-0.14357
MMD2	4	0.45621	0.63795	0.999995	509	2	-0.15871	0.36979	0.36879	0.999995	356	0	-0.15871
CLTCL1	4	0.45787	0.63907	0.999995	510	2	-0.090599	0.49133	0.49038	0.999995	485	0	-0.090599
DBT	4	0.46036	0.64089	0.999995	511	2	-0.14765	0.1306	0.13085	0.999995	130	1	-0.14765
DUOX2	4	0.46326	0.6432	0.999995	512	2	-0.10661	0.70604	0.70523	0.999995	671	0	-0.10661
TBC1D9	4	0.46368	0.6434	0.999995	513	2	-0.098583	0.72398	0.72352	0.999995	688	0	-0.098583
RCBTB1	4	0.46409	0.64375	0.999995	514	2	-0.12453	0.5356	0.5348	0.999995	516	0	-0.12453
RNF103	4	0.46481	0.64427	0.999995	515	1	-0.089774	0.6043	0.60373	0.999995	577	0	-0.089774
SNX6	4	0.46599	0.64515	0.999995	516	2	-0.12631	0.22535	0.2249	0.999995	231	0	-0.12631
COX6B2	4	0.46782	0.64658	0.999995	517	2	-0.11611	0.15568	0.15568	0.999995	159	0	-0.11611
SLC9A3R2	4	0.47241	0.64964	0.999995	518	2	-0.074136	0.63784	0.63688	0.999995	608	0	-0.074136
DUSP10	4	0.47403	0.65085	0.999995	519	2	-0.095668	0.61817	0.61717	0.999995	588	0	-0.095668
COPG2	4	0.47415	0.65097	0.999995	520	1	-0.17694	0.18344	0.18387	0.999995	187	0	-0.17694
HOXB1	4	0.47646	0.65252	0.999995	521	2	-0.1977	0.84915	0.85095	0.999995	809	0	-0.1977
KLF4	4	0.47704	0.65306	0.999995	522	1	-0.0070056	0.22612	0.22575	0.999995	232	0	-0.0070056
MED23	4	0.47733	0.65328	0.999995	523	2	-0.16879	0.72433	0.72392	0.999995	689	0	-0.16879
GRIP1	4	0.48022	0.6554	0.999995	524	2	-0.16025	0.44093	0.4403	0.999995	438	0	-0.16025
SNRPN	4	0.48222	0.6569	0.999995	525	2	-0.10593	0.019106	0.025585	0.903066	31	1	-0.10593
SIX6	4	0.48517	0.6592	0.999995	526	2	-0.068304	0.22999	0.22957	0.999995	237	0	-0.068304
JAG2	4	0.48599	0.6597	0.999995	527	2	-0.11773	0.35302	0.35183	0.999995	344	0	-0.11773
RING1	4	0.48736	0.66071	0.999995	528	1	-0.0663	0.54659	0.54573	0.999995	523	0	-0.0663
TCERG1	4	0.48792	0.66109	0.999995	529	2	-0.10204	0.70903	0.7083	0.999995	675	0	-0.10204
LRBA	4	0.48929	0.66213	0.999995	530	2	-0.077915	0.09716	0.098052	0.999995	97	1	-0.077915
EPHA2	4	0.49011	0.66271	0.999995	531	2	-0.085212	0.75705	0.75715	0.999995	724	0	-0.085212
SMARCA2	4	0.49133	0.66356	0.999995	532	1	-0.10184	0.74616	0.7456	0.999995	712	0	-0.10184
DUOX1	4	0.49189	0.66398	0.999995	533	1	-0.10725	0.76979	0.7706	0.999995	734	0	-0.10725
PTCH1	4	0.49874	0.66928	0.999995	534	2	-0.10504	0.13818	0.13847	0.999995	139	1	-0.10504
BRSK1	4	0.49956	0.66989	0.999995	535	2	-0.10585	0.42063	0.41956	0.999995	420	0	-0.10585
RBPJ	4	0.49997	0.67017	0.999995	536	2	-0.13174	0.87062	0.87122	0.999995	827	0	-0.13174
PPP3CC	4	0.50078	0.67081	0.999995	537	2	-0.1285	0.58958	0.58951	0.999995	565	0	-0.1285
XPO7	4	0.50242	0.67219	0.999995	538	2	-0.15882	0.45832	0.45772	0.999995	455	0	-0.15882
PDCD4	4	0.5031	0.67265	0.999995	539	2	-0.10039	0.81019	0.81233	0.999995	774	0	-0.10039
FLNC	4	0.50642	0.67515	0.999995	540	2	-0.048842	0.050188	0.054381	0.959818	60	1	-0.048842
TMEM9	4	0.50652	0.67521	0.999995	541	2	-0.13018	0.30358	0.30173	0.999995	306	0	-0.13018
WAS	4	0.50808	0.67659	0.999995	542	1	0.0087836	0.06277	0.065815	0.999995	68	1	0.0087836
CYFIP2	4	0.51264	0.67988	0.999995	543	2	-0.16408	0.89203	0.89234	0.999995	850	0	-0.16408
IPO5	4	0.51302	0.68013	0.999995	544	2	-0.16071	0.21757	0.21694	0.999995	224	0	-0.16071
LIMK1	4	0.5159	0.6821	0.999995	545	2	-0.059573	0.19945	0.19934	0.999995	204	0	-0.059573
GXYLT1	4	0.51753	0.68334	0.999995	546	2	-0.075754	0.089309	0.090591	0.999995	89	1	-0.075754
ZMIZ1	4	0.52387	0.68838	0.999995	547	2	-0.031051	0.22224	0.22188	0.999995	228	0	-0.031051
TIMM23B	4	0.52646	0.69019	0.999995	548	2	-0.070268	0.57446	0.57465	0.999995	549	0	-0.070268
COPZ2	4	0.52709	0.69062	0.999995	549	2	-0.066955	0.2415	0.24096	0.999995	247	0	-0.066955
LMBR1	4	0.52849	0.69166	0.999995	550	2	-0.028057	0.30215	0.30023	0.999995	305	0	-0.028057
TOMM40L	4	0.52889	0.69196	0.999995	551	2	-0.14363	0.11699	0.1173	0.999995	113	1	-0.14363
GDF15	4	0.53051	0.69321	0.999995	552	2	-0.086751	0.55021	0.5494	0.999995	527	0	-0.086751
NRBP1	4	0.53334	0.69507	0.999995	553	2	-0.083715	0.3537	0.35242	0.999995	345	0	-0.083715
CLCA1	4	0.53507	0.69651	0.999995	554	1	-0.042401	0.394	0.39244	0.999995	386	0	-0.042401
SBF2	3	0.53527	0.66754	0.999995	555	1	-0.070119	0.40518	0.40345	0.999995	401	0	-0.070119
ADGRG7	4	0.53576	0.69698	0.999995	556	2	-0.17807	0.044758	0.049425	0.947166	55	1	-0.17807
RECK	4	0.53616	0.69735	0.999995	557	2	-0.070816	0.33038	0.32891	0.999995	328	0	-0.070816
GDI1	4	0.53657	0.69773	0.999995	558	2	-0.069087	0.50918	0.50813	0.999995	497	0	-0.069087
ACACB	4	0.53979	0.70009	0.999995	559	2	-0.017915	0.04385	0.048668	0.947166	54	1	-0.017915
PRDM16	4	0.54034	0.7005	0.999995	560	2	-0.088815	0.79057	0.79183	0.999995	753	0	-0.088815
UMPS	4	0.54086	0.70076	0.999995	561	1	-0.041124	0.63652	0.63558	0.999995	606	0	-0.041124
SAR1A	8	0.54165	0.79816	0.999995	562	3	-0.093735	0.39388	0.39433	0.999995	385	0	-0.093735
CBLL1	4	0.54243	0.70191	0.999995	563	2	-0.1367	0.033827	0.039272	0.938317	44	1	-0.1367
PDLIM5	4	0.54582	0.7044	0.999995	564	2	-0.052317	0.14987	0.14991	0.999995	153	0	-0.052317
GMPR2	4	0.54815	0.70631	0.999995	565	2	-0.17439	0.69037	0.68971	0.999995	657	0	-0.17439
FRS3	4	0.54866	0.70661	0.999995	566	2	-0.099183	0.32341	0.32188	0.999995	320	0	-0.099183
TUBB2B	2	0.54996	0.57708	0.999995	567	1	-0.088354	0.31232	0.31116	0.999995	314	0	-0.088354
SPTA1	4	0.55222	0.70926	0.999995	568	2	-0.13262	0.84409	0.84623	0.999995	800	0	-0.13262
ZNF185	4	0.55342	0.71029	0.999995	569	2	-0.07162	0.077879	0.080091	0.999995	77	1	-0.07162
RNF144B	4	0.55422	0.71085	0.999995	570	2	-0.14776	0.51247	0.51149	0.999995	498	0	-0.14776
CBLL2	4	0.55541	0.71189	0.999995	571	2	-0.10374	0.51521	0.51422	0.999995	501	0	-0.10374
ADAP2	4	0.55637	0.71273	0.999995	572	1	-0.11697	0.78941	0.79035	0.999995	752	0	-0.11697
SYK	4	0.55741	0.71361	0.999995	573	2	-0.048743	0.37772	0.37643	0.999995	365	0	-0.048743
HTR3E	4	0.559	0.71493	0.999995	574	2	-0.06195	0.24834	0.24763	0.999995	254	0	-0.06195
TGM6	4	0.55979	0.71553	0.999995	575	2	-0.1798	0.43361	0.43266	0.999995	432	0	-0.1798
TANC1	4	0.56337	0.7183	0.999995	576	2	-0.17252	0.23691	0.23629	0.999995	242	0	-0.17252
ERC1	4	0.56416	0.71882	0.999995	577	2	-0.11398	0.87718	0.87791	0.999995	834	0	-0.11398
NDEL1	4	0.56535	0.71987	0.999995	578	2	-0.06661	0.28113	0.27965	0.999995	291	0	-0.06661
ATP8B3	4	0.56694	0.72108	0.999995	579	2	-0.15654	0.084047	0.08571	0.999995	84	1	-0.15654
FOSL1	3	0.56784	0.68154	0.999995	580	1	0.0052026	0.12371	0.12442	0.999995	123	0	0.0052026
TAP1	4	0.56949	0.72308	0.999995	581	2	-0.10439	0.60664	0.60585	0.999995	578	0	-0.10439
KRT74	4	0.57089	0.72406	0.999995	582	2	-0.15044	0.62989	0.6292	0.999995	599	0	-0.15044
GIT2	4	0.57168	0.72448	0.999995	583	2	-0.18831	0.42312	0.42219	0.999995	423	0	-0.18831
AKIRIN1	4	0.57247	0.72516	0.999995	584	1	-0.11099	0.78291	0.78403	0.999995	746	0	-0.11099
RAD17	3	0.57306	0.68386	0.999995	585	1	-0.096411	0.69331	0.69392	0.999995	658	0	-0.096411
CCND3	4	0.57326	0.72568	0.999995	586	2	-0.11123	0.84847	0.85034	0.999995	808	0	-0.11123
PTPN11	4	0.57365	0.7259	0.999995	587	2	-0.19185	0.16227	0.16222	0.999995	165	0	-0.19185
NOX3	4	0.57562	0.72734	0.999995	588	2	-0.12695	0.41876	0.4175	0.999995	417	0	-0.12695
ERN1	4	0.57916	0.73016	0.999995	589	2	-0.14935	0.58378	0.58363	0.999995	559	0	-0.14935
SAP30	4	0.58034	0.73098	0.999995	590	2	-0.12095	0.60243	0.60184	0.999995	574	0	-0.12095
EXOC6	4	0.5819	0.73204	0.999995	591	2	-0.16352	0.8241	0.82605	0.999995	786	0	-0.16352
CYP26C1	4	0.58269	0.73265	0.999995	592	2	-0.019388	0.034741	0.040057	0.938317	45	1	-0.019388
ASCL1	4	0.58329	0.73301	0.999995	593	1	-0.0603	0.71676	0.71604	0.999995	679	0	-0.0603
EP300	4	0.58347	0.73315	0.999995	594	2	-0.081692	0.55381	0.55324	0.999995	532	0	-0.081692
LDB1	8	0.58457	0.82678	0.999995	595	3	-0.10334	0.84782	0.84739	0.999995	806	0	-0.10334
TOMM20	3	0.58531	0.68958	0.999995	596	1	-0.067794	0.6737	0.67336	0.999995	638	0	-0.067794
ZNF804B	4	0.5862	0.73517	0.999995	597	2	-0.12528	0.56044	0.5607	0.999995	536	0	-0.12528
CASP4	4	0.5866	0.73545	0.999995	598	2	-0.089804	0.073454	0.075744	0.999995	73	1	-0.089804
USP13	4	0.58816	0.73682	0.999995	599	2	-0.087442	0.047476	0.051875	0.947166	58	1	-0.087442
FKBP5	4	0.58933	0.73764	0.999995	600	2	-0.16797	0.7844	0.78547	0.999995	747	0	-0.16797
SPTAN1	4	0.58972	0.73784	0.999995	601	2	-0.16933	0.53507	0.53429	0.999995	515	0	-0.16933
IRF8	4	0.59006	0.73804	0.999995	602	1	-0.032413	0.19467	0.19494	0.999995	199	0	-0.032413
RNF130	4	0.59049	0.73837	0.999995	603	2	-0.091603	0.70828	0.70746	0.999995	674	0	-0.091603
FLOT1	4	0.5915	0.73926	0.999995	604	2	-0.049939	0.16637	0.1664	0.999995	170	0	-0.049939
TPST1	4	0.59198	0.73956	0.999995	605	1	-0.056175	0.41625	0.4149	0.999995	414	0	-0.056175
TFDP3	4	0.59244	0.73997	0.999995	606	2	-0.14668	0.76602	0.76666	0.999995	730	0	-0.14668
PCBD1	4	0.5936	0.74094	0.999995	607	2	-0.12484	0.46833	0.46787	0.999995	462	0	-0.12484
YIPF5	4	0.5939	0.74116	0.999995	608	2	-0.06081	0.14738	0.14742	0.999995	149	0	-0.06081
GYS1	4	0.59477	0.74172	0.999995	609	2	-0.048082	0.37969	0.37847	0.999995	367	0	-0.048082
NCKAP1	4	0.59825	0.74415	0.999995	610	2	-0.13114	0.89483	0.89509	0.999995	853	0	-0.13114
LIM2	4	0.60135	0.74638	0.999995	611	2	-0.10737	0.27599	0.27456	0.999995	286	0	-0.10737
CHML	4	0.60366	0.74813	0.999995	612	2	-0.1135	0.39464	0.39316	0.999995	387	0	-0.1135
SEC31B	4	0.6043	0.74866	0.999995	613	2	-0.13703	0.65548	0.65467	0.999995	624	0	-0.13703
RBPJL	4	0.60477	0.74896	0.999995	614	1	-0.067731	0.51357	0.51245	0.999995	500	0	-0.067731
SCN10A	4	0.60481	0.749	0.999995	615	2	-0.062496	0.42931	0.42833	0.999995	430	0	-0.062496
SRI	4	0.60617	0.74996	0.999995	616	1	-0.073831	0.48451	0.4837	0.999995	476	0	-0.073831
FEZ2	4	0.60664	0.75038	0.999995	617	1	-0.023485	0.22379	0.22331	0.999995	229	0	-0.023485
SAR1B	4	0.60804	0.75144	0.999995	618	2	-0.16857	0.34554	0.34436	0.999995	338	0	-0.16857
PDGFD	4	0.60865	0.75192	0.999995	619	2	-0.0058507	0.004771	0.0092232	0.751333	13	2	-0.0058507
DCAF8L1	4	0.60989	0.75274	0.999995	620	2	-0.04204	0.12636	0.12691	0.999995	127	1	-0.04204
PLXDC1	8	0.61024	0.84383	0.999995	621	4	-0.072757	0.78088	0.7805	0.999995	744	0	-0.072757
DGKI	4	0.61082	0.75339	0.999995	622	1	-0.059798	0.37508	0.37376	0.999995	362	0	-0.059798
POU4F2	4	0.61134	0.75384	0.999995	623	2	-0.10098	0.11185	0.11273	0.999995	110	1	-0.10098
PPP3CA	4	0.61174	0.75409	0.999995	624	1	-0.011459	0.15485	0.15487	0.999995	158	0	-0.011459
EFR3B	4	0.61359	0.75527	0.999995	625	1	-0.090369	0.48508	0.4841	0.999995	477	0	-0.090369
NET1	4	0.61363	0.7553	0.999995	626	2	-0.09862	0.024646	0.030661	0.938317	35	1	-0.09862
ATAD2	4	0.61554	0.75692	0.999995	627	2	-0.037897	0.39914	0.39747	0.999995	393	0	-0.037897
FOXE3	4	0.61592	0.75719	0.999995	628	2	-0.069577	0.25438	0.25331	0.999995	261	0	-0.069577
GOLT1B	4	0.61668	0.75785	0.999995	629	2	-0.12841	0.2392	0.23853	0.999995	244	0	-0.12841
VRTN	4	0.61744	0.75852	0.999995	630	2	-0.10486	0.3731	0.37198	0.999995	360	0	-0.10486
FAM126B	4	0.61782	0.75885	0.999995	631	2	-0.077796	0.56999	0.57034	0.999995	544	0	-0.077796
MYBPH	4	0.61896	0.75982	0.999995	632	2	-0.09703	0.58134	0.5813	0.999995	555	0	-0.09703
ZAP70	4	0.62135	0.76163	0.999995	633	2	-0.10607	0.098029	0.098968	0.999995	98	1	-0.10607
FDPS	4	0.62225	0.7625	0.999995	634	1	-0.052767	0.093677	0.094602	0.999995	93	1	-0.052767
OSBPL6	4	0.62238	0.7626	0.999995	635	2	-0.1205	0.82282	0.82493	0.999995	785	0	-0.1205
PIP4P2	4	0.62275	0.76297	0.999995	636	2	-0.1409	0.66218	0.66144	0.999995	627	0	-0.1409
RAP1GAP2	4	0.62361	0.76374	0.999995	637	1	-0.11049	0.20973	0.20922	0.999995	215	0	-0.11049
HMGCLL1	4	0.62502	0.76478	0.999995	638	2	-0.11258	0.70114	0.70063	0.999995	667	0	-0.11258
NRBP2	4	0.62691	0.76629	0.999995	639	2	-0.13558	0.76061	0.76099	0.999995	728	0	-0.13558
PHLDA3	4	0.62804	0.76711	0.999995	640	2	-0.080713	0.26934	0.26798	0.999995	278	0	-0.080713
LIMK2	4	0.62842	0.7675	0.999995	641	2	-0.07896	0.20657	0.20612	0.999995	212	0	-0.07896
H2AFX	4	0.62899	0.76795	0.999995	642	1	-0.057608	0.67891	0.67794	0.999995	645	0	-0.057608
RXFP3	4	0.62955	0.76835	0.999995	643	2	-0.032596	0.24378	0.24311	0.999995	249	0	-0.032596
TBR1	4	0.63211	0.77036	0.999995	644	2	-0.12073	0.35708	0.35558	0.999995	348	0	-0.12073
TPBGL	4	0.63255	0.77059	0.999995	645	1	0.010776	0.18425	0.18476	0.999995	188	0	0.010776
FBLN1	4	0.63368	0.77137	0.999995	646	2	-0.097252	0.25212	0.25108	0.999995	258	0	-0.097252
CHUK	8	0.63586	0.85993	0.999995	647	3	-0.10537	0.23971	0.23897	0.999995	245	1	-0.10537
SPATA16	4	0.63592	0.77309	0.999995	648	2	-0.034539	0.14404	0.14417	0.999995	146	1	-0.034539
SOS2	4	0.6363	0.7733	0.999995	649	2	-0.13497	0.54086	0.54004	0.999995	519	0	-0.13497
ADARB2	4	0.6374	0.77404	0.999995	650	1	-0.078133	0.069014	0.071668	0.999995	71	1	-0.078133
FCRL3	4	0.63816	0.77462	0.999995	651	2	-0.083272	0.65251	0.65187	0.999995	622	0	-0.083272
KLF5	4	0.64003	0.77597	0.999995	652	2	-0.12456	0.57098	0.57123	0.999995	546	0	-0.12456
FZD8	4	0.64151	0.77728	0.999995	653	2	-0.058323	0.71014	0.70954	0.999995	676	0	-0.058323
MED12L	4	0.6422	0.7778	0.999995	654	1	-0.057044	0.38817	0.38661	0.999995	378	0	-0.057044
CAPN2	4	0.64226	0.77785	0.999995	655	2	-0.09603	0.55073	0.54993	0.999995	528	0	-0.09603
PCDH1	4	0.64263	0.77818	0.999995	656	2	-0.070545	0.67205	0.67115	0.999995	635	0	-0.070545
FRS2	4	0.643	0.77844	0.999995	657	2	-0.13572	0.60007	0.59982	0.999995	572	0	-0.13572
IKBKE	4	0.6435	0.77884	0.999995	658	1	-0.095844	0.78112	0.78231	0.999995	745	0	-0.095844
TSTD1	4	0.64411	0.77942	0.999995	659	2	-0.073903	0.76728	0.76808	0.999995	732	0	-0.073903
STX12	4	0.64522	0.78046	0.999995	660	2	-0.13465	0.86507	0.86595	0.999995	824	0	-0.13465
SEC11C	4	0.64707	0.78211	0.999995	661	2	-0.069087	0.52226	0.52134	0.999995	506	0	-0.069087
PRDM13	4	0.64892	0.78358	0.999995	662	2	-0.07507	0.1187	0.1191	0.999995	115	1	-0.07507
CAP2	4	0.65039	0.78468	0.999995	663	2	-0.083304	0.074341	0.076595	0.999995	74	1	-0.083304
PDX1	4	0.6515	0.78562	0.999995	664	2	-0.15434	0.83359	0.83541	0.999995	792	0	-0.15434
ARFGEF1	4	0.65251	0.78641	0.999995	665	1	-0.049348	0.094549	0.095387	0.999995	94	1	-0.049348
GBP3	4	0.6526	0.7865	0.999995	666	2	-0.15001	0.43422	0.43343	0.999995	433	0	-0.15001
ZEB1	4	0.6537	0.78731	0.999995	667	2	-0.10252	0.33454	0.33319	0.999995	330	0	-0.10252
DDX39A	4	0.65407	0.78757	0.999995	668	2	-0.078808	0.67246	0.67165	0.999995	636	0	-0.078808
SS18	4	0.65517	0.78829	0.999995	669	2	-0.1208	0.39077	0.3891	0.999995	381	0	-0.1208
NUMB	4	0.65553	0.78868	0.999995	670	2	-0.084054	0.52923	0.52834	0.999995	511	0	-0.084054
CRNN	4	0.6559	0.78891	0.999995	671	2	-0.096165	0.17616	0.17632	0.999995	180	0	-0.096165
CEACAM1	4	0.658	0.79063	0.999995	672	1	-0.075564	0.63211	0.63127	0.999995	602	0	-0.075564
RPL3L	4	0.65846	0.79094	0.999995	673	2	-0.111	0.89007	0.89033	0.999995	845	0	-0.111
SP110	4	0.65884	0.79123	0.999995	674	1	-0.073175	0.25589	0.25484	0.999995	263	0	-0.073175
ISL1	4	0.66064	0.79263	0.999995	675	2	-0.13958	0.20579	0.20551	0.999995	211	0	-0.13958
NR5A2	4	0.66137	0.79323	0.999995	676	2	-0.077672	0.0032816	0.0065399	0.747112	8	1	-0.077672
DMXL1	4	0.66218	0.79396	0.999995	677	1	0.010237	0.48736	0.48624	0.999995	482	0	0.010237
MBD3L1	4	0.66246	0.79413	0.999995	678	2	-0.18657	0.8223	0.82449	0.999995	784	0	-0.18657
ZWILCH	4	0.6626	0.79422	0.999995	679	1	-0.1028	0.74142	0.74093	0.999995	706	0	-0.1028
MEP1B	4	0.66283	0.7944	0.999995	680	2	-0.085589	0.12296	0.12372	0.999995	121	1	-0.085589
GOLPH3	4	0.66343	0.7948	0.999995	681	1	-0.080192	0.72754	0.72722	0.999995	695	0	-0.080192
TRPM1	4	0.66384	0.79515	0.999995	682	1	-0.087645	0.16719	0.16722	0.999995	171	0	-0.087645
GPR151	4	0.66428	0.79542	0.999995	683	2	-0.083443	0.40106	0.39931	0.999995	395	0	-0.083443
SLC22A8	4	0.66467	0.79569	0.999995	684	1	-0.0044534	0.32551	0.32404	0.999995	322	0	-0.0044534
SPOP	4	0.66572	0.79672	0.999995	685	2	-0.12934	0.8795	0.87992	0.999995	836	0	-0.12934
DCAF4L2	4	0.66681	0.79767	0.999995	686	2	-0.085628	0.036568	0.041703	0.938317	47	1	-0.085628
DZIP3	4	0.66714	0.79798	0.999995	687	1	-0.082895	0.57495	0.5751	0.999995	550	0	-0.082895
LRFN1	4	0.66717	0.79799	0.999995	688	2	-0.069017	0.20815	0.20767	0.999995	214	0	-0.069017
STAM	4	0.67077	0.80068	0.999995	689	2	-0.11963	0.79231	0.79346	0.999995	756	0	-0.11963
EAF2	4	0.67113	0.80102	0.999995	690	2	-0.12696	0.84456	0.84658	0.999995	801	0	-0.12696
SERPINA11	4	0.67124	0.8011	0.999995	691	1	-0.063666	0.54918	0.54831	0.999995	526	0	-0.063666
CAB39L	4	0.67165	0.80141	0.999995	692	1	0.0045893	0.34349	0.34231	0.999995	336	0	0.0045893
ZDHHC17	4	0.67293	0.80241	0.999995	693	2	-0.12357	0.7495	0.74937	0.999995	716	0	-0.12357
PRSS37	4	0.67329	0.80266	0.999995	694	2	-0.079898	0.45773	0.45698	0.999995	454	0	-0.079898
PXDN	4	0.67449	0.80363	0.999995	695	1	-0.10708	0.11956	0.11994	0.999995	116	1	-0.10708
TBC1D1	4	0.67508	0.80415	0.999995	696	2	-0.089678	0.76791	0.76874	0.999995	733	0	-0.089678
KHSRP	4	0.67771	0.80625	0.999995	697	1	0.0044838	0.038393	0.043433	0.938317	49	1	0.0044838
RRAGC	4	0.67811	0.8066	0.999995	698	1	-0.040563	0.27156	0.27028	0.999995	280	0	-0.040563
SLC17A2	4	0.67891	0.8072	0.999995	699	1	-0.052131	0.48222	0.48124	0.999995	474	0	-0.052131
MECOM	4	0.679	0.80728	0.999995	700	2	-0.10118	0.20104	0.20074	0.999995	205	0	-0.10118
HRH3	4	0.67971	0.80785	0.999995	701	1	0.066597	0.21287	0.21223	0.999995	219	0	0.066597
DENND5A	4	0.68114	0.809	0.999995	702	2	-0.10481	0.67327	0.67238	0.999995	637	0	-0.10481
APH1A	4	0.68149	0.80922	0.999995	703	2	-0.11577	0.80528	0.80689	0.999995	767	0	-0.11577
GRIP2	4	0.68369	0.81083	0.999995	704	1	-0.080948	0.67489	0.67409	0.999995	640	0	-0.080948
ZIC3	4	0.68433	0.8113	0.999995	705	2	-0.077652	0.68011	0.67923	0.999995	647	0	-0.077652
KCNT2	4	0.68468	0.81161	0.999995	706	2	-0.093823	0.13313	0.13357	0.999995	133	1	-0.093823
IL10RA	4	0.68488	0.81174	0.999995	707	1	-0.067337	0.3764	0.3752	0.999995	364	0	-0.067337
RPRD1A	4	0.68763	0.81406	0.999995	708	1	-0.07509	0.39978	0.39811	0.999995	394	0	-0.07509
GSTP1	4	0.69386	0.81626	0.999995	709	1	-0.0070163	0.076111	0.078605	0.999995	75	1	-0.0070163
NCOR2	4	0.69771	0.81741	0.999995	710	1	-0.077257	0.68488	0.68395	0.999995	652	0	-0.077257
IMPDH1	4	0.7019	0.81872	0.999995	711	1	-0.11597	0.73766	0.73729	0.999995	702	0	-0.11597
ADAM19	4	0.70378	0.81926	0.999995	712	1	-0.023948	0.53454	0.53375	0.999995	514	0	-0.023948
TBC1D4	4	0.70791	0.82044	0.999995	713	1	0.0098351	0.40297	0.40106	0.999995	398	0	0.0098351
KPNA3	4	0.70903	0.82081	0.999995	714	1	-0.13472	0.759	0.75919	0.999995	726	0	-0.13472
MARCKS	4	0.71051	0.82134	0.999995	715	1	0.042122	0.25664	0.25554	0.999995	264	0	0.042122
LSM14A	4	0.71236	0.82202	0.999995	716	1	-0.095175	0.40996	0.40857	0.999995	408	0	-0.095175
GSX1	4	0.7131	0.82224	0.999995	717	1	-0.049632	0.10927	0.11019	0.999995	108	1	-0.049632
KLK12	4	0.7142	0.82252	0.999995	718	1	-0.068378	0.25814	0.25705	0.999995	265	0	-0.068378
HPS1	4	0.71566	0.82296	0.999995	719	1	-0.094725	0.0060879	0.01157	0.764997	16	1	-0.094725
PSEN2	4	0.71858	0.82399	0.999995	720	1	-0.02208	0.62631	0.62553	0.999995	597	0	-0.02208
FAM50B	4	0.72754	0.82706	0.999995	721	1	-0.023078	0.11442	0.11512	0.999995	111	1	-0.023078
TPBG	4	0.73036	0.828	0.999995	722	1	-0.078463	0.72147	0.7208	0.999995	685	0	-0.078463
VPS26B	4	0.73489	0.82963	0.999995	723	1	-0.054842	0.40425	0.4025	0.999995	399	0	-0.054842
GLIS3	4	0.73593	0.83	0.999995	724	1	-0.090367	0.63476	0.63386	0.999995	605	0	-0.090367
VANGL1	4	0.73697	0.83027	0.999995	725	1	0.014859	0.2269	0.22666	0.999995	233	0	0.014859
CYFIP1	4	0.73766	0.83055	0.999995	726	1	-0.036242	0.17535	0.17548	0.999995	179	0	-0.036242
FEZ1	4	0.7421	0.83206	0.999995	727	1	0.061632	0.0013889	0.0031741	0.747112	3	2	0.061632
ARHGEF3	4	0.74312	0.83241	0.999995	728	1	-0.019797	0.35977	0.35838	0.999995	349	0	-0.019797
ARID1B	4	0.74515	0.83313	0.999995	729	1	-0.073369	0.56899	0.56945	0.999995	542	0	-0.073369
GALNT5	4	0.74649	0.8335	0.999995	730	1	0.0022446	0.26338	0.26224	0.999995	272	0	0.0022446
ERH	4	0.7475	0.8339	0.999995	731	1	-0.089865	0.64523	0.64475	0.999995	614	0	-0.089865
FKBP9	4	0.7528	0.83582	0.999995	732	1	0.0063819	0.39335	0.39174	0.999995	384	0	0.0063819
ANKRD10	4	0.75964	0.83836	0.999995	733	1	-0.070482	0.83578	0.83747	0.999995	794	0	-0.070482
DYNLT1	4	0.76061	0.83886	0.999995	734	1	-0.063243	0.52064	0.51979	0.999995	505	0	-0.063243
PPP3R2	4	0.76253	0.83965	0.999995	735	1	0.021565	0.31284	0.31125	0.999995	315	0	0.021565
TMEM120B	4	0.76317	0.83983	0.999995	736	1	-0.061518	0.37178	0.37061	0.999995	358	0	-0.061518
TANK	4	0.76349	0.83995	0.999995	737	1	-0.14112	0.18586	0.18635	0.999995	190	0	-0.14112
PTCH2	4	0.76476	0.84038	0.999995	738	1	-0.03518	0.21835	0.21777	0.999995	225	0	-0.03518
FSD1L	4	0.76571	0.84083	0.999995	739	1	0.014696	0.25889	0.25781	0.999995	266	0	0.014696
TLN2	4	0.76823	0.84189	0.999995	740	1	-0.075186	0.29134	0.28965	0.999995	300	0	-0.075186
AP2A2	4	0.77103	0.84298	0.999995	741	1	-0.098507	0.47531	0.47442	0.999995	468	0	-0.098507
FRY	4	0.77228	0.84351	0.999995	742	1	-0.045192	0.041124	0.046078	0.947166	51	1	-0.045192
SMAP2	4	0.77413	0.84431	0.999995	743	1	-0.10532	0.6122	0.61129	0.999995	584	0	-0.10532
ANKRD37	4	0.77566	0.84472	0.999995	744	1	-0.073503	0.56347	0.56375	0.999995	538	0	-0.073503
SERPINA12	8	0.77629	0.91741	0.999995	745	3	-0.073608	0.59778	0.59693	0.999995	568	0	-0.073608
REG3A	4	0.7784	0.84581	0.999995	746	1	-0.0054278	0.28698	0.28535	0.999995	296	0	-0.0054278
NCK1	4	0.78022	0.84662	0.999995	747	1	-0.088335	0.16801	0.16813	0.999995	172	0	-0.088335
TXNDC8	4	0.78351	0.84798	0.999995	748	1	0.01735	0.28916	0.28758	0.999995	297	0	0.01735
FKBP10	4	0.78411	0.84816	0.999995	749	1	-0.018414	0.39786	0.39621	0.999995	392	0	-0.018414
RNF113B	4	0.785	0.84847	0.999995	750	1	-0.039586	0.45297	0.45241	0.999995	451	0	-0.039586
HUS1B	4	0.78736	0.84919	0.999995	751	1	-0.076828	0.84824	0.85019	0.999995	807	0	-0.076828
TANC2	3	0.78881	0.80448	0.999995	752	1	-0.13104	0.67868	0.67853	0.999995	644	0	-0.13104
ITSN1	4	0.78912	0.84987	0.999995	753	1	-0.1133	0.7784	0.77951	0.999995	742	0	-0.1133
UNC119B	4	0.79115	0.85082	0.999995	754	1	-0.065251	0.5862	0.58616	0.999995	562	0	-0.065251
RC3H2	4	0.79202	0.8511	0.999995	755	1	-0.027271	0.080526	0.082232	0.999995	80	1	-0.027271
SLC22A13	4	0.79318	0.85168	0.999995	756	1	-0.095997	0.1565	0.15646	0.999995	160	0	-0.095997
IFIH1	4	0.79375	0.85188	0.999995	757	1	-0.081228	0.58231	0.58213	0.999995	557	0	-0.081228
DLL1	4	0.79433	0.85209	0.999995	758	1	-0.087864	0.5579	0.5577	0.999995	534	0	-0.087864
RTP1	4	0.79519	0.85244	0.999995	759	1	-0.0069768	0.24226	0.24176	0.999995	248	0	-0.0069768
RBMXL2	4	0.79689	0.85317	0.999995	760	1	-0.072889	0.12975	0.13014	0.999995	129	1	-0.072889
LOR	4	0.79803	0.85374	0.999995	761	1	-0.088452	0.60054	0.60009	0.999995	573	0	-0.088452
RANBP10	4	0.79831	0.85383	0.999995	762	1	-0.082645	0.68131	0.68041	0.999995	649	0	-0.082645
AXL	4	0.79944	0.85413	0.999995	763	1	-0.050112	0.42374	0.42285	0.999995	424	0	-0.050112
E2F4	4	0.8014	0.85486	0.999995	764	1	-0.10719	0.24682	0.24607	0.999995	252	0	-0.10719
ZNF423	4	0.80335	0.8557	0.999995	765	1	-0.055837	0.69386	0.69327	0.999995	659	0	-0.055837
MRGPRX2	4	0.80418	0.85631	0.999995	766	1	-0.16972	0.16309	0.16304	0.999995	166	0	-0.16972
NETO2	4	0.80665	0.85754	0.999995	767	1	0.032621	0.32969	0.32824	0.999995	327	0	0.032621
KRT38	4	0.80911	0.85875	0.999995	768	1	-0.013722	0.38296	0.38195	0.999995	371	0	-0.013722
UTRN	4	0.80938	0.85897	0.999995	769	1	-0.030477	0.20262	0.20233	0.999995	207	0	-0.030477
SLC25A2	4	0.81019	0.85926	0.999995	770	1	0.02203	0.032911	0.038421	0.938317	43	1	0.02203
TGFBR2	4	0.81207	0.86003	0.999995	771	1	-0.11625	0.46774	0.4673	0.999995	461	0	-0.11625
PLAU	4	0.81261	0.86027	0.999995	772	1	-0.05785	0.77474	0.77575	0.999995	740	0	-0.05785
FKBP4	4	0.81314	0.86045	0.999995	773	1	-0.10921	0.85717	0.8586	0.999995	818	0	-0.10921
IL6ST	4	0.81474	0.8611	0.999995	774	1	-0.034163	0.56949	0.56989	0.999995	543	0	-0.034163
PRKAB1	4	0.815	0.86123	0.999995	775	1	-0.092313	0.66961	0.66873	0.999995	633	0	-0.092313
DMD	4	0.81579	0.86151	0.999995	776	1	0.017361	0.30858	0.30682	0.999995	310	0	0.017361
LNX2	4	0.81868	0.86264	0.999995	777	1	0.017842	0.24758	0.2469	0.999995	253	0	0.017842
DDI1	8	0.81894	0.93591	0.999995	778	3	-0.11647	0.0053326	0.01228	0.764997	15	2	-0.11647
SEC14L3	4	0.8192	0.86281	0.999995	779	1	-0.099066	0.58183	0.58167	0.999995	556	0	-0.099066
NKAPL	4	0.82179	0.86395	0.999995	780	1	-0.037777	0.12551	0.12617	0.999995	126	1	-0.037777
NAA16	4	0.82256	0.86434	0.999995	781	1	-0.099585	0.82205	0.82416	0.999995	783	0	-0.099585
FAM126A	4	0.82511	0.8654	0.999995	782	1	-0.074508	0.6761	0.67535	0.999995	641	0	-0.074508
XDH	4	0.82613	0.86589	0.999995	783	1	-0.10246	0.79433	0.79553	0.999995	760	0	-0.10246
UAP1	4	0.82739	0.86638	0.999995	784	1	0.023265	0.053796	0.057447	0.964496	63	1	0.023265
PLCG1	4	0.82764	0.86656	0.999995	785	1	-0.11088	0.74916	0.749	0.999995	715	0	-0.11088
VIM	4	0.82814	0.86683	0.999995	786	1	0.026356	0.046571	0.051136	0.947166	57	1	0.026356
YBX3	4	0.82914	0.86723	0.999995	787	1	-0.11198	0.087558	0.089029	0.999995	87	1	-0.11198
DEGS1	4	0.83113	0.86815	0.999995	788	1	-0.035739	0.10841	0.1095	0.999995	107	1	-0.035739
LHFPL5	4	0.83162	0.8684	0.999995	789	1	-0.14632	0.73937	0.73905	0.999995	704	0	-0.14632
SLC35F3	4	0.83187	0.86852	0.999995	790	1	-0.051579	0.35099	0.34986	0.999995	342	0	-0.051579
ADARB1	4	0.83261	0.86885	0.999995	791	1	0.0064577	0.23307	0.2325	0.999995	240	0	0.0064577
IKBKB	4	0.83334	0.8692	0.999995	792	1	-0.019597	0.027407	0.033139	0.938317	37	1	-0.019597
NUMBL	4	0.83481	0.8698	0.999995	793	1	-0.022674	0.081408	0.083074	0.999995	81	1	-0.022674
CDC34	4	0.83505	0.86989	0.999995	794	1	-0.0017893	0.23767	0.23707	0.999995	243	0	-0.0017893
RPS7	1	0.83607	0.83674	0.999995	795	0	0.022645	0.16393	0.16391	0.999995	168	0	0.022645
SATB1	4	0.83698	0.87069	0.999995	796	1	0.038457	0.26785	0.26661	0.999995	276	0	0.038457
PSMB9	4	0.84128	0.87269	0.999995	797	1	-0.11666	0.79404	0.79532	0.999995	759	0	-0.11666
IDH1	4	0.84269	0.8734	0.999995	798	1	-0.060253	0.45654	0.45592	0.999995	452	0	-0.060253
SAMD4B	4	0.84292	0.87349	0.999995	799	1	-0.033156	0.13144	0.13167	0.999995	131	1	-0.033156
PLCG2	4	0.84316	0.87364	0.999995	800	1	0.032853	0.083168	0.084822	0.999995	83	1	0.032853
JAG1	4	0.84548	0.87489	0.999995	801	1	-0.10375	0.60896	0.6081	0.999995	581	0	-0.10375
AMELX	4	0.84618	0.87519	0.999995	802	1	0.027986	0.11785	0.11814	0.999995	114	1	0.027986
PMM1	4	0.84641	0.8753	0.999995	803	1	-0.08934	0.39141	0.38975	0.999995	382	0	-0.08934
SMARCC2	4	0.84892	0.87651	0.999995	804	1	-0.12008	0.21991	0.21943	0.999995	227	0	-0.12008
NLRP8	4	0.85208	0.87801	0.999995	805	1	-0.061721	0.64046	0.63943	0.999995	610	0	-0.061721
HEATR5B	4	0.85342	0.87861	0.999995	806	1	-0.0085879	0.41311	0.41179	0.999995	410	0	-0.0085879
TBK1	4	0.85365	0.87872	0.999995	807	1	-0.14674	0.47415	0.47325	0.999995	466	0	-0.14674
ERC2	4	0.85453	0.87917	0.999995	808	1	-0.11769	0.64264	0.64184	0.999995	611	0	-0.11769
BATF3	4	0.85651	0.88017	0.999995	809	1	-0.042918	0.38687	0.38546	0.999995	376	0	-0.042918
CPS1	4	0.85673	0.88024	0.999995	810	1	-0.042834	0.43177	0.43082	0.999995	431	0	-0.042834
CNOT8	3	0.85675	0.85792	0.999995	811	1	-0.10032	0.75299	0.75313	0.999995	719	0	-0.10032
TCF4	4	0.85782	0.88084	0.999995	812	1	-0.071073	0.2042	0.2039	0.999995	209	0	-0.071073
MECP2	4	0.85977	0.88186	0.999995	813	1	0.059787	0.12126	0.12187	0.999995	118	1	0.059787
PPP2CB	3	0.86038	0.86119	0.999995	814	1	-0.074357	0.1909	0.19067	0.999995	197	0	-0.074357
CD72	4	0.86191	0.88295	0.999995	815	1	-0.077292	0.84525	0.8473	0.999995	802	0	-0.077292
DDX17	4	0.86381	0.88404	0.999995	816	1	-0.057692	0.60383	0.60324	0.999995	576	0	-0.057692
GRM4	4	0.86402	0.8842	0.999995	817	1	-0.039096	0.40552	0.40402	0.999995	402	0	-0.039096
RNF144A	4	0.86486	0.88466	0.999995	818	1	-0.028561	0.14904	0.14911	0.999995	151	0	-0.028561
IPO8	4	0.86611	0.88528	0.999995	819	1	0.068614	0.0021916	0.0046046	0.747112	5	2	0.068614
EPHA3	4	0.86652	0.88552	0.999995	820	1	-0.019914	0.42869	0.4277	0.999995	429	0	-0.019914
EFNB1	4	0.86715	0.88583	0.999995	821	1	-0.1014	0.44757	0.44701	0.999995	445	0	-0.1014
DZIP1L	4	0.86756	0.88615	0.999995	822	1	0.0041296	0.10063	0.1016	0.999995	100	1	0.0041296
PACS2	4	0.86776	0.88622	0.999995	823	1	0.069279	0.10323	0.10445	0.999995	103	1	0.069279
ERN2	4	0.86797	0.88633	0.999995	824	1	-0.036673	0.63033	0.62965	0.999995	600	0	-0.036673
MYD88	4	0.869	0.88687	0.999995	825	1	-0.013879	0.37244	0.37125	0.999995	359	0	-0.013879
PTPN14	4	0.87103	0.88806	0.999995	826	1	-0.095732	0.26264	0.26146	0.999995	271	0	-0.095732
ENOX1	4	0.87183	0.88857	0.999995	827	1	-0.0097639	0.44456	0.44396	0.999995	442	0	-0.0097639
ICK	4	0.87363	0.88967	0.999995	828	1	-0.073692	0.35167	0.35052	0.999995	343	0	-0.073692
YIF1B	4	0.87482	0.89044	0.999995	829	1	-0.067204	0.81367	0.81594	0.999995	776	0	-0.067204
ESRP1	4	0.87561	0.89096	0.999995	830	1	-0.020926	0.57938	0.5794	0.999995	554	0	-0.020926
ELL2	4	0.87815	0.89239	0.999995	831	1	-0.095463	0.8014	0.8025	0.999995	764	0	-0.095463
KCNMB3	4	0.87834	0.89247	0.999995	832	1	-0.047107	0.65209	0.65149	0.999995	621	0	-0.047107
DNAJC15	4	0.87911	0.8929	0.999995	833	1	-0.040295	0.017254	0.023976	0.875555	29	1	-0.040295
TRIM25	4	0.88026	0.89356	0.999995	834	1	-0.070925	0.34895	0.34782	0.999995	340	0	-0.070925
NBEAL1	4	0.88103	0.89416	0.999995	835	1	-0.017827	0.25964	0.25862	0.999995	267	0	-0.017827
KRTAP1-1	4	0.88122	0.89422	0.999995	836	1	0.011954	0.20499	0.20465	0.999995	210	0	0.011954
STRIP1	4	0.88179	0.89452	0.999995	837	1	-0.0317	0.57048	0.5708	0.999995	545	0	-0.0317
GRHL3	4	0.8831	0.89538	0.999995	838	1	-0.053227	0.42187	0.42087	0.999995	422	0	-0.053227
ABCB1	4	0.88404	0.89585	0.999995	839	1	-0.048586	0.5287	0.5278	0.999995	510	0	-0.048586
TRPC5	4	0.88441	0.89601	0.999995	840	1	-0.048865	0.35438	0.35299	0.999995	346	0	-0.048865
MYCN	4	0.88497	0.89625	0.999995	841	1	-0.063147	0.49471	0.49371	0.999995	487	0	-0.063147
TMEM185B	4	0.88645	0.89722	0.999995	842	1	-0.044926	0.59533	0.59504	0.999995	567	0	-0.044926
LIN28A	3	0.88659	0.88671	0.999995	843	0	-0.092015	0.39011	0.38836	0.999995	380	0	-0.092015
MANF	4	0.88754	0.89805	0.999995	844	1	-0.070768	0.18907	0.18955	0.999995	194	0	-0.070768
DPCR1	4	0.88773	0.89816	0.999995	845	1	-0.081872	0.68724	0.68652	0.999995	653	0	-0.081872
IQCA1	4	0.88809	0.89839	0.999995	846	1	-0.12657	0.87022	0.87066	0.999995	826	0	-0.12657
ERO1A	4	0.89079	0.90029	0.999995	847	1	-0.043707	0.14069	0.14095	0.999995	142	1	-0.043707
PPP2R1B	4	0.8915	0.90079	0.999995	848	1	-0.054603	0.43544	0.43467	0.999995	434	0	-0.054603
HACD2	4	0.89291	0.90188	0.999995	849	1	-0.10003	0.7564	0.75652	0.999995	723	0	-0.10003
TAF9B	2	0.8932	0.89264	0.999995	850	0	0.023382	0.12337	0.12341	0.999995	122	0	0.023382
FSD1	4	0.89379	0.90241	0.999995	851	1	-0.10643	0.77931	0.78057	0.999995	743	0	-0.10643
GPSM1	4	0.89396	0.90254	0.999995	852	1	-0.02251	0.1015	0.1026	0.999995	101	1	-0.02251
ITGB1BP2	4	0.89449	0.90287	0.999995	853	1	-0.069019	0.15898	0.15879	0.999995	163	0	-0.069019
SPATA21	4	0.89501	0.90315	0.999995	854	1	0.00087886	0.23076	0.23021	0.999995	238	0	0.00087886
CDNF	4	0.89535	0.90348	0.999995	855	1	-0.059871	0.4175	0.4161	0.999995	416	0	-0.059871
SOHLH1	4	0.89621	0.90395	0.999995	856	1	-0.11822	0.0042177	0.0081199	0.747112	10	1	-0.11822
TMEM30B	4	0.89673	0.9043	0.999995	857	1	-0.077035	0.76093	0.76132	0.999995	729	0	-0.077035
KCNG4	4	0.8969	0.90445	0.999995	858	1	-0.10762	0.42125	0.42025	0.999995	421	0	-0.10762
SLC10A2	4	0.89826	0.90545	0.999995	859	1	-0.14228	0.8142	0.81659	0.999995	777	0	-0.14228
COQ10B	4	0.89877	0.90584	0.999995	860	1	-0.10108	0.67971	0.67878	0.999995	646	0	-0.10108
GCM2	4	0.89927	0.90623	0.999995	861	1	-0.078774	0.3428	0.34154	0.999995	335	0	-0.078774
PAPSS1	4	0.89994	0.90668	0.999995	862	1	0.033233	0.20736	0.2068	0.999995	213	0	0.033233
KCNT1	4	0.90275	0.90859	0.999995	863	1	-0.038786	0.16391	0.16391	0.999995	167	0	-0.038786
CCNT2	4	0.90307	0.90885	0.999995	864	1	-0.0076654	0.27893	0.27743	0.999995	289	0	-0.0076654
H2BFM	4	0.90566	0.91056	0.999995	865	1	-0.050816	0.20341	0.20321	0.999995	208	0	-0.050816
GPR50	4	0.90598	0.91069	0.999995	866	1	-0.004692	0.042942	0.047752	0.947166	53	1	-0.004692
GRHL2	4	0.90645	0.91108	0.999995	867	1	-0.069645	0.41374	0.41238	0.999995	411	0	-0.069645
ATOH1	4	0.90709	0.91152	0.999995	868	1	-0.083951	0.39722	0.39558	0.999995	391	0	-0.083951
DDX39B	4	0.90866	0.9128	0.999995	869	1	-0.042614	0.46128	0.46069	0.999995	457	0	-0.042614
NCKAP1L	4	0.90928	0.91317	0.999995	870	1	-0.021172	0.50031	0.4991	0.999995	491	0	-0.021172
KRT37	4	0.9099	0.91372	0.999995	871	1	-0.074597	0.59818	0.59784	0.999995	569	0	-0.074597
SLCO2B1	4	0.91005	0.91383	0.999995	872	1	-0.083162	0.77166	0.77245	0.999995	736	0	-0.083162
DRD3	4	0.91097	0.91454	0.999995	873	1	-0.063192	0.52387	0.52306	0.999995	508	0	-0.063192
CELA2A	4	0.9128	0.91598	0.999995	874	1	-0.12748	0.46305	0.46264	0.999995	458	0	-0.12748
TAS1R2	4	0.91325	0.9163	0.999995	875	1	-0.041639	0.44998	0.44923	0.999995	448	0	-0.041639
SAMD4A	4	0.9137	0.91652	0.999995	876	1	-0.0073005	0.33937	0.3381	0.999995	334	0	-0.0073005
DGAT2L6	4	0.91414	0.91683	0.999995	877	1	0.0020787	0.13228	0.13264	0.999995	132	1	0.0020787
KIAA0319L	4	0.91444	0.91706	0.999995	878	1	-0.098034	0.28625	0.28468	0.999995	295	0	-0.098034
DENND5B	4	0.91636	0.91852	0.999995	879	1	-0.0024802	0.078762	0.080783	0.999995	78	1	-0.0024802
CCT6B	4	0.91766	0.9195	0.999995	880	1	-0.11444	0.78824	0.7891	0.999995	751	0	-0.11444
BECN2	4	0.91838	0.92014	0.999995	881	1	-0.05239	0.17046	0.1707	0.999995	174	0	-0.05239
RANBP6	3	0.91875	0.91822	0.999995	882	0	-0.017647	0.40218	0.40049	0.999995	396	0	-0.017647
NBEAL2	4	0.91881	0.92049	0.999995	883	1	-0.038734	0.21913	0.21859	0.999995	226	0	-0.038734
RALGPS1	4	0.91981	0.92123	0.999995	884	1	0.071226	0.11099	0.11186	0.999995	109	1	0.071226
ATAD2B	4	0.92009	0.92151	0.999995	885	1	-0.11154	0.80911	0.81118	0.999995	772	0	-0.11154
EGFR	4	0.92023	0.92167	0.999995	886	1	-0.042317	0.50143	0.50026	0.999995	492	0	-0.042317
SBNO2	4	0.92135	0.9225	0.999995	887	1	-0.041002	0.25514	0.25417	0.999995	262	0	-0.041002
PAPSS2	4	0.92287	0.924	0.999995	888	1	0.043992	0.10237	0.10354	0.999995	102	1	0.043992
ACTL7A	4	0.92437	0.92527	0.999995	889	1	-0.053485	0.54191	0.54089	0.999995	520	0	-0.053485
NAT8L	4	0.92598	0.92669	0.999995	890	1	-0.054375	0.64824	0.64758	0.999995	616	0	-0.054375
RRAGD	4	0.92612	0.92682	0.999995	891	1	-0.066075	0.48622	0.48514	0.999995	479	0	-0.066075
RNF125	4	0.92731	0.92779	0.999995	892	1	-0.042956	0.47124	0.47063	0.999995	464	0	-0.042956
SPHKAP	4	0.92796	0.92837	0.999995	893	1	0.047891	0.0083887	0.015768	0.794877	21	2	0.047891
TOB2	4	0.92835	0.92876	0.999995	894	1	-0.036552	0.14153	0.14195	0.999995	143	1	-0.036552
PLEK2	4	0.92977	0.93006	0.999995	895	1	-0.11694	0.72075	0.72007	0.999995	684	0	-0.11694
RSC1A1	4	0.93067	0.93104	0.999995	896	1	0.0049757	0.40488	0.40336	0.999995	400	0	0.0049757
GYS2	4	0.93155	0.93176	0.999995	897	1	-0.052939	0.38034	0.37904	0.999995	368	0	-0.052939
ITSN2	4	0.93167	0.93185	0.999995	898	1	-0.045609	0.057393	0.060701	0.973972	66	1	-0.045609
RCBTB2	4	0.93217	0.93232	0.999995	899	1	0.03311	0.34486	0.34352	0.999995	337	0	0.03311
IL6R	4	0.9323	0.93246	0.999995	900	1	-0.12659	0.8602	0.8613	0.999995	819	0	-0.12659
LDB2	4	0.93292	0.93311	0.999995	901	1	-0.069649	0.039304	0.044302	0.938317	50	1	-0.069649
NSDHL	4	0.93304	0.93324	0.999995	902	1	0.025125	0.085804	0.087253	0.999995	85	1	0.025125
HTR2C	4	0.93366	0.93375	0.999995	903	1	0.047578	0.28989	0.28827	0.999995	298	0	0.047578
BARHL1	4	0.93427	0.93449	0.999995	904	1	-0.027382	0.47473	0.47385	0.999995	467	0	-0.027382
FNIP1	4	0.93439	0.93458	0.999995	905	1	-0.071755	0.47241	0.47167	0.999995	465	0	-0.071755
AHCYL2	4	0.93451	0.93469	0.999995	906	1	-0.061725	0.30072	0.29875	0.999995	304	0	-0.061725
CNOT6L	4	0.93488	0.93505	0.999995	907	1	-0.078783	0.41688	0.41549	0.999995	415	0	-0.078783
ZNF521	4	0.93596	0.93609	0.999995	908	1	-0.03893	0.40806	0.40658	0.999995	405	0	-0.03893
CSTF2	4	0.93691	0.93687	0.999995	909	1	0.056755	0.18505	0.18566	0.999995	189	0	0.056755
TREML4	3	0.93733	0.93665	0.999995	910	0	-0.10096	0.26149	0.26059	0.999995	269	0	-0.10096
SLC35F4	4	0.93773	0.93754	0.999995	911	0	-0.027275	0.6374	0.63642	0.999995	607	0	-0.027275
LBX1	4	0.93855	0.93835	0.999995	912	0	-0.070261	0.037481	0.042675	0.938317	48	1	-0.070261
SEC31A	4	0.93947	0.93929	0.999995	913	0	0.0042286	0.091932	0.093311	0.999995	91	1	0.0042286
MACF1	4	0.94038	0.94025	0.999995	914	0	-0.086637	0.17372	0.17405	0.999995	177	0	-0.086637
CAV1	4	0.94162	0.94137	0.999995	915	0	-0.062519	0.26114	0.26009	0.999995	268	0	-0.062519
TRPC7	4	0.94184	0.94166	0.999995	916	0	-0.048881	0.51684	0.51562	0.999995	503	0	-0.048881
AP5M1	4	0.94217	0.94195	0.999995	917	0	-0.002986	0.048381	0.052782	0.947391	59	1	-0.002986
DST	4	0.94228	0.94209	0.999995	918	0	-0.062273	0.28406	0.28251	0.999995	293	0	-0.062273
ABL1	4	0.9424	0.94223	0.999995	919	0	-0.035717	0.61267	0.61172	0.999995	585	0	-0.035717
PTF1A	4	0.94262	0.94241	0.999995	920	0	-0.10353	0.54607	0.54516	0.999995	522	0	-0.10353
ARFIP2	4	0.94382	0.94367	0.999995	921	0	-0.11193	0.49527	0.49429	0.999995	488	0	-0.11193
YIPF7	4	0.94446	0.94438	0.999995	922	0	-0.016673	0.42	0.41883	0.999995	419	0	-0.016673
G6PC	4	0.94468	0.9446	0.999995	923	0	-0.039116	0.42622	0.42518	0.999995	427	0	-0.039116
ERO1B	4	0.94489	0.94485	0.999995	924	0	-0.072253	0.57643	0.57653	0.999995	552	0	-0.072253
MAT1A	4	0.94542	0.94538	0.999995	925	0	-0.073382	0.65166	0.65112	0.999995	620	0	-0.073382
DEGS2	4	0.94564	0.94564	0.999995	926	0	-0.092351	0.76665	0.76738	0.999995	731	0	-0.092351
S100A6	4	0.94616	0.94607	0.999995	927	0	-0.044693	0.47877	0.4776	0.999995	470	0	-0.044693
GBX1	4	0.94741	0.94745	0.999995	928	0	-0.052193	0.62496	0.62421	0.999995	596	0	-0.052193
ZNF146	4	0.94864	0.94883	0.999995	929	0	-0.038156	0.063664	0.066787	0.999995	69	1	-0.038156
NR5A1	4	0.94894	0.94913	0.999995	930	0	0.027686	0.17291	0.1732	0.999995	176	0	0.027686
PDGFC	4	0.94974	0.94998	0.999995	931	0	-0.025833	0.13986	0.14003	0.999995	141	1	-0.025833
FMR1	4	0.94994	0.95026	0.999995	932	0	-0.060785	0.26562	0.26458	0.999995	273	0	-0.060785
HRH1	4	0.95004	0.95039	0.999995	933	0	-0.069324	0.40234	0.40042	0.999995	397	0	-0.069324
RAP1GAP	4	0.95024	0.95055	0.999995	934	0	-0.090216	0.61953	0.61848	0.999995	590	0	-0.090216
G3BP2	4	0.95044	0.95078	0.999995	935	0	0.11155	0.014471	0.021583	0.874771	26	1	0.11155
CYP7A1	4	0.95141	0.95179	0.999995	936	0	-0.10899	0.73211	0.73166	0.999995	698	0	-0.10899
CDS1	4	0.95161	0.952	0.999995	937	0	0.029415	0.13566	0.1361	0.999995	136	1	0.029415
SEC11A	4	0.95171	0.9521	0.999995	938	0	0.0042675	0.48336	0.48244	0.999995	475	0	0.0042675
NCK2	4	0.95219	0.9526	0.999995	939	0	0.009469	0.38622	0.38489	0.999995	375	0	0.009469
CD44	4	0.95228	0.95269	0.999995	940	0	-0.062765	0.65123	0.65067	0.999995	619	0	-0.062765
MBP	4	0.95238	0.95283	0.999995	941	0	-0.076614	0.55841	0.55839	0.999995	535	0	-0.076614
STX17	4	0.95266	0.95317	0.999995	942	0	-0.023817	0.31496	0.31346	0.999995	316	0	-0.023817
RUNX1	4	0.95304	0.95357	0.999995	943	0	-0.032405	0.029244	0.03485	0.938317	39	1	-0.032405
CALY	4	0.95323	0.95384	0.999995	944	0	-0.059416	0.74346	0.743	0.999995	708	0	-0.059416
APOBEC1	4	0.95454	0.95512	0.999995	945	0	-0.063612	0.26859	0.26724	0.999995	277	0	-0.063612
HMGCL	4	0.95463	0.95521	0.999995	946	0	-0.060741	0.31142	0.30971	0.999995	312	0	-0.060741
PTPN6	4	0.95519	0.95568	0.999995	947	0	0.01914	0.33593	0.3345	0.999995	331	0	0.01914
TAF9	4	0.95743	0.95804	0.999995	948	0	-0.027172	0.381	0.37986	0.999995	369	0	-0.027172
TBC1D26	2	0.95749	0.95716	0.999995	949	0	0.00029795	0.36872	0.36677	0.999995	355	0	0.00029795
IAPP	4	0.95821	0.95871	0.999995	950	0	-0.061496	0.53981	0.53901	0.999995	518	0	-0.061496
TRAPPC3L	4	0.95856	0.95898	0.999995	951	0	0.0053324	0.25363	0.25253	0.999995	260	0	0.0053324
UBQLN3	4	0.95865	0.95905	0.999995	952	0	-0.033611	0.17859	0.17861	0.999995	183	0	-0.033611
CHRNB3	4	0.9589	0.95929	0.999995	953	0	0.0042744	0.39593	0.39431	0.999995	389	0	0.0042744
GBX2	4	0.95916	0.95959	0.999995	954	0	-0.030956	0.58572	0.58569	0.999995	561	0	-0.030956
IQCA1L	4	0.95992	0.96047	0.999995	955	0	-0.028274	0.054696	0.058289	0.964496	64	1	-0.028274
TAF1L	3	0.95998	0.95952	0.999995	956	0	-0.0099511	0.44079	0.43943	0.999995	437	0	-0.0099511
TIRAP	4	0.96001	0.96057	0.999995	957	0	-0.047438	0.17209	0.17218	0.999995	175	0	-0.047438
STRIP2	4	0.96034	0.96091	0.999995	958	0	-0.037423	0.19786	0.198	0.999995	202	0	-0.037423
MORF4L2	4	0.96067	0.96126	0.999995	959	0	0.019408	0.36245	0.36096	0.999995	350	0	0.019408
RB1	4	0.96109	0.96165	0.999995	960	0	-0.02896	0.48107	0.48009	0.999995	473	0	-0.02896
FLT1	4	0.96141	0.96194	0.999995	961	0	-0.0095818	0.27304	0.27171	0.999995	282	0	-0.0095818
TEX45	4	0.96158	0.96202	0.999995	962	0	-0.042917	0.31567	0.31412	0.999995	317	0	-0.042917
SMC1B	4	0.96263	0.96301	0.999995	963	0	-0.073062	0.72576	0.7255	0.999995	692	0	-0.073062
MOGAT2	4	0.96271	0.96307	0.999995	964	0	-0.04389	0.73697	0.7365	0.999995	701	0	-0.04389
ZNF418	4	0.96279	0.96321	0.999995	965	0	0.061134	0.29061	0.28896	0.999995	299	0	0.061134
HNRNPH3	4	0.96286	0.96327	0.999995	966	0	0.011827	0.14237	0.14283	0.999995	144	1	0.011827
NBEA	4	0.96365	0.96405	0.999995	967	0	-0.039638	0.2453	0.24448	0.999995	251	0	-0.039638
HACD1	4	0.96381	0.96428	0.999995	968	0	-0.046934	0.6168	0.61561	0.999995	587	0	-0.046934
CYP2C8	4	0.96427	0.96479	0.999995	969	0	-0.038273	0.33385	0.33249	0.999995	329	0	-0.038273
SUV39H2	3	0.96464	0.96416	0.999995	970	0	-0.058732	0.60836	0.60838	0.999995	579	0	-0.058732
FAM71A	4	0.96511	0.96551	0.999995	971	0	-0.067006	0.66051	0.65971	0.999995	626	0	-0.067006
GOLT1A	4	0.96587	0.96621	0.999995	972	0	-0.020976	0.41562	0.41431	0.999995	413	0	-0.020976
DNAJC19	3	0.96687	0.96637	0.999995	973	0	-0.025464	0.12242	0.12305	0.999995	120	0	-0.025464
GIT1	4	0.96733	0.96768	0.999995	974	0	-0.014339	0.48565	0.48457	0.999995	478	0	-0.014339
CAT	4	0.96784	0.96827	0.999995	975	0	-0.049975	0.35573	0.35422	0.999995	347	0	-0.049975
LIF	4	0.96868	0.96902	0.999995	976	0	0.034956	0.0042508	0.008148	0.747112	11	2	0.034956
YAF2	4	0.96882	0.96913	0.999995	977	0	-0.015075	0.007022	0.013197	0.776403	18	1	-0.015075
DYNLT3	4	0.96924	0.96946	0.999995	978	0	-0.030883	0.66632	0.6654	0.999995	630	0	-0.030883
RNF2	3	0.9701	0.96957	0.999995	979	0	-0.034833	0.436	0.43446	0.999995	435	0	-0.034833
TPRX1	4	0.97073	0.97088	0.999995	980	0	-0.033306	0.045664	0.05022	0.947166	56	1	-0.033306
PPP3R1	4	0.97079	0.97097	0.999995	981	0	-0.036005	0.39529	0.39372	0.999995	388	0	-0.036005
CD163L1	4	0.97132	0.97147	0.999995	982	0	-0.027747	0.09629	0.097229	0.999995	96	1	-0.027747
PCBD2	4	0.97184	0.97194	0.999995	983	0	0.024871	0.18987	0.19039	0.999995	195	0	0.024871
PLD1	4	0.9719	0.97198	0.999995	984	0	0.018791	0.19547	0.19572	0.999995	200	0	0.018791
PLD2	4	0.97248	0.97257	0.999995	985	0	-0.0052552	0.48792	0.48684	0.999995	483	0	-0.0052552
JUP	4	0.97348	0.97356	0.999995	986	0	-0.021789	0.18827	0.18868	0.999995	193	0	-0.021789
CLIP4	4	0.97367	0.97373	0.999995	987	0	-0.011537	0.13397	0.13451	0.999995	134	1	-0.011537
MTA3	4	0.97391	0.97402	0.999995	988	0	-0.038433	0.2723	0.27101	0.999995	281	0	-0.038433
CHMP1B	4	0.97397	0.97407	0.999995	989	0	0.0020819	0.21208	0.21151	0.999995	218	0	0.0020819
UBASH3B	4	0.97403	0.97413	0.999995	990	0	-0.049289	0.41938	0.41814	0.999995	418	0	-0.049289
SLC25A15	4	0.97421	0.97437	0.999995	991	0	-0.029046	0.30644	0.30448	0.999995	309	0	-0.029046
TTC7B	4	0.97451	0.97464	0.999995	992	0	0.03438	0.14821	0.1483	0.999995	150	0	0.03438
PTPN21	4	0.97499	0.97504	0.999995	993	0	-0.00025378	0.15815	0.1579	0.999995	162	0	-0.00025378
GSX2	4	0.97575	0.9758	0.999995	994	0	0.051943	0.15402	0.15405	0.999995	156	0	0.051943
ZDHHC13	4	0.97621	0.97623	0.999995	995	0	-0.03183	0.55279	0.55217	0.999995	530	0	-0.03183
IDH3G	4	0.97727	0.97735	0.999995	996	0	0.017634	0.16555	0.16548	0.999995	169	0	0.017634
AOX1	4	0.97749	0.97758	0.999995	997	0	-0.05658	0.030162	0.035607	0.938317	40	1	-0.05658
CYP2A6	4	0.97781	0.97788	0.999995	998	0	0.020973	0.025567	0.031409	0.938317	36	1	0.020973
TYMS	4	0.97877	0.97877	0.999995	999	0	-0.078849	0.56649	0.56662	0.999995	539	0	-0.078849
LNX1	4	0.97913	0.97917	0.999995	1000	0	-0.047468	0.33662	0.33515	0.999995	332	0	-0.047468
PXDNL	4	0.97929	0.97931	0.999995	1001	0	0.073505	0.12211	0.12283	0.999995	119	1	0.073505
SMARCA1	4	0.97934	0.97936	0.999995	1002	0	0.00033544	0.17453	0.17475	0.999995	178	0	0.00033544
NETO1	4	0.97974	0.97974	0.999995	1003	0	0.024613	0.052895	0.056596	0.964496	62	1	0.024613
CRX	4	0.98078	0.98077	0.999995	1004	0	0.009324	0.22767	0.22733	0.999995	234	0	0.009324
OGDHL	4	0.98187	0.98175	0.999995	1005	0	0.049587	0.031079	0.036561	0.938317	41	1	0.049587
TYROBP	4	0.98192	0.98181	0.999995	1006	0	-0.036233	0.44335	0.44277	0.999995	440	0	-0.036233
CHSY1	4	0.98201	0.98189	0.999995	1007	0	0.077696	0.0038279	0.0075029	0.747112	9	2	0.077696
AIPL1	4	0.98215	0.98204	0.999995	1008	0	0.057836	0.0017445	0.0039501	0.747112	4	2	0.057836
ATM	4	0.98229	0.98218	0.999995	1009	0	0.011665	0.099766	0.10077	0.999995	99	1	0.011665
DYNLRB2	4	0.98287	0.98276	0.999995	1010	0	0.010208	0.23537	0.23477	0.999995	241	0	0.010208
SHCBP1L	4	0.98335	0.98329	0.999995	1011	0	-0.040819	0.34622	0.34506	0.999995	339	0	-0.040819
IDH3B	4	0.98442	0.98465	0.999995	1012	0	0.037489	0.0052398	0.010009	0.757072	14	2	0.037489
SLITRK1	4	0.98554	0.98581	0.999995	1013	0	-0.052586	0.63122	0.63045	0.999995	601	0	-0.052586
NXT2	4	0.98574	0.98594	0.999995	1014	0	-0.0013507	0.42745	0.42635	0.999995	428	0	-0.0013507
GPR183	4	0.98578	0.98597	0.999995	1015	0	-0.018609	0.21365	0.21296	0.999995	220	0	-0.018609
PLXDC2	4	0.98585	0.98606	0.999995	1016	0	-0.0044125	0.16883	0.16888	0.999995	173	0	-0.0044125
TNKS	4	0.98605	0.98619	0.999995	1017	0	0.0086073	0.38231	0.38125	0.999995	370	0	0.0086073
RANBP17	4	0.98751	0.98762	0.999995	1018	0	-0.031866	0.012613	0.019966	0.845743	24	1	-0.031866
CDK17	4	0.98786	0.98794	0.999995	1019	0	0.018151	0.17778	0.17778	0.999995	182	0	0.018151
MAP4K4	4	0.98856	0.98865	0.999995	1020	0	0.1404	0.0028052	0.0057826	0.747112	6	2	0.1404
HMSD	4	0.98908	0.98905	0.999995	1021	0	0.059782	0.19067	0.19114	0.999995	196	0	0.059782
ENOX2	4	0.98911	0.98906	0.999995	1022	0	0.047878	0.15733	0.15708	0.999995	161	0	0.047878
UAP1L1	4	0.9908	0.99075	0.999995	1023	0	-0.0058539	0.25288	0.25176	0.999995	259	0	-0.0058539
RIC8B	4	0.99086	0.99084	0.999995	1024	0	0.034118	0.38362	0.3826	0.999995	372	0	0.034118
ARHGEF6	4	0.99156	0.99146	0.999995	1025	0	0.037125	0.076996	0.079297	0.999995	76	1	0.037125
FNIP2	4	0.99219	0.99211	0.999995	1026	0	-0.0045277	0.44637	0.44586	0.999995	443	0	-0.0045277
MPC1L	4	0.99249	0.99239	0.999995	1027	0	0.029094	0.27378	0.27248	0.999995	283	0	0.029094
RYBP	3	0.99265	0.99261	0.999995	1028	0	0.11816	0.22822	0.22719	0.999995	235	0	0.11816
SERPINA9	4	0.99455	0.99458	0.999995	1029	0	0.0061292	0.09542	0.096294	0.999995	95	1	0.0061292
CHM	4	0.99474	0.99478	0.999995	1030	0	0.038755	0.19147	0.19187	0.999995	198	0	0.038755
SUSD1	4	0.99485	0.9949	0.999995	1031	0	0.069188	0.13902	0.13909	0.999995	140	1	0.069188
ZNF260	4	0.99489	0.99499	0.999995	1032	0	0.022075	0.056495	0.059887	0.973972	65	1	0.022075
HTR3D	4	0.99499	0.9951	0.999995	1033	0	0.073778	0.11614	0.11654	0.999995	112	1	0.073778
SPOPL	4	0.99527	0.9953	0.999995	1034	0	-0.026922	0.37442	0.37319	0.999995	361	0	-0.026922
ATP7B	4	0.9958	0.99583	0.999995	1035	0	0.0094048	0.38752	0.386	0.999995	377	0	0.0094048
ULK2	4	0.99587	0.99587	0.999995	1036	0	-0.018531	0.44396	0.44335	0.999995	441	0	-0.018531
ALAS2	4	0.996	0.99602	0.999995	1037	0	0.071826	0.19865	0.19866	0.999995	203	0	0.071826
AQP8	4	0.99625	0.99622	0.999995	1038	0	0.030334	0.44818	0.44768	0.999995	446	0	0.030334
ANXA1	4	0.99662	0.99671	0.999995	1039	0	0.063232	0.031996	0.037514	0.938317	42	1	0.063232
NCBP2L	4	0.99667	0.9968	0.999995	1040	0	0.052382	0.21051	0.20992	0.999995	216	0	0.052382
CADPS2	4	0.9968	0.99691	0.999995	1041	0	-0.0015954	0.40616	0.40464	0.999995	403	0	-0.0015954
TSPO2	4	0.99691	0.99707	0.999995	1042	0	0.053451	0.023724	0.029867	0.938317	34	1	0.053451
RBBP7	4	0.99696	0.9971	0.999995	1043	0	0.035772	0.27451	0.27316	0.999995	284	0	0.035772
ARFIP1	4	0.99697	0.99711	0.999995	1044	0	0.058932	0.0043965	0.0084659	0.747112	12	2	0.058932
SPTLC3	4	0.99725	0.99731	0.999995	1045	0	0.046566	0.2113	0.21077	0.999995	217	0	0.046566
ALAS1	8	0.99733	0.99723	0.999995	1046	0	0.050437	0.021906	0.040459	0.938317	33	2	0.050437
CDK19	8	0.99778	0.99771	0.999995	1047	0	-0.034355	0.017698	0.033354	0.938317	30	1	-0.034355
GALNT2	4	0.9978	0.99784	0.999995	1048	0	0.010633	0.26189	0.26087	0.999995	270	0	0.010633
CTCFL	4	0.99797	0.99803	0.999995	1049	0	0.087175	0.06098	0.064104	0.999995	67	1	0.087175
MTUS1	4	0.99834	0.99846	0.999995	1050	0	0.055226	0.086681	0.088048	0.999995	86	1	0.055226
FLNB	4	0.99851	0.99857	0.999995	1051	0	0.058589	0.2323	0.23175	0.999995	239	0	0.058589
CAB39	4	0.99872	0.99886	0.999995	1052	0	0.061177	0.035655	0.040824	0.938317	46	1	0.061177
FRYL	4	0.99913	0.99926	0.999995	1053	0	0.22039	9.9794e-06	5.1422e-05	0.027228	2	3	0.22039
NR2E1	4	0.99916	0.99928	0.999995	1054	0	0.029424	0.39206	0.39035	0.999995	383	0	0.029424
TMEM185A	4	0.99941	0.99948	0.999995	1055	0	0.05874	0.16063	0.16051	0.999995	164	0	0.05874
SHMT2	4	0.99969	0.99968	0.999995	1056	0	0.096295	0.0079555	0.015057	0.794877	20	1	0.096295
STAM2	4	0.99973	0.99971	0.999995	1057	0	0.12614	0.0064151	0.012112	0.764997	17	2	0.12614
CDK16	4	0.99992	0.99992	0.999995	1058	0	0.076209	0.22844	0.22795	0.999995	236	0	0.076209
TP53	4	1.0	1.0	0.999995	1059	0	0.32863	1.0944e-07	4.6747e-06	0.00495	1	4	0.32863
