id	num	neg|score	neg|p-value	neg|fdr	neg|rank	neg|goodsgrna	neg|lfc	pos|score	pos|p-value	pos|fdr	pos|rank	pos|goodsgrna	pos|lfc
RRM1	8	7.3565e-10	4.6747e-06	0.002475	1	8	-3.1537	1.0	1.0	0.999995	1059	0	-3.1537
MYC	8	3.1976e-09	4.6747e-06	0.002475	2	8	-1.9019	1.0	1.0	0.999995	1058	0	-1.9019
KIF11	4	2.2214e-06	1.4024e-05	0.003713	3	4	-2.8346	1.0	1.0	0.999995	1057	0	-2.8346
BUB3	4	2.6243e-06	2.3373e-05	0.00495	4	4	-3.4415	1.0	1.0	0.999995	1056	0	-3.4415
NAE1	8	2.9383e-06	1.4024e-05	0.003713	5	7	-1.2196	0.97214	0.98878	0.999995	943	1	-1.2196
CKAP5	8	1.053e-05	5.1422e-05	0.007591	6	7	-1.5809	0.99993	0.99996	0.999995	1047	0	-1.5809
SF3B3	4	1.0665e-05	6.0771e-05	0.007591	7	4	-2.8086	0.99999	1.0	0.999995	1055	0	-2.8086
RPP21	4	1.4185e-05	7.947e-05	0.007591	8	4	-2.9195	0.99999	1.0	0.999995	1054	0	-2.9195
RPL36	4	1.5302e-05	7.947e-05	0.007591	9	4	-2.0459	0.99998	1.0	0.999995	1053	0	-2.0459
CDK7	4	2.0155e-05	7.947e-05	0.007591	10	4	-2.4946	0.99998	1.0	0.999995	1052	0	-2.4946
ALDOA	4	2.1308e-05	7.947e-05	0.007591	11	4	-2.5047	0.99998	1.0	0.999995	1051	0	-2.5047
POLR2L	4	2.3445e-05	8.8819e-05	0.007591	12	4	-3.1726	0.99998	1.0	0.999995	1050	0	-3.1726
MTG2	4	3.6194e-05	0.00010752	0.007591	13	4	-1.6009	0.99996	1.0	0.999995	1049	0	-1.6009
COPA	4	3.7714e-05	0.00010752	0.007591	14	4	-3.4588	0.99991	0.99991	0.999995	1042	0	-3.4588
INTS6	3	4.4947e-05	9.8168e-05	0.007591	15	3	-3.2728	0.99996	0.99995	0.999995	1048	0	-3.2728
RRM2	4	5.9974e-05	0.00021036	0.013687	16	2	-1.5643	0.49864	0.67424	0.999995	656	1	-1.5643
PPP4C	4	6.5617e-05	0.00021971	0.013687	17	4	-1.8488	0.99993	0.99996	0.999995	1046	0	-1.8488
ATP5F1A	4	8.1213e-05	0.00034125	0.020077	18	4	-1.613	0.99992	0.99992	0.999995	1045	0	-1.613
TOMM40	7	8.1996e-05	0.00049084	0.024752	19	6	-1.2611	0.54679	0.79633	0.999995	682	1	-1.2611
VMP1	4	8.5304e-05	0.0003693	0.020545	20	4	-1.926	0.99991	0.99991	0.999995	1044	0	-1.926
TOP2A	4	8.6983e-05	0.000388	0.020545	21	4	-2.4129	0.99991	0.99991	0.999995	1043	0	-2.4129
CTR9	4	0.00011631	0.00054694	0.026328	22	4	-1.6117	0.99988	0.99988	0.999995	1041	0	-1.6117
SF3B1	4	0.00012606	0.00059369	0.027335	23	4	-1.737	0.99987	0.99988	0.999995	1040	0	-1.737
SF3A1	4	0.00015838	0.00074328	0.030453	24	3	-2.5465	0.97235	0.97248	0.999995	944	0	-2.5465
RPS19	4	0.00016578	0.00079937	0.030453	25	4	-1.7998	0.99983	0.99986	0.999995	1039	0	-1.7998
STT3B	4	0.00018884	0.00087417	0.030453	26	4	-1.3003	0.99981	0.99982	0.999995	1038	0	-1.3003
PRPF8	4	0.00018909	0.00087417	0.030453	27	4	-2.5503	0.99979	0.99978	0.999995	1035	0	-2.5503
ATP6V1C1	4	0.00019652	0.00092091	0.030453	28	4	-1.3555	0.9998	0.9998	0.999995	1037	0	-1.3555
AKIRIN2	4	0.00019965	0.00092091	0.030453	29	4	-1.1923	0.9998	0.99979	0.999995	1036	0	-1.1923
CPSF3	4	0.00021092	0.00093026	0.030453	30	4	-2.1804	0.99979	0.99978	0.999995	1034	0	-2.1804
NAA10	4	0.0002116	0.00093026	0.030453	31	4	-2.0646	0.99972	0.9997	0.999995	1031	0	-2.0646
CCND1	4	0.00021422	0.00093026	0.030453	32	4	-1.4501	0.99979	0.99977	0.999995	1033	0	-1.4501
NAA15	4	0.00022266	0.00094896	0.030453	33	4	-2.461	0.99978	0.99976	0.999995	1032	0	-2.461
SNRPD3	4	0.0002663	0.0012201	0.038002	34	3	-2.4085	0.32341	0.54634	0.999995	553	1	-2.4085
WDR12	4	0.0002994	0.0013416	0.040567	35	4	-1.6023	0.9997	0.99968	0.999995	1030	0	-1.6023
ZNF407	4	0.00031243	0.001379	0.040567	36	4	-1.7117	0.99969	0.99967	0.999995	1029	0	-1.7117
EIF3B	4	0.0003971	0.0016689	0.046509	37	4	-1.6543	0.9996	0.9996	0.999995	1028	0	-1.6543
TOP1	4	0.00039974	0.0016689	0.046509	38	4	-1.6657	0.9996	0.9996	0.999995	1027	0	-1.6657
ACACA	4	0.00045846	0.0018465	0.05014	39	4	-1.9431	0.99954	0.99957	0.999995	1026	0	-1.9431
TSG101	4	0.00049478	0.0019961	0.051799	40	4	-0.82953	0.99951	0.99954	0.999995	1025	0	-0.82953
RIC8A	4	0.00049791	0.0020054	0.051799	41	4	-1.6715	0.9995	0.99954	0.999995	1024	0	-1.6715
CLTC	4	0.00052341	0.002127	0.05363	42	4	-1.7033	0.99948	0.99952	0.999995	1023	0	-1.7033
ISCA2	4	0.00058086	0.0023046	0.054675	43	4	-1.116	0.99942	0.99948	0.999995	1022	0	-1.116
CDIPT	4	0.000589	0.002314	0.054675	44	3	-1.8231	0.71346	0.83015	0.999995	796	1	-1.8231
ATP5F1B	4	0.00059504	0.0023233	0.054675	45	4	-1.3172	0.9994	0.99947	0.999995	1021	0	-1.3172
MED18	8	0.00061674	0.0030993	0.063309	46	6	-1.0504	0.22632	0.50797	0.999995	454	2	-1.0504
ACTL6A	4	0.0007042	0.0027814	0.060693	47	3	-2.5298	0.32899	0.55357	0.999995	562	1	-2.5298
MED20	4	0.00073462	0.0028656	0.060693	48	4	-1.4706	0.99927	0.99937	0.999995	1020	0	-1.4706
CHORDC1	3	0.00083661	0.0024168	0.055639	49	3	-2.697	0.99916	0.99914	0.999995	1019	0	-2.697
TIMM10	4	0.00087334	0.0033705	0.067345	50	4	-1.3105	0.99913	0.99926	0.999995	1018	0	-1.3105
ILF3	4	0.00092243	0.0035013	0.067417	51	3	-1.9746	0.83914	0.87613	0.999995	842	1	-1.9746
CLNS1A	3	0.00096109	0.0027908	0.060693	52	3	-1.6359	0.99904	0.99899	0.999995	1017	0	-1.6359
HMGCS1	3	0.00097487	0.0028095	0.060693	53	3	-2.7948	0.99903	0.99897	0.999995	1016	0	-2.7948
TRRAP	4	0.00099881	0.0037351	0.068539	54	4	-1.527	0.999	0.99917	0.999995	1015	0	-1.527
THRAP3	4	0.0010094	0.0037538	0.068539	55	4	-0.78914	0.99899	0.99916	0.999995	1014	0	-0.78914
RPL3	7	0.001058	0.0048477	0.080213	56	4	-1.3759	0.041147	0.15003	0.767365	168	3	-1.3759
PAF1	4	0.0010803	0.0041091	0.07269	57	4	-1.0534	0.99892	0.99909	0.999995	1013	0	-1.0534
DYNLRB1	3	0.0010824	0.0031087	0.063309	58	3	-1.9241	0.99892	0.99885	0.999995	1012	0	-1.9241
POLR2B	4	0.0010962	0.0041184	0.07269	59	3	-2.3465	0.042942	0.1262	0.74913	174	1	-2.3465
TOMM22	4	0.00112	0.0042306	0.073446	60	4	-1.6694	0.99888	0.99904	0.999995	1011	0	-1.6694
SMC1A	4	0.0011786	0.004483	0.076458	61	4	-1.7258	0.99882	0.99895	0.999995	1010	0	-1.7258
RPL13	3	0.0012056	0.0035013	0.067417	62	3	-1.6996	0.99879	0.99867	0.999995	1009	0	-1.6996
PSMB3	3	0.0012459	0.0036416	0.068539	63	3	-3.4846	0.99875	0.99863	0.999995	1008	0	-3.4846
ATP6V1B2	4	0.0014084	0.0053899	0.087084	64	3	-1.7792	0.99496	0.99506	0.999995	988	0	-1.7792
HUS1	4	0.0014712	0.0056237	0.088887	65	4	-0.80018	0.99853	0.99859	0.999995	1007	0	-0.80018
RPS11	3	0.0015916	0.0045485	0.076458	66	3	-2.4461	0.99841	0.99827	0.999995	1006	0	-2.4461
HSCB	4	0.0017894	0.0065866	0.102577	67	3	-1.8506	0.67489	0.80448	0.999995	777	1	-1.8506
SBNO1	4	0.0018859	0.006783	0.104104	68	3	-1.7276	0.92424	0.92601	0.999995	896	1	-1.7276
CCT6A	3	0.0019408	0.0054273	0.087084	69	3	-1.6663	0.99806	0.99795	0.999995	1003	0	-1.6663
RAN	4	0.0020542	0.0070822	0.107143	70	3	-1.692	0.8408	0.87677	0.999995	844	1	-1.692
VCP	4	0.0023245	0.0078114	0.11259	71	3	-1.3923	0.90389	0.91122	0.999995	881	1	-1.3923
MRPL41	4	0.0023433	0.0078675	0.11259	72	3	-1.7132	0.9964	0.99646	0.999995	991	0	-1.7132
PSMC3	4	0.0026372	0.0086809	0.120961	73	3	-1.7574	0.92691	0.92815	0.999995	898	1	-1.7574
COX6B1	8	0.0026813	0.011654	0.146924	74	5	-0.67123	0.66288	0.87683	0.999995	765	1	-0.67123
RPL14	3	0.0027985	0.0076431	0.11259	75	2	-3.3445	0.9014	0.90088	0.999995	879	0	-3.3445
TNPO1	3	0.0028695	0.0078208	0.11259	76	3	-1.7442	0.99713	0.99696	0.999995	996	0	-1.7442
LONP1	4	0.0030202	0.0095223	0.127785	77	3	-1.4538	0.6122	0.75655	0.999995	724	1	-1.4538
RPL8	4	0.0030425	0.0096065	0.127785	78	3	-1.7563	0.97059	0.97074	0.999995	941	0	-1.7563
FDPS	4	0.0030465	0.0096158	0.127785	79	2	-1.1037	0.17291	0.34739	0.933721	394	2	-1.1037
E2F3	3	0.0031649	0.0086528	0.120961	80	2	-0.58729	0.97713	0.97673	0.999995	950	0	-0.58729
RPL10A	4	0.0032711	0.010195	0.133297	81	3	-1.677	0.54866	0.71031	0.999995	684	1	-1.677
PRPF38A	4	0.0034618	0.010728	0.138553	82	3	-1.2994	0.056495	0.16017	0.767365	213	1	-1.2994
DHX9	3	0.003558	0.0096532	0.127785	83	3	-2.0969	0.99644	0.99633	0.999995	992	0	-2.0969
BUB1B	4	0.0036917	0.011299	0.144161	84	3	-1.5149	0.99697	0.99711	0.999995	995	0	-1.5149
XAB2	4	0.0042407	0.012542	0.156261	85	3	-1.2822	0.99647	0.99652	0.999995	994	0	-1.2822
POLR2A	4	0.0043234	0.012729	0.156746	86	2	-1.7516	0.86652	0.88887	0.999995	858	1	-1.7516
NDUFB4	4	0.0046106	0.013599	0.161771	87	3	-1.3499	0.65716	0.79091	0.999995	759	1	-1.3499
NKAP	4	0.0046692	0.013748	0.161771	88	3	-1.2898	0.99824	0.9984	0.999995	1005	0	-1.2898
RNF113A	4	0.0047284	0.013907	0.161843	89	3	-1.0078	0.51411	0.68545	0.999995	664	1	-1.0078
SOD1	4	0.004925	0.014309	0.164324	90	2	-1.4634	0.658	0.79155	0.999995	760	1	-1.4634
CCNL1	4	0.0049699	0.014431	0.164324	91	3	-1.126	0.97984	0.97993	0.999995	954	0	-1.126
TRAPPC3	4	0.0051247	0.014851	0.165555	92	3	-1.102	0.99111	0.99106	0.999995	978	0	-1.102
EIF4A3	4	0.0052508	0.015197	0.167646	93	3	-1.9801	0.30787	0.52677	0.999995	536	1	-1.9801
TUBB	3	0.005404	0.014618	0.164683	94	2	-2.6472	0.99062	0.99059	0.999995	977	0	-2.6472
COX4I1	4	0.0059802	0.016992	0.184936	95	3	-1.168	0.99318	0.99301	0.999995	985	0	-1.168
RBBP4	3	0.0063711	0.017114	0.184936	96	2	-2.4245	0.13654	0.2862	0.892725	347	1	-2.4245
RPL18A	2	0.0069608	0.01329	0.161771	97	2	-2.132	0.99304	0.99351	0.999995	984	0	-2.132
RPS23	2	0.0071183	0.013599	0.161771	98	2	-2.1294	0.99288	0.9934	0.999995	983	0	-2.1294
RPS5	4	0.0071913	0.019947	0.213371	99	3	-1.3376	0.94468	0.9446	0.999995	915	0	-1.3376
HACD2	4	0.0073086	0.020227	0.214208	100	3	-1.0069	0.99646	0.99651	0.999995	993	0	-1.0069
SF3B5	4	0.0077992	0.021321	0.223557	101	2	-1.2348	0.94964	0.94989	0.999995	919	0	-1.2348
TUFM	3	0.0083188	0.021892	0.227286	102	2	-1.5892	0.95041	0.95013	0.999995	920	0	-1.5892
INTS2	4	0.0084196	0.022948	0.235942	103	3	-1.007	0.99177	0.9917	0.999995	980	0	-1.007
TIMM23	4	0.0085493	0.02321	0.236339	104	3	-0.95459	0.073454	0.19622	0.78816	261	1	-0.95459
MRPL38	4	0.0087682	0.023677	0.237207	105	3	-1.2282	0.9884	0.98842	0.999995	970	0	-1.2282
RBM22	4	0.0088883	0.02392	0.237207	106	3	-0.674	0.98238	0.98233	0.999995	958	0	-0.674
ELL	4	0.0089013	0.023967	0.237207	107	3	-0.91839	0.99776	0.99777	0.999995	998	0	-0.91839
HNRNPK	4	0.0090808	0.024397	0.239228	108	3	-1.5841	0.98733	0.98744	0.999995	966	0	-1.5841
MED23	4	0.0095395	0.02551	0.247843	109	3	-1.1763	0.91838	0.92137	0.999995	891	1	-1.1763
KAT6A	4	0.010304	0.027324	0.256944	110	3	-0.75461	0.9569	0.95748	0.999995	926	0	-0.75461
SF3B2	4	0.010353	0.027417	0.256944	111	3	-0.73912	0.96675	0.96711	0.999995	936	0	-0.73912
AHCYL1	4	0.0106	0.02809	0.259363	112	3	-1.2728	0.99781	0.99785	0.999995	1001	0	-1.2728
SMARCA4	4	0.01065	0.028165	0.259363	113	3	-0.86105	0.49696	0.67295	0.999995	654	1	-0.86105
GTF3C1	4	0.010902	0.028866	0.263529	114	3	-0.64268	0.99425	0.99427	0.999995	986	0	-0.64268
RPS3	3	0.010918	0.026061	0.250691	115	2	-2.0518	0.44888	0.60322	0.999995	620	1	-2.0518
AFG3L2	3	0.011081	0.026276	0.250691	116	2	-2.458	0.75932	0.7884	0.999995	811	1	-2.458
BAP1	4	0.011626	0.030727	0.278116	117	3	-0.65068	0.94627	0.94617	0.999995	917	0	-0.65068
ARID1A	4	0.012108	0.03183	0.284674	118	3	-0.5907	0.96302	0.96343	0.999995	931	0	-0.5907
NAPA	4	0.012163	0.031989	0.284674	119	3	-1.1288	0.99148	0.99139	0.999995	979	0	-1.1288
PPP2R1A	4	0.012547	0.032961	0.290883	120	3	-0.81826	0.14821	0.31141	0.899497	366	1	-0.81826
MANF	4	0.012883	0.033625	0.294289	121	3	-1.0538	0.98936	0.98924	0.999995	973	0	-1.0538
RPA1	4	0.013052	0.03398	0.294494	122	3	-1.1163	0.99768	0.9977	0.999995	997	0	-1.1163
CFL1	4	0.013166	0.034205	0.294494	123	3	-0.75777	0.99284	0.99279	0.999995	982	0	-0.75777
RPL19	4	0.013543	0.035177	0.300423	124	2	-0.83589	0.66246	0.79496	0.999995	764	2	-0.83589
GAPDH	4	0.013805	0.035841	0.303644	125	3	-0.95452	0.99777	0.99783	0.999995	999	0	-0.95452
CDS2	4	0.014463	0.037225	0.312863	126	3	-1.2939	0.12466	0.27699	0.886198	332	1	-1.2939
SNRPB	4	0.014646	0.037786	0.315078	127	3	-0.76549	0.37045	0.5832	0.999995	584	1	-0.76549
RFC2	4	0.01498	0.038477	0.31834	128	2	-0.73484	0.48187	0.66219	0.999995	642	2	-0.73484
SF1	4	0.015901	0.040646	0.331112	129	3	-0.62012	0.8957	0.9059	0.999995	873	1	-0.62012
PRKDC	8	0.016393	0.054016	0.389136	130	4	-0.28908	0.46858	0.75207	0.999995	632	3	-0.28908
TACC3	4	0.016591	0.042311	0.342038	131	3	-1.1335	0.91867	0.92156	0.999995	892	1	-1.1335
FZR1	4	0.017155	0.043666	0.350323	132	3	-0.55614	0.98761	0.98769	0.999995	967	0	-0.55614
NDUFC1	4	0.017495	0.044386	0.353099	133	3	-0.6082	0.98982	0.98987	0.999995	976	0	-0.6082
NMT1	4	0.01777	0.044919	0.353099	134	3	-0.63434	0.96631	0.96669	0.999995	935	0	-0.63434
SFPQ	4	0.01818	0.045948	0.355243	135	2	-0.67352	0.9892	0.98912	0.999995	972	0	-0.67352
FARS2	4	0.018188	0.045957	0.355243	136	3	-0.49656	0.99501	0.99511	0.999995	989	0	-0.49656
ATP6V1D	4	0.018328	0.046321	0.355467	137	3	-1.2366	0.75673	0.84399	0.999995	809	1	-1.2366
MED26	4	0.01871	0.047247	0.358168	138	2	-0.96228	0.8205	0.86822	0.999995	831	1	-0.96228
RNF20	4	0.018754	0.04735	0.358168	139	3	-0.64522	0.063664	0.1774	0.767365	234	1	-0.64522
RPS8	3	0.018763	0.03901	0.320247	140	2	-1.3529	0.87952	0.87972	0.999995	863	1	-1.3529
COPZ1	4	0.020068	0.050538	0.377449	141	3	-0.54185	0.94751	0.94757	0.999995	918	0	-0.54185
ATP5F1D	4	0.020186	0.050772	0.377449	142	2	-0.54523	0.24257	0.44348	0.99891	470	2	-0.54523
ANAPC4	4	0.020293	0.050968	0.377449	143	3	-0.70483	0.98976	0.9898	0.999995	975	0	-0.70483
MED8	4	0.020823	0.052314	0.382076	144	3	-0.49257	0.9979	0.99795	0.999995	1002	0	-0.49257
XRCC6	4	0.021516	0.053969	0.389136	145	3	-0.49984	0.97819	0.97828	0.999995	952	0	-0.49984
NCBP2	4	0.021879	0.054783	0.389736	146	1	-0.023608	0.6559	0.78991	0.999995	758	2	-0.023608
NXT2	4	0.021987	0.055026	0.389736	147	3	-0.61358	0.87834	0.89542	0.999995	862	1	-0.61358
WASL	4	0.022066	0.055203	0.389736	148	3	-0.61148	0.44938	0.63897	0.999995	621	1	-0.61148
RPL5	4	0.022464	0.056194	0.394105	149	3	-1.2339	0.94403	0.94384	0.999995	914	0	-1.2339
G3BP1	4	0.022866	0.057185	0.397332	150	3	-0.44173	0.94371	0.94359	0.999995	912	0	-0.44173
KIF4A	4	0.023191	0.057868	0.397332	151	3	-0.68001	0.98853	0.98859	0.999995	971	0	-0.68001
ATP7A	4	0.023437	0.058485	0.397332	152	3	-0.52913	0.89604	0.90609	0.999995	875	1	-0.52913
SIN3A	4	0.023519	0.058672	0.397332	153	3	-0.88741	0.99779	0.99784	0.999995	1000	0	-0.88741
RPL37A	2	0.02449	0.045013	0.353099	154	1	-1.4674	0.11103	0.18655	0.767365	313	1	-1.4674
TBP	4	0.024646	0.061122	0.409669	155	2	-0.64399	0.17535	0.3507	0.936726	396	1	-0.64399
UQCRC1	4	0.025547	0.063188	0.420854	156	3	-0.56753	0.99823	0.99838	0.999995	1004	0	-0.56753
CAND1	4	0.02592	0.064123	0.422106	157	2	-0.87786	0.98806	0.98815	0.999995	968	0	-0.87786
PMPCB	4	0.026089	0.06445	0.422106	158	2	-0.87518	0.2453	0.44695	0.99891	475	1	-0.87518
CDK2	4	0.026158	0.064571	0.422106	159	3	-0.56145	0.89291	0.9042	0.999995	872	1	-0.56145
RPL11	3	0.027169	0.052286	0.382076	160	2	-1.36	0.80391	0.81808	0.999995	821	1	-1.36
MORF4L1	3	0.031437	0.058906	0.397332	161	2	-1.2791	0.5378	0.67802	0.999995	679	1	-1.2791
RPL31	2	0.031855	0.057868	0.397332	162	2	-1.0257	0.96815	0.96792	0.999995	939	0	-1.0257
MED12	4	0.032287	0.074033	0.475158	163	2	-0.86366	0.98601	0.98617	0.999995	963	0	-0.86366
EIF3J	4	0.033408	0.075641	0.479664	164	2	-0.63593	0.7438	0.83971	0.999995	804	1	-0.63593
FANCM	4	0.03512	0.077922	0.491189	165	2	-0.79043	0.99442	0.99442	0.999995	987	0	-0.79043
IPO7	3	0.036559	0.066918	0.434763	166	2	-1.0548	0.90758	0.9073	0.999995	886	0	-1.0548
RPL17	3	0.038569	0.070499	0.455234	167	1	0.12308	0.8846	0.88494	0.999995	867	0	0.12308
PSMA2	4	0.038657	0.083074	0.520564	168	2	-0.47825	0.30605	0.5245	0.999995	533	2	-0.47825
SNRPB2	3	0.041726	0.075529	0.479664	169	2	-0.87651	0.88292	0.88316	0.999995	865	1	-0.87651
GFM1	4	0.04813	0.096687	0.602301	170	2	-0.47759	0.84198	0.87732	0.999995	846	1	-0.47759
SPTLC2	4	0.051708	0.10163	0.626382	171	2	-0.651	0.98305	0.98296	0.999995	960	0	-0.651
ABT1	4	0.05516	0.10658	0.652407	172	2	-0.61176	0.88791	0.90081	0.999995	869	1	-0.61176
PSMB6	4	0.056332	0.10803	0.657477	173	2	-0.51693	0.83771	0.87549	0.999995	841	1	-0.51693
RYBP	3	0.057617	0.10174	0.626382	174	2	-0.57216	0.55525	0.68551	0.999995	691	1	-0.57216
RPA3	4	0.06039	0.11374	0.688289	175	2	-0.38839	0.46699	0.65176	0.999995	630	2	-0.38839
INCENP	4	0.061362	0.11505	0.692254	176	2	-0.42309	0.79972	0.85964	0.999995	818	1	-0.42309
HNRNPH1	4	0.064812	0.11986	0.717151	177	2	-0.76412	0.97178	0.97188	0.999995	942	0	-0.76412
SNAPC4	4	0.068085	0.12425	0.739209	178	2	-0.30001	0.815	0.86616	0.999995	828	1	-0.30001
SEPHS2	4	0.068594	0.125	0.739504	179	2	-0.38171	0.93596	0.93631	0.999995	909	1	-0.38171
TAMM41	4	0.072462	0.13046	0.763279	180	2	-0.58386	0.064557	0.17941	0.767365	239	1	-0.58386
DHX29	3	0.073358	0.12658	0.744692	181	2	-0.69057	0.82912	0.83676	0.999995	835	1	-0.69057
ATR	4	0.075351	0.13442	0.782151	182	2	-0.4364	0.99222	0.99213	0.999995	981	0	-0.4364
PFN1	4	0.084562	0.14695	0.850376	183	2	-0.15579	0.45654	0.64434	0.999995	624	2	-0.15579
SOAT1	4	0.086681	0.14971	0.861628	184	1	-0.084536	0.89203	0.90351	0.999995	871	1	-0.084536
KHSRP	4	0.08932	0.15361	0.879342	185	2	-0.3848	0.80418	0.86161	0.999995	822	1	-0.3848
YIF1A	4	0.094467	0.16052	0.909488	186	2	-0.4454	0.93762	0.93756	0.999995	910	1	-0.4454
MED31	4	0.094549	0.1606	0.909488	187	1	-0.013913	0.9055	0.91225	0.999995	883	1	-0.013913
UTP14A	4	0.096789	0.16391	0.920923	188	2	-0.19444	0.33247	0.5564	0.999995	564	1	-0.19444
PDS5A	4	0.097081	0.16436	0.920923	189	2	-0.16179	0.59516	0.74446	0.999995	716	2	-0.16179
SLC25A25	4	0.10269	0.17244	0.960577	190	2	-0.12448	0.60827	0.75388	0.999995	723	2	-0.12448
NUTF2	4	0.10323	0.17325	0.960577	191	1	-0.084796	0.52816	0.69563	0.999995	675	1	-0.084796
POLR2F	4	0.10629	0.17746	0.97878	192	2	-0.12925	0.59294	0.74292	0.999995	713	2	-0.12925
GPR151	4	0.10993	0.18207	0.999051	193	2	-0.36545	0.74983	0.84168	0.999995	806	1	-0.36545
ADAP1	4	0.11177	0.18478	0.999995	194	2	-0.054147	0.343	0.56384	0.999995	569	2	-0.054147
MMD	4	0.11331	0.18683	0.999995	195	2	-0.35773	0.92678	0.92808	0.999995	897	1	-0.35773
LSM4	4	0.11424	0.1882	0.999995	196	2	0.0081531	0.04385	0.12867	0.74913	179	2	0.0081531
EPC2	4	0.11704	0.1917	0.999995	197	2	-0.27718	0.75705	0.84409	0.999995	810	1	-0.27718
VPS37A	4	0.11798	0.19316	0.999995	198	2	-0.24249	0.98265	0.98255	0.999995	959	0	-0.24249
MBTD1	4	0.12113	0.1978	0.999995	199	2	-0.17627	0.87542	0.89388	0.999995	861	1	-0.17627
COPG1	4	0.1224	0.19983	0.999995	200	2	-0.29812	0.44637	0.63695	0.999995	618	1	-0.29812
RHBDF1	4	0.12463	0.203	0.999995	201	2	-0.27722	0.92356	0.92536	0.999995	895	1	-0.27722
NSG2	4	0.12636	0.20517	0.999995	202	1	0.44192	0.11517	0.26202	0.872579	320	2	0.44192
ABCG2	4	0.12945	0.2095	0.999995	203	2	-0.22004	0.9733	0.97337	0.999995	948	0	-0.22004
BECN1	4	0.13108	0.2116	0.999995	204	2	-0.46973	0.68646	0.81334	0.999995	784	1	-0.46973
RNF40	4	0.13397	0.2155	0.999995	205	1	0.092336	0.96805	0.96845	0.999995	938	0	0.092336
NAA11	4	0.13533	0.21723	0.999995	206	2	-0.13431	0.67972	0.80817	0.999995	780	2	-0.13431
SKA1	4	0.13566	0.21781	0.999995	207	2	-0.29128	0.92149	0.92375	0.999995	893	1	-0.29128
DDX5	4	0.13764	0.22018	0.999995	208	2	-0.088676	0.70386	0.82699	0.999995	794	2	-0.088676
ZMAT2	4	0.13902	0.22192	0.999995	209	1	0.67629	0.10508	0.24648	0.862176	299	3	0.67629
XPR1	4	0.13996	0.22331	0.999995	210	2	-0.2995	0.84057	0.87669	0.999995	843	1	-0.2995
PUM2	4	0.14262	0.22734	0.999995	211	2	-0.35243	0.98948	0.98938	0.999995	974	0	-0.35243
SNRPD2	3	0.14608	0.20188	0.999995	212	1	-0.33576	0.92162	0.92098	0.999995	894	0	-0.33576
PMM1	4	0.14666	0.23277	0.999995	213	2	0.017683	0.33523	0.55857	0.999995	566	2	0.017683
USP5	4	0.14904	0.23608	0.999995	214	1	0.33092	0.1794	0.35688	0.940803	401	2	0.33092
BRD8	4	0.15175	0.23978	0.999995	215	2	-0.19178	0.82153	0.86861	0.999995	832	1	-0.19178
ZNF804B	4	0.15244	0.24062	0.999995	216	2	-0.25445	0.41059	0.6105	0.999995	601	1	-0.25445
EIF3L	4	0.15415	0.24282	0.999995	217	2	-0.2154	0.89724	0.90682	0.999995	876	1	-0.2154
MTHFD1	4	0.15449	0.24329	0.999995	218	2	-0.35956	0.48394	0.66386	0.999995	645	1	-0.35956
GYS2	4	0.15552	0.24479	0.999995	219	2	-0.19149	0.73071	0.83548	0.999995	802	1	-0.19149
FAM50A	4	0.15621	0.24567	0.999995	220	2	-0.21441	0.81894	0.86757	0.999995	829	1	-0.21441
APH1A	4	0.15794	0.24794	0.999995	221	2	-0.12665	0.96271	0.96307	0.999995	930	0	-0.12665
ITSN2	4	0.16002	0.25057	0.999995	222	2	-0.15002	0.92964	0.9306	0.999995	901	1	-0.15002
APH1B	4	0.16071	0.25165	0.999995	223	2	-0.39608	0.9099	0.91536	0.999995	887	1	-0.39608
ZWILCH	4	0.16141	0.25277	0.999995	224	2	-0.052123	0.3283	0.55255	0.999995	561	1	-0.052123
FANCF	4	0.16211	0.25375	0.999995	225	2	-0.27482	0.86486	0.88811	0.999995	857	1	-0.27482
LMBR1	4	0.16455	0.25712	0.999995	226	2	0.11047	0.010752	0.035271	0.546961	65	2	0.11047
AKIRIN1	4	0.1649	0.25761	0.999995	227	2	-0.26825	0.98107	0.98109	0.999995	956	0	-0.26825
MBD3L1	4	0.16772	0.26124	0.999995	228	2	-0.36757	0.96206	0.96247	0.999995	928	0	-0.36757
ATP5PB	4	0.16877	0.26268	0.999995	229	2	0.16161	0.21077	0.40024	0.976628	433	2	0.16161
SOS2	4	0.17054	0.26501	0.999995	230	2	0.024902	0.39246	0.59786	0.999995	593	2	0.024902
IPO5	4	0.17232	0.26729	0.999995	231	2	-0.23353	0.84175	0.87722	0.999995	845	1	-0.23353
GABPB1	4	0.17267	0.26788	0.999995	232	2	0.099419	0.35501	0.5719	0.999995	576	2	0.099419
CHMP1A	4	0.17552	0.2718	0.999995	233	2	-0.32057	0.9642	0.96469	0.999995	934	0	-0.32057
LARP1	4	0.17624	0.27284	0.999995	234	2	-0.19476	0.86297	0.88719	0.999995	856	1	-0.19476
RPS15	2	0.17745	0.18864	0.999995	235	1	-0.4455	0.64172	0.65247	0.999995	751	1	-0.4455
PTTG1	3	0.17923	0.225	0.999995	236	1	0.081113	0.94082	0.94022	0.999995	911	0	0.081113
UTP14C	4	0.18666	0.2808	0.999995	237	1	1.062	0.0050314	0.017385	0.49245	35	3	1.062
TAF1	4	0.18746	0.28122	0.999995	238	1	0.59798	0.097373	0.23447	0.856163	289	3	0.59798
RPS28	2	0.19565	0.20463	0.999995	239	1	-0.64645	0.95514	0.95475	0.999995	924	0	-0.64645
RIMKLB	3	0.22287	0.25694	0.999995	240	1	0.81	0.060096	0.14154	0.767365	223	2	0.81
SEPHS1	3	0.25109	0.27908	0.999995	241	1	-0.34837	0.9863	0.98628	0.999995	965	0	-0.34837
GABPB2	4	0.25212	0.32054	0.999995	242	1	0.39681	0.16063	0.32882	0.914464	379	3	0.39681
CBLL1	4	0.28113	0.33921	0.999995	243	1	0.14901	0.28479	0.49736	0.999995	514	1	0.14901
KIF20A	8	0.30066	0.45287	0.999995	244	2	0.0063904	0.12828	0.36009	0.946232	335	1	0.0063904
VPS26A	4	0.30287	0.35373	0.999995	245	1	0.11928	0.55176	0.71258	0.999995	688	2	0.11928
RBBP7	4	0.30644	0.35611	0.999995	246	1	0.60166	0.10928	0.25279	0.864904	307	3	0.60166
DDX39B	4	0.31779	0.36441	0.999995	247	1	0.63981	0.13473	0.29165	0.894158	345	3	0.63981
ZG16	4	0.31849	0.36479	0.999995	248	1	0.57149	0.15803	0.32507	0.910721	378	3	0.57149
RPL15	2	0.32587	0.32485	0.999995	249	1	-0.25195	0.91081	0.91067	0.999995	888	0	-0.25195
EEFSEC	4	0.3283	0.37174	0.999995	250	1	0.16136	0.55262	0.71328	0.999995	690	2	0.16136
RNF2	3	0.32893	0.3407	0.999995	251	1	-0.11733	0.53018	0.675	0.999995	676	1	-0.11733
LDB1	8	0.32894	0.47744	0.999995	252	2	0.016521	0.33863	0.6417	0.999995	568	3	0.016521
ATP6V1E2	4	0.32969	0.37283	0.999995	253	1	0.016181	0.95286	0.95343	0.999995	922	0	0.016181
SLC25A28	4	0.33523	0.37686	0.999995	254	1	-0.26751	0.98809	0.98817	0.999995	969	0	-0.26751
RPL6	1	0.33689	0.33767	0.999995	255	0	0.047336	0.66311	0.66551	0.999995	766	0	0.047336
DGKZ	3	0.3386	0.34876	0.999995	256	1	-0.12066	0.44223	0.59675	0.999995	616	1	-0.12066
MTMR3	4	0.33868	0.37927	0.999995	257	1	0.22021	0.099766	0.23844	0.861809	292	2	0.22021
SIN3B	4	0.34691	0.38537	0.999995	258	1	-0.19542	0.99555	0.99561	0.999995	990	0	-0.19542
DDI2	4	0.35031	0.38783	0.999995	259	1	-0.17371	0.55124	0.71215	0.999995	687	1	-0.17371
GCM2	4	0.35708	0.39247	0.999995	260	1	0.11483	0.048381	0.13991	0.763729	193	2	0.11483
CTPS1	4	0.36044	0.39491	0.999995	261	1	0.021009	0.88007	0.89629	0.999995	864	1	0.021009
SOX9	4	0.36846	0.40084	0.999995	262	1	0.3973	0.27375	0.4837	0.999995	504	2	0.3973
SPTAN1	4	0.37045	0.40231	0.999995	263	1	0.51399	0.16884	0.3412	0.931267	388	3	0.51399
ERH	4	0.37111	0.4027	0.999995	264	1	0.26143	0.11486	0.26162	0.872579	319	2	0.26143
ZNF260	4	0.3731	0.40422	0.999995	265	1	0.18268	0.31708	0.5383	0.999995	546	2	0.18268
EP300	4	0.37508	0.40559	0.999995	266	1	0.39686	0.16964	0.34255	0.932538	389	2	0.39686
LIF	4	0.37706	0.40694	0.999995	267	1	0.28542	0.19227	0.37485	0.958853	413	2	0.28542
PKM	3	0.37737	0.38229	0.999995	268	1	-0.30341	0.46156	0.61532	0.999995	625	1	-0.30341
RNF130	4	0.381	0.4099	0.999995	269	1	0.16452	0.47568	0.65774	0.999995	636	2	0.16452
PLXDC1	8	0.38307	0.52649	0.999995	270	2	0.0267	0.18331	0.45181	0.999535	403	2	0.0267
GXYLT2	4	0.38362	0.41191	0.999995	271	1	0.34413	0.29959	0.51626	0.999995	528	3	0.34413
GDI2	8	0.38528	0.52866	0.999995	272	2	-0.050476	0.68947	0.88648	0.999995	787	3	-0.050476
CRKL	4	0.38687	0.41399	0.999995	273	1	0.20228	0.19882	0.38389	0.962229	420	2	0.20228
RPL21	2	0.39163	0.38909	0.999995	274	0	0.09942	0.6871	0.69043	0.999995	785	1	0.09942
TOMM20	3	0.39264	0.39577	0.999995	275	1	0.31171	0.034448	0.08413	0.725771	146	2	0.31171
SAP30L	4	0.394	0.41934	0.999995	276	1	0.51108	0.18308	0.3622	0.946973	402	2	0.51108
GRHL2	4	0.39529	0.42036	0.999995	277	1	0.013434	0.5915	0.74182	0.999995	711	1	0.013434
RPL27A	2	0.39601	0.39374	0.999995	278	0	0.38727	0.073916	0.12798	0.74913	263	1	0.38727
CLTCL1	4	0.39914	0.42319	0.999995	279	1	0.37413	0.52322	0.6923	0.999995	670	2	0.37413
COPS7A	4	0.40106	0.42454	0.999995	280	1	-0.19908	0.95873	0.95916	0.999995	927	0	-0.19908
TPBGL	4	0.40488	0.42761	0.999995	281	1	0.33529	0.28698	0.50009	0.999995	516	2	0.33529
ULK2	4	0.40742	0.4295	0.999995	282	1	0.076474	0.7293	0.83501	0.999995	801	1	0.076474
PFAS	4	0.40932	0.43098	0.999995	283	1	0.35117	0.2271	0.42281	0.983075	455	2	0.35117
RSC1A1	4	0.41374	0.43435	0.999995	284	1	0.1112	0.61908	0.76179	0.999995	732	1	0.1112
MRPL27	4	0.41437	0.43492	0.999995	285	1	-0.050293	0.86735	0.88935	0.999995	859	1	-0.050293
FOXK2	4	0.415	0.43539	0.999995	286	1	-0.041021	0.65968	0.79289	0.999995	762	1	-0.041021
RBMX	3	0.41508	0.41622	0.999995	287	1	-0.06826	0.71089	0.76014	0.999995	795	1	-0.06826
MED13L	4	0.41625	0.43633	0.999995	288	1	-0.20121	0.97254	0.97266	0.999995	945	0	-0.20121
TCERG1	4	0.41688	0.4368	0.999995	289	1	0.04103	0.97286	0.97301	0.999995	947	0	0.04103
ITSN1	4	0.42	0.43939	0.999995	290	1	0.14312	0.25664	0.46201	0.999995	485	1	0.14312
POLD1	4	0.42063	0.43995	0.999995	291	1	0.43324	0.26711	0.47554	0.999995	495	2	0.43324
PSEN1	4	0.42125	0.44053	0.999995	292	1	-0.053489	0.35505	0.57193	0.999995	577	1	-0.053489
ATP6V1E1	3	0.42292	0.4234	0.999995	293	1	-0.11292	0.20488	0.35713	0.940803	427	1	-0.11292
HNRNPF	4	0.42436	0.44308	0.999995	294	1	0.14175	0.72326	0.83325	0.999995	798	1	0.14175
RECK	4	0.42498	0.44346	0.999995	295	1	0.18545	0.058291	0.16463	0.767365	216	1	0.18545
CDNF	4	0.42807	0.4458	0.999995	296	1	0.4195	0.28454	0.49707	0.999995	513	3	0.4195
UNC119B	4	0.42869	0.44631	0.999995	297	1	0.4806	0.21757	0.40968	0.979855	441	3	0.4806
NDE1	4	0.43054	0.44777	0.999995	298	1	0.23835	0.49299	0.67011	0.999995	651	2	0.23835
UNC45A	4	0.43361	0.45026	0.999995	299	1	0.15864	0.62275	0.76481	0.999995	736	2	0.15864
KPNA2	3	0.43408	0.43384	0.999995	300	1	-0.21543	0.60154	0.70575	0.999995	718	1	-0.21543
RHOT1	4	0.43667	0.45272	0.999995	301	1	-0.261	0.96215	0.96251	0.999995	929	0	-0.261
MOGAT2	4	0.43789	0.45366	0.999995	302	1	0.28152	0.47444	0.65689	0.999995	635	2	0.28152
ANXA1	4	0.4385	0.45409	0.999995	303	1	0.6032	0.094756	0.22991	0.851295	286	3	0.6032
CCT6B	4	0.44153	0.45659	0.999995	304	1	0.15697	0.64824	0.78418	0.999995	753	1	0.15697
PPP2CA	8	0.44201	0.58143	0.999995	305	2	0.18035	0.96923	0.98818	0.999995	940	2	0.18035
IMPDH2	4	0.44396	0.45859	0.999995	306	1	-0.30041	0.98605	0.98619	0.999995	964	0	-0.30041
FOXK1	4	0.44516	0.45954	0.999995	307	1	-0.11797	0.88423	0.89863	0.999995	866	1	-0.11797
AP2A1	4	0.44637	0.46059	0.999995	308	1	-0.068264	0.44697	0.63741	0.999995	619	1	-0.068264
ACTL6B	4	0.44697	0.46107	0.999995	309	1	0.084239	0.43115	0.62591	0.999995	613	1	0.084239
PIP4P1	4	0.44878	0.46248	0.999995	310	1	0.11557	0.67544	0.80494	0.999995	778	2	0.11557
SATB2	4	0.45117	0.46434	0.999995	311	1	0.27794	0.59088	0.7414	0.999995	709	2	0.27794
ATP8B3	4	0.45177	0.46487	0.999995	312	1	0.55115	0.10539	0.24708	0.862176	300	3	0.55115
CRNN	4	0.45237	0.46529	0.999995	313	1	0.13424	0.45595	0.64388	0.999995	623	2	0.13424
GALNT5	4	0.45476	0.46738	0.999995	314	1	0.099364	0.26934	0.47823	0.999995	499	1	0.099364
SOS1	4	0.46187	0.4732	0.999995	315	1	0.35027	0.40932	0.60965	0.999995	600	2	0.35027
RPRD1B	4	0.46657	0.47712	0.999995	316	1	0.055633	0.90598	0.91246	0.999995	884	1	0.055633
NET1	4	0.47008	0.48001	0.999995	317	1	0.56365	0.10323	0.2439	0.862176	296	3	0.56365
BZW1	3	0.47036	0.46889	0.999995	318	1	0.29641	0.50141	0.65486	0.999995	657	2	0.29641
UCHL5	4	0.47066	0.48046	0.999995	319	1	-0.11954	0.11357	0.25952	0.872466	317	1	-0.11954
TTC7A	8	0.47184	0.60904	0.999995	320	2	0.25796	0.24524	0.53227	0.999995	473	4	0.25796
CABP5	4	0.47241	0.48187	0.999995	321	1	0.45365	0.27315	0.48281	0.999995	503	3	0.45365
RAMP2	4	0.47357	0.48277	0.999995	322	1	0.45692	0.22366	0.41802	0.981212	448	2	0.45692
TCF12	4	0.47473	0.48372	0.999995	323	1	0.14798	0.79057	0.85632	0.999995	814	1	0.14798
SHCBP1L	4	0.47531	0.48417	0.999995	324	1	0.43153	0.11955	0.26896	0.886198	322	2	0.43153
ACACB	4	0.47704	0.4855	0.999995	325	1	0.2729	0.61439	0.75793	0.999995	727	2	0.2729
TNPO2	4	0.48164	0.48944	0.999995	326	1	0.018479	0.61287	0.75688	0.999995	725	2	0.018479
ERC2	4	0.48279	0.49055	0.999995	327	1	0.2365	0.55021	0.71147	0.999995	686	2	0.2365
MPC1	4	0.48336	0.49097	0.999995	328	1	0.21133	0.10496	0.2463	0.862176	298	2	0.21133
GOLT1B	4	0.48622	0.49324	0.999995	329	1	0.14077	0.57247	0.72824	0.999995	700	1	0.14077
CLTB	4	0.49133	0.49763	0.999995	330	1	0.12543	0.36082	0.57612	0.999995	579	2	0.12543
CWF19L1	4	0.49246	0.49863	0.999995	331	1	0.018521	0.81972	0.86786	0.999995	830	1	0.018521
GIT2	4	0.49415	0.50008	0.999995	332	1	0.1934	0.65809	0.79161	0.999995	761	2	0.1934
DZIP1L	4	0.49583	0.50151	0.999995	333	1	0.093072	0.92913	0.93017	0.999995	900	1	0.093072
LARP1B	4	0.49696	0.50238	0.999995	334	1	0.2473	0.35128	0.56956	0.999995	573	2	0.2473
PDGFC	4	0.49975	0.50477	0.999995	335	1	0.49579	0.062831	0.17536	0.767365	230	2	0.49579
STX7	4	0.50031	0.50525	0.999995	336	1	0.74062	0.052954	0.1512	0.767365	202	3	0.74062
G6PC	4	0.50087	0.50571	0.999995	337	1	0.2658	0.57601	0.73065	0.999995	702	2	0.2658
PPP3R1	4	0.5031	0.50777	0.999995	338	1	0.19201	0.56099	0.71985	0.999995	694	2	0.19201
PRKAB1	4	0.50476	0.50928	0.999995	339	1	0.3413	0.25212	0.45602	0.999995	483	2	0.3413
GLT6D1	4	0.50642	0.51075	0.999995	340	1	0.39429	0.10582	0.24766	0.862176	302	2	0.39429
EXOC6B	4	0.50697	0.51123	0.999995	341	1	0.062707	0.68856	0.81506	0.999995	786	2	0.062707
PPP3CA	4	0.50808	0.51237	0.999995	342	1	0.6676	0.093448	0.22763	0.850213	283	3	0.6676
ESRP1	4	0.50973	0.51369	0.999995	343	1	0.13104	0.57168	0.72757	0.999995	699	2	0.13104
IQCA1	4	0.51138	0.51504	0.999995	344	1	0.84182	0.030788	0.09377	0.725771	136	3	0.84182
TMEM185A	4	0.51193	0.51547	0.999995	345	1	0.32548	0.14363	0.30493	0.894158	360	2	0.32548
SPATA16	4	0.51247	0.51611	0.999995	346	1	0.48632	0.25137	0.45509	0.999995	482	2	0.48632
CCNE1	4	0.51411	0.51753	0.999995	347	1	0.1988	0.14487	0.3065	0.894158	363	2	0.1988
ASF1A	4	0.51466	0.51802	0.999995	348	1	-0.11164	0.58475	0.73685	0.999995	706	1	-0.11164
MTA1	4	0.51738	0.52024	0.999995	349	1	0.064146	0.11013	0.254	0.864904	310	1	0.064146
MED13	4	0.51793	0.52076	0.999995	350	1	0.022307	0.89186	0.90338	0.999995	870	1	0.022307
TREM2	4	0.51847	0.5213	0.999995	351	1	0.84509	0.023191	0.072462	0.679094	114	3	0.84509
SLCO2B1	4	0.5201	0.52284	0.999995	352	1	0.087416	0.36581	0.57996	0.999995	581	2	0.087416
SLC22A8	4	0.52064	0.52352	0.999995	353	1	0.061512	0.98064	0.98063	0.999995	955	0	0.061512
NCBP2L	4	0.52172	0.52447	0.999995	354	1	0.3964	0.30646	0.52499	0.999995	535	2	0.3964
PIP4P2	4	0.52226	0.52494	0.999995	355	1	0.21058	0.70179	0.82546	0.999995	792	2	0.21058
STAM2	4	0.5228	0.52558	0.999995	356	1	0.21516	0.56773	0.72494	0.999995	696	2	0.21516
CDK17	4	0.52495	0.52755	0.999995	357	1	0.094669	0.88626	0.89975	0.999995	868	1	0.094669
BZW2	4	0.52602	0.52855	0.999995	358	1	0.14132	0.84595	0.87918	0.999995	848	1	0.14132
NAA16	4	0.52656	0.52899	0.999995	359	1	0.075657	0.97643	0.97645	0.999995	949	0	0.075657
HMSD	4	0.52763	0.52988	0.999995	360	1	0.38868	0.25323	0.45749	0.999995	484	3	0.38868
XPO7	4	0.5287	0.53073	0.999995	361	1	0.1986	0.38245	0.59132	0.999995	587	2	0.1986
QSOX1	4	0.52923	0.53119	0.999995	362	1	0.47265	0.28997	0.50382	0.999995	518	3	0.47265
DYNC1LI1	3	0.53018	0.52833	0.999995	363	0	0.42516	0.25109	0.40572	0.979855	481	2	0.42516
CDK5R1	4	0.53136	0.53308	0.999995	364	1	0.35043	0.16071	0.329	0.914464	380	2	0.35043
KPNA3	4	0.53296	0.53452	0.999995	365	1	0.30863	0.54742	0.70948	0.999995	683	2	0.30863
NETO2	4	0.5356	0.53697	0.999995	366	1	0.3962	0.31708	0.5383	0.999995	547	2	0.3962
G3BP2	4	0.53613	0.53746	0.999995	367	1	-0.40372	0.95141	0.95179	0.999995	921	0	-0.40372
SAMD9	4	0.53666	0.53797	0.999995	368	1	-0.021073	0.40488	0.60674	0.999995	598	1	-0.021073
STRADA	4	0.53718	0.53842	0.999995	369	1	0.57084	0.094396	0.22932	0.851295	285	3	0.57084
RANBP10	4	0.53824	0.53926	0.999995	370	1	0.74509	0.030401	0.092741	0.725771	133	3	0.74509
GLIS3	4	0.53876	0.53988	0.999995	371	1	0.221	0.14069	0.30033	0.894158	354	2	0.221
SUV39H2	3	0.53906	0.53769	0.999995	372	0	0.62278	0.15555	0.30609	0.894158	374	2	0.62278
COX4I2	4	0.53929	0.54039	0.999995	373	1	0.099393	0.85651	0.88394	0.999995	851	1	0.099393
CRX	4	0.53981	0.54087	0.999995	374	1	0.26537	0.25814	0.46399	0.999995	487	2	0.26537
FOSL1	3	0.54115	0.53988	0.999995	375	0	0.1194	0.89589	0.89553	0.999995	874	0	0.1194
ASF1B	8	0.54127	0.64851	0.999995	376	1	-0.051987	0.59096	0.83268	0.999995	710	1	-0.051987
NUMBL	4	0.54191	0.54263	0.999995	377	1	0.57215	0.11924	0.2684	0.886198	321	3	0.57215
HOXB1	4	0.54347	0.54404	0.999995	378	1	0.22598	0.18746	0.3683	0.947792	410	2	0.22598
STX12	4	0.54504	0.54558	0.999995	379	1	0.058049	0.73835	0.83797	0.999995	803	1	0.058049
SLC11A2	4	0.54607	0.54666	0.999995	380	1	-0.06001	0.98196	0.98187	0.999995	957	0	-0.06001
HMGCS2	4	0.54659	0.54719	0.999995	381	1	0.25617	0.30279	0.52029	0.999995	531	2	0.25617
FKBP5	4	0.54763	0.54818	0.999995	382	1	0.20587	0.41499	0.61382	0.999995	605	2	0.20587
TANC1	4	0.54815	0.54874	0.999995	383	1	0.27271	0.66717	0.79872	0.999995	768	2	0.27271
PDS5B	4	0.55124	0.5516	0.999995	384	1	-0.20226	0.90061	0.90917	0.999995	878	1	-0.20226
PTPN11	4	0.55381	0.55419	0.999995	385	1	0.22829	0.6959	0.82082	0.999995	789	2	0.22829
RANBP6	3	0.55607	0.55462	0.999995	386	0	0.46371	0.35339	0.5074	0.999995	575	2	0.46371
DBT	4	0.55637	0.55704	0.999995	387	1	0.24961	0.23384	0.432	0.990238	463	1	0.24961
CADPS2	4	0.5579	0.55842	0.999995	388	1	0.32203	0.39371	0.59885	0.999995	595	2	0.32203
CAV1	4	0.55891	0.55964	0.999995	389	1	0.21054	0.63218	0.77193	0.999995	743	2	0.21054
YIPF7	4	0.56196	0.56273	0.999995	390	1	0.60569	0.068849	0.18868	0.768488	256	3	0.60569
DNAJC19	3	0.56381	0.56235	0.999995	391	0	0.48887	0.29924	0.45321	0.999887	525	2	0.48887
ALG14	4	0.56397	0.56468	0.999995	392	1	0.17364	0.48311	0.66311	0.999995	643	2	0.17364
RGS19	4	0.56498	0.56567	0.999995	393	1	0.10839	0.49381	0.67067	0.999995	652	2	0.10839
COPG2	4	0.56598	0.56644	0.999995	394	1	0.12508	0.51834	0.68855	0.999995	666	2	0.12508
ADSSL1	4	0.56649	0.56696	0.999995	395	1	0.0073185	0.85475	0.88315	0.999995	850	1	0.0073185
SUSD1	4	0.56699	0.56754	0.999995	396	1	-0.12843	0.80501	0.862	0.999995	823	1	-0.12843
JAG1	4	0.56999	0.57058	0.999995	397	1	0.45858	0.19956	0.38473	0.962229	421	2	0.45858
PTCH1	4	0.57048	0.57104	0.999995	398	1	0.053997	0.51083	0.68328	0.999995	660	1	0.053997
SPAG9	4	0.57198	0.57248	0.999995	399	1	0.041944	0.85782	0.88458	0.999995	854	1	0.041944
ATP6V1B1	4	0.57347	0.57392	0.999995	400	1	0.12247	0.56892	0.72582	0.999995	697	2	0.12247
PDCD6IP	4	0.57446	0.57477	0.999995	401	1	0.23903	0.93067	0.93164	0.999995	902	1	0.23903
IAPP	4	0.57495	0.5752	0.999995	402	1	0.391	0.48435	0.66407	0.999995	646	2	0.391
GBP3	4	0.57544	0.57559	0.999995	403	1	0.64471	0.043861	0.12868	0.74913	180	3	0.64471
LIN28A	3	0.57584	0.57464	0.999995	404	0	0.12187	0.071785	0.16567	0.767365	260	1	0.12187
ABL2	4	0.57594	0.57618	0.999995	405	1	0.12923	0.83626	0.87482	0.999995	839	1	0.12923
TBC1D26	2	0.57602	0.57537	0.999995	406	0	0.68438	0.012866	0.024332	0.53198	75	1	0.68438
NCKAP1L	4	0.57692	0.57707	0.999995	407	1	0.21808	0.6404	0.77757	0.999995	750	2	0.21808
ARHGEF7	4	0.57742	0.57753	0.999995	408	1	0.36065	0.41958	0.61738	0.999995	607	2	0.36065
NRBP2	4	0.57791	0.57796	0.999995	409	1	-0.054099	0.96404	0.96447	0.999995	933	0	-0.054099
TOB2	4	0.5784	0.57845	0.999995	410	1	0.74552	0.059188	0.16696	0.767365	220	3	0.74552
CAND2	4	0.57987	0.57992	0.999995	411	1	0.45469	0.051029	0.14639	0.767365	199	2	0.45469
LIMK2	4	0.58036	0.5804	0.999995	412	1	0.26141	0.57089	0.72719	0.999995	698	2	0.26141
RNF144A	4	0.58085	0.58083	0.999995	413	1	0.40327	0.32671	0.55051	0.999995	559	3	0.40327
BRSK1	4	0.58231	0.58214	0.999995	414	1	0.53248	0.14904	0.31256	0.899497	367	3	0.53248
FRS2	4	0.5828	0.58264	0.999995	415	1	0.15016	0.46774	0.65239	0.999995	631	2	0.15016
CRK	4	0.58523	0.58525	0.999995	416	1	0.30316	0.6352	0.77399	0.999995	744	2	0.30316
NR2E1	4	0.58572	0.58569	0.999995	417	1	0.71747	0.055424	0.15733	0.767365	210	3	0.71747
CREBBP	4	0.5862	0.58616	0.999995	418	1	0.58834	0.059425	0.16742	0.767365	221	3	0.58834
PRG3	4	0.58669	0.5867	0.999995	419	1	0.46474	0.27149	0.48083	0.999995	501	3	0.46474
VANGL2	4	0.58717	0.58718	0.999995	420	0	0.0060228	0.70341	0.82667	0.999995	793	1	0.0060228
TANK	4	0.58862	0.5886	0.999995	421	0	0.27047	0.57365	0.72895	0.999995	701	2	0.27047
GALR3	4	0.5891	0.58914	0.999995	422	0	0.45171	0.17128	0.34474	0.933105	391	2	0.45171
ADSS	3	0.58921	0.58806	0.999995	423	0	0.094196	0.85208	0.85495	0.999995	849	1	0.094196
PSMB8	4	0.58958	0.58951	0.999995	424	0	0.26645	0.32487	0.54824	0.999995	554	2	0.26645
MTA3	4	0.5915	0.59146	0.999995	425	0	0.23377	0.65407	0.78864	0.999995	756	2	0.23377
PTPN21	4	0.59246	0.59234	0.999995	426	0	0.44758	0.085951	0.21571	0.821729	278	2	0.44758
KRT37	4	0.59342	0.5933	0.999995	427	0	0.38191	0.49258	0.66982	0.999995	650	2	0.38191
FNIP2	4	0.5939	0.59371	0.999995	428	0	0.15391	0.57692	0.73135	0.999995	704	1	0.15391
UAP1L1	4	0.59437	0.59413	0.999995	429	0	0.36554	0.29374	0.50853	0.999995	520	3	0.36554
SNX6	4	0.59533	0.59504	0.999995	430	0	0.2063	0.46423	0.64981	0.999995	627	2	0.2063
CYFIP2	4	0.5958	0.59561	0.999995	431	0	0.352	0.1075	0.24994	0.862176	306	2	0.352
EFR3A	4	0.59628	0.59608	0.999995	432	0	0.12873	0.91489	0.91883	0.999995	890	1	0.12873
ARFGEF1	4	0.5977	0.59741	0.999995	433	0	0.32059	0.63704	0.77522	0.999995	747	2	0.32059
RSBN1	4	0.59818	0.59784	0.999995	434	0	0.29677	0.64929	0.78504	0.999995	754	2	0.29677
LATS2	4	0.59865	0.59837	0.999995	435	0	0.37754	0.28691	0.50001	0.999995	515	3	0.37754
FXR1	4	0.59913	0.5988	0.999995	436	0	0.06296	0.83481	0.87428	0.999995	838	1	0.06296
EZH2	4	0.60196	0.60148	0.999995	437	0	0.5727	0.033032	0.099744	0.728474	143	2	0.5727
GRIP2	4	0.60243	0.60184	0.999995	438	0	0.50234	0.23064	0.42767	0.985234	460	3	0.50234
GATAD2A	4	0.60336	0.60279	0.999995	439	0	0.54534	0.1728	0.34717	0.933721	393	3	0.54534
PEF1	4	0.60383	0.60324	0.999995	440	0	0.062836	0.9128	0.91743	0.999995	889	1	0.062836
RHBDF2	4	0.60477	0.60415	0.999995	441	0	0.074483	0.51305	0.68479	0.999995	663	2	0.074483
CRY2	4	0.60524	0.60458	0.999995	442	0	0.19412	0.68433	0.81157	0.999995	783	2	0.19412
VIM	4	0.60617	0.60544	0.999995	443	0	0.59778	0.036568	0.10911	0.737467	154	3	0.59778
POU4F2	4	0.60664	0.60585	0.999995	444	0	0.45255	0.19993	0.38526	0.962229	422	2	0.45255
SAMD4B	4	0.60804	0.60727	0.999995	445	0	0.18177	0.85695	0.88413	0.999995	852	1	0.18177
STT3A	4	0.60896	0.6081	0.999995	446	0	0.12137	0.7551	0.84347	0.999995	808	1	0.12137
NRBP1	4	0.60943	0.60856	0.999995	447	0	0.41334	0.24491	0.44656	0.99891	472	2	0.41334
RNF144B	4	0.60989	0.60902	0.999995	448	0	0.30726	0.5106	0.68313	0.999995	659	2	0.30726
ARFIP1	4	0.61036	0.60965	0.999995	449	0	0.64908	0.063696	0.17751	0.767365	235	3	0.64908
PTCH2	4	0.61082	0.61	0.999995	450	0	0.57685	0.051255	0.14682	0.767365	200	2	0.57685
DMXL2	4	0.61128	0.61043	0.999995	451	0	0.040289	0.67113	0.80164	0.999995	772	2	0.040289
KIAA0319L	4	0.61174	0.61084	0.999995	452	0	0.078241	0.93476	0.93521	0.999995	906	1	0.078241
RSBN1L	4	0.61267	0.61172	0.999995	453	0	-0.28206	0.97792	0.97802	0.999995	951	0	-0.28206
APOBEC3C	4	0.61313	0.61215	0.999995	454	0	0.29312	0.38882	0.59531	0.999995	592	2	0.29312
EPHA3	4	0.61359	0.61262	0.999995	455	0	0.16809	0.63608	0.77459	0.999995	746	1	0.16809
RBPJL	4	0.61542	0.61426	0.999995	456	0	0.41299	0.22519	0.42001	0.981212	451	2	0.41299
EAF2	4	0.61588	0.61469	0.999995	457	0	0.51218	0.1366	0.29443	0.894158	348	3	0.51218
IKBKE	4	0.61634	0.61509	0.999995	458	0	0.49747	0.10641	0.24851	0.862176	304	3	0.49747
ADM	4	0.61725	0.61614	0.999995	459	0	0.40585	0.15759	0.32444	0.910721	377	2	0.40585
CSTF2T	4	0.61771	0.61664	0.999995	460	0	0.50982	0.18495	0.36493	0.946973	406	3	0.50982
RPP14	4	0.61817	0.61717	0.999995	461	0	0.60695	0.090081	0.22274	0.839452	281	3	0.60695
PPP2CB	3	0.61919	0.61934	0.999995	462	0	-0.0298	0.76095	0.78941	0.999995	813	1	-0.0298
GRHL3	4	0.61999	0.61898	0.999995	463	0	-0.059766	0.98487	0.98513	0.999995	961	0	-0.059766
PLEK2	4	0.62044	0.61934	0.999995	464	0	0.091193	0.42869	0.62412	0.999995	610	1	0.091193
SEC23A	4	0.6218	0.62082	0.999995	465	0	0.1395	0.47357	0.65637	0.999995	634	2	0.1395
MRGPRX2	4	0.62631	0.62553	0.999995	466	0	0.55422	0.23056	0.42746	0.985234	459	2	0.55422
EFR3B	4	0.62676	0.6261	0.999995	467	0	0.18996	0.44577	0.63645	0.999995	617	2	0.18996
MAT1A	4	0.62721	0.62652	0.999995	468	0	0.29583	0.18452	0.36422	0.946973	405	2	0.29583
COQ10B	4	0.62765	0.62692	0.999995	469	0	0.34153	0.084926	0.21409	0.821441	276	2	0.34153
MORF4L2	4	0.63033	0.62965	0.999995	470	0	0.26203	0.43	0.62507	0.999995	612	2	0.26203
CLTA	4	0.63122	0.63045	0.999995	471	0	0.04516	0.64953	0.7852	0.999995	755	1	0.04516
TBC1D4	4	0.63255	0.63165	0.999995	472	0	0.36612	0.30969	0.52901	0.999995	538	3	0.36612
IRF6	4	0.63344	0.63254	0.999995	473	0	0.20173	0.62162	0.76374	0.999995	734	2	0.20173
ARSJ	4	0.63388	0.63293	0.999995	474	0	0.36798	0.13228	0.28811	0.892725	341	2	0.36798
SMARCC1	4	0.63652	0.63558	0.999995	475	0	0.21577	0.53172	0.69815	0.999995	677	2	0.21577
PHLDA1	4	0.63784	0.63688	0.999995	476	0	0.39138	0.063324	0.17653	0.767365	232	2	0.39138
CLDN4	4	0.63828	0.63732	0.999995	477	0	0.15711	0.59399	0.74369	0.999995	715	2	0.15711
MAT2A	4	0.63871	0.6378	0.999995	478	0	0.47571	0.16309	0.33266	0.919129	382	2	0.47571
UNC119	4	0.64002	0.63895	0.999995	479	0	0.047478	0.90614	0.91258	0.999995	885	1	0.047478
SPOPL	4	0.64046	0.63943	0.999995	480	0	0.27312	0.63965	0.77705	0.999995	749	2	0.27312
FAM71B	4	0.64133	0.64038	0.999995	481	0	0.75172	0.041135	0.12141	0.74913	167	3	0.75172
RNF125	4	0.6422	0.64122	0.999995	482	0	0.72121	0.055146	0.15659	0.767365	209	3	0.72121
MAP4K4	4	0.64264	0.64184	0.999995	483	0	0.38347	0.18416	0.36379	0.946973	404	2	0.38347
ULK1	4	0.64307	0.64232	0.999995	484	0	0.50514	0.14347	0.30466	0.894158	359	3	0.50514
CYP26C1	4	0.64437	0.64368	0.999995	485	0	0.65752	0.073643	0.19648	0.78816	262	3	0.65752
MCPH1	4	0.6448	0.64422	0.999995	486	0	0.44477	0.21947	0.41234	0.979855	443	2	0.44477
MED12L	4	0.64523	0.64475	0.999995	487	0	-0.027519	0.43728	0.6303	0.999995	615	1	-0.027519
GRIP1	4	0.64566	0.64524	0.999995	488	0	0.11865	0.49217	0.66945	0.999995	649	2	0.11865
FLNC	4	0.64652	0.64606	0.999995	489	0	0.18935	0.21835	0.41085	0.979855	442	1	0.18935
IMPDH1	4	0.64781	0.64719	0.999995	490	0	0.17328	0.47877	0.65994	0.999995	640	1	0.17328
RNF10	4	0.64867	0.64796	0.999995	491	0	0.23023	0.80965	0.86416	0.999995	826	1	0.23023
SPOP	4	0.6491	0.64841	0.999995	492	0	0.33185	0.61858	0.76149	0.999995	730	2	0.33185
TBK1	4	0.64953	0.64882	0.999995	493	0	0.011779	0.52763	0.69527	0.999995	674	1	0.011779
TYMS	4	0.64995	0.64928	0.999995	494	0	0.2165	0.46368	0.64941	0.999995	626	2	0.2165
CYP2C8	4	0.65038	0.64973	0.999995	495	0	0.27498	0.15415	0.3196	0.907401	373	2	0.27498
MRPL55	4	0.65081	0.65018	0.999995	496	0	0.016723	0.97267	0.97277	0.999995	946	0	0.016723
EPS15L1	4	0.65123	0.65067	0.999995	497	0	-0.12419	0.069903	0.19042	0.769689	259	1	-0.12419
RNF38	4	0.65166	0.65112	0.999995	498	0	0.031294	0.87403	0.89308	0.999995	860	1	0.031294
EAF1	4	0.65251	0.65187	0.999995	499	0	-0.11038	0.98589	0.98607	0.999995	962	0	-0.11038
TMEM30A	4	0.65294	0.65239	0.999995	500	0	0.044846	0.72612	0.83415	0.999995	800	1	0.044846
NSDHL	4	0.65378	0.65323	0.999995	501	0	0.28943	0.55661	0.71646	0.999995	692	2	0.28943
MDM4	4	0.65421	0.65352	0.999995	502	0	0.072613	0.96697	0.96731	0.999995	937	0	0.072613
FAM126A	4	0.65505	0.65428	0.999995	503	0	-0.026722	0.8142	0.86587	0.999995	827	1	-0.026722
DDX39A	4	0.65548	0.65467	0.999995	504	0	0.68619	0.097273	0.23426	0.856163	288	3	0.68619
HNRNPH3	4	0.6559	0.65511	0.999995	505	0	0.40889	0.13566	0.29311	0.894158	346	2	0.40889
TLN1	4	0.65884	0.65813	0.999995	506	0	0.11314	0.54902	0.71061	0.999995	685	2	0.11314
TPST1	4	0.65926	0.65859	0.999995	507	0	0.26585	0.15568	0.32192	0.910721	375	2	0.26585
SMC1B	4	0.65968	0.65903	0.999995	508	0	0.36062	0.4154	0.61405	0.999995	606	2	0.36062
SEC31B	4	0.6601	0.65935	0.999995	509	0	0.14062	0.46657	0.6515	0.999995	629	1	0.14062
FBLN1	4	0.66051	0.65971	0.999995	510	0	0.51745	0.20702	0.39522	0.97109	430	3	0.51745
ZNF418	4	0.66176	0.66091	0.999995	511	0	0.85723	0.022705	0.071153	0.675168	111	3	0.85723
LSM14A	4	0.6626	0.66174	0.999995	512	0	0.42991	0.31744	0.53875	0.999995	548	3	0.42991
L3MBTL2	4	0.66343	0.66257	0.999995	513	0	0.41462	0.29711	0.51287	0.999995	522	2	0.41462
FEZ2	4	0.66384	0.66296	0.999995	514	0	0.28231	0.41165	0.61139	0.999995	602	2	0.28231
MYBPHL	4	0.66426	0.66333	0.999995	515	0	0.15835	0.39335	0.59859	0.999995	594	2	0.15835
PACS2	4	0.6655	0.66461	0.999995	516	0	0.35502	0.30306	0.52054	0.999995	532	3	0.35502
FEZ1	4	0.66714	0.6664	0.999995	517	0	0.14691	0.63555	0.77425	0.999995	745	2	0.14691
MMD2	4	0.66756	0.66672	0.999995	518	0	0.43748	0.39663	0.60088	0.999995	596	2	0.43748
CNOT6	4	0.67001	0.66909	0.999995	519	0	0.531	0.22099	0.41452	0.979855	447	3	0.531
GJA8	4	0.67042	0.66949	0.999995	520	0	0.44207	0.22424	0.41867	0.981212	450	3	0.44207
EXOC6	4	0.67083	0.66987	0.999995	521	0	0.18131	0.62351	0.76549	0.999995	737	2	0.18131
SAFB2	4	0.67165	0.67073	0.999995	522	0	0.29309	0.27016	0.47922	0.999995	500	2	0.29309
RAD17	3	0.67202	0.67163	0.999995	523	0	0.22114	0.22822	0.38159	0.962152	457	1	0.22114
MYCN	4	0.67368	0.67281	0.999995	524	0	0.42365	0.20627	0.39427	0.97109	428	2	0.42365
FMR1	4	0.67408	0.67319	0.999995	525	0	0.53629	0.099219	0.23753	0.861437	291	3	0.53629
GOLT1A	4	0.67449	0.67364	0.999995	526	0	0.21915	0.089309	0.2215	0.837748	280	1	0.21915
KLF4	4	0.6753	0.6745	0.999995	527	0	0.26003	0.63143	0.77138	0.999995	742	2	0.26003
SAP30	4	0.6757	0.67494	0.999995	528	0	0.59435	0.069435	0.18954	0.769034	257	3	0.59435
CNOT7	4	0.67651	0.67573	0.999995	529	0	0.46226	0.17042	0.34357	0.932914	390	3	0.46226
H1FOO	4	0.67691	0.67609	0.999995	530	0	0.52848	0.21972	0.41271	0.979855	444	3	0.52848
DGKI	4	0.67731	0.67641	0.999995	531	0	0.57086	0.1009	0.24034	0.862176	294	2	0.57086
ARFIP2	4	0.67771	0.67679	0.999995	532	0	0.20798	0.83432	0.87412	0.999995	837	1	0.20798
PDLIM5	4	0.67851	0.67765	0.999995	533	0	0.35141	0.079645	0.20592	0.804666	271	2	0.35141
DRD3	4	0.67971	0.67878	0.999995	534	0	0.14511	0.33385	0.55751	0.999995	565	2	0.14511
BICD2	4	0.68011	0.67923	0.999995	535	0	0.26587	0.5768	0.73126	0.999995	703	2	0.26587
STAM	4	0.68051	0.67956	0.999995	536	0	0.1487	0.6288	0.76947	0.999995	739	2	0.1487
NETO1	4	0.68171	0.68081	0.999995	537	0	0.75489	0.0042177	0.014683	0.471197	33	3	0.75489
ARPC5	4	0.6825	0.68155	0.999995	538	0	0.14883	0.79289	0.85717	0.999995	815	1	0.14883
GOLPH3L	4	0.6833	0.68233	0.999995	539	0	0.23973	0.52443	0.69315	0.999995	671	2	0.23973
TRIM25	4	0.68369	0.68271	0.999995	540	0	0.22847	0.61313	0.75702	0.999995	726	2	0.22847
BATF3	4	0.68409	0.68312	0.999995	541	0	0.025089	0.93403	0.93446	0.999995	905	1	0.025089
COPS7B	4	0.68527	0.68444	0.999995	542	0	0.14642	0.72398	0.83344	0.999995	799	1	0.14642
CAP1	4	0.68567	0.68487	0.999995	543	0	0.18047	0.93548	0.93594	0.999995	908	1	0.18047
FOXB1	4	0.68685	0.6861	0.999995	544	0	0.44957	0.13144	0.28688	0.892725	339	2	0.44957
MYL7	4	0.68724	0.68652	0.999995	545	0	-0.081385	0.80611	0.86248	0.999995	824	1	-0.081385
TPST2	4	0.68803	0.68737	0.999995	546	0	0.28824	0.40164	0.60429	0.999995	597	2	0.28824
IDH1	4	0.6892	0.68869	0.999995	547	0	0.48265	0.19387	0.37711	0.962152	414	3	0.48265
XYLT1	4	0.68959	0.68896	0.999995	548	0	0.26384	0.22379	0.41819	0.981212	449	1	0.26384
DMP1	4	0.69037	0.68971	0.999995	549	0	-0.0094229	0.67246	0.80264	0.999995	774	1	-0.0094229
H2AFX	4	0.69076	0.68998	0.999995	550	0	0.38757	0.27281	0.48245	0.999995	502	3	0.38757
HMG20B	4	0.69154	0.69083	0.999995	551	0	0.30787	0.67006	0.80063	0.999995	770	2	0.30787
CLIP4	4	0.69231	0.69177	0.999995	552	0	0.3085	0.58717	0.73861	0.999995	708	2	0.3085
SLC35F4	4	0.69309	0.69258	0.999995	553	0	0.41071	0.29924	0.51582	0.999995	526	3	0.41071
UAP1	4	0.69386	0.69327	0.999995	554	0	0.50875	0.21584	0.40728	0.979855	438	3	0.50875
CDC34	4	0.6954	0.6947	0.999995	555	0	0.043387	0.93267	0.93333	0.999995	904	1	0.043387
RANBP17	4	0.69617	0.69555	0.999995	556	0	0.073384	0.47008	0.65397	0.999995	633	1	0.073384
IL6ST	4	0.69924	0.69873	0.999995	557	0	0.24113	0.6218	0.76391	0.999995	735	2	0.24113
NLRP8	4	0.7	0.69961	0.999995	558	0	0.56585	0.10568	0.24744	0.862176	301	2	0.56585
VPS26B	4	0.70076	0.7003	0.999995	559	0	0.11634	0.61999	0.7624	0.999995	733	1	0.11634
TBC1D28	3	0.70093	0.70142	0.999995	560	0	0.1011	0.94376	0.94314	0.999995	913	0	0.1011
ATP7B	4	0.70227	0.70185	0.999995	561	0	0.27211	0.28187	0.4936	0.999995	510	2	0.27211
PPP2R1B	4	0.70303	0.70264	0.999995	562	0	0.27841	0.67221	0.80243	0.999995	773	2	0.27841
GYS1	4	0.70378	0.70326	0.999995	563	0	0.32586	0.51264	0.68454	0.999995	662	2	0.32586
ASCL1	4	0.70416	0.70363	0.999995	564	0	0.7663	0.02954	0.090413	0.725771	130	3	0.7663
CDS1	4	0.70454	0.70397	0.999995	565	0	0.057706	0.9047	0.91175	0.999995	882	1	0.057706
CDK8	4	0.70491	0.70425	0.999995	566	0	0.14487	0.57798	0.73215	0.999995	705	2	0.14487
RBPJ	4	0.70604	0.70523	0.999995	567	0	0.56563	0.14397	0.30536	0.894158	361	3	0.56563
HASPIN	4	0.70641	0.70556	0.999995	568	0	0.28139	0.62691	0.76799	0.999995	738	2	0.28139
ANKRD10	4	0.70679	0.70598	0.999995	569	0	0.67979	0.056332	0.15974	0.767365	212	3	0.67979
COQ10A	4	0.70754	0.70667	0.999995	570	0	0.45188	0.17624	0.35205	0.936726	398	2	0.45188
EGFR	4	0.70791	0.70701	0.999995	571	0	0.36503	0.23691	0.43618	0.994795	465	3	0.36503
KCNG4	4	0.70828	0.70746	0.999995	572	0	0.44918	0.31957	0.54133	0.999995	550	3	0.44918
SBF2	3	0.71028	0.71102	0.999995	573	0	0.26094	0.8276	0.83557	0.999995	834	1	0.26094
LHFPL5	4	0.71199	0.71126	0.999995	574	0	0.58828	0.12463	0.2769	0.886198	331	2	0.58828
BCAP31	4	0.71273	0.71201	0.999995	575	0	0.15254	0.41311	0.61252	0.999995	604	2	0.15254
RPS7	1	0.71286	0.71385	0.999995	576	0	0.66894	0.28714	0.28768	0.892725	517	1	0.66894
SEC31A	4	0.71383	0.71319	0.999995	577	0	0.44927	0.24527	0.4469	0.99891	474	3	0.44927
CLASP2	4	0.7142	0.71356	0.999995	578	0	0.20782	0.30072	0.5176	0.999995	529	2	0.20782
CAB39L	4	0.71457	0.71384	0.999995	579	0	0.31322	0.32135	0.54372	0.999995	551	3	0.31322
GMPR2	4	0.71493	0.71427	0.999995	580	0	0.27157	0.69101	0.81675	0.999995	788	2	0.27157
EZH1	4	0.7153	0.71461	0.999995	581	0	0.10366	0.93142	0.93221	0.999995	903	1	0.10366
CLASP1	4	0.71603	0.71534	0.999995	582	0	0.28821	0.35999	0.57557	0.999995	578	2	0.28821
NCK1	4	0.71785	0.717	0.999995	583	0	0.9385	0.0074176	0.024846	0.53198	49	3	0.9385
SEC11C	4	0.71858	0.71783	0.999995	584	0	0.56964	0.085804	0.21544	0.821729	277	3	0.56964
AXL	4	0.72002	0.7194	0.999995	585	0	0.43255	0.22092	0.41443	0.979855	446	3	0.43255
SLC25A2	4	0.72039	0.71975	0.999995	586	0	0.19975	0.60617	0.75222	0.999995	722	1	0.19975
TNR	4	0.72147	0.7208	0.999995	587	0	0.27128	0.66934	0.80016	0.999995	769	2	0.27128
AOX1	4	0.72183	0.72122	0.999995	588	0	0.26235	0.83674	0.87501	0.999995	840	1	0.26235
NDEL1	4	0.72219	0.72162	0.999995	589	0	0.32007	0.31426	0.53463	0.999995	544	3	0.32007
RHOT2	4	0.72254	0.72199	0.999995	590	0	0.080651	0.74783	0.84104	0.999995	805	1	0.080651
STX4	4	0.72326	0.72279	0.999995	591	0	0.26632	0.4782	0.65951	0.999995	639	2	0.26632
ARHGEF6	4	0.72469	0.72429	0.999995	592	0	0.40322	0.23907	0.43869	0.994795	468	2	0.40322
GPSM1	4	0.72505	0.72474	0.999995	593	0	0.19646	0.31355	0.53372	0.999995	543	2	0.19646
ACTL7A	4	0.7254	0.72514	0.999995	594	0	0.10575	0.64781	0.78382	0.999995	752	1	0.10575
PTF1A	4	0.72576	0.7255	0.999995	595	0	0.18016	0.24758	0.44993	0.99891	479	2	0.18016
KRT25	4	0.72612	0.72585	0.999995	596	0	0.33475	0.216	0.40747	0.979855	439	2	0.33475
MAK	4	0.72647	0.72617	0.999995	597	0	0.40262	0.34962	0.56854	0.999995	572	2	0.40262
TMEM30B	4	0.72683	0.72652	0.999995	598	0	0.90615	0.0051247	0.017694	0.49245	36	3	0.90615
IFIH1	4	0.72718	0.7269	0.999995	599	0	0.065009	0.25889	0.46496	0.999995	488	1	0.065009
TTC23	4	0.72754	0.72722	0.999995	600	0	0.32425	0.36747	0.58117	0.999995	582	2	0.32425
EPS15	4	0.72824	0.72794	0.999995	601	0	0.42684	0.36955	0.58258	0.999995	583	2	0.42684
ARID4A	4	0.72895	0.72861	0.999995	602	0	0.32382	0.31215	0.53195	0.999995	542	3	0.32382
DMD	4	0.73036	0.73016	0.999995	603	0	0.61258	0.058392	0.16497	0.767365	217	3	0.61258
FLNB	4	0.73071	0.73042	0.999995	604	0	0.62008	0.11345	0.25932	0.872466	316	3	0.62008
SNRPN	4	0.73106	0.73072	0.999995	605	0	0.59042	0.097855	0.23526	0.856163	290	3	0.59042
VRTN	4	0.73141	0.731	0.999995	606	0	0.32452	0.49415	0.67097	0.999995	653	2	0.32452
ICK	4	0.73281	0.73225	0.999995	607	0	0.20791	0.90356	0.91103	0.999995	880	1	0.20791
HTR2C	4	0.73316	0.73262	0.999995	608	0	0.96312	0.01065	0.034869	0.546961	64	3	0.96312
MTMR4	4	0.73385	0.7335	0.999995	609	0	0.26191	0.66609	0.79771	0.999995	767	2	0.26191
REG3A	4	0.73489	0.73468	0.999995	610	0	0.65103	0.067233	0.18517	0.767365	251	3	0.65103
CTSZ	4	0.73731	0.73693	0.999995	611	0	0.061065	0.45117	0.6402	0.999995	622	1	0.061065
HRAS	4	0.73937	0.73905	0.999995	612	0	0.21265	0.62899	0.76959	0.999995	740	2	0.21265
STX17	4	0.73972	0.73937	0.999995	613	0	0.35122	0.30097	0.51795	0.999995	530	3	0.35122
TAP1	4	0.74006	0.7397	0.999995	614	0	0.68589	0.043177	0.12694	0.74913	176	3	0.68589
SAR1B	4	0.74142	0.74093	0.999995	615	0	0.1265	0.80224	0.86053	0.999995	820	1	0.1265
ENOX1	4	0.74244	0.74193	0.999995	616	0	0.57729	0.1635	0.33328	0.919129	383	3	0.57729
ADGRG7	4	0.74312	0.74262	0.999995	617	0	0.05534	0.16801	0.33993	0.931267	386	1	0.05534
CRY1	4	0.74346	0.743	0.999995	618	0	0.35354	0.42875	0.62416	0.999995	611	2	0.35354
PRKAB2	4	0.7438	0.74335	0.999995	619	0	0.19892	0.82333	0.8694	0.999995	833	1	0.19892
AP2A2	4	0.74413	0.74361	0.999995	620	0	0.50683	0.18962	0.37134	0.952185	412	3	0.50683
SBNO2	4	0.74481	0.74426	0.999995	621	0	0.64995	0.042548	0.1252	0.74913	172	3	0.64995
NCOR2	4	0.74616	0.7456	0.999995	622	0	0.33005	0.51738	0.68774	0.999995	665	2	0.33005
PCBD1	4	0.74649	0.74605	0.999995	623	0	0.52291	0.24338	0.44462	0.99891	471	3	0.52291
AP3M1	4	0.74683	0.74637	0.999995	624	0	0.34717	0.55739	0.71705	0.999995	693	2	0.34717
TUBB2A	4	0.7475	0.74709	0.999995	625	0	0.45313	0.15733	0.32406	0.910721	376	2	0.45313
NXT1	4	0.74783	0.74752	0.999995	626	0	0.88663	0.0054008	0.018601	0.49245	39	3	0.88663
CNOT6L	4	0.74916	0.749	0.999995	627	0	0.5845	0.1878	0.36873	0.947792	411	3	0.5845
RIC8B	4	0.74983	0.7497	0.999995	628	0	0.29682	0.67365	0.80346	0.999995	776	2	0.29682
XRCC4	4	0.75082	0.75078	0.999995	629	0	0.19832	0.95573	0.95634	0.999995	925	0	0.19832
ABTB2	4	0.75115	0.75122	0.999995	630	0	0.82811	0.010851	0.035551	0.546961	67	3	0.82811
KCNT1	4	0.75247	0.75252	0.999995	631	0	0.54319	0.1201	0.26977	0.886198	323	3	0.54319
GSX1	4	0.7528	0.75283	0.999995	632	0	0.59049	0.13664	0.29449	0.894158	349	3	0.59049
SLC10A2	4	0.75313	0.75315	0.999995	633	0	0.32307	0.51193	0.68398	0.999995	661	2	0.32307
TMEM9	4	0.75346	0.75349	0.999995	634	0	0.20436	0.51847	0.68862	0.999995	667	2	0.20436
SLC9A3R1	4	0.75444	0.75467	0.999995	635	0	0.29758	0.54059	0.70459	0.999995	680	2	0.29758
PMM2	4	0.7551	0.7553	0.999995	636	0	0.14416	0.94616	0.94607	0.999995	916	0	0.14416
CCDC69	4	0.75608	0.7562	0.999995	637	0	0.40357	0.14654	0.30895	0.898828	364	2	0.40357
INTS6L	4	0.7564	0.75652	0.999995	638	0	0.60414	0.042131	0.12402	0.74913	170	3	0.60414
UTRN	4	0.75673	0.75686	0.999995	639	0	0.2749	0.42807	0.62366	0.999995	609	2	0.2749
DGAT1	4	0.75705	0.75715	0.999995	640	0	0.31995	0.20341	0.3901	0.966954	425	2	0.31995
ATAD2	4	0.75738	0.75744	0.999995	641	0	0.43687	0.054696	0.15545	0.767365	208	3	0.43687
ERN1	4	0.7577	0.75773	0.999995	642	0	0.4887	0.12211	0.27323	0.886198	326	3	0.4887
CTNNB1	4	0.75867	0.75885	0.999995	643	0	0.31862	0.20815	0.39672	0.972509	431	3	0.31862
PTPN14	4	0.75932	0.75947	0.999995	644	0	0.57291	0.11011	0.25395	0.864904	309	3	0.57291
SHMT2	4	0.76125	0.76175	0.999995	645	0	0.37818	0.26885	0.47756	0.999995	497	3	0.37818
ATAD2B	4	0.76221	0.76275	0.999995	646	0	0.18949	0.23844	0.43793	0.994795	467	1	0.18949
SPATA21	4	0.76253	0.76318	0.999995	647	0	0.39606	0.37288	0.5849	0.999995	585	2	0.39606
BRSK2	4	0.76317	0.76377	0.999995	648	0	0.42271	0.19623	0.38036	0.962152	417	2	0.42271
PLCG1	4	0.76476	0.76525	0.999995	649	0	0.67989	0.082323	0.2098	0.810851	274	3	0.67989
PCGF1	4	0.76602	0.76666	0.999995	650	0	0.42812	0.062943	0.17565	0.767365	231	3	0.42812
CCNE2	4	0.76665	0.76738	0.999995	651	0	0.32545	0.52565	0.69404	0.999995	672	2	0.32545
JAG2	4	0.76697	0.76768	0.999995	652	0	0.52786	0.011175	0.036692	0.546961	71	2	0.52786
ZIC3	4	0.76791	0.76874	0.999995	653	0	0.39714	0.29408	0.50907	0.999995	521	3	0.39714
MTUS1	4	0.76854	0.76934	0.999995	654	0	0.28953	0.28333	0.49549	0.999995	511	2	0.28953
TOP2B	4	0.76916	0.77	0.999995	655	0	0.47638	0.15251	0.31741	0.903585	372	3	0.47638
MACF1	4	0.76979	0.7706	0.999995	656	0	0.4382	0.28184	0.49355	0.999995	509	3	0.4382
BICD1	4	0.77041	0.77125	0.999995	657	0	0.25268	0.47609	0.65798	0.999995	637	2	0.25268
MTX1	3	0.77399	0.77488	0.999995	658	0	0.14433	0.80176	0.81644	0.999995	819	1	0.14433
SERPINA11	4	0.77413	0.77516	0.999995	659	0	0.65942	0.075802	0.20003	0.796341	266	3	0.65942
DDX17	4	0.77443	0.77548	0.999995	660	0	0.59775	0.1345	0.29135	0.894158	344	3	0.59775
ZEB1	4	0.77474	0.77575	0.999995	661	0	0.11142	0.76029	0.84536	0.999995	812	1	0.11142
RANBP9	4	0.77535	0.7764	0.999995	662	0	0.13696	0.92874	0.92981	0.999995	899	1	0.13696
DPCR1	4	0.77566	0.77667	0.999995	663	0	0.36122	0.68043	0.80878	0.999995	781	2	0.36122
GMPR	4	0.77597	0.77695	0.999995	664	0	0.44926	0.11455	0.26113	0.872579	318	2	0.44926
HRH1	4	0.77688	0.77792	0.999995	665	0	0.19532	0.017254	0.055016	0.617383	94	1	0.19532
TMEM9B	4	0.7784	0.77951	0.999995	666	0	0.34027	0.068124	0.1873	0.767365	254	2	0.34027
GBX2	4	0.77901	0.78021	0.999995	667	0	0.5663	0.17869	0.35577	0.940803	400	3	0.5663
XYLT2	4	0.77931	0.78057	0.999995	668	0	0.23887	0.66093	0.79375	0.999995	763	2	0.23887
GDI1	4	0.77991	0.78127	0.999995	669	0	0.43138	0.26852	0.47715	0.999995	496	3	0.43138
MECOM	4	0.78022	0.78152	0.999995	670	0	0.5729	0.21259	0.40297	0.978779	436	3	0.5729
STRIP2	4	0.78082	0.78203	0.999995	671	0	0.57427	0.10702	0.24939	0.862176	305	3	0.57427
ABCB1	4	0.78142	0.78262	0.999995	672	0	0.33419	0.51956	0.68951	0.999995	668	2	0.33419
SPTLC3	4	0.78232	0.78346	0.999995	673	0	0.26825	0.11099	0.25549	0.867178	312	2	0.26825
CHM	4	0.785	0.78601	0.999995	674	0	0.5781	0.14905	0.31257	0.899497	368	3	0.5781
RXFP3	4	0.78529	0.7863	0.999995	675	0	0.27438	0.080526	0.20716	0.805009	272	2	0.27438
ABL1	4	0.78559	0.78649	0.999995	676	0	0.55526	0.044468	0.13023	0.74913	182	3	0.55526
ARFGEF2	4	0.78795	0.78881	0.999995	677	0	0.48465	0.17174	0.3454	0.933105	392	3	0.48465
SMAP2	4	0.78941	0.79035	0.999995	678	0	0.3286	0.38329	0.59186	0.999995	588	2	0.3286
SPTA1	4	0.78999	0.79113	0.999995	679	0	0.56927	0.1062	0.24821	0.862176	303	3	0.56927
FAM71A	4	0.79028	0.79142	0.999995	680	0	0.39808	0.3517	0.56982	0.999995	574	2	0.39808
SAR1A	8	0.79063	0.79353	0.999995	681	1	0.042699	0.21119	0.48904	0.999995	434	1	0.042699
TAS1R2	4	0.79086	0.79209	0.999995	682	0	0.32475	0.4225	0.61955	0.999995	608	2	0.32475
LGALS9	4	0.79115	0.79234	0.999995	683	0	0.24772	0.52687	0.6947	0.999995	673	2	0.24772
NCKAP1	4	0.79202	0.79316	0.999995	684	0	0.47135	0.23744	0.43685	0.994795	466	3	0.47135
ADAP2	4	0.79231	0.79346	0.999995	685	0	0.059402	0.84548	0.879	0.999995	847	1	0.059402
RHOBTB2	4	0.79318	0.79451	0.999995	686	0	0.88272	0.017565	0.055877	0.617383	96	3	0.88272
AP1G2	4	0.79346	0.79478	0.999995	687	0	0.16496	0.82989	0.87218	0.999995	836	1	0.16496
CD44	4	0.79375	0.79505	0.999995	688	0	0.38122	0.48336	0.66335	0.999995	644	2	0.38122
CHMP1B	4	0.79404	0.79532	0.999995	689	0	0.66365	0.078017	0.2035	0.804141	268	3	0.66365
AP1G1	4	0.79433	0.79553	0.999995	690	0	0.18784	0.75016	0.84179	0.999995	807	1	0.18784
GDF15	4	0.79576	0.79703	0.999995	691	0	0.43111	0.26556	0.47352	0.999995	492	3	0.43111
SPHKAP	4	0.79689	0.7983	0.999995	692	0	0.7115	0.045079	0.13189	0.750905	185	3	0.7115
TRAPPC3L	4	0.79775	0.79915	0.999995	693	0	0.42808	0.24725	0.44943	0.99891	478	2	0.42808
MYBL2	4	0.79803	0.79948	0.999995	694	0	0.20765	0.69937	0.82365	0.999995	791	2	0.20765
TOMM40L	4	0.79859	0.80002	0.999995	695	0	0.28075	0.60597	0.75212	0.999995	721	2	0.28075
PLD2	4	0.80028	0.8014	0.999995	696	0	0.3407	0.34549	0.56566	0.999995	571	2	0.3407
DGAT2L6	4	0.80056	0.80165	0.999995	697	0	0.52233	0.13108	0.28631	0.892725	338	2	0.52233
SS18	4	0.80084	0.80196	0.999995	698	0	0.52207	0.22749	0.42331	0.983075	456	3	0.52207
FRY	4	0.80168	0.80287	0.999995	699	0	0.55255	0.16455	0.33492	0.921242	384	3	0.55255
LIM2	4	0.80252	0.80371	0.999995	700	0	0.55764	0.067542	0.18595	0.767365	252	3	0.55764
AP5M1	4	0.80418	0.80573	0.999995	701	0	0.24585	0.31071	0.53016	0.999995	540	1	0.24585
STRIP1	4	0.80445	0.80605	0.999995	702	0	0.21323	0.80665	0.86274	0.999995	825	1	0.21323
TLN2	4	0.80473	0.80637	0.999995	703	0	0.39315	0.32651	0.55027	0.999995	558	2	0.39315
CYP2A6	4	0.80528	0.80689	0.999995	704	0	0.21558	0.8576	0.88448	0.999995	853	1	0.21558
CHSY3	4	0.80583	0.80747	0.999995	705	0	0.72929	0.083735	0.21226	0.817408	275	3	0.72929
KRT74	4	0.80611	0.8078	0.999995	706	0	0.42482	0.2815	0.4931	0.999995	508	3	0.42482
TMEM120A	4	0.80638	0.80811	0.999995	707	0	0.61393	0.10932	0.25284	0.864904	308	3	0.61393
FLOT2	4	0.80693	0.80874	0.999995	708	0	0.4151	0.20268	0.38888	0.966729	424	3	0.4151
SRI	4	0.80775	0.80981	0.999995	709	0	0.35875	0.38787	0.59466	0.999995	590	2	0.35875
TIMM23B	4	0.80938	0.81154	0.999995	710	0	0.75737	0.045948	0.13404	0.755029	187	3	0.75737
ARPC5L	4	0.81019	0.81233	0.999995	711	0	0.13966	0.8986	0.90778	0.999995	877	1	0.13966
CYFIP1	4	0.811	0.81308	0.999995	712	0	0.53025	0.22062	0.41402	0.979855	445	3	0.53025
ATOH1	4	0.81153	0.81372	0.999995	713	0	0.62034	0.033827	0.10198	0.729696	145	2	0.62034
KLF5	4	0.81234	0.8146	0.999995	714	0	0.57461	0.077749	0.20311	0.804141	267	2	0.57461
CDK16	4	0.81287	0.81518	0.999995	715	0	0.57007	0.087349	0.21812	0.827904	279	3	0.57007
FKBP4	4	0.81314	0.81539	0.999995	716	0	0.30907	0.58699	0.73847	0.999995	707	2	0.30907
DST	4	0.81367	0.81594	0.999995	717	0	0.62433	0.12406	0.27612	0.886198	330	3	0.62433
FUT5	4	0.81394	0.81633	0.999995	718	0	0.75804	0.03643	0.10871	0.737467	153	3	0.75804
HTR3E	4	0.8142	0.81659	0.999995	719	0	0.35709	0.31667	0.53774	0.999995	545	2	0.35709
ERO1B	4	0.815	0.81736	0.999995	720	0	0.51401	0.1234	0.27515	0.886198	327	3	0.51401
PRDM13	4	0.81527	0.81752	0.999995	721	0	0.92098	0.0021916	0.0080358	0.423474	17	3	0.92098
TBR1	4	0.81606	0.8183	0.999995	722	0	0.093009	0.97851	0.97854	0.999995	953	0	0.093009
ALDOC	4	0.81685	0.81917	0.999995	723	0	0.26946	0.69694	0.82158	0.999995	790	2	0.26946
CADPS	4	0.81763	0.81992	0.999995	724	0	0.53701	0.176	0.35176	0.936726	397	3	0.53701
APOBEC1	4	0.8179	0.8202	0.999995	725	0	0.37252	0.24682	0.44892	0.99891	477	3	0.37252
EPC1	4	0.8192	0.82138	0.999995	726	0	0.53804	0.23674	0.43597	0.994795	464	3	0.53804
ADARB1	4	0.81972	0.82176	0.999995	727	0	0.41981	0.16246	0.3316	0.919129	381	2	0.41981
PSMB9	4	0.8205	0.82264	0.999995	728	0	0.29663	0.4794	0.66041	0.999995	641	2	0.29663
TOMM20L	4	0.82076	0.82284	0.999995	729	0	0.3169	0.24606	0.44787	0.99891	476	2	0.3169
MYBPH	4	0.82153	0.82358	0.999995	730	0	0.48098	0.14062	0.30022	0.894158	353	2	0.48098
MTUS2	4	0.82256	0.82469	0.999995	731	0	0.21744	0.67931	0.80785	0.999995	779	1	0.21744
AIPL1	4	0.82282	0.82493	0.999995	732	0	0.7207	0.13989	0.29914	0.894158	352	3	0.7207
SLC25A15	4	0.82307	0.82523	0.999995	733	0	0.57949	0.13075	0.28583	0.892725	337	3	0.57949
RB1	4	0.82333	0.82544	0.999995	734	0	0.61093	0.068327	0.18767	0.767365	255	3	0.61093
ALAS2	4	0.82359	0.82565	0.999995	735	0	0.45072	0.32635	0.55008	0.999995	557	3	0.45072
SEC11A	4	0.82486	0.8268	0.999995	736	0	0.49096	0.18743	0.36824	0.947792	409	3	0.49096
RAP1GAP2	4	0.82562	0.82751	0.999995	737	0	0.62364	0.06098	0.17111	0.767365	227	3	0.62364
VANGL1	4	0.82587	0.82776	0.999995	738	0	0.85625	0.022802	0.071406	0.675168	113	3	0.85625
PDCD4	4	0.82613	0.82816	0.999995	739	0	0.59667	0.060276	0.1694	0.767365	224	3	0.59667
ITGB1BP2	4	0.82638	0.82844	0.999995	740	0	0.58574	0.13777	0.29602	0.894158	350	3	0.58574
KCNT2	4	0.82663	0.8286	0.999995	741	0	0.48027	0.19781	0.38252	0.962195	419	3	0.48027
CHUK	8	0.82676	0.82638	0.999995	742	1	0.16943	0.60534	0.84183	0.999995	720	3	0.16943
CHRNB3	4	0.82714	0.82912	0.999995	743	0	0.53812	0.19498	0.37861	0.962152	415	3	0.53812
CTCFL	4	0.82814	0.8302	0.999995	744	0	0.85094	0.013198	0.042769	0.583093	78	3	0.85094
SIK2	4	0.82839	0.83036	0.999995	745	0	0.75164	0.033793	0.10187	0.729696	144	3	0.75164
ERO1A	4	0.83088	0.83295	0.999995	746	0	0.47109	0.15236	0.31726	0.903585	371	3	0.47109
IRF4	4	0.83137	0.83332	0.999995	747	0	0.409	0.29954	0.5162	0.999995	527	2	0.409
XDH	4	0.83187	0.83389	0.999995	748	0	0.66444	0.079195	0.20527	0.804666	270	3	0.66444
TAF9B	2	0.83277	0.83245	0.999995	749	0	0.51339	0.16723	0.27059	0.886198	385	2	0.51339
NR5A1	4	0.83383	0.83567	0.999995	750	0	0.35112	0.49011	0.66798	0.999995	648	2	0.35112
DEGS2	4	0.83408	0.83591	0.999995	751	0	0.61356	0.10059	0.2398	0.862176	293	3	0.61356
CPS1	4	0.83432	0.83617	0.999995	752	0	0.60139	0.068085	0.18724	0.767365	253	2	0.60139
NHLRC1	4	0.83481	0.83652	0.999995	753	0	0.39739	0.38871	0.59521	0.999995	591	2	0.39739
RALGPS2	4	0.83578	0.83747	0.999995	754	0	0.42726	0.32528	0.54881	0.999995	555	2	0.42726
TUBB4B	8	0.83585	0.8353	0.999995	755	0	0.38459	0.069505	0.23205	0.856163	258	4	0.38459
SMARCC2	4	0.83626	0.83786	0.999995	756	0	0.36363	0.26001	0.4663	0.999995	490	3	0.36363
ALAS1	8	0.83778	0.83719	0.999995	757	0	0.53848	0.013293	0.06316	0.641135	79	6	0.53848
CALY	4	0.83938	0.84111	0.999995	758	0	0.19848	0.22535	0.42025	0.981212	452	2	0.19848
PGLS	4	0.83962	0.84141	0.999995	759	0	0.82535	0.017839	0.056503	0.617383	98	3	0.82535
ESRP2	4	0.84057	0.84236	0.999995	760	0	0.35588	0.37371	0.58535	0.999995	586	2	0.35588
FLOT1	4	0.84128	0.84308	0.999995	761	0	0.54929	0.10298	0.24351	0.862176	295	3	0.54929
MYH7	4	0.84175	0.84361	0.999995	762	0	0.3781	0.33104	0.55547	0.999995	563	2	0.3781
BARHL1	4	0.84198	0.84387	0.999995	763	0	0.66298	0.14296	0.30382	0.894158	357	3	0.66298
IL10RA	4	0.84222	0.8441	0.999995	764	0	0.35219	0.27514	0.48552	0.999995	505	3	0.35219
PHLDA2	4	0.84269	0.84462	0.999995	765	0	0.38711	0.30899	0.52816	0.999995	537	3	0.38711
DUSP10	4	0.84386	0.84589	0.999995	766	0	0.18306	0.67293	0.80299	0.999995	775	2	0.18306
WRN	4	0.84409	0.84623	0.999995	767	0	0.17712	0.52172	0.69108	0.999995	669	1	0.17712
PUM1	4	0.84456	0.84658	0.999995	768	0	0.207	0.95342	0.95399	0.999995	923	0	0.207
DMXL1	4	0.84479	0.84686	0.999995	769	0	0.5838	0.035655	0.10652	0.7373	151	3	0.5838
CEACAM1	4	0.84618	0.84806	0.999995	770	0	0.58013	0.026427	0.081821	0.725771	119	2	0.58013
PLXDC2	4	0.84664	0.8487	0.999995	771	0	0.29388	0.53536	0.70076	0.999995	678	2	0.29388
PLCG2	4	0.8471	0.84916	0.999995	772	0	0.29875	0.48451	0.66418	0.999995	647	2	0.29875
GALNT2	4	0.84733	0.84938	0.999995	773	0	0.56631	0.074341	0.19744	0.789034	264	3	0.56631
AHCYL2	4	0.84756	0.84957	0.999995	774	0	0.40811	0.38537	0.59319	0.999995	589	2	0.40811
MBP	4	0.84778	0.84977	0.999995	775	0	0.36191	0.33731	0.55985	0.999995	567	2	0.36191
GSTP1	4	0.84801	0.85	0.999995	776	0	0.15979	0.96342	0.96383	0.999995	932	0	0.15979
YIPF5	4	0.84983	0.85155	0.999995	777	0	0.48217	0.212	0.40211	0.978779	435	3	0.48217
DUOX1	4	0.85029	0.85205	0.999995	778	0	0.46779	0.21465	0.40572	0.979855	437	3	0.46779
SP110	4	0.85141	0.85294	0.999995	779	0	0.2843	0.67042	0.80098	0.999995	771	2	0.2843
NAPB	4	0.85186	0.85347	0.999995	780	0	0.38232	0.291	0.5051	0.999995	519	3	0.38232
SIX6	4	0.85276	0.85429	0.999995	781	0	0.29165	0.68326	0.81081	0.999995	782	2	0.29165
TPRX1	4	0.85298	0.85448	0.999995	782	0	0.56228	0.13242	0.2883	0.892725	342	3	0.56228
GXYLT1	4	0.8532	0.85474	0.999995	783	0	0.42666	0.17481	0.35009	0.936726	395	2	0.42666
LNX1	4	0.85342	0.85494	0.999995	784	0	0.56485	0.19555	0.37942	0.962152	416	3	0.56485
LDB2	4	0.85365	0.85513	0.999995	785	0	0.69928	0.007022	0.023565	0.530967	48	3	0.69928
POU5F2	4	0.85387	0.85534	0.999995	786	0	0.70745	0.054455	0.15485	0.767365	206	3	0.70745
SLC25A24	4	0.85409	0.85558	0.999995	787	0	0.3108	0.59322	0.7431	0.999995	714	2	0.3108
TANC2	3	0.8554	0.8556	0.999995	788	0	0.42162	0.34428	0.49805	0.999995	570	2	0.42162
TFDP3	4	0.85717	0.8586	0.999995	789	0	0.54792	0.078762	0.20449	0.804666	269	3	0.54792
ATM	4	0.85825	0.85967	0.999995	790	0	0.27826	0.61554	0.75891	0.999995	729	2	0.27826
GPR183	4	0.85847	0.85986	0.999995	791	0	0.87881	0.009727	0.031998	0.546961	60	3	0.87881
HMGCL	4	0.85869	0.86003	0.999995	792	0	0.61528	0.12591	0.27879	0.886614	334	3	0.61528
CD72	4	0.85912	0.86038	0.999995	793	0	0.29085	0.5422	0.70559	0.999995	681	2	0.29085
CCND3	4	0.85977	0.86096	0.999995	794	0	0.29304	0.46492	0.65034	0.999995	628	2	0.29304
PXDNL	4	0.85998	0.86113	0.999995	795	0	0.54635	0.06545	0.18124	0.767365	245	3	0.54635
HEATR5A	4	0.8602	0.8613	0.999995	796	0	0.28433	0.12126	0.27166	0.886198	325	2	0.28433
ISL1	4	0.86063	0.86167	0.999995	797	0	0.32019	0.47733	0.65894	0.999995	638	2	0.32019
TYROBP	4	0.86105	0.86219	0.999995	798	0	0.53878	0.18523	0.36528	0.946973	407	3	0.53878
EPHA2	4	0.86254	0.86368	0.999995	799	0	0.69032	0.024436	0.076109	0.700861	116	3	0.69032
DUOX2	4	0.86275	0.86387	0.999995	800	0	0.27208	0.60212	0.74936	0.999995	719	2	0.27208
RNF44	4	0.86339	0.86447	0.999995	801	0	0.56572	0.050188	0.14453	0.767365	196	3	0.56572
CAT	4	0.8636	0.86464	0.999995	802	0	0.30114	0.62955	0.76996	0.999995	741	2	0.30114
HRH3	4	0.86444	0.86545	0.999995	803	0	1.0849	0.0030465	0.010943	0.461993	25	3	1.0849
LIMK1	4	0.86465	0.86562	0.999995	804	0	0.26483	0.61516	0.75857	0.999995	728	2	0.26483
ZNF284	4	0.86486	0.8658	0.999995	805	0	0.26073	0.79661	0.8586	0.999995	816	1	0.26073
PSEN2	4	0.86528	0.86614	0.999995	806	0	0.54151	0.053796	0.15319	0.767365	204	3	0.54151
SLC25A37	4	0.86569	0.86649	0.999995	807	0	0.32584	0.56615	0.72363	0.999995	695	2	0.32584
TAF9	4	0.8659	0.86669	0.999995	808	0	0.59806	0.14419	0.3056	0.894158	362	3	0.59806
IRF8	4	0.86652	0.86727	0.999995	809	0	0.64256	0.040214	0.11905	0.74913	163	3	0.64256
CHML	4	0.86694	0.86769	0.999995	810	0	0.27288	0.85934	0.88525	0.999995	855	1	0.27288
YIF1B	4	0.86797	0.86869	0.999995	811	0	0.35462	0.031996	0.096995	0.728474	138	2	0.35462
KAT6B	4	0.86838	0.86908	0.999995	812	0	0.56556	0.14734	0.30996	0.899295	365	3	0.56556
SLC11A1	4	0.86879	0.86945	0.999995	813	0	0.412	0.1432	0.30426	0.894158	358	3	0.412
DENND5A	4	0.86961	0.87018	0.999995	814	0	0.26453	0.49752	0.67349	0.999995	655	2	0.26453
PAPSS1	4	0.87022	0.87066	0.999995	815	0	0.44598	0.32815	0.55242	0.999995	560	3	0.44598
FCRL3	4	0.87042	0.87095	0.999995	816	0	0.30915	0.51028	0.6829	0.999995	658	2	0.30915
MT2A	4	0.87163	0.87221	0.999995	817	0	0.89375	0.0075068	0.025117	0.53198	50	3	0.89375
NUMB	4	0.87244	0.87309	0.999995	818	0	0.57177	0.12362	0.27546	0.886198	328	3	0.57177
FAM126B	4	0.87284	0.87354	0.999995	819	0	0.42479	0.26425	0.4718	0.999995	491	3	0.42479
ZNF521	4	0.87324	0.87396	0.999995	820	0	0.6171	0.10448	0.24565	0.862176	297	3	0.6171
SLITRK1	4	0.87343	0.8742	0.999995	821	0	0.36104	0.60135	0.74871	0.999995	717	2	0.36104
TRPC5	4	0.87383	0.87464	0.999995	822	0	0.58921	0.1855	0.36573	0.946973	408	3	0.58921
LRBA	4	0.87423	0.87502	0.999995	823	0	0.64367	0.096694	0.23319	0.856163	287	3	0.64367
CDK5R2	4	0.87581	0.87661	0.999995	824	0	0.24492	0.6548	0.78912	0.999995	757	2	0.24492
TXNDC8	4	0.8762	0.87699	0.999995	825	0	0.40615	0.43666	0.62987	0.999995	614	2	0.40615
PLD1	4	0.87815	0.87881	0.999995	826	0	0.4973	0.14987	0.31363	0.899612	369	2	0.4973
NBEAL1	4	0.87834	0.87898	0.999995	827	0	0.30593	0.59283	0.74285	0.999995	712	2	0.30593
ZDHHC13	4	0.88007	0.88049	0.999995	828	0	0.43687	0.22557	0.42065	0.981212	453	2	0.43687
FKBP9	4	0.88084	0.88129	0.999995	829	0	0.45049	0.29873	0.51506	0.999995	524	2	0.45049
CRYBB2	4	0.88122	0.88159	0.999995	830	0	0.83027	0.0066816	0.022555	0.519264	47	3	0.83027
CAP2	4	0.88235	0.88274	0.999995	831	0	0.40136	0.27748	0.48834	0.999995	506	3	0.40136
JUP	4	0.88254	0.88295	0.999995	832	0	0.78061	0.0052398	0.018058	0.49245	37	3	0.78061
DDI1	8	0.88275	0.8824	0.999995	833	0	0.55923	0.02239	0.097472	0.728474	110	5	0.55923
PXDN	4	0.88292	0.88335	0.999995	834	0	0.54058	0.011683	0.03829	0.555473	73	2	0.54058
EFNB1	4	0.88423	0.8844	0.999995	835	0	0.78167	0.0026306	0.0095971	0.423474	24	3	0.78167
NMT2	4	0.88478	0.88479	0.999995	836	0	0.23174	0.72147	0.83266	0.999995	797	1	0.23174
OSBPL6	4	0.88534	0.88533	0.999995	837	0	0.33018	0.29717	0.51294	0.999995	523	3	0.33018
DENND5B	4	0.88626	0.88622	0.999995	838	0	0.34786	0.093677	0.22801	0.850213	284	2	0.34786
FNIP1	4	0.88645	0.88639	0.999995	839	0	0.26593	0.79775	0.8591	0.999995	817	1	0.26593
COX6B2	4	0.88736	0.88745	0.999995	840	0	0.55269	0.13173	0.28732	0.892725	340	3	0.55269
ZAP70	4	0.88754	0.88761	0.999995	841	0	0.48761	0.11271	0.25825	0.872466	314	3	0.48761
KIT	8	0.88838	0.88791	0.999995	842	0	0.56461	0.0092159	0.047116	0.587012	56	6	0.56461
RNF103	4	0.88845	0.88844	0.999995	843	0	0.51845	0.16883	0.34113	0.931267	387	3	0.51845
TPBG	4	0.88863	0.8886	0.999995	844	0	1.1185	4.0255e-05	0.00011687	0.061881	2	3	1.1185
E2F4	4	0.88918	0.8892	0.999995	845	0	0.49205	0.20239	0.38848	0.966729	423	3	0.49205
NOX3	4	0.89043	0.89071	0.999995	846	0	0.45441	0.326	0.54964	0.999995	556	3	0.45441
IDH2	4	0.89079	0.89098	0.999995	847	0	0.30447	0.61896	0.76176	0.999995	731	2	0.30447
NCK2	4	0.8915	0.89176	0.999995	848	0	0.57127	0.031079	0.094611	0.726037	137	3	0.57127
GPSM2	4	0.89186	0.89212	0.999995	849	0	0.58658	0.0079555	0.026697	0.533439	53	3	0.58658
MBD4	8	0.89192	0.89172	0.999995	850	0	0.52462	0.11024	0.3227	0.910721	311	5	0.52462
CASP4	4	0.89239	0.89268	0.999995	851	0	0.75227	0.045449	0.13267	0.751337	186	3	0.75227
ABCC3	4	0.89274	0.89307	0.999995	852	0	0.37883	0.36373	0.57824	0.999995	580	2	0.37883
YAF2	4	0.89379	0.89412	0.999995	853	0	0.50105	0.26698	0.47538	0.999995	494	3	0.50105
ABCA3	4	0.89431	0.89466	0.999995	854	0	0.59914	0.050354	0.14492	0.767365	197	3	0.59914
IKBKB	4	0.89449	0.89481	0.999995	855	0	0.8746	0.019041	0.060056	0.629693	103	3	0.8746
BTBD11	4	0.8957	0.89595	0.999995	856	0	0.55341	0.12559	0.27833	0.886614	333	3	0.55341
RRAGD	4	0.89639	0.89651	0.999995	857	0	0.47384	0.23125	0.42847	0.985234	461	3	0.47384
TSPO2	4	0.8969	0.89711	0.999995	858	0	0.95246	0.0038126	0.013477	0.461993	30	3	0.95246
OSMR	4	0.89792	0.89826	0.999995	859	0	0.35013	0.30619	0.52466	0.999995	534	3	0.35013
FXR2	4	0.89826	0.89855	0.999995	860	0	0.61872	0.091569	0.22508	0.845253	282	3	0.61872
TTC7B	4	0.8986	0.89888	0.999995	861	0	0.50057	0.23156	0.42889	0.985234	462	3	0.50057
TOB1	4	0.8996	0.89992	0.999995	862	0	0.45863	0.21051	0.39995	0.976628	432	3	0.45863
ERN2	4	0.90011	0.90039	0.999995	863	0	0.69077	0.047577	0.13797	0.757067	192	3	0.69077
DNAJC15	4	0.90044	0.90069	0.999995	864	0	0.43783	0.26918	0.47796	0.999995	498	3	0.43783
FSD1L	4	0.90094	0.90117	0.999995	865	0	0.59188	0.080719	0.20752	0.805009	273	3	0.59188
GRM4	4	0.90226	0.90232	0.999995	866	0	0.53576	0.24908	0.4521	0.999535	480	3	0.53576
ZMIZ1	4	0.90356	0.90358	0.999995	867	0	0.71097	0.034833	0.10443	0.735198	147	3	0.71097
CAPN2	4	0.90373	0.9037	0.999995	868	0	0.30703	0.63928	0.77682	0.999995	748	2	0.30703
AKAP11	4	0.90421	0.90422	0.999995	869	0	0.32151	0.3118	0.53154	0.999995	541	3	0.32151
ZNF34	4	0.90534	0.90538	0.999995	870	0	0.39028	0.19696	0.38137	0.962152	418	3	0.39028
RALGPS1	4	0.90819	0.90835	0.999995	871	0	0.60421	0.138	0.2963	0.894158	351	3	0.60421
LBX1	4	0.90881	0.90889	0.999995	872	0	0.88354	0.0060879	0.02077	0.511513	42	3	0.88354
CBLL2	4	0.90928	0.90928	0.999995	873	0	0.56429	0.039304	0.11668	0.74913	160	3	0.56429
IQCA1L	4	0.91005	0.91011	0.999995	874	0	0.46054	0.17697	0.35306	0.937058	399	3	0.46054
RPRD1A	4	0.91051	0.91061	0.999995	875	0	0.40145	0.26562	0.4736	0.999995	493	2	0.40145
PACS1	4	0.91067	0.91072	0.999995	876	0	0.43577	0.20383	0.3908	0.966954	426	3	0.43577
USP13	4	0.91113	0.91128	0.999995	877	0	0.35599	0.55222	0.71288	0.999995	689	2	0.35599
ZNF423	4	0.91189	0.91201	0.999995	878	0	0.71739	0.061453	0.17225	0.767365	229	3	0.71739
GSDMD	4	0.91295	0.91312	0.999995	879	0	0.56155	0.13311	0.2893	0.893211	343	3	0.56155
TBPL2	4	0.91325	0.91335	0.999995	880	0	0.63028	0.017706	0.056138	0.617383	97	2	0.63028
PPP3R2	4	0.91355	0.91357	0.999995	881	0	0.66699	0.054593	0.15513	0.767365	207	3	0.66699
S100A6	4	0.914	0.91397	0.999995	882	0	0.39143	0.27781	0.48875	0.999995	507	3	0.39143
CCNT2	4	0.91459	0.91457	0.999995	883	0	0.48043	0.20644	0.3945	0.97109	429	3	0.48043
PDGFD	4	0.91503	0.91502	0.999995	884	0	0.61958	0.04314	0.12674	0.74913	175	3	0.61958
RAP1GAP	4	0.91548	0.91538	0.999995	885	0	0.49451	0.25984	0.46609	0.999995	489	3	0.49451
RC3H2	4	0.91577	0.91575	0.999995	886	0	0.59128	0.14196	0.30228	0.894158	355	3	0.59128
FLT1	4	0.91592	0.91583	0.999995	887	0	0.52317	0.064812	0.18	0.767365	242	3	0.52317
FOXE3	4	0.91708	0.91694	0.999995	888	0	0.48358	0.12381	0.27582	0.886198	329	3	0.48358
KIAA0319	4	0.91809	0.91797	0.999995	889	0	0.41237	0.40748	0.60857	0.999995	599	2	0.41237
GNB3	4	0.91881	0.91869	0.999995	890	0	0.53378	0.15028	0.31431	0.899612	370	3	0.53378
DZIP3	4	0.92023	0.92015	0.999995	891	0	0.39914	0.22844	0.42446	0.983589	458	2	0.39914
MAPK8IP3	4	0.92093	0.9208	0.999995	892	0	0.43298	0.21733	0.4093	0.979855	440	3	0.43298
FOXA1	4	0.92121	0.9211	0.999995	893	0	0.85984	0.0088568	0.029296	0.546961	55	3	0.85984
TIMP2	4	0.92218	0.92219	0.999995	894	0	0.42897	0.25786	0.46362	0.999995	486	3	0.42897
LSM14B	4	0.92315	0.92312	0.999995	895	0	0.37143	0.41248	0.612	0.999995	603	2	0.37143
DYNC1LI2	4	0.92424	0.92425	0.999995	896	0	0.56676	0.12854	0.28275	0.892725	336	3	0.56676
TAF1L	3	0.9243	0.92377	0.999995	897	0	0.44813	0.075699	0.17343	0.767365	265	3	0.44813
ENOX2	4	0.92437	0.92441	0.999995	898	0	0.47986	0.14227	0.30267	0.894158	356	3	0.47986
DYNLT1	4	0.92491	0.92499	0.999995	899	0	0.80548	0.010499	0.03441	0.546961	63	3	0.80548
ZFYVE19	4	0.92532	0.92536	0.999995	900	0	0.55838	0.12076	0.27076	0.886198	324	3	0.55838
RSPH1	4	0.92545	0.92556	0.999995	901	0	0.69804	0.027047	0.08356	0.725771	121	3	0.69804
SS18L1	4	0.92731	0.92723	0.999995	902	0	0.37765	0.32242	0.54505	0.999995	552	3	0.37765
ATP6V1C2	8	0.92842	0.92813	0.999995	903	0	0.045007	0.93522	0.97564	0.999995	907	1	0.045007
RC3H1	4	0.92874	0.92875	0.999995	904	0	0.35788	0.31039	0.52981	0.999995	539	3	0.35788
PHLDA3	4	0.929	0.929	0.999995	905	0	0.37129	0.31815	0.53972	0.999995	549	3	0.37129
DCAF4L2	4	0.92977	0.92977	0.999995	906	0	0.97283	0.0022977	0.0084659	0.423474	20	3	0.97283
NBEA	4	0.93104	0.93127	0.999995	907	0	0.40705	0.28387	0.4961	0.999995	512	3	0.40705
SHMT1	4	0.93142	0.93151	0.999995	908	0	0.43027	0.23993	0.43983	0.99525	469	3	0.43027
H2BFM	4	0.9323	0.93233	0.999995	909	0	0.65263	0.053078	0.15148	0.767365	203	4	0.65263
SLC32A1	4	0.93304	0.93317	0.999995	910	0	0.70437	0.066956	0.18466	0.767365	250	4	0.70437
ARID1B	4	0.93329	0.93336	0.999995	911	0	0.51119	0.066709	0.18405	0.767365	249	4	0.51119
TNKS	4	0.93366	0.93371	0.999995	912	0	0.40526	0.06634	0.18321	0.767365	248	4	0.40526
PCBD2	4	0.93378	0.93382	0.999995	913	0	0.7802	0.02992	0.09147	0.725771	131	4	0.7802
IL6R	4	0.9339	0.93397	0.999995	914	0	0.49403	0.066095	0.18258	0.767365	247	4	0.49403
TOP1MT	4	0.93403	0.93409	0.999995	915	0	0.51364	0.065973	0.18224	0.767365	246	4	0.51364
SAMD4A	4	0.93476	0.9349	0.999995	916	0	0.59829	0.065243	0.18084	0.767365	244	4	0.59829
ZNF185	4	0.93488	0.93502	0.999995	917	0	0.48114	0.065122	0.18064	0.767365	243	4	0.48114
SMARCA1	4	0.935	0.93511	0.999995	918	0	0.66399	0.058968	0.16642	0.767365	218	4	0.66399
FSD1	4	0.93524	0.93545	0.999995	919	0	0.38301	0.06476	0.1799	0.767365	241	4	0.38301
ZMIZ2	4	0.93536	0.93559	0.999995	920	0	0.33626	0.064639	0.17958	0.767365	240	4	0.33626
HEATR5B	4	0.93548	0.93569	0.999995	921	0	0.57681	0.064519	0.17932	0.767365	238	4	0.57681
OGDHL	4	0.93572	0.93587	0.999995	922	0	0.45007	0.064279	0.17876	0.767365	237	4	0.45007
TCF4	4	0.93596	0.93609	0.999995	923	0	0.63749	0.037481	0.11166	0.743726	157	4	0.63749
TBC1D1	4	0.9362	0.93625	0.999995	924	0	0.5602	0.063801	0.17773	0.767365	236	4	0.5602
TEX45	4	0.93656	0.93655	0.999995	925	0	0.40841	0.063444	0.17687	0.767365	233	4	0.40841
SYK	4	0.9375	0.93733	0.999995	926	0	0.6334	0.044758	0.13087	0.74913	184	4	0.6334
TMEM120B	4	0.93878	0.93856	0.999995	927	0	0.47569	0.061219	0.17166	0.767365	228	4	0.47569
SPDEF	4	0.93913	0.93901	0.999995	928	0	0.35574	0.060873	0.17091	0.767365	226	4	0.35574
SLC35F3	4	0.9397	0.93951	0.999995	929	0	0.534	0.0603	0.16942	0.767365	225	4	0.534
CAVIN1	4	0.93993	0.93979	0.999995	930	0	0.60742	0.060072	0.16893	0.767365	222	4	0.60742
UNC45B	4	0.94095	0.94075	0.999995	931	0	0.57969	0.059053	0.16664	0.767365	219	4	0.57969
ADARB2	4	0.94106	0.94085	0.999995	932	0	0.78306	0.032874	0.099295	0.728474	142	4	0.78306
TUBB2B	2	0.94275	0.94288	0.999995	933	0	0.68378	0.057247	0.10059	0.729655	215	2	0.68378
ZNRF4	4	0.94294	0.94271	0.999995	934	0	0.57763	0.057055	0.16156	0.767365	214	4	0.57763
HACD1	4	0.94371	0.94359	0.999995	935	0	0.49535	0.056292	0.15965	0.767365	211	4	0.49535
CSTF2	4	0.94414	0.94394	0.999995	936	0	0.89485	0.020488	0.064375	0.641135	106	4	0.89485
PTPN6	4	0.94564	0.94564	0.999995	937	0	0.60606	0.054364	0.15463	0.767365	205	4	0.60606
ELL2	4	0.9471	0.94713	0.999995	938	0	0.35907	0.0529	0.15103	0.767365	201	4	0.35907
LNX2	4	0.94803	0.9482	0.999995	939	0	0.4624	0.0098205	0.032297	0.546961	61	4	0.4624
TRPC7	4	0.94843	0.94858	0.999995	940	0	1.0035	0.013166	0.042685	0.583093	77	4	1.0035
RCBTB1	4	0.94914	0.94928	0.999995	941	0	0.62449	0.050859	0.14609	0.767365	198	4	0.62449
MECP2	4	0.94984	0.95014	0.999995	942	0	0.70906	0.028323	0.087141	0.725771	123	4	0.70906
CYP7A1	4	0.95024	0.95055	0.999995	943	0	0.7206	0.049762	0.14348	0.767365	195	4	0.7206
RP1	4	0.95034	0.9507	0.999995	944	0	0.62859	0.049663	0.14321	0.767365	194	4	0.62859
ZDHHC17	4	0.95053	0.95088	0.999995	945	0	0.913	0.0062607	0.021256	0.511589	43	4	0.913
IPO8	4	0.95209	0.95248	0.999995	946	0	0.78707	0.04089	0.12086	0.74913	166	4	0.78707
ANKRD37	4	0.95295	0.9535	0.999995	947	0	0.47039	0.04705	0.13696	0.75544	191	4	0.47039
PRDM16	4	0.95323	0.95384	0.999995	948	0	0.52766	0.046766	0.13618	0.755041	190	4	0.52766
NR5A2	4	0.95333	0.95392	0.999995	949	0	0.70859	0.046672	0.13597	0.755041	189	4	0.70859
FKBP10	4	0.95342	0.95399	0.999995	950	0	0.46501	0.046577	0.13573	0.755041	188	4	0.46501
CDK19	8	0.95365	0.95384	0.999995	951	0	0.44111	0.11271	0.32808	0.914464	315	6	0.44111
MPC1L	4	0.95473	0.95526	0.999995	952	0	0.91355	0.0033181	0.011841	0.461993	26	4	0.91355
IDH3B	4	0.95546	0.95602	0.999995	953	0	0.68123	0.044541	0.13039	0.74913	183	4	0.68123
CCNT1	4	0.956	0.95664	0.999995	954	0	0.456	0.043998	0.12901	0.74913	181	4	0.456
WAS	4	0.95627	0.95689	0.999995	955	0	0.46558	0.043728	0.12836	0.74913	178	4	0.46558
SERPINA9	4	0.95636	0.95699	0.999995	956	0	0.65082	0.043638	0.12814	0.74913	177	4	0.65082
SOHLH1	4	0.95725	0.95785	0.999995	957	0	0.75962	0.029203	0.089581	0.725771	127	4	0.75962
RING1	4	0.95743	0.95804	0.999995	958	0	0.50098	0.042572	0.12528	0.74913	173	4	0.50098
RPL3L	4	0.95787	0.95837	0.999995	959	0	0.46244	0.042134	0.12403	0.74913	171	4	0.46244
TRPM1	4	0.95873	0.95916	0.999995	960	0	0.61422	0.041268	0.12177	0.74913	169	4	0.61422
CD163L1	4	0.95925	0.95972	0.999995	961	0	0.63366	0.040754	0.12046	0.74913	165	4	0.63366
PLAU	4	0.95933	0.95983	0.999995	962	0	0.57694	0.040669	0.12023	0.74913	164	4	0.57694
RRAGC	4	0.9595	0.96	0.999995	963	0	0.85539	0.013396	0.043498	0.583093	82	4	0.85539
SNTA1	4	0.95975	0.96027	0.999995	964	0	0.73354	0.002037	0.0075403	0.423474	16	4	0.73354
MEP1B	4	0.95992	0.96047	0.999995	965	0	0.61399	0.040078	0.11866	0.74913	162	4	0.61399
NKAPL	4	0.96001	0.96057	0.999995	966	0	0.64941	0.039994	0.11841	0.74913	161	4	0.64941
SERPINA12	8	0.96078	0.96074	0.999995	967	0	0.69765	0.019678	0.087608	0.725771	104	6	0.69765
NAT8L	4	0.96084	0.96147	0.999995	968	0	0.54958	0.039161	0.11639	0.74913	159	4	0.54958
PRSS37	4	0.96125	0.96183	0.999995	969	0	0.6594	0.0023448	0.0085968	0.423474	21	4	0.6594
CNOT8	3	0.96136	0.96101	0.999995	970	0	0.77812	0.038637	0.093891	0.725771	158	3	0.77812
TGFBR2	4	0.9631	0.96351	0.999995	971	0	0.43036	0.036897	0.11003	0.737467	156	4	0.43036
YBX3	4	0.96318	0.96362	0.999995	972	0	0.66707	0.036818	0.1098	0.737467	155	4	0.66707
SNX2	4	0.96373	0.96413	0.999995	973	0	0.53714	0.036269	0.10829	0.737467	152	4	0.53714
LATS1	4	0.96435	0.9648	0.999995	974	0	0.56336	0.035649	0.10651	0.7373	150	4	0.56336
SMARCA2	4	0.96496	0.96534	0.999995	975	0	0.47705	0.035037	0.10483	0.735198	149	4	0.47705
KCNMB3	4	0.96504	0.96541	0.999995	976	0	0.67246	0.034961	0.10468	0.735198	148	4	0.67246
ERBB3	8	0.96518	0.96489	0.999995	977	0	0.56598	0.01336	0.063403	0.641135	81	6	0.56598
BECN2	4	0.96719	0.96752	0.999995	978	0	0.48759	0.032811	0.099117	0.728474	141	4	0.48759
SLC17A2	4	0.96748	0.96784	0.999995	979	0	0.61103	0.032523	0.098388	0.728474	140	4	0.61103
CCNL2	4	0.96784	0.96827	0.999995	980	0	0.63255	0.032165	0.097547	0.728474	139	4	0.63255
SEC14L3	4	0.96938	0.96958	0.999995	981	0	0.80907	0.030625	0.09333	0.725771	135	4	0.80907
PPP3CC	4	0.96951	0.96968	0.999995	982	0	0.47436	0.030487	0.092975	0.725771	134	4	0.47436
SLC9A3R2	4	0.96972	0.96988	0.999995	983	0	0.4804	0.030283	0.092395	0.725771	132	4	0.4804
UBQLN3	4	0.97053	0.97069	0.999995	984	0	0.53562	0.029473	0.090264	0.725771	129	4	0.53562
DEGS1	4	0.97073	0.97088	0.999995	985	0	0.43938	0.029273	0.08974	0.725771	128	4	0.43938
DLL4	4	0.97099	0.9712	0.999995	986	0	0.57664	0.029008	0.08902	0.725771	126	4	0.57664
SEC23B	4	0.97125	0.97141	0.999995	987	0	0.58218	0.028745	0.088394	0.725771	125	4	0.58218
CLCA1	4	0.97139	0.9715	0.999995	988	0	0.93607	0.014402	0.046424	0.585278	87	4	0.93607
AMELX	4	0.97145	0.97155	0.999995	989	0	0.84537	0.01818	0.057541	0.621733	100	4	0.84537
LRFN1	4	0.97158	0.97169	0.999995	990	0	0.64727	0.028419	0.08744	0.725771	124	4	0.64727
TSTD1	4	0.97178	0.97188	0.999995	991	0	0.61275	0.028225	0.086795	0.725771	122	4	0.61275
DLL1	4	0.97348	0.97356	0.999995	992	0	0.63031	0.026519	0.082092	0.725771	120	4	0.63031
LMBR1L	4	0.97367	0.97373	0.999995	993	0	0.56027	0.026335	0.081541	0.725771	118	4	0.56027
TREML4	3	0.97521	0.97481	0.999995	994	0	0.69108	0.024794	0.062468	0.641135	117	3	0.69108
GOLPH3	4	0.97626	0.97629	0.999995	995	0	0.64186	0.023737	0.074052	0.687902	115	4	0.64186
ARHGEF3	4	0.97671	0.97676	0.999995	996	0	0.76178	0.01854	0.058709	0.621733	102	4	0.76178
S1PR4	4	0.97721	0.9773	0.999995	997	0	0.57323	0.022786	0.071387	0.675168	112	4	0.57323
FRS3	4	0.97765	0.97774	0.999995	998	0	1.0542	0.00051862	0.0021176	0.320368	7	4	1.0542
RNF113B	4	0.97776	0.97784	0.999995	999	0	0.56371	0.022241	0.069601	0.675168	109	4	0.56371
KRTAP10-10	4	0.97918	0.97923	0.999995	1000	0	0.69784	0.020816	0.065385	0.641135	108	4	0.69784
SATB1	4	0.97924	0.97928	0.999995	1001	0	0.50342	0.020765	0.065179	0.641135	107	4	0.50342
PAX4	4	0.97954	0.97953	0.999995	1002	0	0.6194	0.020459	0.06431	0.641135	105	4	0.6194
LOR	4	0.9815	0.98144	0.999995	1003	0	0.61039	0.018502	0.058597	0.621733	101	4	0.61039
BTG1	4	0.98196	0.98187	0.999995	1004	0	0.75068	0.0041075	0.014421	0.471197	32	4	0.75068
UMPS	4	0.98215	0.98204	0.999995	1005	0	0.72065	0.017851	0.05655	0.617383	99	4	0.72065
RRM2B	8	0.98235	0.98251	0.999995	1006	0	0.64461	0.0065524	0.035214	0.546961	45	6	0.64461
TNKS2	4	0.98256	0.98248	0.999995	1007	0	0.63147	0.017442	0.055512	0.617383	95	4	0.63147
FAM50B	4	0.98335	0.98329	0.999995	1008	0	0.77091	0.016645	0.05324	0.617383	93	4	0.77091
DYNLRB2	4	0.98344	0.98342	0.999995	1009	0	0.63081	0.016558	0.053034	0.617383	92	4	0.63081
GSX2	4	0.98366	0.98374	0.999995	1010	0	0.61698	0.016343	0.052511	0.617383	91	4	0.61698
RBMXL2	4	0.98396	0.98414	0.999995	1011	0	0.70435	0.016044	0.05152	0.617383	90	4	0.70435
DCAF8L1	4	0.98442	0.98465	0.999995	1012	0	0.99082	0.0096281	0.031615	0.546961	59	4	0.99082
LIN28B	4	0.98483	0.98506	0.999995	1013	0	0.57395	0.015174	0.048836	0.594458	89	4	0.57395
HUS1B	4	0.98511	0.98537	0.999995	1014	0	0.60038	0.014892	0.047967	0.590663	88	4	0.60038
AQP8	4	0.98558	0.98582	0.999995	1015	0	1.0821	0.0024194	0.0089614	0.423474	22	4	1.0821
ADAM19	4	0.98562	0.98584	0.999995	1016	0	0.63227	0.014378	0.046387	0.585278	86	4	0.63227
IDH3G	4	0.98582	0.98601	0.999995	1017	0	0.89129	0.010835	0.035514	0.546961	66	4	0.89129
GBX1	4	0.98589	0.98607	0.999995	1018	0	0.9138	0.014107	0.045489	0.585278	85	4	0.9138
SMAP1	4	0.98616	0.98627	0.999995	1019	0	0.73114	0.01384	0.044854	0.585278	84	4	0.73114
SCN10A	4	0.98642	0.98654	0.999995	1020	0	0.6464	0.013577	0.04405	0.583106	83	4	0.6464
CELA2A	4	0.98665	0.98676	0.999995	1021	0	0.79206	0.013355	0.043302	0.583093	80	4	0.79206
NBEAL2	4	0.9869	0.98697	0.999995	1022	0	0.71014	0.013098	0.042488	0.583093	76	4	0.71014
ERC1	4	0.98761	0.98769	0.999995	1023	0	0.62095	0.012386	0.040413	0.578338	74	4	0.62095
DYNLT3	4	0.98816	0.98822	0.999995	1024	0	0.90229	0.0057415	0.019751	0.500589	40	4	0.90229
MARCKS	4	0.98869	0.98874	0.999995	1025	0	0.75908	0.011308	0.037187	0.546961	72	4	0.75908
PDX1	4	0.98889	0.98893	0.999995	1026	0	0.65101	0.011114	0.036542	0.546961	70	4	0.65101
HMGCLL1	4	0.98901	0.98901	0.999995	1027	0	0.68933	0.010986	0.036028	0.546961	69	4	0.68933
SLC22A13	4	0.98911	0.98906	0.999995	1028	0	0.67308	0.010891	0.035691	0.546961	68	4	0.67308
PAPSS2	4	0.99015	0.9902	0.999995	1029	0	0.97445	0.009854	0.032382	0.546961	62	4	0.97445
HPS1	4	0.99044	0.99041	0.999995	1030	0	0.83595	0.0095636	0.031419	0.546961	58	4	0.83595
MYD88	4	0.99072	0.99063	0.999995	1031	0	0.6794	0.0092798	0.030558	0.546961	57	4	0.6794
TBC1D9	4	0.99132	0.99126	0.999995	1032	0	0.80579	0.0086775	0.028819	0.546961	54	4	0.80579
KLK12	4	0.99217	0.9921	0.999995	1033	0	0.87173	0.0078297	0.026202	0.533439	52	4	0.87173
CTPS2	4	0.99229	0.9922	0.999995	1034	0	0.96228	0.0010003	0.0037351	0.395545	10	4	0.96228
HTR3D	4	0.99232	0.99221	0.999995	1035	0	0.78382	0.0076825	0.025659	0.532809	51	4	0.78382
SIRPA	3	0.99342	0.99339	0.999995	1036	0	0.94295	0.006581	0.017722	0.49245	46	3	0.94295
RCBTB2	4	0.99349	0.99338	0.999995	1037	0	0.81866	0.0065135	0.022013	0.518042	44	4	0.81866
CHSY1	4	0.99423	0.99426	0.999995	1038	0	0.91019	0.0057725	0.019853	0.500589	41	4	0.91019
PCDH1	4	0.99465	0.99468	0.999995	1039	0	0.82907	0.005352	0.018479	0.49245	38	4	0.82907
NSG1	4	0.99524	0.99528	0.999995	1040	0	0.59477	0.0047649	0.016544	0.49245	34	4	0.59477
SBF1	4	0.99618	0.99612	0.999995	1041	0	0.79244	0.0038226	0.013524	0.461993	31	4	0.79244
COPZ2	4	0.99636	0.99641	0.999995	1042	0	0.82825	0.0036384	0.012954	0.461993	29	4	0.82825
RUNX1	4	0.99639	0.99643	0.999995	1043	0	0.6852	0.0036107	0.012879	0.461993	28	4	0.6852
TGM6	4	0.99643	0.99648	0.999995	1044	0	0.87066	0.0035694	0.01272	0.461993	27	4	0.87066
CAB39	4	0.99651	0.99659	0.999995	1045	0	1.1207	0.00023015	0.00097701	0.258663	4	4	1.1207
UBASH3B	4	0.99747	0.99749	0.999995	1046	0	0.72479	0.0025286	0.0092606	0.423474	23	4	0.72479
ZNF146	4	0.99777	0.99783	0.999995	1047	0	0.9911	0.0022257	0.0081854	0.423474	19	4	0.9911
SUV39H1	4	0.99778	0.99783	0.999995	1048	0	0.90401	0.0022161	0.0081667	0.423474	18	4	0.90401
KRT38	4	0.99801	0.99811	0.999995	1049	0	0.766	0.0019859	0.0074	0.423474	15	4	0.766
FRYL	4	0.99816	0.99826	0.999995	1050	0	0.97938	0.00184	0.0069326	0.423474	14	4	0.97938
TMEM185B	4	0.99818	0.99828	0.999995	1051	0	0.78347	0.0018234	0.0068952	0.423474	13	4	0.78347
TIRAP	4	0.99861	0.99871	0.999995	1052	0	0.91634	0.0013883	0.0053058	0.423474	12	4	0.91634
GIT1	4	0.99882	0.99895	0.999995	1053	0	0.7298	0.0011846	0.0044924	0.423474	11	4	0.7298
GPR50	4	0.99901	0.99918	0.999995	1054	0	0.96258	0.00098831	0.003707	0.395545	9	4	0.96258
TCF3	4	0.99921	0.99931	0.999995	1055	0	0.84684	0.00078619	0.0029965	0.395545	8	4	0.84684
FZD8	4	0.99951	0.99954	0.999995	1056	0	0.8372	0.00049168	0.0019774	0.320368	6	4	0.8372
KRTAP1-1	4	0.99959	0.99959	0.999995	1057	0	1.1276	0.00041047	0.0016782	0.320368	5	4	1.1276
RTP1	4	0.99995	0.99998	0.999995	1058	0	1.1737	5.2382e-05	0.00018231	0.064356	3	4	1.1737
TP53	4	1.0	1.0	0.999995	1059	0	1.8118	1.5722e-07	4.6747e-06	0.00495	1	4	1.8118
