id	num	neg|score	neg|p-value	neg|fdr	neg|rank	neg|goodsgrna	neg|lfc	pos|score	pos|p-value	pos|fdr	pos|rank	pos|goodsgrna	pos|lfc
RRM1	8	1.2871e-09	4.6703e-06	0.001238	1	8	-1.4219	1.0	1.0	0.999995	1060	0	-1.4219
MYC	8	3.9929e-09	4.6703e-06	0.001238	2	8	-0.94653	1.0	1.0	0.999995	1059	0	-0.94653
NAE1	8	1.002e-07	4.6703e-06	0.001238	3	7	-0.66732	0.97551	0.9758	0.999995	944	0	-0.66732
BUB3	4	1.1034e-06	4.6703e-06	0.001238	4	4	-1.5314	1.0	1.0	0.999995	1058	0	-1.5314
KIF11	4	4.3084e-06	1.4011e-05	0.00297	5	4	-1.295	1.0	1.0	0.999995	1057	0	-1.295
RPP21	4	1.115e-05	4.2033e-05	0.006474	6	4	-1.3295	0.99999	0.99999	0.999995	1055	0	-1.3295
RRM2	4	1.3463e-05	5.1373e-05	0.006474	7	2	-0.80144	0.47387	0.47184	0.723811	58	0	-0.80144
SF3B3	4	1.5614e-05	6.0714e-05	0.006474	8	4	-1.2932	0.99998	0.99999	0.999995	1054	0	-1.2932
CKAP5	8	1.7047e-05	7.0054e-05	0.006474	9	6	-0.8071	0.99991	0.99992	0.999995	1045	0	-0.8071
CDK7	4	2.1591e-05	7.0054e-05	0.006474	10	4	-1.164	0.99998	0.99998	0.999995	1053	0	-1.164
RPL36	4	2.2784e-05	7.0054e-05	0.006474	11	4	-0.99036	0.99998	0.99998	0.999995	1052	0	-0.99036
MTG2	4	2.7005e-05	7.9395e-05	0.006474	12	4	-0.82324	0.99997	0.99998	0.999995	1051	0	-0.82324
ALDOA	4	3.1013e-05	7.9395e-05	0.006474	13	4	-1.1728	0.99997	0.99997	0.999995	1050	0	-1.1728
POLR2L	4	3.4611e-05	9.8076e-05	0.007426	14	4	-1.4378	0.99997	0.99997	0.999995	1049	0	-1.4378
TOMM40	7	4.2742e-05	0.00024752	0.014576	15	6	-0.68298	0.67498	0.67659	0.999995	696	0	-0.68298
ATP5F1A	4	5.9982e-05	0.00015412	0.010891	16	4	-0.81986	0.99994	0.99994	0.999995	1048	0	-0.81986
INTS6	3	7.2188e-05	0.00021016	0.013687	17	3	-1.4699	0.99993	0.99992	0.999995	1047	0	-1.4699
COPA	4	7.2247e-05	0.0002195	0.013687	18	4	-1.551	0.99988	0.99987	0.999995	1040	0	-1.551
PRPF8	4	8.4397e-05	0.00028489	0.015894	19	4	-1.196	0.99992	0.99991	0.999995	1046	0	-1.196
TOP2A	4	9.8167e-05	0.00037829	0.019127	20	4	-1.1283	0.9999	0.9999	0.999995	1044	0	-1.1283
VMP1	4	0.0001028	0.00038763	0.019127	21	4	-0.94118	0.9999	0.9999	0.999995	1043	0	-0.94118
PPP4C	4	0.00010565	0.00039697	0.019127	22	4	-0.91892	0.99989	0.99989	0.999995	1042	0	-0.91892
SF3B1	4	0.00011356	0.000425	0.019587	23	4	-0.86703	0.99989	0.99989	0.999995	1041	0	-0.86703
SF3A1	4	0.00013858	0.00059313	0.025149	24	3	-1.1949	0.97365	0.97395	0.999995	941	0	-1.1949
CCND1	4	0.00013995	0.00059313	0.025149	25	4	-0.75928	0.99986	0.99986	0.999995	1039	0	-0.75928
STT3B	4	0.00015475	0.00063983	0.026085	26	4	-0.69814	0.99985	0.99986	0.999995	1038	0	-0.69814
AKIRIN2	4	0.00017208	0.00076126	0.029532	27	4	-0.65659	0.99983	0.99986	0.999995	1037	0	-0.65659
NAA10	4	0.00017966	0.00079862	0.029532	28	3	-1.0002	0.9996	0.99961	0.999995	1028	0	-1.0002
CTR9	4	0.00018055	0.00080796	0.029532	29	4	-0.82119	0.99982	0.99984	0.999995	1036	0	-0.82119
ATP6V1C1	4	0.00020466	0.00090136	0.031848	30	4	-0.71972	0.9998	0.99981	0.999995	1035	0	-0.71972
RPS19	4	0.00023811	0.0010041	0.034334	31	4	-0.89221	0.99976	0.99978	0.999995	1034	0	-0.89221
TOMM22	4	0.00025444	0.0011162	0.036974	32	4	-0.84085	0.99975	0.99976	0.999995	1033	0	-0.84085
ATP5F1B	4	0.00028958	0.0012563	0.0384	33	4	-0.70486	0.99971	0.99973	0.999995	1032	0	-0.70486
CPSF3	4	0.00031496	0.0013217	0.0384	34	4	-1.0452	0.99969	0.99972	0.999995	1031	0	-1.0452
MED20	4	0.00031714	0.0013217	0.0384	35	4	-0.76645	0.99968	0.99972	0.999995	1030	0	-0.76645
NAA15	4	0.00032825	0.0013404	0.0384	36	4	-1.1514	0.99967	0.99971	0.999995	1029	0	-1.1514
SNRPD3	4	0.00032826	0.0013404	0.0384	37	3	-1.1299	0.47387	0.47184	0.723811	289	0	-1.1299
CDIPT	4	0.00046767	0.0018354	0.051199	38	3	-0.90298	0.47387	0.47184	0.723811	507	0	-0.90298
ILF3	4	0.00063076	0.0023211	0.063087	39	3	-0.95963	0.86318	0.86334	0.999995	829	0	-0.95963
RPL3	7	0.00083062	0.0036662	0.084262	40	4	-0.72724	0.67498	0.67659	0.999995	697	0	-0.72724
CHORDC1	3	0.00097257	0.0027975	0.074134	41	3	-1.2499	0.99903	0.99897	0.999995	1011	0	-1.2499
SBNO1	4	0.0010095	0.0034513	0.084262	42	3	-0.86764	0.92461	0.92403	0.999995	895	0	-0.86764
CLTC	4	0.001075	0.0036568	0.084262	43	3	-0.85666	0.99952	0.99956	0.999995	1024	0	-0.85666
MED18	8	0.0010828	0.0046376	0.092079	44	5	-0.60467	0.72319	0.7228	0.999995	703	0	-0.60467
RIC8A	4	0.0011202	0.0037876	0.084262	45	3	-0.84173	0.99943	0.99946	0.999995	1020	0	-0.84173
CLNS1A	3	0.0011449	0.0033019	0.084262	46	3	-0.82778	0.99886	0.99876	0.999995	1010	0	-0.82778
TNPO1	3	0.0012066	0.0034887	0.084262	47	3	-0.87682	0.99879	0.99867	0.999995	1009	0	-0.87682
HMGCS1	3	0.0012949	0.0037035	0.084262	48	3	-1.2855	0.99871	0.99857	0.999995	1007	0	-1.2855
PSMB3	3	0.0013365	0.0038156	0.084262	49	3	-1.6162	0.99866	0.99855	0.999995	1006	0	-1.6162
ACTL6A	4	0.0013832	0.0045442	0.092079	50	2	-1.1936	0.47387	0.47184	0.723811	467	0	-1.1936
NDUFB4	4	0.0014443	0.0046749	0.092079	51	3	-0.71785	0.75831	0.75839	0.999995	725	0	-0.71785
POLR2B	4	0.0014579	0.0047123	0.092079	52	3	-1.1058	0.47387	0.47184	0.723811	158	0	-1.1058
DYNLRB1	3	0.0014753	0.0041706	0.09022	53	3	-0.94406	0.99852	0.99839	0.999995	1004	0	-0.94406
ATP6V1B2	4	0.0014852	0.0047777	0.092079	54	3	-0.8852	0.99353	0.99382	0.999995	984	0	-0.8852
RPL13	3	0.0016816	0.004731	0.092079	55	3	-0.86399	0.99832	0.99816	0.999995	1001	0	-0.86399
RPS11	3	0.0019062	0.0052821	0.099982	56	3	-1.1925	0.99809	0.99801	0.999995	1000	0	-1.1925
HSCB	4	0.0019202	0.0058986	0.109693	57	3	-0.92431	0.47387	0.47184	0.723811	562	0	-0.92431
PAF1	4	0.0023187	0.006954	0.122139	58	3	-0.60738	0.99915	0.99929	0.999995	1013	0	-0.60738
LONP1	4	0.0023372	0.0070288	0.122139	59	3	-0.75753	0.47387	0.47184	0.723811	577	0	-0.75753
ACACA	4	0.0024119	0.0071595	0.122405	60	3	-0.95286	0.99937	0.99944	0.999995	1017	0	-0.95286
E2F3	3	0.0024202	0.0066925	0.121581	61	2	-0.42334	0.98523	0.98523	0.999995	961	0	-0.42334
CCT6A	3	0.0024638	0.0067672	0.121581	62	3	-0.83953	0.99754	0.99746	0.999995	998	0	-0.83953
RAN	4	0.0026055	0.00772	0.129892	63	3	-0.85404	0.80855	0.80894	0.999995	769	0	-0.85404
TRAPPC3	4	0.0028718	0.0082897	0.137299	64	3	-0.62415	0.99467	0.99496	0.999995	989	0	-0.62415
TOP1	4	0.0030005	0.0086167	0.140518	65	3	-0.84067	0.99957	0.99959	0.999995	1026	0	-0.84067
VCP	4	0.0031105	0.0088875	0.142739	66	3	-0.73702	0.88315	0.88322	0.999995	851	0	-0.73702
BUB1B	4	0.0031875	0.0091397	0.144599	67	2	-0.78151	0.99552	0.99569	0.999995	994	0	-0.78151
MRPL41	4	0.0033151	0.0094947	0.146865	68	3	-0.8589	0.99735	0.99741	0.999995	997	0	-0.8589
PSMC3	4	0.0033384	0.0095601	0.146865	69	3	-0.88433	0.91357	0.91241	0.999995	883	0	-0.88433
PRPF38A	4	0.0035041	0.0099337	0.148309	70	3	-0.704	0.47387	0.47184	0.723811	27	0	-0.704
WDR12	4	0.0035525	0.010074	0.148309	71	3	-0.81516	0.99957	0.99959	0.999995	1027	0	-0.81516
ZNF407	4	0.0036257	0.010298	0.149532	72	3	-0.85729	0.99952	0.99955	0.999995	1023	0	-0.85729
RPL10A	4	0.0039546	0.011055	0.156238	73	3	-0.84848	0.47387	0.47184	0.723811	90	0	-0.84848
RPL8	4	0.004086	0.011372	0.157194	74	3	-0.87445	0.9691	0.96936	0.999995	936	0	-0.87445
RPL14	3	0.0041102	0.009971	0.148309	75	2	-1.5039	0.9463	0.94576	0.999995	914	0	-1.5039
SMC1A	4	0.0041127	0.011419	0.157194	76	3	-0.86396	0.9994	0.99944	0.999995	1019	0	-0.86396
BAP1	4	0.0043297	0.011979	0.161324	77	3	-0.44936	0.97863	0.97885	0.999995	950	0	-0.44936
RNF113A	4	0.0043573	0.012045	0.161324	78	3	-0.58538	0.47387	0.47184	0.723811	93	0	-0.58538
FDPS	4	0.0043936	0.012175	0.161324	79	2	-0.6476	0.47387	0.47184	0.723811	640	0	-0.6476
NKAP	4	0.0044972	0.012474	0.163244	80	3	-0.69554	0.99935	0.99943	0.999995	1015	0	-0.69554
DHX9	3	0.0046773	0.010774	0.154335	81	2	-1.0064	0.99514	0.99499	0.999995	992	0	-1.0064
TIMM10	4	0.0046978	0.013053	0.166706	82	3	-0.7035	0.99956	0.99958	0.999995	1025	0	-0.7035
INTS2	4	0.0048446	0.01338	0.168847	83	3	-0.58556	0.9896	0.99008	0.999995	973	0	-0.58556
XAB2	4	0.0053027	0.014595	0.179887	84	3	-0.69185	0.99481	0.99504	0.999995	991	0	-0.69185
TUFM	3	0.005682	0.01267	0.163789	85	2	-0.81242	0.96246	0.96191	0.999995	931	0	-0.81242
COX6B1	8	0.0057815	0.019863	0.217056	86	4	-0.45603	0.72319	0.7228	0.999995	708	0	-0.45603
POLR2A	4	0.0057842	0.015828	0.192842	87	2	-0.88975	0.88805	0.88802	0.999995	854	0	-0.88975
EIF3B	4	0.006092	0.016668	0.194415	88	3	-0.83778	0.99939	0.99944	0.999995	1018	0	-0.83778
MRPL38	4	0.0061957	0.016874	0.194415	89	3	-0.67685	0.99441	0.99466	0.999995	988	0	-0.67685
FZR1	4	0.0066216	0.017976	0.203655	90	3	-0.4126	0.99365	0.99398	0.999995	985	0	-0.4126
CCNL1	4	0.0066579	0.01806	0.203655	91	3	-0.63116	0.99212	0.9925	0.999995	979	0	-0.63116
TUBB	3	0.0067174	0.014249	0.177694	92	2	-1.2343	0.99017	0.99023	0.999995	974	0	-1.2343
SOD1	4	0.0068121	0.018452	0.205703	93	2	-0.76436	0.47387	0.47184	0.723811	284	0	-0.76436
EIF4A3	4	0.0068785	0.01863	0.205703	94	3	-0.96834	0.47387	0.47184	0.723811	408	0	-0.96834
COX4I1	4	0.0076874	0.020591	0.219733	95	3	-0.64724	0.99542	0.99561	0.999995	993	0	-0.64724
TRRAP	4	0.0077273	0.020713	0.219733	96	3	-0.78906	0.99865	0.99877	0.999995	1005	0	-0.78906
GTF3C1	4	0.0077674	0.020806	0.219733	97	3	-0.44491	0.99224	0.99264	0.999995	981	0	-0.44491
SF3B5	4	0.0078244	0.020937	0.219733	98	2	-0.67367	0.95101	0.95059	0.999995	918	0	-0.67367
RBBP4	3	0.0079733	0.016472	0.194415	99	2	-1.134	0.38224	0.38045	0.723811	16	0	-1.134
ISCA2	4	0.008259	0.022142	0.230101	100	3	-0.62921	0.99951	0.99955	0.999995	1022	0	-0.62921
RPL18A	2	0.0082816	0.016201	0.194415	101	2	-1.0229	0.99172	0.99136	0.999995	977	0	-1.0229
PRKDC	8	0.0083423	0.027447	0.271907	102	4	-0.30914	0.72319	0.7228	0.999995	707	0	-0.30914
RPS23	2	0.0085781	0.016734	0.194415	103	2	-1.0231	0.99142	0.99116	0.999995	975	0	-1.0231
RPS5	4	0.0086021	0.022992	0.236614	104	3	-0.71617	0.93876	0.93804	0.999995	905	0	-0.71617
UQCRC1	4	0.0093007	0.024785	0.252618	105	3	-0.4175	0.99935	0.99943	0.999995	1016	0	-0.4175
RPL19	4	0.013312	0.031408	0.30826	106	2	-0.52181	0.47387	0.47184	0.723811	63	0	-0.52181
RPS3	3	0.013394	0.025729	0.258593	107	2	-0.98907	0.38224	0.38045	0.723811	9	0	-0.98907
AFG3L2	3	0.013483	0.025859	0.258593	108	2	-1.1516	0.72603	0.72706	0.999995	723	0	-1.1516
TACC3	4	0.013863	0.03237	0.314788	109	2	-0.63564	0.9193	0.91842	0.999995	891	0	-0.63564
RFC2	4	0.014746	0.033537	0.323177	110	2	-0.49934	0.80451	0.80461	0.999995	762	0	-0.49934
RBM22	4	0.017872	0.038217	0.361696	111	2	-0.45665	0.98133	0.98172	0.999995	955	0	-0.45665
RPS8	3	0.018658	0.03478	0.332129	112	2	-0.71847	0.85952	0.85968	0.999995	822	0	-0.71847
ATP5F1D	4	0.01881	0.039721	0.37246	113	2	-0.43356	0.47387	0.47184	0.723811	515	0	-0.43356
HUS1	4	0.019097	0.040057	0.37246	114	2	-0.50659	0.99834	0.99842	0.999995	1003	0	-0.50659
CAND1	4	0.019677	0.041131	0.375939	115	2	-0.53661	0.98277	0.98301	0.999995	957	0	-0.53661
SFPQ	4	0.019691	0.04114	0.375939	116	2	-0.45765	0.98466	0.98493	0.999995	960	0	-0.45765
MED26	4	0.020561	0.042551	0.383999	117	2	-0.57247	0.79059	0.79099	0.999995	751	0	-0.57247
HNRNPK	4	0.020711	0.042747	0.383999	118	2	-0.80908	0.98665	0.98701	0.999995	967	0	-0.80908
CDS2	4	0.021161	0.043597	0.388343	119	2	-0.69851	0.47387	0.47184	0.723811	500	0	-0.69851
GAPDH	4	0.023163	0.046857	0.410482	120	2	-0.56485	0.99778	0.99784	0.999995	999	0	-0.56485
TBP	4	0.026039	0.05134	0.446072	121	2	-0.44523	0.47387	0.47184	0.723811	324	0	-0.44523
ATP6V1D	4	0.026569	0.05233	0.450978	122	2	-0.67434	0.47387	0.47184	0.723811	518	0	-0.67434
NCBP2	4	0.026944	0.052797	0.451333	123	1	-0.20559	0.47387	0.47184	0.723811	134	0	-0.20559
SNRPB	4	0.02758	0.053806	0.456277	124	2	-0.49211	0.47387	0.47184	0.723811	287	0	-0.49211
PMPCB	4	0.031072	0.059186	0.497193	125	2	-0.53535	0.47387	0.47184	0.723811	144	0	-0.53535
RPL37A	2	0.032261	0.046735	0.410482	126	1	-0.87839	0.27465	0.2742	0.723811	2	0	-0.87839
COPZ1	4	0.032356	0.061251	0.507232	127	1	-0.40596	0.94725	0.94667	0.999995	915	0	-0.40596
FANCM	4	0.033071	0.062297	0.509145	128	2	-0.50325	0.9916	0.99201	0.999995	976	0	-0.50325
MED23	4	0.033255	0.062596	0.509145	129	2	-0.65816	0.91775	0.91684	0.999995	889	0	-0.65816
RPL5	4	0.03344	0.062923	0.509145	130	2	-0.67349	0.94382	0.94308	0.999995	912	0	-0.67349
RPL11	3	0.033862	0.059569	0.497193	131	2	-0.72169	0.76962	0.77025	0.999995	731	0	-0.72169
MED12	4	0.034746	0.064791	0.52029	132	2	-0.53455	0.98712	0.98756	0.999995	968	0	-0.53455
SMARCA4	4	0.036843	0.067985	0.541837	133	2	-0.5308	0.47387	0.47184	0.723811	275	0	-0.5308
AHCYL1	4	0.037424	0.068807	0.542464	134	2	-0.68919	0.99906	0.99923	0.999995	1012	0	-0.68919
EIF3J	4	0.038009	0.06961	0.542552	135	2	-0.44233	0.75895	0.75905	0.999995	726	0	-0.44233
MORF4L1	3	0.039205	0.069087	0.542464	136	2	-0.69255	0.38224	0.38045	0.723811	25	0	-0.69255
SIN3A	4	0.041602	0.075458	0.583833	137	2	-0.53925	0.99832	0.99841	0.999995	1002	0	-0.53925
PPP2R1A	4	0.042831	0.077391	0.587942	138	2	-0.51532	0.47387	0.47184	0.723811	157	0	-0.51532
RPA1	4	0.043037	0.077653	0.587942	139	2	-0.62651	0.9972	0.9972	0.999995	996	0	-0.62651
SNRPB2	3	0.043519	0.076532	0.587853	140	2	-0.53456	0.8692	0.86933	0.999995	838	0	-0.53456
GFM1	4	0.044075	0.079306	0.592003	141	2	-0.38106	0.7854	0.78573	0.999995	743	0	-0.38106
IPO7	3	0.044437	0.078288	0.588547	142	2	-0.60312	0.90722	0.90689	0.999995	877	0	-0.60312
SPTLC2	4	0.044912	0.080418	0.594438	143	2	-0.44791	0.98128	0.98168	0.999995	954	0	-0.44791
RYBP	3	0.045986	0.080754	0.594438	144	2	-0.41748	0.38224	0.38045	0.723811	24	0	-0.41748
PSMA2	4	0.046181	0.082416	0.602492	145	2	-0.40643	0.47387	0.47184	0.723811	56	0	-0.40643
MANF	4	0.047036	0.083733	0.607928	146	2	-0.60509	0.98804	0.9885	0.999995	970	0	-0.60509
VPS37A	4	0.049858	0.088142	0.635583	147	2	-0.2907	0.98614	0.98649	0.999995	965	0	-0.2907
KIF4A	4	0.052524	0.09214	0.655492	148	2	-0.46183	0.99301	0.99325	0.999995	983	0	-0.46183
RPL17	3	0.05268	0.091402	0.654636	149	1	-0.15123	0.86956	0.86966	0.999995	840	0	-0.15123
INCENP	4	0.0532	0.093233	0.658845	150	2	-0.36028	0.87829	0.87864	0.999995	846	0	-0.36028
NAPA	4	0.056632	0.09851	0.691528	151	2	-0.63726	0.99215	0.99254	0.999995	980	0	-0.63726
SF3B2	4	0.058499	0.10148	0.707693	152	2	-0.48442	0.96903	0.96929	0.999995	935	0	-0.48442
XRCC6	4	0.059082	0.10253	0.710315	153	1	-0.3894	0.98329	0.9836	0.999995	958	0	-0.3894
SNAPC4	4	0.061825	0.10677	0.734891	154	2	-0.31435	0.8613	0.86141	0.999995	826	0	-0.31435
WASL	4	0.062307	0.1076	0.735835	155	2	-0.43283	0.47387	0.47184	0.723811	269	0	-0.43283
ATR	4	0.064736	0.11144	0.757204	156	2	-0.36526	0.99188	0.99235	0.999995	978	0	-0.36526
ABT1	4	0.065473	0.11242	0.759002	157	2	-0.43381	0.88093	0.88139	0.999995	849	0	-0.43381
SEPHS2	4	0.067951	0.1163	0.780267	158	2	-0.34417	0.94253	0.94181	0.999995	911	0	-0.34417
PSMB6	4	0.069204	0.11825	0.788312	159	2	-0.39673	0.78772	0.78804	0.999995	747	0	-0.39673
NMT1	4	0.069708	0.11905	0.788707	160	2	-0.44234	0.97638	0.97654	0.999995	945	0	-0.44234
ELL	4	0.070213	0.11983	0.788974	161	2	-0.55522	0.99872	0.99887	0.999995	1008	0	-0.55522
ANAPC4	4	0.070974	0.12103	0.789376	162	2	-0.47221	0.98629	0.98665	0.999995	966	0	-0.47221
RNF20	4	0.071228	0.12139	0.789376	163	2	-0.44605	0.47387	0.47184	0.723811	88	0	-0.44605
RPA3	4	0.073275	0.12427	0.8004	164	2	-0.36437	0.47387	0.47184	0.723811	91	0	-0.36437
PFN1	4	0.073791	0.12497	0.8004	165	2	-0.25713	0.47387	0.47184	0.723811	176	0	-0.25713
HACD2	4	0.074049	0.12535	0.8004	166	2	-0.58757	0.99474	0.995	0.999995	990	0	-0.58757
TIMM23	4	0.074566	0.1262	0.801002	167	2	-0.56468	0.47387	0.47184	0.723811	325	0	-0.56468
KAT6A	4	0.075346	0.12755	0.80478	168	2	-0.48882	0.95243	0.95227	0.999995	920	0	-0.48882
HNRNPH1	4	0.080086	0.13453	0.843781	169	2	-0.49141	0.98229	0.98268	0.999995	956	0	-0.49141
NDUFC1	4	0.081155	0.13624	0.849476	170	2	-0.43211	0.98808	0.98853	0.999995	971	0	-0.43211
ABCG2	4	0.081961	0.13745	0.852035	171	2	-0.28194	0.98561	0.98599	0.999995	964	0	-0.28194
UTP14A	4	0.082499	0.1383	0.85232	172	2	-0.27193	0.47387	0.47184	0.723811	251	0	-0.27193
ATP7A	4	0.084395	0.14146	0.863748	173	2	-0.40158	0.87129	0.87142	0.999995	841	0	-0.40158
TAMM41	4	0.084667	0.14178	0.863748	174	2	-0.42461	0.47387	0.47184	0.723811	321	0	-0.42461
ARID1A	4	0.086033	0.14392	0.871768	175	2	-0.42455	0.95783	0.95756	0.999995	925	0	-0.42455
CFL1	4	0.087408	0.14611	0.879979	176	2	-0.48979	0.98908	0.98952	0.999995	972	0	-0.48979
THRAP3	4	0.089068	0.14864	0.890166	177	2	-0.50086	0.99925	0.99934	0.999995	1014	0	-0.50086
KHSRP	4	0.091581	0.15254	0.90836	178	2	-0.34565	0.79512	0.79542	0.999995	754	0	-0.34565
MED8	4	0.092706	0.15384	0.911029	179	2	-0.38731	0.99712	0.99715	0.999995	995	0	-0.38731
POLR2F	4	0.09412	0.15602	0.918784	180	2	-0.24723	0.47387	0.47184	0.723811	160	0	-0.24723
MED31	4	0.098982	0.15991	0.936464	181	1	-0.20342	0.89806	0.89731	0.999995	865	0	-0.20342
SOAT1	4	0.10833	0.1668	0.971467	182	1	-0.23166	0.86504	0.86524	0.999995	832	0	-0.23166
NSG2	4	0.11087	0.16841	0.975464	183	1	-0.068175	0.47387	0.47184	0.723811	108	0	-0.068175
NUTF2	4	0.11593	0.17175	0.989426	184	1	-0.23169	0.47387	0.47184	0.723811	111	0	-0.23169
TSG101	4	0.13842	0.1875	0.999995	185	1	-0.51708	0.99949	0.9995	0.999995	1021	0	-0.51708
USP5	4	0.1409	0.18954	0.999995	186	1	-0.078118	0.47387	0.47184	0.723811	258	0	-0.078118
UTP14C	4	0.14254	0.19077	0.999995	187	1	0	0.47387	0.47184	0.723811	250	0	0
RNF40	4	0.154	0.1986	0.999995	188	1	-0.16254	0.96971	0.96995	0.999995	937	0	-0.16254
SF1	4	0.15562	0.19987	0.999995	189	1	-0.43693	0.93421	0.9336	0.999995	904	0	-0.43693
ZMAT2	4	0.15887	0.20198	0.999995	190	1	-0.0067719	0.47387	0.47184	0.723811	238	0	-0.0067719
SKA1	4	0.1613	0.20388	0.999995	191	1	-0.30928	0.90392	0.9029	0.999995	870	0	-0.30928
SNRPD2	3	0.16292	0.18028	0.999995	192	1	-0.32969	0.91305	0.91282	0.999995	882	0	-0.32969
RPS28	2	0.18584	0.18712	0.999995	193	1	-0.44697	0.95491	0.95477	0.999995	922	0	-0.44697
RPS15	2	0.19498	0.19614	0.999995	194	1	-0.3805	0.6533	0.65235	0.999263	692	0	-0.3805
TAF1	4	0.19632	0.23044	0.999995	195	1	-0.02472	0.47387	0.47184	0.723811	320	0	-0.02472
PTTG1	3	0.19806	0.20908	0.999995	196	1	-0.16608	0.95218	0.95168	0.999995	919	0	-0.16608
LSM4	4	0.208	0.23909	0.999995	197	1	-0.2216	0.47387	0.47184	0.723811	593	0	-0.2216
RPL31	2	0.2094	0.20974	0.999995	198	1	-0.59475	0.96285	0.96252	0.999995	932	0	-0.59475
RIMKLB	3	0.23916	0.24477	0.999995	199	1	0	0.38224	0.38045	0.723811	17	0	0
GABPB2	4	0.25938	0.27891	0.999995	200	1	-0.044681	0.47387	0.47184	0.723811	634	0	-0.044681
ATP5PB	4	0.26818	0.28599	0.999995	201	1	-0.16935	0.47387	0.47184	0.723811	514	0	-0.16935
ZWILCH	4	0.26964	0.28722	0.999995	202	1	-0.21796	0.47387	0.47184	0.723811	242	0	-0.21796
CBLL1	4	0.2711	0.28837	0.999995	203	1	-0.13957	0.47387	0.47184	0.723811	496	0	-0.13957
SEPHS1	3	0.27548	0.27737	0.999995	204	1	-0.33117	0.98452	0.98456	0.999995	959	0	-0.33117
MTMR3	4	0.28555	0.30039	0.999995	205	1	-0.1128	0.47387	0.47184	0.723811	119	0	-0.1128
VPS26A	4	0.28984	0.30394	0.999995	206	1	-0.15281	0.47387	0.47184	0.723811	267	0	-0.15281
EEFSEC	4	0.29624	0.3091	0.999995	207	1	-0.13515	0.82558	0.82625	0.999995	790	0	-0.13515
TPBGL	4	0.29766	0.31012	0.999995	208	1	-0.068624	0.47387	0.47184	0.723811	221	0	-0.068624
ZG16	4	0.30892	0.31946	0.999995	209	1	-0.0069978	0.47387	0.47184	0.723811	232	0	-0.0069978
BRD8	4	0.31588	0.32571	0.999995	210	1	-0.27176	0.80694	0.80705	0.999995	766	0	-0.27176
PMM1	4	0.31658	0.32639	0.999995	211	1	-0.19872	0.47387	0.47184	0.723811	145	0	-0.19872
SAP30L	4	0.32142	0.33053	0.999995	212	1	-0.037339	0.47387	0.47184	0.723811	67	0	-0.037339
SOX9	4	0.3228	0.33178	0.999995	213	1	-0.054661	0.47387	0.47184	0.723811	341	0	-0.054661
SLC25A28	4	0.32417	0.33299	0.999995	214	1	-0.3004	0.9926	0.99292	0.999995	982	0	-0.3004
ERH	4	0.32898	0.33739	0.999995	215	1	-0.1523	0.47387	0.47184	0.723811	412	0	-0.1523
RPL15	2	0.32957	0.32809	0.999995	216	0	-0.29416	0.89156	0.89074	0.999995	858	0	-0.29416
RBBP7	4	0.32966	0.33796	0.999995	217	1	0	0.47387	0.47184	0.723811	40	0	0
MMD	4	0.33103	0.33904	0.999995	218	1	-0.33607	0.93153	0.93072	0.999995	899	0	-0.33607
PFAS	4	0.33443	0.34201	0.999995	219	1	-0.097769	0.47387	0.47184	0.723811	174	0	-0.097769
ATP6V1E2	4	0.33579	0.34311	0.999995	220	1	-0.19122	0.94602	0.94549	0.999995	913	0	-0.19122
CTPS1	4	0.34053	0.34732	0.999995	221	1	-0.19185	0.92287	0.92233	0.999995	894	0	-0.19185
DDX39B	4	0.3439	0.35021	0.999995	222	1	-0.012006	0.47387	0.47184	0.723811	427	0	-0.012006
DGKZ	3	0.34513	0.34338	0.999995	223	1	-0.24357	0.38224	0.38045	0.723811	20	0	-0.24357
RPL6	1	0.34614	0.34719	0.999995	224	0	-0.17877	0.65386	0.65677	0.999995	693	0	-0.17877
PDS5A	4	0.34726	0.35312	0.999995	225	1	-0.26412	0.8928	0.89244	0.999995	861	0	-0.26412
AKIRIN1	4	0.35127	0.35671	0.999995	226	1	-0.30163	0.98545	0.98583	0.999995	962	0	-0.30163
RNF2	3	0.35861	0.35663	0.999995	227	1	-0.24207	0.38224	0.38045	0.723811	21	0	-0.24207
TOMM20	3	0.36118	0.35947	0.999995	228	0	-0.077177	0.38224	0.38045	0.723811	8	0	-0.077177
GXYLT2	4	0.36451	0.368	0.999995	229	1	-0.06491	0.86401	0.86419	0.999995	831	0	-0.06491
SIN3B	4	0.36582	0.36926	0.999995	230	1	-0.27612	0.99396	0.99428	0.999995	987	0	-0.27612
DHX29	3	0.3663	0.3646	0.999995	231	0	-0.46198	0.82506	0.82528	0.999995	789	0	-0.46198
TCERG1	4	0.36713	0.37035	0.999995	232	1	-0.18104	0.97774	0.97797	0.999995	948	0	-0.18104
BECN1	4	0.36778	0.37107	0.999995	233	1	-0.38543	0.78973	0.79002	0.999995	750	0	-0.38543
EPC2	4	0.3704	0.37339	0.999995	234	1	-0.30404	0.47387	0.47184	0.723811	403	0	-0.30404
CRKL	4	0.3743	0.37677	0.999995	235	1	-0.15468	0.47387	0.47184	0.723811	363	0	-0.15468
SATB2	4	0.3756	0.37783	0.999995	236	1	-0.090251	0.79847	0.79897	0.999995	757	0	-0.090251
COPG1	4	0.37754	0.37972	0.999995	237	1	-0.31534	0.47387	0.47184	0.723811	395	0	-0.31534
GCM2	4	0.37948	0.38147	0.999995	238	1	-0.15316	0.47387	0.47184	0.723811	682	0	-0.15316
POLD1	4	0.38012	0.38201	0.999995	239	1	-0.059383	0.47387	0.47184	0.723811	159	0	-0.059383
MTHFD1	4	0.38205	0.38391	0.999995	240	1	-0.33668	0.47387	0.47184	0.723811	120	0	-0.33668
DDI2	4	0.3827	0.38449	0.999995	241	1	-0.26432	0.47387	0.47184	0.723811	372	0	-0.26432
APH1B	4	0.38398	0.38561	0.999995	242	1	-0.34924	0.88788	0.88788	0.999995	853	0	-0.34924
COPS7A	4	0.38462	0.38617	0.999995	243	1	-0.27669	0.9614	0.96119	0.999995	930	0	-0.27669
RPL21	2	0.38503	0.38284	0.999995	244	0	-0.15968	0.66861	0.66725	0.999995	694	0	-0.15968
RNF130	4	0.3859	0.38718	0.999995	245	1	-0.14277	0.47387	0.47184	0.723811	96	0	-0.14277
PSEN1	4	0.38973	0.39064	0.999995	246	1	-0.21775	0.47387	0.47184	0.723811	52	0	-0.21775
RECK	4	0.39101	0.39163	0.999995	247	1	-0.12767	0.47387	0.47184	0.723811	84	0	-0.12767
EP300	4	0.39228	0.39269	0.999995	248	1	-0.049184	0.47387	0.47184	0.723811	402	0	-0.049184
TCF12	4	0.39355	0.3938	0.999995	249	1	-0.14029	0.79792	0.79834	0.999995	756	0	-0.14029
NXT2	4	0.39418	0.39451	0.999995	250	1	-0.43374	0.85051	0.85114	0.999995	811	0	-0.43374
EIF3L	4	0.39986	0.39973	0.999995	251	1	-0.28221	0.90629	0.90494	0.999995	874	0	-0.28221
SPTAN1	4	0.40112	0.40078	0.999995	252	1	-0.028576	0.76987	0.7701	0.999995	732	0	-0.028576
RHBDF1	4	0.403	0.40231	0.999995	253	1	-0.30626	0.90907	0.90791	0.999995	880	0	-0.30626
GIT2	4	0.40426	0.40358	0.999995	254	1	-0.12348	0.78887	0.78911	0.999995	748	0	-0.12348
ZNF260	4	0.40488	0.40431	0.999995	255	1	-0.15426	0.47387	0.47184	0.723811	248	0	-0.15426
AP2A1	4	0.40738	0.40665	0.999995	256	1	-0.22406	0.47387	0.47184	0.723811	449	0	-0.22406
PIP4P1	4	0.408	0.40717	0.999995	257	1	-0.15357	0.9319	0.93107	0.999995	901	0	-0.15357
CDNF	4	0.40987	0.40916	0.999995	258	1	-0.040018	0.47387	0.47184	0.723811	498	0	-0.040018
PKM	3	0.4126	0.41062	0.999995	259	0	-0.31699	0.38224	0.38045	0.723811	12	0	-0.31699
NAA11	4	0.41359	0.41251	0.999995	260	1	-0.24851	0.89176	0.89146	0.999995	860	0	-0.24851
LIF	4	0.4142	0.41321	0.999995	261	1	-0.086816	0.47387	0.47184	0.723811	579	0	-0.086816
PDGFC	4	0.41482	0.4138	0.999995	262	1	-0.064664	0.47387	0.47184	0.723811	184	0	-0.064664
ACACB	4	0.4179	0.41692	0.999995	263	1	-0.092459	0.82282	0.82365	0.999995	787	0	-0.092459
MRPL27	4	0.41852	0.41744	0.999995	264	1	-0.2197	0.84144	0.84193	0.999995	805	0	-0.2197
TNPO2	4	0.42036	0.4192	0.999995	265	1	-0.19103	0.47387	0.47184	0.723811	224	0	-0.19103
MED13L	4	0.42158	0.42025	0.999995	266	1	-0.27581	0.96563	0.96579	0.999995	933	0	-0.27581
RPL27A	2	0.42419	0.42266	0.999995	267	0	-0.15459	0.27465	0.2742	0.723811	3	0	-0.15459
GRHL2	4	0.42525	0.42398	0.999995	268	1	-0.19302	0.47387	0.47184	0.723811	662	0	-0.19302
ULK2	4	0.42889	0.42744	0.999995	269	1	-0.16753	0.47387	0.47184	0.723811	199	0	-0.16753
XPR1	4	0.4295	0.42791	0.999995	270	1	-0.31494	0.86025	0.86042	0.999995	824	0	-0.31494
CCT6B	4	0.43252	0.43091	0.999995	271	1	-0.13642	0.47387	0.47184	0.723811	504	0	-0.13642
ITSN1	4	0.43373	0.43202	0.999995	272	1	-0.14231	0.47387	0.47184	0.723811	550	0	-0.14231
CLTCL1	4	0.43433	0.43282	0.999995	273	1	-0.061597	0.47387	0.47184	0.723811	382	0	-0.061597
UNC119B	4	0.43493	0.43333	0.999995	274	1	-0.036758	0.47387	0.47184	0.723811	255	0	-0.036758
SLCO2B1	4	0.43733	0.43584	0.999995	275	1	-0.18711	0.47387	0.47184	0.723811	280	0	-0.18711
YIF1A	4	0.43853	0.43697	0.999995	276	1	-0.36855	0.93178	0.93096	0.999995	900	0	-0.36855
FAM50A	4	0.43973	0.43822	0.999995	277	1	-0.28022	0.82904	0.82946	0.999995	794	0	-0.28022
FOSL1	3	0.44031	0.43884	0.999995	278	0	-0.15123	0.90304	0.90253	0.999995	868	0	-0.15123
HNRNPF	4	0.44092	0.4395	0.999995	279	1	-0.14414	0.47387	0.47184	0.723811	561	0	-0.14414
UCHL5	4	0.44152	0.44005	0.999995	280	1	-0.24325	0.47387	0.47184	0.723811	198	0	-0.24325
KPNA2	3	0.44219	0.44093	0.999995	281	0	-0.28005	0.38224	0.38045	0.723811	14	0	-0.28005
GLT6D1	4	0.44271	0.44117	0.999995	282	1	-0.10133	0.47387	0.47184	0.723811	677	0	-0.10133
RSC1A1	4	0.4433	0.44193	0.999995	283	1	-0.15441	0.47387	0.47184	0.723811	57	0	-0.15441
COX4I2	4	0.4439	0.4426	0.999995	284	1	-0.15889	0.86565	0.86583	0.999995	833	0	-0.15889
FOXK2	4	0.44568	0.44448	0.999995	285	1	-0.2157	0.47387	0.47184	0.723811	623	0	-0.2157
RBMX	3	0.44826	0.44716	0.999995	286	0	-0.223	0.68374	0.68396	0.999995	698	0	-0.223
ANXA1	4	0.44923	0.44787	0.999995	287	0	-0.013707	0.47387	0.47184	0.723811	450	0	-0.013707
ATP6V1E1	3	0.45012	0.44914	0.999995	288	0	-0.24102	0.38224	0.38045	0.723811	15	0	-0.24102
GPR151	4	0.4504	0.44911	0.999995	289	0	-0.33754	0.47387	0.47184	0.723811	687	0	-0.33754
SLC25A25	4	0.45099	0.44972	0.999995	290	0	-0.24506	0.47387	0.47184	0.723811	308	0	-0.24506
NET1	4	0.45334	0.45233	0.999995	291	0	-0.015037	0.47387	0.47184	0.723811	98	0	-0.015037
CDK2	4	0.45393	0.45282	0.999995	292	0	-0.41323	0.86769	0.86793	0.999995	835	0	-0.41323
NDE1	4	0.45686	0.45541	0.999995	293	0	-0.10853	0.47387	0.47184	0.723811	106	0	-0.10853
UNC45A	4	0.45802	0.45651	0.999995	294	0	-0.13607	0.88074	0.88114	0.999995	848	0	-0.13607
GOLT1B	4	0.45919	0.45779	0.999995	295	0	-0.14307	0.47387	0.47184	0.723811	690	0	-0.14307
BZW1	3	0.45936	0.45793	0.999995	296	0	-0.090411	0.71299	0.71396	0.999995	701	0	-0.090411
IMPDH2	4	0.46383	0.4626	0.999995	297	0	-0.31517	0.98013	0.98033	0.999995	952	0	-0.31517
PUM2	4	0.46556	0.4644	0.999995	298	0	-0.33299	0.98553	0.98591	0.999995	963	0	-0.33299
RHOT1	4	0.46671	0.46541	0.999995	299	0	-0.29922	0.95817	0.95793	0.999995	926	0	-0.29922
MOGAT2	4	0.46959	0.46803	0.999995	300	0	-0.088639	0.47387	0.47184	0.723811	667	0	-0.088639
G3BP1	4	0.4753	0.47343	0.999995	301	0	-0.36769	0.92928	0.92845	0.999995	897	0	-0.36769
ADAP1	4	0.47587	0.47393	0.999995	302	0	-0.22644	0.47387	0.47184	0.723811	469	0	-0.22644
SLC22A8	4	0.47643	0.47443	0.999995	303	0	-0.17552	0.97858	0.97879	0.999995	949	0	-0.17552
ATP8B3	4	0.47757	0.47553	0.999995	304	0	-0.0096974	0.47387	0.47184	0.723811	510	0	-0.0096974
PPP3CA	4	0.4787	0.47654	0.999995	305	0	0	0.47387	0.47184	0.723811	153	0	0
ACTL6B	4	0.48096	0.4789	0.999995	306	0	-0.16537	0.47387	0.47184	0.723811	466	0	-0.16537
FOXK1	4	0.48209	0.48008	0.999995	307	0	-0.24358	0.92138	0.92073	0.999995	893	0	-0.24358
GABPB1	4	0.48378	0.48188	0.999995	308	0	-0.17261	0.47387	0.47184	0.723811	635	0	-0.17261
CRNN	4	0.4849	0.48294	0.999995	309	0	-0.14607	0.47387	0.47184	0.723811	362	0	-0.14607
DDX5	4	0.48546	0.48343	0.999995	310	0	-0.23168	0.83172	0.83232	0.999995	796	0	-0.23168
STX12	4	0.48658	0.48454	0.999995	311	0	-0.17768	0.47387	0.47184	0.723811	355	0	-0.17768
LMBR1	4	0.48714	0.48509	0.999995	312	0	-0.18294	0.47387	0.47184	0.723811	575	0	-0.18294
PHLDA1	4	0.4877	0.48563	0.999995	313	0	-0.090014	0.47387	0.47184	0.723811	177	0	-0.090014
FANCF	4	0.48882	0.48684	0.999995	314	0	-0.31351	0.84051	0.84097	0.999995	803	0	-0.31351
GALNT5	4	0.48993	0.48796	0.999995	315	0	-0.16186	0.47387	0.47184	0.723811	626	0	-0.16186
RPRD1B	4	0.49049	0.48856	0.999995	316	0	-0.17653	0.90953	0.90832	0.999995	881	0	-0.17653
HMSD	4	0.49104	0.48901	0.999995	317	0	-0.054335	0.47387	0.47184	0.723811	559	0	-0.054335
MBTD1	4	0.49271	0.49059	0.999995	318	0	-0.26539	0.85834	0.85872	0.999995	821	0	-0.26539
LATS2	4	0.49382	0.49164	0.999995	319	0	-0.065022	0.47387	0.47184	0.723811	606	0	-0.065022
LARP1B	4	0.49548	0.49336	0.999995	320	0	-0.11536	0.47387	0.47184	0.723811	614	0	-0.11536
CLTB	4	0.49603	0.49405	0.999995	321	0	-0.15878	0.76022	0.76048	0.999995	727	0	-0.15878
SOS1	4	0.49713	0.49515	0.999995	322	0	-0.062511	0.47387	0.47184	0.723811	285	0	-0.062511
GLIS3	4	0.49878	0.49677	0.999995	323	0	-0.16779	0.47387	0.47184	0.723811	678	0	-0.16779
APH1A	4	0.49988	0.49787	0.999995	324	0	-0.24645	0.95943	0.95904	0.999995	927	0	-0.24645
EXOC6B	4	0.50098	0.49901	0.999995	325	0	-0.17388	0.84603	0.84667	0.999995	807	0	-0.17388
RAMP2	4	0.50262	0.50078	0.999995	326	0	-0.056617	0.47387	0.47184	0.723811	51	0	-0.056617
FXR1	4	0.50371	0.502	0.999995	327	0	-0.17469	0.8756	0.87591	0.999995	844	0	-0.17469
TMEM185A	4	0.50698	0.50534	0.999995	328	0	-0.12561	0.47387	0.47184	0.723811	216	0	-0.12561
BZW2	4	0.50752	0.506	0.999995	329	0	-0.14359	0.86359	0.8637	0.999995	830	0	-0.14359
MRPL55	4	0.5086	0.50697	0.999995	330	0	-0.19178	0.98733	0.98784	0.999995	969	0	-0.19178
DZIP1L	4	0.50915	0.5075	0.999995	331	0	-0.16325	0.91488	0.91384	0.999995	886	0	-0.16325
MTA1	4	0.50969	0.50795	0.999995	332	0	-0.17244	0.47387	0.47184	0.723811	124	0	-0.17244
ERC2	4	0.51077	0.50901	0.999995	333	0	-0.10706	0.47387	0.47184	0.723811	419	0	-0.10706
CDK5R1	4	0.51185	0.51019	0.999995	334	0	-0.10692	0.47387	0.47184	0.723811	499	0	-0.10692
CHMP1A	4	0.51238	0.51095	0.999995	335	0	-0.32283	0.96578	0.96592	0.999995	934	0	-0.32283
PEF1	4	0.51292	0.51141	0.999995	336	0	-0.17303	0.9055	0.90433	0.999995	872	0	-0.17303
CABP5	4	0.51346	0.512	0.999995	337	0	-0.042214	0.47387	0.47184	0.723811	520	0	-0.042214
G6PC	4	0.51454	0.51319	0.999995	338	0	-0.099705	0.47387	0.47184	0.723811	633	0	-0.099705
FARS2	4	0.51614	0.51478	0.999995	339	0	-0.39314	0.99386	0.99419	0.999995	986	0	-0.39314
SHCBP1L	4	0.51668	0.51533	0.999995	340	0	-0.091618	0.47387	0.47184	0.723811	303	0	-0.091618
SLC11A2	4	0.51721	0.51586	0.999995	341	0	-0.22043	0.9749	0.97513	0.999995	943	0	-0.22043
CCNE1	4	0.51828	0.517	0.999995	342	0	-0.14275	0.47387	0.47184	0.723811	487	0	-0.14275
PRKAB1	4	0.51881	0.51756	0.999995	343	0	-0.082323	0.47387	0.47184	0.723811	33	0	-0.082323
MED13	4	0.51988	0.51853	0.999995	344	0	-0.19303	0.8695	0.86967	0.999995	839	0	-0.19303
MPC1	4	0.52041	0.51917	0.999995	345	0	-0.12486	0.47387	0.47184	0.723811	125	0	-0.12486
GATAD2A	4	0.52147	0.52031	0.999995	346	0	-0.016911	0.47387	0.47184	0.723811	630	0	-0.016911
SOS2	4	0.522	0.52075	0.999995	347	0	-0.19269	0.47387	0.47184	0.723811	342	0	-0.19269
TOB2	4	0.52253	0.52131	0.999995	348	0	0	0.47387	0.47184	0.723811	225	0	0
LARP1	4	0.52306	0.52198	0.999995	349	0	-0.27455	0.85403	0.85443	0.999995	813	0	-0.27455
CADPS2	4	0.52518	0.52422	0.999995	350	0	-0.098824	0.47387	0.47184	0.723811	524	0	-0.098824
CDK17	4	0.52729	0.52646	0.999995	351	0	-0.1603	0.89088	0.89069	0.999995	857	0	-0.1603
CWF19L1	4	0.52781	0.52698	0.999995	352	0	-0.19117	0.81978	0.82052	0.999995	782	0	-0.19117
NAA16	4	0.52834	0.52738	0.999995	353	0	-0.16967	0.97704	0.9772	0.999995	946	0	-0.16967
FRS2	4	0.52886	0.52789	0.999995	354	0	-0.14035	0.47387	0.47184	0.723811	625	0	-0.14035
SPAG9	4	0.53044	0.5293	0.999995	355	0	-0.181	0.81094	0.81152	0.999995	774	0	-0.181
KIF20A	8	0.53103	0.56038	0.999995	356	1	-0.1974	0.72319	0.7228	0.999995	721	0	-0.1974
ZNF804B	4	0.53148	0.5303	0.999995	357	0	-0.29627	0.47387	0.47184	0.723811	241	0	-0.29627
PPP3R1	4	0.53253	0.53144	0.999995	358	0	-0.12657	0.47387	0.47184	0.723811	154	0	-0.12657
STX4	4	0.53305	0.53187	0.999995	359	0	-0.094799	0.47387	0.47184	0.723811	347	0	-0.094799
FKBP5	4	0.53461	0.53356	0.999995	360	0	-0.13231	0.47387	0.47184	0.723811	651	0	-0.13231
ALG14	4	0.53513	0.53407	0.999995	361	0	-0.14032	0.47387	0.47184	0.723811	479	0	-0.14032
STX7	4	0.53565	0.53456	0.999995	362	0	0	0.47387	0.47184	0.723811	349	0	0
ITSN2	4	0.53617	0.53508	0.999995	363	0	-0.25654	0.93103	0.93031	0.999995	898	0	-0.25654
ASF1A	4	0.53824	0.53698	0.999995	364	0	-0.24003	0.47387	0.47184	0.723811	455	0	-0.24003
ESRP1	4	0.53979	0.53867	0.999995	365	0	-0.15181	0.47387	0.47184	0.723811	530	0	-0.15181
IQCA1	4	0.54236	0.54095	0.999995	366	0	0	0.47387	0.47184	0.723811	535	0	0
MBD3L1	4	0.54287	0.54154	0.999995	367	0	-0.33876	0.96998	0.97021	0.999995	938	0	-0.33876
ABL2	4	0.5439	0.54262	0.999995	368	0	-0.14725	0.80882	0.8093	0.999995	770	0	-0.14725
QSOX1	4	0.54441	0.54316	0.999995	369	0	-0.029782	0.47387	0.47184	0.723811	53	0	-0.029782
RANBP6	3	0.54488	0.54353	0.999995	370	0	-0.022437	0.67236	0.672	0.999995	695	0	-0.022437
HMGCS2	4	0.54543	0.54407	0.999995	371	0	-0.12152	0.47387	0.47184	0.723811	558	0	-0.12152
NETO2	4	0.54594	0.54469	0.999995	372	0	-0.060353	0.47387	0.47184	0.723811	99	0	-0.060353
SPATA16	4	0.54798	0.54691	0.999995	373	0	-0.046311	0.47387	0.47184	0.723811	345	0	-0.046311
BRSK1	4	0.54849	0.54738	0.999995	374	0	-0.019653	0.47387	0.47184	0.723811	526	0	-0.019653
TREM2	4	0.549	0.54785	0.999995	375	0	0	0.47387	0.47184	0.723811	194	0	0
CLTA	4	0.55001	0.54887	0.999995	376	0	-0.18036	0.47387	0.47184	0.723811	383	0	-0.18036
ADSSL1	4	0.55102	0.5498	0.999995	377	0	-0.19508	0.8577	0.85796	0.999995	820	0	-0.19508
DBT	4	0.55204	0.55081	0.999995	378	0	-0.10363	0.47387	0.47184	0.723811	369	0	-0.10363
TANC1	4	0.55305	0.55194	0.999995	379	0	-0.091986	0.77504	0.77561	0.999995	737	0	-0.091986
NUMBL	4	0.55405	0.553	0.999995	380	0	-0.014549	0.47387	0.47184	0.723811	112	0	-0.014549
NCBP2L	4	0.55456	0.55358	0.999995	381	0	-0.066851	0.47387	0.47184	0.723811	133	0	-0.066851
TUBB2A	4	0.55506	0.55411	0.999995	382	0	-0.053476	0.47387	0.47184	0.723811	195	0	-0.053476
LIMK2	4	0.55556	0.5547	0.999995	383	0	-0.10772	0.47387	0.47184	0.723811	583	0	-0.10772
PIP4P2	4	0.55606	0.55539	0.999995	384	0	-0.11576	0.81952	0.82022	0.999995	781	0	-0.11576
DYNC1LI1	3	0.55625	0.55476	0.999995	385	0	-0.033565	0.38224	0.38045	0.723811	10	0	-0.033565
PDS5B	4	0.55707	0.55657	0.999995	386	0	-0.27477	0.87483	0.87517	0.999995	843	0	-0.27477
IPO5	4	0.55757	0.55708	0.999995	387	0	-0.28714	0.82029	0.82107	0.999995	783	0	-0.28714
KPNA3	4	0.55807	0.55759	0.999995	388	0	-0.0811	0.81927	0.82006	0.999995	780	0	-0.0811
STAM2	4	0.56007	0.55962	0.999995	389	0	-0.11454	0.85577	0.85614	0.999995	816	0	-0.11454
XPO7	4	0.56106	0.5607	0.999995	390	0	-0.13883	0.47387	0.47184	0.723811	263	0	-0.13883
NRBP2	4	0.56255	0.56228	0.999995	391	0	-0.21966	0.95608	0.95583	0.999995	924	0	-0.21966
G3BP2	4	0.56305	0.56278	0.999995	392	0	-0.35217	0.94011	0.93952	0.999995	909	0	-0.35217
ASF1B	8	0.56332	0.5834	0.999995	393	1	-0.2178	0.72319	0.7228	0.999995	717	0	-0.2178
ASCL1	4	0.56354	0.56327	0.999995	394	0	0	0.47387	0.47184	0.723811	456	0	0
YIPF7	4	0.56404	0.5638	0.999995	395	0	-0.025599	0.47387	0.47184	0.723811	237	0	-0.025599
KLF4	4	0.56602	0.56577	0.999995	396	0	-0.097178	0.78916	0.78938	0.999995	749	0	-0.097178
RSBN1	4	0.56848	0.56827	0.999995	397	0	-0.083672	0.90328	0.90241	0.999995	869	0	-0.083672
VANGL2	4	0.56897	0.5689	0.999995	398	0	-0.19517	0.47387	0.47184	0.723811	253	0	-0.19517
STRADA	4	0.56995	0.56972	0.999995	399	0	-0.0094799	0.47387	0.47184	0.723811	354	0	-0.0094799
SAMD9	4	0.57044	0.57024	0.999995	400	0	-0.20672	0.47387	0.47184	0.723811	75	0	-0.20672
RANBP10	4	0.57093	0.57058	0.999995	401	0	0	0.47387	0.47184	0.723811	30	0	0
CRX	4	0.57337	0.57314	0.999995	402	0	-0.11612	0.47387	0.47184	0.723811	364	0	-0.11612
JAG1	4	0.57386	0.57366	0.999995	403	0	-0.068425	0.47387	0.47184	0.723811	543	0	-0.068425
TBC1D28	3	0.57451	0.57334	0.999995	404	0	-0.15953	0.95599	0.9555	0.999995	923	0	-0.15953
GYS2	4	0.57483	0.5746	0.999995	405	0	-0.27234	0.80801	0.80836	0.999995	768	0	-0.27234
IAPP	4	0.5758	0.57544	0.999995	406	0	-0.065369	0.8685	0.86874	0.999995	837	0	-0.065369
COPG2	4	0.57628	0.57584	0.999995	407	0	-0.14992	0.47387	0.47184	0.723811	397	0	-0.14992
PRG3	4	0.57677	0.57631	0.999995	408	0	-0.022436	0.47387	0.47184	0.723811	39	0	-0.022436
UAP1L1	4	0.57725	0.57678	0.999995	409	0	-0.056231	0.47387	0.47184	0.723811	204	0	-0.056231
KIAA0319L	4	0.57774	0.57724	0.999995	410	0	-0.16876	0.94816	0.94767	0.999995	916	0	-0.16876
PTCH1	4	0.57822	0.57769	0.999995	411	0	-0.1793	0.47387	0.47184	0.723811	44	0	-0.1793
ARSJ	4	0.57918	0.57862	0.999995	412	0	-0.061006	0.47387	0.47184	0.723811	463	0	-0.061006
SUV39H2	3	0.57958	0.57837	0.999995	413	0	-0.019759	0.38224	0.38045	0.723811	11	0	-0.019759
BICD2	4	0.58015	0.57979	0.999995	414	0	-0.094828	0.86789	0.86813	0.999995	836	0	-0.094828
HOXB1	4	0.58063	0.58025	0.999995	415	0	-0.11263	0.47387	0.47184	0.723811	553	0	-0.11263
PDLIM5	4	0.58111	0.58068	0.999995	416	0	-0.080914	0.47387	0.47184	0.723811	179	0	-0.080914
PDCD6IP	4	0.58207	0.5816	0.999995	417	0	-0.10503	0.93227	0.93144	0.999995	902	0	-0.10503
EFR3B	4	0.58303	0.58241	0.999995	418	0	-0.12457	0.47387	0.47184	0.723811	407	0	-0.12457
CRY2	4	0.58542	0.58494	0.999995	419	0	-0.12246	0.86088	0.86102	0.999995	825	0	-0.12246
STT3A	4	0.58685	0.5863	0.999995	420	0	-0.15034	0.76864	0.76903	0.999995	730	0	-0.15034
GBP3	4	0.58732	0.58675	0.999995	421	0	0	0.47387	0.47184	0.723811	629	0	0
SAMD4B	4	0.58874	0.58821	0.999995	422	0	-0.12718	0.80748	0.80774	0.999995	767	0	-0.12718
CAV1	4	0.59158	0.59118	0.999995	423	0	-0.11641	0.89856	0.89788	0.999995	866	0	-0.11641
PTPN11	4	0.59205	0.59162	0.999995	424	0	-0.109	0.85983	0.85999	0.999995	823	0	-0.109
DNAJC19	3	0.59227	0.59138	0.999995	425	0	-0.014688	0.38224	0.38045	0.723811	19	0	-0.014688
CAND2	4	0.59487	0.5944	0.999995	426	0	-0.10224	0.47387	0.47184	0.723811	508	0	-0.10224
CREBBP	4	0.59581	0.59534	0.999995	427	0	-0.033576	0.47387	0.47184	0.723811	393	0	-0.033576
CYFIP2	4	0.59627	0.59577	0.999995	428	0	-0.12781	0.47387	0.47184	0.723811	373	0	-0.12781
RGS19	4	0.59814	0.59747	0.999995	429	0	-0.15523	0.47387	0.47184	0.723811	85	0	-0.15523
RSBN1L	4	0.60093	0.60022	0.999995	430	0	-0.30549	0.9718	0.97205	0.999995	940	0	-0.30549
RNF144A	4	0.60185	0.60109	0.999995	431	0	-0.055476	0.47387	0.47184	0.723811	95	0	-0.055476
SUSD1	4	0.60231	0.60161	0.999995	432	0	-0.24742	0.47387	0.47184	0.723811	351	0	-0.24742
TBC1D26	2	0.60355	0.60238	0.999995	433	0	-0.086358	0.27465	0.2742	0.723811	4	0	-0.086358
LIN28A	3	0.60358	0.60322	0.999995	434	0	-0.15043	0.38224	0.38045	0.723811	7	0	-0.15043
RHOT2	4	0.6037	0.60312	0.999995	435	0	-0.16594	0.47387	0.47184	0.723811	79	0	-0.16594
RHBDF2	4	0.60462	0.60397	0.999995	436	0	-0.18414	0.47387	0.47184	0.723811	78	0	-0.18414
NCKAP1L	4	0.60508	0.6045	0.999995	437	0	-0.11337	0.90892	0.90768	0.999995	879	0	-0.11337
RPP14	4	0.606	0.60542	0.999995	438	0	0	0.47387	0.47184	0.723811	62	0	0
ARHGEF7	4	0.60646	0.60592	0.999995	439	0	-0.10338	0.47387	0.47184	0.723811	462	0	-0.10338
SLC35F4	4	0.60692	0.60625	0.999995	440	0	-0.044447	0.8358	0.83612	0.999995	801	0	-0.044447
MTA3	4	0.60737	0.60672	0.999995	441	0	-0.1075	0.87327	0.87346	0.999995	842	0	-0.1075
CRK	4	0.60829	0.60772	0.999995	442	0	-0.081178	0.47387	0.47184	0.723811	378	0	-0.081178
DMXL2	4	0.60874	0.60807	0.999995	443	0	-0.18169	0.91371	0.91256	0.999995	884	0	-0.18169
ATP6V1B1	4	0.6092	0.60853	0.999995	444	0	-0.14986	0.47387	0.47184	0.723811	516	0	-0.14986
GALR3	4	0.61057	0.61015	0.999995	445	0	-0.045196	0.47387	0.47184	0.723811	628	0	-0.045196
ADM	4	0.61193	0.61146	0.999995	446	0	-0.081894	0.47387	0.47184	0.723811	484	0	-0.081894
NR2E1	4	0.61238	0.61189	0.999995	447	0	0	0.47387	0.47184	0.723811	116	0	0
RBPJL	4	0.61284	0.61232	0.999995	448	0	-0.08531	0.47387	0.47184	0.723811	37	0	-0.08531
PLEK2	4	0.61329	0.61278	0.999995	449	0	-0.16244	0.47387	0.47184	0.723811	141	0	-0.16244
TTC7A	8	0.61335	0.62192	0.999995	450	1	-0.098406	0.72319	0.7228	0.999995	719	0	-0.098406
PSMB8	4	0.61374	0.61329	0.999995	451	0	-0.095188	0.47387	0.47184	0.723811	43	0	-0.095188
FEZ1	4	0.61419	0.61363	0.999995	452	0	-0.15308	0.89503	0.89444	0.999995	863	0	-0.15308
TANK	4	0.61645	0.61567	0.999995	453	0	-0.096089	0.47387	0.47184	0.723811	323	0	-0.096089
GRHL3	4	0.61735	0.61655	0.999995	454	0	-0.22018	0.97894	0.97915	0.999995	951	0	-0.22018
FMR1	4	0.61779	0.617	0.999995	455	0	-0.015466	0.47387	0.47184	0.723811	650	0	-0.015466
MAK	4	0.61824	0.61752	0.999995	456	0	-0.053598	0.47387	0.47184	0.723811	585	0	-0.053598
SMC1B	4	0.61914	0.61841	0.999995	457	0	-0.075833	0.47387	0.47184	0.723811	288	0	-0.075833
APOBEC3C	4	0.61959	0.61884	0.999995	458	0	-0.084029	0.47387	0.47184	0.723811	444	0	-0.084029
YIF1B	4	0.62048	0.61979	0.999995	459	0	-0.075824	0.47387	0.47184	0.723811	233	0	-0.075824
PCGF1	4	0.62092	0.62034	0.999995	460	0	-0.033687	0.47387	0.47184	0.723811	180	0	-0.033687
MAT2A	4	0.62137	0.62084	0.999995	461	0	-0.053427	0.47387	0.47184	0.723811	610	0	-0.053427
PTPN21	4	0.62226	0.62187	0.999995	462	0	-0.076138	0.47387	0.47184	0.723811	46	0	-0.076138
PTCH2	4	0.62315	0.62281	0.999995	463	0	-0.050243	0.47387	0.47184	0.723811	41	0	-0.050243
CTNNB1	4	0.62448	0.62419	0.999995	464	0	-0.074749	0.47387	0.47184	0.723811	361	0	-0.074749
ARFGEF1	4	0.6258	0.62557	0.999995	465	0	-0.074007	0.47387	0.47184	0.723811	448	0	-0.074007
FNIP2	4	0.62669	0.62649	0.999995	466	0	-0.13903	0.81121	0.81176	0.999995	775	0	-0.13903
ANKRD10	4	0.62713	0.62695	0.999995	467	0	-0.0028246	0.47387	0.47184	0.723811	480	0	-0.0028246
GRIP2	4	0.62757	0.62726	0.999995	468	0	-0.022772	0.47387	0.47184	0.723811	665	0	-0.022772
EGFR	4	0.62801	0.62769	0.999995	469	0	-0.056923	0.47387	0.47184	0.723811	409	0	-0.056923
TMEM30A	4	0.62845	0.62814	0.999995	470	0	-0.17961	0.47387	0.47184	0.723811	208	0	-0.17961
SNX6	4	0.62889	0.62857	0.999995	471	0	-0.12266	0.47387	0.47184	0.723811	282	0	-0.12266
SEC23A	4	0.62976	0.6294	0.999995	472	0	-0.14367	0.47387	0.47184	0.723811	301	0	-0.14367
KRT37	4	0.6302	0.62977	0.999995	473	0	-0.053249	0.79456	0.79493	0.999995	752	0	-0.053249
FLNC	4	0.63107	0.63055	0.999995	474	0	-0.12435	0.47387	0.47184	0.723811	654	0	-0.12435
ADSS	3	0.63129	0.6306	0.999995	475	0	-0.16454	0.83566	0.83633	0.999995	800	0	-0.16454
MYL7	4	0.63151	0.63093	0.999995	476	0	-0.22856	0.83911	0.83965	0.999995	802	0	-0.22856
CLDN4	4	0.63238	0.63173	0.999995	477	0	-0.13649	0.9391	0.93843	0.999995	906	0	-0.13649
EFR3A	4	0.63282	0.63226	0.999995	478	0	-0.14963	0.90582	0.90458	0.999995	873	0	-0.14963
TBC1D4	4	0.63325	0.63264	0.999995	479	0	-0.056143	0.47387	0.47184	0.723811	316	0	-0.056143
PPP2CB	3	0.63342	0.63274	0.999995	480	0	-0.20861	0.70966	0.71049	0.999995	700	0	-0.20861
ARFIP1	4	0.63456	0.63385	0.999995	481	0	0	0.47387	0.47184	0.723811	454	0	0
MDM4	4	0.63499	0.63435	0.999995	482	0	-0.16943	0.96116	0.9609	0.999995	929	0	-0.16943
PPP2CA	8	0.63528	0.6403	0.999995	483	1	-0.12761	0.97449	0.97473	0.999995	942	0	-0.12761
XYLT2	4	0.63542	0.63479	0.999995	484	0	-0.10623	0.47387	0.47184	0.723811	264	0	-0.10623
RNF144B	4	0.63586	0.63525	0.999995	485	0	-0.078761	0.82781	0.82834	0.999995	791	0	-0.078761
COQ10B	4	0.63715	0.63638	0.999995	486	0	-0.070181	0.47387	0.47184	0.723811	390	0	-0.070181
NRBP1	4	0.63801	0.63723	0.999995	487	0	-0.089476	0.47387	0.47184	0.723811	113	0	-0.089476
POU4F2	4	0.63844	0.63771	0.999995	488	0	-0.069405	0.47387	0.47184	0.723811	162	0	-0.069405
EPHA3	4	0.63887	0.63806	0.999995	489	0	-0.13238	0.47387	0.47184	0.723811	417	0	-0.13238
DUSP10	4	0.6393	0.63849	0.999995	490	0	-0.12695	0.85447	0.85496	0.999995	814	0	-0.12695
ULK1	4	0.63973	0.63894	0.999995	491	0	-0.01361	0.47387	0.47184	0.723811	200	0	-0.01361
VIM	4	0.64016	0.6393	0.999995	492	0	-0.008544	0.47387	0.47184	0.723811	260	0	-0.008544
H1FOO	4	0.64059	0.6397	0.999995	493	0	-0.021016	0.47387	0.47184	0.723811	666	0	-0.021016
MAP4K4	4	0.64102	0.64019	0.999995	494	0	-0.090633	0.47387	0.47184	0.723811	587	0	-0.090633
CSTF2T	4	0.64187	0.64103	0.999995	495	0	-0.0032978	0.47387	0.47184	0.723811	357	0	-0.0032978
IKBKE	4	0.64358	0.64295	0.999995	496	0	-0.0067406	0.47387	0.47184	0.723811	536	0	-0.0067406
EZH2	4	0.644	0.64355	0.999995	497	0	-0.067356	0.47387	0.47184	0.723811	641	0	-0.067356
TPBG	4	0.64443	0.6439	0.999995	498	0	0	0.47387	0.47184	0.723811	222	0	0
TLN1	4	0.64485	0.64433	0.999995	499	0	-0.15496	0.85684	0.85715	0.999995	818	0	-0.15496
MTUS1	4	0.6457	0.64537	0.999995	500	0	-0.085981	0.47387	0.47184	0.723811	121	0	-0.085981
MAT1A	4	0.64697	0.64641	0.999995	501	0	-0.12082	0.47387	0.47184	0.723811	586	0	-0.12082
FOXB1	4	0.64739	0.64673	0.999995	502	0	-0.052486	0.47387	0.47184	0.723811	622	0	-0.052486
EAF1	4	0.64782	0.64709	0.999995	503	0	-0.24094	0.98023	0.98045	0.999995	953	0	-0.24094
L3MBTL2	4	0.6495	0.6487	0.999995	504	0	-0.069786	0.47387	0.47184	0.723811	615	0	-0.069786
GDI2	8	0.65027	0.6534	0.999995	505	1	-0.21742	0.72319	0.7228	0.999995	711	0	-0.21742
EAF2	4	0.65076	0.65014	0.999995	506	0	-0.017226	0.47387	0.47184	0.723811	406	0	-0.017226
ABL1	4	0.65118	0.65063	0.999995	507	0	-0.0041875	0.47387	0.47184	0.723811	475	0	-0.0041875
EPS15L1	4	0.65243	0.65186	0.999995	508	0	-0.24619	0.47387	0.47184	0.723811	418	0	-0.24619
LSM14A	4	0.65285	0.6523	0.999995	509	0	-0.04538	0.47387	0.47184	0.723811	592	0	-0.04538
HRAS	4	0.65368	0.65315	0.999995	510	0	-0.11667	0.47387	0.47184	0.723811	554	0	-0.11667
MORF4L2	4	0.6541	0.65345	0.999995	511	0	-0.11432	0.47387	0.47184	0.723811	126	0	-0.11432
GOLPH3L	4	0.65493	0.65427	0.999995	512	0	-0.10469	0.78627	0.7865	0.999995	746	0	-0.10469
MED12L	4	0.65576	0.65515	0.999995	513	0	-0.20766	0.47387	0.47184	0.723811	546	0	-0.20766
MRGPRX2	4	0.65618	0.65561	0.999995	514	0	-0.039509	0.47387	0.47184	0.723811	129	0	-0.039509
MYCN	4	0.65783	0.65732	0.999995	515	0	-0.067632	0.47387	0.47184	0.723811	136	0	-0.067632
SPOPL	4	0.65824	0.65765	0.999995	516	0	-0.091831	0.90644	0.90506	0.999995	875	0	-0.091831
RAD17	3	0.65835	0.65773	0.999995	517	0	-0.11171	0.38224	0.38045	0.723811	18	0	-0.11171
GOLT1A	4	0.65866	0.65798	0.999995	518	0	-0.11271	0.47387	0.47184	0.723811	691	0	-0.11271
TPST2	4	0.65948	0.65889	0.999995	519	0	-0.091905	0.47387	0.47184	0.723811	190	0	-0.091905
IMPDH1	4	0.6603	0.65968	0.999995	520	0	-0.13223	0.47387	0.47184	0.723811	532	0	-0.13223
MTX1	3	0.6634	0.66287	0.999995	521	0	-0.14417	0.83294	0.83348	0.999995	798	0	-0.14417
SAP30	4	0.66398	0.66314	0.999995	522	0	-0.0023101	0.47387	0.47184	0.723811	68	0	-0.0023101
IFIH1	4	0.66561	0.66495	0.999995	523	0	-0.17235	0.47387	0.47184	0.723811	566	0	-0.17235
CYP26C1	4	0.66601	0.66522	0.999995	524	0	-0.0014216	0.47387	0.47184	0.723811	375	0	-0.0014216
DDX17	4	0.66642	0.66565	0.999995	525	0	-0.0050085	0.47387	0.47184	0.723811	371	0	-0.0050085
TPST1	4	0.66682	0.66611	0.999995	526	0	-0.095272	0.47387	0.47184	0.723811	191	0	-0.095272
COQ10A	4	0.66723	0.6666	0.999995	527	0	-0.057546	0.47387	0.47184	0.723811	391	0	-0.057546
SMARCC1	4	0.66884	0.66837	0.999995	528	0	-0.11448	0.47387	0.47184	0.723811	274	0	-0.11448
EXOC6	4	0.66924	0.66879	0.999995	529	0	-0.1311	0.89158	0.89128	0.999995	859	0	-0.1311
ZNF418	4	0.66965	0.66913	0.999995	530	0	0	0.47387	0.47184	0.723811	247	0	0
IRF6	4	0.67045	0.6699	0.999995	531	0	-0.1195	0.47387	0.47184	0.723811	548	0	-0.1195
STAM	4	0.67125	0.67071	0.999995	532	0	-0.14014	0.47387	0.47184	0.723811	352	0	-0.14014
ARID4A	4	0.67205	0.67161	0.999995	533	0	-0.1067	0.80069	0.80086	0.999995	758	0	-0.1067
LDB1	8	0.67245	0.67341	0.999995	534	1	-0.19092	0.72319	0.7228	0.999995	716	0	-0.19092
SEC31B	4	0.67245	0.67211	0.999995	535	0	-0.14391	0.47387	0.47184	0.723811	295	0	-0.14391
FBLN1	4	0.67285	0.67244	0.999995	536	0	-0.022438	0.47387	0.47184	0.723811	636	0	-0.022438
ARFIP2	4	0.67365	0.67317	0.999995	537	0	-0.1171	0.87867	0.87902	0.999995	847	0	-0.1171
HNRNPH3	4	0.67405	0.67354	0.999995	538	0	-0.074436	0.47387	0.47184	0.723811	560	0	-0.074436
UAP1	4	0.67484	0.67441	0.999995	539	0	-0.023393	0.47387	0.47184	0.723811	205	0	-0.023393
BATF3	4	0.67524	0.67488	0.999995	540	0	-0.18814	0.94866	0.94821	0.999995	917	0	-0.18814
CYP2C8	4	0.67603	0.67568	0.999995	541	0	-0.12327	0.47387	0.47184	0.723811	377	0	-0.12327
ABCB1	4	0.67683	0.67638	0.999995	542	0	-0.068905	0.47387	0.47184	0.723811	471	0	-0.068905
DGAT1	4	0.67722	0.67671	0.999995	543	0	-0.081026	0.47387	0.47184	0.723811	423	0	-0.081026
FAM71B	4	0.67762	0.67699	0.999995	544	0	0	0.47387	0.47184	0.723811	637	0	0
GRIP1	4	0.6788	0.67811	0.999995	545	0	-0.15381	0.79597	0.79627	0.999995	755	0	-0.15381
UNC119	4	0.67958	0.679	0.999995	546	0	-0.18145	0.93989	0.9393	0.999995	908	0	-0.18145
DDX39A	4	0.68076	0.68005	0.999995	547	0	-0.0074025	0.47387	0.47184	0.723811	428	0	-0.0074025
RNF125	4	0.68194	0.68139	0.999995	548	0	-0.0079058	0.47387	0.47184	0.723811	94	0	-0.0079058
MCPH1	4	0.68311	0.68255	0.999995	549	0	-0.06513	0.47387	0.47184	0.723811	596	0	-0.06513
RNF10	4	0.6835	0.68291	0.999995	550	0	-0.10847	0.77804	0.77854	0.999995	739	0	-0.10847
RANBP17	4	0.68544	0.68482	0.999995	551	0	-0.16867	0.47387	0.47184	0.723811	29	0	-0.16867
TBK1	4	0.68583	0.68523	0.999995	552	0	-0.19268	0.47387	0.47184	0.723811	317	0	-0.19268
EPHA2	4	0.68621	0.68568	0.999995	553	0	0	0.47387	0.47184	0.723811	410	0	0
TYMS	4	0.68699	0.68639	0.999995	554	0	-0.1231	0.47387	0.47184	0.723811	201	0	-0.1231
DRD3	4	0.68737	0.68682	0.999995	555	0	-0.14137	0.47387	0.47184	0.723811	442	0	-0.14137
RNF38	4	0.68776	0.68713	0.999995	556	0	-0.18524	0.84985	0.85043	0.999995	810	0	-0.18524
COPS7B	4	0.68853	0.68791	0.999995	557	0	-0.14207	0.47387	0.47184	0.723811	399	0	-0.14207
MMD2	4	0.68968	0.68899	0.999995	558	0	-0.043304	0.47387	0.47184	0.723811	557	0	-0.043304
SPOP	4	0.69006	0.68952	0.999995	559	0	-0.069238	0.81305	0.81386	0.999995	776	0	-0.069238
EPS15	4	0.69121	0.69062	0.999995	560	0	-0.051662	0.47387	0.47184	0.723811	416	0	-0.051662
CNOT7	4	0.69159	0.69109	0.999995	561	0	-0.019058	0.80397	0.8041	0.999995	761	0	-0.019058
CTSZ	4	0.69236	0.692	0.999995	562	0	-0.17371	0.47387	0.47184	0.723811	367	0	-0.17371
FAM126A	4	0.69274	0.6923	0.999995	563	0	-0.20986	0.85512	0.85562	0.999995	815	0	-0.20986
NSDHL	4	0.69312	0.69263	0.999995	564	0	-0.089629	0.80586	0.80601	0.999995	763	0	-0.089629
CCDC69	4	0.69388	0.69334	0.999995	565	0	-0.052471	0.47387	0.47184	0.723811	488	0	-0.052471
MYBPHL	4	0.69426	0.69377	0.999995	566	0	-0.13619	0.47387	0.47184	0.723811	137	0	-0.13619
BCAP31	4	0.69464	0.69418	0.999995	567	0	-0.13914	0.47387	0.47184	0.723811	513	0	-0.13914
ARPC5	4	0.6954	0.69514	0.999995	568	0	-0.1398	0.84535	0.84605	0.999995	806	0	-0.1398
RBPJ	4	0.69577	0.6955	0.999995	569	0	-0.041181	0.47387	0.47184	0.723811	36	0	-0.041181
DGKI	4	0.69615	0.69589	0.999995	570	0	-0.039045	0.47387	0.47184	0.723811	424	0	-0.039045
SAFB2	4	0.69653	0.69632	0.999995	571	0	-0.1183	0.47387	0.47184	0.723811	74	0	-0.1183
PACS2	4	0.69728	0.69693	0.999995	572	0	-0.06053	0.47387	0.47184	0.723811	168	0	-0.06053
IDH1	4	0.70066	0.70057	0.999995	573	0	-0.026861	0.47387	0.47184	0.723811	564	0	-0.026861
HMG20B	4	0.70215	0.70183	0.999995	574	0	-0.08013	0.76336	0.7636	0.999995	728	0	-0.08013
CLASP1	4	0.70326	0.7029	0.999995	575	0	-0.093124	0.47387	0.47184	0.723811	387	0	-0.093124
FEZ2	4	0.70363	0.70332	0.999995	576	0	-0.11582	0.47387	0.47184	0.723811	639	0	-0.11582
CNOT6	4	0.70732	0.70666	0.999995	577	0	-0.022707	0.47387	0.47184	0.723811	389	0	-0.022707
ZIC3	4	0.70769	0.70695	0.999995	578	0	-0.047146	0.47387	0.47184	0.723811	231	0	-0.047146
GJA8	4	0.70806	0.70736	0.999995	579	0	-0.038296	0.47387	0.47184	0.723811	685	0	-0.038296
AOX1	4	0.70952	0.70892	0.999995	580	0	-0.096167	0.80613	0.80628	0.999995	764	0	-0.096167
SNRPN	4	0.71025	0.70973	0.999995	581	0	0	0.47387	0.47184	0.723811	291	0	0
KCNG4	4	0.71061	0.71009	0.999995	582	0	-0.054946	0.47387	0.47184	0.723811	573	0	-0.054946
REG3A	4	0.71134	0.71076	0.999995	583	0	-0.001199	0.47387	0.47184	0.723811	86	0	-0.001199
PTF1A	4	0.7117	0.71112	0.999995	584	0	-0.12826	0.47387	0.47184	0.723811	42	0	-0.12826
FLOT1	4	0.71207	0.71151	0.999995	585	0	0	0.47387	0.47184	0.723811	647	0	0
SPHKAP	4	0.71243	0.71192	0.999995	586	0	0	0.47387	0.47184	0.723811	336	0	0
PHLDA2	4	0.71279	0.71217	0.999995	587	0	-0.055355	0.47387	0.47184	0.723811	148	0	-0.055355
CDC34	4	0.7146	0.71377	0.999995	588	0	-0.18011	0.92762	0.9268	0.999995	896	0	-0.18011
NETO1	4	0.71568	0.71497	0.999995	589	0	0	0.47387	0.47184	0.723811	97	0	0
SBF2	3	0.71569	0.71669	0.999995	590	0	-0.096614	0.79466	0.79552	0.999995	753	0	-0.096614
VPS26B	4	0.71675	0.71602	0.999995	591	0	-0.15297	0.47387	0.47184	0.723811	266	0	-0.15297
PRKAB2	4	0.71711	0.71637	0.999995	592	0	-0.12036	0.77383	0.77441	0.999995	736	0	-0.12036
PLXDC1	8	0.71744	0.71732	0.999995	593	0	-0.1873	0.72319	0.7228	0.999995	720	0	-0.1873
CDS1	4	0.71818	0.71737	0.999995	594	0	-0.17498	0.90456	0.90343	0.999995	871	0	-0.17498
LGALS9	4	0.71854	0.71775	0.999995	595	0	-0.1027	0.82181	0.82266	0.999995	785	0	-0.1027
GSTP1	4	0.7189	0.71815	0.999995	596	0	-0.13571	0.97752	0.97776	0.999995	947	0	-0.13571
ADGRG7	4	0.71925	0.71857	0.999995	597	0	-0.17451	0.47387	0.47184	0.723811	482	0	-0.17451
ERO1A	4	0.71961	0.71898	0.999995	598	0	-0.01866	0.47387	0.47184	0.723811	415	0	-0.01866
TMEM9	4	0.72032	0.71958	0.999995	599	0	-0.11898	0.47387	0.47184	0.723811	209	0	-0.11898
GPSM1	4	0.72244	0.72173	0.999995	600	0	-0.12178	0.47387	0.47184	0.723811	676	0	-0.12178
EZH1	4	0.72385	0.72318	0.999995	601	0	-0.15699	0.93978	0.93916	0.999995	907	0	-0.15699
SEC31A	4	0.7242	0.72357	0.999995	602	0	-0.028401	0.47387	0.47184	0.723811	293	0	-0.028401
DMP1	4	0.72455	0.72397	0.999995	603	0	-0.20252	0.47387	0.47184	0.723811	439	0	-0.20252
SAR1B	4	0.7249	0.72446	0.999995	604	0	-0.14828	0.88841	0.88832	0.999995	855	0	-0.14828
H2AFX	4	0.72525	0.72479	0.999995	605	0	-0.058743	0.47387	0.47184	0.723811	673	0	-0.058743
AP3M1	4	0.7256	0.72511	0.999995	606	0	-0.066	0.47387	0.47184	0.723811	453	0	-0.066
CAP1	4	0.72595	0.72541	0.999995	607	0	-0.12948	0.93264	0.93183	0.999995	903	0	-0.12948
TRIM25	4	0.7263	0.72577	0.999995	608	0	-0.10895	0.80096	0.8011	0.999995	759	0	-0.10895
KIT	8	0.72647	0.72601	0.999995	609	0	-0.005364	0.72319	0.7228	0.999995	718	0	-0.005364
PPP2R1B	4	0.727	0.72649	0.999995	610	0	-0.090156	0.88517	0.88516	0.999995	852	0	-0.090156
DPCR1	4	0.7277	0.72712	0.999995	611	0	-0.057305	0.88983	0.88965	0.999995	856	0	-0.057305
CYFIP1	4	0.72874	0.72811	0.999995	612	0	-0.020608	0.47387	0.47184	0.723811	374	0	-0.020608
XRCC4	4	0.72978	0.72905	0.999995	613	0	-0.12261	0.95456	0.95434	0.999995	921	0	-0.12261
CLIP4	4	0.73081	0.73005	0.999995	614	0	-0.078384	0.47387	0.47184	0.723811	381	0	-0.078384
MTUS2	4	0.73288	0.73198	0.999995	615	0	-0.114	0.47387	0.47184	0.723811	123	0	-0.114
TAP1	4	0.73322	0.73226	0.999995	616	0	-0.010002	0.47387	0.47184	0.723811	322	0	-0.010002
CDK8	4	0.73356	0.7327	0.999995	617	0	-0.15	0.87771	0.87807	0.999995	845	0	-0.15
XYLT1	4	0.73425	0.73355	0.999995	618	0	-0.095465	0.47387	0.47184	0.723811	265	0	-0.095465
IL6ST	4	0.73595	0.73527	0.999995	619	0	-0.10431	0.47387	0.47184	0.723811	539	0	-0.10431
ATP7B	4	0.73866	0.73818	0.999995	620	0	-0.092347	0.47387	0.47184	0.723811	517	0	-0.092347
GYS1	4	0.73933	0.73885	0.999995	621	0	-0.071695	0.47387	0.47184	0.723811	659	0	-0.071695
NLRP8	4	0.74235	0.7418	0.999995	622	0	-0.061526	0.47387	0.47184	0.723811	115	0	-0.061526
ARHGEF6	4	0.74335	0.74287	0.999995	623	0	-0.069582	0.47387	0.47184	0.723811	460	0	-0.069582
FCRL3	4	0.74401	0.74355	0.999995	624	0	-0.077911	0.47387	0.47184	0.723811	638	0	-0.077911
HASPIN	4	0.74567	0.74534	0.999995	625	0	-0.090662	0.47387	0.47184	0.723811	674	0	-0.090662
ZEB1	4	0.746	0.74566	0.999995	626	0	-0.15659	0.7714	0.7718	0.999995	734	0	-0.15659
CAB39L	4	0.7483	0.7483	0.999995	627	0	-0.076507	0.47387	0.47184	0.723811	521	0	-0.076507
TMEM9B	4	0.74896	0.74909	0.999995	628	0	-0.08937	0.47387	0.47184	0.723811	211	0	-0.08937
TMEM30B	4	0.74994	0.75006	0.999995	629	0	0	0.47387	0.47184	0.723811	207	0	0
VRTN	4	0.75026	0.75035	0.999995	630	0	-0.076967	0.47387	0.47184	0.723811	268	0	-0.076967
DMD	4	0.75091	0.7511	0.999995	631	0	-0.0018106	0.47387	0.47184	0.723811	432	0	-0.0018106
SLC10A2	4	0.75156	0.75172	0.999995	632	0	-0.093964	0.47387	0.47184	0.723811	311	0	-0.093964
GMPR2	4	0.75221	0.75234	0.999995	633	0	-0.092619	0.89314	0.89286	0.999995	862	0	-0.092619
CLASP2	4	0.75286	0.75302	0.999995	634	0	-0.11699	0.47387	0.47184	0.723811	380	0	-0.11699
LHFPL5	4	0.75318	0.75332	0.999995	635	0	-0.046356	0.47387	0.47184	0.723811	580	0	-0.046356
AXL	4	0.75351	0.75359	0.999995	636	0	-0.031058	0.47387	0.47184	0.723811	509	0	-0.031058
PLXDC2	4	0.75447	0.75452	0.999995	637	0	-0.08394	0.47387	0.47184	0.723811	143	0	-0.08394
SLC25A2	4	0.75576	0.75579	0.999995	638	0	-0.12	0.47387	0.47184	0.723811	306	0	-0.12
CCNE2	4	0.75608	0.75605	0.999995	639	0	-0.072051	0.47387	0.47184	0.723811	489	0	-0.072051
TNR	4	0.75863	0.75868	0.999995	640	0	-0.092659	0.91546	0.91445	0.999995	887	0	-0.092659
SERPINA11	4	0.75927	0.75936	0.999995	641	0	-0.012654	0.47387	0.47184	0.723811	297	0	-0.012654
HTR2C	4	0.76053	0.76077	0.999995	642	0	0	0.47387	0.47184	0.723811	569	0	0
HTR3E	4	0.76148	0.76169	0.999995	643	0	-0.08604	0.47387	0.47184	0.723811	572	0	-0.08604
NXT1	4	0.76179	0.76202	0.999995	644	0	0	0.47387	0.47184	0.723811	170	0	0
NCK1	4	0.76274	0.7629	0.999995	645	0	0	0.47387	0.47184	0.723811	104	0	0
ABTB2	4	0.76305	0.76325	0.999995	646	0	0	0.47387	0.47184	0.723811	474	0	0
SEC11C	4	0.76399	0.76417	0.999995	647	0	-0.023685	0.47387	0.47184	0.723811	300	0	-0.023685
FLNB	4	0.76461	0.76477	0.999995	648	0	-0.0043926	0.47387	0.47184	0.723811	655	0	-0.0043926
TOMM20L	4	0.76524	0.76545	0.999995	649	0	-0.082142	0.47387	0.47184	0.723811	227	0	-0.082142
SHMT2	4	0.76648	0.76675	0.999995	650	0	-0.051312	0.84761	0.84827	0.999995	809	0	-0.051312
GDI1	4	0.7671	0.76745	0.999995	651	0	-0.042845	0.47387	0.47184	0.723811	684	0	-0.042845
NDEL1	4	0.76741	0.76777	0.999995	652	0	-0.095906	0.47387	0.47184	0.723811	102	0	-0.095906
PDCD4	4	0.76772	0.7681	0.999995	653	0	0	0.47387	0.47184	0.723811	182	0	0
ACTL7A	4	0.76925	0.76957	0.999995	654	0	-0.15612	0.47387	0.47184	0.723811	468	0	-0.15612
CALY	4	0.77018	0.77045	0.999995	655	0	-0.12089	0.47387	0.47184	0.723811	523	0	-0.12089
TTC23	4	0.77048	0.77081	0.999995	656	0	-0.094323	0.80151	0.80161	0.999995	760	0	-0.094323
KRT25	4	0.77079	0.7711	0.999995	657	0	-0.086912	0.47387	0.47184	0.723811	598	0	-0.086912
BICD1	4	0.77109	0.77146	0.999995	658	0	-0.10065	0.47387	0.47184	0.723811	519	0	-0.10065
ENOX1	4	0.77262	0.77318	0.999995	659	0	-0.023031	0.47387	0.47184	0.723811	401	0	-0.023031
AP2A2	4	0.77322	0.77388	0.999995	660	0	-0.040855	0.47387	0.47184	0.723811	451	0	-0.040855
KCNT1	4	0.77383	0.77441	0.999995	661	0	-0.020563	0.47387	0.47184	0.723811	602	0	-0.020563
PCBD1	4	0.77504	0.77561	0.999995	662	0	-0.016313	0.47387	0.47184	0.723811	167	0	-0.016313
SLC9A3R1	4	0.77534	0.77588	0.999995	663	0	-0.083761	0.47387	0.47184	0.723811	276	0	-0.083761
GSX1	4	0.77564	0.77606	0.999995	664	0	-0.031886	0.47387	0.47184	0.723811	658	0	-0.031886
NHLRC1	4	0.77624	0.77672	0.999995	665	0	-0.046996	0.47387	0.47184	0.723811	101	0	-0.046996
MTMR4	4	0.77774	0.77822	0.999995	666	0	-0.096463	0.91474	0.91367	0.999995	885	0	-0.096463
ICK	4	0.77863	0.77915	0.999995	667	0	-0.11725	0.90876	0.90757	0.999995	878	0	-0.11725
UTRN	4	0.77893	0.77941	0.999995	668	0	-0.091342	0.47387	0.47184	0.723811	252	0	-0.091342
SLC35F3	4	0.77982	0.78031	0.999995	669	0	-0.0062757	0.47387	0.47184	0.723811	277	0	-0.0062757
MBD4	8	0.78	0.77925	0.999995	670	0	-0.022925	0.72319	0.7228	0.999995	702	0	-0.022925
NCOR2	4	0.78012	0.78056	0.999995	671	0	-0.069857	0.47387	0.47184	0.723811	107	0	-0.069857
SBNO2	4	0.78041	0.78082	0.999995	672	0	-0.020094	0.47387	0.47184	0.723811	70	0	-0.020094
PMM2	4	0.781	0.78141	0.999995	673	0	-0.14188	0.96108	0.96078	0.999995	928	0	-0.14188
MYBL2	4	0.78159	0.78206	0.999995	674	0	-0.11836	0.83437	0.83482	0.999995	799	0	-0.11836
ATAD2	4	0.78218	0.78268	0.999995	675	0	-0.031292	0.47387	0.47184	0.723811	457	0	-0.031292
PGLS	4	0.78336	0.78382	0.999995	676	0	0	0.47387	0.47184	0.723811	178	0	0
RIC8B	4	0.78394	0.78452	0.999995	677	0	-0.082745	0.91804	0.91718	0.999995	890	0	-0.082745
STX17	4	0.78453	0.78502	0.999995	678	0	-0.061815	0.47387	0.47184	0.723811	348	0	-0.061815
TRAPPC3L	4	0.78627	0.7865	0.999995	679	0	-0.059121	0.47387	0.47184	0.723811	192	0	-0.059121
CRY1	4	0.78801	0.7883	0.999995	680	0	-0.075569	0.47387	0.47184	0.723811	366	0	-0.075569
BRSK2	4	0.78858	0.78889	0.999995	681	0	-0.069614	0.47387	0.47184	0.723811	525	0	-0.069614
CNOT6L	4	0.78887	0.78911	0.999995	682	0	-0.019725	0.47387	0.47184	0.723811	396	0	-0.019725
TMEM120A	4	0.78916	0.78938	0.999995	683	0	-0.010886	0.47387	0.47184	0.723811	212	0	-0.010886
GMPR	4	0.78973	0.79002	0.999995	684	0	-0.079273	0.47387	0.47184	0.723811	679	0	-0.079273
RXFP3	4	0.79088	0.79126	0.999995	685	0	-0.091993	0.47387	0.47184	0.723811	73	0	-0.091993
CHSY3	4	0.79258	0.79296	0.999995	686	0	-0.00097662	0.47387	0.47184	0.723811	388	0	-0.00097662
RB1	4	0.79287	0.79329	0.999995	687	0	-0.00077147	0.47387	0.47184	0.723811	28	0	-0.00077147
CCND3	4	0.79315	0.79364	0.999995	688	0	-0.088194	0.77714	0.77762	0.999995	738	0	-0.088194
CD72	4	0.79372	0.79412	0.999995	689	0	-0.085228	0.77353	0.77411	0.999995	735	0	-0.085228
PSEN2	4	0.794	0.79438	0.999995	690	0	-0.010206	0.47387	0.47184	0.723811	55	0	-0.010206
INTS6L	4	0.79428	0.79467	0.999995	691	0	-0.044447	0.47387	0.47184	0.723811	531	0	-0.044447
STRIP2	4	0.79456	0.79493	0.999995	692	0	-0.0034837	0.47387	0.47184	0.723811	356	0	-0.0034837
PTPN14	4	0.79484	0.79522	0.999995	693	0	-0.0017171	0.47387	0.47184	0.723811	47	0	-0.0017171
CDK16	4	0.79512	0.79542	0.999995	694	0	-0.037767	0.47387	0.47184	0.723811	506	0	-0.037767
DGAT2L6	4	0.7954	0.79562	0.999995	695	0	-0.0666	0.47387	0.47184	0.723811	422	0	-0.0666
TLN2	4	0.79569	0.79589	0.999995	696	0	-0.088507	0.47387	0.47184	0.723811	213	0	-0.088507
GPSM2	4	0.79653	0.79699	0.999995	697	0	-0.024786	0.47387	0.47184	0.723811	663	0	-0.024786
JUP	4	0.7968	0.79718	0.999995	698	0	0	0.47387	0.47184	0.723811	544	0	0
RANBP9	4	0.79792	0.79834	0.999995	699	0	-0.14601	0.92096	0.9203	0.999995	892	0	-0.14601
SPATA21	4	0.79847	0.79897	0.999995	700	0	-0.068495	0.47387	0.47184	0.723811	344	0	-0.068495
SPTLC3	4	0.79875	0.79914	0.999995	701	0	-0.10436	0.47387	0.47184	0.723811	340	0	-0.10436
SAR1A	8	0.79887	0.79815	0.999995	702	0	-0.18265	0.72319	0.7228	0.999995	709	0	-0.18265
ERN1	4	0.79986	0.80006	0.999995	703	0	-0.029894	0.47387	0.47184	0.723811	411	0	-0.029894
SLC25A15	4	0.80041	0.80062	0.999995	704	0	-0.018735	0.47387	0.47184	0.723811	304	0	-0.018735
GBX2	4	0.80096	0.8011	0.999995	705	0	-0.014029	0.47387	0.47184	0.723811	683	0	-0.014029
TAS1R2	4	0.80124	0.80133	0.999995	706	0	-0.07965	0.47387	0.47184	0.723811	315	0	-0.07965
JAG2	4	0.80206	0.80215	0.999995	707	0	-0.098193	0.47387	0.47184	0.723811	542	0	-0.098193
ATAD2B	4	0.80233	0.80239	0.999995	708	0	-0.12509	0.47387	0.47184	0.723811	459	0	-0.12509
HRH1	4	0.80288	0.80288	0.999995	709	0	-0.12174	0.47387	0.47184	0.723811	556	0	-0.12174
ARPC5L	4	0.8037	0.80377	0.999995	710	0	-0.14404	0.90691	0.90542	0.999995	876	0	-0.14404
KCNT2	4	0.80532	0.80532	0.999995	711	0	-0.049065	0.8154	0.81623	0.999995	777	0	-0.049065
PLCG1	4	0.80559	0.80561	0.999995	712	0	-0.016253	0.47387	0.47184	0.723811	151	0	-0.016253
WRN	4	0.80586	0.80601	0.999995	713	0	-0.12887	0.47387	0.47184	0.723811	262	0	-0.12887
TOP2B	4	0.80694	0.80705	0.999995	714	0	-0.033206	0.47387	0.47184	0.723811	218	0	-0.033206
RNF44	4	0.80721	0.80738	0.999995	715	0	-0.0099603	0.47387	0.47184	0.723811	87	0	-0.0099603
MACF1	4	0.80828	0.80862	0.999995	716	0	-0.034334	0.77833	0.77886	0.999995	740	0	-0.034334
AP1G1	4	0.80882	0.8093	0.999995	717	0	-0.12454	0.85663	0.85696	0.999995	817	0	-0.12454
ABCA3	4	0.81041	0.81107	0.999995	718	0	-0.027645	0.47387	0.47184	0.723811	472	0	-0.027645
PLD2	4	0.81068	0.81129	0.999995	719	0	-0.08167	0.47387	0.47184	0.723811	142	0	-0.08167
STRIP1	4	0.81173	0.81227	0.999995	720	0	-0.11486	0.78569	0.78598	0.999995	744	0	-0.11486
CHMP1B	4	0.812	0.81257	0.999995	721	0	-0.015284	0.47387	0.47184	0.723811	385	0	-0.015284
FLOT2	4	0.81331	0.81417	0.999995	722	0	-0.037758	0.47387	0.47184	0.723811	646	0	-0.037758
ALAS1	8	0.81336	0.81242	0.999995	723	0	-0.020016	0.72319	0.7228	0.999995	715	0	-0.020016
IL10RA	4	0.8141	0.81493	0.999995	724	0	-0.062436	0.47387	0.47184	0.723811	538	0	-0.062436
SP110	4	0.81462	0.81547	0.999995	725	0	-0.088407	0.47387	0.47184	0.723811	343	0	-0.088407
RHOBTB2	4	0.81514	0.81598	0.999995	726	0	0	0.47387	0.47184	0.723811	77	0	0
ARFGEF2	4	0.8154	0.81623	0.999995	727	0	-0.026282	0.47387	0.47184	0.723811	447	0	-0.026282
MECOM	4	0.81566	0.81655	0.999995	728	0	-0.0223	0.47387	0.47184	0.723811	603	0	-0.0223
CHM	4	0.81592	0.81684	0.999995	729	0	-0.012266	0.47387	0.47184	0.723811	443	0	-0.012266
AP1G2	4	0.81669	0.8176	0.999995	730	0	-0.13387	0.83196	0.83252	0.999995	797	0	-0.13387
ERO1B	4	0.81695	0.81793	0.999995	731	0	-0.0022486	0.47387	0.47184	0.723811	414	0	-0.0022486
VANGL1	4	0.81773	0.81869	0.999995	732	0	0	0.47387	0.47184	0.723811	254	0	0
NCKAP1	4	0.81927	0.82006	0.999995	733	0	-0.032638	0.47387	0.47184	0.723811	105	0	-0.032638
KLF5	4	0.81952	0.82022	0.999995	734	0	-0.053371	0.47387	0.47184	0.723811	597	0	-0.053371
CRYBB2	4	0.81978	0.82052	0.999995	735	0	0	0.47387	0.47184	0.723811	365	0	0
SPTA1	4	0.82029	0.82107	0.999995	736	0	-0.023339	0.47387	0.47184	0.723811	338	0	-0.023339
FRY	4	0.82105	0.82199	0.999995	737	0	-0.035048	0.47387	0.47184	0.723811	617	0	-0.035048
DST	4	0.8213	0.82221	0.999995	738	0	-0.0024865	0.47387	0.47184	0.723811	441	0	-0.0024865
LIM2	4	0.82232	0.82319	0.999995	739	0	0	0.47387	0.47184	0.723811	581	0	0
PRDM13	4	0.82257	0.82341	0.999995	740	0	0	0.47387	0.47184	0.723811	155	0	0
GDF15	4	0.82332	0.82413	0.999995	741	0	-0.040428	0.84098	0.84142	0.999995	804	0	-0.040428
FAM71A	4	0.82433	0.8251	0.999995	742	0	-0.053577	0.47387	0.47184	0.723811	644	0	-0.053577
SMAP2	4	0.82533	0.82602	0.999995	743	0	-0.0867	0.47387	0.47184	0.723811	272	0	-0.0867
XDH	4	0.82558	0.82625	0.999995	744	0	-0.0063139	0.47387	0.47184	0.723811	261	0	-0.0063139
PUM1	4	0.82607	0.82672	0.999995	745	0	-0.12047	0.94221	0.94144	0.999995	910	0	-0.12047
CPS1	4	0.82632	0.82697	0.999995	746	0	-0.0532	0.47387	0.47184	0.723811	394	0	-0.0532
SRI	4	0.82657	0.82716	0.999995	747	0	-0.081788	0.47387	0.47184	0.723811	339	0	-0.081788
TOMM40L	4	0.82707	0.82763	0.999995	748	0	-0.089434	0.47387	0.47184	0.723811	226	0	-0.089434
SS18	4	0.82731	0.82785	0.999995	749	0	-0.023901	0.47387	0.47184	0.723811	346	0	-0.023901
CD44	4	0.82781	0.82834	0.999995	750	0	-0.050047	0.47387	0.47184	0.723811	505	0	-0.050047
ADAP2	4	0.82805	0.82853	0.999995	751	0	-0.17548	0.84625	0.84689	0.999995	808	0	-0.17548
KRT74	4	0.82855	0.82897	0.999995	752	0	-0.042968	0.47387	0.47184	0.723811	612	0	-0.042968
CAT	4	0.82953	0.82994	0.999995	753	0	-0.081206	0.80935	0.8098	0.999995	771	0	-0.081206
CYP2A6	4	0.82977	0.83021	0.999995	754	0	-0.11386	0.82232	0.82319	0.999995	786	0	-0.11386
TIMM23B	4	0.83026	0.83074	0.999995	755	0	-0.010058	0.47387	0.47184	0.723811	327	0	-0.010058
TUBB4B	8	0.83048	0.82966	0.999995	756	0	-0.048792	0.72319	0.7228	0.999995	722	0	-0.048792
MYBPH	4	0.83123	0.83177	0.999995	757	0	-0.046417	0.47387	0.47184	0.723811	122	0	-0.046417
ATOH1	4	0.83196	0.83252	0.999995	758	0	-0.040815	0.47387	0.47184	0.723811	458	0	-0.040815
GXYLT1	4	0.83293	0.83343	0.999995	759	0	-0.057864	0.47387	0.47184	0.723811	660	0	-0.057864
RAP1GAP2	4	0.83365	0.83404	0.999995	760	0	-0.00078011	0.47387	0.47184	0.723811	31	0	-0.00078011
ESRP2	4	0.83389	0.83432	0.999995	761	0	-0.061093	0.47387	0.47184	0.723811	642	0	-0.061093
ITGB1BP2	4	0.83437	0.83482	0.999995	762	0	-0.0046823	0.47387	0.47184	0.723811	551	0	-0.0046823
CHUK	8	0.83473	0.8339	0.999995	763	0	-0.13239	0.72319	0.7228	0.999995	706	0	-0.13239
MYH7	4	0.83509	0.83537	0.999995	764	0	-0.063676	0.47387	0.47184	0.723811	140	0	-0.063676
TBR1	4	0.8358	0.83612	0.999995	765	0	-0.16307	0.97128	0.97147	0.999995	939	0	-0.16307
FKBP4	4	0.83604	0.83633	0.999995	766	0	-0.078553	0.8283	0.82876	0.999995	793	0	-0.078553
AP5M1	4	0.83817	0.83855	0.999995	767	0	-0.10215	0.47387	0.47184	0.723811	452	0	-0.10215
CDK5R2	4	0.83841	0.83883	0.999995	768	0	-0.10293	0.91747	0.9166	0.999995	888	0	-0.10293
SMARCC2	4	0.83888	0.8394	0.999995	769	0	-0.057298	0.47387	0.47184	0.723811	281	0	-0.057298
FKBP9	4	0.84005	0.84056	0.999995	770	0	-0.055239	0.47387	0.47184	0.723811	653	0	-0.055239
AIPL1	4	0.84028	0.84077	0.999995	771	0	-0.018989	0.47387	0.47184	0.723811	485	0	-0.018989
BTBD11	4	0.84051	0.84097	0.999995	772	0	-0.024837	0.47387	0.47184	0.723811	527	0	-0.024837
ZAP70	4	0.84074	0.84115	0.999995	773	0	-0.027722	0.47387	0.47184	0.723811	236	0	-0.027722
HMGCL	4	0.84098	0.84142	0.999995	774	0	-0.0058518	0.47387	0.47184	0.723811	670	0	-0.0058518
MBP	4	0.84121	0.84168	0.999995	775	0	-0.063457	0.47387	0.47184	0.723811	595	0	-0.063457
APOBEC1	4	0.84144	0.84193	0.999995	776	0	-0.054619	0.47387	0.47184	0.723811	445	0	-0.054619
FUT5	4	0.84375	0.84437	0.999995	777	0	0	0.47387	0.47184	0.723811	619	0	0
ADARB1	4	0.84421	0.84491	0.999995	778	0	-0.076456	0.47387	0.47184	0.723811	476	0	-0.076456
CADPS	4	0.84443	0.8451	0.999995	779	0	-0.0061279	0.47387	0.47184	0.723811	522	0	-0.0061279
IRF4	4	0.84489	0.84555	0.999995	780	0	-0.080719	0.47387	0.47184	0.723811	541	0	-0.080719
NR5A1	4	0.84535	0.84605	0.999995	781	0	-0.0619	0.47387	0.47184	0.723811	118	0	-0.0619
SIX6	4	0.8458	0.84645	0.999995	782	0	-0.085469	0.78598	0.78622	0.999995	745	0	-0.085469
TANC2	3	0.8478	0.84834	0.999995	783	0	-0.037215	0.69984	0.70042	0.999995	699	0	-0.037215
CHRNB3	4	0.84806	0.84876	0.999995	784	0	-0.014844	0.47387	0.47184	0.723811	384	0	-0.014844
ALDOC	4	0.8494	0.85003	0.999995	785	0	-0.09389	0.47387	0.47184	0.723811	477	0	-0.09389
DENND5A	4	0.85029	0.85094	0.999995	786	0	-0.095389	0.47387	0.47184	0.723811	431	0	-0.095389
SEC11A	4	0.85096	0.85154	0.999995	787	0	-0.0456	0.47387	0.47184	0.723811	298	0	-0.0456
RPS7	1	0.85167	0.85194	0.999995	788	0	0	0.14833	0.14884	0.723811	1	0	0
SIK2	4	0.85206	0.85245	0.999995	789	0	-0.0070841	0.47387	0.47184	0.723811	309	0	-0.0070841
SLC25A24	4	0.85228	0.85264	0.999995	790	0	-0.077901	0.78394	0.78452	0.999995	742	0	-0.077901
PSMB9	4	0.85272	0.85301	0.999995	791	0	-0.086582	0.81566	0.81655	0.999995	778	0	-0.086582
EPC1	4	0.85294	0.8532	0.999995	792	0	-0.026099	0.47387	0.47184	0.723811	404	0	-0.026099
TAF9	4	0.85338	0.85372	0.999995	793	0	-0.013379	0.47387	0.47184	0.723811	319	0	-0.013379
AKAP11	4	0.85555	0.85595	0.999995	794	0	-0.074296	0.86151	0.86163	0.999995	827	0	-0.074296
ALAS2	4	0.85577	0.85614	0.999995	795	0	-0.042392	0.47387	0.47184	0.723811	478	0	-0.042392
PLD1	4	0.85641	0.85673	0.999995	796	0	-0.052577	0.47387	0.47184	0.723811	146	0	-0.052577
SLC25A37	4	0.85684	0.85715	0.999995	797	0	-0.072998	0.47387	0.47184	0.723811	307	0	-0.072998
DEGS2	4	0.85706	0.85735	0.999995	798	0	-0.0052441	0.47387	0.47184	0.723811	429	0	-0.0052441
AHCYL2	4	0.85749	0.85779	0.999995	799	0	-0.053993	0.47387	0.47184	0.723811	486	0	-0.053993
TPRX1	4	0.85855	0.85891	0.999995	800	0	-0.003695	0.47387	0.47184	0.723811	206	0	-0.003695
ATM	4	0.85877	0.85907	0.999995	801	0	-0.090008	0.86667	0.86686	0.999995	834	0	-0.090008
CTCFL	4	0.86025	0.86042	0.999995	802	0	0	0.47387	0.47184	0.723811	359	0	0
NCK2	4	0.86109	0.86119	0.999995	803	0	-0.030143	0.47387	0.47184	0.723811	103	0	-0.030143
CEACAM1	4	0.86151	0.86163	0.999995	804	0	-0.064643	0.47387	0.47184	0.723811	502	0	-0.064643
EFNB1	4	0.86193	0.86204	0.999995	805	0	-0.039948	0.47387	0.47184	0.723811	405	0	-0.039948
TAF9B	2	0.86215	0.86091	0.999995	806	0	-0.0068533	0.27465	0.2742	0.723811	6	0	-0.0068533
PLCG2	4	0.86235	0.86252	0.999995	807	0	-0.087653	0.47387	0.47184	0.723811	150	0	-0.087653
DUOX1	4	0.86401	0.86419	0.999995	808	0	-0.029524	0.47387	0.47184	0.723811	434	0	-0.029524
IRF8	4	0.86442	0.86461	0.999995	809	0	-0.020125	0.47387	0.47184	0.723811	547	0	-0.020125
PXDN	4	0.86463	0.86483	0.999995	810	0	-0.058381	0.47387	0.47184	0.723811	48	0	-0.058381
FLT1	4	0.86647	0.86665	0.999995	811	0	-0.048382	0.47387	0.47184	0.723811	648	0	-0.048382
RALGPS2	4	0.86728	0.86753	0.999995	812	0	-0.08246	0.47387	0.47184	0.723811	49	0	-0.08246
CASP4	4	0.86789	0.86813	0.999995	813	0	0	0.47387	0.47184	0.723811	492	0	0
GALNT2	4	0.8689	0.86912	0.999995	814	0	-0.010789	0.47387	0.47184	0.723811	627	0	-0.010789
PDGFD	4	0.8691	0.86926	0.999995	815	0	0	0.47387	0.47184	0.723811	183	0	0
DMXL1	4	0.8695	0.86967	0.999995	816	0	-0.026947	0.47387	0.47184	0.723811	438	0	-0.026947
BARHL1	4	0.8697	0.86982	0.999995	817	0	-0.022795	0.47387	0.47184	0.723811	511	0	-0.022795
E2F4	4	0.8705	0.87073	0.999995	818	0	-0.028587	0.47387	0.47184	0.723811	421	0	-0.028587
ISL1	4	0.8711	0.87125	0.999995	819	0	-0.075176	0.47387	0.47184	0.723811	549	0	-0.075176
HEATR5A	4	0.87129	0.87142	0.999995	820	0	-0.087904	0.47387	0.47184	0.723811	671	0	-0.087904
LNX1	4	0.87169	0.87182	0.999995	821	0	-0.015865	0.47387	0.47184	0.723811	576	0	-0.015865
NAPB	4	0.87189	0.87205	0.999995	822	0	-0.058505	0.47387	0.47184	0.723811	139	0	-0.058505
YIPF5	4	0.87228	0.87243	0.999995	823	0	-0.013278	0.47387	0.47184	0.723811	235	0	-0.013278
NMT2	4	0.87327	0.87346	0.999995	824	0	-0.10887	0.81015	0.81073	0.999995	773	0	-0.10887
ZDHHC13	4	0.87346	0.87373	0.999995	825	0	-0.055996	0.47387	0.47184	0.723811	229	0	-0.055996
FXR2	4	0.87444	0.87471	0.999995	826	0	-0.0031741	0.47387	0.47184	0.723811	632	0	-0.0031741
CHML	4	0.87463	0.87492	0.999995	827	0	-0.093392	0.8208	0.82169	0.999995	784	0	-0.093392
POU5F2	4	0.87521	0.87561	0.999995	828	0	-0.011984	0.47387	0.47184	0.723811	161	0	-0.011984
GPR183	4	0.87676	0.87718	0.999995	829	0	0	0.47387	0.47184	0.723811	688	0	0
ZMIZ1	4	0.87714	0.8775	0.999995	830	0	0	0.47387	0.47184	0.723811	245	0	0
LDB2	4	0.87752	0.87794	0.999995	831	0	0	0.47387	0.47184	0.723811	609	0	0
ABCC3	4	0.8781	0.87851	0.999995	832	0	-0.056495	0.47387	0.47184	0.723811	473	0	-0.056495
TYROBP	4	0.87904	0.87935	0.999995	833	0	-0.022455	0.47387	0.47184	0.723811	203	0	-0.022455
TCF4	4	0.87961	0.87993	0.999995	834	0	-0.0030851	0.47387	0.47184	0.723811	332	0	-0.0030851
OSMR	4	0.87999	0.88031	0.999995	835	0	-0.072027	0.47387	0.47184	0.723811	173	0	-0.072027
TFDP3	4	0.88093	0.88139	0.999995	836	0	-0.010558	0.47387	0.47184	0.723811	334	0	-0.010558
LIMK1	4	0.88186	0.88216	0.999995	837	0	-0.095618	0.82408	0.82484	0.999995	788	0	-0.095618
NBEAL1	4	0.88204	0.88229	0.999995	838	0	-0.079435	0.47387	0.47184	0.723811	130	0	-0.079435
KAT6B	4	0.88241	0.88255	0.999995	839	0	-0.0032014	0.47387	0.47184	0.723811	545	0	-0.0032014
ERBB3	8	0.88264	0.88229	0.999995	840	0	-0.0086056	0.72319	0.7228	0.999995	710	0	-0.0086056
PXDNL	4	0.88279	0.88288	0.999995	841	0	-0.035438	0.47387	0.47184	0.723811	54	0	-0.035438
IDH2	4	0.88334	0.88343	0.999995	842	0	-0.083107	0.47387	0.47184	0.723811	563	0	-0.083107
RRAGD	4	0.88352	0.88362	0.999995	843	0	-0.023963	0.47387	0.47184	0.723811	65	0	-0.023963
HRH3	4	0.88499	0.88497	0.999995	844	0	0	0.47387	0.47184	0.723811	555	0	0
NUMB	4	0.88517	0.88516	0.999995	845	0	-0.0096258	0.47387	0.47184	0.723811	110	0	-0.0096258
CAP2	4	0.8859	0.88576	0.999995	846	0	-0.060525	0.47387	0.47184	0.723811	493	0	-0.060525
ATP6V1C2	8	0.88654	0.88643	0.999995	847	0	-0.18197	0.72319	0.7228	0.999995	714	0	-0.18197
DUOX2	4	0.8868	0.88669	0.999995	848	0	-0.092206	0.85118	0.85169	0.999995	812	0	-0.092206
ZNF34	4	0.88698	0.88684	0.999995	849	0	-0.048894	0.85727	0.85757	0.999995	819	0	-0.048894
FAM126B	4	0.88716	0.88703	0.999995	850	0	-0.033398	0.47387	0.47184	0.723811	643	0	-0.033398
ZNF284	4	0.88805	0.88802	0.999995	851	0	-0.096488	0.78159	0.78206	0.999995	741	0	-0.096488
SLC11A1	4	0.88823	0.88816	0.999995	852	0	-0.046557	0.47387	0.47184	0.723811	313	0	-0.046557
FOXE3	4	0.88894	0.88875	0.999995	853	0	-0.040738	0.47387	0.47184	0.723811	621	0	-0.040738
COX6B2	4	0.88983	0.88965	0.999995	854	0	-0.0066853	0.47387	0.47184	0.723811	392	0	-0.0066853
PAPSS1	4	0.89071	0.89051	0.999995	855	0	-0.050153	0.47387	0.47184	0.723811	164	0	-0.050153
FOXA1	4	0.89123	0.89101	0.999995	856	0	0	0.47387	0.47184	0.723811	649	0	0
ZNF521	4	0.89141	0.89108	0.999995	857	0	-0.025557	0.47387	0.47184	0.723811	239	0	-0.025557
TXNDC8	4	0.89211	0.89175	0.999995	858	0	-0.05185	0.47387	0.47184	0.723811	202	0	-0.05185
TRPC5	4	0.89228	0.89187	0.999995	859	0	-0.0095622	0.47387	0.47184	0.723811	193	0	-0.0095622
SLITRK1	4	0.89314	0.89286	0.999995	860	0	-0.058243	0.83026	0.83074	0.999995	795	0	-0.058243
MT2A	4	0.89366	0.89331	0.999995	861	0	0	0.47387	0.47184	0.723811	128	0	0
IKBKB	4	0.89469	0.89417	0.999995	862	0	0	0.47387	0.47184	0.723811	537	0	0
PHLDA3	4	0.89537	0.89474	0.999995	863	0	-0.058751	0.47387	0.47184	0.723811	147	0	-0.058751
LRBA	4	0.89605	0.89533	0.999995	864	0	-0.0065028	0.47387	0.47184	0.723811	591	0	-0.0065028
S100A6	4	0.89722	0.89648	0.999995	865	0	-0.047381	0.76679	0.76708	0.999995	729	0	-0.047381
FNIP1	4	0.89772	0.89697	0.999995	866	0	-0.098321	0.89588	0.89519	0.999995	864	0	-0.098321
KIAA0319	4	0.90053	0.89977	0.999995	867	0	-0.04884	0.47387	0.47184	0.723811	604	0	-0.04884
TOP1MT	4	0.90216	0.90129	0.999995	868	0	-0.018342	0.47387	0.47184	0.723811	219	0	-0.018342
OSBPL6	4	0.9028	0.9019	0.999995	869	0	-0.072754	0.47387	0.47184	0.723811	171	0	-0.072754
DENND5B	4	0.90408	0.90303	0.999995	870	0	-0.062905	0.47387	0.47184	0.723811	430	0	-0.062905
TTC7B	4	0.90471	0.9036	0.999995	871	0	-0.036907	0.47387	0.47184	0.723811	188	0	-0.036907
NOX3	4	0.90503	0.90382	0.999995	872	0	-0.033507	0.47387	0.47184	0.723811	114	0	-0.033507
RNF103	4	0.90535	0.9042	0.999995	873	0	-0.018075	0.47387	0.47184	0.723811	80	0	-0.018075
TSPO2	4	0.9066	0.90514	0.999995	874	0	0	0.47387	0.47184	0.723811	187	0	0
YAF2	4	0.90799	0.90668	0.999995	875	0	-0.025288	0.47387	0.47184	0.723811	249	0	-0.025288
GSDMD	4	0.9083	0.90709	0.999995	876	0	-0.0018084	0.47387	0.47184	0.723811	661	0	-0.0018084
GRM4	4	0.90861	0.90742	0.999995	877	0	-0.030949	0.47387	0.47184	0.723811	664	0	-0.030949
PACS1	4	0.90876	0.90757	0.999995	878	0	-0.030022	0.47387	0.47184	0.723811	172	0	-0.030022
DDI1	8	0.90904	0.90957	0.999995	879	0	-0.042531	0.72319	0.7228	0.999995	712	0	-0.042531
ERN2	4	0.90937	0.9082	0.999995	880	0	0	0.47387	0.47184	0.723811	413	0	0
ADARB2	4	0.91074	0.90935	0.999995	881	0	0	0.47387	0.47184	0.723811	483	0	0
RALGPS1	4	0.91089	0.90959	0.999995	882	0	-0.0076512	0.47387	0.47184	0.723811	50	0	-0.0076512
CAPN2	4	0.91119	0.9099	0.999995	883	0	-0.0798	0.89971	0.89895	0.999995	867	0	-0.0798
FSD1L	4	0.91149	0.91026	0.999995	884	0	-0.026885	0.47387	0.47184	0.723811	620	0	-0.026885
CBLL2	4	0.91312	0.91198	0.999995	885	0	-0.0091641	0.47387	0.47184	0.723811	495	0	-0.0091641
ZNF423	4	0.91401	0.91279	0.999995	886	0	-0.005515	0.47387	0.47184	0.723811	240	0	-0.005515
LSM14B	4	0.91415	0.91301	0.999995	887	0	-0.054174	0.47387	0.47184	0.723811	594	0	-0.054174
ARID1B	4	0.91445	0.91333	0.999995	888	0	-0.04087	0.47387	0.47184	0.723811	464	0	-0.04087
PAX4	4	0.91488	0.91384	0.999995	889	0	-0.0070429	0.47387	0.47184	0.723811	165	0	-0.0070429
DNAJC15	4	0.91517	0.91416	0.999995	890	0	-0.028661	0.47387	0.47184	0.723811	440	0	-0.028661
ZMIZ2	4	0.91546	0.91445	0.999995	891	0	-0.068872	0.82805	0.82853	0.999995	792	0	-0.068872
RC3H1	4	0.91561	0.91459	0.999995	892	0	-0.059494	0.86276	0.86293	0.999995	828	0	-0.059494
ZFYVE19	4	0.9159	0.91492	0.999995	893	0	-0.0084293	0.47387	0.47184	0.723811	230	0	-0.0084293
TOB1	4	0.91647	0.91554	0.999995	894	0	-0.031827	0.47387	0.47184	0.723811	223	0	-0.031827
TIMP2	4	0.91804	0.91718	0.999995	895	0	-0.036774	0.47387	0.47184	0.723811	329	0	-0.036774
TBPL2	4	0.91846	0.9176	0.999995	896	0	-0.049125	0.47387	0.47184	0.723811	331	0	-0.049125
RC3H2	4	0.9186	0.91772	0.999995	897	0	-0.027266	0.47387	0.47184	0.723811	38	0	-0.027266
TEX45	4	0.91902	0.91814	0.999995	898	0	-0.045437	0.80667	0.8068	0.999995	765	0	-0.045437
GNB3	4	0.91916	0.9183	0.999995	899	0	-0.0218	0.47387	0.47184	0.723811	681	0	-0.0218
CSTF2	4	0.91972	0.91891	0.999995	900	0	0	0.47387	0.47184	0.723811	358	0	0
CAVIN1	4	0.92027	0.9196	0.999995	901	0	-0.0046338	0.47387	0.47184	0.723811	494	0	-0.0046338
SERPINA12	8	0.92158	0.92179	0.999995	902	0	0	0.72319	0.7228	0.999995	705	0	0
DZIP3	4	0.92165	0.92096	0.999995	903	0	-0.046396	0.47387	0.47184	0.723811	436	0	-0.046396
MAPK8IP3	4	0.92179	0.92105	0.999995	904	0	-0.032869	0.47387	0.47184	0.723811	589	0	-0.032869
LBX1	4	0.92192	0.92118	0.999995	905	0	0	0.47387	0.47184	0.723811	608	0	0
RAP1GAP	4	0.92206	0.92133	0.999995	906	0	-0.034378	0.47387	0.47184	0.723811	32	0	-0.034378
USP13	4	0.9226	0.92204	0.999995	907	0	-0.068835	0.47387	0.47184	0.723811	259	0	-0.068835
PCBD2	4	0.92287	0.92233	0.999995	908	0	0	0.47387	0.47184	0.723811	166	0	0
IQCA1L	4	0.92448	0.92394	0.999995	909	0	-0.049104	0.47387	0.47184	0.723811	534	0	-0.049104
PTPN6	4	0.92514	0.92447	0.999995	910	0	-0.018219	0.47387	0.47184	0.723811	45	0	-0.018219
RPRD1A	4	0.92567	0.92495	0.999995	911	0	-0.04512	0.47387	0.47184	0.723811	64	0	-0.04512
SS18L1	4	0.92672	0.92595	0.999995	912	0	-0.0623	0.47387	0.47184	0.723811	353	0	-0.0623
SERPINA9	4	0.9271	0.92634	0.999995	913	0	0	0.47387	0.47184	0.723811	296	0	0
PLAU	4	0.92762	0.9268	0.999995	914	0	0	0.47387	0.47184	0.723811	149	0	0
SLC32A1	4	0.92775	0.92696	0.999995	915	0	0	0.47387	0.47184	0.723811	292	0	0
RCBTB1	4	0.92788	0.92715	0.999995	916	0	0	0.47387	0.47184	0.723811	83	0	0
UNC45B	4	0.92852	0.92762	0.999995	917	0	-0.015756	0.47387	0.47184	0.723811	257	0	-0.015756
PPP3R2	4	0.92877	0.92786	0.999995	918	0	0	0.47387	0.47184	0.723811	156	0	0
SNTA1	4	0.92903	0.92819	0.999995	919	0	-0.027581	0.47387	0.47184	0.723811	290	0	-0.027581
HACD1	4	0.92915	0.92829	0.999995	920	0	-0.027732	0.47387	0.47184	0.723811	675	0	-0.027732
TNKS	4	0.93029	0.92955	0.999995	921	0	-0.052507	0.47387	0.47184	0.723811	210	0	-0.052507
CCNT2	4	0.93041	0.92968	0.999995	922	0	-0.022703	0.47387	0.47184	0.723811	497	0	-0.022703
MECP2	4	0.93202	0.93119	0.999995	923	0	0	0.47387	0.47184	0.723811	600	0	0
IL6R	4	0.93312	0.93235	0.999995	924	0	-0.026691	0.47387	0.47184	0.723811	540	0	-0.026691
ZDHHC17	4	0.93469	0.93412	0.999995	925	0	0	0.47387	0.47184	0.723811	228	0	0
RSPH1	4	0.93492	0.93432	0.999995	926	0	0	0.47387	0.47184	0.723811	59	0	0
SPDEF	4	0.93738	0.93666	0.999995	927	0	-0.060177	0.47387	0.47184	0.723811	337	0	-0.060177
DYNC1LI2	4	0.9375	0.93672	0.999995	928	0	-0.010464	0.77109	0.77146	0.999995	733	0	-0.010464
DYNLT1	4	0.93773	0.93693	0.999995	929	0	-0.022476	0.47387	0.47184	0.723811	435	0	-0.022476
FSD1	4	0.93853	0.93773	0.999995	930	0	-0.064227	0.47387	0.47184	0.723811	618	0	-0.064227
ENOX2	4	0.93865	0.93791	0.999995	931	0	-0.022535	0.47387	0.47184	0.723811	400	0	-0.022535
ZNRF4	4	0.93887	0.93819	0.999995	932	0	0	0.47387	0.47184	0.723811	243	0	0
PRDM16	4	0.9391	0.93843	0.999995	933	0	-0.031297	0.47387	0.47184	0.723811	34	0	-0.031297
TAF1L	3	0.93974	0.93909	0.999995	934	0	-0.024438	0.72981	0.73035	0.999995	724	0	-0.024438
ZNF185	4	0.94011	0.93952	0.999995	935	0	-0.035028	0.47387	0.47184	0.723811	246	0	-0.035028
H2BFM	4	0.94033	0.9397	0.999995	936	0	-0.024255	0.47387	0.47184	0.723811	672	0	-0.024255
NBEA	4	0.94133	0.94061	0.999995	937	0	-0.045762	0.47387	0.47184	0.723811	131	0	-0.045762
TMEM120B	4	0.94166	0.9409	0.999995	938	0	-0.024818	0.47387	0.47184	0.723811	214	0	-0.024818
HEATR5B	4	0.94296	0.94224	0.999995	939	0	-0.037118	0.47387	0.47184	0.723811	668	0	-0.037118
SMARCA1	4	0.94318	0.94245	0.999995	940	0	-0.031469	0.47387	0.47184	0.723811	271	0	-0.031469
SHMT1	4	0.94403	0.94335	0.999995	941	0	-0.042431	0.47387	0.47184	0.723811	310	0	-0.042431
LMBR1L	4	0.94467	0.94394	0.999995	942	0	-0.006835	0.47387	0.47184	0.723811	574	0	-0.006835
DCAF4L2	4	0.94477	0.94402	0.999995	943	0	0	0.47387	0.47184	0.723811	368	0	0
SMARCA2	4	0.9455	0.94491	0.999995	944	0	-0.024604	0.47387	0.47184	0.723811	273	0	-0.024604
RPL3L	4	0.94561	0.94502	0.999995	945	0	-0.042585	0.81644	0.81738	0.999995	779	0	-0.042585
RING1	4	0.94592	0.94541	0.999995	946	0	-0.032845	0.47387	0.47184	0.723811	81	0	-0.032845
OGDHL	4	0.94643	0.9459	0.999995	947	0	-0.040226	0.47387	0.47184	0.723811	169	0	-0.040226
SYK	4	0.94654	0.946	0.999995	948	0	-0.03455	0.47387	0.47184	0.723811	335	0	-0.03455
SAMD4A	4	0.94674	0.94619	0.999995	949	0	-0.0010156	0.47387	0.47184	0.723811	76	0	-0.0010156
ELL2	4	0.94766	0.94708	0.999995	950	0	-0.059235	0.88186	0.88216	0.999995	850	0	-0.059235
TBC1D1	4	0.94856	0.94809	0.999995	951	0	-0.0014277	0.47387	0.47184	0.723811	314	0	-0.0014277
TSTD1	4	0.94935	0.94895	0.999995	952	0	0	0.47387	0.47184	0.723811	189	0	0
IDH3B	4	0.94975	0.94935	0.999995	953	0	-0.0084399	0.47387	0.47184	0.723811	565	0	-0.0084399
SOHLH1	4	0.95023	0.94985	0.999995	954	0	-0.011436	0.47387	0.47184	0.723811	286	0	-0.011436
ANKRD37	4	0.95149	0.95114	0.999995	955	0	-0.026678	0.47387	0.47184	0.723811	465	0	-0.026678
WAS	4	0.95224	0.95203	0.999995	956	0	-0.024912	0.47387	0.47184	0.723811	270	0	-0.024912
RRM2B	8	0.95243	0.95232	0.999995	957	0	0	0.72319	0.7228	0.999995	704	0	0
TRPC7	4	0.95419	0.95392	0.999995	958	0	0	0.47387	0.47184	0.723811	186	0	0
TREML4	3	0.95433	0.95388	0.999995	959	0	0	0.38224	0.38045	0.723811	13	0	0
NAT8L	4	0.95501	0.95488	0.999995	960	0	-0.019353	0.47387	0.47184	0.723811	135	0	-0.019353
SNX2	4	0.95519	0.95502	0.999995	961	0	-0.0074207	0.47387	0.47184	0.723811	283	0	-0.0074207
SATB1	4	0.95635	0.95614	0.999995	962	0	-0.011914	0.47387	0.47184	0.723811	69	0	-0.011914
GSX2	4	0.95696	0.95674	0.999995	963	0	-0.0062605	0.47387	0.47184	0.723811	657	0	-0.0062605
LNX2	4	0.95748	0.95734	0.999995	964	0	-0.050622	0.47387	0.47184	0.723811	578	0	-0.050622
SEC23B	4	0.95765	0.95747	0.999995	965	0	-0.0045514	0.47387	0.47184	0.723811	294	0	-0.0045514
NKAPL	4	0.95774	0.95753	0.999995	966	0	-0.014076	0.47387	0.47184	0.723811	100	0	-0.014076
KCNMB3	4	0.958	0.95771	0.999995	967	0	-0.015443	0.47387	0.47184	0.723811	601	0	-0.015443
CYP7A1	4	0.95825	0.95798	0.999995	968	0	0	0.47387	0.47184	0.723811	376	0	0
DCAF8L1	4	0.95851	0.95826	0.999995	969	0	0	0.47387	0.47184	0.723811	370	0	0
IPO8	4	0.95901	0.95875	0.999995	970	0	-0.0043079	0.47387	0.47184	0.723811	533	0	-0.0043079
PRSS37	4	0.9596	0.9592	0.999995	971	0	-0.018349	0.47387	0.47184	0.723811	26	0	-0.018349
CD163L1	4	0.96026	0.95996	0.999995	972	0	-0.0068073	0.47387	0.47184	0.723811	503	0	-0.0068073
RP1	4	0.96034	0.96006	0.999995	973	0	-0.012745	0.47387	0.47184	0.723811	89	0	-0.012745
NR5A2	4	0.96196	0.96178	0.999995	974	0	0	0.47387	0.47184	0.723811	117	0	0
FKBP10	4	0.96243	0.96228	0.999995	975	0	-0.020352	0.47387	0.47184	0.723811	652	0	-0.020352
BTG1	4	0.96406	0.96387	0.999995	976	0	-0.010596	0.47387	0.47184	0.723811	529	0	-0.010596
CCNT1	4	0.96414	0.96393	0.999995	977	0	-0.024379	0.47387	0.47184	0.723811	490	0	-0.024379
CDK19	8	0.96475	0.96459	0.999995	978	0	-0.027271	0.72319	0.7228	0.999995	713	0	-0.027271
MEP1B	4	0.96511	0.96503	0.999995	979	0	-0.0090318	0.47387	0.47184	0.723811	568	0	-0.0090318
YBX3	4	0.96541	0.96546	0.999995	980	0	-0.0091439	0.47387	0.47184	0.723811	234	0	-0.0091439
MPC1L	4	0.96563	0.96579	0.999995	981	0	0	0.47387	0.47184	0.723811	127	0	0
TRPM1	4	0.96578	0.96592	0.999995	982	0	0	0.47387	0.47184	0.723811	185	0	0
TGFBR2	4	0.96722	0.96741	0.999995	983	0	-0.031532	0.47387	0.47184	0.723811	333	0	-0.031532
DLL4	4	0.96744	0.96763	0.999995	984	0	-0.01531	0.47387	0.47184	0.723811	425	0	-0.01531
GOLPH3	4	0.96835	0.96847	0.999995	985	0	0	0.47387	0.47184	0.723811	680	0	0
CNOT8	3	0.96854	0.968	0.999995	986	0	0	0.38224	0.38045	0.723811	23	0	0
LRFN1	4	0.96855	0.96874	0.999995	987	0	-0.0033271	0.47387	0.47184	0.723811	590	0	-0.0033271
RRAGC	4	0.9689	0.96923	0.999995	988	0	0	0.47387	0.47184	0.723811	66	0	0
AQP8	4	0.96903	0.96929	0.999995	989	0	0	0.47387	0.47184	0.723811	446	0	0
SLC17A2	4	0.9693	0.96955	0.999995	990	0	-0.0021454	0.47387	0.47184	0.723811	312	0	-0.0021454
LIN28B	4	0.96937	0.96959	0.999995	991	0	-0.00037856	0.47387	0.47184	0.723811	582	0	-0.00037856
SLC9A3R2	4	0.96998	0.97021	0.999995	992	0	-0.026382	0.47387	0.47184	0.723811	278	0	-0.026382
CCNL2	4	0.97167	0.97186	0.999995	993	0	-0.0052648	0.47387	0.47184	0.723811	491	0	-0.0052648
BECN2	4	0.97243	0.97272	0.999995	994	0	-0.020311	0.47387	0.47184	0.723811	512	0	-0.020311
LATS1	4	0.97298	0.97324	0.999995	995	0	-0.0072614	0.47387	0.47184	0.723811	607	0	-0.0072614
SEC14L3	4	0.97329	0.97364	0.999995	996	0	-0.0098931	0.47387	0.47184	0.723811	302	0	-0.0098931
DEGS1	4	0.97347	0.9738	0.999995	997	0	-0.032111	0.80988	0.81043	0.999995	772	0	-0.032111
CLCA1	4	0.97377	0.97412	0.999995	998	0	0	0.47387	0.47184	0.723811	379	0	0
S1PR4	4	0.97395	0.97433	0.999995	999	0	-0.0098948	0.47387	0.47184	0.723811	72	0	-0.0098948
FRS3	4	0.97419	0.97449	0.999995	1000	0	0	0.47387	0.47184	0.723811	624	0	0
RNF113B	4	0.97437	0.9746	0.999995	1001	0	-0.012882	0.47387	0.47184	0.723811	92	0	-0.012882
SLC22A13	4	0.97599	0.97632	0.999995	1002	0	-0.00011148	0.47387	0.47184	0.723811	305	0	-0.00011148
UBQLN3	4	0.97736	0.97761	0.999995	1003	0	-0.008322	0.47387	0.47184	0.723811	196	0	-0.008322
GBX1	4	0.97752	0.97776	0.999995	1004	0	-0.0036813	0.47387	0.47184	0.723811	656	0	-0.0036813
TUBB2B	2	0.978	0.97769	0.999995	1005	0	0	0.27465	0.2742	0.723811	5	0	0
PPP3CC	4	0.97837	0.97858	0.999995	1006	0	-0.015971	0.47387	0.47184	0.723811	152	0	-0.015971
ARHGEF3	4	0.97852	0.97874	0.999995	1007	0	0	0.47387	0.47184	0.723811	461	0	0
FAM50B	4	0.97934	0.97955	0.999995	1008	0	0	0.47387	0.47184	0.723811	645	0	0
DLL1	4	0.97994	0.98009	0.999995	1009	0	-0.001578	0.47387	0.47184	0.723811	426	0	-0.001578
AMELX	4	0.98004	0.98018	0.999995	1010	0	0	0.47387	0.47184	0.723811	481	0	0
CTPS2	4	0.98151	0.98189	0.999995	1011	0	0	0.47387	0.47184	0.723811	360	0	0
ADAM19	4	0.98206	0.98251	0.999995	1012	0	-0.00082568	0.47387	0.47184	0.723811	470	0	-0.00082568
LOR	4	0.98215	0.98258	0.999995	1013	0	0	0.47387	0.47184	0.723811	584	0	0
NBEAL2	4	0.98317	0.9835	0.999995	1014	0	0	0.47387	0.47184	0.723811	132	0	0
UMPS	4	0.9845	0.98482	0.999995	1015	0	-0.0062916	0.47387	0.47184	0.723811	256	0	-0.0062916
CELA2A	4	0.98514	0.98546	0.999995	1016	0	0	0.47387	0.47184	0.723811	501	0	0
IDH3G	4	0.98561	0.98599	0.999995	1017	0	0	0.47387	0.47184	0.723811	567	0	0
RBMXL2	4	0.98572	0.98608	0.999995	1018	0	0	0.47387	0.47184	0.723811	35	0	0
ERC1	4	0.9864	0.98675	0.999995	1019	0	-0.0076416	0.47387	0.47184	0.723811	420	0	-0.0076416
SMAP1	4	0.98818	0.98863	0.999995	1020	0	-0.0057689	0.47387	0.47184	0.723811	279	0	-0.0057689
TNKS2	4	0.98837	0.98891	0.999995	1021	0	0	0.47387	0.47184	0.723811	217	0	0
MARCKS	4	0.9887	0.98918	0.999995	1022	0	0	0.47387	0.47184	0.723811	588	0	0
DYNLRB2	4	0.98938	0.98981	0.999995	1023	0	0	0.47387	0.47184	0.723811	433	0	0
PAPSS2	4	0.98944	0.98988	0.999995	1024	0	0	0.47387	0.47184	0.723811	163	0	0
HPS1	4	0.98989	0.99039	0.999995	1025	0	0	0.47387	0.47184	0.723811	552	0	0
NSG1	4	0.98992	0.99043	0.999995	1026	0	-0.0036561	0.47387	0.47184	0.723811	109	0	-0.0036561
SCN10A	4	0.99024	0.99077	0.999995	1027	0	0	0.47387	0.47184	0.723811	299	0	0
HUS1B	4	0.99036	0.99089	0.999995	1028	0	0	0.47387	0.47184	0.723811	571	0	0
HMGCLL1	4	0.99038	0.99093	0.999995	1029	0	-0.00032243	0.47387	0.47184	0.723811	669	0	-0.00032243
TCF3	4	0.99139	0.99188	0.999995	1030	0	0	0.47387	0.47184	0.723811	330	0	0
RUNX1	4	0.99207	0.99245	0.999995	1031	0	0	0.47387	0.47184	0.723811	60	0	0
SIRPA	3	0.99674	0.99667	0.999995	1032	0	0	0.38224	0.38045	0.723811	22	0	0
SBF1	4	0.99952	0.99955	0.999995	1033	0	0	0.47387	0.47184	0.723811	71	0	0
SUV39H1	4	0.99952	0.99955	0.999995	1034	0	0	0.47387	0.47184	0.723811	350	0	0
PDX1	4	0.99952	0.99955	0.999995	1035	0	0	0.47387	0.47184	0.723811	175	0	0
RCBTB2	4	0.99952	0.99955	0.999995	1036	0	0	0.47387	0.47184	0.723811	82	0	0
RTP1	4	0.99952	0.99955	0.999995	1037	0	0	0.47387	0.47184	0.723811	61	0	0
TBC1D9	4	0.99952	0.99955	0.999995	1038	0	0	0.47387	0.47184	0.723811	318	0	0
TP53	4	0.99952	0.99955	0.999995	1039	0	0	0.47387	0.47184	0.723811	220	0	0
UBASH3B	4	0.99952	0.99955	0.999995	1040	0	0	0.47387	0.47184	0.723811	197	0	0
ZNF146	4	0.99952	0.99955	0.999995	1041	0	0	0.47387	0.47184	0.723811	244	0	0
TGM6	4	0.99952	0.99955	0.999995	1042	0	0	0.47387	0.47184	0.723811	326	0	0
TIRAP	4	0.99952	0.99955	0.999995	1043	0	0	0.47387	0.47184	0.723811	328	0	0
TMEM185B	4	0.99952	0.99955	0.999995	1044	0	0	0.47387	0.47184	0.723811	215	0	0
PCDH1	4	0.99952	0.99955	0.999995	1045	0	0	0.47387	0.47184	0.723811	181	0	0
FRYL	4	0.99952	0.99955	0.999995	1046	0	0	0.47387	0.47184	0.723811	616	0	0
FZD8	4	0.99952	0.99955	0.999995	1047	0	0	0.47387	0.47184	0.723811	631	0	0
GIT1	4	0.99952	0.99955	0.999995	1048	0	0	0.47387	0.47184	0.723811	686	0	0
DYNLT3	4	0.99952	0.99955	0.999995	1049	0	0	0.47387	0.47184	0.723811	437	0	0
CAB39	4	0.99952	0.99955	0.999995	1050	0	0	0.47387	0.47184	0.723811	528	0	0
CHSY1	4	0.99952	0.99955	0.999995	1051	0	0	0.47387	0.47184	0.723811	386	0	0
COPZ2	4	0.99952	0.99955	0.999995	1052	0	0	0.47387	0.47184	0.723811	398	0	0
GPR50	4	0.99952	0.99955	0.999995	1053	0	0	0.47387	0.47184	0.723811	689	0	0
KRTAP1-1	4	0.99952	0.99955	0.999995	1054	0	0	0.47387	0.47184	0.723811	611	0	0
KRTAP10-10	4	0.99952	0.99955	0.999995	1055	0	0	0.47387	0.47184	0.723811	613	0	0
MYD88	4	0.99952	0.99955	0.999995	1056	0	0	0.47387	0.47184	0.723811	138	0	0
KLK12	4	0.99952	0.99955	0.999995	1057	0	0	0.47387	0.47184	0.723811	599	0	0
HTR3D	4	0.99952	0.99955	0.999995	1058	0	0	0.47387	0.47184	0.723811	570	0	0
KRT38	4	0.99952	0.99955	0.999995	1059	0	0	0.47387	0.47184	0.723811	605	0	0
safe_control	74	1.0	1.0	0.999995	1060	0	-0.01598	0.99999	1.0	0.999995	1056	0	-0.01598
