id	num	neg|score	neg|p-value	neg|fdr	neg|rank	neg|goodsgrna	neg|lfc	pos|score	pos|p-value	pos|fdr	pos|rank	pos|goodsgrna	pos|lfc
MYC	16	1.6519e-17	4.6703e-06	0.000261	1	15	-2.5976	1.0	1.0	0.999995	1060	0	-2.5976
RRM1	16	3.1407e-12	4.6703e-06	0.000261	2	15	-2.7286	0.99994	0.99999	0.999995	1036	1	-2.7286
MTG2	8	3.2124e-09	4.6703e-06	0.000261	3	8	-1.4415	1.0	1.0	0.999995	1059	0	-1.4415
MED18	16	2.0346e-08	4.6703e-06	0.000261	4	13	-1.1202	0.39248	0.78524	0.999995	693	2	-1.1202
BUB3	8	2.5218e-08	4.6703e-06	0.000261	5	7	-2.3782	0.99982	0.99973	0.999995	1030	0	-2.3782
KIF11	8	2.6498e-08	4.6703e-06	0.000261	6	8	-1.9794	1.0	1.0	0.999995	1058	0	-1.9794
CCND1	8	2.9715e-08	4.6703e-06	0.000261	7	8	-2.9917	1.0	1.0	0.999995	1057	0	-2.9917
COPA	8	3.0944e-08	4.6703e-06	0.000261	8	8	-2.004	1.0	1.0	0.999995	1056	0	-2.004
PPP4C	8	3.1819e-08	4.6703e-06	0.000261	9	7	-2.1669	0.99878	0.99877	0.999995	1013	1	-2.1669
SF3B3	8	3.3805e-08	4.6703e-06	0.000261	10	8	-1.9924	1.0	1.0	0.999995	1055	0	-1.9924
POLR2L	8	4.1184e-08	4.6703e-06	0.000261	11	8	-3.4267	1.0	1.0	0.999995	1054	0	-3.4267
PRPF8	8	8.0724e-08	4.6703e-06	0.000261	12	8	-3.1341	1.0	1.0	0.999995	1053	0	-3.1341
RPS19	8	1.5523e-07	4.6703e-06	0.000261	13	8	-2.5514	1.0	1.0	0.999995	1052	0	-2.5514
CKAP5	16	1.8736e-07	1.4011e-05	0.000619	14	10	-1.9337	0.95974	0.997	0.999995	963	5	-1.9337
RPL3	14	1.9533e-07	4.6703e-06	0.000261	15	11	-2.0587	0.97383	0.99795	0.999995	974	3	-2.0587
TOMM40	14	5.0967e-07	4.6703e-06	0.000261	16	11	-1.1973	0.99721	0.9997	0.999995	1001	3	-1.1973
TOP2A	8	6.0178e-07	4.6703e-06	0.000261	17	7	-1.9129	0.99999	1.0	0.999995	1044	0	-1.9129
HMGCS1	7	6.0252e-07	4.6703e-06	0.000261	18	7	-1.1771	1.0	1.0	0.999995	1051	0	-1.1771
COX6B1	16	6.3255e-07	1.4011e-05	0.000619	19	10	-1.5463	0.89078	0.98907	0.999995	937	3	-1.5463
PRPF38A	8	7.9259e-07	4.6703e-06	0.000261	20	7	-2.4087	0.80996	0.94765	0.999995	903	1	-2.4087
CDIPT	8	1.1888e-06	4.6703e-06	0.000261	21	6	-2.691	0.99304	0.99659	0.999995	989	1	-2.691
ALDOA	8	1.5861e-06	1.4011e-05	0.000619	22	7	-1.8214	0.92403	0.98018	0.999995	948	1	-1.8214
ATP6V1B2	8	1.5933e-06	1.4011e-05	0.000619	23	8	-1.875	1.0	1.0	0.999995	1050	0	-1.875
MED20	8	1.801e-06	1.4011e-05	0.000619	24	8	-0.96039	1.0	1.0	0.999995	1049	0	-0.96039
NAA10	8	2.3583e-06	2.3351e-05	0.00099	25	7	-1.4929	0.999	0.99895	0.999995	1015	0	-1.4929
MRPL38	8	2.732e-06	3.2692e-05	0.001238	26	7	-1.1016	0.99998	1.0	0.999995	1038	0	-1.1016
UQCRC1	8	3.4302e-06	4.2033e-05	0.00131	27	7	-1.4076	1.0	1.0	0.999995	1048	0	-1.4076
DYNLRB1	7	4.0293e-06	3.2692e-05	0.001238	28	6	-1.7478	0.99999	1.0	0.999995	1040	0	-1.7478
RPS5	8	4.3677e-06	4.2033e-05	0.00131	29	6	-2.4642	0.99351	0.99669	0.999995	992	1	-2.4642
RPP21	8	4.7802e-06	4.2033e-05	0.00131	30	7	-1.7802	0.99999	1.0	0.999995	1041	0	-1.7802
VCP	8	5.2706e-06	4.2033e-05	0.00131	31	6	-2.638	0.13839	0.38988	0.943725	436	1	-2.638
NAE1	16	5.2817e-06	3.2692e-05	0.001238	32	10	-0.68521	0.5089	0.86372	0.999995	754	1	-0.68521
SF3B1	8	5.3867e-06	4.2033e-05	0.00131	33	7	-1.2505	0.3526	0.67145	0.999995	665	1	-1.2505
TUFM	7	6.9604e-06	4.2033e-05	0.00131	34	6	-1.426	0.47072	0.75581	0.999995	736	1	-1.426
ATP5F1B	8	7.639e-06	5.1373e-05	0.001472	35	7	-1.9337	1.0	1.0	0.999995	1047	0	-1.9337
PSMB3	7	1.0414e-05	5.1373e-05	0.001472	36	7	-1.4836	0.99999	1.0	0.999995	1043	0	-1.4836
RRM2	7	1.1662e-05	5.1373e-05	0.001472	37	5	-1.3743	0.54348	0.8069	0.999995	777	2	-1.3743
RPS23	6	1.2081e-05	7.0054e-05	0.001954	38	6	-2.3305	0.99999	0.99999	0.999995	1042	0	-2.3305
INTS6	6	1.7812e-05	0.00011676	0.003173	39	6	-0.98331	0.99998	0.99999	0.999995	1039	0	-0.98331
RPL13	6	2.5375e-05	0.00016346	0.004332	40	5	-2.5826	0.9998	0.99983	0.999995	1027	0	-2.5826
PPP2CA	16	2.5728e-05	0.0002195	0.005411	41	10	-1.0773	0.33651	0.73548	0.999995	653	3	-1.0773
ACTL6A	8	2.6646e-05	0.00021016	0.005304	42	7	-1.7353	0.94686	0.9853	0.999995	955	1	-1.7353
SIN3A	8	3.3885e-05	0.00025687	0.006051	43	7	-0.86918	0.99996	0.99996	0.999995	1037	0	-0.86918
CCT6A	7	3.7391e-05	0.00019148	0.00495	44	6	-1.266	0.27358	0.57155	0.999995	608	1	-1.266
HSCB	8	4.5776e-05	0.00032225	0.007116	45	6	-1.4511	0.9991	0.99901	0.999995	1016	0	-1.4511
CHORDC1	6	5.3847e-05	0.00030357	0.006995	46	5	-1.4683	0.9991	0.99911	0.999995	1017	0	-1.4683
RPL14	6	5.7083e-05	0.00031291	0.007057	47	5	-2.8139	0.99871	0.99871	0.999995	1012	0	-2.8139
CLNS1A	7	5.9589e-05	0.00025687	0.006051	48	6	-2.7432	0.99914	0.99915	0.999995	1018	0	-2.7432
LONP1	8	6.0434e-05	0.000425	0.008425	49	6	-1.6934	0.13676	0.387	0.943725	432	1	-1.6934
SMARCA4	8	6.3077e-05	0.00044368	0.008425	50	6	-1.126	0.8485	0.95795	0.999995	919	2	-1.126
NDUFB4	8	6.3452e-05	0.00044368	0.008425	51	7	-1.2372	0.99999	1.0	0.999995	1046	0	-1.2372
SNRPD3	8	6.4242e-05	0.00044368	0.008425	52	7	-1.2395	0.99816	0.99835	0.999995	1006	1	-1.2395
KAT6A	8	6.7209e-05	0.00045302	0.008425	53	7	-0.71976	0.96565	0.98922	0.999995	970	1	-0.71976
SMC1A	8	6.8038e-05	0.00045302	0.008425	54	7	-0.68948	0.99987	0.99982	0.999995	1033	0	-0.68948
PPP2R1A	8	6.9074e-05	0.00045302	0.008425	55	5	-2.1184	0.99338	0.99665	0.999995	991	1	-2.1184
ATP5F1A	8	7.1348e-05	0.0004717	0.008621	56	6	-1.2976	0.99868	0.99866	0.999995	1011	1	-1.2976
TIMM10	8	8.1204e-05	0.00050906	0.008993	57	5	-1.6255	0.99652	0.99761	0.999995	999	1	-1.6255
TUBB	6	8.4764e-05	0.00039697	0.008425	58	5	-2.2098	0.33386	0.61462	0.999995	649	1	-2.2098
RPS11	7	9.0055e-05	0.00040631	0.008425	59	5	-2.9435	0.99529	0.99547	0.999995	996	1	-2.9435
MED26	8	0.00010112	0.00061181	0.010631	60	6	-1.0069	0.90831	0.97517	0.999995	939	2	-1.0069
RBBP4	7	0.00011597	0.00049038	0.00881	61	5	-2.4987	0.82713	0.94265	0.999995	909	1	-2.4987
HNRNPK	7	0.00014553	0.00063983	0.010939	62	5	-1.6217	0.51923	0.79031	0.999995	762	2	-1.6217
RPL8	8	0.00014953	0.00080796	0.013594	63	6	-1.9517	0.85343	0.95931	0.999995	922	2	-1.9517
SF3A1	8	0.00019124	0.0010415	0.016984	64	6	-1.0691	0.49868	0.79603	0.999995	749	1	-1.0691
TAMM41	8	0.00019322	0.0010415	0.016984	65	5	-1.5906	0.24711	0.56254	0.999995	577	1	-1.5906
TRRAP	8	0.00020583	0.0010695	0.017177	66	6	-0.91983	0.75712	0.92877	0.999995	883	2	-0.91983
ERH	8	0.00021259	0.0011069	0.017511	67	4	-1.7175	0.42515	0.73619	0.999995	717	3	-1.7175
RFC2	8	0.00022634	0.0011536	0.017982	68	6	-1.4639	0.3567	0.67493	0.999995	670	2	-1.4639
ZNF407	8	0.00024092	0.0012189	0.018198	69	6	-0.79145	0.99935	0.99923	0.999995	1019	0	-0.79145
RPL36	8	0.00024199	0.0012189	0.018198	70	6	-1.3562	0.99842	0.99853	0.999995	1008	1	-1.3562
BAP1	8	0.0002526	0.0012563	0.018496	71	6	-0.79926	0.71182	0.90816	0.999995	858	2	-0.79926
SNRPD2	6	0.00025265	0.0011909	0.018198	72	4	-2.5298	0.95123	0.97916	0.999995	958	1	-2.5298
RPL10A	7	0.00026796	0.0013684	0.01934	73	6	-1.7264	0.82911	0.94355	0.999995	912	1	-1.7264
ELL	8	0.00027119	0.0014151	0.019737	74	6	-1.3614	0.99986	0.99979	0.999995	1031	0	-1.3614
MED12	8	0.00027592	0.0014618	0.020123	75	6	-1.2103	0.57366	0.84117	0.999995	794	2	-1.2103
DHX9	6	0.00028692	0.0013404	0.0192	76	5	-1.0412	0.99981	0.99984	0.999995	1029	0	-1.0412
RPL19	6	0.00028728	0.0013404	0.0192	77	4	-2.2137	0.87163	0.94821	0.999995	928	2	-2.2137
VMP1	8	0.0002893	0.0015085	0.020491	78	6	-1.5213	0.99577	0.99736	0.999995	998	1	-1.5213
SFPQ	8	0.00029286	0.0015272	0.020491	79	4	-0.8081	0.57477	0.84178	0.999995	795	4	-0.8081
NKAP	8	0.00029429	0.0015552	0.020606	80	6	-0.84095	0.99986	0.9998	0.999995	1032	0	-0.84095
MRPL41	8	0.00029962	0.0015832	0.020719	81	6	-1.7432	0.99991	0.99989	0.999995	1034	0	-1.7432
HUS1	8	0.00030448	0.0016112	0.020828	82	6	-0.81982	0.99561	0.99731	0.999995	997	1	-0.81982
WDR12	8	0.00031981	0.0017047	0.02177	83	5	-1.5841	0.48059	0.7817	0.999995	743	2	-1.5841
XAB2	8	0.00033961	0.0018261	0.023043	84	6	-0.92395	0.8269	0.95245	0.999995	907	1	-0.92395
ATP6V1D	8	0.00035307	0.0019195	0.023659	85	5	-1.3445	0.93146	0.9827	0.999995	952	2	-1.3445
RPL11	7	0.00039143	0.0018915	0.023588	86	5	-3.0329	0.99816	0.99813	0.999995	1007	0	-3.0329
DDX5	8	0.00041978	0.0022557	0.026136	87	6	-0.99651	0.24347	0.55757	0.999995	575	2	-0.99651
CPSF3	8	0.00042653	0.0022838	0.026136	88	6	-0.748	0.83535	0.95468	0.999995	915	1	-0.748
CLTC	8	0.00042823	0.0022838	0.026136	89	6	-1.4402	0.99967	0.99956	0.999995	1025	0	-1.4402
LSM4	8	0.00042999	0.0022931	0.026136	90	5	-1.6408	0.66125	0.88459	0.999995	829	3	-1.6408
RPL31	5	0.00045527	0.002125	0.025891	91	3	-2.8402	0.61672	0.82091	0.999995	808	2	-2.8402
RPS3	6	0.00047239	0.0021997	0.026136	92	5	-1.4565	0.99952	0.99953	0.999995	1023	0	-1.4565
MED8	8	0.00047685	0.0024145	0.027228	93	5	-1.1639	0.57623	0.84252	0.999995	796	2	-1.1639
NUTF2	7	0.00049342	0.0022184	0.026136	94	4	-2.3152	0.72404	0.90209	0.999995	865	3	-2.3152
RNF40	8	0.00049773	0.0024706	0.027566	95	5	-1.2379	0.54596	0.82778	0.999995	779	1	-1.2379
ATP5F1D	8	0.00053596	0.0026387	0.029136	96	5	-1.2262	0.52938	0.81852	0.999995	769	2	-1.2262
SF1	8	0.0005513	0.0027508	0.029753	97	6	-0.82408	0.24929	0.5656	0.999995	580	2	-0.82408
TRAPPC3	8	0.0005747	0.0028629	0.030653	98	6	-0.46277	0.23246	0.54143	0.999995	557	1	-0.46277
PKM	6	0.00058243	0.0026948	0.029448	99	4	-1.4083	0.80506	0.92764	0.999995	901	1	-1.4083
SF3B2	8	0.00060791	0.003031	0.032129	100	6	-0.90628	0.86089	0.96168	0.999995	925	2	-0.90628
KIF4A	8	0.00065699	0.0031991	0.0335	101	6	-1.381	0.99857	0.99855	0.999995	1010	1	-1.381
TACC3	8	0.00066426	0.0032272	0.0335	102	6	-0.58865	0.88132	0.96727	0.999995	932	2	-0.58865
ILF3	8	0.00067778	0.0032552	0.0335	103	5	-1.2205	0.4499	0.75703	0.999995	726	2	-1.2205
NCBP2	8	0.00069725	0.0034233	0.034891	104	4	-0.96851	0.68042	0.89351	0.999995	842	4	-0.96851
EIF3B	8	0.00073694	0.0035821	0.035821	105	6	-1.4626	0.96527	0.98917	0.999995	969	2	-1.4626
AFG3L2	6	0.0007831	0.0035821	0.035821	106	4	-1.3245	0.99851	0.99851	0.999995	1009	0	-1.3245
POLR2B	8	0.0008384	0.0039837	0.039375	107	6	-0.82714	0.17921	0.45841	0.985631	490	1	-0.82714
PMPCB	8	0.00084698	0.0040118	0.039375	108	5	-1.233	0.72921	0.9161	0.999995	866	2	-1.233
SF3B5	8	0.00087945	0.0041612	0.040099	109	5	-1.1638	0.99975	0.99969	0.999995	1026	0	-1.1638
RRAGC	8	0.00089263	0.0042079	0.040184	110	6	-0.56	0.84052	0.95607	0.999995	918	2	-0.56
GTF3C1	8	0.00090818	0.0042733	0.040444	111	6	-0.77987	0.9994	0.99926	0.999995	1020	0	-0.77987
CDK7	7	0.00092999	0.0040958	0.039831	112	5	-1.1588	0.85947	0.95597	0.999995	924	1	-1.1588
CDK2	8	0.0010062	0.0045815	0.042977	113	6	-1.2674	0.65401	0.88107	0.999995	822	1	-1.2674
RIC8A	8	0.0010372	0.004731	0.04399	114	6	-0.7175	0.81308	0.94853	0.999995	905	2	-0.7175
SOD1	8	0.0010659	0.0048991	0.045157	115	4	-1.3035	0.99711	0.99785	0.999995	1000	1	-1.3035
GAPDH	8	0.0011699	0.0052541	0.047601	116	5	-1.0895	0.591	0.85018	0.999995	801	1	-1.0895
RAN	7	0.0012034	0.0052447	0.047601	117	4	-2.0597	0.60455	0.84495	0.999995	805	2	-2.0597
PDS5A	8	0.0014661	0.006403	0.057518	118	5	-1.0257	0.9773	0.99235	0.999995	979	2	-1.0257
USP5	8	0.0014978	0.0064964	0.057867	119	5	-0.91482	0.70961	0.90694	0.999995	856	3	-0.91482
RNF113A	8	0.0016191	0.0071222	0.062913	120	5	-0.97193	0.8271	0.95248	0.999995	908	1	-0.97193
CTR9	8	0.0016657	0.0072996	0.063947	121	5	-0.9181	0.30803	0.62914	0.999995	632	2	-0.9181
EEFSEC	8	0.0017409	0.0075892	0.065939	122	5	-0.70783	0.52985	0.81893	0.999995	770	3	-0.70783
PSMB6	8	0.0017737	0.0077387	0.066632	123	4	-0.50174	0.86539	0.96286	0.999995	927	3	-0.50174
EIF4A3	8	0.0018559	0.0081029	0.067631	124	5	-1.4753	0.66703	0.88727	0.999995	832	1	-1.4753
PFN1	7	0.0018857	0.0080375	0.067631	125	5	-0.57281	0.51436	0.78692	0.999995	759	2	-0.57281
PSMA2	8	0.0018878	0.008215	0.068031	126	5	-1.803	0.24856	0.56459	0.999995	579	2	-1.803
TNPO1	6	0.0018974	0.0077947	0.066632	127	4	-1.2295	0.95089	0.97911	0.999995	956	1	-1.2295
AHCYL1	8	0.0019441	0.0083831	0.068885	128	5	-0.71823	0.99991	0.99989	0.999995	1035	0	-0.71823
RPL17	6	0.0019897	0.0080936	0.067631	129	4	-1.1628	0.58831	0.81771	0.999995	798	2	-1.1628
COX4I1	8	0.0021322	0.009037	0.073686	130	5	-0.88303	0.7923	0.94249	0.999995	894	2	-0.88303
RRM2B	16	0.0021336	0.012698	0.097539	131	8	-0.28466	0.99226	0.99956	0.999995	987	3	-0.28466
NMT1	8	0.0021979	0.0093172	0.07482	132	5	-0.80962	0.99981	0.99972	0.999995	1028	0	-0.80962
RPA1	8	0.0022398	0.0094106	0.075002	133	5	-0.7628	0.99999	1.0	0.999995	1045	0	-0.7628
ASF1A	8	0.0023253	0.0097375	0.077028	134	5	-0.78179	0.66878	0.8879	0.999995	835	2	-0.78179
RPL37A	5	0.0024182	0.0092425	0.074786	135	4	-1.2919	0.95379	0.96719	0.999995	961	1	-1.2919
NRBP1	8	0.0024535	0.010092	0.079245	136	4	-0.72366	0.39643	0.71143	0.999995	697	3	-0.72366
INTS2	8	0.002751	0.010989	0.085026	137	5	-0.93695	0.99944	0.9993	0.999995	1021	0	-0.93695
RPS8	5	0.0028217	0.0107	0.083394	138	3	-3.1823	0.79708	0.90248	0.999995	895	2	-3.1823
ATP6V1E1	7	0.0032913	0.013698	0.101537	139	4	-1.2011	0.78425	0.92562	0.999995	891	3	-1.2011
POLR2F	8	0.0033906	0.013212	0.099396	140	4	-0.80745	0.99426	0.9969	0.999995	994	1	-0.80745
CCNL1	8	0.0033921	0.013212	0.099396	141	5	-0.68718	0.71803	0.91097	0.999995	862	1	-0.68718
IMPDH2	8	0.0034037	0.013222	0.099396	142	5	-0.77733	0.83783	0.9553	0.999995	917	2	-0.77733
RPL5	7	0.0034531	0.01437	0.104333	143	5	-0.63922	0.73649	0.90681	0.999995	871	1	-0.63922
INCENP	8	0.003521	0.01367	0.101537	144	5	-0.59954	0.63926	0.87357	0.999995	817	3	-0.59954
SLC25A28	8	0.0036535	0.01409	0.103551	145	5	-0.63331	0.99948	0.99939	0.999995	1022	0	-0.63331
RPA3	8	0.0036684	0.014165	0.103551	146	4	-0.050751	0.40857	0.72179	0.999995	703	3	-0.050751
PRKDC	16	0.0041529	0.022441	0.149605	147	8	-0.23984	0.98945	0.99936	0.999995	985	3	-0.23984
NAA15	8	0.0041808	0.016295	0.116905	148	5	-0.86838	0.3556	0.67381	0.999995	668	3	-0.86838
HNRNPH1	8	0.0041868	0.016323	0.116905	149	5	-0.86042	0.95372	0.98664	0.999995	960	1	-0.86042
MED13	8	0.0043038	0.016827	0.119709	150	5	-0.80595	0.96032	0.98804	0.999995	965	2	-0.80595
THRAP3	7	0.0043761	0.017602	0.124389	151	4	-1.4303	0.99793	0.99792	0.999995	1005	0	-1.4303
TOP1MT	8	0.0046015	0.017929	0.125861	152	5	-0.71731	0.951	0.98612	0.999995	957	1	-0.71731
AKIRIN2	8	0.0048385	0.018807	0.130298	153	5	-0.63476	0.97694	0.99225	0.999995	978	1	-0.63476
BUB1B	8	0.0049604	0.019181	0.132024	154	5	-0.5412	0.71338	0.90896	0.999995	859	1	-0.5412
POLD1	8	0.0050067	0.01933	0.132194	155	5	-0.50923	0.62514	0.86676	0.999995	813	3	-0.50923
RPL15	5	0.00518	0.018097	0.126205	156	3	-2.0908	0.64258	0.83791	0.999995	818	2	-2.0908
GFM1	8	0.00527	0.020227	0.137384	157	5	-0.93018	0.020759	0.093831	0.547465	181	2	-0.93018
MED23	8	0.0052913	0.020348	0.137384	158	5	-0.52384	0.98701	0.99572	0.999995	984	2	-0.52384
IRF4	8	0.005758	0.02216	0.148672	159	5	-0.39466	0.56654	0.83769	0.999995	789	2	-0.39466
FARS2	8	0.006496	0.024935	0.165192	160	5	-0.47888	0.71525	0.90981	0.999995	860	3	-0.47888
MRPL55	8	0.0069619	0.0267	0.175789	161	3	0.12834	0.0051227	0.028624	0.35588	85	4	0.12834
AKIRIN1	8	0.0072819	0.027671	0.18106	162	5	-0.53794	0.6631	0.88537	0.999995	830	1	-0.53794
EIF3L	8	0.007573	0.028615	0.186084	163	5	-0.35202	0.52841	0.81785	0.999995	766	2	-0.35202
PSMC3	8	0.0078043	0.029399	0.190021	164	3	-0.055801	0.18077	0.461	0.986157	492	3	-0.055801
CRKL	8	0.0084789	0.031669	0.20345	165	4	-0.32901	0.55153	0.83039	0.999995	781	3	-0.32901
SBNO1	8	0.008754	0.03265	0.208487	166	5	-0.4788	0.21938	0.52216	0.999995	544	2	-0.4788
NRBP2	8	0.0088483	0.033089	0.2096	167	5	-0.49724	0.99728	0.99788	0.999995	1002	1	-0.49724
ACACA	8	0.0088958	0.03322	0.2096	168	5	-0.3968	0.9767	0.99219	0.999995	977	1	-0.3968
SKA1	8	0.0090638	0.033649	0.209814	169	4	-0.37033	0.37392	0.69069	0.999995	687	3	-0.37033
NAPA	8	0.0090656	0.033649	0.209814	170	4	-0.36021	0.39403	0.70918	0.999995	695	3	-0.36021
DDI2	8	0.0091602	0.033948	0.210439	171	5	-0.4165	0.098214	0.31487	0.891182	373	3	-0.4165
RPRD1B	8	0.0092578	0.034275	0.211231	172	5	-0.42237	0.9603	0.98802	0.999995	964	1	-0.42237
ATR	8	0.0093944	0.03478	0.2131	173	4	-0.24511	0.65548	0.88189	0.999995	823	2	-0.24511
PDCD6IP	8	0.00953	0.035368	0.21546	174	5	-0.54998	0.97883	0.99276	0.999995	980	1	-0.54998
FAM50A	8	0.011379	0.0403	0.242071	175	4	-0.45929	0.60526	0.857	0.999995	806	1	-0.45929
ATP5PB	8	0.011417	0.040421	0.242071	176	4	-0.48001	0.19243	0.47992	0.990186	514	2	-0.48001
EP300	8	0.01207	0.042047	0.250389	177	4	-0.50881	0.98217	0.99391	0.999995	982	2	-0.50881
NXT1	8	0.012626	0.04356	0.257951	178	4	-0.20368	0.57104	0.83993	0.999995	792	4	-0.20368
LARP1	8	0.013034	0.044568	0.262459	179	4	-0.50244	0.8277	0.95263	0.999995	910	3	-0.50244
RPP14	8	0.013367	0.045484	0.266369	180	4	-0.28844	0.32867	0.64881	0.999995	646	4	-0.28844
RPS15	4	0.014012	0.03562	0.215757	181	3	-1.2939	0.60034	0.76596	0.999995	804	1	-1.2939
ISCA2	8	0.015859	0.051779	0.301572	182	4	-0.41875	0.37701	0.6933	0.999995	688	1	-0.41875
POLR2A	8	0.017065	0.054731	0.315298	183	4	-0.42179	0.96332	0.9886	0.999995	968	2	-0.42179
ABT1	8	0.017367	0.055506	0.318036	184	4	-0.40655	0.99329	0.99664	0.999995	990	1	-0.40655
CDS2	8	0.017564	0.055927	0.318721	185	4	-0.38756	0.55932	0.83428	0.999995	785	1	-0.38756
ANAPC4	8	0.018929	0.059186	0.335495	186	2	0.2195	0.7569	0.92863	0.999995	882	4	0.2195
MRPL27	8	0.019281	0.060233	0.339609	187	4	-0.20524	0.99792	0.99825	0.999995	1004	1	-0.20524
TBP	8	0.019389	0.060559	0.339646	188	4	-0.24605	0.73971	0.92071	0.999995	873	3	-0.24605
TSG101	8	0.02062	0.06381	0.354129	189	3	-0.19451	0.87672	0.96591	0.999995	929	3	-0.19451
CNOT7	7	0.020652	0.062259	0.347342	190	4	-0.49101	0.064158	0.21888	0.77073	312	3	-0.49101
UTP14A	8	0.021681	0.066295	0.366001	191	4	-0.2632	0.47373	0.77617	0.999995	737	1	-0.2632
VPS37A	8	0.022682	0.069031	0.379136	192	4	-0.40748	0.70109	0.9029	0.999995	854	3	-0.40748
STT3B	8	0.02359	0.071497	0.390655	193	4	-0.34777	0.90301	0.97379	0.999995	938	3	-0.34777
XRCC6	7	0.024451	0.072338	0.393222	194	3	-0.029879	0.8316	0.94461	0.999995	914	1	-0.029879
COPZ1	8	0.025107	0.075579	0.404615	195	4	0.024506	0.42153	0.73295	0.999995	715	4	0.024506
SEPHS1	7	0.025619	0.075346	0.404615	196	4	-0.43423	0.18708	0.45535	0.983031	500	3	-0.43423
RBMX	7	0.02618	0.076663	0.408354	197	3	-0.39101	0.66311	0.87996	0.999995	831	2	-0.39101
TAF1	8	0.027393	0.080483	0.425964	198	4	-0.019628	0.36485	0.68249	0.999995	675	4	-0.019628
TIMM23	6	0.027417	0.072768	0.393539	199	2	0.12564	0.84905	0.94056	0.999995	920	2	0.12564
ATP6V1C1	8	0.027528	0.080772	0.425964	200	4	-0.39886	0.91748	0.97805	0.999995	945	2	-0.39886
RPL18A	3	0.027893	0.053367	0.309122	201	2	-1.5929	0.97576	0.97578	0.999995	976	0	-1.5929
DDX39B	8	0.031575	0.090431	0.472199	202	4	-0.23218	0.013885	0.069228	0.470802	154	3	-0.23218
FANCM	8	0.03331	0.094522	0.491142	203	4	-0.21357	0.018095	0.084088	0.518219	172	3	-0.21357
TOB1	8	0.035185	0.099061	0.512219	204	4	-0.25745	0.20766	0.50397	0.999995	528	3	-0.25745
CHMP1A	8	0.035504	0.099762	0.513337	205	4	-0.43374	0.99057	0.99618	0.999995	986	1	-0.43374
MED13L	8	0.036391	0.10169	0.520711	206	4	-0.32929	0.99447	0.99698	0.999995	995	1	-0.32929
ZNF34	8	0.036635	0.10225	0.521063	207	4	-0.21002	0.23098	0.53944	0.999995	555	1	-0.21002
RBM22	8	0.037209	0.10372	0.526055	208	4	-0.08291	0.32684	0.64717	0.999995	644	2	-0.08291
SNAPC4	8	0.040512	0.11149	0.559523	209	4	-0.13088	0.79127	0.94219	0.999995	893	3	-0.13088
TOP1	8	0.040686	0.1119	0.559523	210	4	-0.25654	0.92819	0.98169	0.999995	950	3	-0.25654
ALG14	8	0.041036	0.11269	0.5608	211	4	0.045506	0.69675	0.90103	0.999995	849	4	0.045506
MTHFD1	8	0.042365	0.11599	0.574512	212	4	-0.41086	0.97908	0.99283	0.999995	981	2	-0.41086
SEPHS2	8	0.043521	0.11869	0.583041	213	3	-0.067664	0.96777	0.98975	0.999995	972	2	-0.067664
COPG1	8	0.043721	0.11925	0.583041	214	4	-0.18258	0.37269	0.6896	0.999995	683	3	-0.18258
XPR1	8	0.04377	0.11936	0.583041	215	3	0.1656	0.95254	0.98644	0.999995	959	2	0.1656
MED31	8	0.045026	0.1224	0.595172	216	3	0.095171	0.67505	0.89079	0.999995	838	4	0.095171
TLN1	8	0.047372	0.12809	0.614377	217	4	-0.30919	0.9834	0.99431	0.999995	983	1	-0.30919
CASP4	8	0.048241	0.13007	0.618279	218	4	-0.2373	0.65873	0.8834	0.999995	826	3	-0.2373
TOMM22	7	0.050178	0.12553	0.6076	219	3	-0.19032	0.96899	0.98818	0.999995	973	2	-0.19032
STRIP1	8	0.050207	0.13499	0.638813	220	4	-0.07229	0.39405	0.70919	0.999995	696	4	-0.07229
RPL6	3	0.050374	0.089945	0.471988	221	2	-0.90751	0.16601	0.33694	0.927671	478	1	-0.90751
EIF3J	7	0.051438	0.1279	0.614377	222	3	-0.13463	0.50503	0.78045	0.999995	753	3	-0.13463
DGAT1	8	0.052018	0.13924	0.655952	223	4	-0.30502	0.41357	0.72627	0.999995	709	2	-0.30502
GATAD2A	8	0.052969	0.14156	0.662865	224	3	-0.14317	0.28847	0.61018	0.999995	614	2	-0.14317
DGKZ	6	0.056331	0.12893	0.615623	225	3	-0.28667	0.95624	0.98	0.999995	962	1	-0.28667
TBC1D28	7	0.059635	0.14195	0.662865	226	2	0.10532	0.26612	0.56191	0.999995	603	2	0.10532
GABPB1	8	0.06184	0.1564	0.720814	227	2	-0.061434	0.80243	0.94544	0.999995	899	2	-0.061434
RPS7	3	0.062065	0.10779	0.544107	228	2	-0.82511	0.70098	0.79025	0.999995	853	1	-0.82511
SNRPB	8	0.065403	0.16215	0.744053	229	3	0.081378	0.44101	0.7497	0.999995	722	4	0.081378
TOMM20	6	0.066184	0.14709	0.683841	230	2	0.55641	0.10748	0.2997	0.884767	383	4	0.55641
CAND1	8	0.068686	0.16782	0.766751	231	3	0.031122	0.80062	0.94487	0.999995	898	3	0.031122
NDUFC1	8	0.071732	0.17241	0.784367	232	3	-0.13876	0.91044	0.97583	0.999995	942	3	-0.13876
XRCC4	8	0.075153	0.17797	0.80619	233	2	0.082529	0.53434	0.8221	0.999995	771	3	0.082529
DHX29	7	0.082894	0.18194	0.820666	234	3	0.31098	0.10234	0.31107	0.888414	379	4	0.31098
RPL27A	4	0.086651	0.1501	0.694777	235	1	0.43193	0.075873	0.20662	0.765786	340	2	0.43193
TUBB2B	6	0.098453	0.20234	0.901177	236	2	0.2573	0.15116	0.3836	0.943725	461	3	0.2573
CLTCL1	8	0.099376	0.21643	0.95992	237	3	0.086409	0.19166	0.47865	0.990186	512	3	0.086409
CBLL1	8	0.10167	0.21999	0.971638	238	3	-0.063779	0.30986	0.63088	0.999995	634	3	-0.063779
MBTD1	8	0.10399	0.2236	0.983464	239	3	-0.064147	0.91142	0.97611	0.999995	943	2	-0.064147
KPNA2	7	0.10852	0.22516	0.986233	240	3	0.056884	0.66825	0.88176	0.999995	834	3	0.056884
RNF20	8	0.11149	0.23554	0.999995	241	3	-0.090597	0.73525	0.91882	0.999995	870	3	-0.090597
COPS7A	8	0.11229	0.23675	0.999995	242	3	-0.084533	0.61908	0.864	0.999995	811	2	-0.084533
CAP1	8	0.1135	0.23872	0.999995	243	3	-0.064153	0.65621	0.8822	0.999995	824	2	-0.064153
SOS1	8	0.11696	0.24383	0.999995	244	3	0.00045164	0.65805	0.88308	0.999995	825	3	0.00045164
BICD2	8	0.11902	0.24682	0.999995	245	3	-0.21321	0.54559	0.8276	0.999995	778	3	-0.21321
SNRPB2	7	0.12009	0.2441	0.999995	246	2	0.39843	0.14668	0.39499	0.944069	450	4	0.39843
SAFB2	8	0.1213	0.25042	0.999995	247	3	0.075067	0.97435	0.99151	0.999995	975	1	0.075067
CFL1	8	0.12151	0.25077	0.999995	248	3	0.10742	0.091047	0.30052	0.884767	360	4	0.10742
PUM2	8	0.12192	0.25137	0.999995	249	3	-0.2631	0.74735	0.92428	0.999995	879	1	-0.2631
ARID1A	8	0.12213	0.25172	0.999995	250	3	-0.016798	0.92388	0.98017	0.999995	947	2	-0.016798
E2F3	7	0.1228	0.24838	0.999995	251	2	0.081775	0.42971	0.72587	0.999995	719	2	0.081775
RPS28	3	0.12323	0.18293	0.821635	252	1	0.42323	0.34409	0.51905	0.999995	658	2	0.42323
XYLT2	8	0.12762	0.2601	0.999995	253	3	0.017227	0.77041	0.93474	0.999995	889	3	0.017227
PRG3	8	0.1304	0.26395	0.999995	254	3	-0.0035907	0.20088	0.49357	0.999995	519	3	-0.0035907
CLASP1	8	0.13062	0.26427	0.999995	255	3	-0.081896	0.83687	0.95511	0.999995	916	2	-0.081896
RHOT2	8	0.13127	0.26522	0.999995	256	3	0.064486	0.88532	0.9685	0.999995	933	3	0.064486
RPL21	3	0.13342	0.18982	0.848999	257	1	0.2059	0.79918	0.83544	0.999995	897	1	0.2059
CRK	8	0.13387	0.26941	0.999995	258	3	0.19478	0.66075	0.88433	0.999995	828	4	0.19478
PUM1	8	0.14538	0.28617	0.999995	259	3	-0.030788	0.99967	0.99956	0.999995	1024	0	-0.030788
ZWILCH	8	0.14572	0.28663	0.999995	260	2	0.17983	0.58973	0.84953	0.999995	800	3	0.17983
TMEM30A	8	0.14718	0.28894	0.999995	261	2	0.19954	0.56614	0.83745	0.999995	788	4	0.19954
TCERG1	8	0.14924	0.29211	0.999995	262	3	-0.16954	0.54643	0.82793	0.999995	780	2	-0.16954
TOP2B	8	0.15038	0.29399	0.999995	263	3	0.0041258	0.35196	0.67089	0.999995	664	3	0.0041258
GSDMD	8	0.15683	0.30326	0.999995	264	3	-0.19729	0.36038	0.67845	0.999995	672	2	-0.19729
FANCF	8	0.1573	0.30397	0.999995	265	3	-0.14789	0.9988	0.99879	0.999995	1014	1	-0.14789
RAD17	6	0.15902	0.26885	0.999995	266	2	0.28313	0.55602	0.80112	0.999995	783	2	0.28313
UCHL5	8	0.16269	0.31175	0.999995	267	3	-0.039172	0.74567	0.92353	0.999995	878	2	-0.039172
CTPS1	8	0.16577	0.31614	0.999995	268	3	-0.14409	0.80931	0.94741	0.999995	902	2	-0.14409
RSBN1L	8	0.16648	0.31698	0.999995	269	3	-0.071316	0.71587	0.91004	0.999995	861	2	-0.071316
LATS2	8	0.1672	0.31806	0.999995	270	3	0.14434	0.45322	0.75986	0.999995	729	4	0.14434
GPSM2	8	0.18223	0.34004	0.999995	271	3	-0.10157	0.16261	0.43116	0.960178	473	3	-0.10157
SLC25A25	8	0.18669	0.34669	0.999995	272	3	0.28332	0.6734	0.89008	0.999995	837	4	0.28332
IKBKB	8	0.18694	0.34703	0.999995	273	3	0.40224	0.13266	0.37983	0.943725	425	4	0.40224
GSTP1	8	0.19244	0.35502	0.999995	274	3	-0.17858	0.86205	0.96196	0.999995	926	2	-0.17858
PFAS	8	0.21297	0.37418	0.999995	275	2	0.11668	0.7634	0.93168	0.999995	886	3	0.11668
SOX9	8	0.23229	0.39052	0.999995	276	2	-0.19751	0.99732	0.99792	0.999995	1003	1	-0.19751
FDPS	8	0.24023	0.39744	0.999995	277	2	0.28244	0.40313	0.71727	0.999995	700	4	0.28244
PAF1	8	0.2453	0.40158	0.999995	278	2	-0.039455	0.90844	0.97521	0.999995	940	3	-0.039455
ATP7A	8	0.24639	0.40255	0.999995	279	2	-0.079938	0.29374	0.61529	0.999995	619	1	-0.079938
PMM2	8	0.24857	0.40436	0.999995	280	2	0.24169	0.15709	0.42188	0.954728	467	4	0.24169
ASF1B	16	0.26235	0.50232	0.999995	281	4	-0.1091	0.99397	0.99966	0.999995	993	3	-0.1091
ZMAT2	8	0.26461	0.419	0.999995	282	2	0.05721	0.36552	0.68308	0.999995	676	3	0.05721
LGALS9	7	0.28221	0.41775	0.999995	283	1	0.41965	0.16728	0.42586	0.956283	479	5	0.41965
TNPO2	8	0.28221	0.43392	0.999995	284	2	0.36286	0.3339	0.65394	0.999995	650	5	0.36286
MDM4	8	0.29068	0.44156	0.999995	285	2	0.1353	0.99287	0.99655	0.999995	988	1	0.1353
TIMM23B	7	0.29211	0.42748	0.999995	286	2	0.36846	0.62278	0.8559	0.999995	812	4	0.36846
RHBDF1	8	0.29694	0.44698	0.999995	287	2	0.26706	0.74049	0.92103	0.999995	874	4	0.26706
BZW1	6	0.29842	0.42429	0.999995	288	2	0.24392	0.55733	0.80177	0.999995	784	3	0.24392
EPS15L1	8	0.30211	0.45128	0.999995	289	2	-0.06313	0.1441	0.39979	0.944069	444	1	-0.06313
H2AFX	8	0.30262	0.45166	0.999995	290	1	0.7798	0.0449	0.17476	0.723604	258	6	0.7798
ARPC5L	8	0.30533	0.45397	0.999995	291	1	0.50368	0.15128	0.41236	0.944069	462	6	0.50368
CTSZ	8	0.30668	0.4553	0.999995	292	1	0.51841	0.01158	0.060373	0.43534	147	5	0.51841
MT2A	6	0.32465	0.45395	0.999995	293	2	0.21264	0.69101	0.87318	0.999995	848	3	0.21264
ALDOC	8	0.32647	0.47339	0.999995	294	2	0.17391	0.85308	0.9592	0.999995	921	2	0.17391
BRD8	8	0.33586	0.48186	0.999995	295	2	0.31944	0.35139	0.67038	0.999995	663	4	0.31944
FKBP9	7	0.33962	0.4762	0.999995	296	1	0.42083	0.43669	0.73109	0.999995	720	4	0.42083
FKBP5	8	0.34418	0.48938	0.999995	297	2	0.4203	0.36909	0.68635	0.999995	679	5	0.4203
PEF1	7	0.34772	0.48452	0.999995	298	2	0.07451	0.78228	0.92479	0.999995	890	2	0.07451
TPBGL	8	0.36075	0.50447	0.999995	299	2	0.077946	0.53592	0.82295	0.999995	772	3	0.077946
NUMBL	8	0.36208	0.50558	0.999995	300	1	0.46079	0.22735	0.53384	0.999995	553	6	0.46079
SERPINA12	16	0.36479	0.61329	0.999995	301	3	0.4837	0.11592	0.41872	0.95246	398	11	0.4837
RNF44	8	0.36663	0.50984	0.999995	302	2	0.39592	0.13693	0.38736	0.943725	433	5	0.39592
CCNE2	8	0.36736	0.51053	0.999995	303	2	0.049515	0.7433	0.92229	0.999995	875	3	0.049515
KIF20A	16	0.36841	0.61727	0.999995	304	4	0.1187	0.078001	0.32112	0.895766	346	5	0.1187
NBEAL1	8	0.37578	0.51834	0.999995	305	1	0.46584	0.098997	0.31629	0.891655	375	6	0.46584
PTCH1	8	0.38895	0.53045	0.999995	306	2	0.37265	0.24201	0.55552	0.999995	571	5	0.37265
FOXK2	8	0.39332	0.53473	0.999995	307	2	0.42427	0.15573	0.41963	0.952477	465	6	0.42427
PLXDC1	16	0.39504	0.64268	0.999995	308	3	0.27704	0.73511	0.9569	0.999995	868	8	0.27704
PGLS	8	0.3955	0.53692	0.999995	309	2	0.43793	0.018013	0.083892	0.518219	171	5	0.43793
AP2A1	8	0.39732	0.5385	0.999995	310	2	0.15404	0.6287	0.86843	0.999995	815	3	0.15404
SLC32A1	8	0.39882	0.53991	0.999995	311	1	0.19208	0.21002	0.50771	0.999995	533	3	0.19208
ZMIZ2	8	0.39914	0.54023	0.999995	312	2	0.31295	0.47584	0.77778	0.999995	739	5	0.31295
HOXB1	8	0.40059	0.54167	0.999995	313	2	0.017325	0.52696	0.81675	0.999995	764	2	0.017325
HNRNPH3	8	0.4035	0.54423	0.999995	314	2	0.1977	0.88119	0.96722	0.999995	931	3	0.1977
FZR1	8	0.40458	0.54511	0.999995	315	2	-0.094352	0.8884	0.96932	0.999995	934	3	-0.094352
TOB2	8	0.40567	0.54641	0.999995	316	2	0.46333	0.31461	0.63576	0.999995	637	5	0.46333
SLC11A2	8	0.40771	0.5483	0.999995	317	1	0.099207	0.75753	0.92903	0.999995	884	3	0.099207
CDK5R1	8	0.41001	0.55071	0.999995	318	2	0.2468	0.73513	0.91875	0.999995	869	4	0.2468
S1PR4	8	0.41074	0.55135	0.999995	319	2	-0.18057	0.69936	0.90209	0.999995	852	2	-0.18057
NHLRC1	8	0.41218	0.55263	0.999995	320	2	0.22833	0.67744	0.89197	0.999995	840	4	0.22833
ADGRG7	8	0.4129	0.55322	0.999995	321	2	0.24289	0.14969	0.40961	0.944069	456	4	0.24289
NAA16	8	0.41326	0.55349	0.999995	322	2	0.33242	0.56788	0.83835	0.999995	790	4	0.33242
SPAG9	8	0.41399	0.55405	0.999995	323	2	0.22571	0.68936	0.89769	0.999995	847	4	0.22571
RSBN1	8	0.41507	0.55493	0.999995	324	2	0.051756	0.9397	0.98403	0.999995	953	2	0.051756
SHMT2	8	0.42119	0.56066	0.999995	325	2	0.2154	0.52871	0.81806	0.999995	767	4	0.2154
COX4I2	8	0.42443	0.56374	0.999995	326	2	0.31812	0.41726	0.72934	0.999995	712	5	0.31812
ARHGEF7	8	0.42478	0.56415	0.999995	327	2	0.3341	0.12234	0.36096	0.943725	404	4	0.3341
PTCH2	8	0.42514	0.56457	0.999995	328	2	0.29028	0.35323	0.67195	0.999995	666	4	0.29028
PTTG1	7	0.42774	0.55765	0.999995	329	1	0.14002	0.81624	0.93803	0.999995	906	3	0.14002
RANBP9	8	0.43481	0.57404	0.999995	330	2	0.23307	0.45156	0.75846	0.999995	728	4	0.23307
GRHL2	8	0.43595	0.57504	0.999995	331	1	0.33927	0.18582	0.4694	0.990186	499	6	0.33927
ISL1	8	0.43695	0.57608	0.999995	332	2	0.36227	0.24607	0.56121	0.999995	576	6	0.36227
NDE1	8	0.43766	0.57678	0.999995	333	2	0.43583	0.098372	0.31528	0.891182	374	5	0.43583
H1FOO	8	0.43873	0.57789	0.999995	334	2	0.39751	0.34573	0.66511	0.999995	660	5	0.39751
VPS26B	8	0.44371	0.58256	0.999995	335	2	0.48264	0.32421	0.6448	0.999995	643	5	0.48264
MYBPH	8	0.44691	0.5855	0.999995	336	2	0.28038	0.30465	0.62584	0.999995	628	4	0.28038
MCPH1	8	0.44761	0.58628	0.999995	337	2	0.18051	0.030688	0.12799	0.633456	217	4	0.18051
BECN1	8	0.44769	0.58631	0.999995	338	1	0.14661	0.73748	0.91983	0.999995	872	3	0.14661
TIRAP	8	0.45009	0.58859	0.999995	339	2	0.20935	0.57086	0.8398	0.999995	791	3	0.20935
RPRD1A	8	0.45211	0.59044	0.999995	340	1	0.68196	0.079016	0.27435	0.835652	348	6	0.68196
UNC119	8	0.45327	0.59161	0.999995	341	2	0.25741	0.61745	0.86306	0.999995	809	3	0.25741
CADPS	8	0.45645	0.59461	0.999995	342	2	0.52379	0.2608	0.58188	0.999995	596	5	0.52379
CHSY3	8	0.4575	0.5958	0.999995	343	2	0.37584	0.3601	0.67817	0.999995	671	5	0.37584
SLC35F3	8	0.45926	0.59745	0.999995	344	2	0.52251	0.1753	0.45188	0.981547	486	5	0.52251
SPOP	8	0.45997	0.59809	0.999995	345	2	0.026884	0.52744	0.81713	0.999995	765	2	0.026884
PSMB8	8	0.46032	0.59838	0.999995	346	2	0.14883	0.68236	0.89437	0.999995	843	2	0.14883
ESRP1	8	0.46137	0.59943	0.999995	347	2	0.2888	0.5209	0.8122	0.999995	763	4	0.2888
ABCC3	8	0.46313	0.60113	0.999995	348	2	0.10251	0.74556	0.92351	0.999995	877	3	0.10251
PAPSS2	8	0.46558	0.60354	0.999995	349	2	0.2039	0.46137	0.76658	0.999995	733	4	0.2039
HMGCS2	8	0.46593	0.60387	0.999995	350	2	0.25971	0.29657	0.61826	0.999995	623	4	0.25971
STX12	8	0.47152	0.60934	0.999995	351	2	0.12314	0.62593	0.86721	0.999995	814	3	0.12314
SPATA21	8	0.47291	0.61066	0.999995	352	2	0.21912	0.6889	0.89747	0.999995	846	3	0.21912
COPZ2	8	0.47361	0.61147	0.999995	353	2	0.41819	0.37776	0.69403	0.999995	689	5	0.41819
PDS5B	8	0.47674	0.61415	0.999995	354	2	0.35622	0.60974	0.85913	0.999995	807	4	0.35622
RNF103	8	0.47743	0.61481	0.999995	355	2	0.16359	0.6861	0.89614	0.999995	845	2	0.16359
CREBBP	8	0.47901	0.61642	0.999995	356	1	0.36947	0.33751	0.65741	0.999995	655	5	0.36947
YIF1A	8	0.48297	0.62039	0.999995	357	2	0.098447	0.75124	0.92606	0.999995	880	3	0.098447
MMD	8	0.4847	0.62192	0.999995	358	2	0.40321	0.39304	0.70824	0.999995	694	4	0.40321
GJA8	8	0.48573	0.62294	0.999995	359	2	0.33713	0.5009	0.7976	0.999995	750	5	0.33713
LIF	8	0.49459	0.62638	0.999995	360	1	0.43852	0.19126	0.47806	0.990186	511	6	0.43852
NCKAP1L	8	0.49817	0.62795	0.999995	361	1	0.69081	0.059774	0.21926	0.77073	297	6	0.69081
CEACAM1	8	0.50273	0.62959	0.999995	362	1	0.51771	0.11576	0.34872	0.933431	397	6	0.51771
ZNF804B	8	0.51126	0.633	0.999995	363	1	0.8722	0.004684	0.026438	0.348429	81	7	0.8722
FUT5	8	0.51225	0.6334	0.999995	364	1	0.53282	0.22432	0.52957	0.999995	551	6	0.53282
ITGB1BP2	8	0.52259	0.63762	0.999995	365	1	0.39228	0.32862	0.64878	0.999995	645	5	0.39228
NUMB	8	0.53081	0.64109	0.999995	366	1	0.60139	0.010799	0.056814	0.42978	140	5	0.60139
ARFGEF1	8	0.53129	0.64125	0.999995	367	1	0.6462	0.057161	0.21197	0.77073	290	7	0.6462
ADAM19	8	0.53464	0.64273	0.999995	368	1	0.67608	0.039924	0.15848	0.691297	243	5	0.67608
TBC1D26	6	0.53466	0.57739	0.999995	369	1	0.29534	0.47611	0.75277	0.999995	741	4	0.29534
MYBPHL	8	0.55107	0.64964	0.999995	370	1	-0.060416	0.91014	0.97576	0.999995	941	2	-0.060416
ABCG2	8	0.55291	0.65034	0.999995	371	1	0.74157	0.0039601	0.022385	0.348429	68	7	0.74157
GXYLT1	8	0.56204	0.65416	0.999995	372	1	0.31737	0.37338	0.69024	0.999995	685	5	0.31737
AP1G2	8	0.56744	0.65685	0.999995	373	1	0.38644	0.36459	0.68227	0.999995	674	5	0.38644
TAF9	7	0.5726	0.62917	0.999995	374	1	0.40267	0.23244	0.51724	0.999995	556	4	0.40267
TANC2	7	0.58118	0.63394	0.999995	375	1	0.59178	0.017313	0.079269	0.509241	168	6	0.59178
RHOT1	8	0.58241	0.66391	0.999995	376	1	0.48267	0.31571	0.63678	0.999995	638	5	0.48267
TSPO2	8	0.58457	0.66501	0.999995	377	1	0.60633	0.071352	0.25339	0.811447	330	7	0.60633
NR2E1	8	0.58544	0.6654	0.999995	378	1	0.69493	0.024581	0.10783	0.580213	200	7	0.69493
VANGL1	8	0.59735	0.6711	0.999995	379	1	0.42511	0.017096	0.080754	0.513467	165	5	0.42511
NSG2	8	0.60028	0.67255	0.999995	380	1	0.46083	0.032088	0.133	0.637206	222	7	0.46083
TPRX1	8	0.60732	0.67578	0.999995	381	1	0.31691	0.42263	0.73395	0.999995	716	4	0.31691
L3MBTL2	8	0.60937	0.6768	0.999995	382	1	0.46028	0.26576	0.58801	0.999995	602	5	0.46028
TUBB4B	16	0.61111	0.79276	0.999995	383	1	0.6015	0.0081361	0.058897	0.43534	112	12	0.6015
MMD2	8	0.61141	0.678	0.999995	384	1	0.41551	0.30699	0.62821	0.999995	630	4	0.41551
COQ10A	8	0.61182	0.67822	0.999995	385	1	0.30744	0.50227	0.79848	0.999995	751	5	0.30744
RIC8B	8	0.61222	0.67844	0.999995	386	1	0.24319	0.55351	0.83148	0.999995	782	4	0.24319
ADSS	7	0.61546	0.65394	0.999995	387	1	0.3279	0.13779	0.38124	0.943725	434	4	0.3279
TUBB2A	6	0.61746	0.63506	0.999995	388	1	0.12391	0.37297	0.65507	0.999995	684	3	0.12391
MOGAT2	8	0.62583	0.6852	0.999995	389	1	0.098141	0.88904	0.96964	0.999995	935	3	0.098141
TOMM20L	8	0.62662	0.68573	0.999995	390	1	0.51933	0.11923	0.35527	0.941473	402	6	0.51933
FNIP2	8	0.63247	0.68878	0.999995	391	1	0.31674	0.51867	0.81034	0.999995	761	5	0.31674
RHOBTB2	8	0.6413	0.69361	0.999995	392	1	0.28729	0.61748	0.86307	0.999995	810	4	0.28729
HPS1	8	0.64206	0.694	0.999995	393	1	0.20708	0.3033	0.62449	0.999995	627	4	0.20708
FKBP10	8	0.64994	0.69794	0.999995	394	1	0.61909	0.12494	0.36548	0.943725	411	6	0.61909
GABPB2	8	0.65031	0.69813	0.999995	395	1	0.088437	0.072541	0.25665	0.814505	332	3	0.088437
LIN28B	8	0.6529	0.69942	0.999995	396	1	0.21335	0.21163	0.51001	0.999995	534	4	0.21335
GCM2	8	0.6584	0.70242	0.999995	397	1	0.15047	0.074283	0.26158	0.816454	337	4	0.15047
EFR3A	8	0.6613	0.70422	0.999995	398	1	0.31772	0.39957	0.7141	0.999995	699	5	0.31772
IQCA1	8	0.66632	0.70695	0.999995	399	1	0.41921	0.41117	0.72413	0.999995	705	5	0.41921
TREML4	7	0.66652	0.68655	0.999995	400	1	0.70842	0.062615	0.21524	0.77073	307	6	0.70842
CDS1	8	0.66703	0.70736	0.999995	401	1	0.74849	0.028139	0.1195	0.614895	209	7	0.74849
MBD3L1	8	0.67092	0.70961	0.999995	402	1	0.44085	0.41355	0.72625	0.999995	708	5	0.44085
ZMIZ1	8	0.67163	0.71009	0.999995	403	1	0.11042	0.96748	0.98968	0.999995	971	2	0.11042
REG3A	8	0.67512	0.71231	0.999995	404	1	0.3656	0.48215	0.78286	0.999995	745	4	0.3656
PPP2R1B	8	0.67617	0.71296	0.999995	405	1	0.52787	0.29074	0.61263	0.999995	616	5	0.52787
TPST2	8	0.67997	0.71506	0.999995	406	1	0.39687	0.23702	0.54808	0.999995	566	6	0.39687
TMEM185B	8	0.681	0.71565	0.999995	407	1	0.25491	0.14584	0.40283	0.944069	448	4	0.25491
WAS	8	0.68134	0.71587	0.999995	408	1	0.42725	0.11481	0.34708	0.931407	395	6	0.42725
FLOT2	8	0.68168	0.71609	0.999995	409	1	0.2302	0.41775	0.72966	0.999995	713	4	0.2302
SERPINA11	8	0.68542	0.71832	0.999995	410	1	0.42425	0.23649	0.54732	0.999995	565	5	0.42425
CRYBB2	7	0.68694	0.70084	0.999995	411	1	0.57827	0.062631	0.21527	0.77073	308	5	0.57827
PPP3R2	8	0.68879	0.72026	0.999995	412	1	0.24258	0.76731	0.93343	0.999995	887	4	0.24258
CDC34	8	0.68946	0.72076	0.999995	413	1	0.32497	0.26315	0.58527	0.999995	599	4	0.32497
KHSRP	8	0.69046	0.72151	0.999995	414	1	0.11269	0.054845	0.20519	0.764582	285	3	0.11269
HASPIN	8	0.69246	0.72269	0.999995	415	1	0.20273	0.12606	0.3676	0.943725	413	2	0.20273
COPG2	8	0.69412	0.72356	0.999995	416	1	0.49591	0.10372	0.32538	0.905265	380	6	0.49591
SBF1	7	0.69615	0.70763	0.999995	417	1	0.30765	0.33709	0.64813	0.999995	654	5	0.30765
NCKAP1	8	0.69642	0.72488	0.999995	418	1	0.40447	0.29285	0.61444	0.999995	617	5	0.40447
APH1A	8	0.69838	0.72592	0.999995	419	1	0.53651	0.16317	0.43208	0.960178	475	5	0.53651
NMT2	8	0.69871	0.72615	0.999995	420	1	0.50215	0.1711	0.4451	0.974808	483	6	0.50215
DDX39A	8	0.70033	0.72721	0.999995	421	1	0.43394	0.25236	0.56987	0.999995	585	5	0.43394
IFIH1	8	0.70195	0.7284	0.999995	422	1	0.59057	0.052733	0.19859	0.75658	279	5	0.59057
NBEA	6	0.70518	0.70709	0.999995	423	1	0.53685	0.18941	0.44971	0.978907	507	4	0.53685
CELA2A	8	0.70676	0.73139	0.999995	424	1	0.38361	0.39672	0.71172	0.999995	698	5	0.38361
WASL	8	0.70835	0.73231	0.999995	425	1	0.19159	0.72991	0.91646	0.999995	867	4	0.19159
GOLT1B	8	0.70993	0.73314	0.999995	426	1	0.93503	0.0017195	0.010223	0.258015	42	7	0.93503
MYH7	8	0.71056	0.73345	0.999995	427	1	0.29268	0.14572	0.40253	0.944069	447	4	0.29268
HMG20B	8	0.71244	0.7347	0.999995	428	1	0.14603	0.59333	0.85123	0.999995	802	3	0.14603
HNRNPF	8	0.71275	0.73484	0.999995	429	1	0.023792	0.46102	0.76629	0.999995	732	3	0.023792
CABP5	8	0.71307	0.73504	0.999995	430	1	0.30766	0.76794	0.93375	0.999995	888	4	0.30766
FOXK1	8	0.71772	0.73795	0.999995	431	1	0.23373	0.8117	0.94812	0.999995	904	3	0.23373
BARHL1	8	0.71803	0.73811	0.999995	432	1	0.6292	0.025127	0.10977	0.584681	202	7	0.6292
SIRPA	6	0.71855	0.72002	0.999995	433	1	0.38786	0.086446	0.25545	0.814505	356	4	0.38786
XYLT1	8	0.71925	0.73886	0.999995	434	1	0.075295	0.22117	0.52479	0.999995	546	3	0.075295
CLDN4	8	0.72017	0.73936	0.999995	435	1	0.086923	0.74422	0.92279	0.999995	876	3	0.086923
SLCO2B1	8	0.72109	0.7398	0.999995	436	1	0.31801	0.58327	0.84626	0.999995	797	4	0.31801
FEZ1	8	0.72382	0.74164	0.999995	437	1	0.32166	0.54175	0.82554	0.999995	775	4	0.32166
SLC11A1	8	0.72682	0.74374	0.999995	438	1	0.27995	0.11691	0.35084	0.935183	399	4	0.27995
NCK2	8	0.72772	0.74427	0.999995	439	1	0.34618	0.34975	0.66889	0.999995	661	5	0.34618
STX4	8	0.72831	0.74465	0.999995	440	1	0.51507	0.018929	0.087227	0.525343	175	7	0.51507
LIN28A	7	0.72834	0.73191	0.999995	441	1	0.25963	0.22011	0.50096	0.999995	545	3	0.25963
NCOR2	8	0.72891	0.745	0.999995	442	1	0.47768	0.20877	0.5057	0.999995	530	6	0.47768
MTX1	6	0.7293	0.7304	0.999995	443	1	0.18191	0.15602	0.39203	0.944069	466	3	0.18191
UBASH3B	8	0.7295	0.74547	0.999995	444	1	0.25863	0.47585	0.77778	0.999995	740	4	0.25863
FAM50B	8	0.7298	0.74571	0.999995	445	1	0.49951	0.38323	0.69934	0.999995	690	5	0.49951
RXFP3	8	0.73098	0.74653	0.999995	446	1	0.57141	0.32031	0.64097	0.999995	641	5	0.57141
GOLT1A	8	0.73157	0.74681	0.999995	447	1	0.57238	0.15994	0.42672	0.956283	471	6	0.57238
LDB1	16	0.73293	0.85343	0.999995	448	1	0.078236	0.9211	0.99287	0.999995	946	6	0.078236
PACS2	8	0.73712	0.75092	0.999995	449	1	0.64701	0.082295	0.28283	0.849283	353	6	0.64701
MTA3	8	0.74	0.75267	0.999995	450	1	0.85802	0.0035848	0.020124	0.329855	64	6	0.85802
SAMD9	8	0.74028	0.75287	0.999995	451	1	0.612	0.13229	0.37916	0.943725	424	6	0.612
GMPR	8	0.74086	0.75332	0.999995	452	1	0.4264	0.11828	0.35348	0.939068	401	6	0.4264
ATP6V1E2	8	0.74256	0.7546	0.999995	453	1	0.43305	0.14877	0.40802	0.944069	453	6	0.43305
CRNN	8	0.74342	0.75515	0.999995	454	1	0.32758	0.51523	0.80779	0.999995	760	4	0.32758
MYL7	8	0.74483	0.75629	0.999995	455	1	0.25891	0.21305	0.51215	0.999995	538	4	0.25891
PHLDA1	8	0.74567	0.75689	0.999995	456	1	0.4358	0.10007	0.31843	0.892962	378	6	0.4358
IPO7	7	0.7457	0.74692	0.999995	457	1	-0.050857	0.87976	0.9639	0.999995	930	2	-0.050857
PACS1	8	0.74651	0.75757	0.999995	458	1	0.13006	0.67057	0.88874	0.999995	836	3	0.13006
CNOT6L	6	0.74734	0.74821	0.999995	459	0	0.41672	0.23828	0.50998	0.999995	568	4	0.41672
EZH2	8	0.74763	0.75837	0.999995	460	1	-0.13974	0.43877	0.74798	0.999995	721	1	-0.13974
RPL3L	8	0.7493	0.75984	0.999995	461	1	0.51806	0.096633	0.31178	0.888414	370	4	0.51806
HEATR5A	8	0.75398	0.76327	0.999995	462	1	0.099031	0.79811	0.94408	0.999995	896	2	0.099031
PTPN11	7	0.75415	0.75453	0.999995	463	1	0.012237	0.41448	0.71492	0.999995	710	1	0.012237
ALAS2	8	0.75425	0.76345	0.999995	464	1	0.78439	0.0016979	0.010102	0.258015	41	7	0.78439
SPOPL	8	0.75534	0.76416	0.999995	465	1	0.59547	0.033828	0.13847	0.644541	228	7	0.59547
DNAJC15	8	0.75724	0.76587	0.999995	466	1	0.50689	0.13171	0.37819	0.943725	423	6	0.50689
MAT2A	8	0.75778	0.76624	0.999995	467	1	0.039303	0.56159	0.83527	0.999995	786	2	0.039303
INTS6L	8	0.75965	0.76765	0.999995	468	1	0.58781	0.065981	0.23768	0.790297	315	7	0.58781
RNF144B	8	0.75992	0.76792	0.999995	469	1	0.35909	0.45014	0.75731	0.999995	727	5	0.35909
GSX1	8	0.76152	0.76904	0.999995	470	1	0.38255	0.2497	0.56615	0.999995	581	6	0.38255
ABL2	8	0.76337	0.77055	0.999995	471	1	0.56018	0.20285	0.49664	0.999995	523	5	0.56018
LHFPL5	8	0.76364	0.77073	0.999995	472	1	0.41662	0.25723	0.57677	0.999995	592	5	0.41662
DDX17	8	0.7639	0.77092	0.999995	473	1	0.48403	0.15096	0.41174	0.944069	460	6	0.48403
SNX6	8	0.76495	0.77182	0.999995	474	1	0.47279	0.21832	0.52044	0.999995	543	6	0.47279
DUSP10	8	0.76652	0.77299	0.999995	475	1	0.25966	0.46571	0.76995	0.999995	734	4	0.25966
ATAD2B	8	0.76834	0.77454	0.999995	476	1	0.55885	0.17043	0.44403	0.974469	482	6	0.55885
CSTF2	8	0.76912	0.77513	0.999995	477	1	0.32614	0.3725	0.68939	0.999995	682	5	0.32614
LIMK1	8	0.76937	0.77531	0.999995	478	1	0.45692	0.2155	0.51585	0.999995	540	5	0.45692
DRD3	8	0.7704	0.77606	0.999995	479	1	0.37636	0.49459	0.79273	0.999995	747	4	0.37636
RGS19	8	0.77092	0.77649	0.999995	480	1	0.48756	0.28146	0.60303	0.999995	609	5	0.48756
TRPC7	8	0.77271	0.7778	0.999995	481	1	0.43	0.16897	0.44165	0.971273	481	6	0.43
KRTAP10-10	8	0.77296	0.77808	0.999995	482	1	0.85684	0.026005	0.11262	0.585202	207	6	0.85684
FNIP1	8	0.77372	0.77875	0.999995	483	1	0.71354	0.089322	0.2969	0.8791	359	6	0.71354
ACTL6B	8	0.77524	0.77989	0.999995	484	1	0.37687	0.29519	0.61685	0.999995	621	5	0.37687
FLOT1	8	0.77549	0.78017	0.999995	485	1	0.53779	0.070375	0.25042	0.804365	328	7	0.53779
GRHL3	8	0.77625	0.78077	0.999995	486	1	0.30805	0.5382	0.82395	0.999995	773	4	0.30805
ATAD2	8	0.77675	0.78132	0.999995	487	1	0.50783	0.19522	0.48469	0.993747	518	6	0.50783
DGKI	8	0.777	0.78148	0.999995	488	1	0.72113	0.0097348	0.051658	0.422757	130	6	0.72113
AXL	8	0.77725	0.78167	0.999995	489	1	0.45377	0.26437	0.58654	0.999995	600	4	0.45377
STT3A	8	0.7775	0.78191	0.999995	490	1	0.20738	0.66777	0.88759	0.999995	833	4	0.20738
DYNC1LI1	7	0.77917	0.77781	0.999995	491	1	0.53879	0.10659	0.32047	0.895766	381	5	0.53879
DCAF4L2	8	0.78024	0.78428	0.999995	492	1	0.41272	0.29442	0.61607	0.999995	620	5	0.41272
G3BP2	8	0.7844	0.78785	0.999995	493	1	-0.055628	0.88951	0.96977	0.999995	936	2	-0.055628
POU5F2	8	0.78658	0.78962	0.999995	494	1	0.33896	0.20673	0.50263	0.999995	524	4	0.33896
FOSL1	6	0.78668	0.78766	0.999995	495	0	0.11269	0.54236	0.79346	0.999995	776	2	0.11269
BZW2	8	0.78874	0.79139	0.999995	496	1	0.12835	0.9294	0.9821	0.999995	951	3	0.12835
FSD1	8	0.78898	0.79161	0.999995	497	1	0.43384	0.21353	0.51295	0.999995	539	5	0.43384
ZNRF4	8	0.78922	0.7918	0.999995	498	1	0.20591	0.41881	0.7306	0.999995	714	3	0.20591
PDCD4	8	0.78946	0.79199	0.999995	499	1	0.54844	0.017655	0.082659	0.517094	169	7	0.54844
ARID4A	8	0.78993	0.79245	0.999995	500	1	0.003596	0.96171	0.98834	0.999995	966	2	0.003596
ADSSL1	8	0.79065	0.79306	0.999995	501	1	0.20293	0.6989	0.90189	0.999995	851	4	0.20293
DZIP1L	8	0.79183	0.79412	0.999995	502	1	0.6355	0.025944	0.11244	0.585202	206	7	0.6355
EPHA2	8	0.79277	0.79504	0.999995	503	1	0.1859	0.053189	0.20001	0.75658	280	4	0.1859
RALGPS2	8	0.79464	0.79645	0.999995	504	1	0.17161	0.28545	0.60723	0.999995	612	3	0.17161
CHRNB3	8	0.79511	0.79687	0.999995	505	1	0.080509	0.21215	0.51064	0.999995	536	3	0.080509
GDF15	8	0.79557	0.79732	0.999995	506	1	0.44364	0.2611	0.58229	0.999995	597	4	0.44364
MYBL2	8	0.79673	0.79826	0.999995	507	1	0.092226	0.57276	0.84089	0.999995	793	3	0.092226
SRI	8	0.79719	0.79874	0.999995	508	1	0.46571	0.22331	0.52801	0.999995	548	5	0.46571
S100A6	8	0.79948	0.80086	0.999995	509	1	0.42055	0.29873	0.6204	0.999995	625	5	0.42055
G3BP1	7	0.79952	0.798	0.999995	510	0	0.2172	0.93972	0.97802	0.999995	954	2	0.2172
JUP	8	0.79971	0.80113	0.999995	511	1	0.3143	0.12447	0.36473	0.943725	409	4	0.3143
GLT6D1	8	0.79994	0.80132	0.999995	512	1	0.45137	0.23515	0.54549	0.999995	560	6	0.45137
SMAP2	8	0.8013	0.80254	0.999995	513	1	0.92475	0.003819	0.021357	0.34188	66	6	0.92475
BICD1	8	0.80153	0.80268	0.999995	514	1	0.25894	0.80488	0.94614	0.999995	900	3	0.25894
GPR151	8	0.80288	0.80396	0.999995	515	1	0.50616	0.082161	0.28255	0.849283	352	4	0.50616
CD44	8	0.80311	0.80415	0.999995	516	1	0.54482	0.048571	0.18592	0.734716	269	7	0.54482
TAP1	8	0.80356	0.80454	0.999995	517	1	0.2546	0.165	0.4349	0.963672	476	4	0.2546
SAMD4B	8	0.8049	0.80598	0.999995	518	1	0.69481	0.031337	0.13041	0.633641	220	5	0.69481
AP5M1	8	0.80534	0.80637	0.999995	519	1	0.41392	0.44234	0.75079	0.999995	723	5	0.41392
HMGCL	8	0.80556	0.80654	0.999995	520	1	0.62801	0.056433	0.20992	0.77073	287	5	0.62801
CRY2	8	0.80711	0.80806	0.999995	521	1	0.61488	0.021672	0.097016	0.552885	186	5	0.61488
EPC2	8	0.80734	0.80819	0.999995	522	1	0.11302	0.44603	0.75388	0.999995	724	3	0.11302
PRSS37	8	0.80778	0.80853	0.999995	523	1	0.16742	0.51294	0.80615	0.999995	757	4	0.16742
LSM14A	8	0.80843	0.80909	0.999995	524	1	0.65344	0.060159	0.22054	0.77073	299	5	0.65344
ADAP2	8	0.80953	0.81016	0.999995	525	1	0.072923	0.23762	0.54895	0.999995	567	3	0.072923
CSTF2T	8	0.81148	0.8119	0.999995	526	1	0.49019	0.19254	0.48015	0.990186	515	5	0.49019
VANGL2	8	0.8117	0.81214	0.999995	527	1	0.32065	0.067298	0.24139	0.790297	321	4	0.32065
GALR3	8	0.81278	0.81314	0.999995	528	1	0.34142	0.1766	0.45405	0.983031	487	5	0.34142
YAF2	8	0.81321	0.81356	0.999995	529	1	0.36812	0.17715	0.45498	0.983031	488	6	0.36812
RAMP2	8	0.81342	0.81374	0.999995	530	1	0.5382	0.12854	0.37233	0.943725	418	5	0.5382
SLC9A3R1	8	0.81449	0.81479	0.999995	531	1	0.25877	0.64446	0.87613	0.999995	820	4	0.25877
CAP2	8	0.8147	0.81498	0.999995	532	1	0.31252	0.47503	0.77711	0.999995	738	5	0.31252
UMPS	8	0.81492	0.81516	0.999995	533	1	0.22809	0.23481	0.54498	0.999995	559	3	0.22809
APOBEC3C	8	0.81513	0.81531	0.999995	534	1	0.38863	0.24991	0.56642	0.999995	582	6	0.38863
KCNG4	8	0.81576	0.81598	0.999995	535	1	0.57043	0.18708	0.47147	0.990186	501	6	0.57043
KIAA0319L	8	0.8164	0.81657	0.999995	536	1	0.13443	0.65985	0.88399	0.999995	827	1	0.13443
MAPK8IP3	8	0.81661	0.81676	0.999995	537	1	0.26426	0.75756	0.92904	0.999995	885	4	0.26426
CYFIP2	8	0.81682	0.817	0.999995	538	1	0.62464	0.022947	0.10186	0.571298	190	7	0.62464
MECP2	8	0.81703	0.81719	0.999995	539	1	0.76439	0.0038529	0.021609	0.34188	67	6	0.76439
SLC17A2	8	0.81954	0.81954	0.999995	540	1	0.47058	0.2085	0.50521	0.999995	529	5	0.47058
MTMR3	8	0.8212	0.8212	0.999995	541	1	0.0041573	0.83146	0.9537	0.999995	913	3	0.0041573
ARID1B	8	0.82162	0.82154	0.999995	542	1	0.57687	0.015212	0.074057	0.490625	159	7	0.57687
HTR2C	8	0.82264	0.82246	0.999995	543	1	0.55757	0.11337	0.34446	0.92927	392	6	0.55757
GMPR2	8	0.82285	0.82261	0.999995	544	1	0.2791	0.28891	0.61071	0.999995	615	4	0.2791
RHBDF2	8	0.82305	0.82277	0.999995	545	1	0.30972	0.23517	0.54553	0.999995	561	4	0.30972
RAP1GAP	8	0.82346	0.82319	0.999995	546	1	0.36212	0.49436	0.79252	0.999995	746	5	0.36212
IDH1	8	0.82367	0.82338	0.999995	547	1	0.30004	0.29656	0.61822	0.999995	622	5	0.30004
BRSK1	8	0.82468	0.82441	0.999995	548	1	0.35373	0.17999	0.45991	0.986157	491	6	0.35373
UNC45A	8	0.82509	0.82477	0.999995	549	1	0.24517	0.44934	0.7566	0.999995	725	4	0.24517
MPC1	8	0.82569	0.82543	0.999995	550	1	0.34472	0.30745	0.62863	0.999995	631	4	0.34472
SOAT1	8	0.8263	0.8261	0.999995	551	0	0.67525	0.13098	0.37681	0.943725	422	6	0.67525
ATP6V1B1	8	0.8265	0.82626	0.999995	552	0	0.41566	0.47693	0.77858	0.999995	742	5	0.41566
CNOT8	7	0.82658	0.82501	0.999995	553	0	0.5572	0.09987	0.30557	0.887414	376	5	0.5572
NETO2	8	0.8267	0.82644	0.999995	554	0	0.50172	0.057633	0.21316	0.77073	292	6	0.50172
MAK	8	0.8275	0.82713	0.999995	555	0	0.43175	0.0010202	0.0059826	0.226485	28	5	0.43175
DYNLT1	8	0.8277	0.82737	0.999995	556	0	0.86286	0.004378	0.024916	0.348429	75	7	0.86286
KIAA0319	8	0.8285	0.82832	0.999995	557	0	0.43725	0.23627	0.54703	0.999995	564	5	0.43725
SMAP1	8	0.8289	0.82875	0.999995	558	0	0.21314	0.63693	0.87249	0.999995	816	4	0.21314
ADAP1	8	0.8293	0.82911	0.999995	559	0	0.26256	0.42744	0.73831	0.999995	718	4	0.26256
TPST1	8	0.83048	0.83037	0.999995	560	0	0.53487	0.06674	0.23967	0.790297	318	7	0.53487
KLF4	8	0.83088	0.83072	0.999995	561	0	0.39715	0.23248	0.54146	0.999995	558	5	0.39715
H2BFM	8	0.83146	0.83127	0.999995	562	0	0.67746	0.041388	0.16344	0.698559	249	7	0.67746
DUOX2	8	0.83166	0.8315	0.999995	563	0	0.45249	0.099947	0.3182	0.892962	377	5	0.45249
ASCL1	8	0.83205	0.83184	0.999995	564	0	0.33255	0.25618	0.57524	0.999995	591	6	0.33255
EZH1	8	0.83225	0.83207	0.999995	565	0	0.033616	0.36626	0.68369	0.999995	677	2	0.033616
TTC7B	8	0.83244	0.83227	0.999995	566	0	0.5523	0.14811	0.40694	0.944069	451	6	0.5523
PTF1A	8	0.83264	0.83244	0.999995	567	0	0.37358	0.094111	0.30687	0.888414	365	6	0.37358
CLCA1	8	0.83283	0.83262	0.999995	568	0	-0.038495	0.35641	0.67465	0.999995	669	3	-0.038495
MRGPRX2	8	0.8338	0.83362	0.999995	569	0	0.71271	0.040949	0.16198	0.695134	247	7	0.71271
ARPC5	8	0.83438	0.83428	0.999995	570	0	0.57298	0.11341	0.34453	0.92927	393	6	0.57298
AKAP11	8	0.83496	0.83476	0.999995	571	0	0.60022	0.050028	0.19045	0.74216	273	5	0.60022
GXYLT2	8	0.83611	0.83585	0.999995	572	0	0.74661	0.0074104	0.040543	0.405427	105	7	0.74661
CRY1	8	0.8363	0.83603	0.999995	573	0	0.4764	0.33936	0.6592	0.999995	656	5	0.4764
FRS2	8	0.83669	0.83641	0.999995	574	0	0.45391	0.032699	0.1348	0.637206	226	5	0.45391
LARP1B	8	0.83688	0.83666	0.999995	575	0	0.20861	0.67755	0.89201	0.999995	841	3	0.20861
SHMT1	7	0.83701	0.83556	0.999995	576	0	0.57442	0.22416	0.50601	0.999995	550	4	0.57442
CDK8	8	0.83726	0.83695	0.999995	577	0	0.18899	0.78855	0.94154	0.999995	892	3	0.18899
STX17	8	0.83745	0.83711	0.999995	578	0	0.33903	0.13781	0.38883	0.943725	435	4	0.33903
TNR	8	0.83783	0.83743	0.999995	579	0	0.41484	0.50237	0.79854	0.999995	752	4	0.41484
SLC9A3R2	8	0.83877	0.83849	0.999995	580	0	0.25524	0.75602	0.92808	0.999995	881	4	0.25524
SOHLH1	8	0.83952	0.83931	0.999995	581	0	0.57758	0.20129	0.49418	0.999995	520	6	0.57758
GYS2	8	0.84009	0.83992	0.999995	582	0	0.58721	0.12402	0.36407	0.943725	408	5	0.58721
UTP14C	8	0.84102	0.84082	0.999995	583	0	0.63634	0.14114	0.39464	0.944069	440	6	0.63634
PAX4	8	0.84121	0.84092	0.999995	584	0	0.40301	0.21241	0.51108	0.999995	537	4	0.40301
ACTL7A	8	0.84139	0.84105	0.999995	585	0	0.58882	0.037161	0.14951	0.665883	239	7	0.58882
CAVIN1	8	0.84158	0.84123	0.999995	586	0	0.21136	0.58935	0.84937	0.999995	799	4	0.21136
SPTAN1	8	0.84195	0.84153	0.999995	587	0	0.72565	0.00051135	0.0032178	0.200641	18	6	0.72565
ANXA1	8	0.84214	0.84171	0.999995	588	0	0.60164	0.050648	0.19249	0.74216	275	6	0.60164
WRN	8	0.84232	0.84191	0.999995	589	0	0.34833	0.18943	0.47516	0.990186	508	6	0.34833
DBT	8	0.84287	0.84246	0.999995	590	0	0.27351	0.23982	0.5522	0.999995	570	4	0.27351
CAND2	8	0.84434	0.84384	0.999995	591	0	0.36025	0.046397	0.17969	0.733671	261	4	0.36025
CHUK	16	0.84451	0.91533	0.999995	592	1	0.32407	0.11278	0.41082	0.944069	390	10	0.32407
ZNF284	8	0.84562	0.84543	0.999995	593	0	0.56571	0.15059	0.4111	0.944069	459	5	0.56571
FAM126B	8	0.8476	0.84731	0.999995	594	0	0.62101	0.094615	0.30779	0.888414	366	6	0.62101
LIM2	8	0.8485	0.8483	0.999995	595	0	0.26065	0.20237	0.49595	0.999995	522	4	0.26065
DGAT2L6	8	0.84921	0.84912	0.999995	596	0	0.72631	0.029472	0.124	0.620578	214	6	0.72631
CTPS2	8	0.84939	0.84931	0.999995	597	0	0.76688	0.0056741	0.031576	0.35588	92	7	0.76688
LSM14B	8	0.84957	0.84946	0.999995	598	0	0.55129	0.064327	0.23308	0.784331	314	6	0.55129
SEC31A	8	0.84975	0.84962	0.999995	599	0	0.25014	0.71854	0.91125	0.999995	863	4	0.25014
EXOC6B	8	0.84992	0.84976	0.999995	600	0	0.68587	0.062925	0.22899	0.780475	309	6	0.68587
RING1	8	0.85045	0.8503	0.999995	601	0	0.41957	0.024797	0.10857	0.581233	201	5	0.41957
LRBA	8	0.85151	0.85142	0.999995	602	0	0.47681	0.28796	0.60965	0.999995	613	5	0.47681
GBP3	8	0.85204	0.85206	0.999995	603	0	0.26926	0.46039	0.76577	0.999995	731	5	0.26926
SATB2	8	0.85256	0.85258	0.999995	604	0	0.52817	0.018543	0.085798	0.519689	174	6	0.52817
NSG1	8	0.85308	0.85284	0.999995	605	0	0.44541	0.066683	0.23954	0.790297	317	6	0.44541
IRF6	8	0.85326	0.85306	0.999995	606	0	0.55312	0.092242	0.30313	0.887414	362	6	0.55312
CCT6B	8	0.85343	0.85321	0.999995	607	0	0.49404	0.084616	0.28737	0.860477	354	5	0.49404
CNOT6	8	0.85412	0.85399	0.999995	608	0	0.28823	0.52879	0.81811	0.999995	768	5	0.28823
IL10RA	8	0.85429	0.8542	0.999995	609	0	0.30932	0.36883	0.68607	0.999995	678	4	0.30932
BTG1	8	0.85515	0.85496	0.999995	610	0	0.33943	0.14815	0.40702	0.944069	452	5	0.33943
MORF4L2	8	0.85533	0.85518	0.999995	611	0	0.47703	0.082027	0.28225	0.849283	351	5	0.47703
TMEM120A	8	0.8555	0.85535	0.999995	612	0	0.42411	0.014017	0.069732	0.470802	156	5	0.42411
SPTLC2	8	0.85601	0.85581	0.999995	613	0	0.15204	0.40422	0.71814	0.999995	701	4	0.15204
PTPN6	8	0.85652	0.85636	0.999995	614	0	0.67719	0.0259	0.11233	0.585202	205	7	0.67719
SAR1B	8	0.8572	0.85708	0.999995	615	0	0.3898	0.29818	0.61991	0.999995	624	4	0.3898
PDGFC	8	0.85737	0.85731	0.999995	616	0	0.61265	0.0061898	0.034397	0.368287	98	7	0.61265
SNX2	8	0.85805	0.85786	0.999995	617	0	0.49584	0.053364	0.20057	0.75658	282	7	0.49584
COQ10B	8	0.85822	0.85798	0.999995	618	0	0.42176	0.41173	0.72472	0.999995	706	5	0.42176
ZNF185	8	0.85839	0.85812	0.999995	619	0	0.65893	0.048646	0.18613	0.734716	270	6	0.65893
UAP1L1	8	0.85939	0.85894	0.999995	620	0	0.48478	0.087751	0.29385	0.874685	357	6	0.48478
TPBG	8	0.85956	0.85916	0.999995	621	0	0.55647	0.0080916	0.043831	0.409514	111	7	0.55647
UNC45B	8	0.85973	0.85933	0.999995	622	0	0.21728	0.82872	0.95288	0.999995	911	3	0.21728
KRT38	8	0.86023	0.85966	0.999995	623	0	0.73216	0.035544	0.14405	0.657802	232	6	0.73216
RC3H1	8	0.86073	0.86009	0.999995	624	0	0.32413	0.40637	0.71987	0.999995	702	4	0.32413
TRPC5	8	0.86089	0.8602	0.999995	625	0	0.50484	0.28353	0.6053	0.999995	611	5	0.50484
PLEK2	8	0.86106	0.86035	0.999995	626	0	0.51419	0.23522	0.54559	0.999995	562	6	0.51419
ARFGEF2	8	0.86122	0.86055	0.999995	627	0	0.50117	0.1741	0.44974	0.978907	485	4	0.50117
CTNNB1	8	0.86172	0.86119	0.999995	628	0	0.078971	0.14977	0.40971	0.944069	457	3	0.078971
MANF	8	0.86254	0.86198	0.999995	629	0	0.23641	0.32207	0.64266	0.999995	642	3	0.23641
CYP26C1	8	0.86287	0.86229	0.999995	630	0	0.67053	0.015815	0.076177	0.498442	162	7	0.67053
DMXL2	8	0.86368	0.86315	0.999995	631	0	0.53781	0.096545	0.31165	0.888414	369	6	0.53781
DUOX1	8	0.86482	0.86426	0.999995	632	0	0.36192	0.16738	0.4388	0.968496	480	6	0.36192
GIT2	8	0.86546	0.86492	0.999995	633	0	0.27447	0.7041	0.90446	0.999995	855	4	0.27447
CLTA	8	0.86659	0.86602	0.999995	634	0	0.44028	0.062044	0.22646	0.778777	304	7	0.44028
KCNT2	8	0.86691	0.86633	0.999995	635	0	0.46343	0.061327	0.22432	0.778777	301	7	0.46343
SAMD4A	8	0.86707	0.86651	0.999995	636	0	0.42443	0.2298	0.53761	0.999995	554	6	0.42443
RP1	8	0.86944	0.86889	0.999995	637	0	0.3262	0.12477	0.36519	0.943725	410	4	0.3262
AOX1	8	0.87162	0.87088	0.999995	638	0	0.47374	0.34552	0.66496	0.999995	659	5	0.47374
PMM1	8	0.87208	0.87128	0.999995	639	0	0.2776	0.37145	0.68842	0.999995	681	4	0.2776
RALGPS1	8	0.873	0.87224	0.999995	640	0	0.66048	0.023763	0.10482	0.572136	195	7	0.66048
CCNT1	8	0.87391	0.87315	0.999995	641	0	0.33449	0.31355	0.63465	0.999995	636	5	0.33449
ZEB1	8	0.87482	0.87422	0.999995	642	0	0.15771	0.9623	0.98846	0.999995	967	2	0.15771
PDGFD	8	0.87498	0.87437	0.999995	643	0	0.16338	0.019844	0.090795	0.534901	179	4	0.16338
CAPN2	8	0.87513	0.8745	0.999995	644	0	0.50958	0.30276	0.62407	0.999995	626	5	0.50958
AQP8	8	0.87663	0.87585	0.999995	645	0	0.83991	0.042544	0.16707	0.705269	252	5	0.83991
BRSK2	8	0.87707	0.87623	0.999995	646	0	0.48403	0.1878	0.47261	0.990186	502	6	0.48403
MORF4L1	6	0.87744	0.87908	0.999995	647	0	0.40312	0.18296	0.43948	0.968496	494	5	0.40312
FSD1L	8	0.87767	0.87691	0.999995	648	0	0.66314	0.040774	0.16147	0.695134	246	6	0.66314
SMARCC2	8	0.87811	0.87738	0.999995	649	0	0.82166	0.0082508	0.044428	0.409514	116	7	0.82166
RB1	8	0.87841	0.8777	0.999995	650	0	0.42851	0.16289	0.43161	0.960178	474	6	0.42851
PTPN21	8	0.8787	0.87795	0.999995	651	0	0.39268	0.20739	0.50355	0.999995	527	6	0.39268
IQCA1L	8	0.87914	0.87839	0.999995	652	0	0.74768	0.0029781	0.016734	0.298762	59	7	0.74768
SAR1A	16	0.87927	0.92724	0.999995	653	1	0.3929	0.024171	0.13864	0.644541	199	10	0.3929
SUV39H1	8	0.87943	0.87871	0.999995	654	0	0.82363	0.0054503	0.030333	0.35588	90	6	0.82363
MAT1A	8	0.87958	0.87884	0.999995	655	0	0.73093	0.072947	0.25765	0.815236	333	6	0.73093
STAM2	8	0.88132	0.88073	0.999995	656	0	0.37021	0.15742	0.42242	0.954728	468	5	0.37021
FOXE3	8	0.88276	0.8823	0.999995	657	0	0.34314	0.18297	0.46464	0.990186	495	4	0.34314
DYNLRB2	8	0.88333	0.883	0.999995	658	0	0.86646	0.00013404	0.00083598	0.092574	9	7	0.86646
PHLDA2	8	0.88347	0.88312	0.999995	659	0	0.46174	0.074195	0.26133	0.816454	336	6	0.46174
AP1G1	8	0.88375	0.88347	0.999995	660	0	0.21573	0.56519	0.83695	0.999995	787	4	0.21573
TTC7A	16	0.88454	0.92869	0.999995	661	1	0.36648	0.3062	0.70559	0.999995	629	10	0.36648
IPO5	8	0.88474	0.88448	0.999995	662	0	0.19613	0.51026	0.80419	0.999995	755	2	0.19613
SEC23A	8	0.88488	0.8846	0.999995	663	0	0.22226	0.69801	0.90152	0.999995	850	4	0.22226
GLIS3	8	0.88502	0.88476	0.999995	664	0	0.73004	0.00576	0.031959	0.35588	93	7	0.73004
GRM4	8	0.88516	0.88486	0.999995	665	0	0.55931	0.026193	0.11324	0.585535	208	4	0.55931
IL6ST	8	0.8853	0.88499	0.999995	666	0	0.3931	0.33306	0.65318	0.999995	648	5	0.3931
TAF1L	7	0.88548	0.88427	0.999995	667	0	0.78075	0.01338	0.062857	0.448369	151	6	0.78075
SLC25A24	8	0.88558	0.88529	0.999995	668	0	0.21438	0.13842	0.38994	0.943725	437	4	0.21438
KRT25	8	0.88711	0.88682	0.999995	669	0	0.30017	0.31875	0.63958	0.999995	639	4	0.30017
CDK17	8	0.88738	0.88716	0.999995	670	0	0.72	0.039284	0.1565	0.68548	242	7	0.72
SLC10A2	8	0.88766	0.88732	0.999995	671	0	0.59786	0.18101	0.46145	0.986157	493	6	0.59786
KAT6B	8	0.88793	0.88763	0.999995	672	0	0.39628	0.20681	0.5027	0.999995	525	6	0.39628
SPATA16	8	0.88807	0.88781	0.999995	673	0	0.2983	0.26973	0.59175	0.999995	604	4	0.2983
DCAF8L1	8	0.88821	0.88804	0.999995	674	0	0.73792	0.0089645	0.04809	0.420833	122	6	0.73792
TIMP2	8	0.88848	0.88826	0.999995	675	0	0.43	0.18925	0.47487	0.990186	506	6	0.43
SS18	8	0.88875	0.88859	0.999995	676	0	0.65368	0.012738	0.064978	0.456134	150	7	0.65368
FXR2	8	0.8893	0.88909	0.999995	677	0	0.33393	0.19438	0.48333	0.992891	517	6	0.33393
TEX45	8	0.88984	0.88952	0.999995	678	0	0.29381	0.29342	0.615	0.999995	618	4	0.29381
NCK1	8	0.89038	0.89003	0.999995	679	0	0.48974	0.094965	0.30847	0.888414	367	6	0.48974
ERN2	8	0.89065	0.89023	0.999995	680	0	0.43783	0.17842	0.45708	0.984756	489	5	0.43783
ERO1B	8	0.89078	0.89037	0.999995	681	0	0.24326	0.13361	0.38164	0.943725	427	4	0.24326
ULK1	8	0.89118	0.89079	0.999995	682	0	0.34439	0.51074	0.80454	0.999995	756	5	0.34439
RNF130	8	0.89145	0.89109	0.999995	683	0	0.4161	0.14392	0.3994	0.944069	443	6	0.4161
IPO8	8	0.89158	0.89126	0.999995	684	0	0.73285	0.023898	0.10531	0.572136	197	7	0.73285
ITSN2	8	0.89225	0.89197	0.999995	685	0	0.40973	0.01047	0.055366	0.42978	136	4	0.40973
SIN3B	8	0.89265	0.89237	0.999995	686	0	0.28932	0.51409	0.80695	0.999995	758	4	0.28932
BCAP31	8	0.89304	0.89281	0.999995	687	0	0.4464	0.11445	0.34648	0.931407	394	6	0.4464
CPS1	8	0.89422	0.89407	0.999995	688	0	0.56226	0.11229	0.34231	0.92927	389	5	0.56226
RNF125	8	0.89461	0.89444	0.999995	689	0	0.83917	0.011407	0.059588	0.43534	145	7	0.83917
HMSD	8	0.89513	0.89493	0.999995	690	0	0.63511	0.021164	0.09525	0.548725	184	5	0.63511
PSMB9	8	0.89539	0.89521	0.999995	691	0	0.358	0.33459	0.65459	0.999995	651	5	0.358
LIMK2	8	0.89616	0.89589	0.999995	692	0	0.64297	0.010763	0.056693	0.42978	139	7	0.64297
IL6R	8	0.8968	0.8966	0.999995	693	0	0.39428	0.22331	0.52801	0.999995	549	4	0.39428
GALNT5	8	0.89693	0.89681	0.999995	694	0	0.278	0.26554	0.58773	0.999995	601	4	0.278
IMPDH1	8	0.89744	0.89733	0.999995	695	0	0.30427	0.49817	0.7956	0.999995	748	5	0.30427
PRKAB2	8	0.89769	0.89752	0.999995	696	0	0.41378	0.042066	0.16548	0.704461	251	6	0.41378
SEC11C	8	0.89807	0.89785	0.999995	697	0	0.80335	0.0075979	0.041477	0.407087	107	7	0.80335
G6PC	8	0.89945	0.89931	0.999995	698	0	0.28483	0.92532	0.98061	0.999995	949	3	0.28483
CHML	8	0.90057	0.90028	0.999995	699	0	0.73253	0.019659	0.090122	0.534901	178	6	0.73253
HEATR5B	8	0.90069	0.90038	0.999995	700	0	0.40311	0.043381	0.16973	0.71113	255	4	0.40311
PPP3CA	8	0.90106	0.90074	0.999995	701	0	0.5286	0.12274	0.36175	0.943725	405	6	0.5286
CCNT2	8	0.90131	0.90099	0.999995	702	0	0.31142	0.68574	0.89596	0.999995	844	4	0.31142
TTC23	8	0.90229	0.90188	0.999995	703	0	0.59354	0.023209	0.10285	0.571743	191	7	0.59354
GNB3	8	0.9041	0.90349	0.999995	704	0	0.29635	0.34171	0.66135	0.999995	657	5	0.29635
RNF38	8	0.90433	0.90366	0.999995	705	0	0.57973	0.079427	0.27539	0.836435	349	6	0.57973
EAF1	8	0.90457	0.90396	0.999995	706	0	0.48065	0.36979	0.68692	0.999995	680	5	0.48065
NET1	8	0.90481	0.90414	0.999995	707	0	0.51225	0.18349	0.4656	0.990186	496	6	0.51225
STX7	8	0.90493	0.9043	0.999995	708	0	0.42649	0.19186	0.47905	0.990186	513	5	0.42649
MTA1	8	0.90505	0.90441	0.999995	709	0	0.34743	0.4696	0.77275	0.999995	735	5	0.34743
CHSY1	8	0.90588	0.90516	0.999995	710	0	0.73943	0.0056725	0.031566	0.35588	91	7	0.73943
YIPF7	8	0.90611	0.90543	0.999995	711	0	0.73073	0.0025531	0.014632	0.298267	52	7	0.73073
FKBP4	8	0.90623	0.90555	0.999995	712	0	0.50075	0.046958	0.18129	0.733671	263	6	0.50075
LBX1	8	0.90646	0.90573	0.999995	713	0	0.67359	0.028767	0.12161	0.618553	211	6	0.67359
FXR1	8	0.90681	0.9061	0.999995	714	0	0.63633	0.016179	0.077587	0.504556	163	7	0.63633
CHM	8	0.90716	0.9065	0.999995	715	0	0.9883	0.0052271	0.029101	0.35588	86	7	0.9883
ELL2	7	0.90735	0.90609	0.999995	716	0	0.43448	0.11489	0.33831	0.927899	396	5	0.43448
GPSM1	8	0.9074	0.90671	0.999995	717	0	0.60813	0.12774	0.37098	0.943725	417	6	0.60813
ZAP70	8	0.90774	0.907	0.999995	718	0	0.44957	0.25246	0.57002	0.999995	586	5	0.44957
USP13	8	0.90809	0.90732	0.999995	719	0	0.41529	0.18839	0.47349	0.990186	505	5	0.41529
GBX2	8	0.90821	0.90748	0.999995	720	0	0.38743	0.26164	0.58314	0.999995	598	5	0.38743
RIMKLB	6	0.90946	0.91091	0.999995	721	0	0.82166	0.00021246	0.0011349	0.109361	12	5	0.82166
FOXA1	8	0.90947	0.90872	0.999995	722	0	0.56432	0.023428	0.10369	0.572136	193	7	0.56432
QSOX1	8	0.90992	0.90924	0.999995	723	0	0.46229	0.37364	0.69052	0.999995	686	5	0.46229
SYK	8	0.91071	0.91007	0.999995	724	0	0.31195	0.38435	0.70042	0.999995	691	4	0.31195
GALNT2	8	0.91116	0.9106	0.999995	725	0	0.58503	0.062014	0.22637	0.778777	302	6	0.58503
NKAPL	8	0.91127	0.91069	0.999995	726	0	0.47026	0.30826	0.62933	0.999995	633	5	0.47026
TMEM30B	8	0.91172	0.9111	0.999995	727	0	0.27768	0.59436	0.85174	0.999995	803	4	0.27768
ZG16	8	0.91183	0.91121	0.999995	728	0	0.60233	0.12771	0.37093	0.943725	416	6	0.60233
TBK1	8	0.91249	0.91193	0.999995	729	0	0.35767	0.64418	0.87595	0.999995	819	4	0.35767
PIP4P2	8	0.91271	0.91218	0.999995	730	0	0.37367	0.41341	0.72608	0.999995	707	5	0.37367
PSEN2	8	0.91304	0.91255	0.999995	731	0	0.38337	0.31005	0.63112	0.999995	635	5	0.38337
RUNX1	8	0.91326	0.91275	0.999995	732	0	0.5905	0.021914	0.097996	0.555488	187	6	0.5905
AP3M1	8	0.91359	0.91305	0.999995	733	0	0.3137	0.40889	0.72211	0.999995	704	5	0.3137
ADARB2	8	0.91414	0.91355	0.999995	734	0	0.48869	0.076532	0.26753	0.827467	341	6	0.48869
RSC1A1	8	0.91425	0.91367	0.999995	735	0	0.40744	0.069923	0.24905	0.802417	327	5	0.40744
OSBPL6	8	0.91435	0.91379	0.999995	736	0	0.48607	0.12536	0.36637	0.943725	412	6	0.48607
ABTB2	8	0.91468	0.91404	0.999995	737	0	0.63946	0.028558	0.12096	0.618553	210	6	0.63946
RNF113B	8	0.91479	0.91416	0.999995	738	0	0.66634	0.053247	0.20018	0.75658	281	6	0.66634
RNF10	8	0.91522	0.91451	0.999995	739	0	0.76135	0.044213	0.17267	0.717783	257	6	0.76135
XDH	8	0.91532	0.91461	0.999995	740	0	0.41267	0.1349	0.38368	0.943725	429	6	0.41267
BTBD11	8	0.91607	0.91541	0.999995	741	0	0.34259	0.12854	0.37233	0.943725	419	5	0.34259
TFDP3	7	0.91706	0.91589	0.999995	742	0	0.5551	0.070794	0.23591	0.790297	329	6	0.5551
VRTN	8	0.91713	0.91643	0.999995	743	0	0.39041	0.15344	0.41592	0.950164	463	5	0.39041
YIPF5	8	0.91745	0.91673	0.999995	744	0	0.73389	0.036717	0.14795	0.664515	237	6	0.73389
DEGS1	8	0.91755	0.91678	0.999995	745	0	0.79253	0.0081996	0.044204	0.409514	115	7	0.79253
NOX3	8	0.91776	0.91697	0.999995	746	0	0.74808	0.030839	0.12848	0.633456	218	6	0.74808
ENOX1	8	0.91808	0.91735	0.999995	747	0	0.8129	0.0032222	0.018088	0.309246	62	7	0.8129
ATOH1	8	0.91818	0.91749	0.999995	748	0	0.58992	0.047798	0.18381	0.734716	266	6	0.58992
ANKRD10	8	0.91849	0.91788	0.999995	749	0	0.65783	0.017726	0.08293	0.517094	170	7	0.65783
NAA11	8	0.9187	0.91811	0.999995	750	0	0.49262	0.25071	0.56766	0.999995	583	5	0.49262
PLAU	8	0.9188	0.91827	0.999995	751	0	0.3317	0.24735	0.56285	0.999995	578	6	0.3317
DLL4	8	0.92014	0.91955	0.999995	752	0	0.51301	0.01399	0.069601	0.470802	155	7	0.51301
MTMR4	8	0.92115	0.92052	0.999995	753	0	0.24657	0.67596	0.89128	0.999995	839	4	0.24657
SLC35F4	8	0.92186	0.92132	0.999995	754	0	0.28924	0.19011	0.47633	0.990186	509	4	0.28924
NR5A2	8	0.92216	0.92162	0.999995	755	0	0.36839	0.036192	0.1461	0.659006	235	5	0.36839
SEC14L3	8	0.92245	0.92186	0.999995	756	0	0.5638	0.063335	0.23033	0.781372	310	7	0.5638
SLC25A15	8	0.92305	0.92248	0.999995	757	0	0.44841	0.06708	0.24073	0.790297	320	7	0.44841
PSEN1	8	0.92315	0.9226	0.999995	758	0	0.45366	0.20912	0.50626	0.999995	531	6	0.45366
ARFIP1	8	0.92344	0.92295	0.999995	759	0	0.50773	0.064174	0.23261	0.784331	313	5	0.50773
CDK16	8	0.92354	0.92309	0.999995	760	0	0.44823	0.0089151	0.047838	0.420833	121	7	0.44823
ATP7B	8	0.92374	0.92327	0.999995	761	0	0.85373	0.0049742	0.027812	0.35588	83	7	0.85373
FAM71B	8	0.92413	0.92359	0.999995	762	0	0.41521	0.23589	0.54654	0.999995	563	5	0.41521
SLC22A8	8	0.92423	0.92371	0.999995	763	0	0.58262	0.09805	0.31453	0.891182	372	6	0.58262
EPS15	8	0.9249	0.92425	0.999995	764	0	0.55396	0.26982	0.5918	0.999995	605	5	0.55396
AHCYL2	8	0.925	0.92429	0.999995	765	0	0.36185	0.25778	0.5776	0.999995	595	4	0.36185
ADM	8	0.92548	0.92471	0.999995	766	0	0.49442	0.10792	0.33362	0.922481	384	6	0.49442
KCNMB3	7	0.92624	0.92542	0.999995	767	0	0.42998	0.1265	0.36254	0.943725	415	6	0.42998
RCBTB2	8	0.92672	0.92592	0.999995	768	0	0.67135	0.0022532	0.013194	0.29342	47	7	0.67135
TBC1D9	8	0.92682	0.92603	0.999995	769	0	0.40291	0.22488	0.53043	0.999995	552	5	0.40291
RCBTB1	8	0.927	0.92622	0.999995	770	0	0.30461	0.056504	0.2101	0.77073	288	4	0.30461
EPHA3	8	0.92766	0.92689	0.999995	771	0	0.73652	0.0042167	0.023842	0.348429	72	7	0.73652
DZIP3	8	0.92794	0.92721	0.999995	772	0	0.6297	0.0073252	0.040113	0.405427	103	7	0.6297
TRIM25	8	0.92822	0.92747	0.999995	773	0	0.36707	0.076891	0.26854	0.827467	343	5	0.36707
JAG2	8	0.92878	0.92805	0.999995	774	0	0.56691	0.14943	0.40909	0.944069	455	6	0.56691
IRF8	8	0.92997	0.92917	0.999995	775	0	0.47485	0.12635	0.36828	0.943725	414	5	0.47485
ERBB3	16	0.93059	0.94467	0.999995	776	1	0.39442	0.041734	0.21234	0.77073	250	13	0.39442
ZFYVE19	8	0.93069	0.92994	0.999995	777	0	0.4025	0.059384	0.21813	0.77073	295	6	0.4025
NLRP8	8	0.93096	0.93014	0.999995	778	0	0.54848	0.11096	0.33965	0.927899	387	6	0.54848
FLNB	7	0.93123	0.93075	0.999995	779	0	0.87303	0.0029266	0.015846	0.298762	56	6	0.87303
PCDH1	8	0.93141	0.93054	0.999995	780	0	0.54756	0.11326	0.34423	0.92927	391	6	0.54756
CWF19L1	8	0.93159	0.93071	0.999995	781	0	0.22522	0.91423	0.977	0.999995	944	3	0.22522
ADARB1	8	0.93168	0.93079	0.999995	782	0	0.80163	0.0073436	0.040197	0.405427	104	6	0.80163
STRADA	8	0.93185	0.93095	0.999995	783	0	0.22591	0.3508	0.6699	0.999995	662	5	0.22591
ZDHHC13	8	0.93194	0.93102	0.999995	784	0	0.69058	0.042763	0.16767	0.705269	254	7	0.69058
ERC2	8	0.9323	0.9315	0.999995	785	0	0.26301	0.71118	0.90783	0.999995	857	3	0.26301
SPHKAP	8	0.93274	0.93191	0.999995	786	0	0.75004	0.010118	0.053423	0.42408	134	7	0.75004
POU4F2	8	0.93326	0.93245	0.999995	787	0	0.5956	0.12352	0.36317	0.943725	406	5	0.5956
SUV39H2	7	0.93389	0.93332	0.999995	788	0	0.59802	0.017015	0.078064	0.504558	164	6	0.59802
TCF12	8	0.9343	0.93359	0.999995	789	0	0.73557	0.00022074	0.0013591	0.110815	13	7	0.73557
GOLPH3	8	0.93532	0.93461	0.999995	790	0	0.4346	0.33001	0.65006	0.999995	647	5	0.4346
CCND3	8	0.93549	0.93484	0.999995	791	0	0.39739	0.12933	0.37382	0.943725	421	6	0.39739
GRIP1	8	0.93558	0.93488	0.999995	792	0	0.46311	0.25507	0.57367	0.999995	589	5	0.46311
SLC25A37	8	0.936	0.93527	0.999995	793	0	0.2625	0.85618	0.96015	0.999995	923	3	0.2625
TBC1D4	8	0.93608	0.93537	0.999995	794	0	0.51962	0.056733	0.21077	0.77073	289	5	0.51962
FBLN1	8	0.93625	0.93553	0.999995	795	0	0.48822	0.27005	0.59201	0.999995	606	5	0.48822
ABCA3	8	0.93659	0.93581	0.999995	796	0	0.43569	0.092684	0.30406	0.887414	363	6	0.43569
TOMM40L	8	0.93675	0.93594	0.999995	797	0	0.4857	0.32023	0.64091	0.999995	640	5	0.4857
CYP2C8	8	0.93692	0.93612	0.999995	798	0	0.64458	0.051335	0.1945	0.746202	277	7	0.64458
FRY	8	0.93708	0.93634	0.999995	799	0	0.50596	0.062029	0.22641	0.778777	303	6	0.50596
EFR3B	8	0.93733	0.93664	0.999995	800	0	0.49247	0.21184	0.51028	0.999995	535	6	0.49247
MTUS2	8	0.93783	0.93717	0.999995	801	0	0.43294	0.11708	0.35113	0.935183	400	6	0.43294
SS18L1	8	0.93799	0.93726	0.999995	802	0	0.34626	0.39045	0.70603	0.999995	692	5	0.34626
KRT74	8	0.9384	0.9376	0.999995	803	0	0.55336	0.035335	0.14342	0.657802	231	7	0.55336
GSX2	8	0.93848	0.93766	0.999995	804	0	0.87692	0.010675	0.056263	0.42978	138	7	0.87692
TGM6	8	0.93856	0.93776	0.999995	805	0	0.44796	0.2833	0.60508	0.999995	610	5	0.44796
UAP1	8	0.93864	0.93785	0.999995	806	0	0.68894	0.035803	0.14488	0.657802	233	6	0.68894
TBR1	8	0.93904	0.93827	0.999995	807	0	0.60564	0.085554	0.28938	0.864078	355	6	0.60564
TCF3	8	0.93952	0.93874	0.999995	808	0	0.53727	0.051518	0.195	0.746202	278	6	0.53727
IKBKE	8	0.93976	0.939	0.999995	809	0	0.64702	0.074678	0.26265	0.816454	339	6	0.64702
LATS1	8	0.94024	0.93947	0.999995	810	0	0.64559	0.062355	0.22736	0.778777	305	7	0.64559
HACD1	8	0.9404	0.93971	0.999995	811	0	0.45186	0.20934	0.50665	0.999995	532	6	0.45186
SEC31B	8	0.94103	0.94032	0.999995	812	0	0.21604	0.65213	0.88003	0.999995	821	4	0.21604
CDK5R2	8	0.94111	0.9404	0.999995	813	0	0.19431	0.5396	0.8245	0.999995	774	3	0.19431
DMXL1	8	0.94142	0.94059	0.999995	814	0	0.36489	0.23835	0.55002	0.999995	569	5	0.36489
CYP2A6	8	0.94157	0.94075	0.999995	815	0	0.74262	0.017264	0.081324	0.513467	166	5	0.74262
RTP1	8	0.94181	0.94095	0.999995	816	0	0.67101	0.0023644	0.013847	0.29538	49	7	0.67101
RNF2	7	0.94194	0.94122	0.999995	817	0	0.52637	0.21713	0.49677	0.999995	542	5	0.52637
HTR3E	8	0.94265	0.94196	0.999995	818	0	0.38695	0.35529	0.67356	0.999995	667	5	0.38695
RSPH1	8	0.94295	0.94231	0.999995	819	0	0.60662	0.038609	0.15427	0.681374	241	6	0.60662
BECN2	8	0.94326	0.94256	0.999995	820	0	0.43515	0.067592	0.24231	0.790297	323	7	0.43515
TANC1	8	0.94348	0.94276	0.999995	821	0	0.64788	0.13561	0.38499	0.943725	431	6	0.64788
RBPJ	8	0.94408	0.94334	0.999995	822	0	0.62092	0.0093372	0.049734	0.422757	125	6	0.62092
SBNO2	8	0.94416	0.9434	0.999995	823	0	0.73178	0.044138	0.1724	0.717783	256	6	0.73178
CD163L1	8	0.94453	0.94377	0.999995	824	0	1.0732	7.4947e-05	0.00057444	0.076114	7	7	1.0732
SPDEF	8	0.94497	0.94422	0.999995	825	0	0.45411	0.046753	0.18067	0.733671	262	7	0.45411
GRIP2	8	0.94505	0.94429	0.999995	826	0	0.39332	0.15896	0.42498	0.956283	470	6	0.39332
SERPINA9	8	0.94519	0.94443	0.999995	827	0	0.53009	0.13281	0.38017	0.943725	426	6	0.53009
SMARCC1	8	0.94534	0.94457	0.999995	828	0	0.71117	0.03471	0.14136	0.651464	230	6	0.71117
ESRP2	8	0.94541	0.94463	0.999995	829	0	0.41864	0.2431	0.55717	0.999995	574	6	0.41864
CCDC69	8	0.94549	0.94476	0.999995	830	0	0.37151	0.077918	0.27137	0.831354	345	7	0.37151
STAM	8	0.94592	0.94521	0.999995	831	0	0.63193	0.0090656	0.048435	0.420833	123	6	0.63193
YBX3	8	0.94614	0.94546	0.999995	832	0	0.32051	0.14629	0.40359	0.944069	449	5	0.32051
ACACB	8	0.94621	0.94556	0.999995	833	0	0.53066	0.029041	0.12254	0.618553	213	7	0.53066
FCRL3	8	0.94679	0.94616	0.999995	834	0	0.40784	0.19326	0.48135	0.990743	516	5	0.40784
PRDM16	8	0.94686	0.94623	0.999995	835	0	0.62255	0.1107	0.33905	0.927899	386	5	0.62255
EAF2	8	0.94693	0.94632	0.999995	836	0	0.51843	0.10667	0.33101	0.918498	382	6	0.51843
VIM	8	0.94707	0.94644	0.999995	837	0	0.54573	0.049355	0.18836	0.739476	272	6	0.54573
MYD88	8	0.94757	0.94696	0.999995	838	0	0.45468	0.14445	0.40031	0.944069	446	6	0.45468
APH1B	8	0.94792	0.94734	0.999995	839	0	0.67606	0.08814	0.29459	0.874685	358	6	0.67606
VPS26A	8	0.94806	0.94752	0.999995	840	0	0.66418	0.048729	0.18645	0.734716	271	6	0.66418
CYFIP1	8	0.9482	0.94761	0.999995	841	0	0.50972	0.014341	0.070909	0.475718	157	5	0.50972
KCNT1	8	0.94862	0.94801	0.999995	842	0	0.2883	0.4821	0.7828	0.999995	744	5	0.2883
OSMR	8	0.94876	0.94818	0.999995	843	0	0.24208	0.12384	0.36369	0.943725	407	4	0.24208
DEGS2	8	0.94903	0.94855	0.999995	844	0	0.39446	0.25163	0.56887	0.999995	584	6	0.39446
SLITRK1	8	0.94951	0.9491	0.999995	845	0	0.47752	0.14022	0.39327	0.944069	439	6	0.47752
UTRN	8	0.94972	0.94934	0.999995	846	0	0.78946	0.0058065	0.032239	0.35588	94	7	0.78946
SPTLC3	8	0.94979	0.94939	0.999995	847	0	0.51587	0.054945	0.20557	0.764582	286	7	0.51587
FLNC	8	0.95012	0.94974	0.999995	848	0	0.33197	0.16174	0.42971	0.960178	472	6	0.33197
TMEM9	8	0.95066	0.95017	0.999995	849	0	0.51376	0.013753	0.068704	0.470802	153	6	0.51376
GOLPH3L	8	0.9508	0.95028	0.999995	850	0	0.66055	0.073412	0.25902	0.816454	334	6	0.66055
DMP1	8	0.95106	0.95053	0.999995	851	0	0.34738	0.10824	0.33418	0.922481	385	4	0.34738
KPNA3	8	0.95179	0.95133	0.999995	852	0	0.54342	0.057384	0.21259	0.77073	291	7	0.54342
HACD2	8	0.95185	0.95142	0.999995	853	0	0.34691	0.4147	0.72711	0.999995	711	4	0.34691
TSTD1	8	0.95302	0.95242	0.999995	854	0	0.82886	0.012234	0.063025	0.448369	148	7	0.82886
SBF2	7	0.95358	0.95316	0.999995	855	0	0.70067	0.018953	0.085611	0.519689	176	6	0.70067
EXOC6	8	0.95391	0.95313	0.999995	856	0	0.59638	0.054249	0.20347	0.762114	284	7	0.59638
UBQLN3	8	0.95441	0.95364	0.999995	857	0	0.61805	0.045175	0.17571	0.724718	259	7	0.61805
IAPP	8	0.95447	0.95368	0.999995	858	0	0.74612	0.025834	0.11218	0.585202	204	7	0.74612
PDX1	8	0.95466	0.95386	0.999995	859	0	0.89537	0.01943	0.089235	0.534402	177	7	0.89537
NSDHL	8	0.95472	0.95391	0.999995	860	0	0.87814	0.00091159	0.0054689	0.214705	27	7	0.87814
ZIC3	8	0.95479	0.95397	0.999995	861	0	0.39041	0.36317	0.68099	0.999995	673	4	0.39041
RBBP7	8	0.95497	0.9542	0.999995	862	0	0.38502	0.25271	0.57038	0.999995	587	6	0.38502
TXNDC8	8	0.95534	0.95457	0.999995	863	0	0.63605	0.047853	0.18394	0.734716	267	6	0.63605
LNX2	8	0.95546	0.95468	0.999995	864	0	0.65536	0.038207	0.15285	0.677928	240	6	0.65536
GBX1	8	0.95559	0.95473	0.999995	865	0	0.53337	0.062504	0.22776	0.778777	306	7	0.53337
UNC119B	8	0.95577	0.95493	0.999995	866	0	0.54729	0.25365	0.57173	0.999995	588	6	0.54729
FZD8	8	0.95583	0.95496	0.999995	867	0	0.48359	0.076871	0.26845	0.827467	342	7	0.48359
MYCN	8	0.95649	0.95553	0.999995	868	0	0.73406	0.011501	0.060055	0.43534	146	7	0.73406
DDI1	16	0.95686	0.95903	0.999995	869	1	0.45778	0.18783	0.55079	0.999995	503	10	0.45778
ABL1	8	0.95727	0.95642	0.999995	870	0	0.56536	0.010525	0.055646	0.42978	137	6	0.56536
RANBP17	8	0.95756	0.95673	0.999995	871	0	0.7684	0.063498	0.23073	0.781372	311	7	0.7684
HTR3D	8	0.95809	0.95731	0.999995	872	0	0.5794	0.074484	0.2621	0.816454	338	7	0.5794
IDH2	8	0.95826	0.95745	0.999995	873	0	0.32895	0.4558	0.76193	0.999995	730	5	0.32895
TNKS	8	0.9586	0.95783	0.999995	874	0	0.76732	0.012426	0.063782	0.450726	149	6	0.76732
YIF1B	8	0.959	0.95825	0.999995	875	0	0.50113	0.11147	0.34076	0.928542	388	6	0.50113
ITSN1	8	0.95917	0.95846	0.999995	876	0	0.51218	0.24226	0.55594	0.999995	573	6	0.51218
TRPM1	8	0.95985	0.95919	0.999995	877	0	0.53736	0.12915	0.37351	0.943725	420	6	0.53736
ATM	8	0.96007	0.9594	0.999995	878	0	0.56874	0.13475	0.38343	0.943725	428	6	0.56874
PRDM13	8	0.96024	0.95957	0.999995	879	0	0.58175	0.013421	0.067742	0.469326	152	6	0.58175
RYBP	7	0.96028	0.95987	0.999995	880	0	1.2625	1.4807e-05	6.0714e-05	0.016089	4	6	1.2625
LOR	8	0.9609	0.96018	0.999995	881	0	0.40413	0.18403	0.46641	0.990186	497	6	0.40413
CADPS2	8	0.96106	0.96038	0.999995	882	0	0.52015	0.048177	0.1848	0.734716	268	5	0.52015
DYNC1LI2	8	0.96128	0.96053	0.999995	883	0	0.6173	0.014905	0.072936	0.486238	158	7	0.6173
MEP1B	8	0.96139	0.9607	0.999995	884	0	0.61142	0.14272	0.39739	0.944069	441	6	0.61142
TNKS2	8	0.96155	0.96089	0.999995	885	0	0.54841	0.081942	0.28206	0.849283	350	6	0.54841
CCNL2	8	0.9616	0.96094	0.999995	886	0	0.57641	0.035894	0.14521	0.657802	234	6	0.57641
SHCBP1L	8	0.96198	0.96127	0.999995	887	0	0.49821	0.24205	0.55558	0.999995	572	6	0.49821
SAP30L	8	0.96219	0.96149	0.999995	888	0	0.36672	0.069234	0.24728	0.799128	326	7	0.36672
MED12L	8	0.96375	0.96323	0.999995	889	0	0.61717	0.040639	0.16095	0.695134	245	7	0.61717
RANBP10	8	0.96385	0.96335	0.999995	890	0	0.61817	0.19093	0.4775	0.990186	510	6	0.61817
ULK2	8	0.96391	0.96342	0.999995	891	0	0.599	0.12078	0.35811	0.943725	403	6	0.599
FLT1	8	0.96441	0.96395	0.999995	892	0	0.59363	0.046123	0.17878	0.733671	260	6	0.59363
SIX6	8	0.96516	0.96477	0.999995	893	0	0.37678	0.21575	0.5163	0.999995	541	6	0.37678
FAM71A	8	0.96526	0.96484	0.999995	894	0	0.6731	0.058908	0.21682	0.77073	294	7	0.6731
TBPL2	8	0.96594	0.96543	0.999995	895	0	0.30289	0.25727	0.57684	0.999995	593	6	0.30289
SATB1	8	0.96642	0.96588	0.999995	896	0	0.68055	0.00063117	0.003909	0.211634	20	7	0.68055
ARSJ	8	0.96699	0.96636	0.999995	897	0	0.4623	0.16538	0.43547	0.963672	477	6	0.4623
FOXB1	8	0.96718	0.96655	0.999995	898	0	0.34935	0.18564	0.4691	0.990186	498	6	0.34935
SUSD1	8	0.9675	0.96686	0.999995	899	0	0.37823	0.028956	0.12219	0.618553	212	4	0.37823
GDI1	8	0.96755	0.9669	0.999995	900	0	0.83652	0.0081811	0.044111	0.409514	114	7	0.83652
E2F4	8	0.96764	0.967	0.999995	901	0	0.28586	0.7213	0.91254	0.999995	864	4	0.28586
HMGCLL1	8	0.96778	0.96711	0.999995	902	0	0.39466	0.25509	0.57372	0.999995	590	6	0.39466
RAP1GAP2	8	0.96792	0.96728	0.999995	903	0	0.50795	0.14324	0.39826	0.944069	442	6	0.50795
CLASP2	8	0.96797	0.96732	0.999995	904	0	0.67567	0.03242	0.13399	0.637206	224	7	0.67567
ERN1	8	0.9681	0.96742	0.999995	905	0	0.60589	0.091421	0.30132	0.884767	361	6	0.60589
LRFN1	8	0.96842	0.96773	0.999995	906	0	0.51388	0.1443	0.4001	0.944069	445	6	0.51388
COX6B2	8	0.96851	0.96785	0.999995	907	0	0.36225	0.1718	0.44605	0.97488	484	6	0.36225
PLCG2	8	0.96887	0.96827	0.999995	908	0	0.60683	0.02532	0.11039	0.585074	203	6	0.60683
CLTB	8	0.96896	0.96833	0.999995	909	0	0.45403	0.22219	0.52649	0.999995	547	5	0.45403
RC3H2	8	0.96901	0.9684	0.999995	910	0	0.89687	0.0027916	0.015846	0.298762	53	7	0.89687
KLF5	8	0.96927	0.96868	0.999995	911	0	0.53698	0.07859	0.2732	0.834551	347	7	0.53698
CDK19	16	0.96976	0.97044	0.999995	912	0	0.60663	0.023432	0.13526	0.637206	194	13	0.60663
FRS3	8	0.9698	0.96914	0.999995	913	0	0.63524	0.096339	0.31115	0.888414	368	6	0.63524
LNX1	8	0.96993	0.9693	0.999995	914	0	0.41477	0.20148	0.49458	0.999995	521	6	0.41477
CALY	8	0.9701	0.96949	0.999995	915	0	0.22226	0.27307	0.59519	0.999995	607	4	0.22226
ERO1A	8	0.97032	0.96969	0.999995	916	0	0.71723	0.093104	0.30496	0.887414	364	6	0.71723
NAT8L	8	0.97049	0.96991	0.999995	917	0	0.8831	0.0081365	0.043989	0.409514	113	7	0.8831
PXDN	8	0.97083	0.97024	0.999995	918	0	0.41468	0.25749	0.57708	0.999995	594	6	0.41468
DENND5A	8	0.97133	0.97068	0.999995	919	0	0.56096	0.068973	0.24645	0.798877	325	7	0.56096
HRH3	8	0.97146	0.97074	0.999995	920	0	0.7183	0.029716	0.1247	0.620578	216	7	0.7183
GIT1	8	0.9715	0.97081	0.999995	921	0	0.77399	0.0047189	0.026625	0.348429	82	7	0.77399
PPP2CB	6	0.97161	0.97176	0.999995	922	0	0.87933	0.0016004	0.0078974	0.233636	38	6	0.87933
SAP30	8	0.97166	0.97096	0.999995	923	0	0.50353	0.073723	0.25991	0.816454	335	6	0.50353
CCNE1	8	0.97211	0.9713	0.999995	924	0	0.61459	0.017279	0.08138	0.513467	167	7	0.61459
SOS2	8	0.97227	0.97153	0.999995	925	0	0.71023	0.13843	0.38995	0.943725	438	6	0.71023
KIT	16	0.97302	0.97347	0.999995	926	0	0.48265	0.022378	0.13029	0.633641	188	11	0.48265
LMBR1L	8	0.97331	0.97256	0.999995	927	0	0.57854	0.042561	0.1671	0.705269	253	7	0.57854
SEC11A	7	0.97373	0.97374	0.999995	928	0	0.4843	0.041161	0.15635	0.68548	248	6	0.4843
TMEM120B	8	0.97397	0.97329	0.999995	929	0	0.42089	0.33528	0.65528	0.999995	652	5	0.42089
EGFR	8	0.97427	0.97361	0.999995	930	0	0.51492	0.023834	0.10506	0.572136	196	7	0.51492
MACF1	8	0.9745	0.9738	0.999995	931	0	0.57477	0.05372	0.20184	0.758707	283	7	0.57477
KRT37	8	0.97513	0.97452	0.999995	932	0	0.62496	0.031245	0.13014	0.633641	219	7	0.62496
CDNF	8	0.97557	0.97497	0.999995	933	0	0.4748	0.03258	0.13446	0.637206	225	7	0.4748
ATP8B3	8	0.97567	0.97508	0.999995	934	0	0.5422	0.031477	0.13091	0.633641	221	7	0.5422
RRAGD	8	0.97603	0.97539	0.999995	935	0	0.52043	0.15009	0.41021	0.944069	458	5	0.52043
GPR183	8	0.97621	0.97562	0.999995	936	0	0.71038	0.019857	0.090832	0.534901	180	7	0.71038
DPCR1	8	0.97673	0.97613	0.999995	937	0	0.85733	0.020813	0.093999	0.547465	182	6	0.85733
PLCG1	8	0.97687	0.97627	0.999995	938	0	0.76895	0.060345	0.22104	0.77073	300	7	0.76895
PRKAB1	8	0.97722	0.97672	0.999995	939	0	0.78085	0.0044359	0.025149	0.348429	76	7	0.78085
PTPN14	8	0.97725	0.97676	0.999995	940	0	0.61633	0.068098	0.24369	0.792368	324	6	0.61633
APOBEC1	8	0.97738	0.9769	0.999995	941	0	0.60962	0.1494	0.40902	0.944069	454	6	0.60962
NR5A1	8	0.97772	0.97718	0.999995	942	0	0.53346	0.050445	0.19175	0.74216	274	7	0.53346
SCN10A	8	0.97825	0.97765	0.999995	943	0	0.77455	0.004011	0.022702	0.348429	69	7	0.77455
PAPSS1	8	0.97838	0.97776	0.999995	944	0	0.31438	0.18834	0.47337	0.990186	504	6	0.31438
SIK2	8	0.97896	0.97833	0.999995	945	0	0.84795	0.0012539	0.0073183	0.233636	32	7	0.84795
ZDHHC17	8	0.97918	0.97863	0.999995	946	0	0.90101	0.0019937	0.011895	0.282618	44	7	0.90101
GYS1	8	0.97949	0.97903	0.999995	947	0	0.62844	0.047202	0.18203	0.733671	265	7	0.62844
CAB39L	8	0.97962	0.97918	0.999995	948	0	0.50379	0.066995	0.24045	0.790297	319	7	0.50379
PCBD2	8	0.97968	0.97925	0.999995	949	0	0.59681	0.032322	0.13361	0.637206	223	7	0.59681
CAT	8	0.97971	0.97927	0.999995	950	0	0.71302	0.040476	0.16033	0.695134	244	7	0.71302
HRAS	8	0.97983	0.97937	0.999995	951	0	0.27354	0.13521	0.38428	0.943725	430	4	0.27354
PPP3R1	8	0.97989	0.97939	0.999995	952	0	0.6422	0.036896	0.14858	0.664515	238	7	0.6422
HRH1	8	0.97998	0.97947	0.999995	953	0	0.54589	0.050666	0.19254	0.74216	276	7	0.54589
ZNF260	8	0.98016	0.9797	0.999995	954	0	0.79481	0.015374	0.074738	0.492067	160	7	0.79481
RBPJL	8	0.98025	0.97977	0.999995	955	0	0.53775	0.20713	0.50321	0.999995	526	5	0.53775
KRTAP1-1	8	0.98085	0.98044	0.999995	956	0	0.94037	0.02148	0.096353	0.552074	185	7	0.94037
FEZ2	8	0.98168	0.9813	0.999995	957	0	0.63393	0.15477	0.41804	0.95246	464	6	0.63393
COPS7B	8	0.98229	0.98197	0.999995	958	0	0.54807	0.059737	0.21917	0.77073	296	7	0.54807
MBP	8	0.98245	0.98214	0.999995	959	0	0.73936	0.011334	0.059317	0.43534	144	7	0.73936
TAS1R2	8	0.98251	0.98221	0.999995	960	0	0.44121	0.059913	0.21968	0.77073	298	7	0.44121
PCBD1	8	0.98314	0.98288	0.999995	961	0	0.46242	0.067506	0.24205	0.790297	322	7	0.46242
KLK12	8	0.9833	0.98302	0.999995	962	0	0.57573	0.158	0.42337	0.954824	469	6	0.57573
SNRPN	7	0.98337	0.98343	0.999995	963	0	0.76074	0.011044	0.05361	0.42408	143	7	0.76074
EFNB1	8	0.98358	0.98337	0.999995	964	0	0.69163	0.022627	0.10059	0.567174	189	7	0.69163
ENOX2	8	0.98404	0.98392	0.999995	965	0	0.51392	0.047138	0.18176	0.733671	264	7	0.51392
CHMP1B	8	0.98458	0.98453	0.999995	966	0	0.74663	0.020952	0.094531	0.547557	183	7	0.74663
DNAJC19	6	0.98458	0.98451	0.999995	967	0	0.59401	0.015419	0.065734	0.458409	161	6	0.59401
TGFBR2	8	0.9846	0.98456	0.999995	968	0	0.44658	0.077345	0.26984	0.829086	344	7	0.44658
ZNF423	8	0.98479	0.98477	0.999995	969	0	0.87145	0.009854	0.052218	0.422757	131	7	0.87145
SP110	8	0.98482	0.98477	0.999995	970	0	0.56047	0.0064145	0.035564	0.373248	99	7	0.56047
SPTA1	8	0.98503	0.98498	0.999995	971	0	0.62299	0.05843	0.21522	0.77073	293	7	0.62299
SNTA1	8	0.98529	0.98518	0.999995	972	0	0.52422	0.034274	0.13986	0.647391	229	7	0.52422
AIPL1	8	0.98593	0.98588	0.999995	973	0	0.61473	0.029613	0.12448	0.620578	215	7	0.61473
HUS1B	8	0.9861	0.98604	0.999995	974	0	0.34383	0.066656	0.2395	0.790297	316	7	0.34383
MARCKS	8	0.98652	0.98638	0.999995	975	0	0.55187	0.0043603	0.024832	0.348429	74	7	0.55187
SMC1B	8	0.987	0.98685	0.999995	976	0	0.62257	0.033239	0.13661	0.640739	227	7	0.62257
OGDHL	8	0.98737	0.98722	0.999995	977	0	0.76726	0.0088692	0.047585	0.420833	119	7	0.76726
ABCB1	8	0.98756	0.98742	0.999995	978	0	0.52023	0.072521	0.25657	0.814505	331	7	0.52023
CTCFL	8	0.98778	0.98759	0.999995	979	0	0.6352	0.023245	0.10302	0.571743	192	7	0.6352
ICK	8	0.98797	0.98775	0.999995	980	0	0.72596	0.018456	0.085489	0.519689	173	7	0.72596
ZNF521	8	0.98811	0.98791	0.999995	981	0	0.69936	0.024012	0.10579	0.572136	198	7	0.69936
ARHGEF6	8	0.98889	0.98863	0.999995	982	0	0.85212	0.00064963	0.0039931	0.211634	21	8	0.85212
ATP6V1C2	16	0.98895	0.98967	0.999995	983	0	0.48053	0.098026	0.37445	0.943725	371	10	0.48053
IDH3B	8	0.98898	0.98866	0.999995	984	0	0.50575	0.011017	0.057673	0.430519	142	8	0.50575
PIP4P1	8	0.98909	0.98872	0.999995	985	0	0.4603	0.01091	0.057169	0.42978	141	8	0.4603
TANK	8	0.98975	0.98954	0.999995	986	0	0.55305	0.010249	0.054171	0.425339	135	8	0.55305
RBMXL2	8	0.99	0.98985	0.999995	987	0	0.88263	0.0028268	0.016033	0.298762	54	8	0.88263
CD72	8	0.99002	0.98987	0.999995	988	0	0.50406	0.0099812	0.05276	0.42368	133	8	0.50406
CLIP4	8	0.99004	0.98988	0.999995	989	0	0.77996	0.0083876	0.045101	0.412129	117	8	0.77996
ARFIP2	8	0.99013	0.98995	0.999995	990	0	0.5458	0.0098661	0.052246	0.422757	132	8	0.5458
BATF3	8	0.99033	0.99013	0.999995	991	0	0.3628	0.0096714	0.051368	0.422757	129	8	0.3628
TRAPPC3L	8	0.99036	0.99018	0.999995	992	0	0.74713	0.0096393	0.0512	0.422757	128	8	0.74713
ANKRD37	8	0.99054	0.99032	0.999995	993	0	0.49123	0.0094643	0.050332	0.422757	127	8	0.49123
TLN2	8	0.99061	0.99038	0.999995	994	0	0.6673	0.0093857	0.049977	0.422757	126	8	0.6673
NCBP2L	8	0.99071	0.99046	0.999995	995	0	0.62447	0.0092921	0.049444	0.422757	124	8	0.62447
GDI2	16	0.99076	0.99157	0.999995	996	0	0.33953	0.036587	0.19183	0.74216	236	9	0.33953
SEC23B	8	0.99109	0.99085	0.999995	997	0	0.54836	0.008911	0.04781	0.420833	120	8	0.54836
PLD2	8	0.9915	0.99132	0.999995	998	0	0.75051	0.0085004	0.045755	0.41453	118	8	0.75051
XPO7	8	0.99188	0.99179	0.999995	999	0	0.68649	0.0042616	0.024122	0.348429	73	8	0.68649
CRX	8	0.99196	0.99193	0.999995	1000	0	0.63168	0.0080378	0.043532	0.409514	110	8	0.63168
CYP7A1	8	0.99206	0.99204	0.999995	1001	0	0.63233	0.0079426	0.043139	0.409514	109	8	0.63233
TAF9B	6	0.99236	0.99251	0.999995	1002	0	0.84365	0.007645	0.035293	0.373248	108	6	0.84365
GPR50	8	0.99243	0.99237	0.999995	1003	0	0.64534	0.0075714	0.041309	0.407087	106	8	0.64534
DENND5B	8	0.9927	0.99263	0.999995	1004	0	0.92244	5.8885e-05	0.0004717	0.071429	6	8	0.92244
ALAS1	16	0.99279	0.99346	0.999995	1005	0	0.59829	0.0041218	0.032585	0.35588	70	14	0.59829
PHLDA3	8	0.99297	0.99289	0.999995	1006	0	0.53447	0.0070309	0.038805	0.399356	102	8	0.53447
SLC22A13	8	0.99311	0.99307	0.999995	1007	0	0.53919	0.0068863	0.038058	0.395506	101	8	0.53919
DYNLT3	6	0.99358	0.99351	0.999995	1008	0	0.66155	0.0064241	0.030035	0.35588	100	6	0.66155
TMEM185A	8	0.99406	0.99401	0.999995	1009	0	0.88396	0.00032507	0.0022184	0.156766	15	8	0.88396
RECK	8	0.9941	0.99405	0.999995	1010	0	0.73194	0.0059026	0.032902	0.35588	97	8	0.73194
TREM2	8	0.99411	0.99405	0.999995	1011	0	0.56447	0.0058922	0.032827	0.35588	96	8	0.56447
ARHGEF3	8	0.99414	0.99408	0.999995	1012	0	0.51171	0.005861	0.032659	0.35588	95	8	0.51171
MTUS1	8	0.99449	0.99449	0.999995	1013	0	0.69888	0.0052752	0.029427	0.35588	88	8	0.69888
IDH3G	8	0.99463	0.99462	0.999995	1014	0	0.71444	0.0053715	0.029988	0.35588	89	8	0.71444
TMEM9B	8	0.99473	0.99467	0.999995	1015	0	0.52405	0.0052667	0.029381	0.35588	87	8	0.52405
NDEL1	8	0.99497	0.99497	0.999995	1016	0	0.83337	0.005026	0.028166	0.35588	84	8	0.83337
SMARCA2	8	0.99535	0.99533	0.999995	1017	0	0.4574	0.004649	0.026214	0.348429	80	8	0.4574
STRIP2	8	0.99536	0.99533	0.999995	1018	0	0.72584	0.0046405	0.02614	0.348429	79	8	0.72584
AMELX	8	0.99543	0.99537	0.999995	1019	0	0.59698	0.0045733	0.025831	0.348429	78	8	0.59698
PDLIM5	8	0.99544	0.99538	0.999995	1020	0	0.64762	0.0045566	0.025747	0.348429	77	8	0.64762
TYROBP	8	0.99583	0.99577	0.999995	1021	0	0.55958	0.0041721	0.023664	0.348429	71	8	0.55958
PPP3CC	8	0.99592	0.99587	0.999995	1022	0	0.88291	0.002084	0.012344	0.284438	46	8	0.88291
MECOM	8	0.99639	0.99632	0.999995	1023	0	0.59811	0.0036076	0.020227	0.329855	65	8	0.59811
PXDNL	8	0.9966	0.99651	0.999995	1024	0	0.75875	0.0034025	0.019106	0.321468	63	8	0.75875
MAP4K4	8	0.99664	0.99653	0.999995	1025	0	1.2103	4.3608e-06	4.2033e-05	0.014851	3	8	1.2103
DMD	8	0.99689	0.99679	0.999995	1026	0	0.55851	0.0031051	0.017313	0.300844	61	8	0.55851
ERC1	8	0.99698	0.99684	0.999995	1027	0	0.75584	0.0016431	0.0097562	0.258015	39	8	0.75584
NETO1	8	0.99699	0.99685	0.999995	1028	0	0.7608	0.0030112	0.016911	0.298762	60	8	0.7608
PLXDC2	8	0.99705	0.99692	0.999995	1029	0	0.71069	0.0029538	0.016584	0.298762	58	8	0.71069
TBC1D1	8	0.99707	0.99693	0.999995	1030	0	0.73346	0.002931	0.016481	0.298762	57	8	0.73346
NAPB	8	0.99709	0.99695	0.999995	1031	0	0.8457	0.0029085	0.016369	0.298762	55	8	0.8457
LMBR1	8	0.99754	0.99752	0.999995	1032	0	0.83277	0.0024589	0.014212	0.29538	51	8	0.83277
RNF144A	8	0.99759	0.99759	0.999995	1033	0	0.69934	0.0024061	0.01395	0.29538	50	8	0.69934
CBLL2	8	0.99773	0.99771	0.999995	1034	0	0.72723	0.0022669	0.013287	0.29342	48	8	0.72723
CAV1	8	0.99798	0.99797	0.999995	1035	0	0.60375	0.0020177	0.011998	0.282618	45	8	0.60375
NBEAL2	8	0.99809	0.99805	0.999995	1036	0	0.72731	0.0014365	0.0084112	0.234627	37	8	0.72731
NXT2	8	0.99815	0.99811	0.999995	1037	0	0.88422	0.0018525	0.011139	0.27458	43	8	0.88422
TCF4	8	0.99834	0.9983	0.999995	1038	0	0.64327	0.0016611	0.009887	0.258015	40	8	0.64327
PCGF1	8	0.99857	0.9985	0.999995	1039	0	0.59847	0.0014288	0.0083645	0.234627	36	8	0.59847
PLD1	8	0.99863	0.99858	0.999995	1040	0	0.68228	0.0013696	0.0079348	0.233636	35	8	0.68228
TYMS	8	0.9987	0.99869	0.999995	1041	0	0.80001	0.0012986	0.0076452	0.233636	34	8	0.80001
AP2A2	8	0.99872	0.9987	0.999995	1042	0	0.68939	0.0012793	0.0075612	0.233636	33	8	0.68939
LDB2	8	0.99876	0.99873	0.999995	1043	0	0.66131	0.0012414	0.0072529	0.233636	31	8	0.66131
DST	8	0.99879	0.99878	0.999995	1044	0	0.77934	0.0012098	0.0070288	0.233636	30	8	0.77934
FRYL	8	0.9989	0.99888	0.999995	1045	0	0.77205	0.0011021	0.0065431	0.233636	29	8	0.77205
ZNF418	8	0.9991	0.99901	0.999995	1046	0	0.75255	0.00090341	0.0054129	0.214705	26	8	0.75255
MPC1L	8	0.99914	0.99903	0.999995	1047	0	0.98482	0.00085604	0.0050953	0.214705	25	8	0.98482
SMARCA1	8	0.99915	0.99903	0.999995	1048	0	0.77183	0.0008522	0.0050859	0.214705	24	8	0.77183
SLC25A2	8	0.99919	0.99908	0.999995	1049	0	0.81712	0.0008072	0.0048711	0.214705	23	8	0.81712
FMR1	8	0.99923	0.99912	0.999995	1050	0	0.69322	0.00077307	0.0047123	0.214705	22	8	0.69322
EPC1	8	0.9994	0.99926	0.999995	1051	0	1.0044	0.00060483	0.0037876	0.211634	19	8	1.0044
FAM126A	8	0.99941	0.99927	0.999995	1052	0	0.77413	0.0003668	0.0024893	0.164913	16	8	0.77413
ZNF146	8	0.99953	0.99944	0.999995	1053	0	1.1447	3.3947e-05	0.00030357	0.064356	5	8	1.1447
RANBP6	6	0.99965	0.99969	0.999995	1054	0	1.0046	8.392e-05	0.00041565	0.071429	8	6	1.0046
DLL1	8	0.9997	0.99963	0.999995	1055	0	0.59535	0.00029963	0.0019662	0.148868	14	8	0.59535
JAG1	8	0.99979	0.99971	0.999995	1056	0	0.76233	0.00021024	0.0013123	0.110815	11	8	0.76233
CAB39	8	0.99986	0.9998	0.999995	1057	0	0.83849	0.00013951	0.00087334	0.092574	10	8	0.83849
MBD4	16	0.99986	0.99984	0.999995	1058	0	0.66866	0.00044909	0.0045815	0.214705	17	15	0.66866
safe_control	74	0.99993	1.0	0.999995	1059	3	0.88376	7.8764e-11	4.6703e-06	0.002475	2	62	0.88376
TP53	8	1.0	1.0	0.999995	1060	0	2.1107	2.204e-15	4.6703e-06	0.002475	1	8	2.1107
