id	num	neg|score	neg|p-value	neg|fdr	neg|rank	neg|goodsgrna	neg|lfc	pos|score	pos|p-value	pos|fdr	pos|rank	pos|goodsgrna	pos|lfc
RRM1	8	1.2128e-08	4.6747e-06	0.000825	1	8	-1.3337	1.0	1.0	0.999995	1059	0	-1.3337
MTG2	4	1.4183e-08	4.6747e-06	0.000825	2	4	-1.1514	1.0	1.0	0.999995	1058	0	-1.1514
MYC	8	4.9092e-08	4.6747e-06	0.000825	3	8	-0.7827	1.0	1.0	0.999995	1055	0	-0.7827
NAE1	8	8.7352e-08	4.6747e-06	0.000825	4	7	-0.63252	0.97845	0.97852	0.999995	954	0	-0.63252
PRPF8	4	3.6176e-07	4.6747e-06	0.000825	5	4	-1.2428	1.0	1.0	0.999995	1057	0	-1.2428
BUB3	4	8.0167e-07	4.6747e-06	0.000825	6	4	-1.3461	1.0	1.0	0.999995	1056	0	-1.3461
KIF11	4	8.2699e-06	4.2072e-05	0.006365	7	4	-1.4421	0.99999	1.0	0.999995	1054	0	-1.4421
MED18	8	1.4949e-05	8.8819e-05	0.006719	8	7	-0.79485	0.86531	0.86482	0.999995	842	0	-0.79485
PPP4C	4	1.5027e-05	7.947e-05	0.006719	9	4	-1.1279	0.99877	0.9989	0.999995	1009	0	-1.1279
TOP2A	4	1.5073e-05	7.947e-05	0.006719	10	4	-0.96791	0.99998	1.0	0.999995	1053	0	-0.96791
CKAP5	8	1.672e-05	9.8168e-05	0.006931	11	8	-0.80101	0.99998	1.0	0.999995	1052	0	-0.80101
RRM2	4	1.8545e-05	7.947e-05	0.006719	12	3	-0.87333	0.87542	0.87622	0.999995	849	0	-0.87333
RPS19	4	2.4084e-05	8.8819e-05	0.006719	13	4	-1.1501	0.99998	1.0	0.999995	1051	0	-1.1501
MRPL38	4	3.1217e-05	8.8819e-05	0.006719	14	4	-0.75899	0.99997	1.0	0.999995	1050	0	-0.75899
CDIPT	4	3.183e-05	8.8819e-05	0.006719	15	3	-0.96717	0.5958	0.59561	0.999995	598	0	-0.96717
NAA10	4	4.2908e-05	0.00011687	0.007735	16	4	-0.99374	0.99991	0.99991	0.999995	1043	0	-0.99374
CDK7	4	4.8452e-05	0.00012622	0.007863	17	4	-1.0843	0.99995	0.99998	0.999995	1049	0	-1.0843
TOMM40	7	5.4694e-05	0.0004254	0.01802	18	6	-0.81177	0.35923	0.3588	0.999995	355	0	-0.81177
POLR2L	4	6.2261e-05	0.00021036	0.011634	19	4	-1.5096	0.99994	0.99996	0.999995	1048	0	-1.5096
RPP21	4	6.3017e-05	0.00021971	0.011634	20	4	-1.4166	0.99974	0.99972	0.999995	1033	0	-1.4166
NDUFB4	4	6.4935e-05	0.00021971	0.011634	21	4	-0.86434	0.99994	0.99996	0.999995	1047	0	-0.86434
UQCRC1	4	8.202e-05	0.00034125	0.016427	22	4	-0.64137	0.99992	0.99992	0.999995	1046	0	-0.64137
RIC8A	4	8.9547e-05	0.00041605	0.01802	23	4	-0.77026	0.99991	0.99991	0.999995	1045	0	-0.77026
ISCA2	4	9.2168e-05	0.0004254	0.01802	24	4	-0.94491	0.99991	0.99991	0.999995	1044	0	-0.94491
RPL36	4	0.00010419	0.00047214	0.019231	25	4	-0.80383	0.9999	0.9999	0.999995	1042	0	-0.80383
CHORDC1	3	0.00011716	0.0003319	0.016427	26	3	-1.3974	0.99988	0.99986	0.999995	1041	0	-1.3974
ATP5F1B	4	0.00015508	0.00072458	0.027753	27	4	-0.79984	0.99984	0.99987	0.999995	1040	0	-0.79984
VMP1	4	0.00015903	0.00075262	0.027753	28	4	-0.95547	0.99984	0.99987	0.999995	1039	0	-0.95547
SF3B1	4	0.00016161	0.00078067	0.027753	29	4	-1.0458	0.95933	0.95983	0.999995	936	0	-1.0458
SF3B3	4	0.00016994	0.00081807	0.027753	30	4	-1.0478	0.99983	0.99985	0.999995	1038	0	-1.0478
MRPL41	4	0.00017275	0.00082742	0.027753	31	4	-1.0843	0.99983	0.99985	0.999995	1037	0	-1.0843
SMC1A	4	0.00017993	0.00084612	0.027753	32	4	-0.77827	0.99982	0.99984	0.999995	1036	0	-0.77827
COPA	4	0.00018286	0.00086482	0.027753	33	4	-1.3336	0.99982	0.99983	0.999995	1035	0	-1.3336
COX6B1	8	0.00019197	0.0012201	0.0344	34	7	-0.5782	0.92861	0.92833	0.999995	898	0	-0.5782
BAP1	4	0.00025699	0.0011546	0.0344	35	4	-0.36444	0.99974	0.99972	0.999995	1034	0	-0.36444
KIF4A	4	0.0002647	0.0012107	0.0344	36	4	-0.55812	0.99974	0.99971	0.999995	1032	0	-0.55812
ATP6V1B2	4	0.00027059	0.0012481	0.0344	37	4	-0.84272	0.99973	0.99971	0.999995	1031	0	-0.84272
NMT1	4	0.0002786	0.0012668	0.0344	38	4	-0.48163	0.99972	0.99971	0.999995	1030	0	-0.48163
INTS6	3	0.00028223	0.00089287	0.02781	39	3	-1.3963	0.99972	0.99976	0.999995	1029	0	-1.3963
ELL	4	0.00029727	0.0013323	0.035272	40	4	-0.56981	0.9997	0.99968	0.999995	1028	0	-0.56981
STT3B	4	0.0003191	0.0013977	0.036102	41	4	-0.74249	0.99968	0.99967	0.999995	1027	0	-0.74249
CPSF3	4	0.00034211	0.0014725	0.036496	42	4	-0.97173	0.99966	0.99963	0.999995	1026	0	-0.97173
PAF1	4	0.00034448	0.0014819	0.036496	43	4	-0.51611	0.99966	0.99963	0.999995	1025	0	-0.51611
SF3A1	4	0.00040204	0.0016782	0.039709	44	3	-1.0953	0.66426	0.66333	0.999995	670	0	-1.0953
RPL8	4	0.00041865	0.0017063	0.039709	45	4	-0.77944	0.99958	0.99958	0.999995	1024	0	-0.77944
MED20	4	0.00042695	0.001725	0.039709	46	4	-0.8161	0.99957	0.99957	0.999995	1023	0	-0.8161
ZNF407	4	0.00043256	0.0017624	0.039709	47	4	-1.0563	0.99957	0.99957	0.999995	1022	0	-1.0563
TACC3	4	0.00048395	0.001968	0.04342	48	3	-0.68737	0.38296	0.38195	0.999995	382	0	-0.68737
TRAPPC3	4	0.00051162	0.0020709	0.044757	49	3	-0.8109	0.9191	0.91891	0.999995	892	0	-0.8109
CCND1	4	0.0005704	0.0023046	0.047855	50	4	-0.50365	0.99943	0.99948	0.999995	1021	0	-0.50365
RPL3	7	0.00063932	0.0040436	0.067608	51	6	-0.64708	0.90183	0.90286	0.999995	872	0	-0.64708
NKAP	4	0.00066596	0.0025851	0.052647	52	4	-0.63934	0.99933	0.99942	0.999995	1020	0	-0.63934
PRKDC	8	0.00067424	0.0042399	0.067608	53	7	-0.41885	0.94098	0.94054	0.999995	912	0	-0.41885
RPS5	4	0.00075872	0.0029497	0.058939	54	4	-1.1762	0.97924	0.97928	0.999995	956	0	-1.1762
HMGCS1	3	0.00076971	0.0022579	0.047822	55	3	-1.1203	0.99923	0.99922	0.999995	1019	0	-1.1203
ALDOA	4	0.0008721	0.0033705	0.062564	56	4	-0.9531	0.99244	0.99234	0.999995	976	0	-0.9531
EIF3B	4	0.00087334	0.0033705	0.062564	57	4	-0.9597	0.99913	0.99926	0.999995	1018	0	-0.9597
ATP6V1C1	4	0.00089258	0.0034265	0.062564	58	4	-0.70383	0.99911	0.99924	0.999995	1017	0	-0.70383
TRRAP	4	0.00097788	0.0036696	0.065006	59	4	-0.9911	0.99902	0.99918	0.999995	1016	0	-0.9911
XRCC6	4	0.00098308	0.0036977	0.065006	60	4	-0.77414	0.99902	0.99918	0.999995	1015	0	-0.77414
CLTC	4	0.0010041	0.0037444	0.065006	61	4	-0.77113	0.999	0.99917	0.999995	1014	0	-0.77113
RPL10A	4	0.0010848	0.0041091	0.067608	62	3	-0.91351	0.71894	0.7182	0.999995	721	0	-0.91351
RPL13	3	0.0010899	0.0031554	0.061881	63	3	-0.92695	0.99891	0.99883	0.999995	1013	0	-0.92695
BUB1B	4	0.0011193	0.0042306	0.067608	64	3	-0.93863	0.93378	0.93382	0.999995	904	0	-0.93863
MTHFD1	4	0.0011258	0.0042773	0.067608	65	4	-0.56686	0.99887	0.99903	0.999995	1012	0	-0.56686
TNPO1	3	0.0011276	0.003277	0.062564	66	3	-0.72306	0.99887	0.99877	0.999995	1011	0	-0.72306
AHCYL1	4	0.001131	0.0042773	0.067608	67	4	-0.6978	0.9974	0.99745	0.999995	1001	0	-0.6978
ATP5F1A	4	0.0012027	0.0045485	0.070836	68	4	-0.75737	0.9988	0.99892	0.999995	1010	0	-0.75737
SIN3A	4	0.0012582	0.0047168	0.071358	69	4	-0.69633	0.99874	0.99888	0.999995	1008	0	-0.69633
MAT2A	4	0.0013417	0.0050253	0.074955	70	4	-0.53097	0.99866	0.99878	0.999995	1007	0	-0.53097
CTR9	4	0.0014632	0.0056143	0.082577	71	4	-0.69451	0.99768	0.9977	0.999995	1003	0	-0.69451
SBNO1	4	0.0015624	0.0059789	0.086735	72	3	-0.91007	0.3199	0.31821	0.999995	317	0	-0.91007
LONP1	4	0.0016209	0.0062314	0.089176	73	3	-0.74496	0.21051	0.20992	0.999995	213	0	-0.74496
CCT6A	3	0.0016427	0.0046794	0.071358	74	2	-0.95633	0.81578	0.81564	0.999995	810	0	-0.95633
TIMM10	4	0.0016555	0.0063809	0.090099	75	4	-0.65413	0.99834	0.99846	0.999995	1006	0	-0.65413
PDCD6IP	4	0.0019248	0.0072037	0.099203	76	4	-0.44999	0.99808	0.99817	0.999995	1005	0	-0.44999
ACTL6A	4	0.0019354	0.007213	0.099203	77	3	-1.0454	0.29206	0.29034	0.999995	289	0	-1.0454
VCP	4	0.0020198	0.0075216	0.10212	78	3	-0.92888	0.88553	0.8855	0.999995	856	0	-0.92888
GAPDH	4	0.0021956	0.0080638	0.106745	79	4	-0.92523	0.94414	0.94394	0.999995	918	0	-0.92523
RPL19	4	0.0022977	0.0084659	0.109816	80	2	-0.67834	0.5784	0.57841	0.999995	582	0	-0.67834
ERBB3	8	0.0023138	0.013973	0.149465	81	8	-0.19333	0.99769	0.99764	0.999995	1004	0	-0.19333
SF1	4	0.0024141	0.0089333	0.113981	82	4	-0.61487	0.99759	0.99762	0.999995	1002	0	-0.61487
COX4I1	4	0.0024776	0.009111	0.114863	83	4	-0.68649	0.99279	0.99272	0.999995	977	0	-0.68649
CCND3	4	0.002647	0.0096532	0.117845	84	4	-0.31477	0.99735	0.99741	0.999995	1000	0	-0.31477
ATP7A	4	0.002658	0.0096813	0.117845	85	4	-0.42901	0.99734	0.99738	0.999995	999	0	-0.42901
TUFM	3	0.0028695	0.0078208	0.104838	86	3	-1.2467	0.99713	0.99696	0.999995	998	0	-1.2467
POLR2A	4	0.0029555	0.010588	0.124742	87	4	-0.93471	0.99704	0.99715	0.999995	997	0	-0.93471
XAB2	4	0.002976	0.010719	0.124742	88	4	-0.86641	0.99638	0.99641	0.999995	993	0	-0.86641
RPS3	3	0.0031009	0.0085033	0.109816	89	2	-1.4445	0.43166	0.43013	0.999995	434	0	-1.4445
FAM50A	4	0.003342	0.011953	0.136112	90	4	-0.52131	0.99666	0.99679	0.999995	996	0	-0.52131
E2F3	3	0.0035253	0.0095784	0.117845	91	3	-0.47048	0.99647	0.99637	0.999995	995	0	-0.47048
TSG101	4	0.0035831	0.012767	0.142314	92	4	-0.47843	0.99642	0.99647	0.999995	994	0	-0.47843
RPL11	3	0.0036741	0.010018	0.120556	93	3	-1.0656	0.99633	0.99624	0.999995	992	0	-1.0656
MED8	4	0.0037356	0.013206	0.145679	94	3	-0.58686	0.80829	0.81032	0.999995	802	0	-0.58686
SF3B5	4	0.0037795	0.013365	0.145912	95	4	-0.77328	0.99622	0.99618	0.999995	991	0	-0.77328
GSTP1	4	0.0038385	0.01358	0.146747	96	4	-0.42779	0.96889	0.96921	0.999995	949	0	-0.42779
PSMB3	3	0.0038616	0.010616	0.124742	97	3	-1.2206	0.99614	0.99601	0.999995	990	0	-1.2206
CLNS1A	3	0.0041638	0.011504	0.132426	98	3	-1.0992	0.99584	0.99567	0.999995	989	0	-1.0992
FZR1	4	0.0041655	0.014571	0.152779	99	4	-0.27708	0.99583	0.99586	0.999995	988	0	-0.27708
CCNL1	4	0.0045146	0.015721	0.163221	100	4	-0.43212	0.99549	0.99555	0.999995	987	0	-0.43212
DHX9	3	0.0046362	0.012608	0.142037	101	3	-0.71224	0.99536	0.99517	0.999995	986	0	-0.71224
RPA1	4	0.0048784	0.016852	0.171601	102	4	-0.93288	0.99368	0.99358	0.999995	979	0	-0.93288
PMM1	4	0.0049374	0.017021	0.171664	103	4	-0.38801	0.99506	0.99515	0.999995	985	0	-0.38801
MED23	4	0.0050967	0.017619	0.174505	104	4	-0.57523	0.9949	0.995	0.999995	984	0	-0.57523
ATP6V1D	4	0.0051247	0.017694	0.174505	105	3	-0.77847	0.042034	0.043161	0.999995	44	1	-0.77847
RFC2	4	0.0051531	0.017797	0.174505	106	2	-0.64276	0.64177	0.64083	0.999995	644	0	-0.64276
TBC1D28	3	0.0052273	0.014244	0.150842	107	3	-0.26941	0.99477	0.99472	0.999995	983	0	-0.26941
SEPHS2	4	0.0054832	0.018816	0.182805	108	4	-0.35171	0.99452	0.99456	0.999995	982	0	-0.35171
RAN	4	0.0056411	0.019386	0.186634	109	3	-0.95999	0.76665	0.76738	0.999995	760	0	-0.95999
ABT1	4	0.0057296	0.019723	0.18666	110	3	-0.79254	0.6626	0.66174	0.999995	669	0	-0.79254
EIF3L	4	0.0057333	0.019741	0.18666	111	4	-0.45416	0.99427	0.99428	0.999995	981	0	-0.45416
INTS2	4	0.0060844	0.02077	0.194646	112	4	-0.54327	0.98994	0.98995	0.999995	973	0	-0.54327
RPL14	3	0.0061221	0.01659	0.170576	113	2	-1.3536	0.8471	0.84761	0.999995	833	0	-1.3536
AKIRIN2	4	0.0063009	0.021349	0.198324	114	4	-0.52381	0.9937	0.99359	0.999995	980	0	-0.52381
ACACA	4	0.0071836	0.024135	0.218456	115	4	-0.47071	0.99282	0.99275	0.999995	978	0	-0.47071
RNF20	4	0.0079548	0.026697	0.239596	116	4	-0.45795	0.96624	0.96661	0.999995	944	0	-0.45795
TUBB	3	0.0085345	0.022808	0.21003	117	2	-1.2059	0.74993	0.75043	0.999995	743	0	-1.2059
TOMM22	4	0.008946	0.029577	0.261015	118	4	-0.70773	0.98233	0.98223	0.999995	961	0	-0.70773
CDS2	4	0.0092169	0.030399	0.266058	119	3	-0.62695	0.82359	0.82565	0.999995	814	0	-0.62695
SF3B2	4	0.0095063	0.031278	0.271506	120	4	-0.51147	0.99049	0.99043	0.999995	975	0	-0.51147
POLR2B	4	0.009727	0.031998	0.273515	121	3	-1.0875	0.047476	0.048304	0.999995	50	1	-1.0875
ATP5F1D	4	0.009735	0.032026	0.273515	122	2	-0.5321	0.8991	0.89937	0.999995	870	0	-0.5321
MED12	4	0.0098834	0.032512	0.275446	123	4	-0.62484	0.99012	0.99015	0.999995	974	0	-0.62484
NAA15	4	0.010206	0.03355	0.281982	124	3	-0.93426	0.47531	0.47442	0.999995	478	0	-0.93426
TAMM41	4	0.010353	0.033934	0.282958	125	3	-0.70628	0.75835	0.75853	0.999995	752	0	-0.70628
SHMT1	4	0.010516	0.034448	0.283637	126	4	-0.30352	0.98948	0.98938	0.999995	972	0	-0.30352
STT3A	4	0.010547	0.034551	0.283637	127	4	-0.28937	0.98945	0.98937	0.999995	971	0	-0.28937
SOD1	4	0.011211	0.036794	0.297445	128	4	-0.59248	0.98879	0.98884	0.999995	970	0	-0.59248
NDUFC1	4	0.011416	0.037552	0.301268	129	3	-0.52817	0.85998	0.86113	0.999995	838	0	-0.52817
GTF3C1	4	0.011839	0.038767	0.30868	130	3	-0.45798	0.90725	0.90717	0.999995	879	0	-0.45798
PPP2R1A	4	0.012108	0.039609	0.312175	131	3	-0.43416	0.88645	0.88639	0.999995	857	0	-0.43416
SNRPD3	4	0.012163	0.039796	0.312175	132	4	-0.92881	0.94751	0.94757	0.999995	923	0	-0.92881
UNC119	4	0.012421	0.040525	0.315558	133	4	-0.31816	0.98758	0.98766	0.999995	969	0	-0.31816
RPS23	2	0.012664	0.023948	0.218456	134	2	-1.2835	0.98734	0.98763	0.999995	968	0	-1.2835
CAND1	4	0.012826	0.041731	0.321172	135	3	-0.50877	0.040214	0.041235	0.999995	42	1	-0.50877
RPS8	3	0.013457	0.035055	0.285567	136	3	-0.73468	0.98654	0.98646	0.999995	967	0	-0.73468
HSCB	4	0.013571	0.044031	0.333062	137	4	-0.93464	0.95795	0.95845	0.999995	934	0	-0.93464
SLC25A28	4	0.01369	0.044452	0.33386	138	4	-0.2965	0.98631	0.9864	0.999995	966	0	-0.2965
FDPS	4	0.013949	0.045143	0.336391	139	2	-0.57173	0.56448	0.56463	0.999995	565	0	-0.57173
ATR	4	0.014076	0.045424	0.336391	140	2	-0.45131	0.43177	0.43082	0.999995	435	0	-0.45131
PSMC3	4	0.014471	0.046639	0.341994	141	3	-0.68804	0.11185	0.11223	0.999995	114	0	-0.68804
FARS2	4	0.014524	0.046826	0.341994	142	4	-0.53955	0.9436	0.94351	0.999995	916	0	-0.53955
MRPL27	4	0.014812	0.047705	0.346026	143	4	-0.49997	0.98519	0.98551	0.999995	965	0	-0.49997
RPL18A	2	0.015676	0.029221	0.260047	144	2	-0.88356	0.98432	0.98473	0.999995	964	0	-0.88356
INCENP	4	0.01603	0.051473	0.36831	145	3	-0.56918	0.37508	0.37376	0.999995	373	0	-0.56918
DYNLRB1	3	0.016533	0.042834	0.326341	146	3	-0.51189	0.98347	0.98351	0.999995	963	0	-0.51189
WDR12	4	0.016554	0.053016	0.376802	147	3	-0.63611	0.55993	0.56004	0.999995	561	0	-0.63611
CCNT2	4	0.017129	0.054652	0.385842	148	4	-0.34453	0.98287	0.98276	0.999995	962	0	-0.34453
RHOT2	4	0.018361	0.058111	0.40623	149	4	-0.20909	0.98164	0.98154	0.999995	960	0	-0.20909
HRAS	4	0.018455	0.05841	0.40623	150	4	-0.1863	0.98155	0.98145	0.999995	959	0	-0.1863
YIF1A	4	0.018643	0.058962	0.40623	151	4	-0.4023	0.98136	0.98132	0.999995	958	0	-0.4023
EIF3J	4	0.018683	0.059074	0.40623	152	3	-0.4951	0.91325	0.91335	0.999995	888	0	-0.4951
PACS1	4	0.018826	0.059542	0.406803	153	3	-0.30806	0.61313	0.61215	0.999995	618	0	-0.30806
RPS11	3	0.019125	0.049379	0.355728	154	3	-0.82579	0.98087	0.98054	0.999995	957	0	-0.82579
ATP5PB	4	0.019147	0.060411	0.410098	155	3	-0.4589	0.89893	0.89918	0.999995	869	0	-0.4589
POLR2F	4	0.019294	0.060897	0.410765	156	2	-0.39943	0.876	0.87686	0.999995	850	0	-0.39943
KAT6A	4	0.019624	0.06186	0.41462	157	3	-0.39751	0.91981	0.91962	0.999995	893	0	-0.39751
EP300	4	0.020368	0.063926	0.425774	158	3	-0.46103	0.6029	0.60231	0.999995	606	0	-0.46103
MED13L	4	0.020868	0.065516	0.433632	159	4	-0.34781	0.97913	0.97917	0.999995	955	0	-0.34781
SMARCA4	4	0.021829	0.06848	0.450434	160	3	-0.36116	0.75444	0.75467	0.999995	749	0	-0.36116
RPL37A	2	0.022635	0.041852	0.321172	161	1	-0.95877	0.57357	0.57283	0.999995	576	0	-0.95877
CDK2	4	0.022705	0.071153	0.460456	162	4	-0.62828	0.94316	0.94294	0.999995	915	0	-0.62828
NCBP2	4	0.022802	0.071406	0.460456	163	2	-0.2016	0.36379	0.3624	0.999995	361	0	-0.2016
SOX9	4	0.022952	0.071742	0.460456	164	4	-0.16517	0.97705	0.97715	0.999995	953	0	-0.16517
SNRPB	4	0.023273	0.07264	0.463408	165	3	-0.67597	0.93512	0.93529	0.999995	906	0	-0.67597
RNF40	4	0.02351	0.073341	0.464374	166	4	-0.20976	0.97649	0.97651	0.999995	952	0	-0.20976
PSMB6	4	0.023623	0.073668	0.464374	167	4	-0.52814	0.97638	0.97641	0.999995	951	0	-0.52814
IRF4	4	0.023933	0.074575	0.467309	168	3	-0.38343	0.30072	0.29875	0.999995	297	0	-0.38343
PRPF38A	4	0.024183	0.075407	0.469744	169	3	-0.48676	0.029244	0.03054	0.999995	30	1	-0.48676
TOP1	4	0.024436	0.076109	0.471339	170	4	-0.54038	0.95907	0.95947	0.999995	935	0	-0.54038
MTUS2	4	0.027079	0.083672	0.515168	171	4	-0.15688	0.97292	0.97304	0.999995	950	0	-0.15688
RNF113A	4	0.02823	0.086814	0.528366	172	3	-0.5371	0.79746	0.7989	0.999995	787	0	-0.5371
UNC45B	4	0.031248	0.095088	0.572148	173	4	-0.22965	0.96875	0.96906	0.999995	948	0	-0.22965
RSBN1	4	0.031669	0.096144	0.572895	174	4	-0.19303	0.96833	0.96867	0.999995	947	0	-0.19303
CRKL	4	0.031739	0.096294	0.572895	175	4	-0.32671	0.96826	0.96865	0.999995	946	0	-0.32671
ASF1B	8	0.032359	0.13251	0.708746	176	6	-0.27465	0.79723	0.79667	0.999995	786	0	-0.27465
HNRNPH1	4	0.032874	0.099295	0.586826	177	3	-0.41437	0.6071	0.60629	0.999995	610	0	-0.41437
RHBDF1	4	0.033029	0.099744	0.586826	178	4	-0.21223	0.96697	0.96731	0.999995	945	0	-0.21223
SPTLC2	4	0.033827	0.10198	0.593379	179	3	-0.37677	0.93644	0.93648	0.999995	907	0	-0.37677
SNAPC4	4	0.034519	0.10385	0.600958	180	3	-0.44583	0.92009	0.91998	0.999995	894	0	-0.44583
BRD8	4	0.034938	0.10462	0.602158	181	4	-0.43404	0.96042	0.961	0.999995	938	0	-0.43404
AFG3L2	3	0.035128	0.085748	0.524896	182	3	-0.71123	0.96487	0.96432	0.999995	943	0	-0.71123
CWF19L1	4	0.035419	0.10584	0.60586	183	4	-0.27529	0.96458	0.96505	0.999995	942	0	-0.27529
SAR1A	8	0.035802	0.1436	0.729881	184	5	-0.28604	0.20966	0.20852	0.999995	212	0	-0.28604
EPC2	4	0.035893	0.10714	0.610002	185	3	-0.50477	0.61862	0.61763	0.999995	622	0	-0.50477
ZMIZ2	4	0.037614	0.11205	0.627346	186	4	-0.16868	0.96239	0.9628	0.999995	941	0	-0.16868
BCAP31	4	0.037739	0.11234	0.627346	187	3	-0.2985	0.82102	0.82311	0.999995	813	0	-0.2985
PMPCB	4	0.037858	0.11273	0.627346	188	3	-0.62079	0.61036	0.60965	0.999995	615	0	-0.62079
PTTG1	3	0.038077	0.092461	0.559519	189	3	-0.32401	0.96192	0.96149	0.999995	940	0	-0.32401
HACD2	4	0.038097	0.11337	0.627346	190	4	-0.3562	0.9619	0.96227	0.999995	939	0	-0.3562
RPS28	2	0.039841	0.071527	0.460456	191	2	-0.58724	0.96016	0.95956	0.999995	937	0	-0.58724
MBTD1	4	0.040903	0.12089	0.656537	192	3	-0.33239	0.35505	0.35359	0.999995	350	0	-0.33239
SNRPD2	3	0.041574	0.10081	0.58982	193	2	-0.70588	0.84406	0.84463	0.999995	827	0	-0.70588
CHMP1A	4	0.042663	0.1255	0.678092	194	4	-0.40335	0.94954	0.94979	0.999995	926	0	-0.40335
DMXL2	4	0.043014	0.12644	0.679675	195	4	-0.2416	0.95699	0.95757	0.999995	933	0	-0.2416
SEPHS1	3	0.046238	0.11159	0.627346	196	2	-0.5135	0.82847	0.82872	0.999995	818	0	-0.5135
GFM1	4	0.046816	0.13631	0.722698	197	3	-0.55417	0.1565	0.15646	0.999995	164	0	-0.55417
THRAP3	4	0.04705	0.13696	0.722698	198	4	-0.31639	0.95295	0.9535	0.999995	932	0	-0.31639
CDK5R2	4	0.047145	0.13717	0.722698	199	4	-0.20294	0.95286	0.95343	0.999995	931	0	-0.20294
FOSL1	3	0.047358	0.11374	0.627346	200	2	-0.36123	0.65982	0.65913	0.999995	665	0	-0.36123
DGKZ	3	0.04768	0.11439	0.627687	201	2	-0.38372	0.54408	0.54281	0.999995	548	0	-0.38372
CCNE1	4	0.047717	0.13831	0.7251	202	4	-0.15581	0.95228	0.95269	0.999995	930	0	-0.15581
CDK8	4	0.049269	0.14226	0.729881	203	4	-0.33628	0.95073	0.95105	0.999995	929	0	-0.33628
FOXK1	4	0.049368	0.1425	0.729881	204	4	-0.35912	0.95063	0.95098	0.999995	928	0	-0.35912
TNPO2	4	0.049374	0.14252	0.729881	205	3	-0.28269	0.50143	0.50026	0.999995	503	0	-0.28269
PHLDA1	4	0.049466	0.14273	0.729881	206	4	-0.15219	0.95053	0.95088	0.999995	927	0	-0.15219
PKM	3	0.049469	0.11814	0.644917	207	2	-0.61147	0.27408	0.27265	0.999995	276	0	-0.61147
HUS1	4	0.049905	0.14384	0.729881	208	3	-0.36563	0.52226	0.52134	0.999995	528	0	-0.36563
MED26	4	0.050129	0.14432	0.729881	209	3	-0.47352	0.81153	0.81372	0.999995	804	0	-0.47352
EIF4A3	4	0.050419	0.14505	0.729881	210	3	-0.74658	0.70679	0.70598	0.999995	707	0	-0.74658
HNRNPK	4	0.050578	0.14542	0.729881	211	3	-0.50038	0.30287	0.30109	0.999995	301	0	-0.50038
EFR3B	4	0.05106	0.14644	0.73093	212	4	-0.16866	0.94894	0.94913	0.999995	925	0	-0.16866
CLTA	4	0.051344	0.14701	0.73093	213	3	-0.27528	0.56196	0.56218	0.999995	563	0	-0.27528
XYLT2	4	0.051974	0.14863	0.735519	214	4	-0.19521	0.94803	0.9482	0.999995	924	0	-0.19521
ARID1A	4	0.053361	0.15219	0.746814	215	3	-0.26004	0.79972	0.80097	0.999995	791	0	-0.26004
SMARCA2	4	0.053419	0.15232	0.746814	216	4	-0.1509	0.94658	0.94654	0.999995	922	0	-0.1509
CRY2	4	0.054682	0.1554	0.752323	217	4	-0.22818	0.94532	0.94528	0.999995	921	0	-0.22818
SFPQ	4	0.054696	0.15545	0.752323	218	2	-0.1959	0.78262	0.78374	0.999995	774	0	-0.1959
SOS1	4	0.055215	0.15673	0.752323	219	4	-0.24828	0.94479	0.9447	0.999995	920	0	-0.24828
TIMM23	4	0.055536	0.15762	0.752323	220	4	-0.37428	0.94446	0.94438	0.999995	919	0	-0.37428
CCNT1	4	0.055703	0.15801	0.752323	221	3	-0.29746	0.4601	0.45955	0.999995	465	0	-0.29746
WASL	4	0.055843	0.15837	0.752323	222	3	-0.38185	0.73628	0.73588	0.999995	735	0	-0.38185
AP3M1	4	0.056183	0.15936	0.752323	223	4	-0.19147	0.94382	0.94367	0.999995	917	0	-0.19147
GALR3	4	0.056403	0.15991	0.752323	224	3	-0.29969	0.7897	0.79069	0.999995	780	0	-0.29969
MRPL55	4	0.056685	0.16068	0.752323	225	3	-0.21376	0.29496	0.29315	0.999995	292	0	-0.21376
BECN1	4	0.056946	0.16126	0.752323	226	4	-0.34822	0.94305	0.94281	0.999995	914	0	-0.34822
PDS5A	4	0.058941	0.16635	0.772646	227	4	-0.22232	0.94106	0.94085	0.999995	913	0	-0.22232
PSMA2	4	0.059425	0.16742	0.774168	228	3	-0.46026	0.2415	0.24096	0.999995	245	0	-0.46026
TOP1MT	4	0.059984	0.16876	0.774168	229	3	-0.24266	0.44938	0.44871	0.999995	453	0	-0.24266
TLN1	4	0.060276	0.1694	0.774168	230	4	-0.31339	0.93867	0.93843	0.999995	910	0	-0.31339
UTP14A	4	0.06039	0.16964	0.774168	231	3	-0.38069	0.18102	0.18121	0.999995	186	0	-0.38069
ARID4A	4	0.060644	0.17033	0.774168	232	4	-0.17397	0.93936	0.93922	0.999995	911	0	-0.17397
LDB1	8	0.061123	0.20998	0.898016	233	6	-0.22663	0.93063	0.93031	0.999995	902	0	-0.22663
VPS37A	4	0.061898	0.17315	0.77964	234	3	-0.32902	0.92861	0.92859	0.999995	899	0	-0.32902
ULK1	4	0.062149	0.17374	0.77964	235	4	-0.18046	0.93785	0.9377	0.999995	909	0	-0.18046
COPZ1	4	0.064557	0.17818	0.796152	236	3	-0.34763	0.18263	0.18304	0.999995	188	0	-0.34763
CTPS1	4	0.067831	0.18323	0.815313	237	3	-0.36865	0.46481	0.46445	0.999995	469	0	-0.36865
RBM22	4	0.070904	0.18851	0.835267	238	3	-0.31462	0.90258	0.90261	0.999995	875	0	-0.31462
MTA1	4	0.073643	0.19293	0.848671	239	3	-0.27366	0.93715	0.93698	0.999995	908	0	-0.27366
TPBGL	4	0.073769	0.19313	0.848671	240	3	-0.2464	0.79718	0.79859	0.999995	785	0	-0.2464
NAPA	4	0.074801	0.19465	0.851792	241	3	-0.69405	0.77443	0.77548	0.999995	768	0	-0.69405
BZW1	3	0.075825	0.17359	0.77964	242	3	-0.23897	0.92417	0.92363	0.999995	897	0	-0.23897
ILF3	4	0.078286	0.20032	0.873019	243	2	-0.34319	0.51411	0.51313	0.999995	517	0	-0.34319
LSM4	4	0.081972	0.20584	0.893382	244	3	-0.30317	0.91503	0.91502	0.999995	889	0	-0.30317
COX4I2	4	0.083381	0.2083	0.897066	245	3	-0.19847	0.60524	0.60458	0.999995	608	0	-0.19847
CFL1	4	0.083457	0.20838	0.897066	246	3	-0.44829	0.88273	0.88311	0.999995	854	0	-0.44829
COPG1	4	0.084626	0.2103	0.898016	247	3	-0.29608	0.66508	0.66427	0.999995	672	0	-0.29608
SIN3B	4	0.085881	0.21227	0.902799	248	3	-0.28261	0.90356	0.90358	0.999995	877	0	-0.28261
APH1A	4	0.087693	0.21535	0.912218	249	3	-0.35194	0.8072	0.80904	0.999995	801	0	-0.35194
FOXK2	4	0.091024	0.22087	0.928159	250	3	-0.2611	0.78529	0.7863	0.999995	776	0	-0.2611
PRG3	4	0.093448	0.22446	0.939557	251	3	-0.30351	0.47066	0.47009	0.999995	475	0	-0.30351
RPS15	2	0.094736	0.16107	0.752323	252	2	-0.59974	0.90526	0.9054	0.999995	878	0	-0.59974
IMPDH2	4	0.094777	0.22682	0.941972	253	3	-0.28441	0.78618	0.78706	0.999995	777	0	-0.28441
NSG2	4	0.09629	0.22947	0.949238	254	2	-0.12566	0.50863	0.50755	0.999995	512	0	-0.12566
RPL5	4	0.09708	0.23082	0.951131	255	3	-0.54833	0.56397	0.56421	0.999995	564	0	-0.54833
RBBP4	3	0.098056	0.21832	0.921127	256	2	-0.73287	0.55031	0.54876	0.999995	553	0	-0.73287
MED31	4	0.10031	0.23642	0.970431	257	3	-0.32261	0.82889	0.83077	0.999995	819	0	-0.32261
KPNA2	3	0.10227	0.22651	0.941972	258	2	-0.36957	0.42633	0.42477	0.999995	429	0	-0.36957
FXR2	4	0.10358	0.24148	0.987366	259	3	-0.18287	0.91067	0.91072	0.999995	883	0	-0.18287
DDX17	4	0.10499	0.24345	0.991603	260	3	-0.24716	0.69579	0.6951	0.999995	696	0	-0.24716
POU4F2	4	0.10659	0.24595	0.992218	261	3	-0.28814	0.8969	0.89711	0.999995	865	0	-0.28814
TCERG1	4	0.10763	0.2473	0.992218	262	3	-0.22872	0.79775	0.79915	0.999995	788	0	-0.22872
RPA3	4	0.10902	0.24959	0.995977	263	3	-0.60357	0.51083	0.5097	0.999995	514	0	-0.60357
FANCM	4	0.10969	0.25045	0.995977	264	3	-0.34641	0.79144	0.79259	0.999995	782	0	-0.34641
GJA8	4	0.11011	0.25111	0.995977	265	3	-0.24519	0.88235	0.88274	0.999995	853	0	-0.24519
GATAD2A	4	0.11116	0.25291	0.997037	266	2	-0.24956	0.70828	0.70746	0.999995	710	0	-0.24956
FOXB1	4	0.11135	0.25326	0.997037	267	3	-0.20917	0.14237	0.14281	0.999995	149	0	-0.20917
COQ10B	4	0.11261	0.25529	0.998593	268	3	-0.32016	0.93366	0.93371	0.999995	903	0	-0.32016
IRF8	4	0.11282	0.25554	0.998593	269	3	-0.20533	0.0088883	0.01114	0.999995	11	1	-0.20533
PFAS	4	0.11362	0.25679	0.9998	270	2	-0.21716	0.54295	0.5419	0.999995	546	0	-0.21716
IPO7	3	0.11371	0.24735	0.992218	271	2	-0.5064	0.76122	0.76182	0.999995	756	0	-0.5064
NCOR2	4	0.11558	0.25981	0.999995	272	3	-0.23009	0.31284	0.31125	0.999995	311	0	-0.23009
CYFIP2	4	0.11579	0.2602	0.999995	273	3	-0.21119	0.34349	0.34231	0.999995	341	0	-0.21119
LARP1	4	0.11643	0.26112	0.999995	274	3	-0.28505	0.91082	0.91091	0.999995	884	0	-0.28505
NCKAP1	4	0.11858	0.26458	0.999995	275	3	-0.25792	0.80528	0.80689	0.999995	799	0	-0.25792
MYH7	4	0.12076	0.26804	0.999995	276	3	-0.21833	0.90772	0.90781	0.999995	881	0	-0.21833
USP5	4	0.1224	0.27098	0.999995	277	2	-0.18795	0.67287	0.67197	0.999995	677	0	-0.18795
RRM2B	8	0.12347	0.34927	0.999995	278	6	-0.14725	0.64885	0.64805	0.999995	654	0	-0.14725
LARP1B	4	0.12517	0.27519	0.999995	279	3	-0.25219	0.41688	0.41549	0.999995	419	0	-0.25219
JUP	4	0.12527	0.27531	0.999995	280	2	-0.12658	0.23997	0.23938	0.999995	244	0	-0.12658
NSG1	4	0.12651	0.2769	0.999995	281	3	-0.14264	0.87718	0.87791	0.999995	851	0	-0.14264
BZW2	4	0.12687	0.27739	0.999995	282	3	-0.25928	0.73903	0.73871	0.999995	737	0	-0.25928
BTBD11	4	0.12786	0.27909	0.999995	283	3	-0.17561	0.77505	0.77599	0.999995	769	0	-0.17561
EPHA2	4	0.12854	0.28015	0.999995	284	3	-0.15692	0.36779	0.36665	0.999995	366	0	-0.15692
ACTL6B	4	0.12922	0.28126	0.999995	285	3	-0.18627	0.91867	0.91852	0.999995	891	0	-0.18627
TMEM9B	4	0.13059	0.28305	0.999995	286	3	-0.19186	0.14487	0.14478	0.999995	152	0	-0.19186
BICD1	4	0.13173	0.28478	0.999995	287	2	-0.26676	0.83187	0.83389	0.999995	820	0	-0.26676
MMD2	4	0.13288	0.28645	0.999995	288	3	-0.26804	0.50476	0.50363	0.999995	507	0	-0.26804
APOBEC3C	4	0.13334	0.28712	0.999995	289	3	-0.21346	0.93041	0.93056	0.999995	901	0	-0.21346
DUSP10	4	0.13357	0.28744	0.999995	290	3	-0.14858	0.759	0.75919	0.999995	754	0	-0.14858
MMD	4	0.1338	0.28781	0.999995	291	3	-0.33043	0.6448	0.64422	0.999995	648	0	-0.33043
ADSSL1	4	0.13543	0.29022	0.999995	292	3	-0.22689	0.86632	0.86708	0.999995	843	0	-0.22689
KIF20A	8	0.13658	0.37646	0.999995	293	4	-0.1817	0.70978	0.70879	0.999995	712	0	-0.1817
L3MBTL2	4	0.13966	0.29627	0.999995	294	3	-0.2441	0.91679	0.91669	0.999995	890	0	-0.2441
PFN1	4	0.14196	0.29987	0.999995	295	2	-0.27896	0.63211	0.63127	0.999995	636	0	-0.27896
DDX5	4	0.14419	0.3032	0.999995	296	3	-0.31127	0.62631	0.62553	0.999995	629	0	-0.31127
ABCA3	4	0.1454	0.30491	0.999995	297	3	-0.15469	0.35708	0.35558	0.999995	352	0	-0.15469
LRFN1	4	0.14565	0.30533	0.999995	298	2	-0.16073	0.6281	0.62734	0.999995	631	0	-0.16073
RING1	4	0.14686	0.30705	0.999995	299	3	-0.23853	0.054696	0.055044	0.999995	56	1	-0.23853
UCHL5	4	0.14869	0.30971	0.999995	300	2	-0.18516	0.38231	0.38125	0.999995	381	0	-0.18516
JAG2	4	0.15078	0.31275	0.999995	301	3	-0.22683	0.29061	0.28896	0.999995	287	0	-0.22683
CD72	4	0.15152	0.31383	0.999995	302	3	-0.18988	0.11956	0.1196	0.999995	122	0	-0.18988
TMEM120A	4	0.15626	0.32058	0.999995	303	3	-0.21895	0.18666	0.18704	0.999995	193	0	-0.21895
KIAA0319	4	0.15752	0.32217	0.999995	304	3	-0.20761	0.24758	0.2469	0.999995	251	0	-0.20761
PPP3R2	4	0.15777	0.32253	0.999995	305	3	-0.22609	0.34006	0.33886	0.999995	337	0	-0.22609
SEC23A	4	0.15904	0.32422	0.999995	306	3	-0.25535	0.91097	0.91113	0.999995	885	0	-0.25535
PDGFC	4	0.15955	0.32498	0.999995	307	3	-0.17628	0.54711	0.54626	0.999995	549	0	-0.17628
CASP4	4	0.16159	0.32824	0.999995	308	3	-0.17955	0.30358	0.30173	0.999995	302	0	-0.17955
TBP	4	0.16883	0.33916	0.999995	309	3	-0.26943	0.81711	0.81941	0.999995	811	0	-0.26943
NMT2	4	0.16884	0.33924	0.999995	310	3	-0.20872	0.72039	0.71975	0.999995	723	0	-0.20872
MED13	4	0.16984	0.34085	0.999995	311	3	-0.33909	0.69076	0.68998	0.999995	690	0	-0.33909
SPAG9	4	0.17227	0.34438	0.999995	312	3	-0.21723	0.48906	0.488	0.999995	492	0	-0.21723
CCNL2	4	0.17333	0.34608	0.999995	313	3	-0.15642	0.89758	0.89785	0.999995	867	0	-0.15642
RPL31	2	0.17532	0.28237	0.999995	314	2	-0.6047	0.76388	0.76361	0.999995	757	0	-0.6047
UTP14C	4	0.17552	0.34924	0.999995	315	2	-0.19813	0.65674	0.65603	0.999995	661	0	-0.19813
SNRPB2	3	0.1774	0.3235	0.999995	316	2	-0.34298	0.43215	0.43058	0.999995	436	0	-0.34298
PSEN1	4	0.18004	0.35612	0.999995	317	3	-0.19057	0.65294	0.65239	0.999995	657	0	-0.19057
SNX2	4	0.18091	0.35727	0.999995	318	3	-0.1892	0.21913	0.21859	0.999995	224	0	-0.1892
CAP1	4	0.1814	0.35801	0.999995	319	3	-0.37997	0.86275	0.86387	0.999995	840	0	-0.37997
FUT5	4	0.18194	0.35891	0.999995	320	3	-0.20623	0.40488	0.40336	0.999995	407	0	-0.20623
EAF1	4	0.18385	0.36169	0.999995	321	3	-0.27402	0.85955	0.86078	0.999995	837	0	-0.27402
ANAPC4	4	0.18523	0.3637	0.999995	322	3	-0.23889	0.8205	0.82264	0.999995	812	0	-0.23889
GXYLT1	4	0.18853	0.36816	0.999995	323	2	-0.13989	0.38427	0.38318	0.999995	384	0	-0.13989
CHUK	8	0.19046	0.4559	0.999995	324	3	-0.13721	0.66577	0.66505	0.999995	674	0	-0.13721
CAP2	4	0.19049	0.37096	0.999995	325	3	-0.22626	0.58036	0.58037	0.999995	585	0	-0.22626
SLC22A8	4	0.19273	0.37398	0.999995	326	3	-0.22209	0.84432	0.84639	0.999995	828	0	-0.22209
TUBB2A	4	0.19329	0.37481	0.999995	327	2	-0.20385	0.59628	0.59608	0.999995	599	0	-0.20385
ASCL1	4	0.19357	0.37518	0.999995	328	3	-0.16636	0.18586	0.18635	0.999995	192	0	-0.16636
MYBL2	4	0.1947	0.3767	0.999995	329	3	-0.22072	0.92397	0.92398	0.999995	896	0	-0.22072
TUBB2B	2	0.19581	0.31127	0.999995	330	2	-0.15245	0.80419	0.80345	0.999995	797	0	-0.15245
CEACAM1	4	0.19668	0.37953	0.999995	331	3	-0.18823	0.90027	0.90054	0.999995	871	0	-0.18823
PTPN6	4	0.19867	0.38234	0.999995	332	3	-0.1515	0.57446	0.57465	0.999995	577	0	-0.1515
LIM2	4	0.20182	0.38635	0.999995	333	3	-0.14212	0.59342	0.5933	0.999995	595	0	-0.14212
CDK5R1	4	0.20291	0.38788	0.999995	334	2	-0.19404	0.049285	0.050183	0.999995	51	1	-0.19404
PDX1	4	0.20328	0.38856	0.999995	335	3	-0.21233	0.86694	0.86769	0.999995	844	0	-0.21233
YBX3	4	0.20412	0.38993	0.999995	336	3	-0.17786	0.56649	0.56662	0.999995	568	0	-0.17786
LSM14B	4	0.20615	0.39287	0.999995	337	3	-0.18032	0.4256	0.42466	0.999995	427	0	-0.18032
EEFSEC	4	0.20736	0.39439	0.999995	338	2	-0.074083	0.3537	0.35242	0.999995	347	0	-0.074083
IQCA1	4	0.20877	0.39636	0.999995	339	3	-0.20054	0.44456	0.44396	0.999995	447	0	-0.20054
TAF1	4	0.20894	0.3965	0.999995	340	2	-0.076406	0.082288	0.082326	0.999995	85	1	-0.076406
DGAT1	4	0.20965	0.39737	0.999995	341	3	-0.16731	0.23767	0.23707	0.999995	243	0	-0.16731
NUTF2	4	0.21023	0.39833	0.999995	342	3	-0.29827	0.86818	0.86888	0.999995	847	0	-0.29827
ACACB	4	0.21111	0.39969	0.999995	343	3	-0.16645	0.12636	0.12674	0.999995	130	0	-0.16645
STRIP1	4	0.21227	0.40141	0.999995	344	2	-0.21089	0.91265	0.91281	0.999995	887	0	-0.21089
ZMIZ1	4	0.2153	0.40551	0.999995	345	2	-0.13799	0.65842	0.65773	0.999995	664	0	-0.13799
PRDM16	4	0.21567	0.40593	0.999995	346	2	-0.1591	0.71383	0.71319	0.999995	717	0	-0.1591
ZNF34	4	0.21795	0.40916	0.999995	347	2	-0.15483	0.50087	0.49964	0.999995	502	0	-0.15483
TBC1D9	4	0.22213	0.41493	0.999995	348	3	-0.18299	0.76412	0.76467	0.999995	758	0	-0.18299
CABP5	4	0.22243	0.41542	0.999995	349	3	-0.23248	0.69771	0.69706	0.999995	698	0	-0.23248
PEF1	4	0.22273	0.41573	0.999995	350	3	-0.21072	0.93016	0.93027	0.999995	900	0	-0.21072
HMG20B	4	0.22454	0.41806	0.999995	351	3	-0.168	0.50642	0.5053	0.999995	508	0	-0.168
GLIS3	4	0.22457	0.41813	0.999995	352	1	-0.074164	0.09716	0.097051	0.999995	100	0	-0.074164
CRY1	4	0.22515	0.41888	0.999995	353	3	-0.24141	0.46069	0.4601	0.999995	466	0	-0.24141
COQ10A	4	0.22672	0.42132	0.999995	354	3	-0.18747	0.80445	0.80605	0.999995	798	0	-0.18747
FLOT2	4	0.23002	0.42575	0.999995	355	3	-0.163	0.012613	0.014926	0.999995	14	1	-0.163
TPST2	4	0.23249	0.42916	0.999995	356	2	-0.14304	0.22302	0.22257	0.999995	229	0	-0.14304
PTF1A	4	0.23372	0.43094	0.999995	357	3	-0.21079	0.70791	0.70701	0.999995	709	0	-0.21079
MTMR4	4	0.23402	0.43138	0.999995	358	3	-0.197	0.71566	0.71506	0.999995	718	0	-0.197
NET1	4	0.23481	0.43243	0.999995	359	2	-0.21181	0.036568	0.037711	0.999995	38	1	-0.21181
RAP1GAP	4	0.23837	0.43699	0.999995	360	3	-0.22272	0.69962	0.69915	0.999995	701	0	-0.22272
DDX39B	4	0.23868	0.43732	0.999995	361	3	-0.18849	0.69885	0.69821	0.999995	699	0	-0.18849
TANC1	4	0.24244	0.44245	0.999995	362	3	-0.24381	0.58572	0.58569	0.999995	588	0	-0.24381
HMGCLL1	4	0.24401	0.44452	0.999995	363	3	-0.15146	0.86105	0.86219	0.999995	839	0	-0.15146
RPL6	1	0.24677	0.24725	0.992218	364	1	-0.27506	0.75323	0.7548	0.999995	747	0	-0.27506
RNF113B	4	0.24844	0.45036	0.999995	365	3	-0.15651	0.68131	0.68041	0.999995	683	0	-0.15651
FKBP4	4	0.25131	0.45434	0.999995	366	3	-0.16847	0.83866	0.84054	0.999995	824	0	-0.16847
IPO5	4	0.25235	0.45563	0.999995	367	3	-0.24282	0.48279	0.48194	0.999995	484	0	-0.24282
BICD2	4	0.25313	0.45669	0.999995	368	3	-0.18969	0.69924	0.69873	0.999995	700	0	-0.18969
ALDOC	4	0.25323	0.45682	0.999995	369	3	-0.16163	0.89274	0.89307	0.999995	861	0	-0.16163
ASF1A	4	0.25514	0.45951	0.999995	370	2	-0.19847	0.11357	0.11381	0.999995	115	0	-0.19847
MORF4L2	4	0.25548	0.46005	0.999995	371	3	-0.18656	0.8915	0.89176	0.999995	858	0	-0.18656
CADPS	4	0.25807	0.4633	0.999995	372	3	-0.18473	0.56899	0.56945	0.999995	572	0	-0.18473
PHLDA2	4	0.25871	0.46417	0.999995	373	3	-0.13741	0.89362	0.89401	0.999995	863	0	-0.13741
E2F4	4	0.25984	0.46552	0.999995	374	2	-0.19309	0.72254	0.72199	0.999995	725	0	-0.19309
GPSM1	4	0.26034	0.46618	0.999995	375	3	-0.18595	0.89483	0.89509	0.999995	864	0	-0.18595
MTMR3	4	0.26131	0.46766	0.999995	376	3	-0.17813	0.41311	0.41179	0.999995	415	0	-0.17813
FANCF	4	0.26196	0.46852	0.999995	377	3	-0.21189	0.90193	0.90204	0.999995	873	0	-0.21189
GRIP1	4	0.26229	0.46893	0.999995	378	3	-0.17505	0.89239	0.89268	0.999995	860	0	-0.17505
CALY	4	0.26261	0.46927	0.999995	379	3	-0.15347	0.9339	0.93397	0.999995	905	0	-0.15347
MT2A	4	0.26392	0.47086	0.999995	380	3	-0.12653	0.69463	0.69389	0.999995	693	0	-0.12653
RPL15	2	0.26844	0.39319	0.999995	381	1	-0.24661	0.31465	0.31348	0.999995	313	0	-0.24661
AKAP11	4	0.26885	0.47708	0.999995	382	3	-0.15744	0.81367	0.81594	0.999995	808	0	-0.15744
HMGCS2	4	0.26897	0.47722	0.999995	383	2	-0.17636	0.37772	0.37643	0.999995	377	0	-0.17636
BTG1	4	0.26951	0.47801	0.999995	384	3	-0.14285	0.65421	0.65352	0.999995	658	0	-0.14285
H1FOO	4	0.27008	0.47866	0.999995	385	1	-0.066739	0.60101	0.60056	0.999995	605	0	-0.066739
SPTAN1	4	0.27149	0.48037	0.999995	386	3	-0.24728	0.78648	0.78736	0.999995	778	0	-0.24728
SLCO2B1	4	0.27216	0.48114	0.999995	387	2	-0.16714	0.50918	0.50813	0.999995	513	0	-0.16714
ZAP70	4	0.27304	0.48221	0.999995	388	2	-0.14004	0.6954	0.6947	0.999995	695	0	-0.14004
PUM2	4	0.27481	0.48462	0.999995	389	3	-0.19459	0.078762	0.07896	0.999995	81	1	-0.19459
PDGFD	4	0.27514	0.48508	0.999995	390	3	-0.12311	0.092805	0.09261	0.999995	94	0	-0.12311
TAP1	4	0.27535	0.48529	0.999995	391	2	-0.13127	0.69502	0.69421	0.999995	694	0	-0.13127
MTX1	3	0.27637	0.42654	0.999995	392	2	-0.16231	0.30159	0.30007	0.999995	299	0	-0.16231
STAM	4	0.27976	0.49058	0.999995	393	2	-0.17498	0.48336	0.48244	0.999995	486	0	-0.17498
PAX4	4	0.27982	0.4907	0.999995	394	3	-0.19875	0.26413	0.26297	0.999995	264	0	-0.19875
TMEM120B	4	0.28083	0.49203	0.999995	395	3	-0.12642	0.77228	0.77315	0.999995	766	0	-0.12642
ABCC3	4	0.28252	0.49393	0.999995	396	3	-0.17845	0.10669	0.10729	0.999995	110	0	-0.17845
CLASP1	4	0.28257	0.494	0.999995	397	2	-0.20451	0.5163	0.5152	0.999995	521	0	-0.20451
LATS2	4	0.28285	0.49434	0.999995	398	3	-0.15481	0.79944	0.80068	0.999995	790	0	-0.15481
CCNE2	4	0.28387	0.49574	0.999995	399	3	-0.17534	0.9074	0.90736	0.999995	880	0	-0.17534
HUS1B	4	0.28499	0.49732	0.999995	400	2	-0.16834	0.60054	0.60009	0.999995	604	0	-0.16834
COPS7B	4	0.28522	0.49763	0.999995	401	3	-0.19528	0.90819	0.90835	0.999995	882	0	-0.19528
POLD1	4	0.287	0.49977	0.999995	402	2	-0.13431	0.38687	0.38546	0.999995	387	0	-0.13431
TOB2	4	0.28843	0.50161	0.999995	403	2	-0.15502	0.62496	0.62421	0.999995	628	0	-0.15502
CHSY3	4	0.28861	0.50179	0.999995	404	2	-0.1856	0.85276	0.85429	0.999995	835	0	-0.1856
RPS7	1	0.28996	0.29062	0.999995	405	1	-0.29513	0.71004	0.71084	0.999995	713	0	-0.29513
SLITRK1	4	0.29032	0.50397	0.999995	406	3	-0.21237	0.52549	0.52484	0.999995	530	0	-0.21237
UNC119B	4	0.29265	0.50683	0.999995	407	2	-0.11464	0.42931	0.42833	0.999995	432	0	-0.11464
KLF5	4	0.29427	0.50911	0.999995	408	2	-0.18969	0.31638	0.31472	0.999995	314	0	-0.18969
AKIRIN1	4	0.29442	0.50929	0.999995	409	3	-0.25824	0.82839	0.83036	0.999995	817	0	-0.25824
ALAS1	8	0.30227	0.59919	0.999995	410	4	-0.19604	0.79253	0.7919	0.999995	784	0	-0.19604
SLC11A2	4	0.30306	0.5204	0.999995	411	3	-0.20574	0.91219	0.91227	0.999995	886	0	-0.20574
NHLRC1	4	0.3041	0.52177	0.999995	412	3	-0.12234	0.78795	0.78881	0.999995	779	0	-0.12234
SLC25A24	4	0.30523	0.52325	0.999995	413	2	-0.20534	0.81553	0.81778	0.999995	809	0	-0.20534
NRBP2	4	0.30549	0.52361	0.999995	414	3	-0.22729	0.68488	0.68395	0.999995	687	0	-0.22729
KIT	8	0.30552	0.60296	0.999995	415	5	-0.10526	0.42119	0.42069	0.999995	421	0	-0.10526
GNB3	4	0.30584	0.52405	0.999995	416	3	-0.15806	0.15898	0.15879	0.999995	165	0	-0.15806
RRAGD	4	0.30619	0.52455	0.999995	417	3	-0.13678	0.88292	0.88335	0.999995	855	0	-0.13678
PRKAB2	4	0.30646	0.52488	0.999995	418	2	-0.161	0.59676	0.59657	0.999995	600	0	-0.161
CTSZ	4	0.30759	0.52626	0.999995	419	3	-0.14212	0.70754	0.70667	0.999995	708	0	-0.14212
DEGS2	4	0.30829	0.52724	0.999995	420	3	-0.15211	0.90209	0.90218	0.999995	874	0	-0.15211
RPL21	2	0.30842	0.41629	0.999995	421	1	-0.14594	0.093683	0.093966	0.999995	96	0	-0.14594
TOMM20L	4	0.30858	0.52762	0.999995	422	2	-0.12106	0.39722	0.39558	0.999995	401	0	-0.12106
HASPIN	4	0.3089	0.52796	0.999995	423	2	-0.23465	0.3	0.29798	0.999995	296	0	-0.23465
ARHGEF7	4	0.30972	0.52894	0.999995	424	2	-0.18067	0.67971	0.67878	0.999995	682	0	-0.18067
HOXB1	4	0.31176	0.53142	0.999995	425	2	-0.23005	0.089309	0.089235	0.999995	90	0	-0.23005
SPOP	4	0.31213	0.53182	0.999995	426	2	-0.18056	0.52495	0.52422	0.999995	529	0	-0.18056
PIP4P1	4	0.31299	0.53256	0.999995	427	2	-0.15449	0.75115	0.75122	0.999995	744	0	-0.15449
GOLPH3L	4	0.31421	0.53357	0.999995	428	2	-0.21548	0.14738	0.14742	0.999995	154	0	-0.21548
ADM	4	0.31462	0.53382	0.999995	429	2	-0.15912	0.42622	0.42518	0.999995	428	0	-0.15912
MYL7	4	0.3206	0.53808	0.999995	430	2	-0.13667	0.32341	0.32188	0.999995	322	0	-0.13667
PCGF1	4	0.32118	0.5385	0.999995	431	2	-0.06529	0.27378	0.27248	0.999995	275	0	-0.06529
ADSS	3	0.32244	0.47337	0.999995	432	1	0.046342	0.24643	0.24553	0.999995	250	0	0.046342
GCM2	4	0.32323	0.54003	0.999995	433	2	-0.21143	0.79202	0.79316	0.999995	783	0	-0.21143
DHX29	3	0.32888	0.48001	0.999995	434	2	-0.24455	0.77137	0.77222	0.999995	764	0	-0.24455
ESRP2	4	0.32939	0.54473	0.999995	435	2	-0.14527	0.80196	0.80313	0.999995	793	0	-0.14527
MYD88	4	0.33104	0.54592	0.999995	436	2	-0.096424	0.46833	0.46787	0.999995	473	0	-0.096424
MANF	4	0.33454	0.54875	0.999995	437	2	-0.25501	0.62899	0.62835	0.999995	633	0	-0.25501
RPL17	3	0.33589	0.48725	0.999995	438	2	-0.20953	0.26666	0.26544	0.999995	267	0	-0.20953
AP1G1	4	0.33805	0.55128	0.999995	439	2	-0.17095	0.19945	0.19934	0.999995	203	0	-0.17095
TMEM30A	4	0.34011	0.55261	0.999995	440	2	-0.17688	0.77289	0.77391	0.999995	767	0	-0.17688
MYBPHL	4	0.34212	0.55408	0.999995	441	2	-0.22171	0.30787	0.30601	0.999995	308	0	-0.22171
SATB2	4	0.343	0.55477	0.999995	442	2	-0.14425	0.29568	0.29382	0.999995	293	0	-0.14425
CELA2A	4	0.34549	0.55663	0.999995	443	2	-0.20163	0.5201	0.51905	0.999995	525	0	-0.20163
PTPN11	4	0.34631	0.55716	0.999995	444	2	-0.2756	0.86715	0.86781	0.999995	845	0	-0.2756
EPS15L1	4	0.34921	0.55929	0.999995	445	2	-0.15262	0.6209	0.61983	0.999995	625	0	-0.15262
EPS15	4	0.35087	0.56043	0.999995	446	2	-0.13449	0.45535	0.45481	0.999995	459	0	-0.13449
GABPB2	4	0.35167	0.56094	0.999995	447	1	-0.11473	0.82764	0.82971	0.999995	816	0	-0.11473
ZNF804B	4	0.3517	0.56097	0.999995	448	2	-0.11921	0.45654	0.45592	0.999995	461	0	-0.11921
TOP2B	4	0.35211	0.56121	0.999995	449	2	-0.1588	0.26487	0.26383	0.999995	265	0	-0.1588
AXL	4	0.35294	0.56183	0.999995	450	2	-0.19349	0.74783	0.74752	0.999995	741	0	-0.19349
ABCG2	4	0.35302	0.56195	0.999995	451	1	0.00039845	0.024646	0.026117	0.999995	26	1	0.00039845
PMM2	4	0.35792	0.56532	0.999995	452	2	-0.16197	0.83334	0.83525	0.999995	821	0	-0.16197
MORF4L1	3	0.36079	0.51249	0.999995	453	1	-0.15759	0.1359	0.13637	0.999995	141	0	-0.15759
EZH1	4	0.36165	0.56812	0.999995	454	2	-0.14177	0.6601	0.65935	0.999995	666	0	-0.14177
SERPINA11	4	0.36331	0.56943	0.999995	455	2	-0.14039	0.53189	0.53111	0.999995	535	0	-0.14039
RBPJL	4	0.36414	0.57004	0.999995	456	2	-0.17542	0.1365	0.13693	0.999995	142	0	-0.17542
PAPSS1	4	0.36539	0.57115	0.999995	457	2	-0.12464	0.44577	0.44521	0.999995	450	0	-0.12464
SAMD9	4	0.36846	0.57332	0.999995	458	1	-0.030659	0.17535	0.17548	0.999995	181	0	-0.030659
COPG2	4	0.36912	0.57386	0.999995	459	2	-0.23185	0.4225	0.4215	0.999995	424	0	-0.23185
RANBP9	4	0.37163	0.57561	0.999995	460	2	-0.13303	0.54086	0.54004	0.999995	544	0	-0.13303
RCBTB1	4	0.37574	0.57836	0.999995	461	1	-0.069929	0.57495	0.5751	0.999995	579	0	-0.069929
IFIH1	4	0.37621	0.57869	0.999995	462	2	-0.13414	0.53771	0.5368	0.999995	541	0	-0.13414
BRSK2	4	0.38121	0.58226	0.999995	463	2	-0.15063	0.81207	0.81418	0.999995	806	0	-0.15063
TCF3	4	0.38162	0.58262	0.999995	464	2	-0.12434	0.66756	0.66672	0.999995	675	0	-0.12434
ZNF418	4	0.38329	0.58381	0.999995	465	2	-0.10078	0.028326	0.02967	0.999995	29	1	-0.10078
SLC32A1	4	0.38947	0.58792	0.999995	466	2	-0.22073	0.38882	0.38714	0.999995	390	0	-0.22073
CLTCL1	4	0.38996	0.58825	0.999995	467	2	-0.20132	0.61174	0.61084	0.999995	617	0	-0.20132
GRHL3	4	0.39077	0.58877	0.999995	468	1	-0.13479	0.88103	0.88149	0.999995	852	0	-0.13479
RALGPS2	4	0.39454	0.5918	0.999995	469	2	-0.13484	0.48508	0.4841	0.999995	489	0	-0.13484
ZEB1	4	0.39621	0.59293	0.999995	470	2	-0.11916	0.36513	0.36388	0.999995	362	0	-0.11916
RAMP2	4	0.39955	0.59531	0.999995	471	2	-0.10274	0.13313	0.13349	0.999995	137	0	-0.10274
RBBP7	4	0.4008	0.59618	0.999995	472	2	-0.18643	0.75738	0.75744	0.999995	750	0	-0.18643
RNF44	4	0.40234	0.5972	0.999995	473	2	-0.097276	0.30144	0.29947	0.999995	298	0	-0.097276
FBLN1	4	0.40289	0.59756	0.999995	474	2	-0.18293	0.83771	0.83941	0.999995	823	0	-0.18293
PAPSS2	4	0.40414	0.59855	0.999995	475	2	-0.13261	0.25212	0.25108	0.999995	256	0	-0.13261
MPC1	4	0.40623	0.60035	0.999995	476	2	-0.30388	0.75964	0.75982	0.999995	755	0	-0.30388
SOAT1	4	0.40679	0.60066	0.999995	477	1	-0.098866	0.50697	0.50586	0.999995	509	0	-0.098866
GABPB1	4	0.40996	0.60269	0.999995	478	2	-0.17104	0.13734	0.13764	0.999995	143	0	-0.17104
CLDN4	4	0.41207	0.60438	0.999995	479	2	-0.13107	0.061876	0.062066	0.999995	64	1	-0.13107
SKA1	4	0.41248	0.60475	0.999995	480	2	-0.21894	0.36312	0.36156	0.999995	360	0	-0.21894
CCDC69	4	0.41499	0.60662	0.999995	481	2	-0.10882	0.013543	0.015889	0.999995	15	1	-0.10882
STRADA	4	0.4154	0.60686	0.999995	482	2	-0.14734	0.80279	0.80398	0.999995	794	0	-0.14734
CDK17	4	0.41749	0.6085	0.999995	483	2	-0.20252	0.51684	0.51562	0.999995	522	0	-0.20252
CNOT7	4	0.41958	0.61032	0.999995	484	2	-0.16172	0.07168	0.071929	0.999995	73	1	-0.16172
HEATR5A	4	0.42583	0.61523	0.999995	485	2	-0.14223	0.34212	0.34084	0.999995	339	0	-0.14223
NLRP8	4	0.42666	0.61578	0.999995	486	2	-0.18839	0.70114	0.70063	0.999995	704	0	-0.18839
S1PR4	4	0.42791	0.6167	0.999995	487	2	-0.091536	0.4695	0.46892	0.999995	474	0	-0.091536
RECK	4	0.42833	0.61694	0.999995	488	2	-0.18404	0.80335	0.80454	0.999995	795	0	-0.18404
TUBB4B	8	0.43059	0.71973	0.999995	489	4	-0.12368	0.81293	0.81229	0.999995	807	0	-0.12368
TANK	4	0.43125	0.6192	0.999995	490	2	-0.15524	0.42684	0.42577	0.999995	430	0	-0.15524
ZMAT2	4	0.43483	0.62199	0.999995	491	1	-0.048311	0.57987	0.57989	0.999995	584	0	-0.048311
EPC1	4	0.44041	0.626	0.999995	492	2	-0.17817	0.2113	0.21077	0.999995	214	0	-0.17817
PSMB8	4	0.44582	0.63008	0.999995	493	2	-0.11196	0.20499	0.20465	0.999995	209	0	-0.11196
PTCH1	4	0.44818	0.63179	0.999995	494	1	-0.11659	0.52602	0.52531	0.999995	531	0	-0.11659
NDEL1	4	0.45081	0.63366	0.999995	495	2	-0.14218	0.088434	0.088347	0.999995	89	0	-0.14218
ZWILCH	4	0.45117	0.63391	0.999995	496	2	-0.086078	0.20183	0.20153	0.999995	206	0	-0.086078
ABL2	4	0.45164	0.63428	0.999995	497	2	-0.16019	0.29351	0.29168	0.999995	290	0	-0.16019
CAVIN1	4	0.45413	0.63628	0.999995	498	2	-0.18302	0.26785	0.26661	0.999995	269	0	-0.18302
CYP26C1	4	0.45476	0.63682	0.999995	499	1	-0.071328	0.24834	0.24763	0.999995	252	0	-0.071328
KHSRP	4	0.45538	0.63726	0.999995	500	2	-0.20748	0.59723	0.59698	0.999995	601	0	-0.20748
SPATA21	4	0.45746	0.6388	0.999995	501	2	-0.1111	0.5287	0.5278	0.999995	533	0	-0.1111
TOB1	4	0.4587	0.63968	0.999995	502	2	-0.17679	0.27599	0.27456	0.999995	277	0	-0.17679
PXDN	4	0.46036	0.64089	0.999995	503	2	-0.13016	0.61999	0.61898	0.999995	623	0	-0.13016
APH1B	4	0.46119	0.64154	0.999995	504	2	-0.14389	0.46716	0.46677	0.999995	472	0	-0.14389
ERO1B	4	0.46128	0.6416	0.999995	505	2	-0.12823	0.37178	0.37061	0.999995	372	0	-0.12823
DENND5A	4	0.46492	0.64435	0.999995	506	2	-0.17443	0.51793	0.51675	0.999995	523	0	-0.17443
VRTN	4	0.46599	0.64515	0.999995	507	2	-0.18218	0.17372	0.17405	0.999995	180	0	-0.18218
FZD8	4	0.46616	0.64524	0.999995	508	2	-0.071369	0.55484	0.55437	0.999995	557	0	-0.071369
FOXE3	4	0.46833	0.64686	0.999995	509	1	-0.12449	0.60617	0.60544	0.999995	609	0	-0.12449
FLT1	4	0.46891	0.64727	0.999995	510	2	-0.11868	0.84479	0.84686	0.999995	829	0	-0.11868
DDI2	4	0.47066	0.64853	0.999995	511	1	-0.081088	0.0098205	0.012093	0.999995	12	1	-0.081088
ELL2	4	0.47279	0.64995	0.999995	512	2	-0.16566	0.71346	0.71278	0.999995	716	0	-0.16566
KIAA0319L	4	0.47299	0.65013	0.999995	513	1	-0.078558	0.12381	0.12434	0.999995	127	0	-0.078558
CDK19	8	0.4752	0.75146	0.999995	514	4	-0.16191	0.48323	0.48142	0.999995	485	0	-0.16191
SNTA1	4	0.47692	0.65291	0.999995	515	2	-0.078062	0.5356	0.5348	0.999995	538	0	-0.078062
TLN2	4	0.47774	0.65355	0.999995	516	2	-0.098412	0.11699	0.11692	0.999995	118	0	-0.098412
RNF10	4	0.47877	0.65431	0.999995	517	2	-0.12743	0.64523	0.64475	0.999995	649	0	-0.12743
IDH3G	4	0.47898	0.65448	0.999995	518	2	-0.114	0.44516	0.44455	0.999995	448	0	-0.114
ARHGEF3	4	0.48146	0.65636	0.999995	519	2	-0.15406	0.30215	0.30023	0.999995	300	0	-0.15406
BARHL1	4	0.4827	0.6573	0.999995	520	2	-0.14556	0.65251	0.65187	0.999995	656	0	-0.14556
ALG14	4	0.48279	0.65737	0.999995	521	2	-0.14443	0.094549	0.0942	0.999995	97	0	-0.14443
CNOT6	4	0.48393	0.6584	0.999995	522	2	-0.10856	0.12721	0.12757	0.999995	131	0	-0.10856
SYK	4	0.48394	0.6584	0.999995	523	2	-0.066999	0.34827	0.34712	0.999995	343	0	-0.066999
MOGAT2	4	0.48435	0.65862	0.999995	524	2	-0.13942	0.53136	0.53054	0.999995	534	0	-0.13942
RNF130	4	0.48476	0.65894	0.999995	525	2	-0.14802	0.6655	0.66461	0.999995	673	0	-0.14802
MAT1A	4	0.48558	0.65941	0.999995	526	2	-0.15883	0.76791	0.76874	0.999995	762	0	-0.15883
CSTF2	4	0.48963	0.66233	0.999995	527	2	-0.17552	0.47357	0.47275	0.999995	476	0	-0.17552
FLOT1	4	0.49189	0.66398	0.999995	528	1	-0.079381	0.079645	0.079727	0.999995	82	1	-0.079381
ATP6V1E2	4	0.49258	0.66464	0.999995	529	2	-0.14193	0.28406	0.28251	0.999995	282	0	-0.14193
PLEK2	4	0.49299	0.66493	0.999995	530	2	-0.18823	0.54243	0.54136	0.999995	545	0	-0.18823
TOMM20	3	0.49397	0.64711	0.999995	531	1	-0.019664	0.25688	0.25599	0.999995	260	0	-0.019664
FOXA1	4	0.49504	0.6664	0.999995	532	2	-0.12538	0.052895	0.053315	0.999995	55	1	-0.12538
HACD1	4	0.49545	0.66675	0.999995	533	2	-0.12783	0.32899	0.32755	0.999995	327	0	-0.12783
AP2A1	4	0.49627	0.66733	0.999995	534	2	-0.14967	0.53296	0.53214	0.999995	536	0	-0.14967
FLNC	4	0.4964	0.6674	0.999995	535	1	-0.087396	0.80028	0.8014	0.999995	792	0	-0.087396
ARFIP2	4	0.49791	0.66868	0.999995	536	2	-0.14954	0.16063	0.16051	0.999995	167	0	-0.14954
RANBP10	4	0.50078	0.67081	0.999995	537	2	-0.12764	0.33316	0.33178	0.999995	332	0	-0.12764
ZNF423	4	0.50242	0.67219	0.999995	538	2	-0.13213	0.6833	0.68233	0.999995	685	0	-0.13213
SLC11A1	4	0.50254	0.67225	0.999995	539	1	-0.06602	0.62989	0.6292	0.999995	634	0	-0.06602
DCAF8L1	4	0.50324	0.67275	0.999995	540	2	-0.11742	0.28989	0.28827	0.999995	286	0	-0.11742
ERH	4	0.50488	0.67398	0.999995	541	2	-0.13409	0.74649	0.74605	0.999995	740	0	-0.13409
SIX6	4	0.5057	0.67456	0.999995	542	2	-0.16002	0.093677	0.093396	0.999995	95	0	-0.16002
SEC31B	4	0.50938	0.67749	0.999995	543	2	-0.14889	0.38752	0.386	0.999995	388	0	-0.14889
PTPN21	4	0.50973	0.67771	0.999995	544	1	-0.16355	0.79888	0.80011	0.999995	789	0	-0.16355
CBLL2	4	0.51138	0.67896	0.999995	545	1	-0.064584	0.70903	0.7083	0.999995	711	0	-0.064584
YAF2	4	0.51182	0.67925	0.999995	546	2	-0.15389	0.36846	0.36731	0.999995	367	0	-0.15389
PPP2CA	8	0.51195	0.77772	0.999995	547	3	-0.10515	0.35401	0.35403	0.999995	348	0	-0.10515
OSBPL6	4	0.51223	0.67958	0.999995	548	2	-0.16349	0.87304	0.87371	0.999995	848	0	-0.16349
GPSM2	4	0.51247	0.67979	0.999995	549	1	-0.056495	0.069014	0.069349	0.999995	71	1	-0.056495
LOR	4	0.51264	0.67988	0.999995	550	2	-0.11489	0.39529	0.39372	0.999995	398	0	-0.11489
LGALS9	4	0.51346	0.68041	0.999995	551	2	-0.083305	0.21522	0.21455	0.999995	218	0	-0.083305
CRYBB2	4	0.51411	0.68082	0.999995	552	1	-0.01979	0.12211	0.12256	0.999995	125	0	-0.01979
DGKI	4	0.51466	0.68115	0.999995	553	2	-0.076316	0.17046	0.1707	0.999995	177	0	-0.076316
ARFGEF1	4	0.51509	0.68151	0.999995	554	2	-0.11561	0.38165	0.38054	0.999995	380	0	-0.11561
RIC8B	4	0.51521	0.68157	0.999995	555	2	-0.10818	0.32969	0.32824	0.999995	328	0	-0.10818
UNC45A	4	0.51549	0.68178	0.999995	556	2	-0.18562	0.41059	0.40917	0.999995	414	0	-0.18562
SNRPN	4	0.51753	0.68334	0.999995	557	2	-0.1486	0.060085	0.060411	0.999995	63	1	-0.1486
ATP6V1C2	8	0.51972	0.78318	0.999995	558	3	-0.14438	0.6405	0.63963	0.999995	642	0	-0.14438
NAA11	4	0.52118	0.68625	0.999995	559	2	-0.22112	0.84502	0.84714	0.999995	830	0	-0.22112
VANGL2	4	0.52119	0.68625	0.999995	560	2	-0.14869	0.56849	0.56886	0.999995	571	0	-0.14869
TRIM25	4	0.52281	0.68755	0.999995	561	2	-0.13603	0.60804	0.60727	0.999995	612	0	-0.13603
KLF4	4	0.52322	0.68789	0.999995	562	2	-0.061655	0.1041	0.10458	0.999995	107	0	-0.061655
LSM14A	4	0.52441	0.68877	0.999995	563	1	-0.016383	0.13818	0.13842	0.999995	144	0	-0.016383
GDF15	4	0.52709	0.69062	0.999995	564	1	-0.02084	0.17209	0.17218	0.999995	179	0	-0.02084
SEC31A	4	0.5287	0.6918	0.999995	565	2	-0.15565	0.54918	0.54831	0.999995	552	0	-0.15565
FAM50B	4	0.52923	0.69215	0.999995	566	1	-0.013415	0.023724	0.025267	0.999995	25	1	-0.013415
DMXL1	4	0.5293	0.69219	0.999995	567	2	-0.1557	0.7676	0.76847	0.999995	761	0	-0.1557
CHM	4	0.53011	0.69293	0.999995	568	2	-0.091629	0.23691	0.23629	0.999995	242	0	-0.091629
COPZ2	4	0.53083	0.69343	0.999995	569	1	-0.072047	0.091932	0.09204	0.999995	93	0	-0.072047
GMPR	4	0.53213	0.6942	0.999995	570	2	-0.12611	0.4391	0.43837	0.999995	443	0	-0.12611
GSDMD	4	0.53243	0.69435	0.999995	571	2	-0.14414	0.41813	0.41685	0.999995	420	0	-0.14414
SAFB2	4	0.53616	0.69735	0.999995	572	2	-0.17453	0.7784	0.77951	0.999995	772	0	-0.17453
ENOX1	4	0.53666	0.69776	0.999995	573	1	-0.08227	0.18425	0.18476	0.999995	190	0	-0.08227
RGS19	4	0.53778	0.69854	0.999995	574	2	-0.17261	0.43115	0.4302	0.999995	433	0	-0.17261
ANKRD37	4	0.53858	0.69914	0.999995	575	2	-0.076839	0.51193	0.51079	0.999995	515	0	-0.076839
NXT1	4	0.54019	0.70035	0.999995	576	2	-0.096249	0.68842	0.68786	0.999995	688	0	-0.096249
RRAGC	4	0.5418	0.70142	0.999995	577	2	-0.094167	0.42125	0.42025	0.999995	422	0	-0.094167
PDCD4	4	0.54243	0.70191	0.999995	578	1	-0.048026	0.216	0.21537	0.999995	219	0	-0.048026
VPS26A	4	0.54607	0.70467	0.999995	579	2	-0.22959	0.30716	0.30519	0.999995	307	0	-0.22959
LMBR1L	4	0.54659	0.70513	0.999995	580	1	-0.1132	0.38817	0.38661	0.999995	389	0	-0.1132
LRBA	4	0.54662	0.70513	0.999995	581	2	-0.12699	0.28552	0.28393	0.999995	283	0	-0.12699
PSMB9	4	0.54763	0.70594	0.999995	582	2	-0.12962	0.27967	0.27808	0.999995	280	0	-0.12962
MARCKS	4	0.54822	0.70634	0.999995	583	2	-0.10115	0.17616	0.17632	0.999995	182	0	-0.10115
NUMBL	4	0.54982	0.70746	0.999995	584	2	-0.14881	0.64609	0.64561	0.999995	650	0	-0.14881
SMAP1	4	0.55102	0.70834	0.999995	585	2	-0.11225	0.40932	0.40786	0.999995	412	0	-0.11225
MYBPH	4	0.5533	0.71016	0.999995	586	1	-0.05508	0.22379	0.22331	0.999995	230	0	-0.05508
PDLIM5	4	0.55541	0.71189	0.999995	587	2	-0.1142	0.49189	0.49103	0.999995	495	0	-0.1142
TRPC7	4	0.55581	0.71225	0.999995	588	2	-0.14723	0.56699	0.56721	0.999995	569	0	-0.14723
RIMKLB	3	0.55607	0.6766	0.999995	589	1	-0.011433	0.05629	0.056438	0.999995	58	1	-0.011433
SNX6	4	0.55701	0.71327	0.999995	590	2	-0.19625	0.75379	0.75397	0.999995	748	0	-0.19625
TPST1	4	0.56019	0.71587	0.999995	591	2	-0.1516	0.41625	0.4149	0.999995	418	0	-0.1516
WAS	4	0.56094	0.71646	0.999995	592	1	0.051952	0.0011103	0.0024636	0.652228	4	2	0.051952
COX6B2	4	0.56138	0.71678	0.999995	593	2	-0.10791	0.021879	0.023462	0.999995	23	1	-0.10791
PLCG2	4	0.56178	0.71714	0.999995	594	2	-0.16505	0.084047	0.08413	0.999995	86	0	-0.16505
RPP14	4	0.56246	0.71765	0.999995	595	1	-0.072997	0.47473	0.47385	0.999995	477	0	-0.072997
SLC25A25	4	0.56377	0.71854	0.999995	596	2	-0.16979	0.61817	0.61717	0.999995	621	0	-0.16979
MAPK8IP3	4	0.56397	0.71875	0.999995	597	1	-0.12233	0.8118	0.81398	0.999995	805	0	-0.12233
ICK	4	0.56535	0.71987	0.999995	598	2	-0.10715	0.016327	0.018311	0.999995	18	1	-0.10715
ISL1	4	0.56548	0.71989	0.999995	599	1	-0.088742	0.38557	0.38434	0.999995	386	0	-0.088742
HNRNPF	4	0.56575	0.72011	0.999995	600	2	-0.17513	0.47935	0.47822	0.999995	481	0	-0.17513
AOX1	4	0.56733	0.72144	0.999995	601	2	-0.14544	0.19706	0.19725	0.999995	200	0	-0.14544
UTRN	4	0.56852	0.72233	0.999995	602	2	-0.18806	0.64781	0.64719	0.999995	651	0	-0.18806
PRKAB1	4	0.56949	0.72308	0.999995	603	1	-0.056408	0.24985	0.24908	0.999995	254	0	-0.056408
TIRAP	4	0.57089	0.72406	0.999995	604	2	-0.045681	0.12806	0.12834	0.999995	132	0	-0.045681
LATS1	4	0.57098	0.72409	0.999995	605	2	-0.12786	0.55688	0.5567	0.999995	559	0	-0.12786
CRNN	4	0.57207	0.72484	0.999995	606	2	-0.10214	0.46187	0.46125	0.999995	467	0	-0.10214
RBMX	3	0.57584	0.68507	0.999995	607	1	-0.13978	0.56583	0.56445	0.999995	566	0	-0.13978
USP13	4	0.57594	0.7276	0.999995	608	1	-0.094205	0.064557	0.064973	0.999995	67	1	-0.094205
GOLPH3	4	0.57719	0.72862	0.999995	609	2	-0.057667	0.11013	0.11035	0.999995	113	0	-0.057667
CADPS2	4	0.57759	0.72899	0.999995	610	2	-0.061425	0.0051531	0.0077273	0.909241	9	1	-0.061425
DNAJC15	4	0.57791	0.72919	0.999995	611	1	-0.02618	0.47646	0.4754	0.999995	479	0	-0.02618
ATP6V1E1	3	0.57862	0.68639	0.999995	612	1	-0.10408	0.72453	0.72543	0.999995	727	0	-0.10408
TMEM30B	4	0.57877	0.72985	0.999995	613	2	-0.11753	0.22999	0.22957	0.999995	236	0	-0.11753
TBR1	4	0.57916	0.73016	0.999995	614	2	-0.1735	0.22068	0.22029	0.999995	226	0	-0.1735
TSTD1	4	0.57987	0.73064	0.999995	615	1	-0.073481	0.45714	0.45642	0.999995	462	0	-0.073481
APOBEC1	4	0.58151	0.73177	0.999995	616	2	-0.1834	0.31355	0.31207	0.999995	312	0	-0.1834
PLXDC2	4	0.58183	0.73198	0.999995	617	1	-0.095493	0.12126	0.12159	0.999995	124	0	-0.095493
ACTL7A	4	0.58269	0.73265	0.999995	618	2	-0.2112	0.86776	0.86852	0.999995	846	0	-0.2112
ARPC5	4	0.58378	0.73339	0.999995	619	1	-0.057552	0.43483	0.43405	0.999995	440	0	-0.057552
SBNO2	4	0.58582	0.73484	0.999995	620	2	-0.096939	0.32201	0.3203	0.999995	320	0	-0.096939
GIT2	4	0.5862	0.73517	0.999995	621	1	-0.21903	0.24378	0.24311	0.999995	247	0	-0.21903
FMR1	4	0.58621	0.73517	0.999995	622	2	-0.087146	0.66135	0.66053	0.999995	667	0	-0.087146
NBEAL1	4	0.5866	0.73545	0.999995	623	2	-0.084241	0.39593	0.39431	0.999995	399	0	-0.084241
ZNRF4	4	0.58717	0.73591	0.999995	624	1	-0.091798	0.65123	0.65067	0.999995	655	0	-0.091798
FEZ2	4	0.58738	0.73613	0.999995	625	2	-0.14704	0.8039	0.80533	0.999995	796	0	-0.14704
GALNT5	4	0.58816	0.73682	0.999995	626	2	-0.1327	0.33937	0.3381	0.999995	336	0	-0.1327
SMARCA1	4	0.58933	0.73764	0.999995	627	2	-0.11351	0.033827	0.035158	0.999995	35	1	-0.11351
MBP	4	0.58972	0.73784	0.999995	628	2	-0.11527	0.52064	0.51979	0.999995	526	0	-0.11527
ZFYVE19	4	0.5901	0.73806	0.999995	629	2	-0.15701	0.8389	0.84074	0.999995	825	0	-0.15701
SERPINA12	8	0.59182	0.83174	0.999995	630	2	-0.060955	0.44518	0.44437	0.999995	449	0	-0.060955
SAP30L	4	0.59205	0.73963	0.999995	631	2	-0.14369	0.73489	0.73468	0.999995	734	0	-0.14369
PLCG1	4	0.59244	0.73997	0.999995	632	2	-0.13047	0.37574	0.37452	0.999995	374	0	-0.13047
TBK1	4	0.5936	0.74094	0.999995	633	2	-0.22791	0.58669	0.5867	0.999995	589	0	-0.22791
KRTAP10-10	4	0.59399	0.7412	0.999995	634	2	-0.16343	0.62855	0.62785	0.999995	632	0	-0.16343
SPATA16	4	0.59438	0.74142	0.999995	635	2	-0.22561	0.22612	0.22575	0.999995	233	0	-0.22561
GYS1	4	0.59533	0.74212	0.999995	636	2	-0.14651	0.78999	0.79113	0.999995	781	0	-0.14651
TRPC5	4	0.59628	0.74278	0.999995	637	1	-0.14113	0.78142	0.78262	0.999995	773	0	-0.14113
FXR1	4	0.59709	0.74341	0.999995	638	2	-0.10609	0.78351	0.78464	0.999995	775	0	-0.10609
CTPS2	4	0.59787	0.74396	0.999995	639	2	-0.13088	0.35775	0.3563	0.999995	353	0	-0.13088
EXOC6B	4	0.59864	0.74446	0.999995	640	2	-0.056761	0.01818	0.020012	0.999995	20	1	-0.056761
ERC1	4	0.59865	0.74447	0.999995	641	1	-0.070991	0.27082	0.26961	0.999995	272	0	-0.070991
ATP8B3	4	0.59913	0.74478	0.999995	642	2	-0.027137	0.1598	0.15963	0.999995	166	0	-0.027137
ATP6V1B1	4	0.60057	0.74581	0.999995	643	2	-0.14645	0.89291	0.89334	0.999995	862	0	-0.14645
KCNT1	4	0.60096	0.74614	0.999995	644	2	-0.12935	0.61128	0.61043	0.999995	616	0	-0.12935
DDI1	8	0.60129	0.83801	0.999995	645	4	-0.12416	0.16425	0.16407	0.999995	171	0	-0.12416
GBP3	4	0.60173	0.74666	0.999995	646	2	-0.097682	0.6409	0.63994	0.999995	643	0	-0.097682
NRBP1	4	0.6029	0.74761	0.999995	647	1	-0.081656	0.24454	0.24377	0.999995	248	0	-0.081656
MCPH1	4	0.60336	0.74793	0.999995	648	1	-0.1014	0.12551	0.126	0.999995	129	0	-0.1014
GBX2	4	0.60366	0.74813	0.999995	649	2	-0.13443	0.75867	0.75885	0.999995	753	0	-0.13443
RHOT1	4	0.60481	0.749	0.999995	650	2	-0.17302	0.31779	0.31628	0.999995	316	0	-0.17302
ADAM19	4	0.60524	0.74931	0.999995	651	1	-0.054294	0.13397	0.13443	0.999995	138	0	-0.054294
LMBR1	4	0.60571	0.7497	0.999995	652	1	-0.12036	0.04385	0.0449	0.999995	46	1	-0.12036
FRS3	4	0.60674	0.75043	0.999995	653	2	-0.1263	0.90291	0.90292	0.999995	876	0	-0.1263
TGFBR2	4	0.60757	0.75107	0.999995	654	1	-0.073214	0.37969	0.37847	0.999995	379	0	-0.073214
ZNF284	4	0.60789	0.75134	0.999995	655	2	-0.14875	0.53349	0.53265	0.999995	537	0	-0.14875
GDI1	4	0.60942	0.75246	0.999995	656	2	-0.059339	0.26859	0.26724	0.999995	270	0	-0.059339
STRIP2	4	0.61057	0.75324	0.999995	657	2	-0.047011	0.21287	0.21223	0.999995	216	0	-0.047011
KCNMB3	4	0.61248	0.75457	0.999995	658	2	-0.13107	0.6435	0.6428	0.999995	647	0	-0.13107
IL10RA	4	0.61313	0.75496	0.999995	659	1	-0.084184	0.25438	0.25331	0.999995	258	0	-0.084184
HTR3E	4	0.61401	0.75557	0.999995	660	2	-0.13951	0.89707	0.89728	0.999995	866	0	-0.13951
SPOPL	4	0.61588	0.75715	0.999995	661	2	-0.059795	0.16473	0.16471	0.999995	172	0	-0.059795
MECOM	4	0.61771	0.75876	0.999995	662	1	0.018062	0.3213	0.31966	0.999995	319	0	0.018062
SMC1B	4	0.6182	0.75922	0.999995	663	2	-0.13251	0.33454	0.33319	0.999995	334	0	-0.13251
MED12L	4	0.61858	0.75954	0.999995	664	2	-0.089496	0.415	0.4137	0.999995	416	0	-0.089496
DDX39A	4	0.61896	0.75982	0.999995	665	2	-0.093	0.40996	0.40857	0.999995	413	0	-0.093
NUMB	4	0.62124	0.76155	0.999995	666	2	-0.084703	0.1015	0.10178	0.999995	104	0	-0.084703
XYLT1	4	0.622	0.76222	0.999995	667	2	-0.093855	0.29423	0.29238	0.999995	291	0	-0.093855
MRGPRX2	4	0.62225	0.7625	0.999995	668	1	-0.090958	0.3262	0.32466	0.999995	324	0	-0.090958
IDH1	4	0.62271	0.76291	0.999995	669	1	-0.040066	0.19387	0.19421	0.999995	199	0	-0.040066
ULK2	4	0.62427	0.76429	0.999995	670	2	-0.19858	0.23614	0.23555	0.999995	241	0	-0.19858
RBMXL2	4	0.62502	0.76478	0.999995	671	2	-0.11141	0.022802	0.024435	0.999995	24	1	-0.11141
TNKS2	4	0.6254	0.76513	0.999995	672	2	-0.12478	0.58958	0.58951	0.999995	592	0	-0.12478
STX12	4	0.62616	0.76577	0.999995	673	2	-0.19065	0.84641	0.84832	0.999995	832	0	-0.19065
JAG1	4	0.62767	0.7669	0.999995	674	2	-0.10158	0.36044	0.35903	0.999995	357	0	-0.10158
TPBG	4	0.62917	0.76804	0.999995	675	2	-0.090007	0.89775	0.89804	0.999995	868	0	-0.090007
RNF38	4	0.6303	0.76897	0.999995	676	2	-0.16728	0.49019	0.48928	0.999995	493	0	-0.16728
KRT25	4	0.63211	0.77036	0.999995	677	1	-0.095388	0.0042177	0.0068204	0.902847	8	1	-0.095388
ARSJ	4	0.63218	0.77039	0.999995	678	2	-0.12556	0.71858	0.71783	0.999995	720	0	-0.12556
ABTB2	4	0.63608	0.77315	0.999995	679	1	-0.10461	0.67931	0.67839	0.999995	681	0	-0.10461
ADGRG7	4	0.63667	0.77353	0.999995	680	2	-0.19077	0.14904	0.14911	0.999995	156	0	-0.19077
PTCH2	4	0.6374	0.77404	0.999995	681	1	-0.12216	0.25137	0.25045	0.999995	255	0	-0.12216
TREM2	4	0.63816	0.77462	0.999995	682	2	-0.11783	0.6085	0.60765	0.999995	613	0	-0.11783
TRPM1	4	0.6404	0.77624	0.999995	683	2	-0.055696	0.30644	0.30448	0.999995	306	0	-0.055696
SLC10A2	4	0.64077	0.77655	0.999995	684	2	-0.11937	0.42312	0.42219	0.999995	425	0	-0.11937
PGLS	4	0.64437	0.77963	0.999995	685	1	-0.048586	0.67851	0.67765	0.999995	680	0	-0.048586
MYCN	4	0.64448	0.77972	0.999995	686	2	-0.079018	0.43422	0.43343	0.999995	439	0	-0.079018
LBX1	4	0.64523	0.78047	0.999995	687	1	-0.074318	0.30573	0.30387	0.999995	305	0	-0.074318
G3BP1	4	0.64609	0.78117	0.999995	688	2	-0.20136	0.68369	0.68271	0.999995	686	0	-0.20136
VIM	4	0.64695	0.78204	0.999995	689	1	-0.066476	0.26189	0.26087	0.999995	262	0	-0.066476
CAND2	4	0.64707	0.78211	0.999995	690	2	-0.11926	0.070792	0.07106	0.999995	72	1	-0.11926
CTNNB1	4	0.64738	0.7823	0.999995	691	2	-0.053029	0.33523	0.3339	0.999995	335	0	-0.053029
NOX3	4	0.64855	0.78329	0.999995	692	2	-0.16797	0.0154	0.017385	0.999995	17	1	-0.16797
TCF4	4	0.64867	0.78338	0.999995	693	2	-0.086429	0.57889	0.57891	0.999995	583	0	-0.086429
DYNC1LI2	4	0.64929	0.78389	0.999995	694	2	-0.12318	0.62451	0.62376	0.999995	627	0	-0.12318
RAP1GAP2	4	0.65113	0.78531	0.999995	695	2	-0.073673	0.14987	0.14991	0.999995	157	0	-0.073673
DST	4	0.65187	0.7859	0.999995	696	2	-0.1328	0.3764	0.3752	0.999995	375	0	-0.1328
CYFIP1	4	0.6526	0.7865	0.999995	697	2	-0.1133	0.057393	0.057587	0.999995	60	1	-0.1133
FKBP5	4	0.65517	0.78829	0.999995	698	2	-0.10312	0.52118	0.52034	0.999995	527	0	-0.10312
GOLT1A	4	0.6559	0.78891	0.999995	699	2	-0.12425	0.16964	0.16988	0.999995	176	0	-0.12425
RXFP3	4	0.65632	0.7892	0.999995	700	1	-0.10811	0.58183	0.58167	0.999995	587	0	-0.10811
ADAP1	4	0.65884	0.79123	0.999995	701	1	-0.13415	0.081408	0.081391	0.999995	84	1	-0.13415
SHMT2	4	0.65926	0.79164	0.999995	702	1	-0.045159	0.20736	0.2068	0.999995	210	0	-0.045159
CDS1	4	0.6601	0.79229	0.999995	703	1	-0.17561	0.72754	0.72722	0.999995	731	0	-0.17561
LIN28B	4	0.6621	0.7939	0.999995	704	2	-0.10528	0.0079555	0.01042	0.999995	10	1	-0.10528
ANKRD10	4	0.66391	0.7952	0.999995	705	2	-0.079583	0.18505	0.18566	0.999995	191	0	-0.079583
MBD4	8	0.66505	0.87205	0.999995	706	3	-0.074977	0.12828	0.12916	0.999995	133	1	-0.074977
CCT6B	4	0.6655	0.79653	0.999995	707	1	-0.039727	0.36178	0.36024	0.999995	358	0	-0.039727
TGM6	4	0.66591	0.79685	0.999995	708	1	-0.026195	0.011683	0.014029	0.999995	13	1	-0.026195
NAT8L	4	0.66632	0.79719	0.999995	709	2	-0.040965	0.18827	0.18868	0.999995	195	0	-0.040965
ZNF185	4	0.66681	0.79767	0.999995	710	2	-0.17058	0.92232	0.9223	0.999995	895	0	-0.17058
DBT	4	0.66717	0.79799	0.999995	711	2	-0.14167	0.10323	0.1037	0.999995	106	0	-0.14167
VPS26B	4	0.66797	0.79841	0.999995	712	2	-0.11152	0.43667	0.43594	0.999995	441	0	-0.11152
CTCFL	4	0.66934	0.7995	0.999995	713	2	-0.076771	0.10237	0.10276	0.999995	105	0	-0.076771
SLC25A2	4	0.66961	0.79965	0.999995	714	1	-0.13917	0.15236	0.15244	0.999995	160	0	-0.13917
MBD3L1	4	0.67042	0.80035	0.999995	715	2	-0.18892	0.3043	0.30249	0.999995	303	0	-0.18892
RPRD1B	4	0.67083	0.80071	0.999995	716	1	-0.12663	0.21757	0.21694	0.999995	222	0	-0.12663
KPNA3	4	0.67149	0.8013	0.999995	717	2	-0.14572	0.83408	0.83591	0.999995	822	0	-0.14572
SAMD4A	4	0.67185	0.80157	0.999995	718	2	-0.14824	0.71014	0.70954	0.999995	714	0	-0.14824
STX7	4	0.67329	0.80266	0.999995	719	2	-0.13701	0.36912	0.36803	0.999995	368	0	-0.13701
ATAD2	4	0.67368	0.80292	0.999995	720	1	-0.064514	0.45595	0.45538	0.999995	460	0	-0.064514
RALGPS1	4	0.674	0.80318	0.999995	721	2	0.0067365	0.00028494	0.00078067	0.275578	3	2	0.0067365
NCKAP1L	4	0.67472	0.80386	0.999995	722	2	-0.12759	0.50753	0.50655	0.999995	510	0	-0.12759
RNF144B	4	0.67508	0.80415	0.999995	723	2	-0.17884	0.59006	0.59	0.999995	593	0	-0.17884
AP5M1	4	0.67544	0.80445	0.999995	724	2	-0.19452	0.71088	0.71021	0.999995	715	0	-0.19452
CHMP1B	4	0.67936	0.80755	0.999995	725	2	-0.11818	0.77566	0.77667	0.999995	770	0	-0.11818
SOS2	4	0.67972	0.80785	0.999995	726	2	-0.16543	0.3985	0.39688	0.999995	402	0	-0.16543
CD163L1	4	0.68007	0.80812	0.999995	727	2	-0.026986	0.039304	0.040385	0.999995	41	1	-0.026986
DZIP3	4	0.68091	0.80885	0.999995	728	1	-0.041922	0.2453	0.24448	0.999995	249	0	-0.041922
DPCR1	4	0.6822	0.80974	0.999995	729	2	-0.14452	0.37903	0.37774	0.999995	378	0	-0.14452
ARID1B	4	0.68291	0.8103	0.999995	730	2	-0.103	0.62721	0.62652	0.999995	630	0	-0.103
UAP1L1	4	0.68362	0.81082	0.999995	731	2	-0.13348	0.44275	0.44202	0.999995	445	0	-0.13348
DEGS1	4	0.68468	0.81161	0.999995	732	2	-0.059542	0.24226	0.24176	0.999995	246	0	-0.059542
GSX1	4	0.68609	0.81289	0.999995	733	2	-0.12007	0.74916	0.749	0.999995	742	0	-0.12007
KCNG4	4	0.6868	0.81335	0.999995	734	2	-0.15953	0.84548	0.84746	0.999995	831	0	-0.15953
NETO1	4	0.68715	0.81378	0.999995	735	2	-0.118	0.17128	0.17144	0.999995	178	0	-0.118
YIF1B	4	0.68724	0.81381	0.999995	736	1	-0.096779	0.63078	0.63009	0.999995	635	0	-0.096779
GPR151	4	0.68881	0.81454	0.999995	737	1	-0.089637	0.27008	0.26872	0.999995	271	0	-0.089637
UMPS	4	0.69579	0.81682	0.999995	738	1	-0.021555	0.12041	0.12049	0.999995	123	0	-0.021555
TTC23	4	0.70454	0.81944	0.999995	739	1	-0.088818	0.45476	0.45425	0.999995	458	0	-0.088818
HNRNPH3	4	0.70529	0.81955	0.999995	740	1	-0.11137	0.72683	0.72652	0.999995	730	0	-0.11137
AMELX	4	0.70566	0.81964	0.999995	741	1	-0.091243	0.25964	0.25862	0.999995	261	0	-0.091243
MACF1	4	0.70716	0.82023	0.999995	742	1	-0.11121	0.6374	0.63642	0.999995	638	0	-0.11121
PLXDC1	8	0.7142	0.89167	0.999995	743	1	-0.090956	0.53651	0.53456	0.999995	539	0	-0.090956
TTC7A	8	0.71494	0.89199	0.999995	744	3	-0.11588	0.57347	0.57248	0.999995	575	0	-0.11588
DLL4	4	0.71566	0.82296	0.999995	745	1	-0.073791	0.70641	0.70556	0.999995	706	0	-0.073791
IDH2	4	0.71894	0.82412	0.999995	746	1	-0.081386	0.7	0.69961	0.999995	702	0	-0.081386
RNF2	3	0.71943	0.75959	0.999995	747	1	-0.18127	0.58844	0.58731	0.999995	590	0	-0.18127
NBEA	4	0.71966	0.82433	0.999995	748	1	-0.090214	0.026487	0.027856	0.999995	28	1	-0.090214
SS18L1	4	0.72469	0.82612	0.999995	749	1	-0.10445	0.49975	0.49852	0.999995	500	0	-0.10445
CRK	4	0.7293	0.82756	0.999995	750	1	-0.083457	0.39335	0.39174	0.999995	395	0	-0.083457
SPDEF	4	0.73316	0.82881	0.999995	751	1	-0.082486	0.71639	0.71569	0.999995	719	0	-0.082486
TCF12	4	0.73628	0.83008	0.999995	752	1	0.015621	0.11785	0.11778	0.999995	119	0	0.015621
SLC35F3	4	0.73662	0.83016	0.999995	753	1	0.024786	0.15319	0.15315	0.999995	161	0	0.024786
PCBD2	4	0.73731	0.83041	0.999995	754	1	-0.10628	0.35438	0.35299	0.999995	349	0	-0.10628
TBC1D26	2	0.74029	0.73937	0.999995	755	1	-0.088512	0.50016	0.4979	0.999995	501	0	-0.088512
FAM126B	4	0.74142	0.8318	0.999995	756	1	-0.10325	0.16555	0.16548	0.999995	173	0	-0.10325
GRHL2	4	0.74346	0.83254	0.999995	757	1	-0.24656	0.30501	0.30317	0.999995	304	0	-0.24656
TTC7B	4	0.74413	0.83275	0.999995	758	1	-0.025462	0.18746	0.18778	0.999995	194	0	-0.025462
RPL27A	2	0.74599	0.74537	0.999995	759	1	-0.1068	0.5487	0.54764	0.999995	551	0	-0.1068
KRT74	4	0.74683	0.83365	0.999995	760	1	-0.12312	0.077879	0.078194	0.999995	80	1	-0.12312
CLCA1	4	0.7495	0.83475	0.999995	761	1	-0.12348	0.77197	0.77281	0.999995	765	0	-0.12348
TYROBP	4	0.74983	0.83485	0.999995	762	1	-0.062062	0.39657	0.395	0.999995	400	0	-0.062062
AP1G2	4	0.75247	0.83571	0.999995	763	1	-0.14657	0.66176	0.66091	0.999995	668	0	-0.14657
TFDP3	4	0.75313	0.83593	0.999995	764	1	-0.12256	0.80611	0.8078	0.999995	800	0	-0.12256
LIMK1	4	0.75412	0.83639	0.999995	765	1	-0.031143	0.21678	0.21608	0.999995	221	0	-0.031143
RNF103	4	0.75608	0.83705	0.999995	766	1	-0.08739	0.045664	0.046574	0.999995	48	1	-0.08739
CYP2A6	4	0.75738	0.83751	0.999995	767	1	-0.061142	0.39077	0.3891	0.999995	393	0	-0.061142
SBF2	3	0.7585	0.78348	0.999995	768	1	-0.14111	0.54865	0.54732	0.999995	550	0	-0.14111
FKBP10	4	0.75964	0.83836	0.999995	769	1	-0.13813	0.20262	0.20233	0.999995	207	0	-0.13813
ZNF146	4	0.75996	0.8386	0.999995	770	1	-0.026393	0.16391	0.16391	0.999995	170	0	-0.026393
SLC25A15	4	0.76317	0.83983	0.999995	771	1	-0.071881	0.14153	0.14193	0.999995	148	0	-0.071881
NBEAL2	4	0.76444	0.84028	0.999995	772	1	-0.028105	0.31708	0.31563	0.999995	315	0	-0.028105
XRCC4	4	0.76634	0.84104	0.999995	773	1	-0.17802	0.89203	0.89234	0.999995	859	0	-0.17802
PTPN14	4	0.76854	0.84204	0.999995	774	1	-0.12436	0.81046	0.81259	0.999995	803	0	-0.12436
KLK12	4	0.76979	0.84261	0.999995	775	1	-0.05724	0.14571	0.14559	0.999995	153	0	-0.05724
ARFGEF2	4	0.77072	0.84291	0.999995	776	1	-0.054982	0.57791	0.57792	0.999995	581	0	-0.054982
FSD1	4	0.77258	0.84369	0.999995	777	1	-0.021576	0.394	0.39244	0.999995	396	0	-0.021576
IMPDH1	4	0.77413	0.84431	0.999995	778	1	-0.10267	0.6422	0.64122	0.999995	645	0	-0.10267
UBASH3B	4	0.77719	0.8454	0.999995	779	1	-0.075465	0.030162	0.031316	0.999995	31	1	-0.075465
ENOX2	4	0.77991	0.84647	0.999995	780	1	-0.069562	0.072568	0.072771	0.999995	74	1	-0.069562
AP2A2	4	0.78765	0.84927	0.999995	781	1	-0.070644	0.076111	0.076613	0.999995	78	1	-0.070644
PIP4P2	4	0.7897	0.85018	0.999995	782	1	-0.085847	0.44878	0.4482	0.999995	452	0	-0.085847
TANC2	3	0.7908	0.80577	0.999995	783	1	-0.099214	0.55566	0.55421	0.999995	558	0	-0.099214
TRAPPC3L	4	0.79086	0.85074	0.999995	784	1	-0.097415	0.35573	0.35422	0.999995	351	0	-0.097415
TBC1D4	4	0.79115	0.85082	0.999995	785	1	-0.065718	0.36245	0.36096	0.999995	359	0	-0.065718
SLC9A3R2	4	0.79144	0.85088	0.999995	786	1	-0.12181	0.85869	0.86003	0.999995	836	0	-0.12181
GMPR2	4	0.7926	0.85135	0.999995	787	1	-0.1114	0.42869	0.4277	0.999995	431	0	-0.1114
RPRD1A	4	0.79519	0.85244	0.999995	788	1	-0.056554	0.18987	0.19039	0.999995	197	0	-0.056554
SMARCC2	4	0.79831	0.85383	0.999995	789	1	-0.083728	0.21208	0.21151	0.999995	215	0	-0.083728
AHCYL2	4	0.79916	0.85404	0.999995	790	1	0.0021299	0.23461	0.23402	0.999995	240	0	0.0021299
HTR3D	4	0.8014	0.85486	0.999995	791	1	-0.15691	0.032911	0.03427	0.999995	34	1	-0.15691
TYMS	4	0.80252	0.85533	0.999995	792	1	-0.050076	0.2491	0.24836	0.999995	253	0	-0.050076
FAM71A	4	0.80418	0.85631	0.999995	793	1	-0.032244	0.43361	0.43266	0.999995	438	0	-0.032244
COPS7A	4	0.80528	0.85684	0.999995	794	1	-0.10606	0.7701	0.77089	0.999995	763	0	-0.10606
DNAJC19	3	0.80604	0.8165	0.999995	795	1	0.020438	0.22466	0.22374	0.999995	231	0	0.020438
RP1	4	0.81019	0.85926	0.999995	796	1	-0.13837	0.57643	0.57653	0.999995	580	0	-0.13837
TNR	4	0.81127	0.85971	0.999995	797	1	-0.10043	0.72433	0.72392	0.999995	726	0	-0.10043
CAPN2	4	0.8118	0.85994	0.999995	798	1	-0.17295	0.60757	0.6068	0.999995	611	0	-0.17295
HTR2C	4	0.81287	0.86035	0.999995	799	1	-0.074276	0.34143	0.34016	0.999995	338	0	-0.074276
MAK	4	0.81367	0.86068	0.999995	800	1	0.060864	0.056495	0.056727	0.999995	59	1	0.060864
CHML	4	0.81394	0.86079	0.999995	801	1	-0.039953	0.031996	0.033317	0.999995	33	1	-0.039953
CHSY1	4	0.81658	0.86186	0.999995	802	1	-0.067468	0.69348	0.69299	0.999995	692	0	-0.067468
HMGCL	4	0.81685	0.86196	0.999995	803	1	-0.06916	0.59294	0.59279	0.999995	594	0	-0.06916
ABL1	4	0.81842	0.86253	0.999995	804	1	-0.080653	0.67165	0.67073	0.999995	676	0	-0.080653
NETO2	4	0.81868	0.86264	0.999995	805	1	-0.018642	0.059188	0.059485	0.999995	62	1	-0.018642
SMARCC1	4	0.8192	0.86281	0.999995	806	1	-0.052761	0.20104	0.20074	0.999995	205	0	-0.052761
QSOX1	4	0.82205	0.86407	0.999995	807	1	-0.13344	0.48451	0.4837	0.999995	488	0	-0.13344
PRDM13	4	0.82486	0.86533	0.999995	808	1	0.013978	0.098898	0.098949	0.999995	102	0	0.013978
OGDHL	4	0.82663	0.86614	0.999995	809	1	-0.073149	0.080526	0.080493	0.999995	83	1	-0.073149
RSBN1L	4	0.82814	0.86683	0.999995	810	1	-0.18405	0.86297	0.86412	0.999995	841	0	-0.18405
GOLT1B	4	0.83113	0.86815	0.999995	811	1	-0.12696	0.10927	0.10964	0.999995	112	0	-0.12696
GDI2	8	0.83114	0.94133	0.999995	812	3	-0.12541	0.36671	0.36686	0.999995	364	0	-0.12541
INTS6L	4	0.83432	0.86962	0.999995	813	1	0.01971	0.058291	0.05855	0.999995	61	1	0.01971
MECP2	4	0.83481	0.8698	0.999995	814	1	-0.086078	0.031079	0.032316	0.999995	32	1	-0.086078
ZDHHC17	4	0.83505	0.86989	0.999995	815	1	0.0080416	0.020031	0.021714	0.999995	22	1	0.0080416
RSPH1	4	0.83723	0.87078	0.999995	816	1	-0.005755	0.019106	0.020816	0.999995	21	1	-0.005755
SPTA1	4	0.83795	0.87119	0.999995	817	1	-0.10311	0.69617	0.69555	0.999995	697	0	-0.10311
PACS2	4	0.83914	0.87183	0.999995	818	1	-0.0806	0.54034	0.53951	0.999995	543	0	-0.0806
SP110	4	0.84009	0.87226	0.999995	819	1	-0.043152	0.21991	0.21943	0.999995	225	0	-0.043152
SAMD4B	4	0.84245	0.87325	0.999995	820	1	-0.12857	0.64867	0.64796	0.999995	653	0	-0.12857
GPR183	4	0.84339	0.87378	0.999995	821	1	-0.04103	0.3428	0.34154	0.999995	340	0	-0.04103
KAT6B	4	0.84432	0.87432	0.999995	822	1	-0.1065	0.63564	0.63476	0.999995	637	0	-0.1065
LIN28A	3	0.84548	0.84828	0.999995	823	1	-0.14361	0.38554	0.38382	0.999995	385	0	-0.14361
IPO8	4	0.84595	0.87508	0.999995	824	1	-0.068571	0.72183	0.72122	0.999995	724	0	-0.068571
CBLL1	4	0.8471	0.87579	0.999995	825	1	-0.090634	0.055596	0.055858	0.999995	57	1	-0.090634
SERPINA9	4	0.84847	0.87631	0.999995	826	1	-0.072357	0.33385	0.33249	0.999995	333	0	-0.072357
SAR1B	4	0.85006	0.87698	0.999995	827	1	-0.094811	0.58862	0.5886	0.999995	591	0	-0.094811
GLT6D1	4	0.85208	0.87801	0.999995	828	1	-0.10753	0.23076	0.23021	0.999995	237	0	-0.10753
CLTB	4	0.85475	0.87934	0.999995	829	1	-0.13325	0.56799	0.56835	0.999995	570	0	-0.13325
CDC34	4	0.85541	0.8797	0.999995	830	1	-0.075274	0.36979	0.36879	0.999995	369	0	-0.075274
IKBKE	4	0.8576	0.88073	0.999995	831	1	-0.069263	0.19786	0.198	0.999995	201	0	-0.069263
FNIP1	4	0.85869	0.88125	0.999995	832	1	0.0024561	0.13481	0.13517	0.999995	139	0	0.0024561
KRTAP1-1	4	0.85955	0.88174	0.999995	833	1	-0.033564	0.090184	0.090217	0.999995	91	0	-0.033564
WRN	4	0.86105	0.88251	0.999995	834	1	-0.12274	0.5939	0.59371	0.999995	596	0	-0.12274
REG3A	4	0.86148	0.88274	0.999995	835	1	-0.10415	0.67368	0.67281	0.999995	678	0	-0.10415
PXDNL	4	0.86191	0.88295	0.999995	836	1	-0.098077	0.52656	0.52582	0.999995	532	0	-0.098077
NAA16	4	0.86318	0.88372	0.999995	837	1	-0.12233	0.64046	0.63943	0.999995	641	0	-0.12233
GALNT2	4	0.86528	0.88487	0.999995	838	1	-0.046451	0.28625	0.28468	0.999995	284	0	-0.046451
KRT37	4	0.86611	0.88528	0.999995	839	1	-0.099904	0.77688	0.77792	0.999995	771	0	-0.099904
TXNDC8	4	0.86715	0.88583	0.999995	840	1	-0.0049415	0.1507	0.15079	0.999995	158	0	-0.0049415
FRS2	4	0.86756	0.88615	0.999995	841	1	-0.17747	0.13902	0.13906	0.999995	145	0	-0.17747
PPP3CA	4	0.86818	0.88641	0.999995	842	1	0.0061331	0.40806	0.40658	0.999995	410	0	0.0061331
TAS1R2	4	0.86879	0.88676	0.999995	843	1	-0.088129	0.61542	0.61426	0.999995	620	0	-0.088129
SUV39H2	3	0.8691	0.86928	0.999995	844	1	-0.036271	0.42244	0.42079	0.999995	423	0	-0.036271
GRM4	4	0.87001	0.8873	0.999995	845	1	-0.063312	0.017254	0.019133	0.999995	19	1	-0.063312
PCDH1	4	0.87042	0.88759	0.999995	846	1	-0.071336	0.48394	0.48311	0.999995	487	0	-0.071336
IRF6	4	0.87083	0.88791	0.999995	847	1	-0.10863	0.75214	0.75217	0.999995	746	0	-0.10863
H2BFM	4	0.87163	0.88844	0.999995	848	1	-0.068994	0.55739	0.55721	0.999995	560	0	-0.068994
TIMP2	4	0.87443	0.89023	0.999995	849	1	-0.099062	0.39012	0.38852	0.999995	392	0	-0.099062
ZIC3	4	0.87542	0.89082	0.999995	850	1	-0.065976	0.09629	0.096154	0.999995	99	0	-0.065976
FAM71B	4	0.87561	0.89096	0.999995	851	1	-0.1021	0.58085	0.58082	0.999995	586	0	-0.1021
BRSK1	4	0.87659	0.89152	0.999995	852	1	-0.090423	0.72647	0.72617	0.999995	729	0	-0.090423
SUV39H1	4	0.87737	0.89196	0.999995	853	1	-0.025669	0.067233	0.067423	0.999995	69	1	-0.025669
ERN2	4	0.87815	0.89239	0.999995	854	1	0.02158	0.19865	0.19866	0.999995	202	0	0.02158
EXOC6	4	0.87892	0.89277	0.999995	855	1	-0.072834	0.22224	0.22188	0.999995	228	0	-0.072834
KCNT2	4	0.8795	0.89304	0.999995	856	1	-0.033338	0.44757	0.44701	0.999995	451	0	-0.033338
PLD1	4	0.88045	0.8937	0.999995	857	1	-0.070125	0.65758	0.65693	0.999995	662	0	-0.070125
ATM	4	0.88084	0.89401	0.999995	858	1	-0.08238	0.63959	0.63858	0.999995	640	0	-0.08238
UBQLN3	4	0.88122	0.89422	0.999995	859	1	-0.063489	0.3276	0.32621	0.999995	325	0	-0.063489
DYNLT3	4	0.8816	0.89438	0.999995	860	1	-0.025227	0.45951	0.45899	0.999995	464	0	-0.025227
FAM126A	4	0.88216	0.89477	0.999995	861	1	-0.073701	0.57048	0.5708	0.999995	573	0	-0.073701
PPP3CC	4	0.88235	0.89489	0.999995	862	1	-0.058215	0.33177	0.33028	0.999995	331	0	-0.058215
SAP30	4	0.88292	0.89524	0.999995	863	1	-0.093107	0.27156	0.27028	0.999995	273	0	-0.093107
LIMK2	4	0.88348	0.8956	0.999995	864	1	-0.021941	0.10841	0.10892	0.999995	111	0	-0.021941
FSD1L	4	0.88385	0.89577	0.999995	865	1	-0.071526	0.40234	0.40042	0.999995	406	0	-0.071526
NCK1	4	0.88478	0.89617	0.999995	866	1	-0.022386	0.042942	0.043956	0.999995	45	1	-0.022386
TIMM23B	4	0.88553	0.89663	0.999995	867	1	-0.075902	0.45832	0.45772	0.999995	463	0	-0.075902
ITGB1BP2	4	0.88626	0.89712	0.999995	868	1	-0.10201	0.50365	0.50251	0.999995	506	0	-0.10201
XDH	4	0.88663	0.89738	0.999995	869	1	-0.073605	0.34486	0.34352	0.999995	342	0	-0.073605
ESRP1	4	0.887	0.89767	0.999995	870	1	-0.1766	0.84938	0.85115	0.999995	834	0	-0.1766
RTP1	4	0.88918	0.89908	0.999995	871	1	-0.094916	0.37111	0.36988	0.999995	371	0	-0.094916
SEC14L3	4	0.88954	0.89938	0.999995	872	1	-0.01878	0.11528	0.11535	0.999995	117	0	-0.01878
RSC1A1	4	0.89007	0.89984	0.999995	873	1	-0.12929	0.046571	0.047518	0.999995	49	1	-0.12929
CPS1	4	0.89025	0.89999	0.999995	874	1	-0.066251	0.26711	0.26599	0.999995	268	0	-0.066251
PLAU	4	0.8915	0.90079	0.999995	875	1	-0.065792	0.63915	0.63821	0.999995	639	0	-0.065792
YIPF5	4	0.89203	0.90115	0.999995	876	1	-0.047695	0.31	0.30818	0.999995	309	0	-0.047695
ERN1	4	0.89239	0.90138	0.999995	877	1	-0.13851	0.35302	0.35183	0.999995	346	0	-0.13851
SLC25A37	4	0.89256	0.90153	0.999995	878	1	-0.10776	0.49133	0.49038	0.999995	494	0	-0.10776
TSPO2	4	0.89362	0.90234	0.999995	879	1	0.063562	0.001888	0.0040343	0.854455	5	2	0.063562
NAPB	4	0.89483	0.90308	0.999995	880	1	-0.00051145	0.35234	0.35107	0.999995	345	0	-0.00051145
FCRL3	4	0.89535	0.90348	0.999995	881	1	-0.044644	0.18907	0.18955	0.999995	196	0	-0.044644
DUOX2	4	0.89621	0.90395	0.999995	882	1	-0.11297	0.658	0.65735	0.999995	663	0	-0.11297
PRSS37	4	0.89656	0.90418	0.999995	883	1	-0.1221	0.62044	0.61934	0.999995	624	0	-0.1221
RCBTB2	4	0.89673	0.9043	0.999995	884	1	-0.058156	0.32551	0.32404	0.999995	323	0	-0.058156
POU5F2	4	0.89809	0.90534	0.999995	885	1	-0.041479	0.35842	0.35702	0.999995	354	0	-0.041479
DMP1	4	0.89826	0.90545	0.999995	886	1	-0.09765	0.051994	0.052492	0.999995	54	1	-0.09765
BECN2	4	0.90011	0.9068	0.999995	887	1	-0.12926	0.18344	0.18387	0.999995	189	0	-0.12926
SEC11A	4	0.90094	0.90742	0.999995	888	1	-0.019585	0.044758	0.045714	0.999995	47	1	-0.019585
LDB2	4	0.90275	0.90859	0.999995	889	1	-0.063948	0.60336	0.60279	0.999995	607	0	-0.063948
ADAP2	4	0.90373	0.90928	0.999995	890	1	-0.090261	0.48107	0.48009	0.999995	483	0	-0.090261
TMEM185B	4	0.90437	0.90972	0.999995	891	1	-0.095623	0.69154	0.69083	0.999995	691	0	-0.095623
BATF3	4	0.90534	0.91036	0.999995	892	1	-0.057877	0.49302	0.49216	0.999995	497	0	-0.057877
H2AFX	4	0.90566	0.91056	0.999995	893	1	-0.09241	0.51466	0.51368	0.999995	518	0	-0.09241
NSDHL	4	0.9085	0.91271	0.999995	894	1	-0.11544	0.034741	0.03599	0.999995	36	1	-0.11544
PCBD1	4	0.90881	0.91286	0.999995	895	1	-0.11396	0.70038	0.70004	0.999995	703	0	-0.11396
PPP2R1B	4	0.90944	0.9133	0.999995	896	1	-0.11856	0.26636	0.26524	0.999995	266	0	-0.11856
SLC22A13	4	0.91021	0.91396	0.999995	897	1	-0.12205	0.74481	0.74426	0.999995	739	0	-0.12205
SBF1	4	0.91113	0.91465	0.999995	898	1	-0.068145	0.64824	0.64758	0.999995	652	0	-0.068145
NR5A1	4	0.91128	0.91478	0.999995	899	1	-0.010662	0.25589	0.25484	0.999995	259	0	-0.010662
EPHA3	4	0.91159	0.915	0.999995	900	1	-0.037686	0.433	0.43207	0.999995	437	0	-0.037686
RPL3L	4	0.9128	0.91598	0.999995	901	1	-0.060191	0.4782	0.477	0.999995	480	0	-0.060191
SEC23B	4	0.91295	0.91611	0.999995	902	1	-0.142	0.84339	0.84538	0.999995	826	0	-0.142
EZH2	4	0.9131	0.91622	0.999995	903	1	-0.0025137	0.091058	0.091049	0.999995	92	0	-0.0025137
SRI	4	0.91355	0.91642	0.999995	904	1	-0.078214	0.10582	0.10648	0.999995	109	0	-0.078214
XPR1	4	0.91385	0.91665	0.999995	905	1	-0.07851	0.51521	0.51422	0.999995	519	0	-0.07851
IAPP	4	0.91429	0.91694	0.999995	906	1	-0.040789	0.068124	0.068339	0.999995	70	1	-0.040789
HMSD	4	0.91444	0.91706	0.999995	907	1	-0.076361	0.60943	0.60856	0.999995	614	0	-0.076361
IL6R	4	0.91606	0.9183	0.999995	908	1	-0.072999	0.22535	0.2249	0.999995	232	0	-0.072999
HPS1	4	0.9191	0.92068	0.999995	909	1	-0.10921	0.7193	0.71859	0.999995	722	0	-0.10921
SEC11C	4	0.92065	0.92199	0.999995	910	1	-0.048223	0.36646	0.36524	0.999995	363	0	-0.048223
CNOT6L	4	0.9226	0.92375	0.999995	911	1	-0.028438	0.13566	0.13604	0.999995	140	0	-0.028438
S100A6	4	0.92287	0.924	0.999995	912	1	-0.046285	0.20341	0.20321	0.999995	208	0	-0.046285
ABCB1	4	0.92301	0.92409	0.999995	913	1	-0.052646	0.2826	0.281	0.999995	281	0	-0.052646
STAM2	4	0.92315	0.92414	0.999995	914	1	0.026446	0.22921	0.22879	0.999995	235	0	0.026446
CAB39L	4	0.92397	0.92486	0.999995	915	1	-0.046079	0.46599	0.46551	0.999995	470	0	-0.046079
SLC17A2	4	0.92491	0.92578	0.999995	916	1	-0.12184	0.10063	0.10072	0.999995	103	0	-0.12184
CREBBP	4	0.92518	0.92602	0.999995	917	1	-0.095701	0.66467	0.66376	0.999995	671	0	-0.095701
ADARB2	4	0.92572	0.92653	0.999995	918	1	-0.10401	0.39914	0.39747	0.999995	403	0	-0.10401
PHLDA3	4	0.92638	0.92699	0.999995	919	1	-0.074965	0.61496	0.61385	0.999995	619	0	-0.074965
SATB1	4	0.92704	0.92753	0.999995	920	1	-0.060968	0.50254	0.50132	0.999995	504	0	-0.060968
CYP7A1	4	0.92796	0.92837	0.999995	921	1	-0.10511	0.75148	0.75153	0.999995	745	0	-0.10511
TOMM40L	4	0.92848	0.92885	0.999995	922	1	-0.10854	0.59818	0.59784	0.999995	602	0	-0.10854
DCAF4L2	4	0.92977	0.93006	0.999995	923	1	-0.032755	0.14821	0.1483	0.999995	155	0	-0.032755
PUM1	4	0.93003	0.93039	0.999995	924	1	-0.12081	0.74142	0.74093	0.999995	738	0	-0.12081
GSX2	4	0.93079	0.93118	0.999995	925	1	-0.0005707	0.21835	0.21777	0.999995	223	0	-0.0005707
PDS5B	4	0.9318	0.93193	0.999995	926	1	-0.13421	0.6559	0.65511	0.999995	660	0	-0.13421
DMD	4	0.9323	0.93246	0.999995	927	1	-0.047652	0.29134	0.28965	0.999995	288	0	-0.047652
SLC35F4	4	0.93242	0.93256	0.999995	928	1	-0.093187	0.56598	0.56608	0.999995	567	0	-0.093187
IDH3B	4	0.9328	0.93297	0.999995	929	1	-0.066403	0.22146	0.22111	0.999995	227	0	-0.066403
FNIP2	4	0.93366	0.93375	0.999995	930	1	-0.12272	0.64307	0.64232	0.999995	646	0	-0.12272
UAP1	4	0.9339	0.93401	0.999995	931	1	-0.097099	0.73106	0.73072	0.999995	732	0	-0.097099
IQCA1L	4	0.93403	0.93413	0.999995	932	1	-0.041712	0.20894	0.20837	0.999995	211	0	-0.041712
DLL1	4	0.93808	0.93796	0.999995	933	0	-0.043563	0.51302	0.51197	0.999995	516	0	-0.043563
EFNB1	4	0.93867	0.93843	0.999995	934	0	-0.065526	0.68959	0.68896	0.999995	689	0	-0.065526
LNX2	4	0.93901	0.93887	0.999995	935	0	-0.027504	0.41562	0.41431	0.999995	417	0	-0.027504
TMEM9	4	0.93924	0.9391	0.999995	936	0	-0.088257	0.2723	0.27101	0.999995	274	0	-0.088257
AIPL1	4	0.94016	0.93997	0.999995	937	0	-0.089995	0.16145	0.16147	0.999995	168	0	-0.089995
ERO1A	4	0.94027	0.94014	0.999995	938	0	-0.046355	0.25288	0.25176	0.999995	257	0	-0.046355
SCN10A	4	0.94038	0.94025	0.999995	939	0	-0.040634	0.2323	0.23175	0.999995	238	0	-0.040634
DZIP1L	4	0.94195	0.94173	0.999995	940	0	-0.113	0.15568	0.15568	0.999995	163	0	-0.113
CNOT8	3	0.94251	0.94181	0.999995	941	0	-0.09515	0.67603	0.67575	0.999995	679	0	-0.09515
VANGL1	4	0.94273	0.94252	0.999995	942	0	-0.067076	0.59437	0.59413	0.999995	597	0	-0.067076
NKAPL	4	0.94305	0.94281	0.999995	943	0	-0.1032	0.014471	0.016637	0.999995	16	1	-0.1032
SOHLH1	4	0.94338	0.94318	0.999995	944	0	-0.10438	0.7577	0.75773	0.999995	751	0	-0.10438
LHFPL5	4	0.94511	0.9451	0.999995	945	0	-0.10322	0.23307	0.2325	0.999995	239	0	-0.10322
EAF2	4	0.94585	0.94579	0.999995	946	0	-0.11843	0.7342	0.73393	0.999995	733	0	-0.11843
NR5A2	4	0.94595	0.94587	0.999995	947	0	-0.1078	0.098029	0.097995	0.999995	101	0	-0.1078
XPO7	4	0.94606	0.94594	0.999995	948	0	-0.075263	0.16637	0.1664	0.999995	174	0	-0.075263
G3BP2	4	0.94627	0.94617	0.999995	949	0	-0.13957	0.72469	0.72429	0.999995	728	0	-0.13957
RNF125	4	0.94668	0.94662	0.999995	950	0	-0.064542	0.27746	0.27618	0.999995	278	0	-0.064542
KRT38	4	0.9471	0.94713	0.999995	951	0	-0.0024538	0.12466	0.1251	0.999995	128	0	-0.0024538
PLD2	4	0.94741	0.94745	0.999995	952	0	-0.076716	0.46657	0.46605	0.999995	471	0	-0.076716
HRH1	4	0.94772	0.9478	0.999995	953	0	-0.11662	0.16309	0.16304	0.999995	169	0	-0.11662
SLC9A3R1	4	0.94823	0.94844	0.999995	954	0	-0.11207	0.21365	0.21296	0.999995	217	0	-0.11207
ERC2	4	0.94833	0.94852	0.999995	955	0	-0.10571	0.56145	0.56159	0.999995	562	0	-0.10571
NXT2	4	0.94934	0.94954	0.999995	956	0	-0.1396	0.035655	0.036813	0.999995	37	1	-0.1396
CD44	4	0.94994	0.95026	0.999995	957	0	-0.090244	0.14069	0.14093	0.999995	147	0	-0.090244
ATOH1	4	0.95004	0.95039	0.999995	958	0	-0.038404	0.45297	0.45241	0.999995	456	0	-0.038404
CDK16	4	0.95053	0.95088	0.999995	959	0	-0.082107	0.51575	0.51472	0.999995	520	0	-0.082107
RANBP17	4	0.95083	0.95115	0.999995	960	0	-0.083103	0.50808	0.50711	0.999995	511	0	-0.083103
FKBP9	4	0.95102	0.95136	0.999995	961	0	-0.1008	0.12975	0.13003	0.999995	136	0	-0.1008
MTA3	4	0.95112	0.95145	0.999995	962	0	-0.13024	0.55432	0.55377	0.999995	556	0	-0.13024
TAF9	4	0.95304	0.95357	0.999995	963	0	-0.077301	0.65505	0.65428	0.999995	659	0	-0.077301
TBC1D1	4	0.95323	0.95384	0.999995	964	0	-0.10472	0.55073	0.54993	0.999995	554	0	-0.10472
IKBKB	4	0.95342	0.95399	0.999995	965	0	0.016229	0.087558	0.087608	0.999995	88	0	0.016229
EFR3A	4	0.955	0.95555	0.999995	966	0	-0.12044	0.43971	0.43896	0.999995	444	0	-0.12044
STX4	4	0.95555	0.95614	0.999995	967	0	-0.0092638	0.31071	0.30891	0.999995	310	0	-0.0092638
GIT1	4	0.95672	0.9573	0.999995	968	0	-0.07054	0.44396	0.44335	0.999995	446	0	-0.07054
RAD17	3	0.95694	0.95657	0.999995	969	0	0.048796	0.1179	0.11845	0.999995	120	0	0.048796
CHRNB3	4	0.95795	0.95845	0.999995	970	0	-0.023291	0.06545	0.065684	0.999995	68	1	-0.023291
ITSN1	4	0.95847	0.95889	0.999995	971	0	-0.083156	0.49246	0.49159	0.999995	496	0	-0.083156
IL6ST	4	0.95882	0.95925	0.999995	972	0	-0.092652	0.38362	0.3826	0.999995	383	0	-0.092652
YIPF7	4	0.95925	0.95972	0.999995	973	0	-0.046881	0.45356	0.45309	0.999995	457	0	-0.046881
NCK2	4	0.9595	0.96	0.999995	974	0	-0.074071	0.16719	0.16722	0.999995	175	0	-0.074071
SIRPA	3	0.96006	0.9596	0.999995	975	0	-0.030084	0.53653	0.53504	0.999995	540	0	-0.030084
GPR50	4	0.96084	0.96147	0.999995	976	0	-0.058987	0.49471	0.49371	0.999995	499	0	-0.058987
ADARB1	4	0.96133	0.9619	0.999995	977	0	-0.073879	0.62406	0.62325	0.999995	626	0	-0.073879
TNKS	4	0.9615	0.96199	0.999995	978	0	-0.048545	0.46364	0.46321	0.999995	468	0	-0.048545
PPP2CB	3	0.96334	0.96285	0.999995	979	0	0.018615	0.075799	0.07566	0.999995	77	0	0.018615
ZDHHC13	4	0.96504	0.96541	0.999995	980	0	-0.059463	0.15153	0.15163	0.999995	159	0	-0.059463
ATAD2B	4	0.96534	0.9657	0.999995	981	0	-0.044187	0.45058	0.4498	0.999995	455	0	-0.044187
CLIP4	4	0.96557	0.96592	0.999995	982	0	-0.0258	0.40869	0.40725	0.999995	411	0	-0.0258
FRY	4	0.96579	0.96618	0.999995	983	0	-0.050114	0.42436	0.42356	0.999995	426	0	-0.050114
RANBP6	3	0.96651	0.96599	0.999995	984	0	-0.074918	0.57465	0.57349	0.999995	578	0	-0.074918
RHBDF2	4	0.9669	0.96722	0.999995	985	0	-0.096711	0.3283	0.32681	0.999995	326	0	-0.096711
CRX	4	0.96712	0.96743	0.999995	986	0	-0.057848	0.28698	0.28535	0.999995	285	0	-0.057848
G6PC	4	0.96784	0.96827	0.999995	987	0	-0.13362	0.57297	0.57327	0.999995	574	0	-0.13362
CSTF2T	4	0.96791	0.96835	0.999995	988	0	-0.11639	0.82638	0.82844	0.999995	815	0	-0.11639
EGFR	4	0.9684	0.96873	0.999995	989	0	-0.022376	0.075226	0.075548	0.999995	76	1	-0.022376
DUOX1	4	0.96847	0.9688	0.999995	990	0	-0.072021	0.40679	0.40527	0.999995	409	0	-0.072021
GXYLT2	4	0.96868	0.96902	0.999995	991	0	0.0046417	0.37045	0.36934	0.999995	370	0	0.0046417
STX17	4	0.96889	0.96921	0.999995	992	0	-0.068513	0.14404	0.14416	0.999995	151	0	-0.068513
FLNB	4	0.96924	0.96946	0.999995	993	0	-0.081896	0.4385	0.43768	0.999995	442	0	-0.081896
GBX1	4	0.96985	0.96999	0.999995	994	0	-0.042809	0.0032816	0.0060537	0.902847	7	1	-0.042809
DYNLRB2	4	0.97046	0.97064	0.999995	995	0	-0.038811	0.53929	0.53848	0.999995	542	0	-0.038811
RHOBTB2	4	0.97079	0.97097	0.999995	996	0	-0.080085	0.76476	0.76525	0.999995	759	0	-0.080085
DRD3	4	0.97093	0.97111	0.999995	997	0	-0.096871	0.6825	0.68155	0.999995	684	0	-0.096871
HEATR5B	4	0.97216	0.97222	0.999995	998	0	-0.068063	0.48622	0.48514	0.999995	490	0	-0.068063
CAB39	4	0.97248	0.97257	0.999995	999	0	0.025237	0.086681	0.08658	0.999995	87	0	0.025237
CYP2C8	4	0.97261	0.97271	0.999995	1000	0	0.022722	0.20024	0.20001	0.999995	204	0	0.022722
GRIP2	4	0.9728	0.97292	0.999995	1001	0	-0.060331	0.29784	0.29579	0.999995	295	0	-0.060331
MEP1B	4	0.97298	0.97306	0.999995	1002	0	-0.066725	0.041124	0.042198	0.999995	43	1	-0.066725
MDM4	4	0.97373	0.97385	0.999995	1003	0	-0.090488	0.54347	0.54236	0.999995	547	0	-0.090488
HRH3	4	0.97409	0.97422	0.999995	1004	0	-0.049605	0.49415	0.49317	0.999995	498	0	-0.049605
CDNF	4	0.97463	0.97477	0.999995	1005	0	-0.062642	0.60007	0.59982	0.999995	603	0	-0.062642
TPRX1	4	0.97615	0.9762	0.999995	1006	0	-0.084571	0.1187	0.11875	0.999995	121	0	-0.084571
ARPC5L	4	0.97621	0.97623	0.999995	1007	0	-0.08031	0.39464	0.39316	0.999995	397	0	-0.08031
SPHKAP	4	0.97632	0.97633	0.999995	1008	0	-0.040645	0.5031	0.50192	0.999995	505	0	-0.040645
SHCBP1L	4	0.97638	0.97641	0.999995	1009	0	-0.048115	0.26264	0.26146	0.999995	263	0	-0.048115
PSEN2	4	0.97705	0.97715	0.999995	1010	0	0.0042267	0.33038	0.32891	0.999995	329	0	0.0042267
ARHGEF6	4	0.97732	0.97739	0.999995	1011	0	0.022449	0.2782	0.2768	0.999995	279	0	0.022449
NR2E1	4	0.97754	0.97762	0.999995	1012	0	-0.061211	0.18021	0.18025	0.999995	185	0	-0.061211
ZG16	4	0.97824	0.97831	0.999995	1013	0	-0.096089	0.70378	0.70326	0.999995	705	0	-0.096089
TBPL2	4	0.97898	0.97898	0.999995	1014	0	-0.079032	0.1432	0.14357	0.999995	150	0	-0.079032
ALAS2	4	0.98029	0.98036	0.999995	1015	0	-0.033772	0.55279	0.55217	0.999995	555	0	-0.033772
DENND5B	4	0.98083	0.98083	0.999995	1016	0	-0.01989	0.025567	0.026884	0.999995	27	1	-0.01989
MAP4K4	4	0.98164	0.98154	0.999995	1017	0	0.04917	0.051091	0.051595	0.999995	53	1	0.04917
CAV1	4	0.9821	0.98201	0.999995	1018	0	-0.098833	0.73835	0.73801	0.999995	736	0	-0.098833
DYNC1LI1	3	0.98225	0.98198	0.999995	1019	0	-0.036636	0.3208	0.31893	0.999995	318	0	-0.036636
FRYL	4	0.9826	0.98254	0.999995	1020	0	-0.042244	0.18183	0.18211	0.999995	187	0	-0.042244
MPC1L	4	0.98331	0.98323	0.999995	1021	0	0.027295	0.0026882	0.0055021	0.902847	6	2	0.027295
MTUS1	4	0.98357	0.9836	0.999995	1022	0	-0.012397	0.40552	0.40402	0.999995	408	0	-0.012397
TAF9B	2	0.98391	0.98424	0.999995	1023	0	0.014583	0.21656	0.21653	0.999995	220	0	0.014583
CAT	4	0.98462	0.98491	0.999995	1024	0	-0.069442	0.35167	0.35052	0.999995	344	0	-0.069442
LNX1	4	0.98539	0.98569	0.999995	1025	0	-0.018379	0.39271	0.39104	0.999995	394	0	-0.018379
AQP8	4	0.98554	0.98581	0.999995	1026	0	-0.038373	0.2964	0.29456	0.999995	294	0	-0.038373
ANXA1	4	0.98593	0.98609	0.999995	1027	0	-0.044258	0.037481	0.03873	0.999995	39	1	-0.044258
NDE1	4	0.9862	0.98629	0.999995	1028	0	0.032212	0.12296	0.12345	0.999995	126	0	0.032212
TMEM185A	4	0.98765	0.98776	0.999995	1029	0	-0.037566	0.22767	0.22733	0.999995	234	0	-0.037566
OSMR	4	0.98853	0.98859	0.999995	1030	0	-0.065648	0.48792	0.48684	0.999995	491	0	-0.065648
ZNF521	4	0.98908	0.98905	0.999995	1031	0	-0.007639	0.40106	0.39931	0.999995	404	0	-0.007639
SUSD1	4	0.98997	0.99001	0.999995	1032	0	-0.024041	0.11442	0.11468	0.999995	116	0	-0.024041
FEZ1	4	0.99003	0.99008	0.999995	1033	0	0.033333	0.073454	0.073612	0.999995	75	1	0.033333
PPP3R1	4	0.99006	0.99011	0.999995	1034	0	0.0035311	0.32271	0.32107	0.999995	321	0	0.0035311
RNF144A	4	0.99052	0.99045	0.999995	1035	0	-0.055529	0.13986	0.14001	0.999995	146	0	-0.055529
ITSN2	4	0.9913	0.99125	0.999995	1036	0	0.019839	0.1794	0.17945	0.999995	184	0	0.019839
SS18	4	0.99172	0.99161	0.999995	1037	0	-0.023972	0.15485	0.15487	0.999995	162	0	-0.023972
SPTLC3	4	0.99174	0.99167	0.999995	1038	0	0.003168	0.050188	0.050903	0.999995	52	1	0.003168
SMAP2	4	0.99195	0.9919	0.999995	1039	0	-0.024595	0.35977	0.35838	0.999995	356	0	-0.024595
TREML4	3	0.99199	0.99208	0.999995	1040	0	0.052748	0.1295	0.1301	0.999995	135	0	0.052748
TAF1L	3	0.99224	0.99232	0.999995	1041	0	-0.017734	0.37685	0.37515	0.999995	376	0	-0.017734
ATP7B	4	0.99227	0.99218	0.999995	1042	0	-0.035059	0.44998	0.44923	0.999995	454	0	-0.035059
RBPJ	4	0.99284	0.99279	0.999995	1043	0	-0.017033	0.51847	0.51736	0.999995	524	0	-0.017033
TEX45	4	0.99333	0.99317	0.999995	1044	0	-0.040696	0.36713	0.36585	0.999995	365	0	-0.040696
RUNX1	4	0.99419	0.99422	0.999995	1045	0	-0.01123	0.10496	0.10545	0.999995	108	0	-0.01123
DGAT2L6	4	0.99457	0.99459	0.999995	1046	0	-0.0049555	0.4017	0.39975	0.999995	405	0	-0.0049555
RYBP	3	0.99502	0.99492	0.999995	1047	0	-0.0028392	0.064396	0.064319	0.999995	66	0	-0.0028392
NCBP2L	4	0.99576	0.99582	0.999995	1048	0	-0.021908	0.38947	0.38788	0.999995	391	0	-0.021908
CLASP2	4	0.99615	0.99611	0.999995	1049	0	0.0012593	0.19067	0.19114	0.999995	198	0	0.0012593
ARFIP1	4	0.99655	0.99664	0.999995	1050	0	0.03937	0.1289	0.12925	0.999995	134	0	0.03937
GYS2	4	0.99661	0.99669	0.999995	1051	0	-0.034566	0.47992	0.4788	0.999995	482	0	-0.034566
RC3H2	4	0.99679	0.99689	0.999995	1052	0	-0.013083	0.33108	0.32959	0.999995	330	0	-0.013083
RC3H1	4	0.99773	0.99775	0.999995	1053	0	0.02694	0.17778	0.17778	0.999995	183	0	0.02694
ZNF260	4	0.99793	0.99799	0.999995	1054	0	0.025839	0.038393	0.039506	0.999995	40	1	0.025839
DYNLT1	4	0.99813	0.99821	0.999995	1055	0	0.02527	0.06277	0.063048	0.999995	65	1	0.02527
LIF	4	0.99825	0.9984	0.999995	1056	0	0.034233	0.076996	0.07738	0.999995	79	1	0.034233
RB1	4	0.99889	0.99907	0.999995	1057	0	0.025913	0.09542	0.095181	0.999995	98	0	0.025913
SIK2	4	0.99995	0.99998	0.999995	1058	0	0.15127	7.8476e-08	4.6747e-06	0.002475	1	3	0.15127
TP53	4	1.0	1.0	0.999995	1059	0	0.21181	7.432e-07	4.6747e-06	0.002475	2	3	0.21181
