id	num	neg|score	neg|p-value	neg|fdr	neg|rank	neg|goodsgrna	neg|lfc	pos|score	pos|p-value	pos|fdr	pos|rank	pos|goodsgrna	pos|lfc
MYC	8	3.9562e-10	4.6703e-06	0.00165	1	8	-2.4394	1.0	1.0	0.999995	1060	0	-2.4394
RRM1	8	3.7515e-09	4.6703e-06	0.00165	2	8	-4.0441	1.0	1.0	0.999995	1059	0	-4.0441
CKAP5	8	5.6951e-07	4.6703e-06	0.00165	3	8	-2.5282	1.0	1.0	0.999995	1058	0	-2.5282
TOMM40	7	2.1399e-06	2.3351e-05	0.00275	4	7	-1.1696	1.0	1.0	0.999995	1057	0	-1.1696
BUB3	4	3.2812e-06	1.4011e-05	0.002122	5	4	-3.1484	1.0	1.0	0.999995	1056	0	-3.1484
RPS19	4	4.8563e-06	1.4011e-05	0.002122	6	4	-3.6388	1.0	1.0	0.999995	1055	0	-3.6388
PPP4C	4	4.8972e-06	1.4011e-05	0.002122	7	4	-3.6614	0.99991	0.9999	0.999995	1042	0	-3.6614
NAE1	8	5.5836e-06	1.4011e-05	0.002122	8	7	-1.7224	0.97551	0.9938	0.999995	927	1	-1.7224
TOP2A	4	7.322e-06	2.3351e-05	0.00275	9	4	-2.8129	0.99999	1.0	0.999995	1054	0	-2.8129
NAA10	4	8.4177e-06	3.2692e-05	0.00315	10	4	-3.1462	0.99999	0.99999	0.999995	1053	0	-3.1462
POLR2L	4	8.5628e-06	3.2692e-05	0.00315	11	4	-4.7361	0.99999	0.99999	0.999995	1052	0	-4.7361
RRM2	4	9.6419e-06	4.2033e-05	0.003713	12	2	-2.0603	0.67285	0.82287	0.999995	783	2	-2.0603
ALDOA	4	1.4925e-05	6.0714e-05	0.004368	13	4	-3.8326	0.99998	0.99998	0.999995	1047	0	-3.8326
SF3B3	4	1.4938e-05	6.0714e-05	0.004368	14	4	-3.2117	0.99999	0.99999	0.999995	1051	0	-3.2117
ATP5F1A	4	1.7781e-05	7.0054e-05	0.004368	15	4	-2.9827	0.99998	0.99999	0.999995	1050	0	-2.9827
MTG2	4	1.9617e-05	7.0054e-05	0.004368	16	4	-2.1904	0.99998	0.99999	0.999995	1049	0	-2.1904
KIF11	4	2.1885e-05	7.0054e-05	0.004368	17	4	-3.8466	0.99998	0.99998	0.999995	1048	0	-3.8466
CCND1	4	2.7178e-05	7.9395e-05	0.004429	18	4	-3.5804	0.99997	0.99997	0.999995	1045	0	-3.5804
RPL36	4	2.7703e-05	7.9395e-05	0.004429	19	4	-3.136	0.99997	0.99998	0.999995	1046	0	-3.136
RPS5	4	3.9486e-05	0.00010742	0.005693	20	3	-4.1611	0.99635	0.99641	0.999995	980	0	-4.1611
RPA1	4	5.165e-05	0.00013544	0.006836	21	4	-2.9442	0.99995	0.99995	0.999995	1044	0	-2.9442
PRPF8	4	6.6751e-05	0.00019148	0.008825	22	4	-4.0805	0.99985	0.99986	0.999995	1040	0	-4.0805
COPA	4	6.8585e-05	0.00019148	0.008825	23	4	-3.2452	0.99993	0.99993	0.999995	1043	0	-3.2452
CDIPT	4	9.722e-05	0.00037829	0.016708	24	3	-2.9175	0.95893	0.96306	0.999995	904	1	-2.9175
CPSF3	4	0.00012734	0.00054642	0.023168	25	4	-2.0446	0.99987	0.99986	0.999995	1041	0	-2.0446
TRRAP	4	0.00019535	0.00089202	0.032853	26	4	-3.7086	0.9998	0.99983	0.999995	1039	0	-3.7086
CTR9	4	0.00019688	0.00089202	0.032853	27	4	-1.9105	0.9998	0.99983	0.999995	1038	0	-1.9105
ZNF407	4	0.0002143	0.00090136	0.032853	28	4	-3.3149	0.99979	0.9998	0.999995	1037	0	-3.3149
TOP1	4	0.00022428	0.00093873	0.032853	29	4	-3.9424	0.99978	0.99979	0.999995	1036	0	-3.9424
ISCA2	4	0.00023112	0.00098543	0.032853	30	4	-2.1158	0.99977	0.99979	0.999995	1035	0	-2.1158
SMC1A	4	0.00023811	0.0010041	0.032853	31	4	-2.3989	0.99976	0.99978	0.999995	1034	0	-2.3989
ATP6V1B2	4	0.00024347	0.0010228	0.032853	32	4	-1.9347	0.99976	0.99977	0.999995	1033	0	-1.9347
SNRPD3	4	0.00025303	0.0010882	0.033925	33	3	-3.2929	0.18925	0.40414	0.928404	455	1	-3.2929
GAPDH	4	0.00028436	0.001247	0.036259	34	4	-3.7571	0.99951	0.99955	0.999995	1021	0	-3.7571
GTF3C1	4	0.00028551	0.001247	0.036259	35	4	-1.3206	0.99971	0.99973	0.999995	1032	0	-1.3206
RPL8	4	0.0002937	0.0012656	0.036259	36	4	-3.5785	0.99971	0.99973	0.999995	1031	0	-3.5785
INTS6	3	0.00030405	0.00092004	0.032853	37	3	-3.504	0.9997	0.99973	0.999995	1030	0	-3.504
ATP6V1C1	4	0.00031278	0.0013123	0.03651	38	4	-1.5401	0.99969	0.99972	0.999995	1029	0	-1.5401
CDK7	4	0.00033278	0.0013591	0.03651	39	4	-2.5749	0.99967	0.99971	0.999995	1028	0	-2.5749
SIN3A	4	0.00037562	0.0015459	0.038107	40	4	-1.6227	0.99962	0.99967	0.999995	1027	0	-1.6227
NMT1	4	0.00039854	0.0016673	0.039501	41	4	-1.004	0.9996	0.99961	0.999995	1026	0	-1.004
MRPL38	4	0.0004206	0.001714	0.039501	42	3	-2.6908	0.99824	0.99832	0.999995	992	0	-2.6908
RPL10A	4	0.00042293	0.0017233	0.039501	43	3	-3.5412	0.33985	0.57558	0.999995	593	1	-3.5412
MTHFD1	4	0.00044184	0.0017887	0.039501	44	4	-1.8751	0.99956	0.99958	0.999995	1025	0	-1.8751
DYNLRB1	3	0.00044315	0.0013777	0.03651	45	3	-2.4239	0.99956	0.99956	0.999995	1024	0	-2.4239
TSG101	4	0.0004677	0.0019008	0.04106	46	4	-1.2576	0.99953	0.99956	0.999995	1023	0	-1.2576
VMP1	4	0.00048555	0.0019755	0.04106	47	4	-2.7716	0.99951	0.99955	0.999995	1022	0	-2.7716
HMGCS1	3	0.00048888	0.0014525	0.036657	48	3	-2.6491	0.99951	0.99951	0.999995	1020	0	-2.6491
RPL13	3	0.00049319	0.0014525	0.036657	49	3	-2.4209	0.99951	0.99951	0.999995	1019	0	-2.4209
TOMM22	4	0.000526	0.0021437	0.043698	50	4	-1.262	0.99947	0.9995	0.999995	1018	0	-1.262
FZR1	4	0.00053568	0.0021904	0.043807	51	4	-1.7884	0.99946	0.99949	0.999995	1017	0	-1.7884
RPP21	4	0.00056264	0.0023118	0.044734	52	3	-2.1259	0.99853	0.99864	0.999995	999	0	-2.1259
PSMB3	3	0.00061425	0.0017794	0.039501	53	3	-2.7805	0.99939	0.99943	0.999995	1015	0	-2.7805
XRCC6	4	0.00065877	0.0026948	0.049249	54	4	-1.0956	0.99934	0.99943	0.999995	1014	0	-1.0956
E2F3	3	0.00067092	0.0019568	0.04106	55	3	-2.7486	0.99933	0.99938	0.999995	1013	0	-2.7486
HSCB	4	0.00067904	0.0027788	0.049924	56	3	-3.2165	0.9982	0.99827	0.999995	991	0	-3.2165
TRAPPC3	4	0.0007095	0.0028535	0.050413	57	4	-1.3334	0.99929	0.99941	0.999995	1012	0	-1.3334
XPR1	4	0.00074213	0.0029843	0.051858	58	4	-0.99545	0.99926	0.99935	0.999995	1011	0	-0.99545
NKAP	4	0.00079756	0.0031618	0.054056	59	4	-1.024	0.9992	0.99931	0.999995	1010	0	-1.024
CLNS1A	3	0.00080044	0.0023211	0.044734	60	3	-2.6153	0.9992	0.99919	0.999995	1009	0	-2.6153
DHX9	3	0.00083065	0.0023865	0.045173	61	3	-2.4182	0.99917	0.99915	0.999995	1008	0	-2.4182
COX6B1	8	0.00086772	0.0043013	0.06705	62	6	-1.0082	0.99941	0.99941	0.999995	1016	1	-1.0082
SF3B1	4	0.00086997	0.003498	0.058856	63	4	-1.4523	0.99913	0.99928	0.999995	1007	0	-1.4523
CLTC	4	0.00089357	0.0036195	0.059947	64	4	-1.6193	0.99911	0.99926	0.999995	1006	0	-1.6193
RPS11	3	0.00090621	0.0026294	0.048897	65	3	-2.2807	0.99909	0.99906	0.999995	1005	0	-2.2807
CCNL1	4	0.0010508	0.0042453	0.06705	66	4	-1.4667	0.99895	0.99912	0.999995	1004	0	-1.4667
ELL	4	0.0010671	0.0043013	0.06705	67	4	-1.0489	0.99893	0.99911	0.999995	1003	0	-1.0489
ABT1	4	0.001117	0.0044695	0.067424	68	4	-1.9304	0.99888	0.99906	0.999995	1002	0	-1.9304
RPL11	3	0.0012867	0.0036848	0.060091	69	3	-4.0138	0.99871	0.99858	0.999995	1001	0	-4.0138
MED18	8	0.0012876	0.0058425	0.086015	70	5	-1.1715	0.33423	0.67391	0.999995	588	2	-1.1715
RPL14	3	0.0015563	0.0044321	0.067424	71	3	-3.9014	0.99816	0.99804	0.999995	990	0	-3.9014
CHORDC1	3	0.0015875	0.0045162	0.067424	72	3	-3.5477	0.99745	0.99737	0.999995	986	0	-3.5477
ATP7A	4	0.001627	0.00602	0.087414	73	3	-2.0023	0.99714	0.99717	0.999995	983	0	-2.0023
RPL3	7	0.0016381	0.0071782	0.100117	74	4	-1.4856	0.7926	0.93921	0.999995	833	2	-1.4856
SBNO1	4	0.0017011	0.0062161	0.089042	75	3	-2.1257	0.32898	0.5637	0.999995	581	1	-2.1257
EIF4A3	4	0.001986	0.0068233	0.096436	76	3	-2.912	0.66398	0.81786	0.999995	778	1	-2.912
PSMC3	4	0.0023048	0.0076546	0.105375	77	3	-2.8323	0.87599	0.93029	0.999995	855	1	-2.8323
MED12	4	0.0028271	0.0089342	0.121414	78	3	-2.3909	0.98462	0.98487	0.999995	948	0	-2.3909
PPP2R1A	4	0.0030662	0.0094386	0.126645	79	3	-1.528	0.33443	0.56955	0.999995	589	1	-1.528
SF3A1	4	0.0033852	0.010317	0.135008	80	3	-1.9533	0.91401	0.94199	0.999995	870	1	-1.9533
LARP1	4	0.0034801	0.010531	0.13608	81	3	-1.5989	0.83864	0.9212	0.999995	848	1	-1.5989
POLR2B	4	0.0035768	0.010784	0.13608	82	3	-2.0317	0.17735	0.38902	0.916667	445	1	-2.0317
ATP5F1B	4	0.00375	0.011111	0.13729	83	3	-2.0325	0.9981	0.9982	0.999995	989	0	-2.0325
RAN	4	0.0037673	0.011139	0.13729	84	3	-2.5664	0.95977	0.96355	0.999995	906	1	-2.5664
RPS8	3	0.0039617	0.010756	0.13608	85	3	-3.086	0.99403	0.99395	0.999995	972	0	-3.086
CCT6A	3	0.0045715	0.012474	0.150259	86	3	-2.7623	0.995	0.99487	0.999995	975	0	-2.7623
UTP14A	4	0.0049341	0.014174	0.168817	87	3	-1.2812	0.98969	0.99013	0.999995	958	0	-1.2812
RPL18A	2	0.004999	0.009915	0.131374	88	2	-2.948	0.995	0.99476	0.999995	976	0	-2.948
VCP	4	0.0057546	0.016276	0.191694	89	3	-1.4592	0.53305	0.74887	0.999995	733	1	-1.4592
RPL37A	2	0.0057587	0.011372	0.138557	90	1	-2.496	0.3254	0.47632	0.963542	578	1	-2.496
PMPCB	4	0.0059842	0.016864	0.196442	91	2	-1.2687	0.97873	0.97895	0.999995	932	0	-1.2687
NAPA	4	0.006161	0.017322	0.198818	92	3	-1.3343	0.99826	0.99834	0.999995	993	0	-1.3343
NAA15	4	0.0062305	0.017443	0.198818	93	3	-1.4526	0.99443	0.99466	0.999995	973	0	-1.4526
ILF3	4	0.0064776	0.018023	0.203234	94	3	-2.0205	0.10154	0.26316	0.865683	315	1	-2.0205
EIF3B	4	0.0065854	0.018322	0.204429	95	3	-2.1738	0.9979	0.99799	0.999995	988	0	-2.1738
PDCD6IP	4	0.0067309	0.018742	0.20477	96	3	-1.4174	0.97682	0.97697	0.999995	929	1	-1.4174
CDS2	4	0.0068414	0.018975	0.20477	97	3	-1.2835	0.41729	0.65472	0.999995	650	1	-1.2835
LONP1	4	0.0069157	0.019125	0.20477	98	3	-1.8967	0.96883	0.97044	0.999995	914	1	-1.8967
COX4I1	4	0.0073337	0.020208	0.214208	99	3	-1.0953	0.99852	0.9986	0.999995	998	0	-1.0953
XAB2	4	0.0076475	0.020928	0.218345	100	3	-1.4494	0.98747	0.988	0.999995	955	0	-1.4494
RPL19	4	0.0078244	0.02132	0.218345	101	2	-1.2291	0.54443	0.75473	0.999995	739	2	-1.2291
MED20	4	0.0080108	0.021899	0.221075	102	3	-1.6593	0.99831	0.99839	0.999995	995	0	-1.6593
PSMB6	4	0.0081757	0.022338	0.223379	103	3	-1.2324	0.99121	0.99165	0.999995	964	0	-1.2324
CDK8	4	0.0083428	0.02274	0.225271	104	3	-1.1505	0.99615	0.99628	0.999995	977	0	-1.1505
RPS3	3	0.008533	0.021096	0.218345	105	2	-2.8216	0.98126	0.98104	0.999995	941	0	-2.8216
TUFM	3	0.0086758	0.021423	0.218345	106	2	-3.0195	0.81892	0.86281	0.999995	842	1	-3.0195
SFPQ	4	0.0087371	0.023562	0.231252	107	1	0.29969	0.72161	0.85044	0.999995	803	2	0.29969
PRPF38A	4	0.0089008	0.024057	0.233945	108	3	-1.04	0.14583	0.34913	0.887468	414	1	-1.04
PSMA2	4	0.0094146	0.025318	0.242217	109	2	-1.4042	0.28626	0.517	0.995548	551	2	-1.4042
RC3H1	4	0.0094365	0.025364	0.242217	110	3	-0.82604	0.99741	0.99746	0.999995	985	0	-0.82604
SLC25A28	4	0.0097583	0.02614	0.247392	111	3	-0.85886	0.98538	0.98573	0.999995	952	0	-0.85886
RPS23	2	0.0098621	0.019078	0.20477	112	2	-2.7512	0.99014	0.98979	0.999995	962	0	-2.7512
TIMM10	4	0.01023	0.027335	0.254169	113	3	-0.97277	0.9939	0.99421	0.999995	971	0	-0.97277
NDUFB4	4	0.010471	0.027896	0.257124	114	3	-1.0372	0.94745	0.95651	0.999995	890	1	-1.0372
RNF20	4	0.010716	0.028465	0.257139	115	3	-0.75822	0.92151	0.94503	0.999995	875	1	-0.75822
BCAP31	4	0.010815	0.028774	0.257139	116	3	-0.71729	0.9728	0.97351	0.999995	921	1	-0.71729
RBM22	4	0.010964	0.029157	0.257139	117	3	-0.86166	0.61193	0.78999	0.999995	757	1	-0.86166
CTPS1	4	0.011015	0.029334	0.257139	118	3	-1.614	0.87228	0.92913	0.999995	853	1	-1.614
PFN1	4	0.011031	0.029353	0.257139	119	2	-1.0046	0.68646	0.83037	0.999995	788	2	-1.0046
SNRPD2	3	0.011769	0.026485	0.248445	120	2	-2.6465	0.94451	0.94387	0.999995	888	0	-2.6465
EIF3J	4	0.011784	0.031146	0.270614	121	3	-1.1582	0.98992	0.99043	0.999995	959	0	-1.1582
SF1	4	0.011942	0.031566	0.272036	122	3	-0.98784	0.93324	0.94953	0.999995	883	1	-0.98784
RNF113A	4	0.012154	0.032108	0.274473	123	3	-1.1361	0.73012	0.85538	0.999995	806	1	-1.1361
TOP1MT	4	0.012423	0.032771	0.276106	124	3	-0.8346	0.088698	0.23555	0.860959	289	1	-0.8346
SNRPB	4	0.012527	0.032967	0.276106	125	3	-1.4762	0.966	0.96814	0.999995	911	1	-1.4762
POLR2A	4	0.012586	0.033182	0.276106	126	3	-1.4593	0.98904	0.9895	0.999995	957	0	-1.4593
PIP4P1	4	0.012641	0.033341	0.276106	127	3	-0.75536	0.97909	0.97938	0.999995	934	0	-0.75536
TUBB	3	0.013044	0.028493	0.257139	128	2	-2.53	0.71148	0.82014	0.999995	796	1	-2.53
BUB1B	4	0.013423	0.035181	0.289086	129	3	-1.0263	0.99355	0.99386	0.999995	969	0	-1.0263
ACTL6A	4	0.013767	0.035919	0.289791	130	3	-1.7177	0.63369	0.80138	0.999995	765	1	-1.7177
CDK2	4	0.013825	0.036087	0.289791	131	3	-2.0746	0.92381	0.94586	0.999995	876	1	-2.0746
SEPHS2	4	0.013988	0.036452	0.290516	132	2	-1.5044	0.99699	0.99704	0.999995	982	0	-1.5044
MRPL41	4	0.014531	0.037535	0.296919	133	3	-0.83588	0.9983	0.99839	0.999995	994	0	-0.83588
STT3B	4	0.014711	0.037974	0.296921	134	3	-0.94531	0.94296	0.95413	0.999995	886	1	-0.94531
ATP6V1D	4	0.014893	0.038376	0.296921	135	3	-0.70438	0.72067	0.8499	0.999995	801	1	-0.70438
HASPIN	4	0.015199	0.039086	0.300222	136	3	-0.7052	0.97211	0.97291	0.999995	918	1	-0.7052
RPL5	4	0.016012	0.040926	0.310644	137	3	-1.3193	0.78743	0.88999	0.999995	831	1	-1.3193
SIN3B	4	0.016076	0.041028	0.310644	138	3	-0.59029	0.91761	0.94343	0.999995	872	1	-0.59029
GDI2	8	0.016176	0.052246	0.361418	139	4	-0.41945	0.6085	0.87278	0.999995	755	2	-0.41945
MED13	4	0.016984	0.043177	0.324067	140	3	-0.60916	0.98486	0.98518	0.999995	949	0	-0.60916
GFM1	4	0.017183	0.043494	0.324067	141	3	-1.1563	0.89053	0.93405	0.999995	858	1	-1.1563
ATP5F1D	4	0.017267	0.043718	0.324067	142	2	-1.2999	0.74501	0.86445	0.999995	812	1	-1.2999
PDS5A	4	0.017585	0.044531	0.327798	143	3	-1.1049	0.978	0.97823	0.999995	931	0	-1.1049
NXT1	4	0.018242	0.0461	0.334701	144	2	-0.95745	0.97236	0.97318	0.999995	919	1	-0.95745
INCENP	4	0.018545	0.046792	0.337408	145	3	-0.73776	0.9055	0.939	0.999995	866	1	-0.73776
SMARCA4	4	0.01918	0.048155	0.344896	146	3	-0.4702	0.12431	0.30902	0.867663	369	1	-0.4702
RPS28	2	0.019317	0.035648	0.289791	147	2	-1.4567	0.98068	0.98029	0.999995	939	0	-1.4567
SKA1	4	0.01961	0.04922	0.347748	148	3	-1.0097	0.54236	0.75346	0.999995	738	1	-1.0097
SOD1	4	0.019755	0.049538	0.347748	149	3	-1.6248	0.99857	0.99868	0.999995	1000	0	-1.6248
RPS15	2	0.020621	0.038254	0.296921	150	2	-1.2924	0.97938	0.97909	0.999995	937	0	-1.2924
HNRNPK	4	0.020711	0.051723	0.360702	151	3	-1.5045	0.83958	0.92142	0.999995	849	1	-1.5045
CHMP1A	4	0.021013	0.052508	0.361418	152	3	-0.46594	0.95309	0.95973	0.999995	899	1	-0.46594
BRD8	4	0.021392	0.053517	0.365985	153	3	-0.59386	0.98076	0.98107	0.999995	940	0	-0.59386
TAMM41	4	0.021699	0.054021	0.367067	154	3	-0.55313	0.92672	0.94692	0.999995	878	1	-0.55313
PUM2	4	0.02232	0.055478	0.374566	155	3	-0.56088	0.98565	0.98602	0.999995	953	0	-0.56088
RFC2	4	0.023321	0.057608	0.386483	156	2	-0.9045	0.088513	0.23508	0.860959	288	2	-0.9045
SF3B5	4	0.024115	0.058785	0.391899	157	2	-0.88739	0.95004	0.95793	0.999995	893	1	-0.88739
HUS1	4	0.024597	0.059448	0.392319	158	2	-0.99817	0.99016	0.99066	0.999995	963	0	-0.99817
RPL31	2	0.024715	0.045605	0.33339	159	2	-1.018	0.97529	0.97479	0.999995	925	0	-1.018
RBBP4	3	0.025799	0.04922	0.347748	160	2	-2.2272	0.45058	0.62496	0.999995	680	1	-2.2272
RPL17	3	0.032382	0.059588	0.392319	161	2	-1.2665	0.95033	0.94999	0.999995	894	0	-1.2665
CNOT7	4	0.035883	0.075719	0.492407	162	2	-0.71286	0.59534	0.78148	0.999995	752	1	-0.71286
TNPO1	3	0.036771	0.066491	0.435063	163	2	-1.1745	0.94349	0.94286	0.999995	887	0	-1.1745
SNAPC4	4	0.04242	0.085293	0.546433	164	2	-0.5504	0.53148	0.74815	0.999995	731	2	-0.5504
DDX5	4	0.042625	0.085574	0.546433	165	2	-0.82085	0.93762	0.95142	0.999995	885	1	-0.82085
PPP2CA	8	0.042916	0.1187	0.680145	166	4	-0.35568	0.82128	0.95591	0.999995	843	1	-0.35568
RPRD1B	4	0.043244	0.086321	0.547904	167	2	-0.7669	0.933	0.94941	0.999995	882	1	-0.7669
UQCRC1	4	0.043658	0.086984	0.548743	168	2	-0.67899	0.99846	0.99854	0.999995	996	0	-0.67899
NCBP2	4	0.044007	0.087488	0.548743	169	1	0.042851	0.50915	0.7372	0.999995	725	1	0.042851
DGKZ	3	0.044437	0.079736	0.515365	170	2	-0.80178	0.94551	0.94493	0.999995	889	0	-0.80178
NSG2	4	0.04579	0.089964	0.559348	171	1	0.64249	0.057318	0.16203	0.805103	210	3	0.64249
LIN28B	4	0.045969	0.090234	0.559348	172	2	-0.40666	0.50262	0.73378	0.999995	724	2	-0.40666
VPS37A	4	0.047036	0.091692	0.563298	173	2	-0.21376	0.03685	0.11078	0.767521	152	2	-0.21376
ATR	4	0.04725	0.091934	0.563298	174	2	-0.65746	0.72909	0.85482	0.999995	805	1	-0.65746
INTS2	4	0.0532	0.10058	0.609653	175	2	-0.71916	0.94965	0.95776	0.999995	892	1	-0.71916
PFAS	4	0.053879	0.10161	0.609653	176	2	-0.16327	0.19098	0.40609	0.928404	458	2	-0.16327
MAT2A	4	0.054107	0.10199	0.609653	177	2	-0.81472	0.98726	0.98779	0.999995	954	0	-0.81472
POLR2F	4	0.054334	0.10237	0.609653	178	2	-0.20534	0.53176	0.74833	0.999995	732	2	-0.20534
AHCYL1	4	0.054791	0.10301	0.609653	179	2	-0.91349	0.92966	0.9481	0.999995	880	1	-0.91349
MED26	4	0.055019	0.10332	0.609653	180	2	-0.37205	0.42073	0.65809	0.999995	653	2	-0.37205
ATP5PB	4	0.055249	0.10353	0.609653	181	2	-0.11032	0.21999	0.44115	0.933371	501	2	-0.11032
TACC3	4	0.055708	0.10413	0.609841	182	2	-0.12545	0.51701	0.74123	0.999995	727	2	-0.12545
PKM	3	0.060004	0.10508	0.611985	183	2	-0.67312	0.15614	0.32048	0.867663	425	1	-0.67312
GABPB1	4	0.06376	0.11599	0.671834	184	2	-0.25367	0.36844	0.60585	0.999995	621	2	-0.25367
TAF1	4	0.066115	0.11941	0.680533	185	1	0.39591	0.11002	0.28083	0.865683	335	3	0.39591
LSM4	4	0.066991	0.12075	0.684466	186	1	-0.087617	0.95139	0.95867	0.999995	896	1	-0.087617
KPNA2	3	0.067477	0.11733	0.675931	187	2	-0.64092	0.97965	0.97941	0.999995	938	0	-0.64092
KIF4A	4	0.069456	0.12419	0.700205	188	2	-0.64858	0.77413	0.88248	0.999995	823	1	-0.64858
GATAD2A	4	0.071738	0.12751	0.71515	189	2	-0.052014	0.1409	0.34196	0.883898	406	2	-0.052014
TOB1	4	0.073275	0.1295	0.720621	190	2	-0.68022	0.96701	0.96884	0.999995	912	1	-0.68022
TMEM30A	4	0.080353	0.13941	0.766249	191	2	-0.28102	0.7979	0.89647	0.999995	836	2	-0.28102
IMPDH2	4	0.081155	0.14056	0.768016	192	2	-0.52344	0.99013	0.99062	0.999995	961	0	-0.52344
RHBDF1	4	0.08223	0.14211	0.772506	193	2	-0.51075	0.97109	0.97206	0.999995	915	1	-0.51075
SNRPB2	3	0.084152	0.14384	0.77791	194	2	-0.51144	0.94747	0.94695	0.999995	891	0	-0.51144
HNRNPH1	4	0.086582	0.14836	0.798286	195	2	-0.56735	0.96212	0.96524	0.999995	910	1	-0.56735
HNRNPF	4	0.089068	0.15208	0.809926	196	2	-0.65502	0.99476	0.99501	0.999995	974	0	-0.65502
EZH2	4	0.089624	0.15282	0.809926	197	2	0.067893	0.35522	0.59178	0.999995	609	2	0.067893
PTTG1	3	0.089913	0.15249	0.809926	198	2	-0.39874	0.83357	0.86976	0.999995	846	1	-0.39874
MED8	4	0.090461	0.1541	0.812645	199	2	-0.37363	0.93041	0.94847	0.999995	881	1	-0.37363
ASF1A	4	0.0913	0.15524	0.814089	200	2	-0.48615	0.34323	0.57932	0.999995	596	1	-0.48615
EPC2	4	0.091862	0.15602	0.814089	201	2	-0.47483	0.99258	0.99291	0.999995	966	0	-0.47483
EFR3A	4	0.092424	0.15667	0.814089	202	2	-0.62814	0.95705	0.96197	0.999995	903	1	-0.62814
TBP	4	0.093851	0.15863	0.820213	203	2	0.2246	0.47181	0.7068	0.999995	698	2	0.2246
EIF3L	4	0.096686	0.16246	0.835985	204	2	-0.415	0.98147	0.98182	0.999995	943	0	-0.415
PAF1	4	0.097834	0.16422	0.840938	205	2	-0.52502	0.99851	0.99859	0.999995	997	0	-0.52502
WDR12	4	0.10494	0.17487	0.886897	206	2	-0.31539	0.91972	0.9443	0.999995	873	1	-0.31539
BAP1	4	0.10661	0.1773	0.894932	207	2	-0.33898	0.99734	0.9974	0.999995	984	0	-0.33898
FARS2	4	0.10869	0.18041	0.899433	208	2	-0.39987	0.95582	0.96124	0.999995	902	1	-0.39987
CTNNB1	4	0.10899	0.18074	0.899433	209	2	-0.46315	0.5944	0.78099	0.999995	750	1	-0.46315
SPTLC2	4	0.11627	0.19045	0.943347	210	2	-0.37693	0.93552	0.95053	0.999995	884	1	-0.37693
MED13L	4	0.12059	0.19637	0.968156	211	2	-0.40614	0.91719	0.9433	0.999995	871	1	-0.40614
CAP1	4	0.12152	0.19779	0.96854	212	2	-0.30163	0.45977	0.69569	0.999995	689	1	-0.30163
XRCC4	4	0.12183	0.19828	0.96854	213	2	-0.3423	0.96729	0.96913	0.999995	913	1	-0.3423
RPL15	2	0.12436	0.13952	0.766249	214	1	-1.2417	0.95213	0.95191	0.999995	897	0	-1.2417
TLN1	4	0.1278	0.20683	0.999995	215	2	-0.14402	0.41913	0.65659	0.999995	651	1	-0.14402
AP2A1	4	0.12875	0.20819	0.999995	216	2	-0.43522	0.78012	0.88566	0.999995	829	1	-0.43522
RPL6	1	0.12884	0.12985	0.720621	217	1	-0.89405	0.87116	0.87163	0.999995	852	0	-0.89405
PDS5B	4	0.13162	0.2122	0.999995	218	2	-0.46231	0.9963	0.99636	0.999995	979	0	-0.46231
COPZ1	4	0.1318	0.21238	0.999995	219	1	0.39121	0.61043	0.78935	0.999995	756	2	0.39121
RIC8A	4	0.13226	0.21298	0.999995	220	2	-0.46948	0.99638	0.99642	0.999995	981	0	-0.46948
RPA3	4	0.13259	0.21339	0.999995	221	2	-0.53499	0.21572	0.43607	0.933371	491	1	-0.53499
DDI2	4	0.13291	0.2139	0.999995	222	2	0.048757	0.19632	0.41232	0.929137	466	2	0.048757
RNF40	4	0.13484	0.21651	0.999995	223	2	-0.31876	0.99628	0.99634	0.999995	978	0	-0.31876
SOS1	4	0.13613	0.21835	0.999995	224	2	-0.17684	0.97389	0.9745	0.999995	924	1	-0.17684
BECN1	4	0.13646	0.21881	0.999995	225	2	-0.28009	0.96188	0.96505	0.999995	909	1	-0.28009
CAND1	4	0.14004	0.2237	0.999995	226	2	-0.1656	0.89839	0.93652	0.999995	863	1	-0.1656
SPAG9	4	0.14135	0.2257	0.999995	227	2	-0.40413	0.63844	0.80387	0.999995	768	1	-0.40413
UCHL5	4	0.14167	0.2261	0.999995	228	2	-0.04227	0.12598	0.31242	0.867663	372	2	-0.04227
BZW2	4	0.14233	0.22703	0.999995	229	2	-0.38944	0.47016	0.70548	0.999995	696	1	-0.38944
HEATR5A	4	0.14365	0.22889	0.999995	230	2	-0.014724	0.66218	0.81701	0.999995	777	2	-0.014724
AKIRIN2	4	0.14398	0.22925	0.999995	231	2	-0.4111	0.99781	0.99788	0.999995	987	0	-0.4111
SOAT1	4	0.14464	0.23006	0.999995	232	2	-0.0087441	0.34793	0.58437	0.999995	600	2	-0.0087441
SHMT1	4	0.15365	0.2421	0.999995	233	2	-0.19725	0.9591	0.96315	0.999995	905	1	-0.19725
RPL21	2	0.15856	0.16981	0.865361	234	1	-0.72137	0.89548	0.89493	0.999995	860	0	-0.72137
G3BP1	4	0.16078	0.25174	0.999995	235	2	-0.38795	0.97924	0.97946	0.999995	935	0	-0.38795
RPL27A	2	0.16869	0.17835	0.895993	236	1	-0.52101	0.50222	0.60037	0.999995	723	1	-0.52101
AFG3L2	3	0.17332	0.21457	0.999995	237	1	-0.39068	0.97141	0.97095	0.999995	916	0	-0.39068
MED31	4	0.18213	0.26714	0.999995	238	1	0.33148	0.79762	0.8963	0.999995	835	2	0.33148
TIMM23	4	0.208	0.28345	0.999995	239	1	0.45847	0.53534	0.75	0.999995	734	2	0.45847
CREBBP	4	0.21956	0.29101	0.999995	240	1	-0.26998	0.69879	0.83749	0.999995	793	1	-0.26998
SF3B2	4	0.22262	0.29302	0.999995	241	1	-0.13789	0.80342	0.8995	0.999995	839	1	-0.13789
EEFSEC	4	0.22567	0.29504	0.999995	242	1	0.45708	0.37235	0.60963	0.999995	625	3	0.45708
ATP6V1E1	3	0.22756	0.25549	0.999995	243	1	0.77599	0.19448	0.3828	0.912727	464	2	0.77599
DGAT1	4	0.22871	0.29697	0.999995	244	1	0.12939	0.50216	0.73359	0.999995	722	2	0.12939
DHX29	3	0.26199	0.28323	0.999995	245	1	-0.44688	0.76753	0.84115	0.999995	819	1	-0.44688
MORF4L1	3	0.27044	0.28981	0.999995	246	1	-0.49788	0.65835	0.79743	0.999995	773	1	-0.49788
NUTF2	4	0.27255	0.32565	0.999995	247	1	0.010973	0.3526	0.58921	0.999995	606	1	0.010973
UTP14C	4	0.27545	0.32767	0.999995	248	1	0.13352	0.8377	0.92096	0.999995	847	1	0.13352
ASF1B	8	0.28597	0.43071	0.999995	249	2	0.16307	0.96171	0.99177	0.999995	908	2	0.16307
TBC1D28	3	0.29648	0.31088	0.999995	250	1	0.39369	0.56935	0.72388	0.999995	743	2	0.39369
COPG1	4	0.30752	0.34966	0.999995	251	1	0.16202	0.016961	0.054301	0.66286	85	2	0.16202
ZMAT2	4	0.31031	0.35166	0.999995	252	1	0.72786	0.21618	0.43653	0.933371	493	3	0.72786
ADSS	3	0.31332	0.32479	0.999995	253	1	0.86701	0.34587	0.53626	0.999017	598	2	0.86701
AP1G2	4	0.31935	0.35845	0.999995	254	1	0.10509	0.95243	0.95934	0.999995	898	1	0.10509
ERH	4	0.33375	0.36916	0.999995	255	1	0.67363	0.21066	0.42985	0.933371	485	3	0.67363
RBMX	3	0.34304	0.35011	0.999995	256	1	0.055578	0.80946	0.8584	0.999995	841	1	0.055578
H1FOO	4	0.35526	0.38444	0.999995	257	1	0.66512	0.13925	0.33853	0.883898	401	2	0.66512
APOBEC3C	4	0.35791	0.38646	0.999995	258	1	0.84679	0.11494	0.29045	0.865683	349	3	0.84679
FANCM	4	0.35924	0.38741	0.999995	259	1	-0.36784	0.98771	0.98824	0.999995	956	0	-0.36784
NDUFC1	4	0.36385	0.39066	0.999995	260	1	-0.010302	0.98321	0.98356	0.999995	947	0	-0.010302
CRK	4	0.36713	0.3931	0.999995	261	1	-0.070688	0.97274	0.97347	0.999995	920	1	-0.070688
RIMKLB	3	0.37392	0.37731	0.999995	262	1	0.40431	0.42561	0.60386	0.999995	657	2	0.40431
DYNC1LI1	3	0.37797	0.38091	0.999995	263	1	-0.30081	0.97205	0.97167	0.999995	917	0	-0.30081
ARHGEF7	4	0.38077	0.4034	0.999995	264	1	0.24696	0.20223	0.41937	0.933371	476	2	0.24696
KAT6A	4	0.38526	0.40677	0.999995	265	1	0.25143	0.80379	0.89975	0.999995	840	2	0.25143
USP5	4	0.38654	0.40754	0.999995	266	1	0.20144	0.54206	0.75331	0.999995	737	2	0.20144
CABP5	4	0.38846	0.40896	0.999995	267	1	0.28487	0.73625	0.85899	0.999995	809	2	0.28487
CNOT6	4	0.38973	0.41	0.999995	268	1	0.182	0.89988	0.93709	0.999995	864	1	0.182
MRPL27	4	0.39355	0.41272	0.999995	269	1	-0.23793	0.95519	0.9609	0.999995	901	1	-0.23793
MBTD1	4	0.39861	0.41666	0.999995	270	1	0.1661	0.70066	0.83868	0.999995	794	2	0.1661
XYLT1	4	0.40426	0.42086	0.999995	271	1	0.38499	0.086113	0.22958	0.856871	282	2	0.38499
IPO7	3	0.40627	0.40675	0.999995	272	1	-0.37307	0.98998	0.99002	0.999995	960	0	-0.37307
BRSK2	4	0.41297	0.428	0.999995	273	1	0.27078	0.47245	0.7074	0.999995	699	2	0.27078
ARFGEF2	4	0.41482	0.42957	0.999995	274	1	-0.30006	0.90968	0.94046	0.999995	868	1	-0.30006
EZH1	4	0.41606	0.43055	0.999995	275	1	0.28563	0.3026	0.53542	0.999017	567	2	0.28563
KIF20A	8	0.41971	0.5593	0.999995	276	2	0.21783	0.0081242	0.045054	0.645371	59	3	0.21783
PMM2	4	0.4222	0.43551	0.999995	277	1	0.31041	0.62137	0.79501	0.999995	761	2	0.31041
SAMD9	4	0.42464	0.43753	0.999995	278	1	0.83188	0.18811	0.40262	0.928404	453	3	0.83188
SNX6	4	0.42586	0.43849	0.999995	279	1	0.52543	0.27762	0.50742	0.995548	540	3	0.52543
SEPHS1	3	0.42609	0.42554	0.999995	280	1	0.705	0.33663	0.52856	0.995548	591	2	0.705
CADPS	4	0.42768	0.43982	0.999995	281	1	0.59044	0.40556	0.64261	0.999995	642	3	0.59044
MYBL2	4	0.4301	0.4418	0.999995	282	1	-0.2045	0.9753	0.97572	0.999995	926	1	-0.2045
EXOC6B	4	0.43373	0.44476	0.999995	283	1	0.41053	0.3033	0.53624	0.999017	568	3	0.41053
MED23	4	0.43733	0.4479	0.999995	284	1	0.38127	0.66039	0.8159	0.999995	774	2	0.38127
ZNF804B	4	0.44211	0.45196	0.999995	285	1	0.52892	0.45241	0.68863	0.999995	684	3	0.52892
PRKDC	8	0.44311	0.58242	0.999995	286	2	-0.092448	0.26477	0.58968	0.999995	535	2	-0.092448
CBLL1	4	0.44508	0.45455	0.999995	287	1	0.49249	0.02875	0.088796	0.715988	129	3	0.49249
PUM1	4	0.44982	0.45841	0.999995	288	1	0.52784	0.47859	0.71275	0.999995	705	3	0.52784
ZG16	4	0.45452	0.46252	0.999995	289	1	0.16606	0.72555	0.85298	0.999995	804	2	0.16606
TUBB2A	4	0.45569	0.46335	0.999995	290	1	0.12182	0.35592	0.59245	0.999995	611	2	0.12182
MYL7	4	0.45686	0.46425	0.999995	291	1	0.16778	0.76106	0.87442	0.999995	817	2	0.16778
YIF1B	4	0.45744	0.46473	0.999995	292	1	0.72781	0.16681	0.37527	0.912204	433	3	0.72781
ACACA	4	0.45919	0.4663	0.999995	293	1	0.15399	0.98137	0.98174	0.999995	942	0	0.15399
LDB1	8	0.45922	0.59824	0.999995	294	2	0.60638	0.11502	0.36158	0.897593	350	6	0.60638
BZW1	3	0.46119	0.45966	0.999995	295	1	0.33143	0.63081	0.77457	0.999995	764	2	0.33143
GLT6D1	4	0.46151	0.46821	0.999995	296	1	0.3581	0.3756	0.6127	0.999995	628	2	0.3581
EP300	4	0.46267	0.46942	0.999995	297	1	0.6803	0.18846	0.40306	0.928404	454	3	0.6803
HRH3	4	0.46786	0.47362	0.999995	298	1	1.1865	0.0059555	0.020825	0.46181	47	3	1.1865
GJA8	4	0.46844	0.47409	0.999995	299	1	0.22369	0.95101	0.95842	0.999995	895	1	0.22369
RGS19	4	0.46959	0.47495	0.999995	300	1	0.34913	0.75519	0.87073	0.999995	814	2	0.34913
NDE1	4	0.47016	0.47543	0.999995	301	1	0.22271	0.36012	0.59686	0.999995	613	2	0.22271
PPP3CC	4	0.4713	0.47637	0.999995	302	1	0.51781	0.41582	0.65316	0.999995	649	3	0.51781
RSBN1L	4	0.47302	0.4777	0.999995	303	1	0.18262	0.77853	0.88484	0.999995	827	2	0.18262
MAPK8IP3	4	0.47359	0.47811	0.999995	304	1	-0.10161	0.92852	0.94763	0.999995	879	1	-0.10161
SLC11A2	4	0.4753	0.47968	0.999995	305	1	-0.081056	0.98215	0.98258	0.999995	946	0	-0.081056
SIRPA	3	0.47617	0.4745	0.999995	306	0	0.38914	0.019594	0.05049	0.66286	96	2	0.38914
MDM4	4	0.47814	0.48181	0.999995	307	1	-0.20605	0.99368	0.99399	0.999995	970	0	-0.20605
TMEM120A	4	0.4804	0.48386	0.999995	308	1	0.26582	0.26474	0.49296	0.982217	534	2	0.26582
VPS26A	4	0.48096	0.48438	0.999995	309	1	0.14713	0.92632	0.94683	0.999995	877	1	0.14713
TOP2B	4	0.48209	0.48541	0.999995	310	1	0.38093	0.072236	0.19748	0.84886	245	2	0.38093
GABPB2	4	0.48546	0.48828	0.999995	311	1	0.39848	0.47262	0.70755	0.999995	700	2	0.39848
SLC25A25	4	0.48714	0.48974	0.999995	312	1	0.0087513	0.85983	0.92597	0.999995	850	1	0.0087513
UNC119	4	0.48826	0.49085	0.999995	313	1	0.30324	0.77764	0.88431	0.999995	826	2	0.30324
TTC23	4	0.48937	0.49175	0.999995	314	1	0.26516	0.52991	0.74749	0.999995	730	2	0.26516
CRY1	4	0.49104	0.49314	0.999995	315	1	-0.024004	0.11509	0.29074	0.865683	351	1	-0.024004
POLD1	4	0.4916	0.49354	0.999995	316	1	0.20795	0.50096	0.73295	0.999995	721	2	0.20795
XYLT2	4	0.49713	0.49867	0.999995	317	1	0.13719	0.77168	0.88078	0.999995	822	2	0.13719
ABCG2	4	0.49768	0.49916	0.999995	318	1	0.95641	0.074049	0.20131	0.849619	248	3	0.95641
COX4I2	4	0.49933	0.50055	0.999995	319	1	0.073487	0.98514	0.98546	0.999995	950	0	0.073487
CLASP2	4	0.50207	0.50338	0.999995	320	1	0.14517	0.43071	0.66772	0.999995	665	2	0.14517
SRI	4	0.50535	0.50643	0.999995	321	1	0.707	0.25502	0.48164	0.965001	530	3	0.707
FOXK1	4	0.50589	0.50694	0.999995	322	1	0.17563	0.98165	0.98207	0.999995	944	0	0.17563
WRN	4	0.50698	0.50788	0.999995	323	1	0.26501	0.77047	0.87992	0.999995	821	2	0.26501
INTS6L	4	0.50752	0.5085	0.999995	324	1	0.7334	0.20607	0.42367	0.933371	481	3	0.7334
GSDMD	4	0.50806	0.50893	0.999995	325	1	0.063663	0.65368	0.81232	0.999995	772	2	0.063663
AKIRIN1	4	0.5086	0.5094	0.999995	326	1	0.58827	0.42114	0.6585	0.999995	654	3	0.58827
COPS7A	4	0.51346	0.51406	0.999995	327	1	0.081943	0.11424	0.28914	0.865683	346	1	0.081943
LATS1	4	0.51507	0.51573	0.999995	328	1	0.17589	0.1613	0.36841	0.908186	429	2	0.17589
CLCA1	4	0.51988	0.52023	0.999995	329	1	0.81486	0.22623	0.44801	0.936659	509	3	0.81486
ARPC5	4	0.52041	0.52084	0.999995	330	1	0.22022	0.72128	0.85028	0.999995	802	2	0.22022
ADAP1	4	0.52359	0.52397	0.999995	331	1	0.31973	0.29766	0.52996	0.995548	564	2	0.31973
FANCF	4	0.52676	0.52708	0.999995	332	1	0.16055	0.97784	0.97808	0.999995	930	0	0.16055
HOXB1	4	0.52729	0.52762	0.999995	333	1	0.2767	0.69781	0.83691	0.999995	791	2	0.2767
SOX9	4	0.52834	0.52844	0.999995	334	1	0.51284	0.28335	0.51374	0.995548	548	3	0.51284
AP1G1	4	0.52991	0.52983	0.999995	335	1	0.19413	0.67484	0.82391	0.999995	785	2	0.19413
GMPR	4	0.53044	0.53021	0.999995	336	1	0.42578	0.54601	0.7556	0.999995	740	2	0.42578
CLASP1	4	0.53148	0.53116	0.999995	337	1	0.42142	0.4898	0.72322	0.999995	712	3	0.42142
EPC1	4	0.53253	0.53225	0.999995	338	1	0.045486	0.9083	0.94003	0.999995	867	1	0.045486
UMPS	4	0.53513	0.53479	0.999995	339	1	0.81672	0.10337	0.26688	0.865683	321	3	0.81672
QSOX1	4	0.53772	0.53721	0.999995	340	1	0.18905	0.83319	0.9186	0.999995	845	2	0.18905
CLTCL1	4	0.53927	0.5388	0.999995	341	1	0.64588	0.38261	0.61977	0.999995	632	3	0.64588
KRT25	4	0.53979	0.53924	0.999995	342	1	0.1815	0.40613	0.64312	0.999995	643	1	0.1815
VANGL2	4	0.5403	0.53971	0.999995	343	1	-0.086627	0.99253	0.99286	0.999995	965	0	-0.086627
TPST2	4	0.54133	0.54047	0.999995	344	1	0.63465	0.14929	0.35358	0.894504	417	3	0.63465
LGALS9	4	0.54184	0.5409	0.999995	345	1	0.62412	0.25495	0.48158	0.965001	529	3	0.62412
CCNT1	4	0.54236	0.54143	0.999995	346	1	0.18325	0.80184	0.89856	0.999995	837	2	0.18325
STRADA	4	0.54287	0.54198	0.999995	347	1	-0.06355	0.97929	0.97948	0.999995	936	0	-0.06355
SPTAN1	4	0.54338	0.54254	0.999995	348	1	0.37685	0.6383	0.80382	0.999995	767	2	0.37685
RBPJL	4	0.54543	0.54441	0.999995	349	1	0.72714	0.22832	0.45059	0.937206	511	3	0.72714
FOXK2	4	0.54594	0.54503	0.999995	350	1	0.15494	0.9817	0.98214	0.999995	945	0	0.15494
EPS15L1	4	0.54645	0.54558	0.999995	351	1	0.045178	0.33034	0.56524	0.999995	583	1	0.045178
APH1B	4	0.54696	0.54618	0.999995	352	1	0.50521	0.49181	0.72488	0.999995	716	3	0.50521
FUT5	4	0.54747	0.54663	0.999995	353	1	0.51244	0.46943	0.70487	0.999995	695	3	0.51244
SAFB2	4	0.549	0.54807	0.999995	354	1	0.013586	0.97587	0.9763	0.999995	928	1	0.013586
FOXA1	4	0.55052	0.54949	0.999995	355	1	0.16624	0.38718	0.62406	0.999995	635	1	0.16624
MRPL55	4	0.55153	0.55046	0.999995	356	1	0.73741	0.051184	0.14677	0.781805	197	3	0.73741
ZFYVE19	4	0.55305	0.55209	0.999995	357	1	0.13207	0.61719	0.79292	0.999995	760	2	0.13207
TCERG1	4	0.55456	0.5537	0.999995	358	1	0.60902	0.36501	0.60231	0.999995	616	3	0.60902
AP3M1	4	0.55506	0.55424	0.999995	359	1	0.4532	0.46286	0.69848	0.999995	691	2	0.4532
RNF38	4	0.55556	0.55482	0.999995	360	1	0.15995	0.66432	0.81808	0.999995	779	2	0.15995
VPS26B	4	0.55657	0.55602	0.999995	361	1	0.7702	0.1513	0.3561	0.894597	419	3	0.7702
RAD17	3	0.55665	0.55517	0.999995	362	0	0.62889	0.38062	0.5657	0.999995	630	2	0.62889
SMARCA2	4	0.55907	0.55867	0.999995	363	1	0.61124	0.21812	0.4389	0.933371	496	3	0.61124
TNR	4	0.55957	0.55917	0.999995	364	1	0.12172	0.011484	0.038357	0.580835	71	1	0.12172
RNF44	4	0.56007	0.55964	0.999995	365	1	0.33587	0.49087	0.72407	0.999995	714	2	0.33587
TAP1	4	0.56056	0.56018	0.999995	366	1	0.60471	0.22772	0.44986	0.937206	510	3	0.60471
DMXL1	4	0.56106	0.56071	0.999995	367	1	0.99221	0.076561	0.20771	0.856804	253	3	0.99221
ZNRF4	4	0.56305	0.56278	0.999995	368	1	0.3827	0.59452	0.78105	0.999995	751	2	0.3827
MYH7	4	0.56354	0.56327	0.999995	369	1	-0.17372	0.99278	0.99306	0.999995	967	0	-0.17372
DUOX1	4	0.56453	0.56431	0.999995	370	1	0.5911	0.34032	0.57618	0.999995	595	3	0.5911
CSTF2T	4	0.56602	0.56577	0.999995	371	0	0.23833	0.44982	0.68593	0.999995	679	2	0.23833
COQ10A	4	0.56651	0.56623	0.999995	372	0	0.58118	0.11904	0.29834	0.867663	356	2	0.58118
DMXL2	4	0.56749	0.56735	0.999995	373	0	0.14981	0.97888	0.97909	0.999995	933	0	0.14981
GNB3	4	0.56946	0.56936	0.999995	374	0	0.42331	0.22336	0.44476	0.933565	507	2	0.42331
IPO5	4	0.56995	0.56972	0.999995	375	0	0.40431	0.26964	0.49826	0.989051	537	2	0.40431
ABCA3	4	0.57142	0.57111	0.999995	376	0	0.09995	0.75798	0.8724	0.999995	816	2	0.09995
ZNF284	4	0.57239	0.57219	0.999995	377	0	0.67028	0.092706	0.24407	0.865277	297	2	0.67028
BICD2	4	0.57531	0.57495	0.999995	378	0	0.41346	0.49261	0.72565	0.999995	717	3	0.41346
CTSZ	4	0.5758	0.57544	0.999995	379	0	-0.037106	0.66112	0.81633	0.999995	776	1	-0.037106
MMD	4	0.57628	0.57584	0.999995	380	0	0.23776	0.35237	0.58899	0.999995	605	2	0.23776
PRKAB2	4	0.57677	0.57631	0.999995	381	0	0.23371	0.77882	0.88497	0.999995	828	2	0.23371
ADAP2	4	0.57725	0.57678	0.999995	382	0	0.55497	0.46625	0.70159	0.999995	693	3	0.55497
MTMR4	4	0.58015	0.57979	0.999995	383	0	0.14129	0.7439	0.8637	0.999995	811	2	0.14129
CHSY3	4	0.58111	0.58068	0.999995	384	0	0.22261	0.66503	0.81846	0.999995	780	2	0.22261
COPG2	4	0.58207	0.5816	0.999995	385	0	0.35296	0.20955	0.42818	0.933371	483	2	0.35296
RHOT1	4	0.58351	0.58297	0.999995	386	0	0.19219	0.59674	0.78227	0.999995	753	1	0.19219
SEC31B	4	0.58398	0.58343	0.999995	387	0	0.48796	0.36795	0.60536	0.999995	620	3	0.48796
RAMP2	4	0.58494	0.58456	0.999995	388	0	-0.15523	0.86728	0.92786	0.999995	851	1	-0.15523
TMEM9B	4	0.58732	0.58675	0.999995	389	0	0.52585	0.40129	0.63798	0.999995	639	3	0.52585
ULK1	4	0.5878	0.58721	0.999995	390	0	0.27314	0.51621	0.74082	0.999995	726	2	0.27314
MCPH1	4	0.58827	0.58762	0.999995	391	0	0.40857	0.67142	0.82201	0.999995	781	2	0.40857
YIPF5	4	0.58874	0.58821	0.999995	392	0	0.75495	0.070213	0.19266	0.839778	240	2	0.75495
SLC9A3R2	4	0.59064	0.59013	0.999995	393	0	0.70423	0.23128	0.45422	0.942212	513	3	0.70423
COPS7B	4	0.59205	0.59162	0.999995	394	0	0.093113	0.19003	0.4051	0.928404	457	1	0.093113
GMPR2	4	0.59299	0.59264	0.999995	395	0	0.36521	0.67248	0.82269	0.999995	782	2	0.36521
GIT2	4	0.59346	0.59314	0.999995	396	0	0.31522	0.47587	0.71047	0.999995	702	2	0.31522
ITSN1	4	0.5944	0.59401	0.999995	397	0	0.56882	0.33	0.56487	0.999995	582	3	0.56882
PPP3CA	4	0.59487	0.5944	0.999995	398	0	0.91977	0.037619	0.11282	0.773007	153	3	0.91977
RHOT2	4	0.59721	0.59665	0.999995	399	0	0.21247	0.76956	0.87939	0.999995	820	2	0.21247
RSBN1	4	0.59861	0.59796	0.999995	400	0	0.47659	0.44244	0.67944	0.999995	672	2	0.47659
IRF4	4	0.59954	0.59898	0.999995	401	0	0.12783	0.71996	0.84953	0.999995	800	2	0.12783
SNRPN	4	0.60139	0.60058	0.999995	402	0	0.59464	0.01605	0.051593	0.66286	80	3	0.59464
CCT6B	4	0.60231	0.60161	0.999995	403	0	0.56772	0.36624	0.60357	0.999995	617	3	0.56772
SBF2	3	0.60321	0.6029	0.999995	404	0	0.71755	0.32352	0.51762	0.995548	576	2	0.71755
GDI1	4	0.60324	0.60271	0.999995	405	0	0.72354	0.19387	0.40944	0.929137	463	3	0.72354
SMARCC1	4	0.6037	0.60312	0.999995	406	0	0.56127	0.47819	0.71245	0.999995	704	3	0.56127
TREM2	4	0.60416	0.60355	0.999995	407	0	0.34368	0.48925	0.72275	0.999995	711	2	0.34368
SEC23A	4	0.60462	0.60397	0.999995	408	0	0.073898	0.27835	0.50823	0.995548	543	1	0.073898
TNPO2	4	0.606	0.60542	0.999995	409	0	0.24806	0.081793	0.21944	0.856804	266	2	0.24806
DGKI	4	0.60646	0.60592	0.999995	410	0	0.75449	0.10161	0.26334	0.865683	316	3	0.75449
ARID4A	4	0.60783	0.60728	0.999995	411	0	-0.078109	0.99281	0.99307	0.999995	968	0	-0.078109
ESRP1	4	0.60874	0.60807	0.999995	412	0	0.88506	0.080254	0.21592	0.856804	264	3	0.88506
ARFGEF1	4	0.6092	0.60853	0.999995	413	0	0.78766	0.10664	0.27356	0.865683	326	3	0.78766
NAA11	4	0.61011	0.60958	0.999995	414	0	0.47447	0.53811	0.75133	0.999995	735	2	0.47447
RCBTB1	4	0.61057	0.61015	0.999995	415	0	0.53058	0.25154	0.47768	0.96446	526	2	0.53058
SAR1B	4	0.61148	0.61099	0.999995	416	0	0.38098	0.42768	0.6647	0.999995	659	2	0.38098
PTCH1	4	0.61238	0.61189	0.999995	417	0	0.60182	0.16453	0.37218	0.912204	431	3	0.60182
ABL2	4	0.61284	0.61232	0.999995	418	0	-0.16385	0.71854	0.84868	0.999995	798	1	-0.16385
TANK	4	0.61329	0.61278	0.999995	419	0	0.47367	0.22262	0.44393	0.933565	506	2	0.47367
GALNT5	4	0.61374	0.61329	0.999995	420	0	0.96807	0.047681	0.13867	0.781805	184	3	0.96807
STX4	4	0.616	0.61532	0.999995	421	0	0.26882	0.46729	0.70272	0.999995	694	2	0.26882
ZWILCH	4	0.6169	0.61614	0.999995	422	0	0.60265	0.40053	0.63731	0.999995	638	3	0.60265
ANAPC4	4	0.61779	0.617	0.999995	423	0	0.14276	0.89211	0.93451	0.999995	859	1	0.14276
TIMM23B	4	0.62003	0.61941	0.999995	424	0	0.71857	0.24017	0.46497	0.95332	519	3	0.71857
SAP30L	4	0.62048	0.61979	0.999995	425	0	0.45278	0.54088	0.75269	0.999995	736	2	0.45278
CAND2	4	0.62092	0.62034	0.999995	426	0	0.31297	0.018782	0.059597	0.673841	90	2	0.31297
CAVIN1	4	0.62182	0.62137	0.999995	427	0	0.60101	0.21663	0.43697	0.933371	495	2	0.60101
PEF1	4	0.62359	0.62322	0.999995	428	0	0.12877	0.66071	0.81605	0.999995	775	1	0.12877
RAP1GAP2	4	0.62404	0.62373	0.999995	429	0	0.59891	0.19788	0.41423	0.929137	471	3	0.59891
L3MBTL2	4	0.62492	0.62467	0.999995	430	0	0.064704	0.98534	0.9857	0.999995	951	0	0.064704
SS18L1	4	0.62625	0.62593	0.999995	431	0	0.56379	0.23854	0.46315	0.951426	518	3	0.56379
CRYBB2	4	0.62669	0.62649	0.999995	432	0	0.40298	0.3704	0.60772	0.999995	622	2	0.40298
FLNC	4	0.62845	0.62814	0.999995	433	0	0.79045	0.045123	0.13232	0.781805	175	3	0.79045
RANBP9	4	0.62932	0.6289	0.999995	434	0	0.52899	0.44612	0.68279	0.999995	676	3	0.52899
CFL1	4	0.62976	0.6294	0.999995	435	0	0.29707	0.5907	0.77926	0.999995	749	2	0.29707
RC3H2	4	0.6302	0.62977	0.999995	436	0	0.86504	0.073533	0.20043	0.849619	247	3	0.86504
RNF103	4	0.63107	0.63055	0.999995	437	0	0.65384	0.27773	0.50753	0.995548	541	3	0.65384
HTR3E	4	0.63151	0.63093	0.999995	438	0	0.74943	0.083852	0.22426	0.856804	274	3	0.74943
RING1	4	0.63195	0.6313	0.999995	439	0	0.72958	0.28399	0.51441	0.995548	549	3	0.72958
PLCG1	4	0.63238	0.63173	0.999995	440	0	0.58011	0.4195	0.65694	0.999995	652	3	0.58011
FLOT2	4	0.63325	0.63264	0.999995	441	0	0.305	0.74104	0.86176	0.999995	810	2	0.305
TUBB2B	2	0.63347	0.63244	0.999995	442	0	0.65715	0.21962	0.34238	0.883898	500	2	0.65715
MBD3L1	4	0.63369	0.63298	0.999995	443	0	0.32584	0.8024	0.89887	0.999995	838	2	0.32584
PDCD4	4	0.63412	0.63334	0.999995	444	0	0.61514	0.23802	0.46255	0.951426	517	3	0.61514
GCM2	4	0.63456	0.63385	0.999995	445	0	0.68828	0.23224	0.45534	0.942692	514	3	0.68828
YIF1A	4	0.63499	0.63435	0.999995	446	0	0.3574	0.61606	0.79221	0.999995	758	2	0.3574
AKAP11	4	0.63586	0.63525	0.999995	447	0	0.23506	0.69095	0.83296	0.999995	789	2	0.23506
FDPS	4	0.63629	0.63553	0.999995	448	0	0.77983	0.087837	0.23356	0.860131	286	3	0.77983
PSEN1	4	0.63801	0.63723	0.999995	449	0	0.092607	0.88093	0.93152	0.999995	856	1	0.092607
THRAP3	4	0.63844	0.63771	0.999995	450	0	0.37559	0.75736	0.87198	0.999995	815	2	0.37559
NET1	4	0.63887	0.63806	0.999995	451	0	0.62463	0.034156	0.10381	0.76241	144	3	0.62463
ADAM19	4	0.6393	0.63849	0.999995	452	0	0.87856	0.067308	0.18583	0.839778	232	3	0.87856
SPATA16	4	0.63973	0.63894	0.999995	453	0	0.84339	0.019097	0.060391	0.673841	94	2	0.84339
GRIP2	4	0.64102	0.64019	0.999995	454	0	0.67948	0.36216	0.59889	0.999995	614	3	0.67948
LSM14B	4	0.64273	0.64205	0.999995	455	0	0.21711	0.91268	0.94166	0.999995	869	1	0.21711
CEACAM1	4	0.64358	0.64295	0.999995	456	0	0.70062	0.21882	0.43978	0.933371	499	3	0.70062
PCBD1	4	0.64443	0.6439	0.999995	457	0	0.53265	0.46229	0.69795	0.999995	690	3	0.53265
SLC17A2	4	0.64485	0.64433	0.999995	458	0	0.77856	0.27806	0.5079	0.995548	542	3	0.77856
VANGL1	4	0.64528	0.64489	0.999995	459	0	1.0101	0.021776	0.0682	0.698721	103	3	1.0101
MTX1	3	0.64569	0.64464	0.999995	460	0	0.58155	0.18001	0.36014	0.897593	447	2	0.58155
SNX2	4	0.64613	0.64571	0.999995	461	0	0.41727	0.24901	0.47493	0.962583	525	3	0.41727
RNF130	4	0.64697	0.64641	0.999995	462	0	0.64142	0.28037	0.51054	0.995548	545	3	0.64142
KLF4	4	0.64739	0.64673	0.999995	463	0	0.93407	0.10691	0.2741	0.865683	327	3	0.93407
ADGRG7	4	0.64824	0.64753	0.999995	464	0	0.36709	0.054667	0.15561	0.796768	205	2	0.36709
TBR1	4	0.64908	0.64825	0.999995	465	0	0.54312	0.40701	0.64406	0.999995	646	3	0.54312
PIP4P2	4	0.65118	0.65063	0.999995	466	0	0.47457	0.43908	0.67606	0.999995	669	3	0.47457
TBPL2	4	0.65285	0.6523	0.999995	467	0	0.36199	0.10069	0.2612	0.865683	313	2	0.36199
ZMIZ1	4	0.6541	0.65345	0.999995	468	0	0.85368	0.049858	0.14363	0.781805	191	3	0.85368
CLTB	4	0.65493	0.65427	0.999995	469	0	0.27947	0.38654	0.62342	0.999995	634	2	0.27947
ZAP70	4	0.65535	0.65471	0.999995	470	0	0.59518	0.10748	0.27554	0.865683	328	3	0.59518
GPR151	4	0.65659	0.65596	0.999995	471	0	0.67553	0.27445	0.50356	0.995548	539	3	0.67553
LARP1B	4	0.65866	0.65798	0.999995	472	0	0.23557	0.74612	0.8653	0.999995	813	2	0.23557
NCOR2	4	0.65907	0.65847	0.999995	473	0	0.69346	0.26343	0.4915	0.981158	533	3	0.69346
EAF1	4	0.65989	0.65926	0.999995	474	0	0.27954	0.42829	0.66531	0.999995	661	2	0.27954
STT3A	4	0.66071	0.66002	0.999995	475	0	0.27614	0.87268	0.9292	0.999995	854	1	0.27614
IMPDH1	4	0.66112	0.66054	0.999995	476	0	0.56092	0.39296	0.6297	0.999995	636	3	0.56092
DCAF8L1	4	0.66153	0.66092	0.999995	477	0	0.81184	0.15237	0.35737	0.895374	421	3	0.81184
MED12L	4	0.66235	0.66168	0.999995	478	0	0.76261	0.14365	0.34645	0.884342	412	3	0.76261
CAB39L	4	0.66357	0.66275	0.999995	479	0	0.97228	0.076395	0.20735	0.856804	252	3	0.97228
FXR1	4	0.66398	0.66314	0.999995	480	0	0.026822	0.97286	0.97356	0.999995	922	1	0.026822
ADM	4	0.66601	0.66522	0.999995	481	0	0.1036	0.97371	0.97428	0.999995	923	1	0.1036
EFR3B	4	0.66642	0.66565	0.999995	482	0	0.64876	0.2055	0.42306	0.933371	480	3	0.64876
MPC1	4	0.66723	0.6666	0.999995	483	0	-0.028472	0.89689	0.93599	0.999995	862	1	-0.028472
FAM71B	4	0.66804	0.66741	0.999995	484	0	0.25691	0.31519	0.54872	0.999995	573	2	0.25691
UNC45B	4	0.66844	0.66794	0.999995	485	0	0.41913	0.26591	0.49427	0.982975	536	2	0.41913
ABTB2	4	0.66884	0.66837	0.999995	486	0	0.36708	0.43057	0.6676	0.999995	664	2	0.36708
PTPN11	4	0.66924	0.66879	0.999995	487	0	0.30578	0.17656	0.38791	0.916667	444	2	0.30578
FRS3	4	0.67005	0.66956	0.999995	488	0	0.62049	0.22862	0.45092	0.937206	512	3	0.62049
CCND3	4	0.67085	0.67034	0.999995	489	0	0.57807	0.33035	0.56525	0.999995	584	3	0.57807
RNF144B	4	0.67125	0.67071	0.999995	490	0	0.45181	0.17253	0.38304	0.912727	441	2	0.45181
RPP14	4	0.67205	0.67161	0.999995	491	0	0.040676	0.92069	0.94471	0.999995	874	1	0.040676
FEZ2	4	0.67285	0.67244	0.999995	492	0	0.87845	0.10131	0.26251	0.865683	314	3	0.87845
PSMB9	4	0.67445	0.674	0.999995	493	0	0.55843	0.45281	0.68888	0.999995	685	3	0.55843
SLC25A24	4	0.67484	0.67441	0.999995	494	0	0.41814	0.42818	0.66518	0.999995	660	3	0.41814
PAX4	4	0.67683	0.67638	0.999995	495	0	0.2748	0.20334	0.42077	0.933371	477	2	0.2748
PRDM16	4	0.67919	0.67853	0.999995	496	0	0.65457	0.20836	0.42663	0.933371	482	3	0.65457
KAT6B	4	0.67958	0.679	0.999995	497	0	0.29211	0.71665	0.84754	0.999995	797	2	0.29211
ATP8B3	4	0.67998	0.67943	0.999995	498	0	0.41913	0.078326	0.21154	0.856804	259	2	0.41913
RHOBTB2	4	0.68037	0.67976	0.999995	499	0	0.39693	0.65068	0.81049	0.999995	770	2	0.39693
LATS2	4	0.68076	0.68005	0.999995	500	0	0.2208	0.69653	0.83626	0.999995	790	2	0.2208
FKBP5	4	0.68115	0.68049	0.999995	501	0	0.38189	0.4906	0.72384	0.999995	713	3	0.38189
ATAD2	4	0.68155	0.68094	0.999995	502	0	0.83294	0.15134	0.35615	0.894597	420	3	0.83294
SBF1	4	0.68311	0.68255	0.999995	503	0	0.39147	0.64086	0.80506	0.999995	769	2	0.39147
LIF	4	0.6835	0.68291	0.999995	504	0	1.0784	0.0033756	0.012278	0.443224	30	3	1.0784
HMGCS2	4	0.68389	0.68322	0.999995	505	0	0.32542	0.21879	0.43975	0.933371	498	2	0.32542
STX7	4	0.68583	0.68523	0.999995	506	0	0.19266	0.79164	0.89258	0.999995	832	2	0.19266
TOMM40L	4	0.68621	0.68568	0.999995	507	0	0.47937	0.1218	0.30389	0.867663	361	3	0.47937
CYFIP2	4	0.6866	0.686	0.999995	508	0	0.39837	0.63573	0.80245	0.999995	766	2	0.39837
RRAGC	4	0.68853	0.68791	0.999995	509	0	0.82347	0.10424	0.26863	0.865683	322	3	0.82347
XPO7	4	0.68891	0.68831	0.999995	510	0	0.41591	0.37238	0.60964	0.999995	626	2	0.41591
COPZ2	4	0.69006	0.68952	0.999995	511	0	0.73026	0.21032	0.42933	0.933371	484	3	0.73026
FEZ1	4	0.69159	0.69109	0.999995	512	0	1.1777	0.0007099	0.0028535	0.432107	7	3	1.1777
LMBR1L	4	0.69198	0.69155	0.999995	513	0	0.42635	0.61644	0.7925	0.999995	759	2	0.42635
LIMK2	4	0.69312	0.69263	0.999995	514	0	0.68801	0.2015	0.41841	0.933371	475	3	0.68801
FOXB1	4	0.6935	0.69298	0.999995	515	0	0.42737	0.52779	0.74655	0.999995	729	2	0.42737
CCNL2	4	0.69388	0.69334	0.999995	516	0	0.54077	0.29232	0.5238	0.995548	557	3	0.54077
SS18	4	0.69426	0.69377	0.999995	517	0	0.54339	0.35327	0.58997	0.999995	607	2	0.54339
CWF19L1	4	0.6954	0.69514	0.999995	518	0	0.17107	0.56552	0.76609	0.999995	742	1	0.17107
RNF10	4	0.69841	0.69811	0.999995	519	0	0.4471	0.48196	0.71576	0.999995	708	2	0.4471
STAM	4	0.69879	0.69842	0.999995	520	0	0.54743	0.32541	0.55985	0.999995	579	3	0.54743
ATP6V1B1	4	0.69991	0.69972	0.999995	521	0	0.2267	0.77556	0.88313	0.999995	824	2	0.2267
SLC22A8	4	0.70437	0.70399	0.999995	522	0	0.94332	0.058327	0.16458	0.810437	213	3	0.94332
CRKL	4	0.70474	0.70435	0.999995	523	0	0.3685	0.57994	0.77342	0.999995	745	2	0.3685
MMD2	4	0.70622	0.70566	0.999995	524	0	0.4156	0.40676	0.64377	0.999995	645	2	0.4156
TPST1	4	0.70659	0.70595	0.999995	525	0	0.76446	0.17744	0.38915	0.916667	446	3	0.76446
IDH2	4	0.70696	0.70638	0.999995	526	0	0.094455	0.9036	0.93835	0.999995	865	1	0.094455
ALG14	4	0.70732	0.70666	0.999995	527	0	0.36064	0.76259	0.87538	0.999995	818	2	0.36064
SERPINA12	8	0.70878	0.72745	0.999995	528	1	0.71119	0.087755	0.29644	0.867663	285	6	0.71119
HACD2	4	0.70879	0.70813	0.999995	529	0	0.6138	0.34896	0.58546	0.999995	601	3	0.6138
DUOX2	4	0.70952	0.70892	0.999995	530	0	0.59449	0.44456	0.68128	0.999995	673	3	0.59449
CTPS2	4	0.70988	0.70935	0.999995	531	0	0.70696	0.2156	0.4359	0.933371	490	3	0.70696
FSD1L	4	0.71025	0.70973	0.999995	532	0	1.0084	0.025083	0.078064	0.698721	117	3	1.0084
NRBP1	4	0.71061	0.71009	0.999995	533	0	0.67141	0.28195	0.51221	0.995548	547	3	0.67141
DDX39B	4	0.71098	0.71044	0.999995	534	0	0.81199	0.16697	0.37548	0.912204	435	3	0.81199
ESRP2	4	0.71134	0.71076	0.999995	535	0	0.31006	0.51721	0.74136	0.999995	728	2	0.31006
SEC11C	4	0.7117	0.71112	0.999995	536	0	0.72133	0.24538	0.47081	0.958945	521	3	0.72133
BRSK1	4	0.71496	0.71414	0.999995	537	0	0.59665	0.21849	0.43931	0.933371	497	2	0.59665
SMAP1	4	0.71568	0.71497	0.999995	538	0	0.39971	0.12765	0.31539	0.867663	378	2	0.39971
RBPJ	4	0.71639	0.71565	0.999995	539	0	0.50591	0.37796	0.61504	0.999995	629	3	0.50591
DMP1	4	0.71675	0.71602	0.999995	540	0	0.10713	0.89672	0.93596	0.999995	861	1	0.10713
ACTL6B	4	0.71747	0.71666	0.999995	541	0	0.40262	0.05201	0.14895	0.789431	198	3	0.40262
SLC11A1	4	0.71783	0.71692	0.999995	542	0	0.43229	0.030555	0.093476	0.723242	137	3	0.43229
DRD3	4	0.71818	0.71737	0.999995	543	0	0.74167	0.25425	0.48088	0.965001	528	3	0.74167
PXDN	4	0.71854	0.71775	0.999995	544	0	0.59196	0.079194	0.21337	0.856804	261	3	0.59196
SLC9A3R1	4	0.7189	0.71815	0.999995	545	0	0.46866	0.489	0.7226	0.999995	710	3	0.46866
TGM6	4	0.71961	0.71898	0.999995	546	0	0.34022	0.48096	0.71494	0.999995	706	2	0.34022
PRG3	4	0.71996	0.71926	0.999995	547	0	0.25298	0.77705	0.884	0.999995	825	2	0.25298
BICD1	4	0.72032	0.71958	0.999995	548	0	0.48804	0.40269	0.63935	0.999995	640	2	0.48804
DDI1	8	0.72108	0.7356	0.999995	549	1	0.55859	0.0067491	0.037797	0.580643	51	6	0.55859
IRF8	4	0.72209	0.72139	0.999995	550	0	0.85019	0.065029	0.18064	0.839778	227	3	0.85019
RPRD1A	4	0.72244	0.72173	0.999995	551	0	0.70191	0.19704	0.41323	0.929137	468	3	0.70191
RP1	4	0.72279	0.7221	0.999995	552	0	0.35969	0.71132	0.84461	0.999995	795	2	0.35969
GSX1	4	0.72315	0.72246	0.999995	553	0	0.78918	0.094731	0.2487	0.865683	301	3	0.78918
TXNDC8	4	0.72455	0.72397	0.999995	554	0	1.0146	0.056235	0.15941	0.800831	209	3	1.0146
NOX3	4	0.7263	0.72577	0.999995	555	0	0.52415	0.3131	0.54655	0.999995	572	2	0.52415
MYBPHL	4	0.72665	0.72617	0.999995	556	0	0.25067	0.71961	0.84931	0.999995	799	2	0.25067
GRHL2	4	0.727	0.72649	0.999995	557	0	0.71818	0.16939	0.3788	0.912204	439	3	0.71818
SCN10A	4	0.72735	0.72676	0.999995	558	0	0.74073	0.28868	0.51964	0.995548	554	3	0.74073
PTCH2	4	0.72804	0.72748	0.999995	559	0	0.83962	0.12844	0.31709	0.867663	382	3	0.83962
SPOP	4	0.72943	0.72866	0.999995	560	0	0.51821	0.44142	0.67844	0.999995	671	3	0.51821
WASL	4	0.72978	0.72905	0.999995	561	0	0.24	0.88752	0.93326	0.999995	857	1	0.24
RALGPS2	4	0.73012	0.72934	0.999995	562	0	0.39712	0.4914	0.72448	0.999995	715	3	0.39712
CASP4	4	0.73081	0.73005	0.999995	563	0	0.65199	0.092136	0.24311	0.865277	295	3	0.65199
KRTAP10-10	4	0.73185	0.7311	0.999995	564	0	0.21325	0.79625	0.89551	0.999995	834	1	0.21325
TOMM20L	4	0.73219	0.73135	0.999995	565	0	0.42722	0.35526	0.59181	0.999995	610	3	0.42722
KHSRP	4	0.73288	0.73198	0.999995	566	0	0.97148	0.044898	0.13172	0.781805	174	3	0.97148
NHLRC1	4	0.73322	0.73226	0.999995	567	0	0.37774	0.45596	0.69184	0.999995	687	3	0.37774
CRNN	4	0.73356	0.7327	0.999995	568	0	0.63173	0.1845	0.39807	0.927375	452	3	0.63173
MTMR3	4	0.7339	0.73311	0.999995	569	0	0.50834	0.38629	0.62313	0.999995	633	2	0.50834
CAP2	4	0.73493	0.73434	0.999995	570	0	0.6741	0.086975	0.23146	0.857872	284	3	0.6741
WAS	4	0.73527	0.73462	0.999995	571	0	0.99008	0.003725	0.01338	0.443224	33	3	0.99008
TCF12	4	0.73561	0.73494	0.999995	572	0	0.54446	0.14172	0.34357	0.88394	409	3	0.54446
SAR1A	8	0.73583	0.74621	0.999995	573	1	0.63574	0.22142	0.53159	0.995548	504	6	0.63574
KLK12	4	0.73595	0.73527	0.999995	574	0	0.72954	0.16421	0.37186	0.912204	430	3	0.72954
SOS2	4	0.73663	0.73603	0.999995	575	0	0.49668	0.33977	0.5755	0.999995	592	2	0.49668
NRBP2	4	0.73697	0.73635	0.999995	576	0	0.49282	0.62576	0.79732	0.999995	762	2	0.49282
DGAT2L6	4	0.73731	0.73674	0.999995	577	0	0.96971	0.12622	0.31279	0.867663	373	3	0.96971
EPS15	4	0.73899	0.73852	0.999995	578	0	0.15454	0.96091	0.96428	0.999995	907	1	0.15454
DBT	4	0.73967	0.73912	0.999995	579	0	0.45643	0.14665	0.35021	0.888093	415	2	0.45643
CYP26C1	4	0.74	0.73952	0.999995	580	0	0.89552	0.024229	0.075738	0.698721	114	3	0.89552
ADARB1	4	0.74034	0.73975	0.999995	581	0	0.9862	0.053426	0.15256	0.794939	201	3	0.9862
NMT2	4	0.74101	0.74047	0.999995	582	0	0.49711	0.4243	0.66149	0.999995	656	3	0.49711
PACS2	4	0.74168	0.74115	0.999995	583	0	1.1959	0.0044972	0.016089	0.458963	38	3	1.1959
KPNA3	4	0.74201	0.74149	0.999995	584	0	0.49443	0.41467	0.65186	0.999995	648	3	0.49443
SEC23B	4	0.74301	0.74249	0.999995	585	0	0.31548	0.27907	0.50908	0.995548	544	2	0.31548
IFIH1	4	0.74335	0.74287	0.999995	586	0	0.68204	0.30508	0.53809	0.999995	569	3	0.68204
ADSSL1	4	0.74401	0.74355	0.999995	587	0	0.48442	0.41007	0.64702	0.999995	647	3	0.48442
MAK	4	0.74468	0.74424	0.999995	588	0	0.7077	0.074308	0.20193	0.849619	250	2	0.7077
UTRN	4	0.74567	0.74534	0.999995	589	0	0.85467	0.10513	0.27062	0.865683	323	3	0.85467
ARHGEF3	4	0.74699	0.74679	0.999995	590	0	0.8911	0.055685	0.15807	0.798798	207	3	0.8911
ARID1A	4	0.74732	0.74713	0.999995	591	0	0.24415	0.7356	0.8586	0.999995	808	2	0.24415
CDK5R2	4	0.7483	0.7483	0.999995	592	0	0.38225	0.58955	0.77861	0.999995	748	2	0.38225
GRM4	4	0.74863	0.74867	0.999995	593	0	0.82637	0.18931	0.40422	0.928404	456	3	0.82637
SEC14L3	4	0.74961	0.74973	0.999995	594	0	0.6147	0.39788	0.63495	0.999995	637	3	0.6147
TLN2	4	0.75026	0.75035	0.999995	595	0	0.70199	0.19205	0.40727	0.928404	462	3	0.70199
KIAA0319	4	0.75189	0.75205	0.999995	596	0	0.79009	0.0041797	0.015015	0.457508	35	2	0.79009
TBC1D4	4	0.75254	0.75265	0.999995	597	0	0.99245	0.055002	0.15635	0.796768	206	3	0.99245
CHML	4	0.75286	0.75302	0.999995	598	0	0.56746	0.45123	0.68749	0.999995	682	3	0.56746
CRY2	4	0.75318	0.75332	0.999995	599	0	0.44434	0.45557	0.69146	0.999995	686	3	0.44434
DYNC1LI2	4	0.75415	0.75415	0.999995	600	0	0.34389	0.60829	0.78824	0.999995	754	2	0.34389
RHBDF2	4	0.75447	0.75452	0.999995	601	0	0.24771	0.67405	0.82348	0.999995	784	1	0.24771
FXR2	4	0.7548	0.75489	0.999995	602	0	0.22152	0.95483	0.96069	0.999995	900	1	0.22152
RNF144A	4	0.75544	0.75546	0.999995	603	0	0.86169	0.08331	0.22298	0.856804	272	3	0.86169
PGLS	4	0.75768	0.75766	0.999995	604	0	0.55315	0.2049	0.42238	0.933371	479	3	0.55315
GOLPH3L	4	0.75863	0.75868	0.999995	605	0	0.41104	0.68621	0.83025	0.999995	787	2	0.41104
SUV39H1	4	0.75927	0.75936	0.999995	606	0	0.47085	0.33375	0.56888	0.999995	587	2	0.47085
EXOC6	4	0.76022	0.76048	0.999995	607	0	0.39589	0.68055	0.82685	0.999995	786	2	0.39589
TNKS2	4	0.76053	0.76077	0.999995	608	0	0.50411	0.42975	0.66676	0.999995	663	2	0.50411
LNX2	4	0.76148	0.76169	0.999995	609	0	1.0196	0.034508	0.10467	0.76241	145	3	1.0196
EAF2	4	0.76242	0.76257	0.999995	610	0	0.52483	0.33177	0.56673	0.999995	586	3	0.52483
GBP3	4	0.76305	0.76325	0.999995	611	0	0.45054	0.29198	0.52344	0.995548	556	3	0.45054
AXL	4	0.76336	0.7636	0.999995	612	0	0.786	0.1278	0.31578	0.867663	380	3	0.786
SP110	4	0.76399	0.76417	0.999995	613	0	0.70792	0.25569	0.4825	0.965001	531	3	0.70792
DUSP10	4	0.7643	0.76452	0.999995	614	0	0.6318	0.1663	0.37465	0.912204	432	3	0.6318
SLC35F4	4	0.76524	0.76545	0.999995	615	0	0.86246	0.13552	0.33145	0.878552	396	3	0.86246
UNC45A	4	0.76555	0.76581	0.999995	616	0	0.23533	0.78071	0.88604	0.999995	830	1	0.23533
FLOT1	4	0.76648	0.76675	0.999995	617	0	0.78844	0.12591	0.31232	0.867663	371	3	0.78844
ZNF34	4	0.76679	0.76708	0.999995	618	0	0.40984	0.31588	0.54959	0.999995	574	3	0.40984
GXYLT2	4	0.7671	0.76745	0.999995	619	0	0.40437	0.17256	0.38306	0.912727	442	3	0.40437
LIM2	4	0.76987	0.7701	0.999995	620	0	0.60239	0.18213	0.39513	0.92663	448	3	0.60239
HMG20B	4	0.77018	0.77045	0.999995	621	0	0.42189	0.49623	0.72915	0.999995	719	3	0.42189
SLC32A1	4	0.77048	0.77081	0.999995	622	0	0.47871	0.42353	0.66071	0.999995	655	3	0.47871
IRF6	4	0.77079	0.7711	0.999995	623	0	0.36736	0.35193	0.58851	0.999995	604	2	0.36736
UNC119B	4	0.7714	0.7718	0.999995	624	0	0.73659	0.24636	0.47196	0.958945	523	3	0.73659
GALR3	4	0.77231	0.77277	0.999995	625	0	0.46736	0.44809	0.68452	0.999995	678	3	0.46736
JAG2	4	0.77353	0.77411	0.999995	626	0	0.55713	0.28769	0.51861	0.995548	553	2	0.55713
HMGCLL1	4	0.77474	0.77537	0.999995	627	0	0.57233	0.38169	0.61884	0.999995	631	3	0.57233
PACS1	4	0.77504	0.77561	0.999995	628	0	0.41038	0.47102	0.70621	0.999995	697	3	0.41038
CCNE2	4	0.77624	0.77672	0.999995	629	0	0.32451	0.73302	0.85699	0.999995	807	2	0.32451
SPDEF	4	0.77654	0.77697	0.999995	630	0	0.65882	0.21514	0.43533	0.933371	489	3	0.65882
RPL3L	4	0.77714	0.77762	0.999995	631	0	0.57874	0.32471	0.55916	0.999995	577	3	0.57874
NDEL1	4	0.77744	0.77793	0.999995	632	0	0.72924	0.12907	0.31827	0.867663	383	3	0.72924
OSMR	4	0.77774	0.77822	0.999995	633	0	0.39795	0.373	0.61028	0.999995	627	2	0.39795
IQCA1	4	0.77804	0.77854	0.999995	634	0	0.52505	0.44691	0.68343	0.999995	677	3	0.52505
SLC22A13	4	0.78041	0.78082	0.999995	635	0	0.64074	0.18292	0.39607	0.926792	449	3	0.64074
ERC2	4	0.78071	0.7811	0.999995	636	0	0.55712	0.35156	0.58812	0.999995	603	2	0.55712
BTG1	4	0.781	0.78141	0.999995	637	0	0.52077	0.29473	0.52666	0.995548	562	3	0.52077
TMEM9	4	0.78189	0.78241	0.999995	638	0	0.51213	0.36778	0.60513	0.999995	619	3	0.51213
NLRP8	4	0.78277	0.78324	0.999995	639	0	0.74615	0.21589	0.43626	0.933371	492	3	0.74615
CHUK	8	0.78293	0.7838	0.999995	640	1	0.59767	0.25769	0.5801	0.999995	532	5	0.59767
DPCR1	4	0.78336	0.78382	0.999995	641	0	0.67679	0.33996	0.5757	0.999995	594	3	0.67679
NAA16	4	0.78394	0.78452	0.999995	642	0	0.61613	0.35004	0.5866	0.999995	602	3	0.61613
AMELX	4	0.78424	0.78483	0.999995	643	0	1.0495	0.12681	0.31372	0.867663	376	3	1.0495
GPSM2	4	0.78482	0.78526	0.999995	644	0	0.58796	0.21649	0.43683	0.933371	494	2	0.58796
FAM50A	4	0.7854	0.78573	0.999995	645	0	0.5914	0.086857	0.23118	0.857872	283	2	0.5914
PHLDA3	4	0.78598	0.78622	0.999995	646	0	0.68191	0.16694	0.37545	0.912204	434	3	0.68191
ATP6V1E2	4	0.78627	0.7865	0.999995	647	0	0.32491	0.62669	0.79787	0.999995	763	2	0.32491
KRT74	4	0.78656	0.78688	0.999995	648	0	0.44371	0.69815	0.83709	0.999995	792	2	0.44371
MYCN	4	0.78685	0.78722	0.999995	649	0	0.74161	0.11265	0.286	0.865683	343	3	0.74161
CPS1	4	0.78714	0.78758	0.999995	650	0	0.8121	0.12023	0.30069	0.867663	358	3	0.8121
TAF9B	2	0.78725	0.78479	0.999995	651	0	1.037	0.15305	0.25014	0.865683	423	2	1.037
ICK	4	0.78743	0.78782	0.999995	652	0	0.70631	0.1699	0.37951	0.912204	440	3	0.70631
LSM14A	4	0.78887	0.78911	0.999995	653	0	0.63264	0.35808	0.59476	0.999995	612	3	0.63264
ASCL1	4	0.78916	0.78938	0.999995	654	0	0.75238	0.11162	0.28399	0.865683	339	3	0.75238
FOSL1	3	0.7898	0.79066	0.999995	655	0	0.98026	0.11016	0.24087	0.86341	336	3	0.98026
FAM126B	4	0.79002	0.79035	0.999995	656	0	0.69171	0.2124	0.43209	0.933371	488	3	0.69171
TANC1	4	0.79173	0.79207	0.999995	657	0	0.36555	0.22491	0.4465	0.93536	508	2	0.36555
FCRL3	4	0.79202	0.7924	0.999995	658	0	0.67462	0.14414	0.34706	0.884342	413	3	0.67462
CCDC69	4	0.7923	0.79263	0.999995	659	0	0.5078	0.015138	0.048987	0.66286	75	2	0.5078
RNF113B	4	0.79258	0.79296	0.999995	660	0	0.82541	0.12277	0.30584	0.867663	364	3	0.82541
NKAPL	4	0.79287	0.79329	0.999995	661	0	0.83567	0.025084	0.078073	0.698721	118	3	0.83567
ARPC5L	4	0.79343	0.79398	0.999995	662	0	0.42822	0.49502	0.7281	0.999995	718	3	0.42822
LHFPL5	4	0.794	0.79438	0.999995	663	0	0.45426	0.45084	0.68704	0.999995	681	3	0.45426
PDX1	4	0.79428	0.79467	0.999995	664	0	0.43103	0.49904	0.73177	0.999995	720	3	0.43103
CLDN4	4	0.79512	0.79542	0.999995	665	0	0.52054	0.40663	0.64363	0.999995	644	3	0.52054
POU4F2	4	0.7954	0.79562	0.999995	666	0	0.61369	0.11171	0.28416	0.865683	340	3	0.61369
ELL2	4	0.79569	0.79589	0.999995	667	0	0.63125	0.23741	0.46196	0.951426	516	3	0.63125
DYNLT1	4	0.79597	0.79627	0.999995	668	0	0.75131	0.24605	0.47159	0.958945	522	3	0.75131
TRPM1	4	0.79625	0.79662	0.999995	669	0	0.65849	0.19866	0.41513	0.929137	472	3	0.65849
FKBP10	4	0.7968	0.79718	0.999995	670	0	0.90043	0.10277	0.26573	0.865683	318	3	0.90043
CCNE1	4	0.79708	0.79752	0.999995	671	0	0.522	0.20369	0.42116	0.933371	478	2	0.522
H2AFX	4	0.79736	0.79779	0.999995	672	0	0.76057	0.33141	0.56633	0.999995	585	3	0.76057
LOR	4	0.79764	0.79808	0.999995	673	0	0.65446	0.30668	0.53993	0.999995	570	3	0.65446
ARFIP2	4	0.79792	0.79834	0.999995	674	0	0.57682	0.29845	0.53084	0.995548	565	3	0.57682
LMBR1	4	0.79847	0.79897	0.999995	675	0	0.86296	0.11413	0.28893	0.865683	345	3	0.86296
TOMM20	3	0.79991	0.80048	0.999995	676	0	0.72291	0.20009	0.39166	0.92054	474	3	0.72291
REG3A	4	0.80069	0.80086	0.999995	677	0	0.93908	0.048547	0.14066	0.781805	187	3	0.93908
TMEM120B	4	0.80124	0.80133	0.999995	678	0	0.74854	0.1432	0.34582	0.884342	410	3	0.74854
TCF3	4	0.80151	0.80161	0.999995	679	0	0.51585	0.32823	0.56286	0.999995	580	3	0.51585
CAPN2	4	0.80261	0.80263	0.999995	680	0	0.63217	0.29913	0.53151	0.995548	566	3	0.63217
ARSJ	4	0.80451	0.80461	0.999995	681	0	0.39163	0.4274	0.66443	0.999995	658	3	0.39163
PPP2CB	3	0.80531	0.80563	0.999995	682	0	0.70241	0.19469	0.38317	0.912727	465	3	0.70241
ABCC3	4	0.80532	0.80532	0.999995	683	0	0.36771	0.48099	0.71496	0.999995	707	3	0.36771
GRIP1	4	0.80586	0.80601	0.999995	684	0	0.40973	0.43284	0.66989	0.999995	667	3	0.40973
ARID1B	4	0.80667	0.8068	0.999995	685	0	0.71071	0.15304	0.35815	0.895374	422	3	0.71071
KLF5	4	0.80721	0.80738	0.999995	686	0	0.53116	0.34391	0.58008	0.999995	597	3	0.53116
FBLN1	4	0.80775	0.80803	0.999995	687	0	0.6255	0.22186	0.44322	0.933565	505	3	0.6255
MECOM	4	0.80801	0.80836	0.999995	688	0	0.61162	0.24154	0.4666	0.954824	520	3	0.61162
SIX6	4	0.80908	0.80952	0.999995	689	0	0.72721	0.04725	0.13739	0.781805	181	2	0.72721
ZNF423	4	0.80962	0.81012	0.999995	690	0	0.76744	0.16098	0.36789	0.908186	428	3	0.76744
CDC34	4	0.81041	0.81107	0.999995	691	0	0.9501	0.069204	0.19038	0.839778	236	3	0.9501
PMM1	4	0.81121	0.81176	0.999995	692	0	0.65255	0.16886	0.3779	0.912204	436	3	0.65255
ATP6V1C2	8	0.81123	0.81008	0.999995	693	1	0.37206	0.47309	0.78359	0.999995	701	5	0.37206
CD72	4	0.81147	0.81202	0.999995	694	0	0.69409	0.19648	0.41252	0.929137	467	3	0.69409
COX6B2	4	0.81226	0.81297	0.999995	695	0	0.56417	0.16936	0.37871	0.912204	438	3	0.56417
PSEN2	4	0.81252	0.81325	0.999995	696	0	0.89092	0.19123	0.40636	0.928404	459	3	0.89092
LRBA	4	0.81305	0.81386	0.999995	697	0	0.69014	0.10833	0.27739	0.865683	329	2	0.69014
MTA1	4	0.81357	0.81439	0.999995	698	0	0.30401	0.82411	0.91293	0.999995	844	2	0.30401
NCKAP1	4	0.81383	0.81468	0.999995	699	0	0.51247	0.35476	0.59136	0.999995	608	3	0.51247
DLL4	4	0.8141	0.81493	0.999995	700	0	0.46681	0.4775	0.71189	0.999995	703	3	0.46681
ALDOC	4	0.81436	0.81521	0.999995	701	0	0.38153	0.28698	0.51782	0.995548	552	3	0.38153
CAT	4	0.81514	0.81598	0.999995	702	0	0.78866	0.090662	0.24001	0.86341	292	3	0.78866
DEGS1	4	0.81566	0.81655	0.999995	703	0	0.83834	0.081961	0.21982	0.856804	267	3	0.83834
USP13	4	0.81592	0.81684	0.999995	704	0	0.66307	0.048459	0.14051	0.781805	186	2	0.66307
RPS7	1	0.81603	0.81701	0.999995	705	0	1.0357	0.18397	0.18382	0.839778	451	1	1.0357
NCK1	4	0.81618	0.81708	0.999995	706	0	0.65545	0.17496	0.38609	0.915554	443	3	0.65545
STX12	4	0.81669	0.8176	0.999995	707	0	0.49989	0.43869	0.6757	0.999995	668	3	0.49989
PSMB8	4	0.81695	0.81793	0.999995	708	0	0.48948	0.27119	0.49989	0.990441	538	3	0.48948
ADARB2	4	0.81773	0.81869	0.999995	709	0	0.69038	0.077458	0.20963	0.856804	255	3	0.69038
ERN2	4	0.8185	0.81937	0.999995	710	0	0.83442	0.11224	0.28527	0.865683	342	3	0.83442
MRGPRX2	4	0.81875	0.81958	0.999995	711	0	0.37222	0.1971	0.41328	0.929137	469	3	0.37222
MARCKS	4	0.82003	0.82079	0.999995	712	0	1.1035	0.0025464	0.0093359	0.443224	21	3	1.1035
IDH1	4	0.82181	0.82266	0.999995	713	0	0.7527	0.21217	0.43186	0.933371	487	3	0.7527
TBK1	4	0.82206	0.82291	0.999995	714	0	0.45201	0.65285	0.8118	0.999995	771	2	0.45201
PLAU	4	0.82332	0.82413	0.999995	715	0	0.75961	0.12632	0.31291	0.867663	374	3	0.75961
TBC1D1	4	0.82358	0.82434	0.999995	716	0	0.65395	0.30802	0.54134	0.999995	571	3	0.65395
ITGB1BP2	4	0.82433	0.8251	0.999995	717	0	0.72564	0.19161	0.40676	0.928404	460	3	0.72564
IL10RA	4	0.82483	0.82553	0.999995	718	0	0.73237	0.199	0.41548	0.929137	473	3	0.73237
TGFBR2	4	0.82508	0.82579	0.999995	719	0	0.56622	0.37091	0.60823	0.999995	624	3	0.56622
CNOT6L	4	0.82533	0.82602	0.999995	720	0	0.68812	0.22118	0.44245	0.933565	502	3	0.68812
PLCG2	4	0.82632	0.82697	0.999995	721	0	1.0703	0.015522	0.050089	0.66286	78	3	1.0703
KCNG4	4	0.82682	0.82741	0.999995	722	0	0.57883	0.46325	0.69886	0.999995	692	3	0.57883
SAMD4B	4	0.82707	0.82763	0.999995	723	0	0.84294	0.14336	0.34607	0.884342	411	3	0.84294
MTUS2	4	0.82731	0.82785	0.999995	724	0	0.57773	0.2927	0.52422	0.995548	558	3	0.57773
FAM126A	4	0.82756	0.82806	0.999995	725	0	0.70445	0.31736	0.55114	0.999995	575	3	0.70445
RTP1	4	0.82781	0.82834	0.999995	726	0	0.93422	0.066391	0.1838	0.839778	230	3	0.93422
ISL1	4	0.82879	0.82927	0.999995	727	0	0.48069	0.21187	0.43143	0.933371	486	3	0.48069
NAPB	4	0.82928	0.82966	0.999995	728	0	0.41284	0.57239	0.76967	0.999995	744	2	0.41284
DZIP1L	4	0.82953	0.82994	0.999995	729	0	0.97314	0.045334	0.13282	0.781805	176	3	0.97314
AP2A2	4	0.83026	0.83074	0.999995	730	0	0.62026	0.36648	0.60382	0.999995	618	3	0.62026
TFDP3	4	0.8305	0.83101	0.999995	731	0	0.45527	0.55191	0.75859	0.999995	741	2	0.45527
GOLPH3	4	0.83123	0.83177	0.999995	732	0	0.68774	0.19178	0.40694	0.928404	461	3	0.68774
SMAP2	4	0.83148	0.83207	0.999995	733	0	0.60057	0.33532	0.57059	0.999995	590	3	0.60057
ERN1	4	0.83196	0.83252	0.999995	734	0	0.44912	0.42934	0.66637	0.999995	662	3	0.44912
CDK5R1	4	0.83269	0.83329	0.999995	735	0	0.36934	0.48659	0.72021	0.999995	709	3	0.36934
TRPC5	4	0.83293	0.83343	0.999995	736	0	0.79057	0.10897	0.27861	0.865683	331	3	0.79057
SMARCC2	4	0.83317	0.83364	0.999995	737	0	0.54784	0.25421	0.48083	0.965001	527	3	0.54784
GOLT1B	4	0.83389	0.83432	0.999995	738	0	0.51926	0.2934	0.52506	0.995548	560	3	0.51926
POU5F2	4	0.83485	0.83522	0.999995	739	0	0.55333	0.29371	0.52551	0.995548	561	3	0.55333
ACACB	4	0.83509	0.83537	0.999995	740	0	0.89684	0.028955	0.089356	0.715988	131	3	0.89684
GXYLT1	4	0.83556	0.83588	0.999995	741	0	0.69822	0.07049	0.19331	0.839778	243	3	0.69822
SLC25A37	4	0.83604	0.83633	0.999995	742	0	0.37046	0.45873	0.69459	0.999995	688	3	0.37046
DENND5B	4	0.83628	0.83665	0.999995	743	0	0.94972	0.039988	0.11932	0.781805	159	3	0.94972
GRHL3	4	0.83652	0.83687	0.999995	744	0	0.77681	0.16047	0.36733	0.908186	427	3	0.77681
KCNT2	4	0.83675	0.83706	0.999995	745	0	0.64797	0.15562	0.3613	0.897593	424	3	0.64797
FRS2	4	0.83817	0.83855	0.999995	746	0	0.49282	0.44534	0.68195	0.999995	674	3	0.49282
NSDHL	4	0.83888	0.8394	0.999995	747	0	1.0492	0.04201	0.12444	0.781805	165	3	1.0492
HEATR5B	4	0.83981	0.84037	0.999995	748	0	0.92837	0.098411	0.25627	0.865683	308	3	0.92837
HPS1	4	0.84074	0.84115	0.999995	749	0	0.63603	0.0078201	0.026635	0.495135	57	3	0.63603
PRSS37	4	0.84443	0.8451	0.999995	750	0	0.68471	0.1976	0.41387	0.929137	470	3	0.68471
ZDHHC17	4	0.84466	0.84533	0.999995	751	0	0.53223	0.40472	0.64168	0.999995	641	3	0.53223
MT2A	4	0.84557	0.84623	0.999995	752	0	0.48541	0.10918	0.27911	0.865683	332	3	0.48541
SLC25A2	4	0.84603	0.84667	0.999995	753	0	1.0341	0.039538	0.11799	0.781805	157	3	1.0341
RECK	4	0.84625	0.84689	0.999995	754	0	0.71626	0.082499	0.22102	0.856804	270	3	0.71626
GLIS3	4	0.84648	0.84713	0.999995	755	0	0.6522	0.2807	0.51085	0.995548	546	3	0.6522
APH1A	4	0.84671	0.84743	0.999995	756	0	0.56083	0.36317	0.60004	0.999995	615	3	0.56083
IL6R	4	0.84716	0.84788	0.999995	757	0	0.52536	0.37054	0.60787	0.999995	623	3	0.52536
CYP7A1	4	0.84806	0.84876	0.999995	758	0	0.58261	0.43947	0.67639	0.999995	670	3	0.58261
S1PR4	4	0.84828	0.84897	0.999995	759	0	0.35108	0.45217	0.68834	0.999995	683	2	0.35108
NUMB	4	0.84918	0.84975	0.999995	760	0	0.6718	0.2368	0.46126	0.951426	515	3	0.6718
TRIM25	4	0.8494	0.85003	0.999995	761	0	0.71109	0.28912	0.52012	0.995548	555	3	0.71109
ZIC3	4	0.85051	0.85114	0.999995	762	0	0.69243	0.16912	0.3783	0.912204	437	3	0.69243
SAMD4A	4	0.85074	0.85131	0.999995	763	0	0.93381	0.069165	0.19035	0.839778	235	3	0.93381
RNF2	3	0.85172	0.85178	0.999995	764	0	0.83917	0.14041	0.29493	0.867663	405	3	0.83917
SEC11A	4	0.85206	0.85245	0.999995	765	0	0.97355	0.039762	0.11865	0.781805	158	3	0.97355
CDS1	4	0.85272	0.85301	0.999995	766	0	1.0599	0.018953	0.059999	0.673841	92	3	1.0599
CNOT8	3	0.85288	0.85297	0.999995	767	0	0.6145	0.14712	0.30577	0.867663	416	3	0.6145
TUBB4B	8	0.85289	0.85206	0.999995	768	0	0.14734	0.43109	0.75405	0.999995	666	3	0.14734
GDF15	4	0.85316	0.85352	0.999995	769	0	0.65916	0.34751	0.58388	0.999995	599	3	0.65916
ZMIZ2	4	0.85381	0.85419	0.999995	770	0	0.385	0.44573	0.68239	0.999995	675	3	0.385
GSTP1	4	0.85425	0.85469	0.999995	771	0	0.93592	0.038009	0.11376	0.773007	155	3	0.93592
CBLL2	4	0.85447	0.85496	0.999995	772	0	0.60432	0.29506	0.52707	0.995548	563	3	0.60432
PPP3R1	4	0.85468	0.85515	0.999995	773	0	0.83464	0.18361	0.39695	0.9268	450	3	0.83464
TRPC7	4	0.85512	0.85562	0.999995	774	0	0.79218	0.15061	0.35529	0.894597	418	3	0.79218
SOHLH1	4	0.8562	0.85655	0.999995	775	0	0.55639	0.0059842	0.020956	0.46181	48	3	0.55639
PPP2R1B	4	0.85663	0.85696	0.999995	776	0	0.77014	0.24654	0.47224	0.958945	524	3	0.77014
MEP1B	4	0.85684	0.85715	0.999995	777	0	0.66485	0.1376	0.33546	0.883898	399	3	0.66485
PTPN14	4	0.85727	0.85757	0.999995	778	0	0.62912	0.28483	0.51547	0.995548	550	3	0.62912
KRT38	4	0.85749	0.85779	0.999995	779	0	0.91503	0.085486	0.22794	0.856804	280	3	0.91503
TTC7A	8	0.85798	0.85765	0.999995	780	0	0.41033	0.58255	0.85664	0.999995	746	5	0.41033
CD44	4	0.85877	0.85907	0.999995	781	0	0.74094	0.14123	0.34272	0.883898	408	4	0.74094
CELA2A	4	0.85898	0.85934	0.999995	782	0	0.52558	0.14102	0.34221	0.883898	407	4	0.52558
CAV1	4	0.85983	0.85999	0.999995	783	0	0.74124	0.14017	0.34043	0.883898	404	4	0.74124
OSBPL6	4	0.86004	0.8602	0.999995	784	0	0.54514	0.13996	0.34002	0.883898	403	4	0.54514
IKBKE	4	0.86046	0.86062	0.999995	785	0	0.62908	0.13954	0.33912	0.883898	402	4	0.62908
FKBP9	4	0.86109	0.86119	0.999995	786	0	0.98177	0.026803	0.08307	0.71589	123	4	0.98177
PHLDA2	4	0.8613	0.86141	0.999995	787	0	0.43022	0.1387	0.33745	0.883898	400	4	0.43022
VRTN	4	0.86276	0.86293	0.999995	788	0	0.60353	0.13724	0.33485	0.883898	398	4	0.60353
RXFP3	4	0.86421	0.8644	0.999995	789	0	0.84895	0.096973	0.25326	0.865683	305	4	0.84895
SERPINA11	4	0.86442	0.86461	0.999995	790	0	0.74058	0.13558	0.33153	0.878552	397	4	0.74058
IL6ST	4	0.86483	0.86507	0.999995	791	0	0.84097	0.13517	0.33082	0.878552	395	4	0.84097
TBC1D9	4	0.86504	0.86524	0.999995	792	0	0.62128	0.13496	0.33046	0.878552	394	4	0.62128
PAPSS2	4	0.86545	0.86561	0.999995	793	0	1.1103	0.011166	0.037245	0.580591	70	4	1.1103
ITSN2	4	0.86606	0.86623	0.999995	794	0	0.80201	0.061724	0.17252	0.830858	220	4	0.80201
TSTD1	4	0.86647	0.86665	0.999995	795	0	0.70617	0.13353	0.32748	0.8766	393	4	0.70617
SLC10A2	4	0.86688	0.86717	0.999995	796	0	0.46824	0.13312	0.32672	0.8766	392	4	0.46824
PTF1A	4	0.86708	0.86734	0.999995	797	0	0.60266	0.13292	0.32634	0.8766	391	4	0.60266
DNAJC19	3	0.86723	0.86742	0.999995	798	0	0.87133	0.13277	0.28151	0.865683	390	3	0.87133
FRY	4	0.86769	0.86793	0.999995	799	0	0.8026	0.051123	0.14662	0.781805	196	4	0.8026
FAM71A	4	0.86829	0.86853	0.999995	800	0	0.73131	0.13171	0.32387	0.873542	389	4	0.73131
SUV39H2	3	0.86867	0.8687	0.999995	801	0	0.75887	0.13133	0.27903	0.865683	388	3	0.75887
TANC2	3	0.86902	0.86912	0.999995	802	0	0.50888	0.13098	0.27833	0.865683	387	3	0.50888
ATAD2B	4	0.8697	0.86982	0.999995	803	0	0.57324	0.1303	0.32087	0.867663	386	4	0.57324
G6PC	4	0.8703	0.87052	0.999995	804	0	0.82308	0.1297	0.31962	0.867663	385	4	0.82308
TPBG	4	0.8707	0.87095	0.999995	805	0	0.68233	0.1293	0.31882	0.867663	384	4	0.68233
LDB2	4	0.87129	0.87142	0.999995	806	0	0.72106	0.04757	0.13828	0.781805	183	4	0.72106
GBX1	4	0.87149	0.87157	0.999995	807	0	0.78016	0.10006	0.25985	0.865683	311	4	0.78016
SIK2	4	0.87169	0.87182	0.999995	808	0	0.51659	0.12831	0.31682	0.867663	381	4	0.51659
KRT37	4	0.87228	0.87243	0.999995	809	0	0.70539	0.12772	0.31561	0.867663	379	4	0.70539
TIMP2	4	0.87287	0.87309	0.999995	810	0	0.45453	0.12713	0.31435	0.867663	377	4	0.45453
NR5A2	4	0.87405	0.87429	0.999995	811	0	0.6921	0.0032256	0.011783	0.443224	28	4	0.6921
BARHL1	4	0.87444	0.87471	0.999995	812	0	0.86394	0.11768	0.29589	0.867663	353	4	0.86394
PLEK2	4	0.87521	0.87561	0.999995	813	0	0.55788	0.12479	0.30997	0.867663	370	4	0.55788
TREML4	3	0.87586	0.87617	0.999995	814	0	0.61121	0.12414	0.26593	0.865683	368	3	0.61121
FSD1	4	0.87599	0.87648	0.999995	815	0	0.59263	0.12401	0.30849	0.867663	367	4	0.59263
XDH	4	0.87618	0.87666	0.999995	816	0	0.60846	0.12382	0.30814	0.867663	366	4	0.60846
PRKAB1	4	0.87714	0.8775	0.999995	817	0	0.64206	0.12286	0.30605	0.867663	365	4	0.64206
TPRX1	4	0.87752	0.87794	0.999995	818	0	0.84404	0.049348	0.14257	0.781805	189	4	0.84404
SNTA1	4	0.8779	0.87825	0.999995	819	0	0.60194	0.1221	0.30454	0.867663	363	4	0.60194
JAG1	4	0.8781	0.87851	0.999995	820	0	0.6013	0.1219	0.30414	0.867663	362	4	0.6013
DNAJC15	4	0.87829	0.87864	0.999995	821	0	0.82106	0.023323	0.072964	0.698721	109	4	0.82106
PDLIM5	4	0.87904	0.87935	0.999995	822	0	0.77957	0.11443	0.28951	0.865683	348	4	0.77957
E2F4	4	0.87923	0.87958	0.999995	823	0	0.59643	0.12077	0.3017	0.867663	360	4	0.59643
PPP3R2	4	0.87961	0.87993	0.999995	824	0	1.0348	0.082657	0.22142	0.856804	271	4	1.0348
LIN28A	3	0.87961	0.87976	0.999995	825	0	0.64243	0.12039	0.25901	0.865683	359	3	0.64243
HUS1B	4	0.88055	0.88092	0.999995	826	0	0.69672	0.11945	0.29913	0.867663	357	4	0.69672
ZEB1	4	0.88111	0.88166	0.999995	827	0	0.60782	0.11889	0.2981	0.867663	355	4	0.60782
ACTL7A	4	0.88186	0.88216	0.999995	828	0	0.78399	0.11814	0.29666	0.867663	354	4	0.78399
RRM2B	8	0.88235	0.88189	0.999995	829	0	0.19685	0.58772	0.85995	0.999995	747	3	0.19685
SAP30	4	0.88426	0.88425	0.999995	830	0	0.54554	0.11574	0.29219	0.867557	352	4	0.54554
SLCO2B1	4	0.88571	0.88556	0.999995	831	0	0.67415	0.11429	0.28921	0.865683	347	4	0.67415
PDGFD	4	0.88608	0.88594	0.999995	832	0	0.93896	0.0054594	0.019115	0.459956	42	4	0.93896
ZNF521	4	0.88734	0.88726	0.999995	833	0	0.82962	0.11266	0.286	0.865683	344	4	0.82962
COQ10B	4	0.88805	0.88802	0.999995	834	0	0.61355	0.11195	0.28466	0.865683	341	4	0.61355
YBX3	4	0.88841	0.88832	0.999995	835	0	0.57419	0.094707	0.24864	0.865683	300	4	0.57419
NBEAL1	4	0.88894	0.88875	0.999995	836	0	0.89645	0.053879	0.15371	0.794939	202	4	0.89645
BTBD11	4	0.88912	0.88895	0.999995	837	0	0.54485	0.11088	0.28262	0.865683	338	4	0.54485
HRH1	4	0.8893	0.8891	0.999995	838	0	0.7228	0.1107	0.28221	0.865683	337	4	0.7228
G3BP2	4	0.88948	0.88932	0.999995	839	0	1.3374	0.012399	0.041084	0.604854	73	4	1.3374
HRAS	4	0.89001	0.88983	0.999995	840	0	0.52683	0.10999	0.28078	0.865683	334	4	0.52683
UAP1	4	0.89036	0.89018	0.999995	841	0	1.0397	0.03309	0.10085	0.761288	140	4	1.0397
TMEM185B	4	0.89071	0.89051	0.999995	842	0	0.80744	0.10929	0.27932	0.865683	333	4	0.80744
SEC31A	4	0.89106	0.89086	0.999995	843	0	0.97562	0.050749	0.14588	0.781805	194	4	0.97562
PHLDA1	4	0.89123	0.89101	0.999995	844	0	0.59381	0.10877	0.27825	0.865683	330	4	0.59381
TPBGL	4	0.89176	0.89146	0.999995	845	0	0.9956	0.0095278	0.032089	0.536529	64	4	0.9956
MAT1A	4	0.89349	0.89317	0.999995	846	0	0.7062	0.10651	0.27333	0.865683	325	4	0.7062
IPO8	4	0.89417	0.89376	0.999995	847	0	1.1937	0.003126	0.011409	0.443224	26	4	1.1937
IAPP	4	0.89452	0.89403	0.999995	848	0	0.73796	0.10548	0.27132	0.865683	324	4	0.73796
NUMBL	4	0.89537	0.89474	0.999995	849	0	0.88095	0.050361	0.14483	0.781805	193	4	0.88095
MYBPH	4	0.89672	0.89603	0.999995	850	0	0.63124	0.10328	0.26676	0.865683	320	4	0.63124
LIMK1	4	0.89706	0.89632	0.999995	851	0	0.75303	0.10294	0.26605	0.865683	319	4	0.75303
DMD	4	0.89722	0.89648	0.999995	852	0	1.0212	0.054189	0.15449	0.794939	204	4	1.0212
SMC1B	4	0.89739	0.89662	0.999995	853	0	0.70377	0.10261	0.26546	0.865683	317	4	0.70377
KCNT1	4	0.89756	0.89683	0.999995	854	0	0.82762	0.091211	0.2411	0.86341	294	4	0.82762
H2BFM	4	0.89822	0.89745	0.999995	855	0	0.78578	0.045545	0.13337	0.781805	178	4	0.78578
PLXDC1	8	0.89908	0.8994	0.999995	856	0	0.7106	0.12656	0.38515	0.915386	375	6	0.7106
CYFIP1	4	0.89988	0.89909	0.999995	857	0	0.83487	0.10012	0.25995	0.865683	312	4	0.83487
STRIP2	4	0.90004	0.89924	0.999995	858	0	0.83076	0.049718	0.14334	0.781805	190	4	0.83076
PRDM13	4	0.90037	0.89963	0.999995	859	0	0.70523	0.099631	0.25891	0.865683	310	4	0.70523
NXT2	4	0.90102	0.90028	0.999995	860	0	0.94844	0.098978	0.25752	0.865683	309	4	0.94844
NCKAP1L	4	0.90151	0.90072	0.999995	861	0	0.88724	0.069791	0.19167	0.839778	238	4	0.88724
EFNB1	4	0.90216	0.90129	0.999995	862	0	0.61226	0.097844	0.25503	0.865683	307	4	0.61226
MANF	4	0.90264	0.90173	0.999995	863	0	0.71715	0.09736	0.25403	0.865683	306	4	0.71715
RANBP6	3	0.90304	0.90253	0.999995	864	0	0.89726	0.096956	0.21594	0.856804	304	3	0.89726
TAS1R2	4	0.9036	0.90269	0.999995	865	0	0.81449	0.096399	0.25207	0.865683	303	4	0.81449
ERBB3	8	0.90418	0.90456	0.999995	866	0	0.42207	0.29338	0.62567	0.999995	559	6	0.42207
RBMXL2	4	0.90519	0.90404	0.999995	867	0	0.71089	0.094812	0.24886	0.865683	302	4	0.71089
EPHA3	4	0.9055	0.90433	0.999995	868	0	0.89037	0.094497	0.24823	0.865683	299	4	0.89037
DLL1	4	0.90582	0.90458	0.999995	869	0	0.65893	0.094183	0.24753	0.865683	298	4	0.65893
FNIP1	4	0.90738	0.90583	0.999995	870	0	0.71007	0.092624	0.24392	0.865277	296	4	0.71007
DZIP3	4	0.90892	0.90768	0.999995	871	0	0.67821	0.091085	0.24076	0.86341	293	4	0.67821
DDX17	4	0.90953	0.90832	0.999995	872	0	0.76256	0.090474	0.23969	0.86341	291	4	0.76256
FOXE3	4	0.90968	0.90844	0.999995	873	0	0.72068	0.090322	0.23935	0.86341	290	4	0.72068
PTPN21	4	0.91074	0.90935	0.999995	874	0	0.95768	0.052452	0.15019	0.792055	199	4	0.95768
GPR50	4	0.91149	0.91026	0.999995	875	0	0.94484	0.037747	0.11312	0.773007	154	4	0.94484
GPSM1	4	0.91209	0.91095	0.999995	876	0	0.88289	0.087914	0.2337	0.860131	287	4	0.88289
IKBKB	4	0.91238	0.91134	0.999995	877	0	0.88992	0.033256	0.10127	0.761288	141	4	0.88992
HTR2C	4	0.91312	0.91198	0.999995	878	0	1.1203	0.019538	0.061905	0.676713	95	4	1.1203
DCAF4L2	4	0.91357	0.91241	0.999995	879	0	0.66885	0.044007	0.12964	0.781805	171	4	0.66885
STX17	4	0.91386	0.9127	0.999995	880	0	0.87947	0.079554	0.21414	0.856804	263	4	0.87947
DENND5A	4	0.91415	0.91301	0.999995	881	0	0.60091	0.085847	0.2289	0.856871	281	4	0.60091
GYS1	4	0.91459	0.91355	0.999995	882	0	0.79535	0.085409	0.2278	0.856804	279	4	0.79535
SYK	4	0.91474	0.91367	0.999995	883	0	0.78986	0.085263	0.22752	0.856804	278	4	0.78986
CRX	4	0.91488	0.91384	0.999995	884	0	0.98927	0.065481	0.1815	0.839778	228	4	0.98927
KCNMB3	4	0.91532	0.91429	0.999995	885	0	0.79693	0.084682	0.22632	0.856804	277	4	0.79693
SLC35F3	4	0.9159	0.91492	0.999995	886	0	0.78096	0.084104	0.22501	0.856804	276	4	0.78096
RSPH1	4	0.91604	0.91504	0.999995	887	0	0.49167	0.08396	0.22458	0.856804	275	4	0.49167
PCGF1	4	0.91618	0.9152	0.999995	888	0	0.54469	0.083817	0.2242	0.856804	273	4	0.54469
CHRNB3	4	0.91789	0.91702	0.999995	889	0	0.97114	0.082105	0.22016	0.856804	269	4	0.97114
DDX39A	4	0.91804	0.91718	0.999995	890	0	0.68716	0.081964	0.21982	0.856804	268	4	0.68716
GYS2	4	0.91902	0.91814	0.999995	891	0	0.77564	0.080979	0.21756	0.856804	265	4	0.77564
SPTA1	4	0.92069	0.92006	0.999995	892	0	0.50366	0.079311	0.2137	0.856804	262	4	0.50366
ERC1	4	0.92096	0.9203	0.999995	893	0	0.56909	0.079035	0.21308	0.856804	260	4	0.56909
AHCYL2	4	0.92192	0.92118	0.999995	894	0	0.75098	0.078077	0.21104	0.856804	258	4	0.75098
APOBEC1	4	0.92206	0.92133	0.999995	895	0	0.7473	0.077941	0.21076	0.856804	257	4	0.7473
KIAA0319L	4	0.9222	0.9215	0.999995	896	0	0.62331	0.077805	0.21046	0.856804	256	4	0.62331
BATF3	4	0.92287	0.92233	0.999995	897	0	0.81123	0.077127	0.2089	0.856804	254	4	0.81123
AP5M1	4	0.92408	0.92353	0.999995	898	0	0.95422	0.0074486	0.025448	0.490459	56	4	0.95422
NETO2	4	0.92488	0.92429	0.999995	899	0	1.0718	0.032692	0.099818	0.761288	138	4	1.0718
MACF1	4	0.92567	0.92495	0.999995	900	0	0.66214	0.07433	0.20198	0.849619	251	4	0.66214
ENOX1	4	0.9258	0.92512	0.999995	901	0	0.92441	0.074199	0.20161	0.849619	249	4	0.92441
STRIP1	4	0.92606	0.92538	0.999995	902	0	0.85012	0.068698	0.18916	0.839778	234	4	0.85012
SATB1	4	0.92736	0.92656	0.999995	903	0	1.0907	0.0035283	0.012764	0.443224	31	4	1.0907
MOGAT2	4	0.92762	0.9268	0.999995	904	0	0.80781	0.072379	0.1978	0.84886	246	4	0.80781
ERO1A	4	0.92852	0.92762	0.999995	905	0	0.8096	0.071482	0.19582	0.847222	244	4	0.8096
RSC1A1	4	0.92953	0.92868	0.999995	906	0	0.98158	0.070467	0.19326	0.839778	242	4	0.98158
FKBP4	4	0.92978	0.92896	0.999995	907	0	0.58856	0.070215	0.19266	0.839778	241	4	0.58856
DST	4	0.93004	0.92926	0.999995	908	0	0.75012	0.069964	0.19218	0.839778	239	4	0.75012
BECN2	4	0.93079	0.93001	0.999995	909	0	0.77782	0.069214	0.19041	0.839778	237	4	0.77782
PAPSS1	4	0.9319	0.93107	0.999995	910	0	1.0751	0.041576	0.12329	0.781805	164	4	1.0751
RRAGD	4	0.93239	0.93157	0.999995	911	0	0.73211	0.067609	0.1865	0.839778	233	4	0.73211
HNRNPH3	4	0.93251	0.93172	0.999995	912	0	0.99787	0.054107	0.15428	0.794939	203	4	0.99787
FAM50B	4	0.93361	0.93287	0.999995	913	0	0.88082	0.066394	0.18381	0.839778	231	4	0.88082
CLIP4	4	0.93421	0.9336	0.999995	914	0	0.92141	0.065793	0.18214	0.839778	229	4	0.92141
HMGCL	4	0.93516	0.93455	0.999995	915	0	0.75082	0.064839	0.18017	0.839778	226	4	0.75082
KRTAP1-1	4	0.93563	0.93498	0.999995	916	0	0.9991	0.064366	0.17898	0.839778	225	4	0.9991
ATOH1	4	0.93669	0.93596	0.999995	917	0	0.66997	0.063311	0.17666	0.835993	224	4	0.66997
KIT	8	0.93698	0.93705	0.999995	918	0	0.50621	0.16045	0.44048	0.933371	426	6	0.50621
ABCB1	4	0.93704	0.93629	0.999995	919	0	0.79263	0.062963	0.17571	0.835213	223	4	0.79263
ZNF418	4	0.93715	0.93636	0.999995	920	0	1.1683	0.0055257	0.019265	0.459956	43	4	1.1683
SBNO2	4	0.93773	0.93693	0.999995	921	0	0.81763	0.06227	0.17401	0.830858	222	4	0.81763
TMEM30B	4	0.93796	0.93716	0.999995	922	0	0.69696	0.06204	0.17338	0.830858	221	4	0.69696
RNF125	4	0.9391	0.93843	0.999995	923	0	0.80886	0.060901	0.17063	0.825874	219	4	0.80886
TBC1D26	2	0.93913	0.93866	0.999995	924	0	0.96307	0.060867	0.10746	0.766382	218	2	0.96307
ZNF185	4	0.93921	0.93854	0.999995	925	0	0.71865	0.060788	0.17047	0.825874	217	4	0.71865
MTA3	4	0.93955	0.93893	0.999995	926	0	0.82644	0.06045	0.16963	0.825874	216	4	0.82644
CCNT2	4	0.94	0.93938	0.999995	927	0	0.93311	0.036074	0.10874	0.766382	149	4	0.93311
TAF1L	3	0.9407	0.94008	0.999995	928	0	0.93154	0.059303	0.14003	0.781805	215	3	0.93154
TYMS	4	0.94144	0.94067	0.999995	929	0	0.68589	0.05856	0.16515	0.810437	214	4	0.68589
RANBP10	4	0.94242	0.94165	0.999995	930	0	0.6765	0.057577	0.16254	0.805103	212	4	0.6765
DEGS2	4	0.94253	0.94181	0.999995	931	0	0.64357	0.057469	0.16237	0.805103	211	4	0.64357
CYP2C8	4	0.94424	0.94358	0.999995	932	0	0.82656	0.055756	0.15825	0.798798	208	4	0.82656
LBX1	4	0.9453	0.94464	0.999995	933	0	0.71665	0.042221	0.125	0.781805	167	4	0.71665
MECP2	4	0.94643	0.9459	0.999995	934	0	1.165	0.0021745	0.0081963	0.443224	19	4	1.165
RALGPS1	4	0.94654	0.946	0.999995	935	0	1.2013	0.0065854	0.022768	0.482673	50	4	1.2013
TNKS	4	0.94674	0.94619	0.999995	936	0	0.98721	0.053258	0.15216	0.794939	200	4	0.98721
PTPN6	4	0.94695	0.94637	0.999995	937	0	1.0249	0.024748	0.077092	0.698721	115	4	1.0249
ZNF146	4	0.94896	0.94853	0.999995	938	0	0.82924	0.051043	0.14646	0.781805	195	4	0.82924
CDNF	4	0.94975	0.94935	0.999995	939	0	0.75314	0.050255	0.1446	0.781805	192	4	0.75314
MBP	4	0.95072	0.95034	0.999995	940	0	0.70127	0.049282	0.14239	0.781805	188	4	0.70127
SLITRK1	4	0.95224	0.95203	0.999995	941	0	0.77901	0.047756	0.13883	0.781805	185	4	0.77901
RBBP7	4	0.95253	0.95241	0.999995	942	0	1.0934	0.028778	0.088871	0.715988	130	4	1.0934
TCF4	4	0.95271	0.9527	0.999995	943	0	0.71656	0.047287	0.1375	0.781805	182	4	0.71656
EGFR	4	0.95327	0.95318	0.999995	944	0	0.81412	0.046728	0.13619	0.781805	180	4	0.81412
TOB2	4	0.95392	0.95373	0.999995	945	0	0.83367	0.046082	0.13473	0.781805	179	4	0.83367
EPHA2	4	0.95447	0.95424	0.999995	946	0	0.67073	0.045534	0.13335	0.781805	177	4	0.67073
ERO1B	4	0.95519	0.95502	0.999995	947	0	0.71095	0.04481	0.13147	0.781805	173	4	0.71095
FMR1	4	0.9559	0.95568	0.999995	948	0	0.75063	0.044096	0.12983	0.781805	172	4	0.75063
GBX2	4	0.95608	0.95583	0.999995	949	0	0.85439	0.043919	0.12943	0.781805	170	4	0.85439
DYNLT3	4	0.9567	0.95645	0.999995	950	0	0.85461	0.043302	0.12763	0.781805	169	4	0.85461
SATB2	4	0.95696	0.95674	0.999995	951	0	0.54254	0.04304	0.12695	0.781805	168	4	0.54254
RAP1GAP	4	0.95783	0.95756	0.999995	952	0	0.6495	0.042175	0.12491	0.781805	166	4	0.6495
AOX1	4	0.95808	0.95781	0.999995	953	0	0.76595	0.027847	0.086059	0.715988	127	4	0.76595
S100A6	4	0.95885	0.95857	0.999995	954	0	0.80759	0.041154	0.12223	0.781805	163	4	0.80759
NSG1	4	0.95918	0.95887	0.999995	955	0	0.61137	0.040817	0.12155	0.781805	162	4	0.61137
SPOPL	4	0.95952	0.95908	0.999995	956	0	0.86201	0.040483	0.12055	0.781805	161	4	0.86201
TTC7B	4	0.95968	0.95928	0.999995	957	0	1.0764	0.029653	0.091187	0.715988	135	4	1.0764
CD163L1	4	0.95977	0.95937	0.999995	958	0	0.86235	0.040234	0.11996	0.781805	160	4	0.86235
MBD4	8	0.95983	0.95964	0.999995	959	0	0.58011	0.22127	0.53138	0.995548	503	6	0.58011
PCDH1	4	0.96132	0.96105	0.999995	960	0	0.71743	0.038682	0.11567	0.780948	156	4	0.71743
CYP2A6	4	0.9618	0.96163	0.999995	961	0	1.0315	0.020711	0.065118	0.676713	102	4	1.0315
IQCA1L	4	0.96352	0.9634	0.999995	962	0	0.86101	0.036477	0.1099	0.766382	151	4	0.86101
TRAPPC3L	4	0.9636	0.96349	0.999995	963	0	0.97655	0.0364	0.10974	0.766382	150	4	0.97655
PDGFC	4	0.96421	0.96403	0.999995	964	0	0.87067	0.035789	0.10787	0.766382	148	4	0.87067
CLTA	4	0.96489	0.96473	0.999995	965	0	0.58282	0.035111	0.10597	0.764161	147	4	0.58282
ANKRD37	4	0.96534	0.96538	0.999995	966	0	0.70656	0.034664	0.10501	0.76241	146	4	0.70656
UBQLN3	4	0.96614	0.96625	0.999995	967	0	0.84826	0.033855	0.10292	0.76241	143	4	0.84826
PLD2	4	0.96636	0.96647	0.999995	968	0	0.94206	0.033637	0.1023	0.76241	142	4	0.94206
ANKRD10	4	0.96708	0.96718	0.999995	969	0	0.71705	0.032919	0.10027	0.761288	139	4	0.71705
NR5A1	4	0.96876	0.96903	0.999995	970	0	1.0541	0.0199	0.06296	0.676713	97	4	1.0541
VIM	4	0.9693	0.96955	0.999995	971	0	1.0499	0.013739	0.045026	0.645371	74	4	1.0499
DYNLRB2	4	0.96951	0.96971	0.999995	972	0	0.99298	0.030493	0.093354	0.723242	136	4	0.99298
MYD88	4	0.96971	0.96995	0.999995	973	0	0.91259	0.027511	0.085013	0.715988	125	4	0.91259
TAF9	4	0.97057	0.97076	0.999995	974	0	0.86629	0.02943	0.090561	0.715988	134	4	0.86629
LNX1	4	0.97064	0.97082	0.999995	975	0	0.79928	0.029364	0.090403	0.715988	133	4	0.79928
RB1	4	0.9707	0.97085	0.999995	976	0	0.8593	0.029299	0.090281	0.715988	132	4	0.8593
GPR183	4	0.97199	0.97228	0.999995	977	0	0.89706	0.028014	0.086564	0.715988	128	4	0.89706
MPC1L	4	0.97218	0.97243	0.999995	978	0	1.061	0.0276	0.085293	0.715988	126	4	1.061
RCBTB2	4	0.97243	0.97272	0.999995	979	0	1.0719	0.0058211	0.020339	0.46181	46	4	1.0719
LRFN1	4	0.97286	0.97319	0.999995	980	0	0.72297	0.027139	0.083855	0.715988	124	4	0.72297
ABL1	4	0.97298	0.97324	0.999995	981	0	0.83992	0.025421	0.079016	0.698721	119	4	0.83992
CHMP1B	4	0.97365	0.97395	0.999995	982	0	0.96336	0.026346	0.081828	0.710964	122	4	0.96336
TEX45	4	0.97407	0.97442	0.999995	983	0	0.81133	0.025926	0.080502	0.705221	121	4	0.81133
GOLT1A	4	0.97455	0.97477	0.999995	984	0	0.88576	0.025453	0.079101	0.698721	120	4	0.88576
TIRAP	4	0.97513	0.97542	0.999995	985	0	0.79673	0.02487	0.077447	0.698721	116	4	0.79673
CDK17	4	0.97599	0.97632	0.999995	986	0	1.0167	0.024014	0.075056	0.698721	113	4	1.0167
ZDHHC13	4	0.9761	0.97642	0.999995	987	0	0.84711	0.023902	0.07471	0.698721	112	4	0.84711
NCK2	4	0.97621	0.97646	0.999995	988	0	0.99235	0.02379	0.074374	0.698721	111	4	0.99235
MORF4L2	4	0.97638	0.97654	0.999995	989	0	1.024	0.023623	0.073814	0.698721	110	4	1.024
SLC25A15	4	0.97682	0.97693	0.999995	990	0	0.85979	0.023181	0.07245	0.698721	108	4	0.85979
SHCBP1L	4	0.97698	0.97712	0.999995	991	0	0.81845	0.023017	0.071871	0.698721	107	4	0.81845
NBEA	4	0.97715	0.97729	0.999995	992	0	0.82491	0.022854	0.071516	0.698721	106	4	0.82491
HMSD	4	0.97736	0.97761	0.999995	993	0	1.1626	0.022638	0.070843	0.698721	105	4	1.1626
AIPL1	4	0.9779	0.97813	0.999995	994	0	1.1542	0.0021693	0.008187	0.443224	18	4	1.1542
NAT8L	4	0.97805	0.97832	0.999995	995	0	0.77179	0.021946	0.068695	0.698721	104	4	0.77179
IDH3G	4	0.97847	0.97869	0.999995	996	0	1.0198	0.019038	0.060214	0.673841	93	4	1.0198
ANXA1	4	0.97868	0.9789	0.999995	997	0	1.177	0.0025075	0.0092051	0.443224	20	4	1.177
SMARCA1	4	0.97929	0.97948	0.999995	998	0	0.9588	0.02071	0.065118	0.676713	101	4	0.9588
ZNF260	4	0.97949	0.97962	0.999995	999	0	1.0292	0.020509	0.064557	0.676713	100	4	1.0292
ATM	4	0.97964	0.97979	0.999995	1000	0	0.99685	0.02036	0.0641	0.676713	99	4	0.99685
PLD1	4	0.98008	0.98027	0.999995	1001	0	1.0225	0.019916	0.062997	0.676713	98	4	1.0225
MAP4K4	4	0.98057	0.98085	0.999995	1002	0	1.4386	0.0027691	0.010195	0.443224	24	4	1.4386
CALY	4	0.98114	0.98151	0.999995	1003	0	0.75684	0.018861	0.059812	0.673841	91	4	0.75684
NETO1	4	0.98147	0.98182	0.999995	1004	0	1.0439	0.018534	0.058962	0.673841	89	4	1.0439
SUSD1	4	0.98151	0.98189	0.999995	1005	0	1.1942	0.0070659	0.024262	0.485242	54	4	1.1942
UBASH3B	4	0.98156	0.98194	0.999995	1006	0	0.78971	0.018442	0.058579	0.673841	88	4	0.78971
UAP1L1	4	0.98277	0.98301	0.999995	1007	0	0.94247	0.017226	0.05503	0.66286	87	4	0.94247
RUNX1	4	0.98299	0.98326	0.999995	1008	0	0.84869	0.017008	0.054451	0.66286	86	4	0.84869
GIT1	4	0.98312	0.98342	0.999995	1009	0	0.91053	0.016878	0.053984	0.66286	84	4	0.91053
SERPINA9	4	0.98325	0.98357	0.999995	1010	0	0.97948	0.016749	0.05361	0.66286	83	4	0.97948
CSTF2	4	0.98372	0.98405	0.999995	1011	0	1.1515	0.016281	0.052293	0.66286	82	4	1.1515
TYROBP	4	0.98393	0.98431	0.999995	1012	0	0.8339	0.016072	0.051611	0.66286	81	4	0.8339
IDH3B	4	0.98422	0.98457	0.999995	1013	0	1.0862	0.0055397	0.019293	0.459956	45	4	1.0862
HACD1	4	0.98434	0.98468	0.999995	1014	0	0.79976	0.01566	0.050425	0.66286	79	4	0.79976
NBEAL2	4	0.98466	0.98493	0.999995	1015	0	0.8254	0.015335	0.049556	0.66286	77	4	0.8254
SPATA21	4	0.98478	0.98508	0.999995	1016	0	0.9647	0.015215	0.04922	0.66286	76	4	0.9647
ALAS1	8	0.98528	0.9855	0.999995	1017	0	1.1307	0.0032323	0.019526	0.459956	29	8	1.1307
RANBP17	4	0.98599	0.98632	0.999995	1018	0	0.85533	0.010569	0.03534	0.55911	69	4	0.85533
GSX2	4	0.98614	0.98649	0.999995	1019	0	1.1365	0.0099453	0.033407	0.536529	67	4	1.1365
OGDHL	4	0.98632	0.98668	0.999995	1020	0	1.1312	0.0098984	0.033229	0.536529	66	4	1.1312
ENOX2	4	0.98771	0.98824	0.999995	1021	0	1.1274	0.0019695	0.0074865	0.443224	16	4	1.1274
PXDNL	4	0.98798	0.98847	0.999995	1022	0	1.2101	0.0061264	0.021348	0.46181	49	4	1.2101
YIPF7	4	0.98818	0.98863	0.999995	1023	0	0.90152	0.011824	0.039347	0.587436	72	4	0.90152
ALAS2	4	0.98886	0.98934	0.999995	1024	0	1.2063	0.0012263	0.0048898	0.439071	11	4	1.2063
YAF2	4	0.98941	0.98984	0.999995	1025	0	0.90583	0.0087371	0.029465	0.520545	61	4	0.90583
RYBP	3	0.98972	0.98979	0.999995	1026	0	1.3603	0.010277	0.027092	0.495135	68	3	1.3603
SPHKAP	4	0.98986	0.99038	0.999995	1027	0	1.1229	0.007264	0.024869	0.488174	55	4	1.1229
PCBD2	4	0.99021	0.99073	0.999995	1028	0	1.0468	0.0097873	0.032809	0.536529	65	4	1.0468
CADPS2	4	0.99052	0.99102	0.999995	1029	0	0.95322	0.0094753	0.031921	0.536529	63	4	0.95322
CHSY1	4	0.99055	0.99106	0.999995	1030	0	1.2304	0.0043021	0.015417	0.457508	36	4	1.2304
FNIP2	4	0.99061	0.99112	0.999995	1031	0	0.943	0.0093915	0.031604	0.536529	62	4	0.943
FZD8	4	0.99136	0.99183	0.999995	1032	0	0.75971	0.008636	0.029269	0.520545	60	4	0.75971
CHM	4	0.9921	0.99247	0.999995	1033	0	1.09	0.0079025	0.026924	0.495135	58	4	1.09
NCBP2L	4	0.99294	0.99322	0.999995	1034	0	1.1368	0.0070582	0.024243	0.485242	53	4	1.1368
ATP7B	4	0.99321	0.99346	0.999995	1035	0	0.99448	0.0067924	0.023403	0.485242	52	4	0.99448
ARFIP1	4	0.99382	0.99413	0.999995	1036	0	1.1624	0.0039024	0.014044	0.451095	34	4	1.1624
ARHGEF6	4	0.99446	0.99469	0.999995	1037	0	1.0885	0.0055367	0.019284	0.459956	44	4	1.0885
ULK2	4	0.9947	0.99498	0.999995	1038	0	0.89827	0.0052972	0.018686	0.459956	41	4	0.89827
SPTLC3	4	0.99502	0.99521	0.999995	1039	0	1.1167	0.0049785	0.017677	0.459956	40	4	1.1167
PLXDC2	4	0.99539	0.99559	0.999995	1040	0	0.94525	0.0046088	0.016453	0.458963	39	4	0.94525
JUP	4	0.99566	0.99579	0.999995	1041	0	0.88757	0.0043375	0.015538	0.457508	37	4	0.88757
AQP8	4	0.99642	0.99644	0.999995	1042	0	1.0607	0.0035817	0.012988	0.443224	32	4	1.0607
TMEM185A	4	0.99687	0.9969	0.999995	1043	0	1.1596	0.0031317	0.011447	0.443224	27	4	1.1596
RIC8B	4	0.99689	0.99694	0.999995	1044	0	1.0745	0.0031074	0.011307	0.443224	25	4	1.0745
FRYL	4	0.99709	0.99712	0.999995	1045	0	1.7173	1.7918e-05	7.0054e-05	0.024752	3	4	1.7173
GALNT2	4	0.99738	0.99743	0.999995	1046	0	0.99887	0.0026172	0.0096815	0.443224	23	4	0.99887
FLT1	4	0.99744	0.99747	0.999995	1047	0	0.92767	0.0025642	0.0094293	0.443224	22	4	0.92767
CTCFL	4	0.99767	0.99774	0.999995	1048	0	1.2566	0.001075	0.0043293	0.439071	9	4	1.2566
HTR3D	4	0.9979	0.99799	0.999995	1049	0	1.2101	0.0021046	0.0078881	0.443224	17	4	1.2101
CDK19	8	0.99814	0.99808	0.999995	1050	0	0.83766	0.00186	0.011438	0.443224	15	8	0.83766
CAB39	4	0.99815	0.99823	0.999995	1051	0	1.1714	0.0018537	0.0071876	0.443224	14	4	1.1714
TSPO2	4	0.99863	0.99873	0.999995	1052	0	1.1417	0.0013667	0.0053848	0.439071	13	4	1.1417
NR2E1	4	0.99865	0.99877	0.999995	1053	0	1.0614	0.0013471	0.0053008	0.439071	12	4	1.0614
MTUS1	4	0.99881	0.99896	0.999995	1054	0	1.1475	0.0011921	0.0047684	0.439071	10	4	1.1475
FLNB	4	0.99902	0.99919	0.999995	1055	0	1.1597	0.00098256	0.0039464	0.439071	8	4	1.1597
SHMT2	4	0.99974	0.99975	0.999995	1056	0	1.2909	0.00026386	0.0011536	0.203795	6	4	1.2909
CDK16	4	0.99985	0.99986	0.999995	1057	0	1.2215	0.00015475	0.00063983	0.135644	5	4	1.2215
STAM2	4	0.99987	0.99987	0.999995	1058	0	1.3889	0.00012514	0.0005184	0.135644	4	4	1.3889
TP53	4	1.0	1.0	0.999995	1059	0	2.0891	2.0731e-07	4.6703e-06	0.002475	2	4	2.0891
safe_control	74	1.0	1.0	0.999995	1060	0	0.94712	9.6282e-11	4.6703e-06	0.002475	1	69	0.94712
