id	num	neg|score	neg|p-value	neg|fdr	neg|rank	neg|goodsgrna	neg|lfc	pos|score	pos|p-value	pos|fdr	pos|rank	pos|goodsgrna	pos|lfc
MTG2	4	1.1104e-08	4.6703e-06	0.000825	1	4	-1.1514	1.0	1.0	0.999995	1060	0	-1.1514
RRM1	8	1.6499e-08	4.6703e-06	0.000825	2	8	-1.3337	1.0	1.0	0.999995	1059	0	-1.3337
MYC	8	4.6806e-08	4.6703e-06	0.000825	3	8	-0.7827	1.0	1.0	0.999995	1056	0	-0.7827
NAE1	8	6.9347e-08	4.6703e-06	0.000825	4	7	-0.63252	0.98128	0.98156	0.999995	959	0	-0.63252
PRPF8	4	3.6429e-07	4.6703e-06	0.000825	5	4	-1.2428	1.0	1.0	0.999995	1058	0	-1.2428
BUB3	4	6.8033e-07	4.6703e-06	0.000825	6	4	-1.3461	1.0	1.0	0.999995	1057	0	-1.3461
KIF11	4	9.1621e-06	3.2692e-05	0.00495	7	4	-1.4421	0.99999	0.99999	0.999995	1055	0	-1.4421
MED18	8	1.2933e-05	7.9395e-05	0.006011	8	7	-0.79485	0.87144	0.87092	0.999995	842	0	-0.79485
RRM2	4	1.3463e-05	5.1373e-05	0.006011	9	3	-0.87333	0.88752	0.8874	0.999995	852	0	-0.87333
TOP2A	4	1.407e-05	6.0714e-05	0.006011	10	4	-0.96791	0.99999	0.99999	0.999995	1054	0	-0.96791
PPP4C	4	1.6285e-05	6.0714e-05	0.006011	11	4	-1.1279	0.99875	0.9989	0.999995	1010	0	-1.1279
CKAP5	8	1.8814e-05	0.00010742	0.007116	12	8	-0.80101	0.99998	0.99997	0.999995	1053	0	-0.80101
RPS19	4	2.5318e-05	7.0054e-05	0.006011	13	4	-1.1501	0.99997	0.99998	0.999995	1052	0	-1.1501
CDIPT	4	2.6206e-05	7.9395e-05	0.006011	14	3	-0.96717	0.58827	0.58762	0.999995	570	0	-0.96717
MRPL38	4	2.9139e-05	7.9395e-05	0.006011	15	4	-0.75899	0.99997	0.99998	0.999995	1051	0	-0.75899
NAA10	4	4.076e-05	0.00010742	0.007116	16	4	-0.99374	0.9999	0.9999	0.999995	1044	0	-0.99374
TOMM40	7	4.275e-05	0.00030357	0.01382	17	6	-0.81177	0.33052	0.3295	0.954296	366	0	-0.81177
CDK7	4	4.4218e-05	0.0001261	0.007863	18	4	-1.0843	0.99996	0.99996	0.999995	1050	0	-1.0843
NDUFB4	4	5.2784e-05	0.00014478	0.008526	19	4	-0.86434	0.99995	0.99995	0.999995	1049	0	-0.86434
POLR2L	4	6.5846e-05	0.00018214	0.009665	20	4	-1.5096	0.99993	0.99993	0.999995	1048	0	-1.5096
RPP21	4	6.6751e-05	0.00019148	0.009665	21	4	-1.4166	0.99972	0.99974	0.999995	1031	0	-1.4166
UQCRC1	4	6.8585e-05	0.00019148	0.009665	22	4	-0.64137	0.99993	0.99993	0.999995	1047	0	-0.64137
RIC8A	4	8.5213e-05	0.00029423	0.01382	23	4	-0.77026	0.99991	0.99991	0.999995	1046	0	-0.77026
ISCA2	4	9.636e-05	0.00037829	0.01604	24	4	-0.94491	0.9999	0.9999	0.999995	1045	0	-0.94491
RPL36	4	0.00011154	0.00041565	0.016946	25	4	-0.80383	0.99989	0.99989	0.999995	1043	0	-0.80383
CHORDC1	3	0.00011287	0.00031291	0.01382	26	3	-1.3974	0.99989	0.99986	0.999995	1042	0	-1.3974
ATP5F1B	4	0.00014355	0.00061181	0.022607	27	4	-0.79984	0.99986	0.99986	0.999995	1041	0	-0.79984
MRPL41	4	0.00014969	0.00063049	0.022607	28	4	-1.0843	0.99985	0.99986	0.999995	1040	0	-1.0843
SF3B1	4	0.00015666	0.00063983	0.022607	29	4	-1.0458	0.9601	0.95981	0.999995	936	0	-1.0458
VMP1	4	0.00015733	0.00063983	0.022607	30	4	-0.95547	0.99984	0.99986	0.999995	1039	0	-0.95547
COX6B1	8	0.00016657	0.00099477	0.028766	31	7	-0.5782	0.93379	0.93389	0.999995	901	0	-0.5782
COPA	4	0.00017769	0.00078928	0.026988	32	4	-1.3336	0.99982	0.99985	0.999995	1038	0	-1.3336
SMC1A	4	0.00018636	0.000864	0.028053	33	4	-0.77827	0.99981	0.99984	0.999995	1037	0	-0.77827
SF3B3	4	0.00018784	0.00087334	0.028053	34	4	-1.0478	0.99981	0.99984	0.999995	1036	0	-1.0478
BAP1	4	0.00022939	0.00096675	0.028766	35	4	-0.36444	0.99977	0.99979	0.999995	1035	0	-0.36444
KIF4A	4	0.00023989	0.0010041	0.028766	36	4	-0.55812	0.99976	0.99978	0.999995	1034	0	-0.55812
ATP6V1B2	4	0.00026006	0.0011536	0.031353	37	4	-0.84272	0.99974	0.99976	0.999995	1033	0	-0.84272
NMT1	4	0.00026195	0.0011536	0.031353	38	4	-0.48163	0.99974	0.99975	0.999995	1032	0	-0.48163
ELL	4	0.00028148	0.0012283	0.03248	39	4	-0.56981	0.99972	0.99973	0.999995	1030	0	-0.56981
STT3B	4	0.00029164	0.0012563	0.03248	40	4	-0.74249	0.99971	0.99973	0.999995	1029	0	-0.74249
INTS6	3	0.00030093	0.0009107	0.028393	41	3	-1.3963	0.9997	0.99973	0.999995	1028	0	-1.3963
PAF1	4	0.00032155	0.001331	0.033593	42	4	-0.51611	0.99968	0.99972	0.999995	1027	0	-0.51611
CPSF3	4	0.00037314	0.0015365	0.037877	43	4	-0.97173	0.99963	0.99967	0.999995	1026	0	-0.97173
SF3A1	4	0.00038204	0.0015739	0.037916	44	3	-1.0953	0.6648	0.66399	0.999995	653	0	-1.0953
RPL8	4	0.00041171	0.001686	0.039714	45	4	-0.77944	0.99959	0.9996	0.999995	1025	0	-0.77944
ZNF407	4	0.00042795	0.0017327	0.039927	46	4	-1.0563	0.99957	0.99959	0.999995	1024	0	-1.0563
TACC3	4	0.00044383	0.0018074	0.040763	47	3	-0.68737	0.44152	0.44002	0.999995	433	0	-0.68737
MED20	4	0.00046477	0.0018821	0.041564	48	4	-0.8161	0.99954	0.99956	0.999995	1023	0	-0.8161
TRAPPC3	4	0.00047308	0.0019288	0.041726	49	3	-0.8109	0.92527	0.9246	0.999995	894	0	-0.8109
CCND1	4	0.00055211	0.0022744	0.047272	50	4	-0.50365	0.99945	0.99949	0.999995	1022	0	-0.50365
RPL3	7	0.00058289	0.0037409	0.066629	51	6	-0.64708	0.90682	0.90826	0.999995	873	0	-0.64708
NKAP	4	0.00061801	0.0025173	0.051314	52	4	-0.63934	0.99938	0.99944	0.999995	1021	0	-0.63934
PRKDC	8	0.00064879	0.0040865	0.068332	53	7	-0.41885	0.9483	0.94823	0.999995	919	0	-0.41885
RPS5	4	0.00077375	0.0030964	0.060781	54	4	-1.1762	0.97994	0.98009	0.999995	957	0	-1.1762
HMGCS1	3	0.00077682	0.0022744	0.047272	55	3	-1.1203	0.99922	0.99921	0.999995	1020	0	-1.1203
ALDOA	4	0.00085737	0.003442	0.065152	56	4	-0.9531	0.9917	0.99214	0.999995	977	0	-0.9531
XRCC6	4	0.00090315	0.0036755	0.066629	57	4	-0.77414	0.9991	0.99926	0.999995	1019	0	-0.77414
EIF3B	4	0.00091766	0.0037222	0.066629	58	4	-0.9597	0.99908	0.99925	0.999995	1018	0	-0.9597
ATP6V1C1	4	0.00093727	0.0038063	0.066629	59	4	-0.70383	0.99906	0.99924	0.999995	1017	0	-0.70383
CLTC	4	0.00094223	0.0038343	0.066629	60	4	-0.77113	0.99906	0.99923	0.999995	1016	0	-0.77113
TNPO1	3	0.00097938	0.0027975	0.05595	61	3	-0.72306	0.99902	0.99896	0.999995	1015	0	-0.72306
AHCYL1	4	0.0009883	0.0039557	0.06763	62	4	-0.6978	0.99735	0.99741	0.999995	999	0	-0.6978
RPL10A	4	0.0010311	0.0041332	0.068332	63	3	-0.91351	0.72525	0.72479	0.999995	714	0	-0.91351
TRRAP	4	0.0010508	0.0042453	0.068332	64	4	-0.9911	0.99895	0.99912	0.999995	1014	0	-0.9911
BUB1B	4	0.0010529	0.0042546	0.068332	65	3	-0.93863	0.93445	0.93393	0.999995	902	0	-0.93863
MTHFD1	4	0.0011002	0.0044134	0.069824	66	4	-0.56686	0.9989	0.99907	0.999995	1013	0	-0.56686
RPL13	3	0.0011755	0.003386	0.065152	67	3	-0.92695	0.99882	0.99873	0.999995	1012	0	-0.92695
MAT2A	4	0.0012401	0.0049458	0.075979	68	4	-0.53097	0.99876	0.99891	0.999995	1011	0	-0.53097
ATP5F1A	4	0.0012771	0.0050579	0.076591	69	4	-0.75737	0.99872	0.99887	0.999995	1009	0	-0.75737
SIN3A	4	0.0013086	0.0052074	0.077744	70	4	-0.69633	0.99869	0.99885	0.999995	1008	0	-0.69633
CTR9	4	0.0013909	0.0054409	0.080102	71	4	-0.69451	0.99764	0.99772	0.999995	1004	0	-0.69451
LONP1	4	0.0015551	0.0060574	0.087956	72	3	-0.74496	0.39291	0.39133	0.999995	388	0	-0.74496
TIMM10	4	0.0015963	0.0062068	0.088908	73	4	-0.65413	0.9984	0.99849	0.999995	1007	0	-0.65413
CCT6A	3	0.001619	0.0046002	0.071709	74	2	-0.95633	0.81915	0.81901	0.999995	806	0	-0.95633
SBNO1	4	0.0016712	0.0065804	0.093003	75	3	-0.91007	0.2049	0.20442	0.598586	151	0	-0.91007
PDCD6IP	4	0.0017967	0.0069914	0.097512	76	4	-0.44999	0.9982	0.99828	0.999995	1006	0	-0.44999
VCP	4	0.0018559	0.0071969	0.097804	77	3	-0.92888	0.89349	0.89317	0.999995	856	0	-0.92888
ERBB3	8	0.0019133	0.011774	0.134196	78	8	-0.19333	0.99809	0.99803	0.999995	1005	0	-0.19333
GAPDH	4	0.001986	0.0075425	0.101203	79	4	-0.92523	0.94715	0.94658	0.999995	915	0	-0.92523
ACTL6A	4	0.0021047	0.0078881	0.104517	80	3	-1.0454	0.2049	0.20442	0.598586	242	0	-1.0454
RPL19	4	0.0022209	0.0083084	0.107402	81	2	-0.67834	0.57093	0.57058	0.999995	553	0	-0.67834
CCND3	4	0.0024403	0.0089996	0.112307	82	4	-0.31477	0.99756	0.99762	0.999995	1003	0	-0.31477
SF1	4	0.0024607	0.0090463	0.112307	83	4	-0.61487	0.99754	0.99758	0.999995	1002	0	-0.61487
COX4I1	4	0.0024882	0.0091117	0.112307	84	4	-0.68649	0.99215	0.99254	0.999995	978	0	-0.68649
ATP7A	4	0.0025642	0.0094293	0.114143	85	4	-0.42901	0.99744	0.99747	0.999995	1001	0	-0.42901
TUFM	3	0.0025923	0.0071502	0.097804	86	3	-1.2467	0.99741	0.9973	0.999995	1000	0	-1.2467
POLR2A	4	0.0029176	0.0107	0.127434	87	4	-0.93471	0.99708	0.99708	0.999995	998	0	-0.93471
XAB2	4	0.0030005	0.01098	0.12855	88	4	-0.86641	0.99632	0.9964	0.999995	992	0	-0.86641
FAM50A	4	0.0030232	0.011036	0.12855	89	4	-0.52131	0.99698	0.99703	0.999995	997	0	-0.52131
RPS3	3	0.00304	0.0082991	0.107402	90	2	-1.4445	0.4092	0.40728	0.999995	399	0	-1.4445
E2F3	3	0.0031953	0.0087661	0.111953	91	3	-0.47048	0.9968	0.99672	0.999995	996	0	-0.47048
GSTP1	4	0.0034325	0.012446	0.138874	92	4	-0.42779	0.97173	0.97196	0.999995	949	0	-0.42779
RPL11	3	0.0035051	0.009476	0.114143	93	3	-1.0656	0.99649	0.99641	0.999995	995	0	-1.0656
MED8	4	0.0035525	0.012857	0.139455	94	3	-0.58686	0.81279	0.81352	0.999995	795	0	-0.58686
TSG101	4	0.0036088	0.013081	0.139455	95	4	-0.47843	0.99639	0.99643	0.999995	994	0	-0.47843
FZR1	4	0.0036224	0.013156	0.139455	96	4	-0.27708	0.99638	0.99642	0.999995	993	0	-0.27708
SF3B5	4	0.0039171	0.014109	0.148074	97	4	-0.77328	0.99608	0.99626	0.999995	991	0	-0.77328
PSMB3	3	0.0042195	0.01154	0.132964	98	3	-1.2206	0.99578	0.99564	0.999995	990	0	-1.2206
CLNS1A	3	0.0044028	0.012054	0.135928	99	3	-1.0992	0.9956	0.99538	0.999995	989	0	-1.0992
PMM1	4	0.0045763	0.016341	0.169821	100	4	-0.38801	0.99542	0.99561	0.999995	988	0	-0.38801
CCNL1	4	0.004658	0.016631	0.171153	101	4	-0.43212	0.99534	0.99555	0.999995	987	0	-0.43212
DHX9	3	0.0047264	0.012895	0.139455	102	3	-0.71224	0.99527	0.99509	0.999995	986	0	-0.71224
TBC1D28	3	0.0047459	0.012969	0.139455	103	3	-0.26941	0.99525	0.99509	0.999995	985	0	-0.26941
RPA1	4	0.0047856	0.017079	0.172419	104	4	-0.93288	0.99262	0.99294	0.999995	980	0	-0.93288
SEPHS2	4	0.0049268	0.01749	0.174902	105	4	-0.35171	0.99507	0.99522	0.999995	984	0	-0.35171
MED23	4	0.0050831	0.01806	0.178912	106	4	-0.57523	0.99492	0.99513	0.999995	983	0	-0.57523
ATP6V1D	4	0.0051779	0.018359	0.180189	107	3	-0.77847	0.2049	0.20442	0.598586	264	0	-0.77847
EIF3L	4	0.0053883	0.018938	0.184167	108	4	-0.45416	0.99461	0.99487	0.999995	982	0	-0.45416
ABT1	4	0.0054594	0.019115	0.184203	109	3	-0.79254	0.66844	0.66794	0.999995	658	0	-0.79254
INTS2	4	0.0059555	0.020825	0.198867	110	4	-0.54327	0.99036	0.99089	0.999995	973	0	-0.54327
RAN	4	0.0060235	0.021124	0.19992	111	3	-0.95999	0.77594	0.77643	0.999995	759	0	-0.95999
RPL14	3	0.0063424	0.017042	0.172419	112	2	-1.3536	0.84721	0.84766	0.999995	823	0	-1.3536
AKIRIN2	4	0.0063662	0.022067	0.207001	113	4	-0.52381	0.99363	0.99396	0.999995	981	0	-0.52381
RFC2	4	0.0069025	0.023674	0.220123	114	2	-0.64276	0.64273	0.64205	0.999995	631	0	-0.64276
RNF20	4	0.0073337	0.025084	0.228865	115	4	-0.45795	0.97024	0.97045	0.999995	946	0	-0.45795
ACACA	4	0.0077568	0.026457	0.237666	116	4	-0.47071	0.99224	0.99264	0.999995	979	0	-0.47071
TOMM22	4	0.0081757	0.027858	0.248149	117	4	-0.70773	0.97984	0.98002	0.999995	956	0	-0.70773
SF3B2	4	0.0089271	0.030165	0.264258	118	4	-0.51147	0.99107	0.99153	0.999995	976	0	-0.51147
TUBB	3	0.0089648	0.023954	0.220792	119	2	-1.2059	0.76093	0.76148	0.999995	745	0	-1.2059
ATP5F1D	4	0.0091059	0.0308	0.267611	120	2	-0.5321	0.90613	0.90482	0.999995	871	0	-0.5321
SHMT1	4	0.0093915	0.031604	0.270851	121	4	-0.30352	0.99061	0.99112	0.999995	975	0	-0.30352
MED12	4	0.0094753	0.031921	0.270851	122	4	-0.62484	0.99052	0.99102	0.999995	974	0	-0.62484
CDS2	4	0.0094821	0.03194	0.270851	123	3	-0.62695	0.8377	0.83808	0.999995	819	0	-0.62695
STT3A	4	0.010019	0.033584	0.282532	124	4	-0.28937	0.98998	0.9905	0.999995	972	0	-0.28937
POLR2B	4	0.01023	0.034313	0.284151	125	3	-1.0875	0.2049	0.20442	0.598586	79	0	-1.0875
TAMM41	4	0.010471	0.035032	0.287858	126	3	-0.70628	0.77079	0.7711	0.999995	755	0	-0.70628
NAA15	4	0.010765	0.035938	0.293031	127	3	-0.93426	0.43373	0.43186	0.999995	427	0	-0.93426
UNC119	4	0.010894	0.036386	0.294422	128	4	-0.31816	0.98911	0.98952	0.999995	971	0	-0.31816
NDUFC1	4	0.011065	0.036965	0.294702	129	3	-0.52817	0.86829	0.86853	0.999995	839	0	-0.52817
GTF3C1	4	0.011115	0.037105	0.294702	130	3	-0.45798	0.91179	0.91062	0.999995	880	0	-0.45798
SOD1	4	0.011176	0.037255	0.294702	131	4	-0.59248	0.98882	0.9893	0.999995	970	0	-0.59248
PPP2R1A	4	0.011318	0.037759	0.29648	132	3	-0.43416	0.89706	0.89632	0.999995	859	0	-0.43416
CAND1	4	0.011889	0.039525	0.308059	133	3	-0.50877	0.2049	0.20442	0.598586	270	0	-0.50877
SNRPD3	4	0.012532	0.041449	0.320698	134	4	-0.92881	0.95309	0.95303	0.999995	928	0	-0.92881
RPS8	3	0.013008	0.033986	0.283659	135	3	-0.73468	0.98699	0.98691	0.999995	969	0	-0.73468
RPS23	2	0.013277	0.025262	0.228865	136	2	-1.2835	0.98672	0.98625	0.999995	968	0	-1.2835
FDPS	4	0.013493	0.044344	0.334577	137	2	-0.57173	0.55204	0.55081	0.999995	531	0	-0.57173
ATR	4	0.013616	0.044709	0.334577	138	2	-0.45131	0.39545	0.39378	0.999995	389	0	-0.45131
SLC25A28	4	0.013678	0.044821	0.334577	139	4	-0.2965	0.98632	0.98668	0.999995	967	0	-0.2965
FARS2	4	0.014412	0.046894	0.347119	140	4	-0.53955	0.94467	0.94394	0.999995	912	0	-0.53955
INCENP	4	0.014531	0.047156	0.347119	141	3	-0.56918	0.2049	0.20442	0.598586	285	0	-0.56918
HSCB	4	0.014651	0.047567	0.34773	142	4	-0.93464	0.96108	0.96078	0.999995	937	0	-0.93464
MRPL27	4	0.014937	0.048389	0.351316	143	4	-0.49997	0.98506	0.98537	0.999995	965	0	-0.49997
PSMC3	4	0.015138	0.048987	0.353236	144	3	-0.68804	0.2049	0.20442	0.598586	16	0	-0.68804
RPL18A	2	0.015603	0.029147	0.257467	145	2	-0.88356	0.9844	0.9841	0.999995	964	0	-0.88356
HRAS	4	0.016072	0.051611	0.369648	146	4	-0.1863	0.98393	0.98431	0.999995	963	0	-0.1863
DYNLRB1	3	0.01645	0.042635	0.32513	147	3	-0.51189	0.98355	0.98357	0.999995	962	0	-0.51189
WDR12	4	0.016852	0.053881	0.380759	148	3	-0.63611	0.54287	0.54154	0.999995	523	0	-0.63611
RHOT2	4	0.017008	0.054451	0.382237	149	4	-0.20909	0.98299	0.98326	0.999995	961	0	-0.20909
CCNT2	4	0.017314	0.05531	0.385715	150	4	-0.34453	0.98269	0.98295	0.999995	960	0	-0.34453
PACS1	4	0.017788	0.056618	0.392254	151	3	-0.30806	0.61419	0.61363	0.999995	599	0	-0.30806
ATP5PB	4	0.018101	0.057711	0.397229	152	3	-0.4589	0.90183	0.90097	0.999995	865	0	-0.4589
POLR2F	4	0.018242	0.058122	0.397477	153	2	-0.39943	0.88093	0.88139	0.999995	848	0	-0.39943
YIF1A	4	0.018908	0.059896	0.405341	154	4	-0.4023	0.98109	0.98145	0.999995	958	0	-0.4023
EIF3J	4	0.018967	0.060036	0.405341	155	3	-0.4951	0.91618	0.9152	0.999995	884	0	-0.4951
KAT6A	4	0.019394	0.06154	0.412865	156	3	-0.39751	0.91958	0.91875	0.999995	889	0	-0.39751
MED13L	4	0.020559	0.064725	0.428233	157	4	-0.34781	0.97944	0.9796	0.999995	955	0	-0.34781
SMARCA4	4	0.020638	0.064978	0.428233	158	3	-0.36116	0.76864	0.76903	0.999995	752	0	-0.36116
SOX9	4	0.02066	0.065043	0.428233	159	4	-0.16517	0.97934	0.97955	0.999995	954	0	-0.16517
RPS11	3	0.021027	0.053872	0.380759	160	3	-0.82579	0.97897	0.97874	0.999995	953	0	-0.82579
SNRPB	4	0.021469	0.067397	0.439574	161	4	-0.67597	0.9383	0.93753	0.999995	905	0	-0.67597
RNF40	4	0.02158	0.067602	0.439574	162	4	-0.20976	0.97842	0.97864	0.999995	952	0	-0.20976
PSMB6	4	0.021788	0.068228	0.439574	163	4	-0.52814	0.97821	0.97844	0.999995	951	0	-0.52814
EP300	4	0.021853	0.068424	0.439574	164	3	-0.46103	0.62757	0.62726	0.999995	615	0	-0.46103
IRF4	4	0.022242	0.069676	0.442254	165	3	-0.38343	0.2049	0.20442	0.598586	282	0	-0.38343
PRPF38A	4	0.022635	0.070825	0.446871	166	3	-0.48676	0.2049	0.20442	0.598586	22	0	-0.48676
RPL37A	2	0.023163	0.04256	0.32513	167	1	-0.95877	0.58355	0.5819	0.999995	564	0	-0.95877
NCBP2	4	0.024229	0.075738	0.472656	168	2	-0.2016	0.2049	0.20442	0.598586	55	0	-0.2016
CDK2	4	0.02425	0.075803	0.472656	169	4	-0.62828	0.94643	0.9459	0.999995	914	0	-0.62828
MTUS2	4	0.024928	0.07755	0.480719	170	4	-0.15688	0.97507	0.9753	0.999995	950	0	-0.15688
TOP1	4	0.025421	0.079016	0.486962	171	4	-0.54038	0.95859	0.95834	0.999995	933	0	-0.54038
RNF113A	4	0.028321	0.087498	0.533032	172	3	-0.5371	0.80962	0.81012	0.999995	792	0	-0.5371
UNC45B	4	0.029038	0.089553	0.542433	173	4	-0.22965	0.97096	0.97113	0.999995	948	0	-0.22965
RSBN1	4	0.029495	0.090758	0.546608	174	4	-0.19303	0.9705	0.97073	0.999995	947	0	-0.19303
HNRNPH1	4	0.030458	0.093261	0.558511	175	3	-0.41437	0.64655	0.64604	0.999995	635	0	-0.41437
CRKL	4	0.031035	0.094998	0.56361	176	4	-0.32671	0.96896	0.96926	0.999995	945	0	-0.32671
RHBDF1	4	0.031103	0.095176	0.56361	177	4	-0.21223	0.9689	0.96923	0.999995	944	0	-0.21223
ASF1B	8	0.031521	0.13012	0.689629	178	6	-0.27465	0.81674	0.81558	0.999995	802	0	-0.27465
SPTLC2	4	0.032356	0.098846	0.57888	179	4	-0.37677	0.93921	0.93854	0.999995	906	0	-0.37677
SAR1A	8	0.033476	0.13645	0.705554	180	5	-0.28604	0.36781	0.36855	0.999995	369	0	-0.28604
BRD8	4	0.033896	0.10305	0.595593	181	4	-0.43404	0.96227	0.96209	0.999995	940	0	-0.43404
SNAPC4	4	0.033998	0.10339	0.595593	182	3	-0.44583	0.92762	0.9268	0.999995	896	0	-0.44583
AFG3L2	3	0.034009	0.083024	0.508699	183	3	-0.71123	0.96599	0.96543	0.999995	943	0	-0.71123
CWF19L1	4	0.034442	0.10453	0.598903	184	4	-0.27529	0.96556	0.96566	0.999995	942	0	-0.27529
ZMIZ2	4	0.035111	0.10597	0.603934	185	4	-0.16868	0.96489	0.96473	0.999995	941	0	-0.16868
BCAP31	4	0.036068	0.10873	0.613045	186	3	-0.2985	0.82508	0.82579	0.999995	811	0	-0.2985
EPC2	4	0.037562	0.11261	0.624929	187	3	-0.50477	0.62048	0.61979	0.999995	607	0	-0.50477
HACD2	4	0.038281	0.1145	0.631073	188	4	-0.3562	0.96172	0.96154	0.999995	939	0	-0.3562
PMPCB	4	0.038402	0.1149	0.631073	189	3	-0.62079	0.60462	0.60397	0.999995	590	0	-0.62079
RPS28	2	0.038673	0.069545	0.442254	190	2	-0.58724	0.96133	0.96097	0.999995	938	0	-0.58724
DMXL2	4	0.0404	0.12037	0.654303	191	4	-0.2416	0.9596	0.9592	0.999995	935	0	-0.2416
PTTG1	3	0.040647	0.098463	0.57888	192	3	-0.32401	0.95935	0.95901	0.999995	934	0	-0.32401
SNRPD2	3	0.041262	0.10002	0.582554	193	2	-0.70588	0.84977	0.85	0.999995	828	0	-0.70588
MBTD1	4	0.042038	0.12456	0.673646	194	3	-0.33239	0.2049	0.20442	0.598586	356	0	-0.33239
CHMP1A	4	0.042619	0.12608	0.678419	195	4	-0.40335	0.95271	0.9527	0.999995	927	0	-0.40335
PHLDA1	4	0.043127	0.12717	0.680793	196	4	-0.15219	0.95687	0.95666	0.999995	932	0	-0.15219
CCNE1	4	0.043919	0.12943	0.689412	197	4	-0.15581	0.95608	0.95583	0.999995	931	0	-0.15581
FOSL1	3	0.044591	0.10802	0.612299	198	2	-0.36123	0.67203	0.67168	0.999995	662	0	-0.36123
CDK5R2	4	0.045081	0.13228	0.697576	199	4	-0.20294	0.95492	0.95475	0.999995	930	0	-0.20294
DGKZ	3	0.045518	0.11012	0.617607	200	2	-0.38372	0.54978	0.5483	0.999995	528	0	-0.38372
TNPO2	4	0.045598	0.13347	0.700397	201	3	-0.28269	0.477	0.47498	0.999995	468	0	-0.28269
SEPHS1	3	0.04583	0.11076	0.6179	202	2	-0.5135	0.83483	0.83545	0.999995	815	0	-0.5135
GFM1	4	0.046394	0.13535	0.705554	203	3	-0.55417	0.2049	0.20442	0.598586	361	0	-0.55417
THRAP3	4	0.046821	0.13633	0.705554	204	4	-0.31639	0.95318	0.95312	0.999995	929	0	-0.31639
CLTA	4	0.047444	0.13792	0.709675	205	3	-0.27528	0.55052	0.5493	0.999995	530	0	-0.27528
HUS1	4	0.048113	0.13972	0.711528	206	3	-0.36563	0.59064	0.59013	0.999995	573	0	-0.36563
EFR3B	4	0.048229	0.13995	0.711528	207	4	-0.16866	0.95177	0.95145	0.999995	926	0	-0.16866
FOXK1	4	0.04861	0.14079	0.711528	208	4	-0.35912	0.95139	0.95102	0.999995	925	0	-0.35912
XYLT2	4	0.048706	0.14096	0.711528	209	4	-0.19521	0.95129	0.95089	0.999995	924	0	-0.19521
ARID1A	4	0.049079	0.14193	0.712989	210	3	-0.26004	0.80694	0.80705	0.999995	788	0	-0.26004
CDK8	4	0.049573	0.14306	0.714793	211	4	-0.33628	0.95043	0.95005	0.999995	923	0	-0.33628
PKM	3	0.049637	0.11848	0.647367	212	2	-0.61147	0.15799	0.15793	0.598586	3	0	-0.61147
MED26	4	0.050078	0.14414	0.714793	213	3	-0.47352	0.82232	0.82319	0.999995	809	0	-0.47352
MRPL55	4	0.051139	0.14666	0.714793	214	3	-0.21376	0.2049	0.20442	0.598586	67	0	-0.21376
HNRNPK	4	0.051184	0.14677	0.714793	215	3	-0.50038	0.2049	0.20442	0.598586	291	0	-0.50038
SMARCA2	4	0.051241	0.14692	0.714793	216	4	-0.1509	0.94876	0.94834	0.999995	922	0	-0.1509
CCNT1	4	0.0514	0.14732	0.714793	217	3	-0.29746	0.40613	0.40424	0.999995	396	0	-0.29746
TIMM23	4	0.05144	0.14742	0.714793	218	4	-0.37428	0.94856	0.94809	0.999995	921	0	-0.37428
SOS1	4	0.05154	0.14768	0.714793	219	4	-0.24828	0.94846	0.94799	0.999995	920	0	-0.24828
BECN1	4	0.05194	0.14884	0.714999	220	4	-0.34822	0.94806	0.94755	0.999995	918	0	-0.34822
AP3M1	4	0.052041	0.14907	0.714999	221	4	-0.19147	0.94796	0.94737	0.999995	917	0	-0.19147
CRY2	4	0.052647	0.15062	0.719182	222	4	-0.22818	0.94735	0.94674	0.999995	916	0	-0.22818
PDS5A	4	0.053771	0.15341	0.728352	223	4	-0.22232	0.94623	0.94568	0.999995	913	0	-0.22232
EIF4A3	4	0.054054	0.15421	0.728352	224	3	-0.74658	0.7189	0.71815	0.999995	707	0	-0.74658
SFPQ	4	0.054667	0.15561	0.728352	225	2	-0.1959	0.79002	0.79035	0.999995	775	0	-0.1959
GALR3	4	0.054866	0.1561	0.728352	226	3	-0.29969	0.79875	0.79914	0.999995	783	0	-0.29969
WASL	4	0.055138	0.15666	0.728352	227	3	-0.38185	0.74567	0.74534	0.999995	730	0	-0.38185
TLN1	4	0.056098	0.15911	0.7365	228	4	-0.31339	0.9421	0.94134	0.999995	909	0	-0.31339
LDB1	8	0.056941	0.19945	0.859434	229	6	-0.22663	0.93779	0.93776	0.999995	904	0	-0.22663
MTA1	4	0.057037	0.16126	0.740624	230	4	-0.27366	0.94296	0.94224	0.999995	911	0	-0.27366
UTP14A	4	0.057097	0.1614	0.740624	231	3	-0.38069	0.2049	0.20442	0.598586	133	0	-0.38069
ARID4A	4	0.057361	0.16213	0.74076	232	4	-0.17397	0.94264	0.94189	0.999995	910	0	-0.17397
TOP1MT	4	0.057765	0.16303	0.741661	233	3	-0.24266	0.41544	0.41371	0.999995	407	0	-0.24266
PSMA2	4	0.059678	0.16774	0.759859	234	3	-0.46026	0.2049	0.20442	0.598586	29	0	-0.46026
CALY	4	0.060113	0.16884	0.761597	235	4	-0.15347	0.93989	0.9393	0.999995	908	0	-0.15347
ULK1	4	0.060675	0.17016	0.764285	236	4	-0.18046	0.93933	0.93868	0.999995	907	0	-0.18046
VPS37A	4	0.062355	0.17421	0.775876	237	3	-0.32902	0.93373	0.933	0.999995	900	0	-0.32902
COPZ1	4	0.063482	0.17627	0.781785	238	3	-0.34763	0.2049	0.20442	0.598586	206	0	-0.34763
CTPS1	4	0.064247	0.17758	0.784303	239	3	-0.36865	0.44271	0.44114	0.999995	435	0	-0.36865
RBM22	4	0.066707	0.18183	0.799741	240	3	-0.31462	0.90376	0.90282	0.999995	868	0	-0.31462
TPBGL	4	0.069456	0.18605	0.814929	241	3	-0.2464	0.80775	0.80803	0.999995	789	0	-0.2464
ILF3	4	0.075606	0.1963	0.856273	242	2	-0.34319	0.47643	0.47443	0.999995	467	0	-0.34319
BZW1	3	0.076034	0.17394	0.775876	243	3	-0.23897	0.92397	0.9234	0.999995	892	0	-0.23897
COX4I2	4	0.076727	0.19805	0.859434	244	3	-0.19847	0.60046	0.59979	0.999995	586	0	-0.19847
NAPA	4	0.077391	0.19901	0.859434	245	3	-0.69405	0.78394	0.78452	0.999995	771	0	-0.69405
COPG1	4	0.079914	0.20299	0.871147	246	3	-0.29608	0.67205	0.67161	0.999995	663	0	-0.29608
LSM4	4	0.081794	0.20613	0.881048	247	3	-0.30317	0.92448	0.92394	0.999995	893	0	-0.30317
CFL1	4	0.082499	0.20727	0.882361	248	3	-0.44829	0.88608	0.88594	0.999995	851	0	-0.44829
FOXK2	4	0.084395	0.21064	0.890635	249	3	-0.2611	0.79258	0.79296	0.999995	776	0	-0.2611
SIN3B	4	0.084575	0.2109	0.890635	250	3	-0.28261	0.90815	0.90689	0.999995	875	0	-0.28261
APH1A	4	0.089208	0.21841	0.91869	251	3	-0.35194	0.81747	0.81841	0.999995	803	0	-0.35194
RPS15	2	0.090416	0.15596	0.728352	252	2	-0.59974	0.90958	0.90937	0.999995	878	0	-0.59974
PRG3	4	0.091028	0.22136	0.927425	253	3	-0.30351	0.39986	0.39814	0.999995	392	0	-0.30351
NSG2	4	0.093851	0.22591	0.936144	254	2	-0.12566	0.60416	0.60355	0.999995	589	0	-0.12566
IMPDH2	4	0.094357	0.22668	0.936144	255	3	-0.28441	0.79736	0.79779	0.999995	781	0	-0.28441
MED31	4	0.096113	0.22926	0.941918	256	3	-0.32261	0.83746	0.83782	0.999995	818	0	-0.32261
FXR2	4	0.097374	0.23112	0.945889	257	3	-0.18287	0.91888	0.918	0.999995	887	0	-0.18287
DDX17	4	0.099865	0.23524	0.959044	258	3	-0.24716	0.70696	0.70638	0.999995	693	0	-0.24716
KPNA2	3	0.10037	0.2229	0.930206	259	2	-0.36957	0.40038	0.39848	0.999995	393	0	-0.36957
RBBP4	3	0.10256	0.22697	0.936144	260	2	-0.73287	0.56026	0.55865	0.999995	543	0	-0.73287
RPL5	4	0.10318	0.24088	0.968617	261	3	-0.54833	0.55001	0.54887	0.999995	529	0	-0.54833
POU4F2	4	0.10336	0.24114	0.968617	262	3	-0.28814	0.9007	0.89996	0.999995	863	0	-0.28814
GJA8	4	0.10357	0.2415	0.968617	263	3	-0.24519	0.88859	0.88842	0.999995	853	0	-0.24519
TCERG1	4	0.10416	0.24237	0.968617	264	3	-0.22872	0.80315	0.80315	0.999995	785	0	-0.22872
IRF8	4	0.10476	0.24329	0.968617	265	3	-0.20533	0.2049	0.20442	0.598586	297	0	-0.20533
CYFIP2	4	0.10635	0.24598	0.968617	266	3	-0.21119	0.2049	0.20442	0.598586	194	0	-0.21119
PFAS	4	0.10661	0.24631	0.968617	267	2	-0.21716	0.64358	0.64295	0.999995	633	0	-0.21716
RRM2B	8	0.10692	0.31482	0.999995	268	6	-0.14725	0.72825	0.72766	0.999995	716	0	-0.14725
COQ10B	4	0.10715	0.24713	0.968617	269	3	-0.32016	0.93681	0.93609	0.999995	903	0	-0.32016
GATAD2A	4	0.1072	0.2472	0.968617	270	2	-0.24956	0.72103	0.72033	0.999995	710	0	-0.24956
FOXB1	4	0.10796	0.24847	0.968617	271	3	-0.20917	0.2049	0.20442	0.598586	322	0	-0.20917
FANCM	4	0.10897	0.25002	0.968617	272	3	-0.34641	0.79708	0.79752	0.999995	780	0	-0.34641
LARP1	4	0.10917	0.25038	0.968617	273	3	-0.28505	0.91633	0.91539	0.999995	885	0	-0.28505
NSG1	4	0.1139	0.25753	0.98839	274	3	-0.14264	0.88894	0.88875	0.999995	854	0	-0.14264
NCOR2	4	0.11452	0.25854	0.98839	275	3	-0.23009	0.2049	0.20442	0.598586	56	0	-0.23009
IPO7	3	0.11542	0.2501	0.968617	276	2	-0.5064	0.76517	0.76603	0.999995	750	0	-0.5064
RPA3	4	0.11596	0.26082	0.98839	277	3	-0.60357	0.63325	0.63264	0.999995	622	0	-0.60357
MYH7	4	0.11641	0.26133	0.98839	278	3	-0.21833	0.91371	0.91256	0.999995	882	0	-0.21833
JUP	4	0.11657	0.26154	0.98839	279	2	-0.12688	0.2049	0.20442	0.598586	313	0	-0.12688
NCKAP1	4	0.11683	0.26191	0.98839	280	3	-0.25792	0.81514	0.81598	0.999995	800	0	-0.25792
USP5	4	0.11688	0.26202	0.98839	281	2	-0.18795	0.67998	0.67943	0.999995	668	0	-0.18795
BTBD11	4	0.11768	0.26327	0.989382	282	3	-0.17561	0.78453	0.78502	0.999995	772	0	-0.17561
EPHA2	4	0.11831	0.26415	0.989382	283	3	-0.15692	0.2049	0.20442	0.598586	216	0	-0.15692
KIF20A	8	0.12089	0.34455	0.999995	284	4	-0.1817	0.68408	0.68422	0.999995	671	0	-0.1817
DUSP10	4	0.12109	0.26849	0.999253	285	3	-0.14858	0.7717	0.77212	0.999995	756	0	-0.14858
BZW2	4	0.12121	0.26867	0.999253	286	3	-0.25928	0.7483	0.7483	0.999995	733	0	-0.25928
ACTL6B	4	0.12325	0.27184	0.999995	287	3	-0.18627	0.92069	0.92006	0.999995	891	0	-0.18627
TMEM9B	4	0.12391	0.27296	0.999995	288	3	-0.19186	0.2049	0.20442	0.598586	98	0	-0.19186
LARP1B	4	0.12478	0.27422	0.999995	289	3	-0.25219	0.52834	0.52738	0.999995	512	0	-0.25219
MMD	4	0.12632	0.27651	0.999995	290	3	-0.33043	0.6516	0.65108	0.999995	639	0	-0.33043
BICD1	4	0.12717	0.27774	0.999995	291	2	-0.26676	0.83723	0.83754	0.999995	817	0	-0.26676
ABCA3	4	0.12831	0.27956	0.999995	292	3	-0.15469	0.41482	0.413	0.999995	406	0	-0.15469
ADSSL1	4	0.12987	0.28183	0.999995	293	3	-0.22689	0.87405	0.87429	0.999995	844	0	-0.22689
APOBEC3C	4	0.13009	0.28221	0.999995	294	3	-0.21346	0.93324	0.93249	0.999995	899	0	-0.21346
L3MBTL2	4	0.13031	0.28257	0.999995	295	3	-0.2441	0.91916	0.9183	0.999995	888	0	-0.2441
MMD2	4	0.13121	0.28399	0.999995	296	3	-0.26804	0.46383	0.4626	0.999995	454	0	-0.26804
LRFN1	4	0.13873	0.29518	0.999995	297	2	-0.16073	0.63456	0.63385	0.999995	624	0	-0.16073
DDX5	4	0.13875	0.29522	0.999995	298	3	-0.31127	0.62625	0.62593	0.999995	613	0	-0.31127
UCHL5	4	0.14004	0.29732	0.999995	299	3	-0.18516	0.38012	0.37899	0.999995	376	0	-0.18516
KIT	8	0.14033	0.38311	0.999995	300	6	-0.10526	0.75152	0.75132	0.999995	737	0	-0.10526
PFN1	4	0.142	0.3003	0.999995	301	2	-0.27896	0.63801	0.63723	0.999995	626	0	-0.27896
RING1	4	0.1458	0.3059	0.999995	302	3	-0.23853	0.2049	0.20442	0.598586	47	0	-0.23853
CD72	4	0.147	0.30764	0.999995	303	3	-0.18988	0.2049	0.20442	0.598586	263	0	-0.18988
JAG2	4	0.14748	0.30826	0.999995	304	3	-0.22683	0.54696	0.54591	0.999995	526	0	-0.22683
TMEM120A	4	0.14916	0.31083	0.999995	305	3	-0.21895	0.2049	0.20442	0.598586	116	0	-0.21895
KIAA0319	4	0.1494	0.31116	0.999995	306	3	-0.20761	0.2049	0.20442	0.598586	309	0	-0.20761
PPP3R2	4	0.15158	0.31436	0.999995	307	3	-0.22609	0.2049	0.20442	0.598586	25	0	-0.22609
PDGFC	4	0.1528	0.31619	0.999995	308	3	-0.17628	0.53668	0.53561	0.999995	518	0	-0.17628
CASP4	4	0.15649	0.32153	0.999995	309	3	-0.17955	0.2049	0.20442	0.598586	256	0	-0.17955
SEC23A	4	0.15748	0.32287	0.999995	310	3	-0.25535	0.92	0.91922	0.999995	890	0	-0.25535
NMT2	4	0.16274	0.33081	0.999995	311	3	-0.20872	0.73219	0.73135	0.999995	719	0	-0.20872
CCNL2	4	0.16426	0.33285	0.999995	312	3	-0.15642	0.9028	0.9019	0.999995	866	0	-0.15642
SPAG9	4	0.16502	0.33402	0.999995	313	3	-0.21723	0.47245	0.47071	0.999995	462	0	-0.21723
TBP	4	0.16912	0.34038	0.999995	314	3	-0.26943	0.81669	0.8176	0.999995	801	0	-0.26943
UTP14C	4	0.16939	0.34094	0.999995	315	2	-0.19813	0.67958	0.679	0.999995	667	0	-0.19813
MED13	4	0.17009	0.34205	0.999995	316	3	-0.33909	0.7014	0.70119	0.999995	687	0	-0.33909
SNX2	4	0.17183	0.34463	0.999995	317	3	-0.1892	0.2049	0.20442	0.598586	182	0	-0.1892
PSEN1	4	0.17301	0.34655	0.999995	318	3	-0.19057	0.65948	0.65889	0.999995	647	0	-0.19057
FUT5	4	0.17327	0.34699	0.999995	319	3	-0.20623	0.48937	0.48738	0.999995	482	0	-0.20623
RPL31	2	0.17498	0.28141	0.999995	320	2	-0.6047	0.76027	0.75839	0.999995	743	0	-0.6047
SNRPB2	3	0.17608	0.32199	0.999995	321	2	-0.34298	0.41017	0.40807	0.999995	401	0	-0.34298
CAP1	4	0.17827	0.35406	0.999995	322	3	-0.37997	0.8701	0.87032	0.999995	841	0	-0.37997
ANAPC4	4	0.18066	0.35768	0.999995	323	3	-0.23889	0.82756	0.82806	0.999995	813	0	-0.23889
ASCL1	4	0.18147	0.35899	0.999995	324	3	-0.16636	0.2049	0.20442	0.598586	268	0	-0.16636
GXYLT1	4	0.1824	0.36038	0.999995	325	2	-0.13989	0.2049	0.20442	0.598586	345	0	-0.13989
MYBL2	4	0.18334	0.36165	0.999995	326	3	-0.22072	0.92877	0.92786	0.999995	897	0	-0.22072
EAF1	4	0.18388	0.36258	0.999995	327	3	-0.27402	0.86627	0.86645	0.999995	837	0	-0.27402
PTPN6	4	0.1855	0.36497	0.999995	328	3	-0.1515	0.56453	0.56431	0.999995	547	0	-0.1515
CAP2	4	0.18604	0.36566	0.999995	329	3	-0.22626	0.5758	0.57544	0.999995	558	0	-0.22626
TUBB2B	2	0.18678	0.29794	0.999995	330	2	-0.15245	0.81322	0.81105	0.999995	797	0	-0.15245
TUBB2A	4	0.18775	0.36802	0.999995	331	2	-0.20385	0.59252	0.59218	0.999995	576	0	-0.20385
LIM2	4	0.18904	0.37002	0.999995	332	3	-0.14212	0.59111	0.59077	0.999995	574	0	-0.14212
CEACAM1	4	0.18958	0.37071	0.999995	333	3	-0.18823	0.90722	0.90567	0.999995	874	0	-0.18823
CHUK	8	0.18978	0.45536	0.999995	334	3	-0.13721	0.64134	0.64181	0.999995	628	0	-0.13721
SLC22A8	4	0.1904	0.37171	0.999995	335	3	-0.22209	0.85007	0.85071	0.999995	829	0	-0.22209
YBX3	4	0.19178	0.37344	0.999995	336	3	-0.17786	0.55254	0.55134	0.999995	532	0	-0.17786
PDX1	4	0.19459	0.37733	0.999995	337	3	-0.21233	0.87169	0.87182	0.999995	843	0	-0.21233
DGAT1	4	0.19565	0.37889	0.999995	338	3	-0.16731	0.2049	0.20442	0.598586	224	0	-0.16731
CDK5R1	4	0.1964	0.37988	0.999995	339	2	-0.19404	0.2049	0.20442	0.598586	261	0	-0.19404
LSM14B	4	0.19676	0.38044	0.999995	340	3	-0.18032	0.56354	0.56327	0.999995	544	0	-0.18032
ACACB	4	0.20012	0.38494	0.999995	341	3	-0.16645	0.2049	0.20442	0.598586	241	0	-0.16645
IQCA1	4	0.20238	0.38812	0.999995	342	3	-0.20054	0.4804	0.47829	0.999995	472	0	-0.20054
EEFSEC	4	0.20334	0.38952	0.999995	343	2	-0.074083	0.2049	0.20442	0.598586	208	0	-0.074083
ZMIZ1	4	0.20369	0.39001	0.999995	344	2	-0.13799	0.66682	0.66611	0.999995	655	0	-0.13799
PRDM16	4	0.20553	0.39218	0.999995	345	2	-0.1591	0.72455	0.72397	0.999995	712	0	-0.1591
TAF1	4	0.20645	0.39345	0.999995	346	2	-0.078891	0.2049	0.20442	0.598586	139	0	-0.078891
STRIP1	4	0.20774	0.39533	0.999995	347	2	-0.21089	0.91719	0.91623	0.999995	886	0	-0.21089
NUTF2	4	0.20865	0.39673	0.999995	348	3	-0.29827	0.87483	0.87517	0.999995	846	0	-0.29827
ZNF34	4	0.20884	0.39698	0.999995	349	2	-0.15483	0.45802	0.45651	0.999995	448	0	-0.15483
TBC1D9	4	0.21032	0.3993	0.999995	350	3	-0.18299	0.77744	0.77793	0.999995	761	0	-0.18299
FLOT2	4	0.21269	0.4029	0.999995	351	3	-0.163	0.2049	0.20442	0.598586	325	0	-0.163
HMG20B	4	0.21443	0.40518	0.999995	352	3	-0.168	0.50806	0.50648	0.999995	493	0	-0.168
CABP5	4	0.21589	0.40731	0.999995	353	3	-0.23248	0.70548	0.70499	0.999995	691	0	-0.23248
COQ10A	4	0.217	0.40882	0.999995	354	3	-0.18747	0.81488	0.81578	0.999995	799	0	-0.18747
PEF1	4	0.21794	0.41023	0.999995	355	3	-0.21072	0.93288	0.93202	0.999995	898	0	-0.21072
GLIS3	4	0.21879	0.4114	0.999995	356	1	-0.098244	0.2049	0.20442	0.598586	360	0	-0.098244
MTMR4	4	0.22118	0.4145	0.999995	357	3	-0.197	0.7249	0.72446	0.999995	713	0	-0.197
TPST2	4	0.22186	0.41544	0.999995	358	2	-0.14304	0.2049	0.20442	0.598586	100	0	-0.14304
CRY1	4	0.22236	0.41591	0.999995	359	3	-0.24141	0.42525	0.42353	0.999995	417	0	-0.24141
PTF1A	4	0.22563	0.42034	0.999995	360	3	-0.21079	0.71747	0.71666	0.999995	706	0	-0.21079
DDX39B	4	0.22802	0.4235	0.999995	361	3	-0.18849	0.71134	0.71076	0.999995	700	0	-0.18849
RAP1GAP	4	0.22832	0.42393	0.999995	362	3	-0.22272	0.71424	0.71354	0.999995	704	0	-0.22272
NET1	4	0.22901	0.4249	0.999995	363	2	-0.21181	0.2049	0.20442	0.598586	59	0	-0.21181
TANC1	4	0.23073	0.4272	0.999995	364	3	-0.24381	0.58207	0.5816	0.999995	562	0	-0.24381
HMGCLL1	4	0.23467	0.43301	0.999995	365	3	-0.15146	0.8693	0.86947	0.999995	840	0	-0.15146
RNF113B	4	0.23711	0.43651	0.999995	366	3	-0.15651	0.6954	0.69514	0.999995	683	0	-0.15651
FKBP4	4	0.23956	0.43967	0.999995	367	3	-0.16847	0.84895	0.84956	0.999995	827	0	-0.16847
BICD2	4	0.23964	0.43978	0.999995	368	3	-0.18969	0.71098	0.71044	0.999995	699	0	-0.18969
ALDOC	4	0.24048	0.44077	0.999995	369	3	-0.16163	0.89856	0.89788	0.999995	861	0	-0.16163
IPO5	4	0.24117	0.44173	0.999995	370	3	-0.24282	0.54849	0.54738	0.999995	527	0	-0.24282
PHLDA2	4	0.2414	0.44208	0.999995	371	3	-0.13741	0.90344	0.90251	0.999995	867	0	-0.13741
RPL6	1	0.24325	0.24372	0.968617	372	1	-0.27506	0.75675	0.75833	0.999995	740	0	-0.27506
CADPS	4	0.24326	0.44455	0.999995	373	3	-0.18473	0.55606	0.55539	0.999995	537	0	-0.18473
ASF1A	4	0.24454	0.44603	0.999995	374	2	-0.19847	0.2049	0.20442	0.598586	266	0	-0.19847
MORF4L2	4	0.24636	0.44853	0.999995	375	3	-0.18656	0.89988	0.89909	0.999995	862	0	-0.18656
FANCF	4	0.24729	0.45	0.999995	376	3	-0.21189	0.90597	0.90471	0.999995	870	0	-0.21189
MT2A	4	0.24761	0.45036	0.999995	377	3	-0.12653	0.70437	0.70399	0.999995	688	0	-0.12653
MTMR3	4	0.24948	0.45255	0.999995	378	3	-0.17813	0.42646	0.42459	0.999995	419	0	-0.17813
E2F4	4	0.24961	0.45269	0.999995	379	2	-0.19309	0.73356	0.7327	0.999995	722	0	-0.19309
GPSM1	4	0.25074	0.45415	0.999995	380	3	-0.18595	0.90167	0.90085	0.999995	864	0	-0.18595
BTG1	4	0.25294	0.45681	0.999995	381	3	-0.14285	0.66601	0.66522	0.999995	654	0	-0.14285
AKAP11	4	0.25357	0.45769	0.999995	382	3	-0.15744	0.82582	0.82645	0.999995	812	0	-0.15744
GRIP1	4	0.25483	0.45945	0.999995	383	3	-0.17505	0.89537	0.89474	0.999995	857	0	-0.17505
ZAP70	4	0.25938	0.4656	0.999995	384	2	-0.14004	0.70769	0.70695	0.999995	695	0	-0.14004
H1FOO	4	0.26159	0.46837	0.999995	385	1	-0.066739	0.59674	0.59625	0.999995	580	0	-0.066739
PDGFD	4	0.26183	0.46869	0.999995	386	3	-0.12311	0.2049	0.20442	0.598586	74	0	-0.12311
MTX1	3	0.26249	0.41289	0.999995	387	2	-0.16231	0.15799	0.15793	0.598586	12	0	-0.16231
HMGCS2	4	0.26318	0.47048	0.999995	388	2	-0.17636	0.2049	0.20442	0.598586	287	0	-0.17636
LATS2	4	0.26536	0.4734	0.999995	389	3	-0.15481	0.80908	0.80952	0.999995	790	0	-0.15481
RPL15	2	0.26539	0.39191	0.999995	390	1	-0.24661	0.29784	0.29679	0.864283	364	0	-0.24661
SLCO2B1	4	0.26552	0.47364	0.999995	391	2	-0.16714	0.46786	0.46649	0.999995	458	0	-0.16714
TMEM120B	4	0.26795	0.47671	0.999995	392	3	-0.12642	0.77982	0.78031	0.999995	765	0	-0.12642
TAP1	4	0.26826	0.4771	0.999995	393	2	-0.13127	0.70842	0.70782	0.999995	696	0	-0.13127
SPTAN1	4	0.27087	0.48045	0.999995	394	3	-0.24728	0.79569	0.79589	0.999995	778	0	-0.24728
ABCC3	4	0.27119	0.48083	0.999995	395	3	-0.17845	0.2049	0.20442	0.598586	244	0	-0.17845
STAM	4	0.27217	0.48228	0.999995	396	2	-0.17498	0.46151	0.46002	0.999995	451	0	-0.17498
CCNE2	4	0.27347	0.48367	0.999995	397	3	-0.17534	0.91223	0.9111	0.999995	881	0	-0.17534
PUM2	4	0.27413	0.48458	0.999995	398	3	-0.19459	0.2049	0.20442	0.598586	15	0	-0.19459
COPS7B	4	0.27609	0.48732	0.999995	399	3	-0.19528	0.91134	0.9101	0.999995	879	0	-0.19528
UNC119B	4	0.27689	0.48849	0.999995	400	2	-0.11464	0.4551	0.45385	0.999995	444	0	-0.11464
CHSY3	4	0.27807	0.49008	0.999995	401	2	-0.1856	0.8594	0.8597	0.999995	835	0	-0.1856
TOB2	4	0.27907	0.49138	0.999995	402	2	-0.15502	0.62713	0.62695	0.999995	614	0	-0.15502
HUS1B	4	0.27925	0.4916	0.999995	403	2	-0.16834	0.60093	0.60022	0.999995	587	0	-0.16834
CLASP1	4	0.27965	0.49217	0.999995	404	2	-0.20451	0.48265	0.48078	0.999995	474	0	-0.20451
PAX4	4	0.28004	0.49263	0.999995	405	3	-0.19875	0.2049	0.20442	0.598586	76	0	-0.19875
POLD1	4	0.28123	0.49395	0.999995	406	2	-0.13431	0.2049	0.20442	0.598586	81	0	-0.13431
AKIRIN1	4	0.28401	0.49746	0.999995	407	3	-0.25824	0.83699	0.8373	0.999995	816	0	-0.25824
SLITRK1	4	0.28567	0.49977	0.999995	408	3	-0.21237	0.52939	0.52838	0.999995	514	0	-0.21237
PCGF1	4	0.28637	0.50052	0.999995	409	2	-0.066984	0.2049	0.20442	0.598586	75	0	-0.066984
NHLRC1	4	0.28768	0.50216	0.999995	410	3	-0.12234	0.79931	0.79962	0.999995	784	0	-0.12234
RPS7	1	0.28824	0.28897	0.999995	411	1	-0.29513	0.71176	0.71269	0.999995	701	0	-0.29513
GNB3	4	0.28968	0.50473	0.999995	412	3	-0.15806	0.2049	0.20442	0.598586	352	0	-0.15806
CTSZ	4	0.29002	0.50514	0.999995	413	3	-0.14212	0.75124	0.75139	0.999995	736	0	-0.14212
KLF5	4	0.29033	0.50554	0.999995	414	2	-0.18969	0.37948	0.37839	0.999995	375	0	-0.18969
DEGS2	4	0.29102	0.50646	0.999995	415	3	-0.15211	0.9083	0.90709	0.999995	876	0	-0.15211
RRAGD	4	0.2927	0.50857	0.999995	416	3	-0.13678	0.89018	0.89002	0.999995	855	0	-0.13678
TOMM20L	4	0.29411	0.51052	0.999995	417	2	-0.12106	0.49713	0.49515	0.999995	488	0	-0.12106
SLC11A2	4	0.29811	0.51569	0.999995	418	3	-0.20574	0.91604	0.91504	0.999995	883	0	-0.20574
PRKAB2	4	0.29949	0.5174	0.999995	419	2	-0.161	0.66194	0.66132	0.999995	649	0	-0.161
SLC25A24	4	0.29989	0.518	0.999995	420	2	-0.20534	0.82358	0.82434	0.999995	810	0	-0.20534
HASPIN	4	0.30268	0.52152	0.999995	421	2	-0.23465	0.2049	0.20442	0.598586	288	0	-0.23465
NRBP2	4	0.30287	0.52174	0.999995	422	3	-0.22729	0.69236	0.692	0.999995	681	0	-0.22729
RPL21	2	0.30325	0.41338	0.999995	423	1	-0.18789	0.10832	0.10864	0.598586	1	0	-0.18789
ARHGEF7	4	0.30348	0.52251	0.999995	424	3	-0.18067	0.68621	0.68568	0.999995	675	0	-0.18067
ALAS1	8	0.30367	0.59934	0.999995	425	4	-0.19604	0.77951	0.77862	0.999995	764	0	-0.19604
GOLPH3L	4	0.30388	0.52294	0.999995	426	2	-0.21548	0.2049	0.20442	0.598586	344	0	-0.21548
TCF3	4	0.30493	0.5242	0.999995	427	3	-0.12434	0.68115	0.68049	0.999995	670	0	-0.12434
PIP4P1	4	0.30508	0.52445	0.999995	428	2	-0.15449	0.76368	0.76391	0.999995	748	0	-0.15449
SPOP	4	0.30541	0.52483	0.999995	429	2	-0.18056	0.52253	0.52131	0.999995	506	0	-0.18056
CSTF2	4	0.3063	0.52599	0.999995	430	3	-0.17552	0.4295	0.42766	0.999995	422	0	-0.17552
MYL7	4	0.30892	0.52921	0.999995	431	2	-0.13667	0.40363	0.40146	0.999995	395	0	-0.13667
ESRP2	4	0.30905	0.52941	0.999995	432	3	-0.14527	0.81094	0.81152	0.999995	793	0	-0.14527
ADM	4	0.30949	0.52989	0.999995	433	2	-0.15912	0.43192	0.43007	0.999995	424	0	-0.15912
HOXB1	4	0.3119	0.53273	0.999995	434	2	-0.23005	0.2049	0.20442	0.598586	295	0	-0.23005
MYD88	4	0.3131	0.53397	0.999995	435	2	-0.096424	0.43252	0.43074	0.999995	425	0	-0.096424
ADSS	3	0.31547	0.46607	0.999995	436	1	0	0.15799	0.15793	0.598586	14	0	0
DHX29	3	0.31766	0.46821	0.999995	437	2	-0.24455	0.77195	0.77275	0.999995	757	0	-0.24455
GCM2	4	0.31833	0.53771	0.999995	438	2	-0.21143	0.7968	0.79718	0.999995	779	0	-0.21143
AP1G1	4	0.32519	0.54269	0.999995	439	2	-0.17095	0.2049	0.20442	0.598586	231	0	-0.17095
TMEM30A	4	0.32559	0.54302	0.999995	440	2	-0.17688	0.78277	0.78324	0.999995	769	0	-0.17688
MANF	4	0.32761	0.54448	0.999995	441	2	-0.25501	0.63195	0.6313	0.999995	620	0	-0.25501
MYBPHL	4	0.32829	0.54501	0.999995	442	2	-0.22171	0.2049	0.20442	0.598586	72	0	-0.22171
RPL17	3	0.32875	0.47986	0.999995	443	2	-0.20953	0.15799	0.15793	0.598586	4	0	-0.20953
SATB2	4	0.33125	0.54716	0.999995	444	2	-0.14425	0.2049	0.20442	0.598586	153	0	-0.14425
PMM2	4	0.3353	0.55023	0.999995	445	2	-0.16197	0.84306	0.84367	0.999995	822	0	-0.16197
TOP2B	4	0.33774	0.55211	0.999995	446	2	-0.1588	0.2049	0.20442	0.598586	97	0	-0.1588
ZNF804B	4	0.33814	0.55238	0.999995	447	2	-0.11921	0.48714	0.48509	0.999995	480	0	-0.11921
EPS15L1	4	0.33855	0.55266	0.999995	448	2	-0.15262	0.63499	0.63435	0.999995	625	0	-0.15262
EPS15	4	0.33895	0.55284	0.999995	449	2	-0.13449	0.52041	0.51917	0.999995	504	0	-0.13449
ABCG2	4	0.34323	0.55589	0.999995	450	1	-0.004802	0.2049	0.20442	0.598586	245	0	-0.004802
AXL	4	0.34464	0.55688	0.999995	451	2	-0.19349	0.75958	0.75973	0.999995	742	0	-0.19349
CELA2A	4	0.34627	0.5581	0.999995	452	2	-0.20163	0.48546	0.48343	0.999995	478	0	-0.20163
PTPN11	4	0.34789	0.55927	0.999995	453	2	-0.2756	0.87618	0.87666	0.999995	847	0	-0.2756
EZH1	4	0.34993	0.56062	0.999995	454	2	-0.14177	0.69728	0.69693	0.999995	684	0	-0.14177
RBPJL	4	0.35074	0.56124	0.999995	455	2	-0.17542	0.2049	0.20442	0.598586	41	0	-0.17542
SERPINA11	4	0.35359	0.56309	0.999995	456	2	-0.14039	0.58398	0.58343	0.999995	565	0	-0.14039
GABPB2	4	0.35393	0.56329	0.999995	457	1	-0.11473	0.83841	0.83883	0.999995	820	0	-0.11473
PAPSS1	4	0.35482	0.5638	0.999995	458	2	-0.1508	0.51023	0.50846	0.999995	496	0	-0.1508
RANBP9	4	0.35522	0.56402	0.999995	459	2	-0.13303	0.5439	0.54262	0.999995	524	0	-0.13303
MORF4L1	3	0.35706	0.5085	0.999995	460	1	-0.15759	0.15799	0.15793	0.598586	13	0	-0.15759
COPG2	4	0.35725	0.56546	0.999995	461	2	-0.23185	0.40925	0.40737	0.999995	400	0	-0.23185
SAMD9	4	0.36122	0.56841	0.999995	462	1	-0.041675	0.2049	0.20442	0.598586	155	0	-0.041675
BRSK2	4	0.36665	0.5728	0.999995	463	2	-0.15063	0.8213	0.82221	0.999995	807	0	-0.15063
RCBTB1	4	0.36844	0.57396	0.999995	464	1	-0.069929	0.6	0.59942	0.999995	585	0	-0.069929
IFIH1	4	0.37524	0.5786	0.999995	465	2	-0.13414	0.53927	0.53822	0.999995	520	0	-0.13414
SLC32A1	4	0.3756	0.57882	0.999995	466	2	-0.22073	0.2049	0.20442	0.598586	148	0	-0.22073
ZNF418	4	0.37688	0.57966	0.999995	467	2	-0.14066	0.2049	0.20442	0.598586	123	0	-0.14066
RALGPS2	4	0.38015	0.58205	0.999995	468	2	-0.13484	0.47983	0.47778	0.999995	471	0	-0.13484
ZEB1	4	0.38179	0.58339	0.999995	469	2	-0.11916	0.2049	0.20442	0.598586	122	0	-0.11916
GRHL3	4	0.3827	0.58404	0.999995	470	1	-0.13479	0.88517	0.88516	0.999995	850	0	-0.13479
CLTCL1	4	0.38629	0.58639	0.999995	471	2	-0.20132	0.61238	0.61189	0.999995	598	0	-0.20132
CLDN4	4	0.38998	0.58904	0.999995	472	2	-0.13107	0.2049	0.20442	0.598586	198	0	-0.13107
RNF44	4	0.39482	0.59246	0.999995	473	2	-0.097276	0.2049	0.20442	0.598586	31	0	-0.097276
PAPSS2	4	0.39654	0.59377	0.999995	474	2	-0.13261	0.2049	0.20442	0.598586	91	0	-0.13261
STRADA	4	0.39695	0.59407	0.999995	475	2	-0.14734	0.80935	0.8098	0.999995	791	0	-0.14734
CCDC69	4	0.399	0.59567	0.999995	476	2	-0.10882	0.2049	0.20442	0.598586	253	0	-0.10882
GABPB1	4	0.39923	0.59591	0.999995	477	2	-0.17104	0.2049	0.20442	0.598586	326	0	-0.17104
RAMP2	4	0.40146	0.59716	0.999995	478	2	-0.13329	0.2049	0.20442	0.598586	20	0	-0.13329
FBLN1	4	0.40392	0.59903	0.999995	479	2	-0.18293	0.84738	0.84807	0.999995	824	0	-0.18293
RBBP7	4	0.40433	0.59932	0.999995	480	2	-0.18643	0.76053	0.76077	0.999995	744	0	-0.18643
CNOT7	4	0.4072	0.60155	0.999995	481	2	-0.16172	0.2049	0.20442	0.598586	205	0	-0.16172
S1PR4	4	0.40843	0.60234	0.999995	482	2	-0.092019	0.48322	0.48135	0.999995	475	0	-0.092019
SKA1	4	0.40884	0.60255	0.999995	483	2	-0.21894	0.2049	0.20442	0.598586	141	0	-0.21894
SOAT1	4	0.41173	0.60482	0.999995	484	1	-0.098866	0.50915	0.5075	0.999995	494	0	-0.098866
MPC1	4	0.41253	0.60537	0.999995	485	2	-0.30388	0.77322	0.77388	0.999995	758	0	-0.30388
CDK17	4	0.41499	0.60752	0.999995	486	2	-0.20252	0.60554	0.60494	0.999995	591	0	-0.20252
HEATR5A	4	0.41745	0.60927	0.999995	487	2	-0.14223	0.2049	0.20442	0.598586	286	0	-0.14223
RECK	4	0.42237	0.61289	0.999995	488	2	-0.18404	0.81824	0.81915	0.999995	805	0	-0.18404
TUBB4B	8	0.42337	0.71289	0.999995	489	4	-0.12368	0.80337	0.80242	0.999995	786	0	-0.12368
PSMB8	4	0.4236	0.61378	0.999995	490	2	-0.11196	0.2049	0.20442	0.598586	30	0	-0.11196
NLRP8	4	0.42483	0.61473	0.999995	491	2	-0.18839	0.71315	0.7125	0.999995	703	0	-0.18839
TANK	4	0.42524	0.61503	0.999995	492	2	-0.15524	0.47188	0.47011	0.999995	461	0	-0.15524
FZD8	4	0.43426	0.62193	0.999995	493	2	-0.071369	0.61193	0.61146	0.999995	597	0	-0.071369
SPATA21	4	0.43589	0.62317	0.999995	494	2	-0.1111	0.5048	0.50319	0.999995	491	0	-0.1111
PTCH1	4	0.43613	0.6233	0.999995	495	1	-0.11659	0.55807	0.55759	0.999995	539	0	-0.11659
ZMAT2	4	0.43673	0.62374	0.999995	496	1	-0.048311	0.57337	0.57314	0.999995	555	0	-0.048311
EPC1	4	0.43794	0.6246	0.999995	497	2	-0.17817	0.2049	0.20442	0.598586	218	0	-0.17817
CYP26C1	4	0.44092	0.62668	0.999995	498	1	-0.071328	0.2049	0.20442	0.598586	195	0	-0.071328
TOB1	4	0.44121	0.6269	0.999995	499	2	-0.17679	0.2049	0.20442	0.598586	99	0	-0.17679
ABL2	4	0.44612	0.63045	0.999995	500	2	-0.16019	0.2049	0.20442	0.598586	243	0	-0.16019
CAVIN1	4	0.44735	0.63125	0.999995	501	2	-0.18302	0.2049	0.20442	0.598586	257	0	-0.18302
SNTA1	4	0.44816	0.632	0.999995	502	2	-0.078062	0.51988	0.51853	0.999995	503	0	-0.078062
ZWILCH	4	0.44923	0.6326	0.999995	503	2	-0.10547	0.2049	0.20442	0.598586	124	0	-0.10547
PXDN	4	0.44939	0.63272	0.999995	504	2	-0.13016	0.62889	0.62857	0.999995	617	0	-0.13016
ERO1B	4	0.44982	0.63302	0.999995	505	2	-0.12823	0.2049	0.20442	0.598586	334	0	-0.12823
NDEL1	4	0.45225	0.63479	0.999995	506	2	-0.14945	0.2049	0.20442	0.598586	61	0	-0.14945
FLT1	4	0.45393	0.63606	0.999995	507	2	-0.11868	0.85598	0.85637	0.999995	832	0	-0.11868
VRTN	4	0.45452	0.63647	0.999995	508	2	-0.18218	0.2049	0.20442	0.598586	136	0	-0.18218
FOXE3	4	0.45686	0.63802	0.999995	509	2	-0.12449	0.59954	0.59898	0.999995	584	0	-0.12449
ELL2	4	0.45715	0.63817	0.999995	510	2	-0.16566	0.72385	0.72318	0.999995	711	0	-0.16566
DENND5A	4	0.45796	0.63874	0.999995	511	2	-0.17443	0.57434	0.57411	0.999995	557	0	-0.17443
IDH3G	4	0.45878	0.63936	0.999995	512	2	-0.114	0.42889	0.42717	0.999995	421	0	-0.114
KIAA0319L	4	0.45977	0.64014	0.999995	513	1	-0.078558	0.2049	0.20442	0.598586	310	0	-0.078558
CDK19	8	0.46284	0.74115	0.999995	514	4	-0.16191	0.66826	0.66839	0.999995	657	0	-0.16191
BARHL1	4	0.46367	0.64314	0.999995	515	2	-0.14556	0.65659	0.65596	0.999995	644	0	-0.14556
DDI2	4	0.46383	0.64322	0.999995	516	1	-0.11537	0.2049	0.20442	0.598586	223	0	-0.11537
TLN2	4	0.46489	0.64397	0.999995	517	2	-0.10626	0.2049	0.20442	0.598586	115	0	-0.10626
RNF130	4	0.46612	0.6449	0.999995	518	2	-0.14802	0.66884	0.66837	0.999995	659	0	-0.14802
MOGAT2	4	0.46693	0.64545	0.999995	519	2	-0.13942	0.50969	0.50795	0.999995	495	0	-0.13942
ARHGEF3	4	0.46774	0.64615	0.999995	520	2	-0.15406	0.2049	0.20442	0.598586	252	0	-0.15406
RNF10	4	0.46901	0.64708	0.999995	521	2	-0.12743	0.69159	0.69109	0.999995	680	0	-0.12743
KHSRP	4	0.46978	0.64752	0.999995	522	2	-0.20748	0.59534	0.5948	0.999995	577	0	-0.20748
MAT1A	4	0.47018	0.64778	0.999995	523	2	-0.15883	0.77863	0.77915	0.999995	763	0	-0.15883
HACD1	4	0.47222	0.64913	0.999995	524	2	-0.12783	0.2049	0.20442	0.598586	290	0	-0.12783
APH1B	4	0.47303	0.64974	0.999995	525	2	-0.14389	0.56503	0.56487	0.999995	549	0	-0.14389
SYK	4	0.47473	0.65098	0.999995	526	2	-0.075392	0.2049	0.20442	0.598586	169	0	-0.075392
CNOT6	4	0.47547	0.65152	0.999995	527	2	-0.10856	0.2049	0.20442	0.598586	197	0	-0.10856
FOXA1	4	0.47628	0.65201	0.999995	528	2	-0.12538	0.2049	0.20442	0.598586	321	0	-0.12538
FLOT1	4	0.47757	0.65293	0.999995	529	2	-0.079381	0.2049	0.20442	0.598586	324	0	-0.079381
ALG14	4	0.4787	0.65364	0.999995	530	2	-0.14443	0.2049	0.20442	0.598586	248	0	-0.14443
AP2A1	4	0.47872	0.65366	0.999995	531	2	-0.14967	0.62315	0.62281	0.999995	610	0	-0.14967
TOMM20	3	0.48289	0.63605	0.999995	532	1	-0.035531	0.15799	0.15793	0.598586	6	0	-0.035531
FLNC	4	0.48322	0.65694	0.999995	533	1	-0.087396	0.81305	0.81386	0.999995	796	0	-0.087396
ATP6V1E2	4	0.4848	0.65807	0.999995	534	2	-0.14193	0.2049	0.20442	0.598586	265	0	-0.14193
SLC11A1	4	0.48658	0.65947	0.999995	535	1	-0.06602	0.63412	0.63334	0.999995	623	0	-0.06602
ARFIP2	4	0.48723	0.66	0.999995	536	2	-0.14954	0.2049	0.20442	0.598586	237	0	-0.14954
ZNF423	4	0.48885	0.6613	0.999995	537	2	-0.13213	0.69426	0.69377	0.999995	682	0	-0.13213
RANBP10	4	0.48965	0.66176	0.999995	538	2	-0.12764	0.2049	0.20442	0.598586	19	0	-0.12764
ERH	4	0.49006	0.66215	0.999995	539	2	-0.13409	0.75383	0.75393	0.999995	739	0	-0.13409
PLEK2	4	0.49208	0.66345	0.999995	540	2	-0.18823	0.52781	0.52698	0.999995	511	0	-0.18823
DCAF8L1	4	0.49329	0.66435	0.999995	541	2	-0.11852	0.2049	0.20442	0.598586	222	0	-0.11852
GPSM2	4	0.49768	0.66776	0.999995	542	1	-0.060747	0.2049	0.20442	0.598586	351	0	-0.060747
ATP6V1C2	8	0.49772	0.76642	0.999995	543	3	-0.14438	0.76223	0.76153	0.999995	746	0	-0.14438
SIX6	4	0.49773	0.66778	0.999995	544	2	-0.16002	0.2049	0.20442	0.598586	140	0	-0.16002
CBLL2	4	0.49823	0.66821	0.999995	545	1	-0.064584	0.71925	0.71857	0.999995	708	0	-0.064584
PPP2CA	8	0.49838	0.76683	0.999995	546	3	-0.10515	0.36781	0.36855	0.999995	371	0	-0.10515
PTPN21	4	0.49878	0.66866	0.999995	547	1	-0.16355	0.80478	0.80483	0.999995	787	0	-0.16355
LGALS9	4	0.49894	0.66877	0.999995	548	2	-0.089326	0.2049	0.20442	0.598586	302	0	-0.089326
CRYBB2	4	0.49988	0.66939	0.999995	549	1	-0.030262	0.2049	0.20442	0.598586	187	0	-0.030262
LOR	4	0.50015	0.66961	0.999995	550	2	-0.11489	0.43853	0.43692	0.999995	430	0	-0.11489
SEC31B	4	0.50055	0.6699	0.999995	551	2	-0.14889	0.2049	0.20442	0.598586	157	0	-0.14889
OSBPL6	4	0.50216	0.67117	0.999995	552	2	-0.16349	0.88167	0.88205	0.999995	849	0	-0.16349
YAF2	4	0.50377	0.67238	0.999995	553	2	-0.15389	0.45744	0.45595	0.999995	447	0	-0.15389
ARFGEF1	4	0.50418	0.67271	0.999995	554	2	-0.11561	0.2049	0.20442	0.598586	238	0	-0.11561
RIC8B	4	0.5048	0.67326	0.999995	555	2	-0.10818	0.2049	0.20442	0.598586	46	0	-0.10818
SNRPN	4	0.50498	0.67338	0.999995	556	2	-0.1486	0.2049	0.20442	0.598586	178	0	-0.1486
VANGL2	4	0.5086	0.67607	0.999995	557	2	-0.14869	0.55405	0.553	0.999995	533	0	-0.14869
DGKI	4	0.5086	0.67608	0.999995	558	2	-0.076316	0.2049	0.20442	0.598586	229	0	-0.076316
KLF4	4	0.5102	0.6773	0.999995	559	2	-0.089605	0.2049	0.20442	0.598586	314	0	-0.089605
FAM50B	4	0.51185	0.67855	0.999995	560	1	-0.034382	0.2049	0.20442	0.598586	339	0	-0.034382
LSM14A	4	0.51292	0.67936	0.999995	561	1	-0.031372	0.2049	0.20442	0.598586	304	0	-0.031372
TRIM25	4	0.51341	0.67981	0.999995	562	2	-0.13603	0.60278	0.60212	0.999995	588	0	-0.13603
GDF15	4	0.514	0.68027	0.999995	563	1	-0.02084	0.2049	0.20442	0.598586	353	0	-0.02084
DMXL1	4	0.51461	0.68071	0.999995	564	2	-0.1557	0.77774	0.77822	0.999995	762	0	-0.1557
SEC31A	4	0.51668	0.68223	0.999995	565	2	-0.15565	0.55757	0.55708	0.999995	538	0	-0.15565
UNC45A	4	0.51741	0.68279	0.999995	566	2	-0.18562	0.37754	0.37646	0.999995	374	0	-0.18562
ANKRD37	4	0.51821	0.68339	0.999995	567	2	-0.076839	0.47073	0.46916	0.999995	460	0	-0.076839
CHM	4	0.51861	0.68368	0.999995	568	2	-0.091629	0.2049	0.20442	0.598586	259	0	-0.091629
NAA11	4	0.51935	0.68424	0.999995	569	2	-0.22112	0.85641	0.85673	0.999995	833	0	-0.22112
COPZ2	4	0.51988	0.6846	0.999995	570	1	-0.072047	0.2049	0.20442	0.598586	204	0	-0.072047
NXT1	4	0.52101	0.6855	0.999995	571	2	-0.096249	0.69916	0.69891	0.999995	685	0	-0.096249
GMPR	4	0.52141	0.6857	0.999995	572	2	-0.12611	0.37689	0.37585	0.999995	373	0	-0.12611
GSDMD	4	0.52518	0.68866	0.999995	573	2	-0.14414	0.44032	0.43877	0.999995	432	0	-0.14414
RGS19	4	0.52619	0.68926	0.999995	574	2	-0.17261	0.47587	0.47393	0.999995	466	0	-0.17261
ENOX1	4	0.52729	0.69004	0.999995	575	1	-0.08227	0.2049	0.20442	0.598586	213	0	-0.08227
MARCKS	4	0.52858	0.69091	0.999995	576	2	-0.10115	0.2049	0.20442	0.598586	280	0	-0.10115
SAFB2	4	0.53017	0.69212	0.999995	577	2	-0.17453	0.78598	0.78622	0.999995	774	0	-0.17453
RRAGC	4	0.53057	0.69239	0.999995	578	2	-0.099851	0.52306	0.52198	0.999995	507	0	-0.099851
SMAP1	4	0.53137	0.6929	0.999995	579	2	-0.11225	0.2049	0.20442	0.598586	176	0	-0.11225
PDCD4	4	0.53253	0.69375	0.999995	580	1	-0.048026	0.2049	0.20442	0.598586	73	0	-0.048026
VPS26A	4	0.53772	0.69752	0.999995	581	2	-0.22959	0.2049	0.20442	0.598586	138	0	-0.22959
PSMB9	4	0.53875	0.69824	0.999995	582	2	-0.12962	0.2049	0.20442	0.598586	28	0	-0.12962
LRBA	4	0.5389	0.69832	0.999995	583	2	-0.12699	0.40676	0.4049	0.999995	397	0	-0.12699
NUMBL	4	0.53969	0.69889	0.999995	584	2	-0.14881	0.65576	0.65515	0.999995	643	0	-0.14881
WAS	4	0.5403	0.6993	0.999995	585	1	0	0.2049	0.20442	0.598586	134	0	0
PDLIM5	4	0.54048	0.69951	0.999995	586	2	-0.1142	0.47359	0.47167	0.999995	463	0	-0.1142
MYBPH	4	0.54338	0.70161	0.999995	587	1	-0.05508	0.2049	0.20442	0.598586	71	0	-0.05508
LMBR1L	4	0.5439	0.70198	0.999995	588	1	-0.1169	0.2049	0.20442	0.598586	306	0	-0.1169
MAPK8IP3	4	0.54543	0.70323	0.999995	589	2	-0.12233	0.82206	0.82291	0.999995	808	0	-0.12233
COX6B2	4	0.54601	0.70374	0.999995	590	2	-0.10791	0.2049	0.20442	0.598586	202	0	-0.10791
SNX6	4	0.5464	0.70405	0.999995	591	2	-0.19625	0.76895	0.7693	0.999995	753	0	-0.19625
ICK	4	0.54759	0.70486	0.999995	592	2	-0.10715	0.2049	0.20442	0.598586	278	0	-0.10715
TIRAP	4	0.54837	0.70544	0.999995	593	2	-0.062364	0.2049	0.20442	0.598586	111	0	-0.062364
ISL1	4	0.55001	0.70661	0.999995	594	1	-0.088742	0.61735	0.61655	0.999995	603	0	-0.088742
RPP14	4	0.55153	0.70779	0.999995	595	1	-0.072997	0.40738	0.40547	0.999995	398	0	-0.072997
PLCG2	4	0.55309	0.70892	0.999995	596	2	-0.16505	0.2049	0.20442	0.598586	82	0	-0.16505
TRPC7	4	0.55544	0.71076	0.999995	597	2	-0.14723	0.65285	0.6523	0.999995	641	0	-0.14723
HNRNPF	4	0.55584	0.71112	0.999995	598	2	-0.17513	0.41852	0.41677	0.999995	409	0	-0.17513
PRKAB1	4	0.55606	0.71133	0.999995	599	1	-0.056408	0.41297	0.4111	0.999995	404	0	-0.056408
SLC25A25	4	0.5574	0.7125	0.999995	600	2	-0.16979	0.61959	0.61884	0.999995	606	0	-0.16979
RIMKLB	3	0.55906	0.67783	0.999995	601	1	-0.012318	0.15799	0.15793	0.598586	8	0	-0.012318
GOLPH3	4	0.55936	0.71396	0.999995	602	2	-0.073535	0.2049	0.20442	0.598586	346	0	-0.073535
TPST1	4	0.56092	0.71524	0.999995	603	2	-0.1516	0.4644	0.46326	0.999995	455	0	-0.1516
LATS1	4	0.56106	0.71534	0.999995	604	2	-0.12786	0.58637	0.58577	0.999995	567	0	-0.12786
SBNO2	4	0.56131	0.71558	0.999995	605	2	-0.096939	0.2049	0.20442	0.598586	152	0	-0.096939
CRNN	4	0.5617	0.71582	0.999995	606	2	-0.10994	0.41975	0.41798	0.999995	412	0	-0.10994
USP13	4	0.56255	0.71662	0.999995	607	1	-0.098334	0.2049	0.20442	0.598586	129	0	-0.098334
AOX1	4	0.56482	0.71829	0.999995	608	2	-0.14544	0.2049	0.20442	0.598586	230	0	-0.14544
TSTD1	4	0.56602	0.71924	0.999995	609	1	-0.073481	0.49326	0.49114	0.999995	486	0	-0.073481
PLXDC2	4	0.567	0.72013	0.999995	610	1	-0.095493	0.2049	0.20442	0.598586	83	0	-0.095493
TMEM30B	4	0.56794	0.72085	0.999995	611	2	-0.11753	0.2049	0.20442	0.598586	112	0	-0.11753
CADPS2	4	0.56949	0.72196	0.999995	612	2	-0.099239	0.2049	0.20442	0.598586	272	0	-0.099239
FEZ2	4	0.56988	0.72217	0.999995	613	2	-0.14704	0.81173	0.81227	0.999995	794	0	-0.14704
ZNRF4	4	0.57093	0.723	0.999995	614	1	-0.091798	0.65866	0.65798	0.999995	646	0	-0.091798
FMR1	4	0.57105	0.72309	0.999995	615	2	-0.087146	0.67245	0.67211	0.999995	664	0	-0.087146
UTRN	4	0.57143	0.72334	0.999995	616	2	-0.18806	0.65368	0.65315	0.999995	642	0	-0.18806
DNAJC15	4	0.57191	0.72371	0.999995	617	1	-0.028703	0.46209	0.4607	0.999995	452	0	-0.028703
SERPINA12	8	0.57217	0.81748	0.999995	618	2	-0.060955	0.36781	0.36855	0.999995	368	0	-0.060955
ACTL7A	4	0.5726	0.72423	0.999995	619	2	-0.2112	0.87444	0.87471	0.999995	845	0	-0.2112
TBR1	4	0.57299	0.72461	0.999995	620	2	-0.1735	0.2049	0.20442	0.598586	110	0	-0.1735
NBEAL1	4	0.57337	0.72487	0.999995	621	2	-0.10249	0.48826	0.48634	0.999995	481	0	-0.10249
APOBEC1	4	0.5757	0.7265	0.999995	622	2	-0.1834	0.2049	0.20442	0.598586	239	0	-0.1834
ZFYVE19	4	0.57608	0.72679	0.999995	623	2	-0.15701	0.84873	0.84933	0.999995	826	0	-0.15701
MBP	4	0.57686	0.72741	0.999995	624	2	-0.11527	0.51346	0.512	0.999995	499	0	-0.11527
SMARCA1	4	0.57763	0.72802	0.999995	625	2	-0.11351	0.2049	0.20442	0.598586	177	0	-0.11351
SAP30L	4	0.57801	0.72831	0.999995	626	2	-0.14369	0.74765	0.74756	0.999995	732	0	-0.14369
GIT2	4	0.5787	0.72879	0.999995	627	1	-0.21903	0.2049	0.20442	0.598586	362	0	-0.21903
FXR1	4	0.58033	0.73003	0.999995	628	2	-0.10609	0.794	0.79438	0.999995	777	0	-0.10609
RBMX	3	0.58075	0.68742	0.999995	629	1	-0.13978	0.57647	0.57523	0.999995	559	0	-0.13978
GALNT5	4	0.58149	0.73094	0.999995	630	2	-0.1327	0.2049	0.20442	0.598586	357	0	-0.1327
ARPC5	4	0.58207	0.73133	0.999995	631	1	-0.057552	0.41235	0.41048	0.999995	403	0	-0.057552
GBP3	4	0.58379	0.73257	0.999995	632	2	-0.097682	0.64187	0.64103	0.999995	629	0	-0.097682
KRTAP10-10	4	0.58418	0.73291	0.999995	633	2	-0.16343	0.63151	0.63093	0.999995	619	0	-0.16343
ATP6V1E1	3	0.58423	0.68904	0.999995	634	1	-0.10408	0.73355	0.73426	0.999995	721	0	-0.10408
ATP6V1B1	4	0.5861	0.73436	0.999995	635	2	-0.14645	0.89839	0.89762	0.999995	860	0	-0.14645
ERC1	4	0.58685	0.73494	0.999995	636	1	-0.071332	0.53409	0.53286	0.999995	516	0	-0.071332
CTPS2	4	0.58687	0.73495	0.999995	637	2	-0.13088	0.64315	0.64245	0.999995	632	0	-0.13088
TBK1	4	0.58763	0.73569	0.999995	638	2	-0.22791	0.5787	0.5781	0.999995	561	0	-0.22791
GYS1	4	0.5878	0.73587	0.999995	639	2	-0.14651	0.7982	0.7987	0.999995	782	0	-0.14651
KCNT1	4	0.58802	0.73606	0.999995	640	2	-0.12935	0.61914	0.61841	0.999995	605	0	-0.12935
PLCG1	4	0.5884	0.7364	0.999995	641	2	-0.13047	0.2049	0.20442	0.598586	78	0	-0.13047
LMBR1	4	0.58922	0.73706	0.999995	642	1	-0.12036	0.2049	0.20442	0.598586	308	0	-0.12036
FRS3	4	0.58955	0.73728	0.999995	643	2	-0.1263	0.90861	0.90742	0.999995	877	0	-0.1263
TRPC5	4	0.59064	0.73826	0.999995	644	1	-0.14113	0.7854	0.78573	0.999995	773	0	-0.14113
EXOC6B	4	0.59108	0.73856	0.999995	645	2	-0.10838	0.2049	0.20442	0.598586	333	0	-0.10838
GBX2	4	0.59146	0.73878	0.999995	646	2	-0.13443	0.76741	0.76777	0.999995	751	0	-0.13443
DDI1	8	0.59253	0.83127	0.999995	647	4	-0.12416	0.36781	0.36855	0.999995	367	0	-0.12416
SPATA16	4	0.59337	0.74026	0.999995	648	2	-0.22561	0.2049	0.20442	0.598586	179	0	-0.22561
GDI1	4	0.59414	0.74075	0.999995	649	2	-0.072477	0.2049	0.20442	0.598586	354	0	-0.072477
ATP8B3	4	0.59487	0.7414	0.999995	650	2	-0.064589	0.2049	0.20442	0.598586	269	0	-0.064589
ZNF284	4	0.59528	0.74166	0.999995	651	2	-0.14875	0.51454	0.51319	0.999995	500	0	-0.14875
NRBP1	4	0.59581	0.74207	0.999995	652	1	-0.081656	0.2049	0.20442	0.598586	89	0	-0.081656
HTR3E	4	0.59604	0.74225	0.999995	653	2	-0.13951	0.90471	0.9036	0.999995	869	0	-0.13951
DDX39A	4	0.59756	0.74334	0.999995	654	2	-0.093	0.2049	0.20442	0.598586	221	0	-0.093
KCNMB3	4	0.59909	0.74459	0.999995	655	2	-0.13107	0.70511	0.70465	0.999995	690	0	-0.13107
TGFBR2	4	0.6	0.74532	0.999995	656	1	-0.073214	0.53772	0.53656	0.999995	519	0	-0.073214
NUMB	4	0.60136	0.74632	0.999995	657	2	-0.084703	0.2049	0.20442	0.598586	94	0	-0.084703
IL10RA	4	0.60185	0.74667	0.999995	658	2	-0.084184	0.41729	0.41554	0.999995	408	0	-0.084184
RHOT1	4	0.60288	0.74746	0.999995	659	2	-0.17302	0.2049	0.20442	0.598586	48	0	-0.17302
ADAM19	4	0.60416	0.74831	0.999995	660	1	-0.060289	0.2049	0.20442	0.598586	246	0	-0.060289
TPBG	4	0.60477	0.74871	0.999995	661	2	-0.090007	0.90675	0.90523	0.999995	872	0	-0.090007
MED12L	4	0.60515	0.74894	0.999995	662	2	-0.097909	0.2049	0.20442	0.598586	64	0	-0.097909
TNKS2	4	0.60553	0.74923	0.999995	663	2	-0.12478	0.58685	0.5863	0.999995	568	0	-0.12478
RBMXL2	4	0.60704	0.75032	0.999995	664	2	-0.11141	0.2049	0.20442	0.598586	43	0	-0.11141
STRIP2	4	0.60742	0.75068	0.999995	665	2	-0.073777	0.2049	0.20442	0.598586	163	0	-0.073777
MCPH1	4	0.60783	0.75102	0.999995	666	1	-0.1014	0.2049	0.20442	0.598586	184	0	-0.1014
MECOM	4	0.6092	0.75197	0.999995	667	1	-0.0099898	0.2049	0.20442	0.598586	65	0	-0.0099898
MRGPRX2	4	0.61193	0.75387	0.999995	668	1	-0.090958	0.38654	0.38517	0.999995	381	0	-0.090958
SMC1B	4	0.61194	0.75387	0.999995	669	2	-0.13251	0.2049	0.20442	0.598586	174	0	-0.13251
XYLT1	4	0.61269	0.75443	0.999995	670	2	-0.10094	0.2049	0.20442	0.598586	121	0	-0.10094
SPOPL	4	0.61555	0.75668	0.999995	671	2	-0.089888	0.2049	0.20442	0.598586	180	0	-0.089888
IDH1	4	0.61735	0.75808	0.999995	672	1	-0.041919	0.2049	0.20442	0.598586	279	0	-0.041919
ARSJ	4	0.61756	0.75822	0.999995	673	2	-0.12556	0.73288	0.73198	0.999995	720	0	-0.12556
STX12	4	0.61943	0.7596	0.999995	674	2	-0.19065	0.85749	0.85779	0.999995	834	0	-0.19065
RNF38	4	0.6198	0.75988	0.999995	675	2	-0.16728	0.44211	0.44063	0.999995	434	0	-0.16728
JAG1	4	0.62129	0.76109	0.999995	676	2	-0.10158	0.44568	0.44448	0.999995	438	0	-0.10158
ULK2	4	0.62241	0.76196	0.999995	677	2	-0.19858	0.2049	0.20442	0.598586	130	0	-0.19858
ABTB2	4	0.62669	0.76529	0.999995	678	1	-0.10461	0.6893	0.68865	0.999995	677	0	-0.10461
TCF4	4	0.62872	0.76679	0.999995	679	2	-0.086429	0.57386	0.57366	0.999995	556	0	-0.086429
SLC10A2	4	0.62909	0.7671	0.999995	680	2	-0.11937	0.38782	0.38636	0.999995	383	0	-0.11937
CAND2	4	0.6302	0.7679	0.999995	681	2	-0.11926	0.2049	0.20442	0.598586	271	0	-0.11926
VIM	4	0.6302	0.7679	0.999995	682	1	-0.066476	0.2049	0.20442	0.598586	137	0	-0.066476
TRPM1	4	0.63057	0.76827	0.999995	683	2	-0.062866	0.2049	0.20442	0.598586	105	0	-0.062866
CTNNB1	4	0.63107	0.76868	0.999995	684	2	-0.054839	0.2049	0.20442	0.598586	186	0	-0.054839
DYNC1LI2	4	0.63205	0.7694	0.999995	685	2	-0.12318	0.62801	0.62769	0.999995	616	0	-0.12318
PTCH2	4	0.63282	0.76996	0.999995	686	1	-0.12216	0.2049	0.20442	0.598586	17	0	-0.12216
KRT25	4	0.63325	0.77018	0.999995	687	1	-0.095388	0.2049	0.20442	0.598586	319	0	-0.095388
PGLS	4	0.63369	0.77052	0.999995	688	1	-0.048586	0.69006	0.68952	0.999995	678	0	-0.048586
TREM2	4	0.63426	0.77078	0.999995	689	2	-0.11783	0.60829	0.60772	0.999995	595	0	-0.11783
MYCN	4	0.63499	0.77139	0.999995	690	2	-0.079018	0.50371	0.502	0.999995	490	0	-0.079018
LBX1	4	0.63844	0.77402	0.999995	691	1	-0.074318	0.2049	0.20442	0.598586	301	0	-0.074318
ADGRG7	4	0.63976	0.77495	0.999995	692	2	-0.19077	0.2049	0.20442	0.598586	251	0	-0.19077
G3BP1	4	0.64016	0.77531	0.999995	693	2	-0.20136	0.69121	0.69062	0.999995	679	0	-0.20136
DST	4	0.64122	0.77607	0.999995	694	2	-0.1328	0.53357	0.53236	0.999995	515	0	-0.1328
GOLT1A	4	0.64305	0.77755	0.999995	695	2	-0.12425	0.2049	0.20442	0.598586	342	0	-0.12425
NOX3	4	0.64451	0.77888	0.999995	696	2	-0.16797	0.2049	0.20442	0.598586	88	0	-0.16797
ZNF185	4	0.64524	0.77959	0.999995	697	2	-0.17058	0.92672	0.92595	0.999995	895	0	-0.17058
CYFIP1	4	0.64596	0.78003	0.999995	698	2	-0.1133	0.2049	0.20442	0.598586	190	0	-0.1133
RAP1GAP2	4	0.64669	0.78043	0.999995	699	2	-0.096531	0.2049	0.20442	0.598586	44	0	-0.096531
ADAP1	4	0.64697	0.78069	0.999995	700	1	-0.13415	0.2049	0.20442	0.598586	250	0	-0.13415
RXFP3	4	0.64739	0.78098	0.999995	701	1	-0.10811	0.62448	0.62419	0.999995	611	0	-0.10811
FKBP5	4	0.64778	0.78118	0.999995	702	2	-0.10312	0.53461	0.53356	0.999995	517	0	-0.10312
CDS1	4	0.64782	0.78123	0.999995	703	1	-0.17561	0.74034	0.73975	0.999995	727	0	-0.17561
ANKRD10	4	0.64814	0.78154	0.999995	704	2	-0.079583	0.2049	0.20442	0.598586	234	0	-0.079583
LIN28B	4	0.64959	0.78269	0.999995	705	2	-0.10528	0.2049	0.20442	0.598586	307	0	-0.10528
MBD4	8	0.65174	0.86681	0.999995	706	3	-0.074977	0.36781	0.36855	0.999995	372	0	-0.074977
SHMT2	4	0.65202	0.78453	0.999995	707	1	-0.045159	0.2049	0.20442	0.598586	144	0	-0.045159
CCT6B	4	0.65243	0.78484	0.999995	708	1	-0.041683	0.2049	0.20442	0.598586	254	0	-0.041683
DBT	4	0.65429	0.78639	0.999995	709	2	-0.14167	0.2049	0.20442	0.598586	192	0	-0.14167
NAT8L	4	0.65576	0.78758	0.999995	710	2	-0.060784	0.2049	0.20442	0.598586	68	0	-0.060784
SAMD4A	4	0.65753	0.78888	0.999995	711	2	-0.14824	0.71675	0.71602	0.999995	705	0	-0.14824
TGM6	4	0.65989	0.79068	0.999995	712	1	-0.051902	0.2049	0.20442	0.598586	106	0	-0.051902
KPNA3	4	0.66004	0.7908	0.999995	713	2	-0.14572	0.83958	0.84002	0.999995	821	0	-0.14572
CD163L1	4	0.66111	0.79163	0.999995	714	2	-0.053311	0.2049	0.20442	0.598586	258	0	-0.053311
ATAD2	4	0.66112	0.79164	0.999995	715	1	-0.064514	0.57142	0.57111	0.999995	554	0	-0.064514
VPS26B	4	0.66194	0.7924	0.999995	716	2	-0.11152	0.47473	0.47282	0.999995	464	0	-0.11152
STX7	4	0.66218	0.79261	0.999995	717	2	-0.13701	0.2049	0.20442	0.598586	172	0	-0.13701
RALGPS1	4	0.66254	0.79281	0.999995	718	2	-0.067001	0.2049	0.20442	0.598586	21	0	-0.067001
SLC25A2	4	0.66276	0.79299	0.999995	719	1	-0.13917	0.2049	0.20442	0.598586	150	0	-0.13917
CTCFL	4	0.6629	0.79306	0.999995	720	2	-0.090984	0.2049	0.20442	0.598586	185	0	-0.090984
DZIP3	4	0.66357	0.79349	0.999995	721	1	-0.067714	0.2049	0.20442	0.598586	210	0	-0.067714
CHMP1B	4	0.66361	0.79352	0.999995	722	2	-0.11818	0.781	0.78141	0.999995	767	0	-0.11818
SOS2	4	0.66503	0.79469	0.999995	723	2	-0.16543	0.2049	0.20442	0.598586	183	0	-0.16543
NCKAP1L	4	0.66575	0.79525	0.999995	724	2	-0.12759	0.4916	0.48948	0.999995	485	0	-0.12759
ARID1B	4	0.66823	0.79731	0.999995	725	2	-0.10322	0.63238	0.63173	0.999995	621	0	-0.10322
YIF1B	4	0.66924	0.79817	0.999995	726	1	-0.096779	0.62976	0.6294	0.999995	618	0	-0.096779
DEGS1	4	0.66929	0.79821	0.999995	727	2	-0.064198	0.2049	0.20442	0.598586	219	0	-0.064198
RNF144B	4	0.66965	0.79845	0.999995	728	2	-0.17884	0.5878	0.58721	0.999995	569	0	-0.17884
MBD3L1	4	0.67071	0.79916	0.999995	729	2	-0.18892	0.2049	0.20442	0.598586	289	0	-0.18892
RPRD1B	4	0.67285	0.80089	0.999995	730	2	-0.12663	0.2049	0.20442	0.598586	39	0	-0.12663
GSX1	4	0.67353	0.80142	0.999995	731	2	-0.12007	0.76274	0.7629	0.999995	747	0	-0.12007
AP5M1	4	0.67459	0.80221	0.999995	732	2	-0.19452	0.7256	0.72511	0.999995	715	0	-0.19452
DMD	4	0.67529	0.8028	0.999995	733	2	-0.059559	0.2049	0.20442	0.598586	227	0	-0.059559
UBQLN3	4	0.676	0.8034	0.999995	734	2	-0.073982	0.2049	0.20442	0.598586	132	0	-0.073982
WRN	4	0.67635	0.80355	0.999995	735	2	-0.12274	0.59205	0.59162	0.999995	575	0	-0.12274
DPCR1	4	0.67705	0.80412	0.999995	736	2	-0.14452	0.2049	0.20442	0.598586	226	0	-0.14452
KCNG4	4	0.6788	0.80537	0.999995	737	2	-0.15953	0.85338	0.85372	0.999995	831	0	-0.15953
UAP1L1	4	0.6795	0.80598	0.999995	738	2	-0.13348	0.55857	0.55811	0.999995	540	0	-0.13348
PUM1	4	0.6809	0.80701	0.999995	739	2	-0.12081	0.75026	0.75035	0.999995	735	0	-0.12081
NETO1	4	0.68159	0.80757	0.999995	740	2	-0.118	0.2049	0.20442	0.598586	57	0	-0.118
HPS1	4	0.68473	0.81007	0.999995	741	2	-0.10921	0.73459	0.73396	0.999995	724	0	-0.10921
IKBKE	4	0.68681	0.81172	0.999995	742	2	-0.069263	0.41359	0.41164	0.999995	405	0	-0.069263
TIMP2	4	0.68715	0.81215	0.999995	743	2	-0.099062	0.2049	0.20442	0.598586	107	0	-0.099062
S100A6	4	0.6875	0.81243	0.999995	744	2	-0.053396	0.2049	0.20442	0.598586	154	0	-0.053396
UMPS	4	0.68776	0.81252	0.999995	745	1	-0.021555	0.2049	0.20442	0.598586	128	0	-0.021555
GPR151	4	0.68814	0.81262	0.999995	746	1	-0.089637	0.38462	0.3835	0.999995	379	0	-0.089637
MACF1	4	0.69121	0.81356	0.999995	747	1	-0.11121	0.63844	0.63771	0.999995	627	0	-0.11121
TTC23	4	0.69691	0.81544	0.999995	748	1	-0.088818	0.45686	0.45541	0.999995	446	0	-0.088818
PLXDC1	8	0.70309	0.88731	0.999995	749	1	-0.090956	0.61814	0.61871	0.999995	604	0	-0.090956
DLL4	4	0.704	0.81775	0.999995	750	1	-0.073791	0.72067	0.71987	0.999995	709	0	-0.073791
AMELX	4	0.70548	0.81814	0.999995	751	1	-0.091243	0.2049	0.20442	0.598586	233	0	-0.091243
HNRNPH3	4	0.70622	0.81837	0.999995	752	1	-0.11137	0.73425	0.73355	0.999995	723	0	-0.11137
RNF2	3	0.70814	0.75289	0.999995	753	1	-0.18127	0.59644	0.59584	0.999995	579	0	-0.18127
NBEA	4	0.70988	0.81955	0.999995	754	1	-0.090214	0.2049	0.20442	0.598586	69	0	-0.090214
IDH2	4	0.71388	0.82075	0.999995	755	1	-0.081386	0.71207	0.71151	0.999995	702	0	-0.081386
SS18L1	4	0.71424	0.82086	0.999995	756	1	-0.10445	0.45569	0.45441	0.999995	445	0	-0.10445
TTC7A	8	0.71586	0.89248	0.999995	757	3	-0.11588	0.36781	0.36855	0.999995	370	0	-0.11588
CRK	4	0.71604	0.82141	0.999995	758	1	-0.083457	0.2049	0.20442	0.598586	188	0	-0.083457
SLC35F3	4	0.72385	0.82396	0.999995	759	1	-0.0069387	0.2049	0.20442	0.598586	146	0	-0.0069387
SPDEF	4	0.7256	0.82458	0.999995	760	1	-0.082486	0.72874	0.72811	0.999995	717	0	-0.082486
TBC1D26	2	0.72664	0.72562	0.999995	761	1	-0.088512	0.51161	0.50889	0.999995	497	0	-0.088512
TCF12	4	0.72735	0.82503	0.999995	762	1	-0.0014069	0.2049	0.20442	0.598586	108	0	-0.0014069
PCBD2	4	0.72839	0.82535	0.999995	763	1	-0.10628	0.2049	0.20442	0.598586	77	0	-0.10628
FAM126B	4	0.7315	0.82626	0.999995	764	1	-0.10325	0.2049	0.20442	0.598586	341	0	-0.10325
TTC7B	4	0.73629	0.82798	0.999995	765	1	-0.02818	0.2049	0.20442	0.598586	101	0	-0.02818
GRHL2	4	0.73764	0.82849	0.999995	766	1	-0.24656	0.42158	0.4197	0.999995	414	0	-0.24656
RNF103	4	0.73933	0.82903	0.999995	767	1	-0.08739	0.2049	0.20442	0.598586	34	0	-0.08739
TYROBP	4	0.73967	0.82913	0.999995	768	1	-0.069793	0.3827	0.38172	0.999995	378	0	-0.069793
RPL27A	2	0.73975	0.73823	0.999995	769	1	-0.1068	0.56428	0.56313	0.999995	546	0	-0.1068
CLCA1	4	0.74201	0.82998	0.999995	770	1	-0.12348	0.78041	0.78082	0.999995	766	0	-0.12348
KRT74	4	0.74468	0.83102	0.999995	771	1	-0.12312	0.2049	0.20442	0.598586	315	0	-0.12312
TFDP3	4	0.74534	0.83129	0.999995	772	1	-0.12256	0.81436	0.81521	0.999995	798	0	-0.12256
LIMK1	4	0.74567	0.83148	0.999995	773	1	-0.045571	0.2049	0.20442	0.598586	299	0	-0.045571
AP1G2	4	0.74699	0.83199	0.999995	774	1	-0.14657	0.67085	0.67034	0.999995	661	0	-0.14657
FKBP10	4	0.74732	0.83209	0.999995	775	1	-0.13813	0.2049	0.20442	0.598586	331	0	-0.13813
CYP2A6	4	0.74765	0.83225	0.999995	776	1	-0.061142	0.2049	0.20442	0.598586	193	0	-0.061142
SBF2	3	0.7479	0.77687	0.999995	777	1	-0.14111	0.55544	0.55407	0.999995	536	0	-0.14111
NBEAL2	4	0.74928	0.83296	0.999995	778	1	-0.035794	0.2049	0.20442	0.598586	54	0	-0.035794
ZNF146	4	0.7548	0.83489	0.999995	779	1	-0.026393	0.2049	0.20442	0.598586	127	0	-0.026393
SLC25A15	4	0.75512	0.83501	0.999995	780	1	-0.073534	0.2049	0.20442	0.598586	149	0	-0.073534
FSD1	4	0.75863	0.8363	0.999995	781	1	-0.024599	0.45977	0.45831	0.999995	449	0	-0.024599
XRCC4	4	0.7599	0.83688	0.999995	782	1	-0.17802	0.89588	0.89519	0.999995	858	0	-0.17802
KLK12	4	0.76211	0.83755	0.999995	783	1	-0.05724	0.2049	0.20442	0.598586	318	0	-0.05724
PTPN14	4	0.76336	0.83812	0.999995	784	1	-0.12436	0.81798	0.81897	0.999995	804	0	-0.12436
UBASH3B	4	0.7643	0.83848	0.999995	785	1	-0.075465	0.2049	0.20442	0.598586	131	0	-0.075465
ENOX2	4	0.76617	0.83906	0.999995	786	1	-0.070802	0.2049	0.20442	0.598586	217	0	-0.070802
ARFGEF2	4	0.7671	0.83949	0.999995	787	1	-0.054982	0.56552	0.56523	0.999995	550	0	-0.054982
IMPDH1	4	0.77018	0.84074	0.999995	788	1	-0.10267	0.64739	0.64673	0.999995	637	0	-0.10267
AP2A2	4	0.77744	0.84363	0.999995	789	1	-0.070644	0.2049	0.20442	0.598586	235	0	-0.070644
PIP4P2	4	0.77893	0.84418	0.999995	790	1	-0.085847	0.48658	0.48454	0.999995	479	0	-0.085847
SLC9A3R2	4	0.77923	0.84431	0.999995	791	1	-0.12181	0.86728	0.86753	0.999995	838	0	-0.12181
TANC2	3	0.78137	0.79919	0.999995	792	1	-0.099214	0.56465	0.56319	0.999995	548	0	-0.099214
TBC1D4	4	0.78248	0.84576	0.999995	793	1	-0.065718	0.38141	0.38039	0.999995	377	0	-0.065718
TRAPPC3L	4	0.78306	0.84596	0.999995	794	1	-0.097415	0.2049	0.20442	0.598586	104	0	-0.097415
GMPR2	4	0.78511	0.84669	0.999995	795	1	-0.1114	0.2049	0.20442	0.598586	359	0	-0.1114
RPRD1A	4	0.78858	0.84801	0.999995	796	1	-0.056554	0.2049	0.20442	0.598586	32	0	-0.056554
HTR3D	4	0.79173	0.84937	0.999995	797	1	-0.15691	0.2049	0.20442	0.598586	292	0	-0.15691
SMARCC2	4	0.79343	0.85018	0.999995	798	1	-0.083728	0.2049	0.20442	0.598586	173	0	-0.083728
FAM71A	4	0.794	0.85032	0.999995	799	1	-0.038251	0.39608	0.39448	0.999995	390	0	-0.038251
AHCYL2	4	0.79625	0.85127	0.999995	800	1	-0.01054	0.2049	0.20442	0.598586	249	0	-0.01054
COPS7A	4	0.79903	0.85229	0.999995	801	1	-0.10606	0.78306	0.78351	0.999995	770	0	-0.10606
ABL1	4	0.79931	0.85235	0.999995	802	1	-0.080653	0.68583	0.68523	0.999995	674	0	-0.080653
DNAJC19	3	0.79944	0.81183	0.999995	803	1	-0.0057809	0.15799	0.15793	0.598586	5	0	-0.0057809
TYMS	4	0.80069	0.85287	0.999995	804	1	-0.061332	0.41173	0.40989	0.999995	402	0	-0.061332
MAK	4	0.80096	0.85296	0.999995	805	1	-0.0014185	0.2049	0.20442	0.598586	305	0	-0.0014185
TNR	4	0.80124	0.85304	0.999995	806	1	-0.10043	0.73493	0.73434	0.999995	725	0	-0.10043
RP1	4	0.80151	0.8532	0.999995	807	1	-0.13837	0.60692	0.60625	0.999995	593	0	-0.13837
HTR2C	4	0.80178	0.85331	0.999995	808	1	-0.074276	0.2049	0.20442	0.598586	294	0	-0.074276
HMGCL	4	0.80397	0.85425	0.999995	809	1	-0.06916	0.58969	0.58909	0.999995	571	0	-0.06916
CAPN2	4	0.80505	0.85464	0.999995	810	1	-0.17295	0.60783	0.60728	0.999995	594	0	-0.17295
NETO2	4	0.80721	0.85561	0.999995	811	1	-0.075359	0.2049	0.20442	0.598586	58	0	-0.075359
CHSY1	4	0.80801	0.85603	0.999995	812	1	-0.067468	0.70622	0.70566	0.999995	692	0	-0.067468
SMARCC1	4	0.81041	0.8571	0.999995	813	1	-0.067646	0.2049	0.20442	0.598586	175	0	-0.067646
CHML	4	0.81357	0.8585	0.999995	814	1	-0.07655	0.2049	0.20442	0.598586	260	0	-0.07655
GDI2	8	0.8136	0.93376	0.999995	815	3	-0.12541	0.6221	0.62261	0.999995	609	0	-0.12541
QSOX1	4	0.81436	0.85889	0.999995	816	1	-0.13344	0.4301	0.42828	0.999995	423	0	-0.13344
PRDM13	4	0.81488	0.85918	0.999995	817	1	-0.012215	0.2049	0.20442	0.598586	24	0	-0.012215
OGDHL	4	0.82029	0.86161	0.999995	818	1	-0.073149	0.2049	0.20442	0.598586	90	0	-0.073149
RSBN1L	4	0.82307	0.863	0.999995	819	1	-0.18405	0.86483	0.86507	0.999995	836	0	-0.18405
MECP2	4	0.82458	0.86373	0.999995	820	1	-0.086078	0.2049	0.20442	0.598586	66	0	-0.086078
INTS6L	4	0.82483	0.86378	0.999995	821	1	-0.00012468	0.2049	0.20442	0.598586	283	0	-0.00012468
GOLT1B	4	0.82731	0.86487	0.999995	822	1	-0.12696	0.2049	0.20442	0.598586	343	0	-0.12696
PACS2	4	0.82756	0.86496	0.999995	823	1	-0.0806	0.52412	0.52309	0.999995	508	0	-0.0806
RSPH1	4	0.83002	0.8661	0.999995	824	1	-0.03069	0.2049	0.20442	0.598586	38	0	-0.03069
SPTA1	4	0.8305	0.86635	0.999995	825	1	-0.10311	0.70732	0.70666	0.999995	694	0	-0.10311
SP110	4	0.83099	0.86658	0.999995	826	1	-0.051644	0.2049	0.20442	0.598586	181	0	-0.051644
ZDHHC17	4	0.83196	0.86714	0.999995	827	1	-0.03397	0.2049	0.20442	0.598586	118	0	-0.03397
GPR183	4	0.83317	0.86759	0.999995	828	1	-0.047764	0.2049	0.20442	0.598586	350	0	-0.047764
SERPINA9	4	0.83652	0.86932	0.999995	829	1	-0.072357	0.2049	0.20442	0.598586	158	0	-0.072357
SAMD4B	4	0.83699	0.86951	0.999995	830	1	-0.12857	0.65076	0.65014	0.999995	638	0	-0.12857
LIN28A	3	0.83814	0.84205	0.999995	831	1	-0.14361	0.33041	0.32854	0.954116	365	0	-0.14361
IPO8	4	0.83864	0.87042	0.999995	832	1	-0.068571	0.73595	0.73527	0.999995	726	0	-0.068571
KAT6B	4	0.84028	0.87121	0.999995	833	1	-0.1065	0.67524	0.67488	0.999995	665	0	-0.1065
SAR1B	4	0.84214	0.8721	0.999995	834	1	-0.09976	0.58255	0.58208	0.999995	563	0	-0.09976
CBLL1	4	0.84557	0.87385	0.999995	835	1	-0.090634	0.2049	0.20442	0.598586	255	0	-0.090634
GLT6D1	4	0.84648	0.87422	0.999995	836	1	-0.11186	0.2049	0.20442	0.598586	358	0	-0.11186
KRTAP1-1	4	0.84962	0.87589	0.999995	837	1	-0.055614	0.2049	0.20442	0.598586	316	0	-0.055614
CDC34	4	0.85051	0.87635	0.999995	838	1	-0.085361	0.38718	0.38567	0.999995	382	0	-0.085361
FNIP1	4	0.8525	0.87723	0.999995	839	1	-0.026298	0.2049	0.20442	0.598586	323	0	-0.026298
CLTB	4	0.85294	0.87743	0.999995	840	1	-0.13325	0.55957	0.55914	0.999995	541	0	-0.13325
PXDNL	4	0.85316	0.87758	0.999995	841	1	-0.098077	0.59767	0.597	0.999995	581	0	-0.098077
GALNT2	4	0.85684	0.87952	0.999995	842	1	-0.046451	0.2049	0.20442	0.598586	327	0	-0.046451
REG3A	4	0.85813	0.88031	0.999995	843	1	-0.10415	0.68505	0.68441	0.999995	673	0	-0.10415
NAA16	4	0.85834	0.88044	0.999995	844	1	-0.12233	0.6423	0.6415	0.999995	630	0	-0.12233
PCDH1	4	0.8594	0.88101	0.999995	845	1	-0.071336	0.59814	0.59747	0.999995	582	0	-0.071336
H2BFM	4	0.86067	0.8817	0.999995	846	1	-0.068994	0.60646	0.60592	0.999995	592	0	-0.068994
SUV39H2	3	0.8612	0.86182	0.999995	847	1	-0.036271	0.38949	0.38782	0.999995	385	0	-0.036271
GRM4	4	0.86151	0.88222	0.999995	848	1	-0.063795	0.2049	0.20442	0.598586	347	0	-0.063795
KRT37	4	0.86193	0.88245	0.999995	849	1	-0.099904	0.78248	0.78301	0.999995	768	0	-0.099904
IRF6	4	0.86235	0.88267	0.999995	850	1	-0.10863	0.75895	0.75905	0.999995	741	0	-0.10863
FRS2	4	0.86276	0.88288	0.999995	851	1	-0.17747	0.2049	0.20442	0.598586	329	0	-0.17747
PPP3CA	4	0.86318	0.88311	0.999995	852	1	-0.0063042	0.3859	0.38462	0.999995	380	0	-0.0063042
TXNDC8	4	0.8638	0.88343	0.999995	853	1	-0.0377	0.2049	0.20442	0.598586	102	0	-0.0377
TAS1R2	4	0.86545	0.88451	0.999995	854	1	-0.088129	0.61555	0.61493	0.999995	601	0	-0.088129
ZIC3	4	0.86769	0.88579	0.999995	855	1	-0.065976	0.2049	0.20442	0.598586	126	0	-0.065976
SUV39H1	4	0.8699	0.88708	0.999995	856	1	-0.032703	0.2049	0.20442	0.598586	168	0	-0.032703
BRSK1	4	0.87129	0.88791	0.999995	857	1	-0.098037	0.74896	0.74909	0.999995	734	0	-0.098037
ERN2	4	0.87169	0.88808	0.999995	858	1	-0.0012692	0.2049	0.20442	0.598586	335	0	-0.0012692
SAP30	4	0.87248	0.88854	0.999995	859	1	-0.093107	0.38846	0.38699	0.999995	384	0	-0.093107
DYNLT3	4	0.87405	0.88948	0.999995	860	1	-0.032033	0.43973	0.43817	0.999995	431	0	-0.032033
PLD1	4	0.87444	0.88972	0.999995	861	1	-0.070125	0.66357	0.66275	0.999995	651	0	-0.070125
FAM71B	4	0.87463	0.88987	0.999995	862	1	-0.1021	0.6151	0.61458	0.999995	600	0	-0.1021
EXOC6	4	0.87483	0.89003	0.999995	863	1	-0.072834	0.2049	0.20442	0.598586	332	0	-0.072834
TIMM23B	4	0.87521	0.8903	0.999995	864	1	-0.075902	0.39671	0.39504	0.999995	391	0	-0.075902
KCNT2	4	0.8756	0.89051	0.999995	865	1	-0.038145	0.43553	0.43385	0.999995	428	0	-0.038145
FAM126A	4	0.87637	0.89101	0.999995	866	1	-0.07982	0.55456	0.55358	0.999995	534	0	-0.07982
ATM	4	0.87657	0.89112	0.999995	867	1	-0.08238	0.6784	0.67776	0.999995	666	0	-0.08238
LIMK2	4	0.87695	0.89128	0.999995	868	1	-0.054507	0.2049	0.20442	0.598586	303	0	-0.054507
NCK1	4	0.87829	0.89207	0.999995	869	1	-0.033498	0.2049	0.20442	0.598586	51	0	-0.033498
XDH	4	0.87867	0.89231	0.999995	870	1	-0.073605	0.2049	0.20442	0.598586	135	0	-0.073605
PPP3CC	4	0.87923	0.89263	0.999995	871	1	-0.058215	0.2049	0.20442	0.598586	27	0	-0.058215
ESRP1	4	0.88036	0.89327	0.999995	872	1	-0.1766	0.8525	0.85283	0.999995	830	0	-0.1766
FSD1L	4	0.8813	0.89401	0.999995	873	1	-0.071526	0.2049	0.20442	0.598586	328	0	-0.071526
ITGB1BP2	4	0.88297	0.89481	0.999995	874	1	-0.10201	0.49104	0.48901	0.999995	484	0	-0.10201
RTP1	4	0.88352	0.89521	0.999995	875	1	-0.094916	0.2049	0.20442	0.598586	36	0	-0.094916
FCRL3	4	0.88444	0.89572	0.999995	876	1	-0.063765	0.2049	0.20442	0.598586	337	0	-0.063765
NAPB	4	0.88462	0.89583	0.999995	877	1	-0.009161	0.2049	0.20442	0.598586	70	0	-0.009161
CPS1	4	0.88481	0.89594	0.999995	878	1	-0.066251	0.2049	0.20442	0.598586	203	0	-0.066251
RSC1A1	4	0.88626	0.89691	0.999995	879	1	-0.12929	0.2049	0.20442	0.598586	40	0	-0.12929
SLC25A37	4	0.88716	0.89744	0.999995	880	1	-0.10776	0.49493	0.4928	0.999995	487	0	-0.10776
TSPO2	4	0.88734	0.89755	0.999995	881	1	-0.0092918	0.2049	0.20442	0.598586	103	0	-0.0092918
SEC14L3	4	0.88752	0.89764	0.999995	882	1	-0.032768	0.2049	0.20442	0.598586	159	0	-0.032768
PLAU	4	0.88859	0.89829	0.999995	883	1	-0.066421	0.65824	0.65765	0.999995	645	0	-0.066421
RCBTB2	4	0.88912	0.89857	0.999995	884	1	-0.067314	0.2049	0.20442	0.598586	49	0	-0.067314
PRSS37	4	0.88983	0.89905	0.999995	885	1	-0.1221	0.62182	0.62137	0.999995	608	0	-0.1221
ERN1	4	0.89053	0.89947	0.999995	886	1	-0.13851	0.2049	0.20442	0.598586	215	0	-0.13851
DUOX2	4	0.89071	0.8996	0.999995	887	1	-0.11297	0.66763	0.66705	0.999995	656	0	-0.11297
POU5F2	4	0.89193	0.90033	0.999995	888	1	-0.045852	0.2049	0.20442	0.598586	80	0	-0.045852
YIPF5	4	0.89211	0.90042	0.999995	889	1	-0.047695	0.2049	0.20442	0.598586	119	0	-0.047695
SEC11A	4	0.89263	0.90071	0.999995	890	1	-0.044585	0.2049	0.20442	0.598586	160	0	-0.044585
BECN2	4	0.89349	0.90139	0.999995	891	1	-0.12926	0.2049	0.20442	0.598586	273	0	-0.12926
DMP1	4	0.89706	0.90349	0.999995	892	1	-0.09765	0.2049	0.20442	0.598586	225	0	-0.09765
H2AFX	4	0.89739	0.90373	0.999995	893	1	-0.09241	0.4753	0.47343	0.999995	465	0	-0.09241
TMEM185B	4	0.89822	0.90425	0.999995	894	1	-0.095623	0.70474	0.70435	0.999995	689	0	-0.095623
LDB2	4	0.89905	0.9049	0.999995	895	1	-0.070065	0.65243	0.65186	0.999995	640	0	-0.070065
BATF3	4	0.90004	0.90552	0.999995	896	1	-0.057877	0.48096	0.4789	0.999995	473	0	-0.057877
ADAP2	4	0.9007	0.90603	0.999995	897	1	-0.090261	0.52571	0.52492	0.999995	509	0	-0.090261
SBF1	4	0.90344	0.90787	0.999995	898	1	-0.068145	0.68076	0.68005	0.999995	669	0	-0.068145
PCBD1	4	0.9036	0.90804	0.999995	899	1	-0.11396	0.70952	0.70892	0.999995	698	0	-0.11396
NR5A1	4	0.90392	0.90819	0.999995	900	1	-0.034607	0.2049	0.20442	0.598586	84	0	-0.034607
EZH2	4	0.90471	0.90865	0.999995	901	1	-0.021424	0.2049	0.20442	0.598586	340	0	-0.021424
SLC22A13	4	0.90487	0.90873	0.999995	902	1	-0.12205	0.75254	0.75265	0.999995	738	0	-0.12205
EPHA3	4	0.90519	0.90898	0.999995	903	1	-0.040295	0.2049	0.20442	0.598586	214	0	-0.040295
PPP2R1B	4	0.90613	0.90959	0.999995	904	1	-0.11856	0.2049	0.20442	0.598586	18	0	-0.11856
SEC23B	4	0.90876	0.91167	0.999995	905	1	-0.142	0.84851	0.84913	0.999995	825	0	-0.142
XPR1	4	0.90892	0.91176	0.999995	906	1	-0.07851	0.47814	0.47598	0.999995	469	0	-0.07851
NSDHL	4	0.90953	0.91227	0.999995	907	1	-0.11544	0.2049	0.20442	0.598586	93	0	-0.11544
IL6R	4	0.90983	0.91248	0.999995	908	1	-0.072999	0.2049	0.20442	0.598586	276	0	-0.072999
RPL3L	4	0.91013	0.91266	0.999995	909	1	-0.060191	0.4222	0.42036	0.999995	415	0	-0.060191
SRI	4	0.91028	0.91275	0.999995	910	1	-0.090496	0.2049	0.20442	0.598586	166	0	-0.090496
IAPP	4	0.91164	0.91389	0.999995	911	1	-0.061258	0.2049	0.20442	0.598586	293	0	-0.061258
ABCB1	4	0.91733	0.91864	0.999995	912	1	-0.052646	0.46267	0.46143	0.999995	453	0	-0.052646
PHLDA3	4	0.91747	0.91875	0.999995	913	1	-0.074965	0.61645	0.61567	0.999995	602	0	-0.074965
STAM2	4	0.91775	0.91892	0.999995	914	1	-0.0043489	0.2049	0.20442	0.598586	162	0	-0.0043489
HMSD	4	0.91789	0.91909	0.999995	915	1	-0.076361	0.61102	0.61051	0.999995	596	0	-0.076361
CNOT6L	4	0.91916	0.92015	0.999995	916	1	-0.063269	0.2049	0.20442	0.598586	201	0	-0.063269
SEC11C	4	0.91944	0.92039	0.999995	917	1	-0.055771	0.2049	0.20442	0.598586	161	0	-0.055771
CAB39L	4	0.91972	0.92065	0.999995	918	1	-0.046079	0.46671	0.46541	0.999995	457	0	-0.046079
SATB1	4	0.91986	0.92075	0.999995	919	1	-0.061796	0.51292	0.51141	0.999995	498	0	-0.061796
ADARB2	4	0.92	0.92087	0.999995	920	1	-0.10401	0.46035	0.45889	0.999995	450	0	-0.10401
CREBBP	4	0.92041	0.92138	0.999995	921	1	-0.095701	0.67045	0.6699	0.999995	660	0	-0.095701
SLC17A2	4	0.92138	0.92213	0.999995	922	1	-0.12184	0.2049	0.20442	0.598586	145	0	-0.12184
TOMM40L	4	0.92381	0.92425	0.999995	923	1	-0.10854	0.59627	0.59577	0.999995	578	0	-0.10854
DCAF4L2	4	0.92501	0.92532	0.999995	924	1	-0.04754	0.2049	0.20442	0.598586	207	0	-0.04754
GSX2	4	0.92514	0.92539	0.999995	925	1	-0.011597	0.2049	0.20442	0.598586	348	0	-0.011597
CYP7A1	4	0.92645	0.92645	0.999995	926	1	-0.10511	0.76492	0.76504	0.999995	749	0	-0.10511
SLC35F4	4	0.92684	0.92669	0.999995	927	1	-0.093187	0.6457	0.64537	0.999995	634	0	-0.093187
IDH3B	4	0.92736	0.92715	0.999995	928	1	-0.066403	0.2049	0.20442	0.598586	277	0	-0.066403
FNIP2	4	0.92852	0.92809	0.999995	929	1	-0.12272	0.66153	0.66092	0.999995	648	0	-0.12272
IQCA1L	4	0.92915	0.92872	0.999995	930	1	-0.061832	0.2049	0.20442	0.598586	281	0	-0.061832
PDS5B	4	0.93041	0.92998	0.999995	931	1	-0.13421	0.66317	0.66244	0.999995	650	0	-0.13421
UAP1	4	0.93116	0.93064	0.999995	932	1	-0.097099	0.74468	0.74424	0.999995	728	0	-0.097099
DLL1	4	0.9319	0.93127	0.999995	933	1	-0.043563	0.56995	0.56972	0.999995	551	0	-0.043563
ERO1A	4	0.93324	0.9326	0.999995	934	1	-0.051122	0.2049	0.20442	0.598586	336	0	-0.051122
EFNB1	4	0.93409	0.93346	0.999995	935	1	-0.065526	0.70103	0.70087	0.999995	686	0	-0.065526
AIPL1	4	0.93516	0.93461	0.999995	936	1	-0.089995	0.2049	0.20442	0.598586	247	0	-0.089995
LNX2	4	0.9361	0.93551	0.999995	937	1	-0.029935	0.52886	0.52789	0.999995	513	0	-0.029935
VANGL1	4	0.93681	0.9361	0.999995	938	1	-0.067076	0.59016	0.58968	0.999995	572	0	-0.067076
TMEM9	4	0.93704	0.9363	0.999995	939	1	-0.088257	0.2049	0.20442	0.598586	113	0	-0.088257
SCN10A	4	0.93715	0.93636	0.999995	940	1	-0.058037	0.2049	0.20442	0.598586	156	0	-0.058037
CNOT8	3	0.93792	0.93712	0.999995	941	0	-0.09515	0.68438	0.68468	0.999995	672	0	-0.09515
NKAPL	4	0.93865	0.93791	0.999995	942	0	-0.1032	0.2049	0.20442	0.598586	87	0	-0.1032
DZIP1L	4	0.94011	0.93952	0.999995	943	0	-0.113	0.2049	0.20442	0.598586	212	0	-0.113
SOHLH1	4	0.94033	0.9397	0.999995	944	0	-0.10438	0.76956	0.76979	0.999995	754	0	-0.10438
LHFPL5	4	0.94177	0.94103	0.999995	945	0	-0.10322	0.2049	0.20442	0.598586	300	0	-0.10322
EAF2	4	0.94221	0.94144	0.999995	946	0	-0.11843	0.74699	0.74679	0.999995	731	0	-0.11843
KRT38	4	0.94231	0.94156	0.999995	947	0	-0.019072	0.2049	0.20442	0.598586	317	0	-0.019072
NR5A2	4	0.94242	0.94165	0.999995	948	0	-0.1078	0.2049	0.20442	0.598586	85	0	-0.1078
SLC9A3R1	4	0.94264	0.94189	0.999995	949	0	-0.11207	0.2049	0.20442	0.598586	147	0	-0.11207
RNF125	4	0.94275	0.94198	0.999995	950	0	-0.064542	0.2049	0.20442	0.598586	35	0	-0.064542
HRH1	4	0.94307	0.94235	0.999995	951	0	-0.11662	0.2049	0.20442	0.598586	296	0	-0.11662
PLD2	4	0.94318	0.94245	0.999995	952	0	-0.076716	0.50098	0.49901	0.999995	489	0	-0.076716
G3BP2	4	0.94403	0.94335	0.999995	953	0	-0.13957	0.73012	0.72934	0.999995	718	0	-0.13957
ERC2	4	0.94424	0.94358	0.999995	954	0	-0.10571	0.55506	0.55411	0.999995	535	0	-0.10571
XPO7	4	0.94467	0.94394	0.999995	955	0	-0.075263	0.2049	0.20442	0.598586	120	0	-0.075263
CDK16	4	0.94488	0.94419	0.999995	956	0	-0.082107	0.47927	0.47716	0.999995	470	0	-0.082107
FKBP9	4	0.9455	0.94491	0.999995	957	0	-0.1008	0.42707	0.42518	0.999995	420	0	-0.1008
RANBP17	4	0.94745	0.94684	0.999995	958	0	-0.083103	0.46614	0.46491	0.999995	456	0	-0.083103
CD44	4	0.94766	0.94708	0.999995	959	0	-0.0988	0.2049	0.20442	0.598586	262	0	-0.0988
IKBKB	4	0.94796	0.94737	0.999995	960	0	-0.023822	0.2049	0.20442	0.598586	275	0	-0.023822
MTA3	4	0.94826	0.94778	0.999995	961	0	-0.13024	0.57725	0.57678	0.999995	560	0	-0.13024
STX4	4	0.94896	0.94853	0.999995	962	0	-0.015204	0.2049	0.20442	0.598586	171	0	-0.015204
TAF9	4	0.94955	0.94914	0.999995	963	0	-0.077301	0.66398	0.66314	0.999995	652	0	-0.077301
TBC1D1	4	0.94994	0.94953	0.999995	964	0	-0.10472	0.54082	0.53959	0.999995	522	0	-0.10472
ATOH1	4	0.95033	0.94999	0.999995	965	0	-0.043014	0.44864	0.44741	0.999995	441	0	-0.043014
NXT2	4	0.95081	0.95044	0.999995	966	0	-0.1396	0.2049	0.20442	0.598586	92	0	-0.1396
GIT1	4	0.95177	0.95145	0.999995	967	0	-0.07054	0.64697	0.64641	0.999995	636	0	-0.07054
EFR3A	4	0.95299	0.95297	0.999995	968	0	-0.12044	0.51881	0.51756	0.999995	502	0	-0.12044
YIPF7	4	0.95355	0.95345	0.999995	969	0	-0.046881	0.42097	0.41918	0.999995	413	0	-0.046881
RAD17	3	0.95442	0.95394	0.999995	970	0	0	0.15799	0.15793	0.598586	9	0	0
ITSN1	4	0.95465	0.95447	0.999995	971	0	-0.083156	0.4439	0.44257	0.999995	437	0	-0.083156
NCK2	4	0.95555	0.9553	0.999995	972	0	-0.074071	0.2049	0.20442	0.598586	52	0	-0.074071
CHRNB3	4	0.95564	0.95541	0.999995	973	0	-0.023291	0.2049	0.20442	0.598586	199	0	-0.023291
SIRPA	3	0.95659	0.95615	0.999995	974	0	-0.030084	0.54447	0.54318	0.999995	525	0	-0.030084
ADARB1	4	0.95696	0.95674	0.999995	975	0	-0.073879	0.6258	0.62557	0.999995	612	0	-0.073879
IL6ST	4	0.95765	0.95747	0.999995	976	0	-0.092652	0.2049	0.20442	0.598586	284	0	-0.092652
GPR50	4	0.95783	0.95756	0.999995	977	0	-0.058987	0.44745	0.44622	0.999995	439	0	-0.058987
TNKS	4	0.95808	0.95781	0.999995	978	0	-0.048545	0.50589	0.50428	0.999995	492	0	-0.048545
PPP2CB	3	0.96041	0.95993	0.999995	979	0	0	0.15799	0.15793	0.598586	10	0	0
ATAD2B	4	0.96204	0.96186	0.999995	980	0	-0.050516	0.51668	0.51533	0.999995	501	0	-0.050516
ZDHHC13	4	0.9622	0.96202	0.999995	981	0	-0.059463	0.2049	0.20442	0.598586	117	0	-0.059463
FRY	4	0.96275	0.96268	0.999995	982	0	-0.054449	0.4433	0.44191	0.999995	436	0	-0.054449
RHBDF2	4	0.9636	0.96349	0.999995	983	0	-0.096711	0.2049	0.20442	0.598586	50	0	-0.096711
RANBP6	3	0.96361	0.96318	0.999995	984	0	-0.074918	0.58538	0.58418	0.999995	566	0	-0.074918
CLIP4	4	0.96391	0.96374	0.999995	985	0	-0.027721	0.2049	0.20442	0.598586	196	0	-0.027721
EGFR	4	0.96504	0.96495	0.999995	986	0	-0.038312	0.2049	0.20442	0.598586	209	0	-0.038312
CRX	4	0.96571	0.96586	0.999995	987	0	-0.072454	0.2049	0.20442	0.598586	189	0	-0.072454
G6PC	4	0.96578	0.96592	0.999995	988	0	-0.13362	0.57044	0.57024	0.999995	552	0	-0.13362
GXYLT2	4	0.96607	0.96619	0.999995	989	0	-0.018664	0.2049	0.20442	0.598586	320	0	-0.018664
DUOX1	4	0.96614	0.96625	0.999995	990	0	-0.072021	0.403	0.40085	0.999995	394	0	-0.072021
STX17	4	0.96643	0.96656	0.999995	991	0	-0.068513	0.2049	0.20442	0.598586	167	0	-0.068513
CSTF2T	4	0.96658	0.96671	0.999995	992	0	-0.11639	0.83245	0.83302	0.999995	814	0	-0.11639
FLNB	4	0.96687	0.96695	0.999995	993	0	-0.081896	0.42586	0.42408	0.999995	418	0	-0.081896
RHOBTB2	4	0.96751	0.96769	0.999995	994	0	-0.080085	0.77624	0.77672	0.999995	760	0	-0.080085
DYNLRB2	4	0.96765	0.96781	0.999995	995	0	-0.040352	0.52094	0.51978	0.999995	505	0	-0.040352
GBX1	4	0.96779	0.96791	0.999995	996	0	-0.046393	0.2049	0.20442	0.598586	355	0	-0.046393
CAB39	4	0.96924	0.96948	0.999995	997	0	-0.01497	0.2049	0.20442	0.598586	274	0	-0.01497
DRD3	4	0.96957	0.96978	0.999995	998	0	-0.096871	0.68891	0.68831	0.999995	676	0	-0.096871
GRIP2	4	0.96978	0.97	0.999995	999	0	-0.060331	0.2049	0.20442	0.598586	349	0	-0.060331
HEATR5B	4	0.96984	0.97008	0.999995	1000	0	-0.068063	0.43312	0.4313	0.999995	426	0	-0.068063
MEP1B	4	0.96998	0.97021	0.999995	1001	0	-0.066725	0.2049	0.20442	0.598586	62	0	-0.066725
CDNF	4	0.97122	0.97139	0.999995	1002	0	-0.062642	0.59861	0.59796	0.999995	583	0	-0.062642
CYP2C8	4	0.97135	0.97156	0.999995	1003	0	-2.4243e-05	0.2049	0.20442	0.598586	191	0	-2.4243e-05
MDM4	4	0.97141	0.97161	0.999995	1004	0	-0.090488	0.52676	0.52589	0.999995	510	0	-0.090488
SPHKAP	4	0.97341	0.97375	0.999995	1005	0	-0.040645	0.56007	0.55962	0.999995	542	0	-0.040645
HRH3	4	0.97347	0.9738	0.999995	1006	0	-0.064537	0.56404	0.5638	0.999995	545	0	-0.064537
ARPC5L	4	0.97359	0.97389	0.999995	1007	0	-0.08031	0.45393	0.45282	0.999995	443	0	-0.08031
NR2E1	4	0.97413	0.97445	0.999995	1008	0	-0.061211	0.2049	0.20442	0.598586	86	0	-0.061211
PSEN2	4	0.97443	0.97465	0.999995	1009	0	-0.011511	0.2049	0.20442	0.598586	26	0	-0.011511
TPRX1	4	0.97496	0.97516	0.999995	1010	0	-0.084571	0.2049	0.20442	0.598586	96	0	-0.084571
SHCBP1L	4	0.97565	0.97599	0.999995	1011	0	-0.054137	0.2049	0.20442	0.598586	143	0	-0.054137
ARHGEF6	4	0.97576	0.9761	0.999995	1012	0	-0.0022346	0.2049	0.20442	0.598586	267	0	-0.0022346
ZG16	4	0.97582	0.97615	0.999995	1013	0	-0.096089	0.70915	0.70861	0.999995	697	0	-0.096089
TBPL2	4	0.97676	0.97689	0.999995	1014	0	-0.079032	0.2049	0.20442	0.598586	109	0	-0.079032
TAF9B	2	0.97831	0.97798	0.999995	1015	0	-0.0098346	0.2322	0.23161	0.676336	363	0	-0.0098346
DENND5B	4	0.97868	0.9789	0.999995	1016	0	-0.027125	0.2049	0.20442	0.598586	220	0	-0.027125
ALAS2	4	0.97899	0.97927	0.999995	1017	0	-0.033772	0.5403	0.53915	0.999995	521	0	-0.033772
CAV1	4	0.97979	0.97995	0.999995	1018	0	-0.098833	0.74501	0.74462	0.999995	729	0	-0.098833
MAP4K4	4	0.98008	0.98027	0.999995	1019	0	0	0.2049	0.20442	0.598586	311	0	0
DYNC1LI1	3	0.98036	0.98001	0.999995	1020	0	-0.036636	0.15799	0.15793	0.598586	2	0	-0.036636
FRYL	4	0.98071	0.98102	0.999995	1021	0	-0.042244	0.2049	0.20442	0.598586	330	0	-0.042244
MPC1L	4	0.98081	0.98118	0.999995	1022	0	-0.018156	0.2049	0.20442	0.598586	63	0	-0.018156
MTUS1	4	0.98142	0.98179	0.999995	1023	0	-0.020124	0.4849	0.48294	0.999995	477	0	-0.020124
CAT	4	0.98242	0.98281	0.999995	1024	0	-0.069442	0.46959	0.46803	0.999995	459	0	-0.069442
ANXA1	4	0.98368	0.98402	0.999995	1025	0	-0.045705	0.2049	0.20442	0.598586	232	0	-0.045705
LNX1	4	0.98397	0.98433	0.999995	1026	0	-0.019934	0.44805	0.44688	0.999995	440	0	-0.019934
AQP8	4	0.98422	0.98457	0.999995	1027	0	-0.040127	0.2049	0.20442	0.598586	240	0	-0.040127
TAF1L	3	0.98498	0.98499	0.999995	1028	0	-0.041661	0.41937	0.4177	0.999995	411	0	-0.041661
NDE1	4	0.98526	0.98564	0.999995	1029	0	-0.0054348	0.2049	0.20442	0.598586	60	0	-0.0054348
TMEM185A	4	0.98614	0.98649	0.999995	1030	0	-0.037566	0.2049	0.20442	0.598586	114	0	-0.037566
OSMR	4	0.98712	0.98756	0.999995	1031	0	-0.065648	0.43673	0.43509	0.999995	429	0	-0.065648
ZNF521	4	0.98784	0.98837	0.999995	1032	0	-0.017555	0.38973	0.38835	0.999995	386	0	-0.017555
FEZ1	4	0.98898	0.98943	0.999995	1033	0	0	0.2049	0.20442	0.598586	338	0	0
RNF144A	4	0.98901	0.98948	0.999995	1034	0	-0.055529	0.2049	0.20442	0.598586	33	0	-0.055529
SUSD1	4	0.98917	0.98959	0.999995	1035	0	-0.024041	0.2049	0.20442	0.598586	170	0	-0.024041
PPP3R1	4	0.98957	0.99005	0.999995	1036	0	-0.010058	0.2049	0.20442	0.598586	23	0	-0.010058
SS18	4	0.99058	0.99111	0.999995	1037	0	-0.026235	0.2049	0.20442	0.598586	164	0	-0.026235
ITSN2	4	0.99066	0.99117	0.999995	1038	0	-0.011964	0.2049	0.20442	0.598586	312	0	-0.011964
SPTLC3	4	0.99086	0.99135	0.999995	1039	0	-0.0091167	0.2049	0.20442	0.598586	165	0	-0.0091167
SMAP2	4	0.99126	0.99168	0.999995	1040	0	-0.029859	0.41913	0.41742	0.999995	410	0	-0.029859
ATP7B	4	0.99162	0.99207	0.999995	1041	0	-0.046488	0.48993	0.48796	0.999995	483	0	-0.046488
RBPJ	4	0.992	0.99243	0.999995	1042	0	-0.033423	0.48378	0.48188	0.999995	476	0	-0.033423
TREML4	3	0.99218	0.99227	0.999995	1043	0	0	0.15799	0.15793	0.598586	7	0	0
TEX45	4	0.99239	0.99275	0.999995	1044	0	-0.040696	0.42281	0.42111	0.999995	416	0	-0.040696
RUNX1	4	0.99334	0.9936	0.999995	1045	0	-0.019909	0.2049	0.20442	0.598586	37	0	-0.019909
DGAT2L6	4	0.99448	0.99472	0.999995	1046	0	-0.011851	0.2049	0.20442	0.598586	228	0	-0.011851
NCBP2L	4	0.99534	0.99555	0.999995	1047	0	-0.025753	0.2049	0.20442	0.598586	53	0	-0.025753
CLASP2	4	0.99572	0.99587	0.999995	1048	0	-0.0099193	0.2049	0.20442	0.598586	200	0	-0.0099193
RYBP	3	0.99601	0.99585	0.999995	1049	0	-0.0028392	0.15799	0.15793	0.598586	11	0	-0.0028392
ARFIP1	4	0.99634	0.9964	0.999995	1050	0	-0.0010592	0.2049	0.20442	0.598586	236	0	-0.0010592
GYS2	4	0.99645	0.99645	0.999995	1051	0	-0.03469	0.45334	0.45233	0.999995	442	0	-0.03469
RC3H2	4	0.99658	0.9966	0.999995	1052	0	-0.02446	0.39037	0.38892	0.999995	387	0	-0.02446
DYNLT1	4	0.99695	0.997	0.999995	1053	0	-0.012696	0.2049	0.20442	0.598586	211	0	-0.012696
RC3H1	4	0.99759	0.99765	0.999995	1054	0	-0.0059977	0.2049	0.20442	0.598586	42	0	-0.0059977
ZNF260	4	0.9979	0.99799	0.999995	1055	0	-0.016731	0.2049	0.20442	0.598586	125	0	-0.016731
RB1	4	0.99804	0.99816	0.999995	1056	0	-0.0043625	0.2049	0.20442	0.598586	45	0	-0.0043625
LIF	4	0.99834	0.99842	0.999995	1057	0	-0.0031557	0.2049	0.20442	0.598586	298	0	-0.0031557
SIK2	4	0.99999	0.99999	0.999995	1058	0	0	0.2049	0.20442	0.598586	142	0	0
TP53	4	0.99999	0.99999	0.999995	1059	0	0	0.2049	0.20442	0.598586	95	0	0
safe_control	74	1.0	1.0	0.999995	1060	6	-0.0081812	0.98562	0.98526	0.999995	966	0	-0.0081812
