id	num	neg|score	neg|p-value	neg|fdr	neg|rank	neg|goodsgrna	neg|lfc	pos|score	pos|p-value	pos|fdr	pos|rank	pos|goodsgrna	pos|lfc
RRM1	8	1.9568e-09	4.6747e-06	0.00099	1	8	-6.2658	1.0	1.0	0.999995	1059	0	-6.2658
MYC	8	2.2806e-09	4.6747e-06	0.00099	2	8	-6.5969	1.0	1.0	0.999995	1058	0	-6.5969
RPL3	7	3.3818e-07	4.6747e-06	0.00099	3	7	-6.7292	0.99816	0.99822	0.999995	1013	0	-6.7292
PRPF8	4	5.2141e-07	4.6747e-06	0.00099	4	4	-6.5829	1.0	1.0	0.999995	1057	0	-6.5829
TUBB4B	8	9.7733e-07	4.6747e-06	0.00099	5	7	-5.5527	0.98458	0.98472	0.999995	972	0	-5.5527
RRM2	4	2.0638e-06	1.4024e-05	0.002475	6	2	-4.8281	0.29134	0.28965	0.999995	269	0	-4.8281
EAF1	4	5.2025e-06	2.3373e-05	0.003536	7	4	-6.1192	0.99999	1.0	0.999995	1056	0	-6.1192
TRRAP	4	6.4219e-06	3.2723e-05	0.00385	8	4	-6.0912	0.99999	1.0	0.999995	1055	0	-6.0912
CKAP5	8	6.6639e-06	3.2723e-05	0.00385	9	7	-5.8151	0.99585	0.99571	0.999995	1006	0	-5.8151
TOMM40	7	7.2998e-06	7.012e-05	0.006271	10	7	-4.8386	0.99999	1.0	0.999995	1054	0	-4.8386
TOP2A	4	8.5632e-06	4.2072e-05	0.004455	11	4	-6.2221	0.99999	1.0	0.999995	1053	0	-6.2221
COPA	4	1.9596e-05	7.947e-05	0.006271	12	4	-5.9856	0.99998	1.0	0.999995	1052	0	-5.9856
RPP21	4	2.3739e-05	8.8819e-05	0.006271	13	4	-6.4827	0.99998	1.0	0.999995	1051	0	-6.4827
POLR2L	4	2.5739e-05	8.8819e-05	0.006271	14	4	-5.8442	0.99997	1.0	0.999995	1050	0	-5.8442
KIF11	4	3.2009e-05	8.8819e-05	0.006271	15	4	-5.9527	0.99997	1.0	0.999995	1049	0	-5.9527
BUB3	4	3.4898e-05	9.8168e-05	0.006498	16	4	-6.6424	0.99997	1.0	0.999995	1048	0	-6.6424
RPS19	4	4.0301e-05	0.00011687	0.00728	17	4	-5.7255	0.99996	0.99999	0.999995	1047	0	-5.7255
VMP1	4	6.1606e-05	0.00021036	0.012376	18	4	-5.4504	0.99994	0.99997	0.999995	1046	0	-5.4504
ATP6V1C1	4	0.00016578	0.00079937	0.039829	19	4	-5.4076	0.99983	0.99986	0.999995	1045	0	-5.4076
RPL11	3	0.00016668	0.00051889	0.028921	20	3	-5.9141	0.99983	0.99983	0.999995	1044	0	-5.9141
RPL36	4	0.00016994	0.00081807	0.039829	21	4	-5.0584	0.99983	0.99985	0.999995	1043	0	-5.0584
NAA15	4	0.0002476	0.0010705	0.04929	22	4	-5.1387	0.99975	0.99974	0.999995	1042	0	-5.1387
INTS6	3	0.00026156	0.00082742	0.039829	23	3	-6.1113	0.99974	0.99976	0.999995	1041	0	-6.1113
RPL8	4	0.00028482	0.0012855	0.052361	24	4	-6.077	0.99966	0.99963	0.999995	1039	0	-6.077
NAA10	4	0.00028494	0.0012855	0.052361	25	4	-6.1223	0.99915	0.99927	0.999995	1026	0	-6.1223
MDM4	4	0.0003037	0.001351	0.052989	26	4	-5.35	0.9997	0.99968	0.999995	1040	0	-5.35
RPL13	3	0.00037952	0.0011827	0.052186	27	3	-5.6945	0.99962	0.99962	0.999995	1038	0	-5.6945
PPP4C	4	0.00041047	0.0016782	0.062649	28	4	-5.6278	0.99959	0.99959	0.999995	1037	0	-5.6278
SF3B3	4	0.0004214	0.0017156	0.062649	29	4	-5.5198	0.99958	0.99957	0.999995	1036	0	-5.5198
TOMM22	4	0.00045145	0.0018185	0.063156	30	4	-5.9646	0.98889	0.98893	0.999995	988	0	-5.9646
NAE1	8	0.00046761	0.0029497	0.072646	31	7	-4.8312	0.49883	0.49714	0.999995	484	0	-4.8312
GAPDH	4	0.00047334	0.0019119	0.063156	32	4	-5.5257	0.99953	0.99956	0.999995	1035	0	-5.5257
SIN3A	4	0.00048244	0.001968	0.063156	33	4	-5.6341	0.99952	0.99955	0.999995	1034	0	-5.6341
CRK	4	0.00048551	0.001968	0.063156	34	4	-5.3172	0.99951	0.99955	0.999995	1033	0	-5.3172
POLR2B	4	0.00052567	0.0021457	0.066832	35	3	-5.7302	0.88936	0.88943	0.999995	838	0	-5.7302
ATP6V1B2	4	0.00055327	0.0022953	0.067519	36	4	-5.6782	0.99945	0.99949	0.999995	1032	0	-5.6782
ALDOA	4	0.00055666	0.0022953	0.067519	37	4	-6.1643	0.99944	0.99949	0.999995	1031	0	-6.1643
CCNL1	4	0.00060223	0.0023701	0.067835	38	4	-5.905	0.9994	0.99947	0.999995	1030	0	-5.905
CCND1	4	0.00068166	0.0026973	0.071658	39	4	-5.1424	0.99932	0.9994	0.999995	1029	0	-5.1424
AKIRIN2	4	0.00068563	0.0027066	0.071658	40	4	-5.2834	0.99931	0.9994	0.999995	1028	0	-5.2834
CDK7	4	0.00075152	0.002931	0.072646	41	4	-5.4042	0.99925	0.99935	0.999995	1027	0	-5.4042
SNRPB2	3	0.00089414	0.0026038	0.071658	42	3	-5.4336	0.99911	0.99908	0.999995	1025	0	-5.4336
MTG2	4	0.000927	0.0035107	0.081786	43	4	-4.9493	0.99907	0.99922	0.999995	1024	0	-4.9493
ZNF407	4	0.00096491	0.0036603	0.081786	44	2	-4.6208	0.5228	0.522	0.999995	510	0	-4.6208
RIC8A	4	0.00098831	0.003707	0.081786	45	4	-4.4451	0.99901	0.99918	0.999995	1023	0	-4.4451
DYNLRB1	3	0.0010313	0.002931	0.072646	46	3	-6.0591	0.99897	0.99889	0.999995	1022	0	-6.0591
EIF4A3	4	0.0010848	0.0041091	0.088806	47	3	-5.5506	0.67165	0.67073	0.999995	640	0	-5.5506
CLNS1A	3	0.0011048	0.0032209	0.07752	48	3	-5.369	0.9989	0.99882	0.999995	1021	0	-5.369
RPS11	3	0.0012378	0.0036135	0.081786	49	3	-5.0499	0.99876	0.99864	0.999995	1020	0	-5.0499
HSCB	4	0.0012394	0.004642	0.096971	50	4	-5.8153	0.99876	0.9989	0.999995	1019	0	-5.8153
RBBP7	4	0.0012519	0.00467	0.096971	51	4	-4.7865	0.99875	0.99889	0.999995	1018	0	-4.7865
TAMM41	4	0.0012774	0.0047729	0.097201	52	3	-5.688	0.34006	0.33886	0.999995	319	0	-5.688
ATP5F1B	4	0.001718	0.0066053	0.123091	53	4	-5.1707	0.99828	0.99842	0.999995	1017	0	-5.1707
SBNO1	4	0.0017269	0.0066334	0.123091	54	3	-5.6294	0.89115	0.8914	0.999995	841	0	-5.6294
RPL17	3	0.0017707	0.0049505	0.098916	55	3	-5.1885	0.99823	0.99811	0.999995	1016	0	-5.1885
PDS5A	4	0.0017904	0.0068204	0.123091	56	4	-4.9684	0.99821	0.99833	0.999995	1015	0	-4.9684
MED20	4	0.0018068	0.0068578	0.123091	57	4	-5.4483	0.99819	0.9983	0.999995	1014	0	-5.4483
ATP5F1A	4	0.0020848	0.0076431	0.134901	58	4	-4.8823	0.99792	0.99797	0.999995	1012	0	-4.8823
CHORDC1	3	0.0022518	0.0063716	0.122682	59	3	-6.2972	0.99775	0.99771	0.999995	1011	0	-6.2972
SF3A1	4	0.0024062	0.0088866	0.148283	60	4	-5.863	0.98843	0.98844	0.999995	986	0	-5.863
XAB2	4	0.0024194	0.0089614	0.148283	61	4	-5.4607	0.97893	0.9789	0.999995	957	0	-5.4607
LONP1	4	0.0028245	0.010205	0.164514	62	4	-5.6238	0.99058	0.99052	0.999995	990	0	-5.6238
SF3B1	4	0.0029104	0.010382	0.164514	63	4	-5.5247	0.98694	0.98701	0.999995	982	0	-5.5247
ATP5F1D	4	0.0029246	0.01042	0.164514	64	3	-5.0351	0.9226	0.92268	0.999995	879	0	-5.0351
RPL5	4	0.002954	0.010579	0.164514	65	3	-5.4493	0.90027	0.90054	0.999995	852	0	-5.4493
GDI2	8	0.0030026	0.018105	0.213036	66	7	-3.8311	0.43615	0.43541	0.999995	422	0	-3.8311
RPS3	3	0.0030567	0.0083817	0.145512	67	3	-6.0356	0.92971	0.92901	0.999995	883	0	-6.0356
SNRPB	4	0.0031326	0.01128	0.170651	68	3	-5.5874	0.039304	0.039534	0.999995	29	0	-5.5874
RPS23	2	0.0032657	0.0063155	0.122682	69	2	-5.6615	0.99673	0.99693	0.999995	1010	0	-5.6615
COPZ1	4	0.0032816	0.011729	0.173067	70	3	-3.4433	0.89621	0.89635	0.999995	844	0	-3.4433
ABT1	4	0.0033418	0.011953	0.173067	71	4	-5.331	0.97119	0.97136	0.999995	945	0	-5.331
HUS1	4	0.003355	0.012009	0.173067	72	4	-4.4989	0.99664	0.99676	0.999995	1009	0	-4.4989
DDX5	4	0.0033813	0.012093	0.173067	73	4	-4.6144	0.99662	0.99671	0.999995	1008	0	-4.6144
HNRNPH1	4	0.0035598	0.012692	0.174553	74	3	-5.132	0.051994	0.052053	0.999995	41	0	-5.132
DHX9	3	0.0039314	0.010719	0.164514	75	3	-4.761	0.99607	0.99589	0.999995	1007	0	-4.761
POLR2A	4	0.0039432	0.013954	0.189452	76	4	-5.2138	0.99179	0.99176	0.999995	995	0	-5.2138
NSG2	4	0.0042177	0.014683	0.194864	77	1	-2.3185	0.68488	0.68395	0.999995	658	0	-2.3185
RPL10A	4	0.0042508	0.014721	0.194864	78	3	-4.8669	0.85231	0.85392	0.999995	794	0	-4.8669
WDR12	4	0.0043374	0.01501	0.196247	79	4	-5.2413	0.99566	0.99569	0.999995	1005	0	-5.2413
ILF3	4	0.004409	0.015254	0.196993	80	4	-5.6125	0.94392	0.9438	0.999995	898	0	-5.6125
RPL18A	2	0.0045209	0.0089146	0.148283	81	2	-5.6969	0.99548	0.9957	0.999995	1004	0	-5.6969
EIF3J	4	0.0045445	0.015824	0.199709	82	3	-5.148	0.8589	0.8602	0.999995	806	0	-5.148
RPS8	3	0.0045583	0.012477	0.174553	83	3	-4.7087	0.99544	0.99522	0.999995	1003	0	-4.7087
RFC2	4	0.0045969	0.015983	0.199709	84	4	-5.2436	0.9954	0.99548	0.999995	1002	0	-5.2436
RPS5	4	0.0046106	0.01603	0.199709	85	3	-5.3669	0.58329	0.58299	0.999995	564	0	-5.3669
TUBB	3	0.0046213	0.012589	0.174553	86	3	-5.9205	0.90986	0.90946	0.999995	867	0	-5.9205
EPC2	4	0.0049025	0.016908	0.208209	87	4	-4.7855	0.9951	0.99517	0.999995	1001	0	-4.7855
FZR1	4	0.0050609	0.017469	0.212644	88	4	-4.7366	0.99494	0.99504	0.999995	1000	0	-4.7366
SF3B2	4	0.0051531	0.017797	0.213036	89	2	-3.2724	0.40552	0.40402	0.999995	389	0	-3.2724
SNRPD3	4	0.0052191	0.017974	0.213036	90	3	-5.3707	0.58814	0.58818	0.999995	566	0	-5.3707
SEPHS2	4	0.0053146	0.018311	0.213089	91	3	-5.6081	0.91051	0.91061	0.999995	869	0	-5.6081
PDS5B	4	0.005509	0.018872	0.21723	92	4	-5.0502	0.99197	0.9919	0.999995	996	0	-5.0502
AP1G1	4	0.0057725	0.019853	0.226073	93	4	-4.741	0.99423	0.99426	0.999995	999	0	-4.741
EIF3B	4	0.0060844	0.02077	0.23399	94	4	-5.1654	0.98458	0.98487	0.999995	973	0	-5.1654
SUV39H1	4	0.0061966	0.021013	0.234237	95	4	-4.5518	0.9938	0.99374	0.999995	998	0	-4.5518
CPSF3	4	0.0062963	0.021331	0.235303	96	3	-5.037	0.90912	0.9091	0.999995	864	0	-5.037
CTR9	4	0.0069774	0.023425	0.255742	97	4	-5.0657	0.99302	0.99294	0.999995	997	0	-5.0657
PPP2CA	8	0.0077561	0.040095	0.359834	98	7	-4.4612	0.89844	0.89856	0.999995	848	0	-4.4612
PTPN11	4	0.0081899	0.027361	0.289236	99	3	-4.9266	0.73106	0.73072	0.999995	696	0	-4.9266
MRPL38	4	0.0082486	0.027585	0.289236	100	4	-4.9232	0.96458	0.96505	0.999995	931	0	-4.9232
ISCA2	4	0.0085928	0.028548	0.296399	101	4	-4.7124	0.98863	0.98869	0.999995	987	0	-4.7124
RBM22	4	0.008731	0.02895	0.297655	102	4	-5.0669	0.99127	0.99124	0.999995	994	0	-5.0669
PSMB3	3	0.008884	0.023743	0.256567	103	3	-5.2934	0.99112	0.99117	0.999995	993	0	-5.2934
RPA1	4	0.0091125	0.030128	0.302443	104	4	-4.219	0.99089	0.99087	0.999995	992	0	-4.219
PSMC3	4	0.0092169	0.030399	0.302443	105	3	-4.7373	0.70754	0.70667	0.999995	677	0	-4.7373
TIMM10	4	0.0092625	0.030502	0.302443	106	3	-5.2237	0.92718	0.92706	0.999995	881	0	-5.2237
ACACA	4	0.0092798	0.030558	0.302443	107	4	-4.633	0.99072	0.99063	0.999995	991	0	-4.633
MED18	8	0.0094874	0.047743	0.383868	108	6	-4.0513	0.96089	0.96088	0.999995	925	0	-4.0513
SF3B5	4	0.0095218	0.031325	0.30716	109	4	-5.0818	0.98396	0.98414	0.999995	971	0	-5.0818
AFG3L2	3	0.0095762	0.025444	0.272177	110	3	-5.4446	0.98387	0.98398	0.999995	970	0	-5.4446
SFPQ	4	0.0098205	0.032297	0.313789	111	4	-4.5039	0.94762	0.94769	0.999995	904	0	-4.5039
CLASP2	4	0.0099423	0.032709	0.313933	112	4	-3.5701	0.99006	0.99011	0.999995	989	0	-3.5701
NKAP	4	0.010013	0.032905	0.313933	113	4	-5.2247	0.97534	0.97539	0.999995	950	0	-5.2247
XRCC6	4	0.010752	0.035271	0.333495	114	4	-4.2493	0.97727	0.97735	0.999995	953	0	-4.2493
SOD1	4	0.011754	0.038515	0.351908	115	2	-4.2143	0.82179	0.82386	0.999995	772	0	-4.2143
PPP2R1B	4	0.011838	0.038767	0.351908	116	4	-3.56	0.98816	0.98822	0.999995	985	0	-3.56
SAMD4B	4	0.012526	0.040843	0.361877	117	4	-3.8138	0.98747	0.98755	0.999995	984	0	-3.8138
PRKDC	8	0.012611	0.060065	0.42289	118	7	-3.4007	0.98185	0.98185	0.999995	964	0	-3.4007
TPST1	4	0.012703	0.041348	0.361877	119	4	-3.5613	0.9873	0.98738	0.999995	983	0	-3.5613
CDK2	4	0.012883	0.041937	0.364024	120	3	-5.031	0.69502	0.69421	0.999995	665	0	-5.031
ANAPC4	4	0.013052	0.042395	0.365008	121	4	-4.5782	0.96748	0.96784	0.999995	934	0	-4.5782
RAN	4	0.013224	0.042844	0.365897	122	3	-4.7443	0.59913	0.5988	0.999995	576	0	-4.7443
NCKAP1	4	0.013428	0.04361	0.369441	123	4	-4.2795	0.98657	0.98669	0.999995	981	0	-4.2795
USP5	4	0.013543	0.043956	0.369441	124	3	-3.5018	0.51193	0.51079	0.999995	497	0	-3.5018
E2F3	3	0.013666	0.035682	0.334399	125	3	-3.2536	0.87831	0.87844	0.999995	822	0	-3.2536
SEPHS1	3	0.0139	0.03643	0.338414	126	3	-4.6686	0.9861	0.98606	0.999995	980	0	-4.6686
ATP6V1D	4	0.014402	0.046424	0.383868	127	3	-4.9902	0.93067	0.93082	0.999995	884	0	-4.9902
KIF4A	4	0.014614	0.047144	0.383868	128	4	-3.9669	0.98539	0.98569	0.999995	979	0	-3.9669
PTCH1	4	0.014693	0.047462	0.383868	129	4	-4.0625	0.98531	0.98564	0.999995	978	0	-4.0625
BECN1	4	0.014892	0.047967	0.383868	130	4	-4.2981	0.98511	0.98537	0.999995	977	0	-4.2981
SNRPD2	3	0.014942	0.038879	0.351908	131	3	-3.833	0.98506	0.98509	0.999995	976	0	-3.833
DYNC1LI2	4	0.014972	0.04821	0.383868	132	4	-3.9105	0.98503	0.98529	0.999995	975	0	-3.9105
RC3H1	4	0.015337	0.049285	0.389501	133	4	-3.9781	0.98466	0.98494	0.999995	974	0	-3.9781
TUFM	3	0.015829	0.041067	0.361877	134	2	-5.7212	0.83214	0.83262	0.999995	783	0	-5.7212
SKA1	4	0.01603	0.051473	0.403777	135	3	-4.6087	0.93524	0.93545	0.999995	888	0	-4.6087
CSTF2	4	0.016257	0.052184	0.405615	136	4	-3.8948	0.98374	0.9839	0.999995	969	0	-3.8948
RPL19	4	0.016327	0.052473	0.405615	137	2	-3.2015	0.098898	0.098949	0.999995	81	0	-3.2015
FSD1L	4	0.016645	0.05324	0.408559	138	4	-4.0205	0.98335	0.98329	0.999995	968	0	-4.0205
ELL	4	0.017173	0.054773	0.413349	139	4	-3.9644	0.98283	0.98275	0.999995	967	0	-3.9644
SMC1A	4	0.017223	0.05496	0.413349	140	3	-4.5745	0.86838	0.86908	0.999995	812	0	-4.5745
MED26	4	0.017263	0.055035	0.413349	141	4	-4.3514	0.98274	0.98268	0.999995	966	0	-4.3514
FANCF	4	0.017632	0.056017	0.415184	142	4	-4.6503	0.97165	0.97178	0.999995	946	0	-4.6503
ATAD2B	4	0.017668	0.056064	0.415184	143	4	-3.25	0.98233	0.98223	0.999995	965	0	-3.25
MRPL41	4	0.018188	0.057559	0.42168	144	4	-4.5222	0.96166	0.96209	0.999995	927	0	-4.5222
XRCC4	4	0.018258	0.057737	0.42168	145	3	-4.5209	0.36178	0.36024	0.999995	344	0	-4.5209
CCT6A	3	0.018429	0.047546	0.383868	146	3	-4.8227	0.98157	0.98139	0.999995	963	0	-4.8227
FEZ1	4	0.018826	0.059542	0.42289	147	3	-4.3127	0.78999	0.79113	0.999995	747	0	-4.3127
STT3B	4	0.018881	0.059738	0.42289	148	4	-3.8657	0.98112	0.98113	0.999995	962	0	-3.8657
TGM6	4	0.018897	0.059766	0.42289	149	3	-4.5733	0.78172	0.78297	0.999995	736	0	-4.5733
CDIPT	4	0.019113	0.060299	0.42289	150	4	-4.7701	0.98029	0.98036	0.999995	960	0	-4.7701
ASF1B	8	0.019296	0.085729	0.521765	151	7	-3.5206	0.97916	0.97929	0.999995	959	0	-3.5206
FANCM	4	0.019462	0.061346	0.427404	152	4	-4.4865	0.98054	0.98057	0.999995	961	0	-4.4865
KIF20A	8	0.019818	0.087964	0.526291	153	6	-3.6367	0.16264	0.16253	0.999995	147	0	-3.6367
CLASP1	4	0.020899	0.065609	0.45117	154	3	-4.4627	0.57446	0.57465	0.999995	554	0	-4.4627
NXT1	4	0.021023	0.066152	0.451964	155	4	-3.9885	0.97898	0.97898	0.999995	958	0	-3.9885
BICD2	4	0.021652	0.067891	0.460872	156	4	-4.2611	0.97835	0.97843	0.999995	956	0	-4.2611
RALGPS2	4	0.021971	0.068882	0.464621	157	4	-3.6301	0.97803	0.97811	0.999995	955	0	-3.6301
FARS2	4	0.022458	0.070331	0.469238	158	4	-3.5719	0.97754	0.97762	0.999995	954	0	-3.5719
CDS2	4	0.022947	0.071733	0.474783	159	3	-4.9329	0.39529	0.39372	0.999995	379	0	-4.9329
HMGCS1	3	0.023401	0.059252	0.42289	160	3	-4.3581	0.97615	0.97571	0.999995	951	0	-4.3581
NCOR2	4	0.023454	0.073229	0.481674	161	4	-4.0602	0.97655	0.97659	0.999995	952	0	-4.0602
GFM1	4	0.023684	0.073865	0.482857	162	3	-4.647	0.53136	0.53054	0.999995	519	0	-4.647
VCP	4	0.0241	0.075146	0.487533	163	3	-4.7989	0.21991	0.21943	0.999995	204	0	-4.7989
SF1	4	0.026258	0.081223	0.518162	164	3	-4.737	0.81632	0.81852	0.999995	765	0	-4.737
RHOT2	4	0.026581	0.082251	0.518476	165	4	-3.9482	0.97342	0.97349	0.999995	949	0	-3.9482
RNF103	4	0.026957	0.083242	0.521618	166	3	-4.2676	0.68842	0.68786	0.999995	660	0	-4.2676
FRS2	4	0.027227	0.084028	0.521765	167	3	-4.4502	0.86981	0.87038	0.999995	813	0	-4.4502
YIF1A	4	0.027408	0.084514	0.521765	168	4	-4.4903	0.95053	0.95088	0.999995	908	0	-4.4903
RC3H2	4	0.027584	0.085056	0.521765	169	4	-3.321	0.97242	0.97254	0.999995	948	0	-3.321
HASPIN	4	0.0278	0.085533	0.521765	170	3	-4.751	0.77688	0.77792	0.999995	732	0	-4.751
IFIH1	4	0.028225	0.086795	0.524387	171	4	-3.5747	0.97178	0.97188	0.999995	947	0	-3.5747
RPL14	3	0.028244	0.070452	0.469238	172	3	-3.2512	0.93497	0.93427	0.999995	887	0	-3.2512
NCBP2	4	0.028326	0.08715	0.524387	173	3	-3.1449	0.65674	0.65603	0.999995	627	0	-3.1449
TRPC5	4	0.028877	0.088684	0.527601	174	4	-3.6084	0.97112	0.97131	0.999995	944	0	-3.6084
CRKL	4	0.029074	0.089179	0.527601	175	4	-3.8554	0.97093	0.97111	0.999995	943	0	-3.8554
BUB1B	4	0.029381	0.090067	0.528117	176	3	-4.6921	0.93608	0.93617	0.999995	889	0	-4.6921
PAF1	4	0.029473	0.090264	0.528117	177	4	-4.2046	0.97053	0.97069	0.999995	942	0	-4.2046
DDI2	4	0.030208	0.092161	0.534734	178	3	-4.2017	0.85519	0.85663	0.999995	799	0	-4.2017
TACC3	4	0.030401	0.092741	0.534734	179	4	-4.3159	0.94173	0.94152	0.999995	894	0	-4.3159
ARHGEF7	4	0.030456	0.092909	0.534734	180	3	-4.7279	0.049285	0.049669	0.999995	38	0	-4.7279
PTTG1	3	0.030582	0.075501	0.487533	181	3	-4.0684	0.96942	0.96877	0.999995	941	0	-4.0684
IPO8	4	0.031039	0.094527	0.537509	182	4	-3.4076	0.96896	0.96925	0.999995	940	0	-3.4076
TOP1	4	0.031277	0.095153	0.537509	183	4	-4.3648	0.95044	0.95078	0.999995	907	0	-4.3648
INTS2	4	0.031388	0.095443	0.537509	184	4	-4.5227	0.96861	0.96897	0.999995	939	0	-4.5227
CDK17	4	0.031598	0.09592	0.537509	185	4	-4.0044	0.9684	0.96873	0.999995	938	0	-4.0044
NCKAP1L	4	0.031881	0.096715	0.53779	186	4	-3.4898	0.96812	0.96855	0.999995	937	0	-3.4898
ALG14	4	0.031996	0.096995	0.53779	187	4	-4.2073	0.95528	0.95583	0.999995	916	0	-4.2073
FOSL1	3	0.032051	0.078717	0.505221	188	3	-4.3455	0.96795	0.96748	0.999995	936	0	-4.3455
TBK1	4	0.032308	0.097911	0.540042	189	4	-3.1418	0.96769	0.9681	0.999995	935	0	-3.1418
BCAP31	4	0.033383	0.10077	0.550296	190	4	-4.2333	0.94585	0.94579	0.999995	901	0	-4.2333
GIT2	4	0.034358	0.10341	0.561589	191	4	-3.6089	0.96564	0.96606	0.999995	933	0	-3.6089
RPL37A	2	0.034663	0.062804	0.434705	192	1	-4.4906	0.69906	0.69812	0.999995	671	0	-4.4906
SLITRK1	4	0.035044	0.10484	0.563881	193	4	-4.06	0.9538	0.95438	0.999995	912	0	-4.06
BRD8	4	0.035255	0.10539	0.563881	194	3	-4.6697	0.79661	0.79807	0.999995	751	0	-4.6697
CCNE2	4	0.035266	0.10543	0.563881	195	4	-3.8189	0.96473	0.96518	0.999995	932	0	-3.8189
ARID1A	4	0.035573	0.10629	0.565625	196	4	-4.1324	0.95967	0.96018	0.999995	922	0	-4.1324
MED31	4	0.036113	0.1078	0.570817	197	4	-3.7884	0.96389	0.96436	0.999995	930	0	-3.7884
PMPCB	4	0.036754	0.10965	0.57773	198	4	-4.0182	0.95663	0.95717	0.999995	918	0	-4.0182
TAF1	4	0.037264	0.11106	0.580947	199	2	-3.6347	0.46774	0.4673	0.999995	451	0	-3.6347
ACTL6A	4	0.037462	0.1116	0.580947	200	2	-3.8789	0.85029	0.85205	0.999995	792	0	-3.8789
GTF3C1	4	0.037614	0.11205	0.580947	201	4	-3.732	0.96239	0.9628	0.999995	929	0	-3.732
GABPB2	4	0.037774	0.11246	0.580947	202	4	-3.9086	0.96223	0.96259	0.999995	928	0	-3.9086
SS18	4	0.038996	0.11582	0.592505	203	4	-3.8443	0.961	0.96159	0.999995	926	0	-3.8443
PMM1	4	0.039161	0.11639	0.59256	204	4	-3.2802	0.96084	0.96147	0.999995	924	0	-3.2802
UTP14A	4	0.039528	0.1172	0.592621	205	3	-4.6108	0.19147	0.19187	0.999995	178	0	-4.6108
NCK1	4	0.039641	0.11752	0.592621	206	3	-4.5707	0.47935	0.47822	0.999995	462	0	-4.5707
VPS26A	4	0.040162	0.1189	0.596758	207	4	-3.2158	0.95984	0.96036	0.999995	923	0	-3.2158
PRKAB1	4	0.0405	0.11985	0.598706	208	4	-3.7616	0.9595	0.96	0.999995	921	0	-3.7616
RPRD1B	4	0.040925	0.12096	0.601381	209	4	-3.95	0.95907	0.95947	0.999995	920	0	-3.95
PPP2R1A	4	0.041368	0.12205	0.603984	210	3	-4.2097	0.27525	0.27382	0.999995	254	0	-4.2097
RBBP4	3	0.041574	0.10081	0.550296	211	2	-4.7476	0.34393	0.34203	0.999995	323	0	-4.7476
COX4I1	4	0.041786	0.12313	0.60647	212	4	-3.5921	0.95821	0.95871	0.999995	919	0	-3.5921
SNAPC4	4	0.042131	0.12402	0.608063	213	2	-3.7266	0.34691	0.34574	0.999995	328	0	-3.7266
SCN10A	4	0.043548	0.12791	0.621378	214	4	-3.6543	0.95645	0.95705	0.999995	917	0	-3.6543
PPP3R2	4	0.044346	0.12982	0.627763	215	3	-3.8918	0.42498	0.42407	0.999995	410	0	-3.8918
NAPA	4	0.044834	0.13107	0.630941	216	3	-4.148	0.89327	0.8937	0.999995	842	0	-4.148
HACD2	4	0.045736	0.1335	0.639211	217	4	-3.2215	0.95426	0.95476	0.999995	915	0	-3.2215
RPS28	2	0.045961	0.082074	0.518476	218	2	-4.6047	0.95404	0.95362	0.999995	914	0	-4.6047
TLN1	4	0.046109	0.13446	0.639211	219	4	-3.8699	0.95389	0.95444	0.999995	913	0	-3.8699
GALR3	4	0.046296	0.13498	0.639211	220	4	-3.7653	0.9537	0.95427	0.999995	911	0	-3.7653
RGS19	4	0.04639	0.13521	0.639211	221	4	-3.4345	0.95361	0.95415	0.999995	910	0	-3.4345
ACTL7A	4	0.047704	0.13826	0.64788	222	3	-3.8795	0.92023	0.92015	0.999995	875	0	-3.8795
TNPO1	3	0.048275	0.11539	0.592505	223	3	-4.7259	0.95173	0.9513	0.999995	909	0	-4.7259
TRAPPC3	4	0.049285	0.1423	0.663868	224	3	-4.0743	0.92163	0.92155	0.999995	878	0	-4.0743
PRDM16	4	0.04996	0.14393	0.668512	225	4	-3.7666	0.95004	0.95039	0.999995	906	0	-3.7666
TNKS	4	0.050458	0.14517	0.671343	226	4	-3.5191	0.94954	0.94979	0.999995	905	0	-3.5191
MAT2A	4	0.050814	0.14599	0.67217	227	3	-4.2358	0.65378	0.65323	0.999995	625	0	-4.2358
SOS1	4	0.051255	0.14682	0.673074	228	2	-3.7306	0.79888	0.80011	0.999995	753	0	-3.7306
DNAJC19	3	0.052899	0.12583	0.614067	229	1	-2.2691	0.083127	0.083513	0.999995	67	0	-2.2691
GLT6D1	4	0.0529	0.15103	0.687226	230	4	-3.6715	0.9471	0.94713	0.999995	903	0	-3.6715
RNF38	4	0.052954	0.1512	0.687226	231	3	-4.0744	0.67771	0.67679	0.999995	648	0	-4.0744
CTSZ	4	0.053315	0.15212	0.688436	232	4	-3.5946	0.94668	0.94662	0.999995	902	0	-3.5946
RNF113A	4	0.053999	0.15367	0.692501	233	2	-3.459	0.39077	0.3891	0.999995	376	0	-3.459
RPL31	2	0.054391	0.095929	0.537509	234	2	-4.6666	0.90425	0.9043	0.999995	856	0	-4.6666
HRH3	4	0.054682	0.1554	0.693922	235	4	-3.2551	0.94532	0.94528	0.999995	900	0	-3.2551
SPATA16	4	0.054895	0.15595	0.693922	236	4	-3.6325	0.94511	0.9451	0.999995	899	0	-3.6325
LIMK1	4	0.055564	0.15767	0.698641	237	3	-3.9191	0.20736	0.2068	0.999995	193	0	-3.9191
GRIP1	4	0.057275	0.16205	0.708712	238	4	-3.3809	0.94273	0.94252	0.999995	897	0	-3.3809
CNOT7	4	0.057385	0.16237	0.708712	239	4	-3.4322	0.94262	0.94241	0.999995	896	0	-3.4322
IPO7	3	0.057442	0.13617	0.640902	240	2	-4.3639	0.59886	0.59838	0.999995	575	0	-4.3639
EFR3B	4	0.057605	0.16297	0.708712	241	4	-3.6093	0.9424	0.94223	0.999995	895	0	-3.6093
RNF40	4	0.059188	0.16696	0.717203	242	2	-3.4761	0.57742	0.57749	0.999995	556	0	-3.4761
TMEM30A	4	0.059425	0.16742	0.717203	243	3	-4.1321	0.36513	0.36388	0.999995	347	0	-4.1321
APH1B	4	0.059504	0.16765	0.717203	244	4	-3.2306	0.9405	0.94037	0.999995	893	0	-3.2306
MPC1	4	0.059618	0.16796	0.717203	245	4	-3.2146	0.94038	0.94025	0.999995	892	0	-3.2146
NUMBL	4	0.060186	0.16917	0.71903	246	4	-3.1413	0.93981	0.93965	0.999995	891	0	-3.1413
PFN1	4	0.060422	0.16974	0.71903	247	3	-4.236	0.45356	0.45309	0.999995	436	0	-4.236
LSM14B	4	0.061104	0.17145	0.723384	248	4	-3.0488	0.9389	0.93867	0.999995	890	0	-3.0488
MED8	4	0.062831	0.17518	0.73619	249	3	-4.1321	0.29423	0.29238	0.999995	272	0	-4.1321
VANGL2	4	0.065833	0.18005	0.753669	250	3	-3.9467	0.90756	0.9076	0.999995	861	0	-3.9467
PUM2	4	0.066297	0.18085	0.754015	251	3	-3.721	0.85541	0.85688	0.999995	800	0	-3.721
ATP6V1E1	3	0.066678	0.15567	0.693922	252	2	-4.4678	0.2476	0.24679	0.999995	228	0	-4.4678
PIP4P2	4	0.068485	0.18439	0.765567	253	3	-3.7055	0.44214	0.44139	0.999995	428	0	-3.7055
SAMD9	4	0.068849	0.18507	0.765567	254	3	-3.8605	0.82839	0.83036	0.999995	778	0	-3.8605
MCPH1	4	0.070714	0.18819	0.775456	255	3	-3.7273	0.87143	0.87204	0.999995	815	0	-3.7273
PSMA2	4	0.071422	0.18937	0.777075	256	3	-4.164	0.68171	0.68081	0.999995	655	0	-4.164
AP5M1	4	0.071845	0.19005	0.777075	257	3	-3.6231	0.77289	0.77391	0.999995	728	0	-3.6231
AKIRIN1	4	0.072986	0.19193	0.78174	258	3	-3.9001	0.48336	0.48244	0.999995	466	0	-3.9001
INCENP	4	0.075134	0.19531	0.792478	259	3	-3.8049	0.84548	0.84746	0.999995	788	0	-3.8049
GABPB1	4	0.078017	0.20003	0.808499	260	2	-3.7261	0.83747	0.83916	0.999995	785	0	-3.7261
POLR2F	4	0.079539	0.20235	0.814799	261	3	-3.6077	0.74582	0.7453	0.999995	707	0	-3.6077
POU4F2	4	0.088192	0.21616	0.867105	262	3	-3.9153	0.27893	0.27743	0.999995	257	0	-3.9153
RNF20	4	0.090266	0.21972	0.878031	263	3	-3.8128	0.88773	0.88778	0.999995	834	0	-3.8128
GLIS3	4	0.091309	0.22133	0.88117	264	2	-3.5186	0.40616	0.40464	0.999995	390	0	-3.5186
CCNT2	4	0.093889	0.22539	0.893963	265	3	-4.0527	0.90598	0.90583	0.999995	858	0	-4.0527
RPS15	2	0.094303	0.16037	0.707611	266	2	-4.0228	0.9057	0.90582	0.999995	857	0	-4.0228
RPL27A	2	0.095916	0.16329	0.708712	267	1	-2.8806	0.035124	0.034775	0.999995	24	0	-2.8806
USP13	4	0.097467	0.23154	0.913057	268	3	-3.4941	0.87244	0.87309	0.999995	816	0	-3.4941
VPS26B	4	0.097855	0.23221	0.913057	269	3	-3.9818	0.67971	0.67878	0.999995	652	0	-3.9818
RBPJ	4	0.098251	0.2329	0.913057	270	3	-3.8647	0.52226	0.52134	0.999995	509	0	-3.8647
SIN3B	4	0.098828	0.23389	0.913057	271	3	-3.6202	0.78559	0.78649	0.999995	742	0	-3.6202
ZNF804B	4	0.099219	0.23452	0.913057	272	3	-3.7192	0.54399	0.54289	0.999995	529	0	-3.7192
PRPF38A	4	0.099766	0.23545	0.913339	273	3	-3.1189	0.31	0.30818	0.999995	288	0	-3.1189
HNRNPK	4	0.10238	0.23959	0.917605	274	3	-3.8749	0.87423	0.87502	0.999995	818	0	-3.8749
PFAS	4	0.10239	0.23959	0.917605	275	2	-3.4933	0.65548	0.65467	0.999995	626	0	-3.4933
SEC11C	4	0.10278	0.24021	0.917605	276	3	-3.5515	0.11099	0.11135	0.999995	94	0	-3.5515
COPG1	4	0.10661	0.24599	0.933692	277	3	-3.8932	0.51411	0.51313	0.999995	498	0	-3.8932
POLD1	4	0.10963	0.25037	0.946941	278	3	-3.7499	0.37969	0.37847	0.999995	365	0	-3.7499
RBMX	3	0.1101	0.24088	0.917605	279	2	-3.5938	0.73715	0.73774	0.999995	703	0	-3.5938
GMPR2	4	0.11146	0.25344	0.955128	280	2	-3.4619	0.48164	0.48063	0.999995	463	0	-3.4619
EXOC6	4	0.11858	0.26458	0.987781	281	3	-3.6125	0.7485	0.74816	0.999995	711	0	-3.6125
IRF8	4	0.1188	0.2649	0.987781	282	3	-3.5372	0.20894	0.20837	0.999995	194	0	-3.5372
LSM4	4	0.12032	0.26734	0.993382	283	3	-3.4266	0.64177	0.64083	0.999995	617	0	-3.4266
QSOX1	4	0.12185	0.27013	0.999995	284	3	-3.6746	0.73385	0.7335	0.999995	698	0	-3.6746
CRY1	4	0.12367	0.2729	0.999995	285	2	-3.3796	0.47877	0.4776	0.999995	461	0	-3.3796
FDPS	4	0.12431	0.27386	0.999995	286	2	-3.5054	0.65081	0.65018	0.999995	623	0	-3.5054
CAP1	4	0.12719	0.27792	0.999995	287	3	-3.8152	0.90803	0.90813	0.999995	862	0	-3.8152
TOB1	4	0.12854	0.28015	0.999995	288	3	-3.4119	0.89877	0.89905	0.999995	849	0	-3.4119
UNC45A	4	0.1299	0.28219	0.999995	289	3	-3.5642	0.7638	0.76444	0.999995	721	0	-3.5642
TBP	4	0.13313	0.2868	0.999995	290	2	-2.6706	0.37574	0.37452	0.999995	360	0	-2.6706
NDE1	4	0.13467	0.28907	0.999995	291	3	-3.7783	0.3206	0.31898	0.999995	299	0	-3.7783
DDX17	4	0.13481	0.28923	0.999995	292	1	-2.123	0.29279	0.29099	0.999995	270	0	-2.123
SNX2	4	0.13664	0.292	0.999995	293	2	-3.417	0.7	0.69961	0.999995	672	0	-3.417
YIPF5	4	0.13863	0.2946	0.999995	294	2	-3.3972	0.031996	0.032232	0.999995	21	0	-3.3972
TSG101	4	0.13989	0.29666	0.999995	295	3	-3.3448	0.6601	0.65935	0.999995	631	0	-3.3448
ARID1B	4	0.1406	0.29775	0.999995	296	3	-3.5175	0.91562	0.91559	0.999995	874	0	-3.5175
RPL15	2	0.14625	0.23983	0.917605	297	2	-3.7352	0.85375	0.85271	0.999995	796	0	-3.7352
CDK16	4	0.14637	0.30631	0.999995	298	3	-3.2367	0.36379	0.3624	0.999995	346	0	-3.2367
ARFGEF2	4	0.14734	0.30758	0.999995	299	3	-3.6614	0.82964	0.83161	0.999995	780	0	-3.6614
ADGRG7	4	0.14767	0.30819	0.999995	300	3	-3.4081	0.13566	0.13604	0.999995	121	0	-3.4081
AHCYL1	4	0.14801	0.3088	0.999995	301	2	-3.3601	0.42684	0.42577	0.999995	412	0	-3.3601
RSBN1L	4	0.14971	0.31111	0.999995	302	3	-3.6822	0.88645	0.88639	0.999995	830	0	-3.6822
BRSK2	4	0.15078	0.31275	0.999995	303	3	-3.5666	0.82127	0.82339	0.999995	771	0	-3.5666
IMPDH2	4	0.15201	0.31456	0.999995	304	3	-3.3787	0.53666	0.53585	0.999995	522	0	-3.3787
SIK2	4	0.15312	0.31591	0.999995	305	3	-3.5145	0.29568	0.29382	0.999995	275	0	-3.5145
SOAT1	4	0.154	0.31718	0.999995	306	3	-3.3551	0.19865	0.19866	0.999995	184	0	-3.3551
EEFSEC	4	0.1545	0.31797	0.999995	307	3	-3.5534	0.82663	0.8286	0.999995	776	0	-3.5534
PAPSS1	4	0.15475	0.31848	0.999995	308	3	-3.4313	0.90928	0.90928	0.999995	865	0	-3.4313
YIPF7	4	0.15525	0.31926	0.999995	309	3	-3.6929	0.81367	0.81594	0.999995	764	0	-3.6929
SHCBP1L	4	0.15576	0.3199	0.999995	310	3	-3.172	0.62541	0.62461	0.999995	599	0	-3.172
SLC9A3R2	4	0.15651	0.32098	0.999995	311	3	-3.2958	0.62721	0.62652	0.999995	601	0	-3.2958
SMARCC2	4	0.15929	0.32456	0.999995	312	3	-3.307	0.92079	0.9207	0.999995	876	0	-3.307
FOXB1	4	0.16002	0.32568	0.999995	313	2	-3.3643	0.31638	0.31472	0.999995	295	0	-3.3643
RPL21	2	0.16119	0.26209	0.984218	314	2	-4.0968	0.77426	0.77386	0.999995	729	0	-4.0968
KAT6A	4	0.16133	0.32787	0.999995	315	3	-3.3219	0.71457	0.71384	0.999995	684	0	-3.3219
ITSN1	4	0.16145	0.32806	0.999995	316	2	-2.621	0.40488	0.40336	0.999995	388	0	-2.621
MED12L	4	0.1635	0.33123	0.999995	317	2	-3.1192	0.54504	0.544	0.999995	530	0	-3.1192
TIMM23	4	0.1642	0.33238	0.999995	318	3	-3.6632	0.6122	0.61129	0.999995	587	0	-3.6632
PAPSS2	4	0.1649	0.33341	0.999995	319	3	-3.5344	0.85298	0.85448	0.999995	795	0	-3.5344
ATR	4	0.16561	0.33444	0.999995	320	3	-3.7064	0.92149	0.9214	0.999995	877	0	-3.7064
MBD3L1	4	0.16623	0.33539	0.999995	321	3	-3.5134	0.88663	0.8866	0.999995	831	0	-3.5134
NUTF2	4	0.16719	0.33683	0.999995	322	1	-2.2028	0.6071	0.60629	0.999995	581	0	-2.2028
LGALS9	4	0.16832	0.33841	0.999995	323	3	-3.2407	0.11614	0.11614	0.999995	102	0	-3.2407
ARFGEF1	4	0.16884	0.33924	0.999995	324	3	-3.2024	0.78765	0.78848	0.999995	745	0	-3.2024
PSEN1	4	0.17121	0.34276	0.999995	325	3	-3.1952	0.87363	0.8744	0.999995	817	0	-3.1952
FUT5	4	0.17445	0.34788	0.999995	326	3	-3.6035	0.85409	0.85558	0.999995	798	0	-3.6035
CFL1	4	0.17552	0.34924	0.999995	327	2	-3.3899	0.89043	0.89071	0.999995	840	0	-3.3899
GSDMD	4	0.176	0.34999	0.999995	328	3	-3.4756	0.7019	0.7015	0.999995	673	0	-3.4756
OSBPL6	4	0.17627	0.35032	0.999995	329	3	-3.4112	0.92757	0.92757	0.999995	882	0	-3.4112
GJA8	4	0.17977	0.3558	0.999995	330	3	-3.1126	0.57048	0.5708	0.999995	553	0	-3.1126
CYFIP2	4	0.18004	0.35612	0.999995	331	3	-3.5756	0.88441	0.8845	0.999995	828	0	-3.5756
HTR2C	4	0.18019	0.35634	0.999995	332	2	-2.0833	0.029244	0.029362	0.999995	18	0	-2.0833
CCNT1	4	0.18031	0.35641	0.999995	333	3	-3.4831	0.86694	0.86769	0.999995	811	0	-3.4831
CTCFL	4	0.18055	0.35672	0.999995	334	2	-3.4005	0.63122	0.63045	0.999995	604	0	-3.4005
IL6ST	4	0.18058	0.35676	0.999995	335	3	-3.4336	0.9063	0.90616	0.999995	859	0	-3.4336
DPCR1	4	0.18112	0.35763	0.999995	336	3	-3.1553	0.91355	0.91357	0.999995	871	0	-3.1553
EFR3A	4	0.18331	0.36092	0.999995	337	3	-3.3013	0.26711	0.26599	0.999995	247	0	-3.3013
GCM2	4	0.18413	0.36212	0.999995	338	3	-3.0528	0.89707	0.89728	0.999995	845	0	-3.0528
MECOM	4	0.1867	0.36576	0.999995	339	3	-3.5507	0.41562	0.41431	0.999995	402	0	-3.5507
UTP14C	4	0.18826	0.36779	0.999995	340	3	-3.1904	0.056495	0.056428	0.999995	45	0	-3.1904
BICD1	4	0.18853	0.36816	0.999995	341	3	-3.5591	0.88273	0.88311	0.999995	827	0	-3.5591
HPS1	4	0.18965	0.36988	0.999995	342	3	-3.1552	0.48679	0.4857	0.999995	469	0	-3.1552
UQCRC1	4	0.19273	0.37398	0.999995	343	3	-3.3756	0.63476	0.63386	0.999995	608	0	-3.3756
NRBP2	4	0.19513	0.37738	0.999995	344	3	-3.5046	0.91444	0.91438	0.999995	872	0	-3.5046
MRPL27	4	0.19586	0.37839	0.999995	345	2	-3.3652	0.85804	0.85948	0.999995	805	0	-3.3652
LIN28A	3	0.19856	0.34574	0.999995	346	2	-3.707	0.114	0.11475	0.999995	99	0	-3.707
NET1	4	0.19867	0.38234	0.999995	347	3	-3.0871	0.1306	0.13076	0.999995	117	0	-3.0871
RPP14	4	0.20153	0.3859	0.999995	348	3	-3.2571	0.54347	0.54236	0.999995	528	0	-3.2571
ZWILCH	4	0.20183	0.38637	0.999995	349	3	-3.2176	0.90819	0.90835	0.999995	863	0	-3.2176
CADPS	4	0.20402	0.38979	0.999995	350	2	-3.0717	0.63608	0.63514	0.999995	609	0	-3.0717
COQ10A	4	0.2042	0.39008	0.999995	351	1	-2.1322	0.67205	0.67115	0.999995	641	0	-2.1322
CD72	4	0.20557	0.39201	0.999995	352	3	-3.2122	0.29351	0.29168	0.999995	271	0	-3.2122
LDB2	4	0.20579	0.3924	0.999995	353	2	-2.5592	0.53876	0.53792	0.999995	525	0	-2.5592
APH1A	4	0.20731	0.39432	0.999995	354	3	-3.3051	0.89977	0.90007	0.999995	851	0	-3.3051
GSX2	4	0.20739	0.39445	0.999995	355	2	-2.61	0.37111	0.36988	0.999995	355	0	-2.61
STX17	4	0.20894	0.3965	0.999995	356	1	-2.0037	0.18183	0.18211	0.999995	166	0	-2.0037
MMD	4	0.20964	0.39736	0.999995	357	2	-3.1514	0.7844	0.78547	0.999995	740	0	-3.1514
EIF3L	4	0.20994	0.39788	0.999995	358	3	-3.0679	0.47762	0.47652	0.999995	460	0	-3.0679
PXDN	4	0.21053	0.39878	0.999995	359	3	-3.2399	0.6692	0.66839	0.999995	639	0	-3.2399
CRY2	4	0.21077	0.39906	0.999995	360	3	-3.5198	0.69771	0.69706	0.999995	669	0	-3.5198
ATP6V1E2	4	0.21377	0.40332	0.999995	361	3	-3.2581	0.27673	0.27536	0.999995	255	0	-3.2581
SEC23B	4	0.21584	0.40617	0.999995	362	3	-3.2789	0.93415	0.93423	0.999995	886	0	-3.2789
CYFIP1	4	0.21605	0.4064	0.999995	363	2	-3.0118	0.70227	0.70185	0.999995	674	0	-3.0118
RANBP17	4	0.21733	0.40821	0.999995	364	3	-3.0088	0.78618	0.78706	0.999995	743	0	-3.0088
STRIP1	4	0.22002	0.41201	0.999995	365	3	-3.1987	0.61817	0.61717	0.999995	593	0	-3.1987
CNOT8	3	0.2217	0.37006	0.999995	366	2	-3.5888	0.87091	0.87114	0.999995	814	0	-3.5888
GBX2	4	0.22273	0.41573	0.999995	367	3	-3.0701	0.51466	0.51368	0.999995	499	0	-3.0701
GRIP2	4	0.22457	0.41813	0.999995	368	2	-2.1197	0.16227	0.16222	0.999995	146	0	-2.1197
COX4I2	4	0.22484	0.41842	0.999995	369	3	-3.2408	0.89927	0.89958	0.999995	850	0	-3.2408
NAA16	4	0.22727	0.422	0.999995	370	3	-3.306	0.77535	0.7764	0.999995	730	0	-3.306
MMD2	4	0.22819	0.42309	0.999995	371	3	-3.2737	0.55484	0.55437	0.999995	539	0	-3.2737
STRADA	4	0.22999	0.42569	0.999995	372	3	-3.1063	0.82435	0.82635	0.999995	773	0	-3.1063
MRGPRX2	4	0.23033	0.42626	0.999995	373	3	-2.9701	0.887	0.88701	0.999995	833	0	-2.9701
CDK5R2	4	0.23125	0.4275	0.999995	374	3	-3.1505	0.67489	0.67409	0.999995	645	0	-3.1505
CCT6B	4	0.23187	0.4283	0.999995	375	3	-2.845	0.81894	0.82115	0.999995	767	0	-2.845
VIM	4	0.2331	0.42998	0.999995	376	3	-3.0334	0.85717	0.8586	0.999995	804	0	-3.0334
BTG1	4	0.23557	0.43344	0.999995	377	3	-3.349	0.86507	0.86595	0.999995	809	0	-3.349
STX12	4	0.23619	0.43435	0.999995	378	3	-2.9266	0.055596	0.055549	0.999995	44	0	-2.9266
IRF4	4	0.2365	0.43479	0.999995	379	3	-2.9967	0.43361	0.43266	0.999995	418	0	-2.9967
TAS1R2	4	0.23681	0.4352	0.999995	380	3	-3.11	0.90974	0.90972	0.999995	866	0	-3.11
MTMR4	4	0.23868	0.43732	0.999995	381	3	-3.392	0.045664	0.045966	0.999995	35	0	-3.392
IPO5	4	0.23868	0.43732	0.999995	382	3	-3.1649	0.82511	0.82699	0.999995	774	0	-3.1649
TTC23	4	0.24023	0.43946	0.999995	383	2	-2.2141	0.058291	0.058307	0.999995	46	0	-2.2141
TCERG1	4	0.24101	0.44031	0.999995	384	2	-3.2895	0.25739	0.25635	0.999995	236	0	-3.2895
PLXDC2	4	0.24226	0.44209	0.999995	385	2	-2.893	0.75444	0.75467	0.999995	715	0	-2.893
KRT38	4	0.24591	0.44682	0.999995	386	3	-3.1264	0.60757	0.6068	0.999995	582	0	-3.1264
TANK	4	0.24725	0.44866	0.999995	387	2	-2.9532	0.26264	0.26146	0.999995	244	0	-2.9532
COPS7B	4	0.24882	0.45095	0.999995	388	2	-3.0485	0.54555	0.54452	0.999995	531	0	-3.0485
SPTA1	4	0.25131	0.45434	0.999995	389	3	-3.005	0.80445	0.80605	0.999995	757	0	-3.005
CHSY3	4	0.25274	0.45615	0.999995	390	2	-3.067	0.44697	0.44643	0.999995	432	0	-3.067
SPTLC2	4	0.25353	0.45725	0.999995	391	2	-3.3177	0.88918	0.8892	0.999995	837	0	-3.3177
UBASH3B	4	0.25355	0.45726	0.999995	392	3	-3.126	0.75477	0.75494	0.999995	716	0	-3.126
HEATR5A	4	0.25581	0.4604	0.999995	393	3	-2.9073	0.88216	0.88256	0.999995	826	0	-2.9073
MBP	4	0.25613	0.46071	0.999995	394	3	-3.2316	0.50697	0.50586	0.999995	492	0	-3.2316
SHMT2	4	0.25936	0.46494	0.999995	395	3	-3.0458	0.88589	0.88589	0.999995	829	0	-3.0458
ADSSL1	4	0.25944	0.46502	0.999995	396	2	-3.0416	0.075226	0.075473	0.999995	59	0	-3.0416
IQCA1	4	0.26301	0.46973	0.999995	397	2	-2.8369	0.18505	0.18566	0.999995	170	0	-2.8369
UNC45B	4	0.26327	0.47005	0.999995	398	3	-3.0212	0.42312	0.42219	0.999995	407	0	-3.0212
XYLT1	4	0.26523	0.47258	0.999995	399	3	-2.9972	0.89344	0.89386	0.999995	843	0	-2.9972
TREML4	3	0.26591	0.41631	0.999995	400	2	-3.2708	0.82977	0.83001	0.999995	781	0	-3.2708
REG3A	4	0.26687	0.47475	0.999995	401	3	-2.9732	0.034741	0.035018	0.999995	23	0	-2.9732
HOXB1	4	0.26698	0.4749	0.999995	402	2	-3.0478	0.19627	0.19639	0.999995	182	0	-3.0478
SAFB2	4	0.26711	0.47506	0.999995	403	2	-2.4683	0.67811	0.67722	0.999995	649	0	-2.4683
RNF10	4	0.2672	0.47514	0.999995	404	3	-2.9918	0.87969	0.88003	0.999995	823	0	-2.9918
FNIP1	4	0.26885	0.47708	0.999995	405	3	-3.2959	0.49527	0.49429	0.999995	478	0	-3.2959
LNX2	4	0.27056	0.47922	0.999995	406	2	-3.0236	0.55841	0.55839	0.999995	542	0	-3.0236
SMARCC1	4	0.27216	0.48114	0.999995	407	2	-3.0458	0.77228	0.77315	0.999995	727	0	-3.0458
DUOX1	4	0.27315	0.48236	0.999995	408	3	-3.1212	0.60989	0.60902	0.999995	584	0	-3.1212
SS18L1	4	0.27548	0.48542	0.999995	409	3	-2.9075	0.90677	0.90658	0.999995	860	0	-2.9075
RPA3	4	0.27746	0.48794	0.999995	410	2	-2.692	0.66879	0.66802	0.999995	638	0	-2.692
MORF4L2	4	0.27776	0.4883	0.999995	411	2	-2.9921	0.3043	0.30249	0.999995	283	0	-2.9921
PSMB9	4	0.27781	0.48836	0.999995	412	3	-2.8694	0.37706	0.37589	0.999995	363	0	-2.8694
HEATR5B	4	0.27848	0.48913	0.999995	413	3	-3.299	0.49808	0.49698	0.999995	482	0	-3.299
RANBP9	4	0.28184	0.49318	0.999995	414	3	-3.0437	0.93205	0.93204	0.999995	885	0	-3.0437
WRN	4	0.28218	0.49353	0.999995	415	3	-3.2501	0.6448	0.64422	0.999995	620	0	-3.2501
DMP1	4	0.28257	0.494	0.999995	416	2	-2.9065	0.75705	0.75715	0.999995	718	0	-2.9065
SP110	4	0.28338	0.49518	0.999995	417	2	-3.3418	0.77779	0.77885	0.999995	733	0	-3.3418
EZH1	4	0.28522	0.49763	0.999995	418	3	-3.0665	0.65123	0.65067	0.999995	624	0	-3.0665
KLF5	4	0.28556	0.498	0.999995	419	3	-3.1307	0.88179	0.88216	0.999995	825	0	-3.1307
TPST2	4	0.28623	0.49893	0.999995	420	3	-2.9906	0.88827	0.88831	0.999995	835	0	-2.9906
RBPJL	4	0.2874	0.50014	0.999995	421	2	-3.1135	0.71273	0.71201	0.999995	682	0	-3.1135
ARHGEF6	4	0.28861	0.50179	0.999995	422	3	-3.0632	0.75082	0.75078	0.999995	714	0	-3.0632
SPTAN1	4	0.28989	0.50342	0.999995	423	2	-2.7432	0.50087	0.49964	0.999995	486	0	-2.7432
KCNT2	4	0.29061	0.50425	0.999995	424	1	-2.286	0.72111	0.72047	0.999995	690	0	-2.286
CTPS2	4	0.291	0.50483	0.999995	425	3	-3.1642	0.55993	0.56004	0.999995	543	0	-3.1642
SLC25A28	4	0.29104	0.50487	0.999995	426	2	-2.6761	0.40806	0.40658	0.999995	393	0	-2.6761
SIX6	4	0.29144	0.50535	0.999995	427	3	-3.2802	0.74916	0.749	0.999995	712	0	-3.2802
UAP1L1	4	0.29168	0.50568	0.999995	428	3	-2.8691	0.92274	0.92277	0.999995	880	0	-2.8691
CHMP1A	4	0.29305	0.50735	0.999995	429	3	-2.9346	0.85695	0.85836	0.999995	803	0	-2.9346
NMT1	4	0.29339	0.50779	0.999995	430	3	-2.9343	0.45416	0.45369	0.999995	437	0	-2.9343
ITGB1BP2	4	0.29549	0.51069	0.999995	431	2	-3.1152	0.57791	0.57792	0.999995	557	0	-3.1152
JAG1	4	0.29821	0.51411	0.999995	432	3	-2.8472	0.60477	0.60415	0.999995	578	0	-2.8472
MT2A	4	0.30076	0.5175	0.999995	433	2	-3.1676	0.66343	0.66257	0.999995	634	0	-3.1676
CABP5	4	0.30271	0.52006	0.999995	434	3	-3.1579	0.29928	0.2971	0.999995	278	0	-3.1579
TOP1MT	4	0.3032	0.52063	0.999995	435	2	-2.9558	0.094549	0.0942	0.999995	76	0	-2.9558
ATP8B3	4	0.30514	0.52315	0.999995	436	3	-3.1309	0.24226	0.24176	0.999995	222	0	-3.1309
SLC11A2	4	0.30605	0.52438	0.999995	437	2	-3.0031	0.80168	0.80287	0.999995	756	0	-3.0031
SLC35F3	4	0.30768	0.52637	0.999995	438	2	-2.8738	0.64566	0.64524	0.999995	621	0	-2.8738
GPSM1	4	0.3085	0.52752	0.999995	439	2	-2.8098	0.59006	0.59	0.999995	567	0	-2.8098
LSM14A	4	0.31144	0.53104	0.999995	440	3	-2.885	0.70791	0.70701	0.999995	678	0	-2.885
KPNA2	3	0.31463	0.46543	0.999995	441	2	-3.2973	0.69555	0.69596	0.999995	666	0	-3.2973
ATM	4	0.31626	0.53497	0.999995	442	2	-3.2225	0.52549	0.52484	0.999995	513	0	-3.2225
ZNF418	4	0.31749	0.53588	0.999995	443	2	-3.1686	0.61862	0.61763	0.999995	594	0	-3.1686
ATP5PB	4	0.31849	0.53658	0.999995	444	2	-3.0303	0.18907	0.18955	0.999995	175	0	-3.0303
STAM	4	0.31913	0.53695	0.999995	445	2	-2.909	0.60896	0.6081	0.999995	583	0	-2.909
ZMAT2	4	0.31995	0.53749	0.999995	446	2	-3.1791	0.23844	0.23776	0.999995	220	0	-3.1791
RPL6	1	0.32586	0.32644	0.999995	447	1	-3.4879	0.67414	0.67626	0.999995	643	0	-3.4879
SLC10A2	4	0.3262	0.5422	0.999995	448	1	-2.1694	0.71966	0.71902	0.999995	688	0	-2.1694
KLF4	4	0.33063	0.54564	0.999995	449	2	-3.1721	0.8636	0.86464	0.999995	808	0	-3.1721
MYBL2	4	0.33186	0.54653	0.999995	450	2	-2.8614	0.042034	0.042423	0.999995	31	0	-2.8614
SNRPN	4	0.33269	0.54711	0.999995	451	2	-2.9375	0.6374	0.63642	0.999995	611	0	-2.9375
NDEL1	4	0.3331	0.54757	0.999995	452	2	-2.7506	0.59246	0.59234	0.999995	570	0	-2.7506
FAM71B	4	0.33557	0.54946	0.999995	453	2	-3.0059	0.66756	0.66672	0.999995	637	0	-3.0059
NR5A2	4	0.33805	0.55128	0.999995	454	2	-2.7108	0.53771	0.5368	0.999995	523	0	-2.7108
ULK2	4	0.34011	0.55261	0.999995	455	2	-2.6209	0.48622	0.48514	0.999995	468	0	-2.6209
DHX29	3	0.34025	0.49145	0.999995	456	2	-2.9028	0.075799	0.07566	0.999995	60	0	-2.9028
ULK1	4	0.34176	0.55385	0.999995	457	2	-3.0929	0.84198	0.84387	0.999995	787	0	-3.0929
ZNF260	4	0.34342	0.55505	0.999995	458	2	-2.9516	0.68803	0.68737	0.999995	659	0	-2.9516
RAMP2	4	0.34673	0.55751	0.999995	459	2	-3.1704	0.91503	0.91502	0.999995	873	0	-3.1704
LARP1	4	0.34759	0.55818	0.999995	460	1	-2.6129	0.11185	0.11223	0.999995	96	0	-2.6129
GRHL3	4	0.35099	0.56053	0.999995	461	1	-2.7738	0.79689	0.7983	0.999995	752	0	-2.7738
COX6B1	8	0.35205	0.6567	0.999995	462	5	-2.8938	0.91158	0.91169	0.999995	870	0	-2.8938
SLC25A25	4	0.35335	0.56218	0.999995	463	2	-2.4176	0.36912	0.36803	0.999995	353	0	-2.4176
PTPN21	4	0.35418	0.56272	0.999995	464	2	-2.8933	0.59198	0.59186	0.999995	569	0	-2.8933
EP300	4	0.35438	0.56279	0.999995	465	1	0.2349	0.023724	0.023846	0.999995	13	0	0.2349
IL10RA	4	0.35709	0.56479	0.999995	466	2	-2.6943	0.45714	0.45642	0.999995	441	0	-2.6943
APOBEC1	4	0.35842	0.56569	0.999995	467	2	-2.8641	0.52495	0.52422	0.999995	512	0	-2.8641
EXOC6B	4	0.35875	0.56597	0.999995	468	2	-2.7608	0.31496	0.31346	0.999995	294	0	-2.7608
MED13L	4	0.36111	0.56776	0.999995	469	2	-2.433	0.61725	0.61614	0.999995	592	0	-2.433
DMXL1	4	0.36245	0.56874	0.999995	470	2	-2.6852	0.78736	0.78818	0.999995	744	0	-2.6852
SMAP2	4	0.36248	0.56877	0.999995	471	2	-2.8376	0.6655	0.66461	0.999995	636	0	-2.8376
PTCH2	4	0.36373	0.56969	0.999995	472	2	-2.7141	0.61359	0.61262	0.999995	589	0	-2.7141
ERBB3	8	0.36545	0.67038	0.999995	473	3	-2.3334	0.61684	0.61626	0.999995	591	0	-2.3334
TOMM40L	4	0.36913	0.57387	0.999995	474	2	-3.0144	0.69617	0.69555	0.999995	667	0	-3.0144
RHBDF1	4	0.36979	0.57432	0.999995	475	2	-3.0967	0.81711	0.81941	0.999995	766	0	-3.0967
ADM	4	0.37163	0.57561	0.999995	476	2	-3.0943	0.2804	0.27891	0.999995	259	0	-3.0943
SLC11A1	4	0.37244	0.57626	0.999995	477	1	-2.1911	0.56347	0.56375	0.999995	547	0	-2.1911
ZAP70	4	0.37288	0.57662	0.999995	478	2	-2.9048	0.76885	0.76965	0.999995	724	0	-2.9048
ZG16	4	0.37442	0.57754	0.999995	479	2	-2.1791	0.21522	0.21455	0.999995	198	0	-2.1791
TUBB2A	4	0.37579	0.57837	0.999995	480	2	-3.182	0.216	0.21537	0.999995	199	0	-3.182
TRPC7	4	0.37706	0.5792	0.999995	481	2	-2.6263	0.49752	0.4965	0.999995	481	0	-2.6263
TBC1D28	3	0.3779	0.53023	0.999995	482	2	-3.1374	0.33753	0.33542	0.999995	315	0	-3.1374
PMM2	4	0.38037	0.58155	0.999995	483	2	-3.0147	0.65842	0.65773	0.999995	629	0	-3.0147
TNKS2	4	0.38079	0.58199	0.999995	484	2	-2.4924	0.27378	0.27248	0.999995	253	0	-2.4924
PSMB6	4	0.381	0.58217	0.999995	485	2	-2.7203	0.87737	0.87811	0.999995	821	0	-2.7203
GALNT5	4	0.38296	0.58356	0.999995	486	1	-2.4548	0.41374	0.41238	0.999995	400	0	-2.4548
LBX1	4	0.3837	0.5841	0.999995	487	2	-3.0818	0.91021	0.91029	0.999995	868	0	-3.0818
CLTC	4	0.38537	0.5852	0.999995	488	2	-3.0837	0.89775	0.89804	0.999995	847	0	-3.0837
CYP26C1	4	0.38621	0.58572	0.999995	489	2	-2.9692	0.82537	0.82718	0.999995	775	0	-2.9692
UCHL5	4	0.38829	0.5871	0.999995	490	2	-3.1946	0.80028	0.8014	0.999995	754	0	-3.1946
KRT74	4	0.39012	0.58836	0.999995	491	2	-2.2679	0.28771	0.28606	0.999995	265	0	-2.2679
FLNC	4	0.39271	0.59028	0.999995	492	2	-2.7166	0.2113	0.21077	0.999995	197	0	-2.7166
GPR50	4	0.394	0.59134	0.999995	493	2	-2.7867	0.68448	0.68351	0.999995	657	0	-2.7867
RP1	4	0.39746	0.59372	0.999995	494	2	-2.945	0.75803	0.75821	0.999995	719	0	-2.945
HMSD	4	0.39786	0.59402	0.999995	495	2	-2.9514	0.76539	0.766	0.999995	722	0	-2.9514
MYL7	4	0.39872	0.5947	0.999995	496	2	-2.7102	0.3276	0.32621	0.999995	304	0	-2.7102
ERH	4	0.39978	0.59552	0.999995	497	2	-2.6854	0.34895	0.34782	0.999995	332	0	-2.6854
IDH3B	4	0.40164	0.59674	0.999995	498	2	-2.8863	0.78795	0.78881	0.999995	746	0	-2.8863
NHLRC1	4	0.40456	0.59895	0.999995	499	2	-2.9372	0.70865	0.70789	0.999995	679	0	-2.9372
PDCD6IP	4	0.40539	0.5997	0.999995	500	2	-2.9553	0.82024	0.82233	0.999995	769	0	-2.9553
KCNT1	4	0.40706	0.60089	0.999995	501	2	-2.8294	0.77166	0.77245	0.999995	726	0	-2.8294
PSEN2	4	0.40742	0.60111	0.999995	502	2	-2.7934	0.76916	0.77	0.999995	725	0	-2.7934
MTMR3	4	0.4104	0.60301	0.999995	503	2	-3.0629	0.84175	0.84361	0.999995	786	0	-3.0629
RBMXL2	4	0.41248	0.60474	0.999995	504	1	-2.0768	0.18987	0.19039	0.999995	176	0	-2.0768
CREBBP	4	0.41374	0.60563	0.999995	505	2	-2.0204	0.20579	0.20551	0.999995	192	0	-2.0204
DYNLT1	4	0.41437	0.60612	0.999995	506	1	-2.2614	0.52118	0.52034	0.999995	506	0	-2.2614
SAMD4A	4	0.41707	0.60826	0.999995	507	2	-3.0417	0.82864	0.83057	0.999995	779	0	-3.0417
RSBN1	4	0.41749	0.6085	0.999995	508	2	-2.9712	0.61128	0.61043	0.999995	586	0	-2.9712
HNRNPH3	4	0.41874	0.60956	0.999995	509	2	-2.7113	0.44456	0.44396	0.999995	430	0	-2.7113
SLC22A13	4	0.41958	0.61032	0.999995	510	2	-2.8516	0.71383	0.71319	0.999995	683	0	-2.8516
CELA2A	4	0.42312	0.61316	0.999995	511	2	-2.9048	0.52172	0.52085	0.999995	507	0	-2.9048
H2AFX	4	0.42436	0.61424	0.999995	512	2	-2.6705	0.72326	0.72279	0.999995	692	0	-2.6705
PRG3	4	0.42622	0.61546	0.999995	513	2	-2.4268	0.27304	0.27171	0.999995	252	0	-2.4268
MAT1A	4	0.42625	0.61549	0.999995	514	2	-2.6491	0.093677	0.093396	0.999995	75	0	-2.6491
CNOT6	4	0.43	0.61828	0.999995	515	2	-3.0059	0.8205	0.82264	0.999995	770	0	-3.0059
HMGCS2	4	0.43054	0.61866	0.999995	516	1	-2.4812	0.58183	0.58167	0.999995	562	0	-2.4812
TBR1	4	0.4325	0.62012	0.999995	517	2	-2.6747	0.49133	0.49038	0.999995	473	0	-2.6747
PKM	3	0.43263	0.58587	0.999995	518	1	-1.5665	0.34446	0.34255	0.999995	325	0	-1.5665
OSMR	4	0.43333	0.62088	0.999995	519	2	-2.8522	0.56094	0.56119	0.999995	544	0	-2.8522
CHRNB3	4	0.43361	0.62106	0.999995	520	1	-1.67	0.042942	0.043264	0.999995	32	0	-1.67
MYBPH	4	0.43625	0.62301	0.999995	521	2	-2.8613	0.73246	0.73186	0.999995	697	0	-2.8613
DMXL2	4	0.43875	0.6248	0.999995	522	2	-2.8912	0.11013	0.11035	0.999995	93	0	-2.8912
CLIP4	4	0.44214	0.62738	0.999995	523	1	-2.2553	0.3283	0.32681	0.999995	305	0	-2.2553
PIP4P1	4	0.44291	0.62797	0.999995	524	2	-2.334	0.12211	0.12256	0.999995	109	0	-2.334
CAND2	4	0.44456	0.62913	0.999995	525	2	-2.9511	0.44153	0.44087	0.999995	427	0	-2.9511
ZNF34	4	0.44541	0.62973	0.999995	526	2	-2.4387	0.2042	0.2039	0.999995	191	0	-2.4387
SEC31A	4	0.44582	0.63008	0.999995	527	2	-2.3554	0.18746	0.18778	0.999995	173	0	-2.3554
PUM1	4	0.44832	0.63191	0.999995	528	2	-2.9501	0.79576	0.79703	0.999995	750	0	-2.9501
PAX4	4	0.44998	0.63309	0.999995	529	1	-1.5359	0.17291	0.1732	0.999995	157	0	-1.5359
MYH7	4	0.45039	0.63339	0.999995	530	2	-2.3901	0.20183	0.20153	0.999995	188	0	-2.3901
ARPC5	4	0.45237	0.63481	0.999995	531	2	-2.6542	0.57938	0.5794	0.999995	558	0	-2.6542
NCBP2L	4	0.4558	0.63754	0.999995	532	2	-2.9879	0.26039	0.25923	0.999995	241	0	-2.9879
COPG2	4	0.45621	0.63795	0.999995	533	2	-2.9124	0.71676	0.71604	0.999995	687	0	-2.9124
TFDP3	4	0.45654	0.63816	0.999995	534	1	-2.1009	0.43606	0.43535	0.999995	421	0	-2.1009
KRTAP10-10	4	0.45746	0.6388	0.999995	535	2	-2.7994	0.74481	0.74426	0.999995	706	0	-2.7994
SAR1B	4	0.4587	0.63968	0.999995	536	2	-2.9105	0.65884	0.65813	0.999995	630	0	-2.9105
TIMP2	4	0.45951	0.6403	0.999995	537	2	-2.6477	0.45476	0.45425	0.999995	438	0	-2.6477
SMARCA2	4	0.46036	0.64089	0.999995	538	2	-2.9851	0.67691	0.67609	0.999995	646	0	-2.9851
NMT2	4	0.46187	0.64201	0.999995	539	1	-2.3772	0.60617	0.60544	0.999995	580	0	-2.3772
TAF9	4	0.46305	0.643	0.999995	540	2	-2.8138	0.44516	0.44455	0.999995	431	0	-2.8138
ESRP2	4	0.46409	0.64375	0.999995	541	2	-2.9138	0.66176	0.66091	0.999995	632	0	-2.9138
MTHFD1	4	0.46451	0.64401	0.999995	542	2	-2.4038	0.3731	0.37198	0.999995	358	0	-2.4038
ATAD2	4	0.46599	0.64515	0.999995	543	2	-2.6036	0.033827	0.034158	0.999995	22	0	-2.6036
TBC1D4	4	0.46741	0.64615	0.999995	544	2	-3.0149	0.8118	0.81398	0.999995	761	0	-3.0149
ZEB1	4	0.46774	0.64649	0.999995	545	2	-2.6066	0.785	0.78601	0.999995	741	0	-2.6066
CHM	4	0.46782	0.64658	0.999995	546	2	-2.801	0.15485	0.15487	0.999995	139	0	-2.801
DGKI	4	0.46833	0.64686	0.999995	547	1	-1.9199	0.44093	0.4403	0.999995	426	0	-1.9199
BARHL1	4	0.46865	0.64714	0.999995	548	2	-2.4971	0.41248	0.41112	0.999995	398	0	-2.4971
SPAG9	4	0.46906	0.64738	0.999995	549	2	-3.0767	0.17697	0.17698	0.999995	162	0	-3.0767
DGAT2L6	4	0.4703	0.64827	0.999995	550	2	-2.8531	0.876	0.87686	0.999995	820	0	-2.8531
CPS1	4	0.47113	0.64885	0.999995	551	2	-2.8846	0.84778	0.84977	0.999995	790	0	-2.8846
BZW1	3	0.47312	0.62671	0.999995	552	2	-2.8409	0.46667	0.46506	0.999995	450	0	-2.8409
ISL1	4	0.47485	0.65143	0.999995	553	2	-2.9666	0.64264	0.64184	0.999995	618	0	-2.9666
RPRD1A	4	0.47527	0.65171	0.999995	554	2	-2.7053	0.69694	0.69639	0.999995	668	0	-2.7053
RANBP10	4	0.47531	0.65175	0.999995	555	1	-1.9784	0.16801	0.16813	0.999995	152	0	-1.9784
MEP1B	4	0.47651	0.65255	0.999995	556	2	-2.8772	0.36044	0.35903	0.999995	343	0	-2.8772
NAPB	4	0.47704	0.65306	0.999995	557	2	-2.4456	0.53083	0.53001	0.999995	518	0	-2.4456
MACF1	4	0.47733	0.65328	0.999995	558	2	-2.4768	0.035655	0.035906	0.999995	25	0	-2.4768
IDH1	4	0.4805	0.65564	0.999995	559	2	-2.5885	0.67891	0.67794	0.999995	650	0	-2.5885
GRHL2	4	0.48222	0.6569	0.999995	560	2	-2.5373	0.78232	0.78346	0.999995	737	0	-2.5373
CWF19L1	4	0.48435	0.65862	0.999995	561	2	-2.8582	0.31355	0.31207	0.999995	293	0	-2.8582
YIF1B	4	0.48682	0.66028	0.999995	562	2	-2.2014	0.34417	0.34281	0.999995	324	0	-2.2014
MYCN	4	0.48792	0.66109	0.999995	563	1	-2.0573	0.23614	0.23555	0.999995	216	0	-2.0573
NKAPL	4	0.48849	0.66162	0.999995	564	1	-2.3964	0.415	0.4137	0.999995	401	0	-2.3964
SOHLH1	4	0.48963	0.66233	0.999995	565	2	-1.937	0.1041	0.10458	0.999995	86	0	-1.937
WASL	4	0.49217	0.66426	0.999995	566	2	-2.5754	0.45951	0.45899	0.999995	445	0	-2.5754
ABCG2	4	0.49471	0.66608	0.999995	567	1	-2.05	0.4601	0.45955	0.999995	446	0	-2.05
BAP1	4	0.4975	0.66836	0.999995	568	2	-2.9462	0.85387	0.85534	0.999995	797	0	-2.9462
S1PR4	4	0.49915	0.66963	0.999995	569	2	-2.4103	0.06277	0.062861	0.999995	51	0	-2.4103
DGAT1	4	0.49997	0.67017	0.999995	570	2	-2.4303	0.25589	0.25484	0.999995	234	0	-2.4303
HRAS	4	0.50119	0.67121	0.999995	571	2	-2.9017	0.84687	0.84887	0.999995	789	0	-2.9017
SRI	4	0.50254	0.67225	0.999995	572	1	-2.2198	0.36846	0.36731	0.999995	352	0	-2.2198
INTS6L	4	0.50283	0.67242	0.999995	573	2	-2.7901	0.81234	0.8146	0.999995	762	0	-2.7901
ERO1B	4	0.50324	0.67275	0.999995	574	2	-2.9468	0.89724	0.89742	0.999995	846	0	-2.9468
PEF1	4	0.50421	0.6735	0.999995	575	2	-2.854	0.89007	0.89033	0.999995	839	0	-2.854
RAP1GAP2	4	0.50529	0.67429	0.999995	576	2	-2.9438	0.3428	0.34154	0.999995	322	0	-2.9438
SPTLC3	4	0.50652	0.67521	0.999995	577	2	-2.7496	0.65716	0.6565	0.999995	628	0	-2.7496
G3BP1	4	0.50753	0.67617	0.999995	578	2	-2.0422	0.17535	0.17548	0.999995	160	0	-2.0422
SLC35F4	4	0.50863	0.67697	0.999995	579	1	-2.2534	0.5939	0.59371	0.999995	571	0	-2.2534
ZNRF4	4	0.51019	0.67804	0.999995	580	2	-2.8099	0.47704	0.476	0.999995	459	0	-2.8099
SBNO2	4	0.51142	0.67898	0.999995	581	2	-2.7657	0.80112	0.80218	0.999995	755	0	-2.7657
BZW2	4	0.51247	0.67979	0.999995	582	1	-1.8399	0.09542	0.095181	0.999995	77	0	-1.8399
FXR1	4	0.51411	0.68082	0.999995	583	2	-2.8462	0.77901	0.78021	0.999995	734	0	-2.8462
KPNA3	4	0.51468	0.68118	0.999995	584	2	-2.8544	0.79086	0.79209	0.999995	749	0	-2.8544
YAF2	4	0.51753	0.68334	0.999995	585	2	-2.1359	0.17128	0.17144	0.999995	155	0	-2.1359
THRAP3	4	0.51956	0.68501	0.999995	586	1	-2.1358	0.33454	0.33319	0.999995	312	0	-2.1358
CAND1	4	0.522	0.68688	0.999995	587	2	-2.732	0.50143	0.50026	0.999995	487	0	-2.732
DZIP1L	4	0.52403	0.68849	0.999995	588	2	-2.9361	0.60196	0.60148	0.999995	577	0	-2.9361
SOS2	4	0.52656	0.69022	0.999995	589	1	-1.7902	0.26114	0.26009	0.999995	242	0	-1.7902
MTA1	4	0.52709	0.69062	0.999995	590	1	-2.6373	0.26413	0.26297	0.999995	245	0	-2.6373
CASP4	4	0.5293	0.69219	0.999995	591	2	-2.7978	0.30144	0.29947	0.999995	281	0	-2.7978
CLTB	4	0.5297	0.69263	0.999995	592	2	-2.611	0.31142	0.30971	0.999995	290	0	-2.611
RNF44	4	0.53455	0.69605	0.999995	593	2	-2.832	0.18425	0.18476	0.999995	169	0	-2.832
EAF2	4	0.53576	0.69698	0.999995	594	2	-2.517	0.49696	0.49592	0.999995	480	0	-2.517
ADAP2	4	0.53718	0.6981	0.999995	595	2	-2.6933	0.889	0.88899	0.999995	836	0	-2.6933
DBT	4	0.53771	0.69847	0.999995	596	1	-2.3407	0.62765	0.62692	0.999995	602	0	-2.3407
SLC22A8	4	0.53898	0.69948	0.999995	597	2	-2.9177	0.2782	0.2768	0.999995	256	0	-2.9177
DYNLT3	4	0.53979	0.70009	0.999995	598	2	-2.8577	0.098029	0.097995	0.999995	80	0	-2.8577
TUBB2B	2	0.54237	0.57164	0.999995	599	1	-3.0158	0.64115	0.64032	0.999995	616	0	-3.0158
RHOT1	4	0.54622	0.70477	0.999995	600	2	-2.7664	0.7286	0.72828	0.999995	695	0	-2.7664
ASF1A	4	0.54742	0.70576	0.999995	601	2	-2.8603	0.47589	0.47493	0.999995	458	0	-2.8603
ZDHHC17	4	0.54782	0.70607	0.999995	602	2	-2.6623	0.030162	0.030166	0.999995	19	0	-2.6623
NBEAL1	4	0.54862	0.70657	0.999995	603	2	-2.8436	0.63784	0.63688	0.999995	612	0	-2.8436
SUSD1	4	0.54902	0.70691	0.999995	604	2	-2.8705	0.82764	0.82971	0.999995	777	0	-2.8705
TAF9B	2	0.54964	0.57681	0.999995	605	1	-2.9164	0.6741	0.67287	0.999995	642	0	-2.9164
JAG2	4	0.54982	0.70746	0.999995	606	2	-2.2605	0.091058	0.091049	0.999995	73	0	-2.2605
TMEM30B	4	0.55022	0.70778	0.999995	607	2	-2.4917	0.50973	0.50866	0.999995	495	0	-2.4917
RNF130	4	0.55182	0.709	0.999995	608	2	-2.7287	0.16063	0.16051	0.999995	144	0	-2.7287
ZNF284	4	0.55227	0.7093	0.999995	609	1	-2.2495	0.38427	0.38318	0.999995	368	0	-2.2495
AMELX	4	0.55381	0.71052	0.999995	610	2	-2.4728	0.57987	0.57989	0.999995	559	0	-2.4728
FZD8	4	0.55462	0.71113	0.999995	611	2	-2.152	0.22146	0.22111	0.999995	205	0	-2.152
NDUFC1	4	0.55484	0.71135	0.999995	612	2	-2.7738	0.28698	0.28535	0.999995	264	0	-2.7738
RIMKLB	3	0.55566	0.67643	0.999995	613	1	-2.4823	0.40965	0.40762	0.999995	395	0	-2.4823
SAR1A	8	0.5574	0.8091	0.999995	614	4	-2.8387	0.11149	0.11191	0.999995	95	0	-2.8387
GBX1	4	0.5594	0.71526	0.999995	615	2	-2.703	0.74783	0.74752	0.999995	709	0	-2.703
ADAP1	4	0.56099	0.71649	0.999995	616	2	-2.3583	0.56598	0.56608	0.999995	550	0	-2.3583
SIRPA	3	0.56137	0.6788	0.999995	617	1	-2.406	0.10684	0.10806	0.999995	91	0	-2.406
DDI1	8	0.56227	0.81228	0.999995	618	4	-2.5738	0.68128	0.68041	0.999995	654	0	-2.5738
TTC7B	4	0.56297	0.71799	0.999995	619	2	-2.7459	0.88681	0.88682	0.999995	832	0	-2.7459
NBEAL2	4	0.56377	0.71854	0.999995	620	2	-2.8996	0.42125	0.42025	0.999995	405	0	-2.8996
ZIC3	4	0.56498	0.71959	0.999995	621	2	-2.4202	0.39786	0.39621	0.999995	382	0	-2.4202
G3BP2	4	0.5701	0.72355	0.999995	622	2	-2.5697	0.78142	0.78262	0.999995	735	0	-2.5697
LARP1B	4	0.57148	0.72435	0.999995	623	1	-2.1193	0.45058	0.4498	0.999995	434	0	-2.1193
SLC32A1	4	0.57168	0.72448	0.999995	624	2	-2.2754	0.38947	0.38788	0.999995	374	0	-2.2754
YBX3	4	0.57396	0.72615	0.999995	625	1	-1.8135	0.16964	0.16988	0.999995	153	0	-1.8135
DUSP10	4	0.57562	0.72734	0.999995	626	2	-2.7962	0.45595	0.45538	0.999995	440	0	-2.7962
DUOX2	4	0.57594	0.7276	0.999995	627	1	-1.4865	0.15153	0.15163	0.999995	136	0	-1.4865
GPR183	4	0.57791	0.72919	0.999995	628	1	-2.1369	0.49864	0.49755	0.999995	483	0	-2.1369
RCBTB1	4	0.58475	0.73413	0.999995	629	1	-2.0411	0.55021	0.5494	0.999995	534	0	-2.0411
ACTL6B	4	0.58503	0.7343	0.999995	630	2	-2.537	0.35438	0.35299	0.999995	337	0	-2.537
ATP6V1B1	4	0.58855	0.73702	0.999995	631	2	-2.8443	0.80965	0.81181	0.999995	760	0	-2.8443
SAP30	4	0.59088	0.73879	0.999995	632	2	-2.1612	0.15733	0.15708	0.999995	141	0	-2.1612
KRT37	4	0.59166	0.73936	0.999995	633	2	-2.833	0.26487	0.26383	0.999995	246	0	-2.833
SPOPL	4	0.59283	0.74034	0.999995	634	2	-2.4659	0.55124	0.55045	0.999995	535	0	-2.4659
DDX39A	4	0.59723	0.74351	0.999995	635	1	-2.244	0.35977	0.35838	0.999995	342	0	-2.244
CCND3	4	0.59903	0.74472	0.999995	636	2	-2.336	0.076111	0.076557	0.999995	61	0	-2.336
ATOH1	4	0.59941	0.74507	0.999995	637	2	-2.668	0.76602	0.76666	0.999995	723	0	-2.668
TMEM185A	4	0.60096	0.74614	0.999995	638	2	-2.0358	0.27082	0.26961	0.999995	251	0	-2.0358
CAT	4	0.60383	0.74828	0.999995	639	2	-2.4321	0.42436	0.42356	0.999995	409	0	-2.4321
ADAM19	4	0.60617	0.74996	0.999995	640	1	-2.3969	0.084047	0.08413	0.999995	69	0	-2.3969
AOX1	4	0.6071	0.75069	0.999995	641	1	-2.2981	0.34827	0.34712	0.999995	330	0	-2.2981
DEGS1	4	0.60827	0.75168	0.999995	642	2	-2.5847	0.71603	0.71534	0.999995	685	0	-2.5847
TRPM1	4	0.6085	0.75182	0.999995	643	1	-2.25	0.33593	0.3345	0.999995	313	0	-2.25
DST	4	0.61172	0.75408	0.999995	644	2	-2.4016	0.37045	0.36934	0.999995	354	0	-2.4016
ABCC3	4	0.61363	0.7553	0.999995	645	2	-2.5428	0.63211	0.63127	0.999995	606	0	-2.5428
ABL2	4	0.61516	0.75656	0.999995	646	2	-2.3262	0.20262	0.20233	0.999995	189	0	-2.3262
GMPR	4	0.61542	0.75682	0.999995	647	1	-2.1866	0.40742	0.40591	0.999995	392	0	-2.1866
PLD2	4	0.61588	0.75715	0.999995	648	1	-2.0642	0.22921	0.22879	0.999995	208	0	-2.0642
STX7	4	0.61634	0.75752	0.999995	649	1	-2.3593	0.51083	0.5097	0.999995	496	0	-2.3593
TANC1	4	0.61668	0.75785	0.999995	650	2	-2.1497	0.18263	0.18304	0.999995	167	0	-2.1497
MYBPHL	4	0.61706	0.75822	0.999995	651	2	-2.5615	0.68091	0.68001	0.999995	653	0	-2.5615
PLEK2	4	0.61972	0.76026	0.999995	652	2	-2.1076	0.23537	0.23477	0.999995	215	0	-2.1076
AKAP11	4	0.6209	0.76128	0.999995	653	1	-2.2919	0.5356	0.5348	0.999995	521	0	-2.2919
NRBP1	4	0.62124	0.76155	0.999995	654	2	-1.857	0.067233	0.067292	0.999995	55	0	-1.857
TTC7A	8	0.62168	0.85101	0.999995	655	3	-2.8169	0.177	0.17626	0.999995	163	0	-2.8169
ALAS2	4	0.6218	0.76206	0.999995	656	1	-2.0588	0.22535	0.2249	0.999995	207	0	-2.0588
SLC17A2	4	0.62238	0.7626	0.999995	657	2	-2.3549	0.23384	0.23321	0.999995	213	0	-2.3549
CBLL2	4	0.62271	0.76291	0.999995	658	1	-1.7712	0.47124	0.47063	0.999995	455	0	-1.7712
ERN2	4	0.62275	0.76297	0.999995	659	2	-2.4904	0.35842	0.35702	0.999995	341	0	-2.4904
TIMM23B	4	0.62313	0.76339	0.999995	660	2	-2.6641	0.85607	0.85759	0.999995	801	0	-2.6641
UNC119B	4	0.6288	0.76783	0.999995	661	2	-2.4978	0.4695	0.46892	0.999995	453	0	-2.4978
COPS7A	4	0.63033	0.76898	0.999995	662	1	-2.3399	0.43177	0.43082	0.999995	415	0	-2.3399
TSTD1	4	0.63078	0.76935	0.999995	663	1	-2.329	0.13397	0.13443	0.999995	120	0	-2.329
NSDHL	4	0.63255	0.77059	0.999995	664	2	-2.6645	0.26859	0.26724	0.999995	249	0	-2.6645
FOXE3	4	0.63299	0.77085	0.999995	665	1	-1.8822	0.49415	0.49317	0.999995	476	0	-1.8822
CCNE1	4	0.6333	0.77108	0.999995	666	2	-2.4402	0.48906	0.488	0.999995	472	0	-2.4402
G6PC	4	0.63368	0.77137	0.999995	667	2	-2.5113	0.30501	0.30317	0.999995	284	0	-2.5113
PPP3R1	4	0.63518	0.77249	0.999995	668	2	-2.54	0.78291	0.78403	0.999995	738	0	-2.54
PLAU	4	0.63555	0.77281	0.999995	669	2	-2.5161	0.10841	0.10892	0.999995	92	0	-2.5161
PLCG2	4	0.63742	0.77405	0.999995	670	2	-2.6573	0.63166	0.63084	0.999995	605	0	-2.6573
LIN28B	4	0.63779	0.7743	0.999995	671	2	-2.7196	0.091932	0.09204	0.999995	74	0	-2.7196
IL6R	4	0.63816	0.77462	0.999995	672	2	-2.7444	0.88084	0.88129	0.999995	824	0	-2.7444
CDK8	4	0.63828	0.77469	0.999995	673	1	-2.1011	0.56297	0.56315	0.999995	546	0	-2.1011
RRAGC	4	0.63871	0.77505	0.999995	674	1	-2.6978	0.90421	0.90422	0.999995	855	0	-2.6978
GOLPH3L	4	0.63915	0.7753	0.999995	675	1	-2.2849	0.70303	0.70264	0.999995	675	0	-2.2849
CAP2	4	0.63965	0.77569	0.999995	676	2	-2.49	0.59102	0.59105	0.999995	568	0	-2.49
CAPN2	4	0.64003	0.77597	0.999995	677	2	-2.8432	0.14237	0.14281	0.999995	128	0	-2.8432
ARID4A	4	0.64177	0.77747	0.999995	678	2	-2.7501	0.26785	0.26661	0.999995	248	0	-2.7501
ACACB	4	0.64189	0.77761	0.999995	679	2	-2.8958	0.28989	0.28827	0.999995	267	0	-2.8958
IKBKE	4	0.64226	0.77785	0.999995	680	2	-2.8623	0.76221	0.76275	0.999995	720	0	-2.8623
TEX45	4	0.64263	0.77818	0.999995	681	2	-2.6097	0.86318	0.86427	0.999995	807	0	-2.6097
NR5A1	4	0.643	0.77844	0.999995	682	2	-2.6427	0.3985	0.39688	0.999995	383	0	-2.6427
PHLDA2	4	0.64337	0.77873	0.999995	683	2	-2.7814	0.38492	0.38376	0.999995	369	0	-2.7814
TPBG	4	0.64393	0.77923	0.999995	684	1	-2.2585	0.27967	0.27808	0.999995	258	0	-2.2585
NETO1	4	0.64437	0.77963	0.999995	685	1	-2.015	0.394	0.39244	0.999995	378	0	-2.015
RPS7	1	0.64457	0.64743	0.999995	686	0	-2.1591	0.35543	0.3562	0.999995	338	0	-2.1591
GYS2	4	0.64485	0.78008	0.999995	687	2	-2.6907	0.35708	0.35558	0.999995	340	0	-2.6907
XDH	4	0.64633	0.78139	0.999995	688	2	-2.4029	0.46069	0.4601	0.999995	447	0	-2.4029
ADARB1	4	0.64738	0.7823	0.999995	689	1	-2.289	0.20341	0.20321	0.999995	190	0	-2.289
RSC1A1	4	0.64781	0.78262	0.999995	690	2	-2.5842	0.21757	0.21694	0.999995	201	0	-2.5842
RPL3L	4	0.64995	0.78432	0.999995	691	1	-1.9917	0.4654	0.46501	0.999995	449	0	-1.9917
KRT25	4	0.65081	0.78509	0.999995	692	1	-2.1462	0.13144	0.13159	0.999995	118	0	-2.1462
TREM2	4	0.6515	0.78562	0.999995	693	2	-2.5759	0.11956	0.1196	0.999995	106	0	-2.5759
SAP30L	4	0.65166	0.78579	0.999995	694	1	-1.6851	0.37903	0.37774	0.999995	364	0	-1.6851
SEC11A	4	0.65209	0.78603	0.999995	695	1	-2.1138	0.33868	0.33739	0.999995	317	0	-2.1138
CD44	4	0.65294	0.78675	0.999995	696	1	-2.1985	0.74683	0.74637	0.999995	708	0	-2.1985
DDX39B	4	0.65297	0.78677	0.999995	697	2	-2.4875	0.24454	0.24377	0.999995	223	0	-2.4875
COQ10B	4	0.6537	0.78731	0.999995	698	2	-2.7203	0.83038	0.83241	0.999995	782	0	-2.7203
RAP1GAP	4	0.6548	0.78806	0.999995	699	2	-2.2005	0.14821	0.1483	0.999995	133	0	-2.2005
ANKRD10	4	0.65663	0.78946	0.999995	700	2	-2.8736	0.90405	0.90401	0.999995	854	0	-2.8736
DRD3	4	0.657	0.78984	0.999995	701	2	-2.4777	0.75575	0.75592	0.999995	717	0	-2.4777
UTRN	4	0.65809	0.79068	0.999995	702	2	-2.806	0.90209	0.90218	0.999995	853	0	-2.806
TMEM9B	4	0.65842	0.79092	0.999995	703	1	-1.8783	0.26189	0.26087	0.999995	243	0	-1.8783
MTA3	4	0.65846	0.79094	0.999995	704	2	-2.3593	0.61588	0.61469	0.999995	590	0	-2.3593
PLCG1	4	0.65882	0.79123	0.999995	705	2	-2.3259	0.026487	0.026557	0.999995	16	0	-2.3259
KCNG4	4	0.65884	0.79123	0.999995	706	1	-1.7379	0.14487	0.14478	0.999995	131	0	-1.7379
BRSK1	4	0.66101	0.79292	0.999995	707	2	-2.3689	0.56949	0.56989	0.999995	552	0	-2.3689
CD163L1	4	0.6621	0.7939	0.999995	708	2	-2.7025	0.62044	0.61934	0.999995	596	0	-2.7025
PTF1A	4	0.66343	0.7948	0.999995	709	1	-2.2498	0.40425	0.4025	0.999995	387	0	-2.2498
GNB3	4	0.66355	0.79488	0.999995	710	2	-2.5577	0.64609	0.64561	0.999995	622	0	-2.5577
ESRP1	4	0.6655	0.79653	0.999995	711	1	-2.7361	0.73662	0.73617	0.999995	701	0	-2.7361
NAT8L	4	0.66632	0.79719	0.999995	712	1	-1.9933	0.45773	0.45698	0.999995	443	0	-1.9933
IQCA1L	4	0.66681	0.79767	0.999995	713	2	-2.7257	0.36245	0.36096	0.999995	345	0	-2.7257
FAM71A	4	0.66825	0.79869	0.999995	714	2	-2.7706	0.6927	0.69217	0.999995	661	0	-2.7706
CDK5R1	4	0.66897	0.79923	0.999995	715	2	-2.585	0.78321	0.78436	0.999995	739	0	-2.585
LMBR1	4	0.66934	0.7995	0.999995	716	2	-2.3539	0.52816	0.52731	0.999995	515	0	-2.3539
ENOX1	4	0.66961	0.79965	0.999995	717	1	-2.2637	0.63696	0.63591	0.999995	610	0	-2.2637
RECK	4	0.67165	0.80141	0.999995	718	1	-2.0712	0.29784	0.29579	0.999995	277	0	-2.0712
DZIP3	4	0.67205	0.80171	0.999995	719	1	-1.4764	0.15402	0.15405	0.999995	138	0	-1.4764
AHCYL2	4	0.67246	0.80205	0.999995	720	1	-2.5252	0.84892	0.85076	0.999995	791	0	-2.5252
TXNDC8	4	0.67365	0.80291	0.999995	721	2	-2.4491	0.43422	0.43343	0.999995	419	0	-2.4491
ARFIP2	4	0.674	0.80318	0.999995	722	2	-2.8085	0.433	0.43207	0.999995	417	0	-2.8085
CAVIN1	4	0.67508	0.80415	0.999995	723	2	-2.4567	0.74108	0.74063	0.999995	704	0	-2.4567
TOB2	4	0.67691	0.80568	0.999995	724	1	-2.143	0.51956	0.51855	0.999995	505	0	-2.143
MOGAT2	4	0.67722	0.80588	0.999995	725	2	-2.2951	0.16473	0.16471	0.999995	149	0	-2.2951
CRX	4	0.67771	0.80625	0.999995	726	1	-2.4872	0.63078	0.63009	0.999995	603	0	-2.4872
MANF	4	0.67851	0.80691	0.999995	727	1	-2.2671	0.33177	0.33028	0.999995	309	0	-2.2671
TOMM20	3	0.67999	0.73686	0.999995	728	1	-1.4478	0.26034	0.25932	0.999995	240	0	-1.4478
CAB39L	4	0.68091	0.80885	0.999995	729	1	-2.0829	0.32341	0.32188	0.999995	301	0	-2.0829
RANBP6	3	0.68131	0.7376	0.999995	730	1	-1.4771	0.37119	0.36929	0.999995	356	0	-1.4771
ZNF423	4	0.68256	0.80996	0.999995	731	2	-2.5716	0.50531	0.50418	0.999995	490	0	-2.5716
RNF113B	4	0.68362	0.81082	0.999995	732	2	-2.4657	0.064557	0.064824	0.999995	53	0	-2.4657
TMEM120A	4	0.68397	0.81097	0.999995	733	2	-2.2114	0.34622	0.34506	0.999995	327	0	-2.2114
SEC31B	4	0.68468	0.81161	0.999995	734	2	-2.5068	0.73593	0.73556	0.999995	699	0	-2.5068
GOLT1A	4	0.68503	0.81189	0.999995	735	2	-2.5836	0.6829	0.68196	0.999995	656	0	-2.5836
NXT2	4	0.68538	0.81219	0.999995	736	2	-2.2919	0.3199	0.31821	0.999995	298	0	-2.2919
CADPS2	4	0.68646	0.81312	0.999995	737	1	-2.1912	0.69463	0.69389	0.999995	664	0	-2.1912
FSD1	4	0.6875	0.81399	0.999995	738	2	-2.3156	0.53981	0.53901	0.999995	526	0	-2.3156
CDC34	4	0.68842	0.81436	0.999995	739	1	-2.6733	0.53402	0.53309	0.999995	520	0	-2.6733
PCBD2	4	0.6892	0.81467	0.999995	740	1	-1.7807	0.39914	0.39747	0.999995	384	0	-1.7807
ARPC5L	4	0.69154	0.81535	0.999995	741	1	-1.9756	0.44998	0.44923	0.999995	433	0	-1.9756
DLL1	4	0.69502	0.8165	0.999995	742	1	-2.3885	0.4175	0.4161	0.999995	404	0	-2.3885
DEGS2	4	0.69656	0.81707	0.999995	743	1	-1.6063	0.068124	0.068208	0.999995	56	0	-1.6063
APOBEC3C	4	0.7	0.81823	0.999995	744	1	-2.5373	0.37508	0.37376	0.999995	359	0	-2.5373
CLCA1	4	0.70529	0.81955	0.999995	745	1	-2.4939	0.63432	0.63336	0.999995	607	0	-2.4939
FOXK2	4	0.7094	0.82097	0.999995	746	1	-1.792	0.2323	0.23175	0.999995	212	0	-1.792
SERPINA11	4	0.71383	0.82243	0.999995	747	1	-2.2415	0.51901	0.51794	0.999995	504	0	-2.2415
SPATA21	4	0.71603	0.82309	0.999995	748	1	-1.9981	0.25664	0.25554	0.999995	235	0	-1.9981
L3MBTL2	4	0.71676	0.82329	0.999995	749	1	-2.0071	0.16719	0.16722	0.999995	151	0	-2.0071
AIPL1	4	0.71894	0.82412	0.999995	750	1	-1.7533	0.46833	0.46787	0.999995	452	0	-1.7533
GPR151	4	0.72002	0.82449	0.999995	751	1	-2.4161	0.26934	0.26798	0.999995	250	0	-2.4161
AP3M1	4	0.72147	0.82502	0.999995	752	1	-1.909	0.3192	0.31751	0.999995	297	0	-1.909
SERPINA12	8	0.72335	0.89553	0.999995	753	3	-2.2497	0.49471	0.49316	0.999995	477	0	-2.2497
RNF144B	4	0.72576	0.82647	0.999995	754	1	-2.3373	0.12551	0.126	0.999995	114	0	-2.3373
GATAD2A	4	0.72754	0.82706	0.999995	755	1	-2.0399	0.31071	0.30891	0.999995	289	0	-2.0399
PXDNL	4	0.72965	0.82771	0.999995	756	1	-1.8866	0.046571	0.046939	0.999995	36	0	-1.8866
STT3A	4	0.73	0.82786	0.999995	757	1	-2.1525	0.62271	0.6219	0.999995	598	0	-2.1525
SEC14L3	4	0.73141	0.82826	0.999995	758	1	-2.2916	0.69348	0.69299	0.999995	662	0	-2.2916
GIT1	4	0.73731	0.83041	0.999995	759	1	-2.0273	0.28113	0.27965	0.999995	260	0	-2.0273
BECN2	4	0.73835	0.83079	0.999995	760	1	-2.1524	0.58765	0.58774	0.999995	565	0	-2.1524
TGFBR2	4	0.74142	0.8318	0.999995	761	1	-2.148	0.58036	0.58037	0.999995	560	0	-2.148
MORF4L1	3	0.74146	0.77292	0.999995	762	1	-2.0607	0.10619	0.10739	0.999995	89	0	-2.0607
TLN2	4	0.7438	0.83266	0.999995	763	1	-2.1112	0.13818	0.13842	0.999995	126	0	-2.1112
MAPK8IP3	4	0.7495	0.83475	0.999995	764	1	-1.6759	0.28187	0.28033	0.999995	261	0	-1.6759
STAM2	4	0.7564	0.83715	0.999995	765	1	-2.2954	0.35234	0.35107	0.999995	335	0	-2.2954
ITSN2	4	0.75673	0.83729	0.999995	766	1	-2.1782	0.061876	0.061879	0.999995	50	0	-2.1782
RTP1	4	0.75996	0.8386	0.999995	767	1	-2.1101	0.30716	0.30519	0.999995	285	0	-2.1101
KRTAP1-1	4	0.76061	0.83886	0.999995	768	1	-1.4029	0.053796	0.053801	0.999995	43	0	-1.4029
RXFP3	4	0.76189	0.83945	0.999995	769	1	-2.4772	0.50808	0.50711	0.999995	493	0	-2.4772
SLCO2B1	4	0.76253	0.83965	0.999995	770	1	-1.6139	0.11528	0.11535	0.999995	101	0	-1.6139
CDS1	4	0.76476	0.84038	0.999995	771	1	-1.687	0.2964	0.29456	0.999995	276	0	-1.687
PPP3CC	4	0.76571	0.84083	0.999995	772	1	-2.1287	0.06545	0.065544	0.999995	54	0	-2.1287
SNTA1	4	0.76697	0.84136	0.999995	773	1	-2.4621	0.16145	0.16147	0.999995	145	0	-2.4621
ALAS1	8	0.76813	0.91387	0.999995	774	1	-2.018	0.87536	0.87494	0.999995	819	0	-2.018
PDGFC	4	0.77228	0.84351	0.999995	775	1	-2.213	0.42187	0.42087	0.999995	406	0	-2.213
TYROBP	4	0.77474	0.8445	0.999995	776	1	-1.0081	0.12041	0.12049	0.999995	107	0	-1.0081
CYP7A1	4	0.77779	0.84563	0.999995	777	1	-2.5978	0.83723	0.83883	0.999995	784	0	-2.5978
GRM4	4	0.7787	0.84592	0.999995	778	1	-2.1514	0.50421	0.50307	0.999995	489	0	-2.1514
CHMP1B	4	0.77931	0.84621	0.999995	779	1	-2.0399	0.17616	0.17632	0.999995	161	0	-2.0399
SYK	4	0.78648	0.84895	0.999995	780	1	-1.9571	0.35099	0.34986	0.999995	334	0	-1.9571
CCNL2	4	0.78824	0.84952	0.999995	781	1	-2.3692	0.81287	0.81518	0.999995	763	0	-2.3692
ZFYVE19	4	0.78853	0.84959	0.999995	782	1	-1.896	0.55381	0.55324	0.999995	537	0	-1.896
TBC1D26	2	0.7926	0.792	0.999995	783	0	-2.2986	0.44391	0.44215	0.999995	429	0	-2.2986
FAM126B	4	0.79375	0.85188	0.999995	784	1	-2.2114	0.49583	0.4949	0.999995	479	0	-2.2114
VRTN	4	0.79519	0.85244	0.999995	785	1	-1.843	0.23461	0.23402	0.999995	214	0	-1.843
AQP8	4	0.79944	0.85413	0.999995	786	1	-1.3958	0.19945	0.19934	0.999995	185	0	-1.3958
CHML	4	0.79972	0.85422	0.999995	787	1	-2.0308	0.66384	0.66296	0.999995	635	0	-2.0308
DGKZ	3	0.80008	0.81228	0.999995	788	1	-2.3778	0.45735	0.45604	0.999995	442	0	-2.3778
SEC23A	4	0.80028	0.85439	0.999995	789	1	-1.9887	0.06098	0.061019	0.999995	49	0	-1.9887
TPBGL	4	0.80168	0.85501	0.999995	790	1	-2.1888	0.5303	0.52948	0.999995	517	0	-2.1888
CTPS1	4	0.80335	0.8557	0.999995	791	1	-1.8583	0.32271	0.32107	0.999995	300	0	-1.8583
PPP2CB	3	0.80533	0.81604	0.999995	792	1	-2.6408	0.29436	0.29267	0.999995	273	0	-2.6408
WAS	4	0.80665	0.85754	0.999995	793	1	-1.5725	0.31284	0.31125	0.999995	292	0	-1.5725
ABCB1	4	0.80747	0.85795	0.999995	794	1	-1.7401	0.19227	0.19257	0.999995	179	0	-1.7401
LNX1	4	0.80938	0.85897	0.999995	795	1	-2.0224	0.43483	0.43405	0.999995	420	0	-2.0224
PLXDC1	8	0.8103	0.93247	0.999995	796	3	-2.1973	0.34887	0.34877	0.999995	331	0	-2.1973
HACD1	4	0.81153	0.85984	0.999995	797	1	-1.1527	0.29496	0.29315	0.999995	274	0	-1.1527
RNF2	3	0.81211	0.82119	0.999995	798	1	-1.0962	0.050181	0.049799	0.999995	39	0	-1.0962
TAP1	4	0.81341	0.86052	0.999995	799	1	-2.3473	0.58085	0.58082	0.999995	561	0	-2.3473
SLC25A37	4	0.815	0.86123	0.999995	800	1	-1.4403	0.1794	0.17945	0.999995	164	0	-1.4403
ZMIZ2	4	0.81527	0.86133	0.999995	801	1	-1.7111	0.12466	0.1251	0.999995	113	0	-1.7111
CLTCL1	4	0.81763	0.86226	0.999995	802	1	-2.6632	0.31213	0.31048	0.999995	291	0	-2.6632
DYNLRB2	4	0.81972	0.86305	0.999995	803	1	-2.0972	0.3262	0.32466	0.999995	303	0	-2.0972
ARHGEF3	4	0.82205	0.86407	0.999995	804	1	-2.2109	0.037481	0.03786	0.999995	27	0	-2.2109
GOLT1B	4	0.82333	0.86467	0.999995	805	1	-2.4884	0.73628	0.73588	0.999995	700	0	-2.4884
SATB1	4	0.82764	0.86656	0.999995	806	1	-1.9845	0.28406	0.28251	0.999995	262	0	-1.9845
FOXK1	4	0.82814	0.86683	0.999995	807	1	-1.9452	0.44032	0.43957	0.999995	425	0	-1.9452
RSPH1	4	0.83014	0.86773	0.999995	808	1	-1.2381	0.04385	0.044237	0.999995	33	0	-1.2381
EPHA3	4	0.83211	0.86862	0.999995	809	1	-2.5819	0.86611	0.86689	0.999995	810	0	-2.5819
IDH2	4	0.83261	0.86885	0.999995	810	1	-1.9205	0.17453	0.17475	0.999995	159	0	-1.9205
CLDN4	4	0.83505	0.86989	0.999995	811	1	-1.9553	0.48792	0.48684	0.999995	471	0	-1.9553
NAA11	4	0.83626	0.87037	0.999995	812	1	-2.3959	0.21913	0.21859	0.999995	203	0	-2.3959
CBLL1	4	0.83747	0.87094	0.999995	813	1	0.29189	0.031079	0.031194	0.999995	20	0	0.29189
UAP1	4	0.83843	0.87149	0.999995	814	1	-1.4113	0.22224	0.22188	0.999995	206	0	-1.4113
ERN1	4	0.83866	0.87165	0.999995	815	1	-2.0738	0.23691	0.23629	0.999995	217	0	-2.0738
UBQLN3	4	0.8408	0.8725	0.999995	816	1	-2.0036	0.55688	0.5567	0.999995	541	0	-2.0036
PGLS	4	0.84104	0.87259	0.999995	817	1	-2.1338	0.56196	0.56218	0.999995	545	0	-2.1338
PHLDA3	4	0.84198	0.87307	0.999995	818	1	-1.6836	0.14738	0.14742	0.999995	132	0	-1.6836
RIC8B	4	0.84502	0.8747	0.999995	819	1	-2.3263	0.49246	0.49159	0.999995	474	0	-2.3263
SMARCA4	4	0.84548	0.87489	0.999995	820	1	-2.492	0.11699	0.11692	0.999995	103	0	-2.492
NETO2	4	0.84571	0.875	0.999995	821	1	-2.6134	0.32899	0.32755	0.999995	306	0	-2.6134
CYP2C8	4	0.84687	0.8756	0.999995	822	1	-2.4384	0.57643	0.57653	0.999995	555	0	-2.4384
FKBP4	4	0.84801	0.87613	0.999995	823	1	-2.5414	0.47008	0.46951	0.999995	454	0	-2.5414
KCNMB3	4	0.84938	0.87674	0.999995	824	1	-1.9677	0.052895	0.052913	0.999995	42	0	-1.9677
EFNB1	4	0.84983	0.8769	0.999995	825	1	-1.659	0.23153	0.23096	0.999995	211	0	-1.659
ADSS	3	0.85069	0.85241	0.999995	826	1	-0.98432	0.13718	0.13774	0.999995	124	0	-0.98432
SUV39H2	3	0.85089	0.85261	0.999995	827	1	-2.4452	0.25283	0.25203	0.999995	231	0	-2.4452
CHUK	8	0.85176	0.95134	0.999995	828	2	-2.3121	0.52194	0.52069	0.999995	508	0	-2.3121
EPS15L1	4	0.85208	0.87801	0.999995	829	1	-1.3919	0.1365	0.13693	0.999995	122	0	-1.3919
AP1G2	4	0.85365	0.87872	0.999995	830	1	-2.3954	0.62586	0.62519	0.999995	600	0	-2.3954
MED23	4	0.85387	0.87881	0.999995	831	1	-1.0671	0.021879	0.021966	0.999995	11	0	-1.0671
IRF6	4	0.85475	0.87934	0.999995	832	1	-1.9142	0.044758	0.045078	0.999995	34	0	-1.9142
TANC2	3	0.85694	0.85807	0.999995	833	1	-1.7484	0.43166	0.43013	0.999995	414	0	-1.7484
FKBP9	4	0.86148	0.88274	0.999995	834	1	-2.2967	0.51684	0.51562	0.999995	501	0	-2.2967
CEACAM1	4	0.86169	0.88286	0.999995	835	1	-2.5933	0.34963	0.34849	0.999995	333	0	-2.5933
SBF1	4	0.86212	0.88311	0.999995	836	1	-0.49915	0.020955	0.021088	0.999995	9	1	-0.49915
LRBA	4	0.86486	0.88466	0.999995	837	1	-1.7136	0.34212	0.34084	0.999995	321	0	-1.7136
KHSRP	4	0.86569	0.88507	0.999995	838	1	-1.9816	0.32969	0.32824	0.999995	307	0	-1.9816
GBP3	4	0.86611	0.88528	0.999995	839	1	-2.4192	0.72505	0.72474	0.999995	693	0	-2.4192
BATF3	4	0.86694	0.88574	0.999995	840	1	-1.8759	0.54295	0.5419	0.999995	527	0	-1.8759
DNAJC15	4	0.86735	0.88602	0.999995	841	1	-2.1325	0.61999	0.61898	0.999995	595	0	-2.1325
BTBD11	4	0.86756	0.88615	0.999995	842	1	-2.0887	0.31708	0.31563	0.999995	296	0	-2.0887
LOR	4	0.86776	0.88622	0.999995	843	1	-1.6828	0.40679	0.40527	0.999995	391	0	-1.6828
RNF125	4	0.86879	0.88676	0.999995	844	1	-2.5176	0.79028	0.79142	0.999995	748	0	-2.5176
E2F4	4	0.8692	0.88695	0.999995	845	1	-1.9847	0.4385	0.43768	0.999995	423	0	-1.9847
MARCKS	4	0.86981	0.88723	0.999995	846	1	-1.4734	0.059188	0.059252	0.999995	47	0	-1.4734
SMAP1	4	0.87203	0.88868	0.999995	847	1	-1.8915	0.3764	0.3752	0.999995	362	0	-1.8915
ZNF146	4	0.87931	0.89296	0.999995	848	1	-2.4986	0.21835	0.21777	0.999995	202	0	-2.4986
ADARB2	4	0.88026	0.89356	0.999995	849	1	-1.9377	0.10323	0.1037	0.999995	85	0	-1.9377
COX6B2	4	0.88179	0.89452	0.999995	850	1	-2.0603	0.32551	0.32404	0.999995	302	0	-2.0603
PDLIM5	4	0.88292	0.89524	0.999995	851	1	-2.1597	0.61267	0.61172	0.999995	588	0	-2.1597
TCF3	4	0.88497	0.89625	0.999995	852	1	-1.7466	0.10582	0.10648	0.999995	88	0	-1.7466
RAD17	3	0.8851	0.88542	0.999995	853	0	-2.7552	0.85656	0.85688	0.999995	802	0	-2.7552
GXYLT2	4	0.88681	0.89752	0.999995	854	1	-2.5236	0.077879	0.078147	0.999995	62	0	-2.5236
FOXA1	4	0.88736	0.89796	0.999995	855	1	-2.5104	0.61082	0.61	0.999995	585	0	-2.5104
MYD88	4	0.88791	0.89829	0.999995	856	1	-1.5259	0.39657	0.395	0.999995	381	0	-1.5259
RRAGD	4	0.88918	0.89908	0.999995	857	1	-2.5126	0.55432	0.55377	0.999995	538	0	-2.5126
ANKRD37	4	0.88972	0.89953	0.999995	858	1	-1.9282	0.48565	0.48457	0.999995	467	0	-1.9282
DYNC1LI1	3	0.89002	0.88988	0.999995	859	0	-2.4849	0.30877	0.30715	0.999995	287	0	-2.4849
SERPINA9	4	0.89132	0.90064	0.999995	860	1	-2.2943	0.09716	0.097051	0.999995	78	0	-2.2943
GSTP1	4	0.89203	0.90115	0.999995	861	1	-2.2918	0.30072	0.29875	0.999995	280	0	-2.2918
ICK	4	0.89309	0.90204	0.999995	862	1	-2.2728	0.2453	0.24448	0.999995	224	0	-2.2728
GDI1	4	0.89379	0.90241	0.999995	863	1	-2.1877	0.67931	0.67839	0.999995	651	0	-2.1877
FLOT1	4	0.89396	0.90254	0.999995	864	1	-1.6327	0.3	0.29798	0.999995	279	0	-1.6327
LHFPL5	4	0.89449	0.90287	0.999995	865	1	-2.0028	0.50198	0.50085	0.999995	488	0	-2.0028
MTX1	3	0.89527	0.89496	0.999995	866	0	-2.526	0.37634	0.37457	0.999995	361	0	-2.526
PRSS37	4	0.89535	0.90348	0.999995	867	1	-1.858	0.47473	0.47385	0.999995	457	0	-1.858
SATB2	4	0.8957	0.90368	0.999995	868	1	-0.95088	0.069903	0.070097	0.999995	57	0	-0.95088
SLC9A3R1	4	0.89621	0.90395	0.999995	869	1	-2.4278	0.51738	0.5162	0.999995	502	0	-2.4278
SNX6	4	0.89741	0.90479	0.999995	870	1	-1.9182	0.18666	0.18704	0.999995	172	0	-1.9182
XPR1	4	0.8991	0.9061	0.999995	871	1	-1.9167	0.33937	0.3381	0.999995	318	0	-1.9167
GDF15	4	0.89944	0.90634	0.999995	872	1	-1.3593	0.14069	0.14093	0.999995	127	0	-1.3593
TMEM185B	4	0.8996	0.90646	0.999995	873	1	-2.1475	0.19467	0.19494	0.999995	180	0	-2.1475
RALGPS1	4	0.90044	0.90703	0.999995	874	1	-2.4866	0.45832	0.45772	0.999995	444	0	-2.4866
ZMIZ1	4	0.90291	0.90871	0.999995	875	1	-1.3214	0.17372	0.17405	0.999995	158	0	-1.3214
KIAA0319	4	0.9063	0.91093	0.999995	876	1	-2.2691	0.5828	0.58263	0.999995	563	0	-2.2691
NOX3	4	0.90803	0.91234	0.999995	877	1	-2.1986	0.41625	0.4149	0.999995	403	0	-2.1986
PSMB8	4	0.90912	0.91304	0.999995	878	1	-2.5941	0.56397	0.56421	0.999995	548	0	-2.5941
CAV1	4	0.90928	0.91317	0.999995	879	1	-2.4056	0.36646	0.36524	0.999995	349	0	-2.4056
VANGL1	4	0.91021	0.91396	0.999995	880	1	-2.5558	0.085804	0.085748	0.999995	70	0	-2.5558
LMBR1L	4	0.91128	0.91478	0.999995	881	1	-1.4319	0.051091	0.051136	0.999995	40	0	-1.4319
LRFN1	4	0.91189	0.91523	0.999995	882	1	-2.1901	0.54815	0.54738	0.999995	532	0	-2.1901
FCRL3	4	0.9125	0.91576	0.999995	883	1	-1.3915	0.13734	0.13764	0.999995	125	0	-1.3915
HMGCLL1	4	0.91355	0.91642	0.999995	884	1	-2.2259	0.69386	0.69327	0.999995	663	0	-2.2259
TCF4	4	0.91444	0.91706	0.999995	885	1	-1.5165	0.086681	0.08658	0.999995	71	0	-1.5165
FAM50A	4	0.91459	0.91723	0.999995	886	1	-2.3532	0.38557	0.38434	0.999995	370	0	-2.3532
IDH3G	4	0.91503	0.91754	0.999995	887	1	-2.1112	0.49302	0.49216	0.999995	475	0	-2.1112
FNIP2	4	0.91562	0.91799	0.999995	888	1	-2.0569	0.40932	0.40786	0.999995	394	0	-2.0569
SLC25A24	4	0.91577	0.91812	0.999995	889	1	-2.369	0.36713	0.36585	0.999995	350	0	-2.369
DMD	4	0.91606	0.9183	0.999995	890	1	-2.5204	0.80556	0.80716	0.999995	758	0	-2.5204
RING1	4	0.91679	0.9189	0.999995	891	1	-2.5292	0.72183	0.72122	0.999995	691	0	-2.5292
RHBDF2	4	0.91838	0.92014	0.999995	892	1	-2.1643	0.73697	0.7365	0.999995	702	0	-2.1643
DENND5B	4	0.9191	0.92068	0.999995	893	1	-2.5552	0.72039	0.71975	0.999995	689	0	-2.5552
UNC119	4	0.91938	0.92089	0.999995	894	1	-2.4602	0.69847	0.69781	0.999995	670	0	-2.4602
TBC1D1	4	0.92121	0.92239	0.999995	895	1	-2.4251	0.048381	0.048734	0.999995	37	0	-2.4251
FBLN1	4	0.9226	0.92375	0.999995	896	1	-2.3941	0.3564	0.35496	0.999995	339	0	-2.3941
SLC25A15	4	0.92369	0.92451	0.999995	897	1	-2.6421	0.74983	0.7497	0.999995	713	0	-2.6421
ALDOC	4	0.92437	0.92527	0.999995	898	1	-2.3097	0.71125	0.71058	0.999995	680	0	-2.3097
HMG20B	4	0.92464	0.92551	0.999995	899	1	-1.9797	0.38622	0.38489	0.999995	371	0	-1.9797
AP2A2	4	0.92558	0.92645	0.999995	900	1	-2.2367	0.15898	0.15879	0.999995	143	0	-2.2367
FRS3	4	0.92625	0.92692	0.999995	901	1	-2.3543	0.72789	0.72757	0.999995	694	0	-2.3543
TRIM25	4	0.92796	0.92837	0.999995	902	1	-1.8392	0.6209	0.61983	0.999995	597	0	-1.8392
SMC1B	4	0.92861	0.92901	0.999995	903	1	-2.3171	0.041124	0.041413	0.999995	30	0	-2.3171
ARSJ	4	0.92939	0.92976	0.999995	904	1	-1.4697	0.39593	0.39431	0.999995	380	0	-1.4697
ZNF521	4	0.93003	0.93039	0.999995	905	1	-1.5033	0.22999	0.22957	0.999995	209	0	-1.5033
CCDC69	4	0.93104	0.93145	0.999995	906	1	-1.8572	0.18586	0.18635	0.999995	171	0	-1.8572
TSPO2	4	0.93217	0.93232	0.999995	907	1	-1.7636	0.38231	0.38125	0.999995	367	0	-1.7636
EZH2	4	0.93242	0.93256	0.999995	908	1	-2.565	0.80583	0.80747	0.999995	759	0	-2.565
CSTF2T	4	0.93267	0.93288	0.999995	909	1	-2.5501	0.4256	0.42466	0.999995	411	0	-2.5501
LIF	4	0.93317	0.93333	0.999995	910	1	-1.6229	0.081408	0.081391	0.999995	65	0	-1.6229
DCAF8L1	4	0.93341	0.93349	0.999995	911	1	-1.6104	0.48736	0.48624	0.999995	470	0	-1.6104
NCK2	4	0.93354	0.93363	0.999995	912	1	-2.2943	0.34554	0.34436	0.999995	326	0	-2.2943
ERC2	4	0.93378	0.93386	0.999995	913	1	-2.1401	0.1565	0.15646	0.999995	140	0	-2.1401
PACS1	4	0.9339	0.93401	0.999995	914	1	-1.9289	0.33385	0.33249	0.999995	311	0	-1.9289
S100A6	4	0.93464	0.93485	0.999995	915	1	-1.597	0.1507	0.15079	0.999995	135	0	-1.597
CLTA	4	0.93476	0.93492	0.999995	916	1	-1.459	0.12296	0.12345	0.999995	111	0	-1.459
MRPL55	4	0.93536	0.93561	0.999995	917	1	-1.8323	0.11271	0.11311	0.999995	97	0	-1.8323
TBC1D9	4	0.93548	0.93571	0.999995	918	1	-2.3637	0.5533	0.55273	0.999995	536	0	-2.3637
KAT6B	4	0.9356	0.93581	0.999995	919	1	-2.4853	0.41311	0.41179	0.999995	399	0	-2.4853
ARFIP1	4	0.93644	0.93648	0.999995	920	1	-1.1682	0.025567	0.025547	0.999995	15	0	-1.1682
CTNNB1	4	0.93691	0.93687	0.999995	921	1	-2.1039	0.017254	0.017479	0.999995	7	1	-2.1039
CALY	4	0.93726	0.93709	0.999995	922	1	-2.3067	0.55535	0.55498	0.999995	540	0	-2.3067
GXYLT1	4	0.93773	0.93754	0.999995	923	0	-2.3005	0.14987	0.14991	0.999995	134	0	-2.3005
TRAPPC3L	4	0.93832	0.93811	0.999995	924	0	-2.4052	0.5977	0.59741	0.999995	574	0	-2.4052
ENOX2	4	0.93855	0.93835	0.999995	925	0	-2.3697	0.5497	0.54882	0.999995	533	0	-2.3697
HMGCL	4	0.93901	0.93887	0.999995	926	0	-2.4885	0.52977	0.529	0.999995	516	0	-2.4885
DCAF4L2	4	0.94061	0.94044	0.999995	927	0	-2.4582	0.85164	0.8532	0.999995	793	0	-2.4582
RRM2B	8	0.94066	0.97638	0.999995	928	2	-2.636	0.47367	0.4722	0.999995	456	0	-2.636
FAM50B	4	0.94173	0.94152	0.999995	929	0	-2.0341	0.6626	0.66174	0.999995	633	0	-2.0341
XYLT2	4	0.94206	0.94182	0.999995	930	0	-2.6673	0.25514	0.25417	0.999995	233	0	-2.6673
GOLPH3	4	0.94217	0.94195	0.999995	931	0	-1.9826	0.38165	0.38054	0.999995	366	0	-1.9826
PCBD1	4	0.9424	0.94223	0.999995	932	0	-2.1092	0.6409	0.63994	0.999995	615	0	-2.1092
KIAA0319L	4	0.94251	0.94233	0.999995	933	0	-2.6215	0.7438	0.74335	0.999995	705	0	-2.6215
FEZ2	4	0.94273	0.94252	0.999995	934	0	-2.1234	0.33038	0.32891	0.999995	308	0	-2.1234
TMEM120B	4	0.94403	0.94384	0.999995	935	0	-2.2474	0.19786	0.198	0.999995	183	0	-2.2474
ELL2	4	0.94457	0.94449	0.999995	936	0	-1.9344	0.60571	0.60505	0.999995	579	0	-1.9344
POU5F2	4	0.94532	0.94528	0.999995	937	0	-1.9634	0.1432	0.14357	0.999995	129	0	-1.9634
IMPDH1	4	0.94542	0.94538	0.999995	938	0	-2.144	0.18827	0.18868	0.999995	174	0	-2.144
MBTD1	4	0.94595	0.94587	0.999995	939	0	-2.3271	0.67449	0.67364	0.999995	644	0	-2.3271
ZDHHC13	4	0.94606	0.94594	0.999995	940	0	-2.0536	0.15236	0.15244	0.999995	137	0	-2.0536
PDGFD	4	0.94616	0.94607	0.999995	941	0	-1.737	0.25061	0.24972	0.999995	229	0	-1.737
RHOBTB2	4	0.947	0.94699	0.999995	942	0	-2.5442	0.33247	0.33094	0.999995	310	0	-2.5442
IAPP	4	0.9472	0.94723	0.999995	943	0	-1.2107	0.25814	0.25705	0.999995	237	0	-1.2107
TAF1L	3	0.94829	0.94783	0.999995	944	0	-1.6503	0.097668	0.098622	0.999995	79	0	-1.6503
CDNF	4	0.94864	0.94883	0.999995	945	0	-1.5612	0.1289	0.12925	0.999995	115	0	-1.5612
FMR1	4	0.94934	0.94954	0.999995	946	0	-2.3322	0.39012	0.38852	0.999995	375	0	-2.3322
UMPS	4	0.95024	0.95055	0.999995	947	0	-1.6086	0.2392	0.23853	0.999995	221	0	-1.6086
IKBKB	4	0.95044	0.95078	0.999995	948	0	-1.9965	0.40234	0.40042	0.999995	386	0	-1.9965
NR2E1	4	0.95112	0.95145	0.999995	949	0	-1.7003	0.24758	0.2469	0.999995	227	0	-1.7003
JUP	4	0.95151	0.95191	0.999995	950	0	-2.0463	0.25889	0.25781	0.999995	238	0	-2.0463
HTR3E	4	0.95161	0.952	0.999995	951	0	-1.7162	0.21051	0.20992	0.999995	196	0	-1.7162
RB1	4	0.9519	0.95229	0.999995	952	0	-1.4794	0.23076	0.23021	0.999995	210	0	-1.4794
ANXA1	4	0.95219	0.9526	0.999995	953	0	-1.9427	0.38817	0.38661	0.999995	373	0	-1.9427
MECP2	4	0.95295	0.9535	0.999995	954	0	-2.0284	0.46423	0.4638	0.999995	448	0	-2.0284
TMEM9	4	0.95323	0.95384	0.999995	955	0	-1.4484	0.11357	0.11381	0.999995	98	0	-1.4484
ATP7B	4	0.95342	0.95399	0.999995	956	0	-2.4914	0.70529	0.70452	0.999995	676	0	-2.4914
ATP6V1C2	8	0.95369	0.98129	0.999995	957	2	-2.161	0.51799	0.51673	0.999995	503	0	-2.161
CNOT6L	4	0.9538	0.95438	0.999995	958	0	-2.0423	0.1187	0.11875	0.999995	105	0	-2.0423
LIM2	4	0.95389	0.95444	0.999995	959	0	-1.7283	0.072568	0.072696	0.999995	58	0	-1.7283
FAM126A	4	0.95445	0.95498	0.999995	960	0	-1.676	0.25964	0.25862	0.999995	239	0	-1.676
ERO1A	4	0.95463	0.95521	0.999995	961	0	-2.3371	0.45117	0.45045	0.999995	435	0	-2.3371
ZNF185	4	0.95491	0.95547	0.999995	962	0	-1.731	0.18102	0.18121	0.999995	165	0	-1.731
NDUFB4	4	0.95528	0.95583	0.999995	963	0	-1.8629	0.4992	0.49803	0.999995	485	0	-1.8629
TCF12	4	0.95663	0.95717	0.999995	964	0	-1.744	0.39271	0.39104	0.999995	377	0	-1.744
COPZ2	4	0.95752	0.95814	0.999995	965	0	-2.2004	0.16309	0.16304	0.999995	148	0	-2.2004
TBPL2	4	0.9576	0.95818	0.999995	966	0	-0.90622	0.19067	0.19114	0.999995	177	0	-0.90622
STRIP2	4	0.95769	0.95828	0.999995	967	0	-2.3333	0.3537	0.35242	0.999995	336	0	-2.3333
ATP7A	4	0.96084	0.96147	0.999995	968	0	-2.2127	0.67731	0.67641	0.999995	647	0	-2.2127
VPS37A	4	0.96215	0.96251	0.999995	969	0	-1.9652	0.50642	0.5053	0.999995	491	0	-1.9652
DENND5A	4	0.96239	0.9628	0.999995	970	0	-2.1686	0.56799	0.56835	0.999995	551	0	-2.1686
TPRX1	4	0.9635	0.96388	0.999995	971	0	-1.4507	0.24606	0.24515	0.999995	225	0	-1.4507
SMARCA1	4	0.96404	0.96447	0.999995	972	0	-1.9489	0.43238	0.43145	0.999995	416	0	-1.9489
PHLDA1	4	0.96489	0.96529	0.999995	973	0	-2.241	0.6435	0.6428	0.999995	619	0	-2.241
NSG1	4	0.96542	0.96581	0.999995	974	0	-2.359	0.17046	0.1707	0.999995	154	0	-2.359
SPDEF	4	0.96549	0.96587	0.999995	975	0	-1.8926	0.30787	0.30601	0.999995	286	0	-1.8926
XPO7	4	0.9669	0.96722	0.999995	976	0	-1.3092	0.060085	0.060187	0.999995	48	0	-1.3092
FXR2	4	0.9684	0.96873	0.999995	977	0	-2.0303	0.33799	0.33672	0.999995	316	0	-2.0303
FLOT2	4	0.96861	0.96897	0.999995	978	0	-1.851	0.16637	0.1664	0.999995	150	0	-1.851
MED12	4	0.96992	0.97011	0.999995	979	0	-1.7686	0.080526	0.080493	0.999995	64	0	-1.7686
EGFR	4	0.97012	0.97029	0.999995	980	0	-2.1592	0.34759	0.3464	0.999995	329	0	-2.1592
FKBP10	4	0.97139	0.9715	0.999995	981	0	-2.2284	0.71639	0.71569	0.999995	686	0	-2.2284
NLRP8	4	0.97178	0.97188	0.999995	982	0	-1.9314	0.17209	0.17218	0.999995	156	0	-1.9314
TNR	4	0.97184	0.97194	0.999995	983	0	-1.9142	0.29061	0.28896	0.999995	268	0	-1.9142
OGDHL	4	0.97216	0.97222	0.999995	984	0	-2.0835	0.40996	0.40857	0.999995	396	0	-2.0835
NBEA	4	0.97298	0.97306	0.999995	985	0	-2.0852	0.41122	0.40986	0.999995	397	0	-2.0852
HTR3D	4	0.97305	0.97312	0.999995	986	0	-2.2204	0.74816	0.74781	0.999995	710	0	-2.2204
SLC25A2	4	0.97317	0.97324	0.999995	987	0	-1.4084	0.15815	0.1579	0.999995	142	0	-1.4084
CHSY1	4	0.97336	0.97342	0.999995	988	0	-1.2699	0.20973	0.20922	0.999995	195	0	-1.2699
NUMB	4	0.97367	0.97373	0.999995	989	0	-2.2348	0.36579	0.36453	0.999995	348	0	-2.2348
LIMK2	4	0.97421	0.97437	0.999995	990	0	-2.346	0.77566	0.77667	0.999995	731	0	-2.346
PRKAB2	4	0.97433	0.97446	0.999995	991	0	-2.1942	0.56448	0.56463	0.999995	549	0	-2.1942
PCDH1	4	0.97487	0.97499	0.999995	992	0	-2.2596	0.52334	0.52258	0.999995	511	0	-2.2596
TOMM20L	4	0.97534	0.97539	0.999995	993	0	-2.1294	0.42745	0.42635	0.999995	413	0	-2.1294
ABTB2	4	0.97604	0.97611	0.999995	994	0	-2.1501	0.63828	0.63732	0.999995	613	0	-2.1501
EPS15	4	0.97649	0.97651	0.999995	995	0	-2.218	0.40106	0.39931	0.999995	385	0	-2.218
MPC1L	4	0.97727	0.97735	0.999995	996	0	-2.0079	0.38687	0.38546	0.999995	372	0	-2.0079
RCBTB2	4	0.97765	0.97774	0.999995	997	0	-2.3566	0.10237	0.10276	0.999995	84	0	-2.3566
SPOP	4	0.97856	0.97859	0.999995	998	0	-1.102	0.079645	0.079727	0.999995	63	0	-1.102
HNRNPF	4	0.97882	0.97883	0.999995	999	0	-1.8257	0.59723	0.59698	0.999995	573	0	-1.8257
PLD1	4	0.97999	0.98008	0.999995	1000	0	-1.8106	0.25137	0.25045	0.999995	230	0	-1.8106
PRDM13	4	0.98049	0.98053	0.999995	1001	0	-1.8629	0.28625	0.28468	0.999995	263	0	-1.8629
HUS1B	4	0.98093	0.98091	0.999995	1002	0	-1.974	0.34143	0.34016	0.999995	320	0	-1.974
DLL4	4	0.98187	0.98175	0.999995	1003	0	-2.0799	0.52656	0.52582	0.999995	514	0	-2.0799
CYP2A6	4	0.9821	0.98201	0.999995	1004	0	-2.1533	0.64046	0.63943	0.999995	614	0	-2.1533
ERC1	4	0.98256	0.98248	0.999995	1005	0	-2.2915	0.71236	0.71173	0.999995	681	0	-2.2915
MTUS1	4	0.98344	0.98342	0.999995	1006	0	-1.3541	0.10496	0.10545	0.999995	87	0	-1.3541
RNF144A	4	0.9837	0.98381	0.999995	1007	0	-2.1524	0.51575	0.51472	0.999995	500	0	-2.1524
ABCA3	4	0.98379	0.98393	0.999995	1008	0	-2.2388	0.37244	0.37125	0.999995	357	0	-2.2388
GALNT2	4	0.98535	0.98567	0.999995	1009	0	-1.233	0.036568	0.036832	0.999995	26	0	-1.233
PDX1	4	0.98631	0.9864	0.999995	1010	0	-1.5416	0.10669	0.10729	0.999995	90	0	-1.5416
SBF2	3	0.98634	0.98631	0.999995	1011	0	-1.6865	0.12242	0.12305	0.999995	110	0	-1.6865
H1FOO	4	0.98646	0.98658	0.999995	1012	0	-1.4815	0.12975	0.13003	0.999995	116	0	-1.4815
HRH1	4	0.9873	0.98738	0.999995	1013	0	-2.1118	0.59485	0.59464	0.999995	572	0	-2.1118
EPHA2	4	0.98765	0.98776	0.999995	1014	0	-2.0168	0.087558	0.087608	0.999995	72	0	-2.0168
TOP2B	4	0.98789	0.98799	0.999995	1015	0	-1.5304	0.21678	0.21608	0.999995	200	0	-1.5304
PDCD4	4	0.9884	0.98842	0.999995	1016	0	-1.3335	0.12126	0.12159	0.999995	108	0	-1.3335
MED13	4	0.98843	0.98844	0.999995	1017	0	-0.41379	0.020031	0.020181	0.999995	8	1	-0.41379
SHMT1	4	0.9885	0.98856	0.999995	1018	0	-1.9565	0.24682	0.24607	0.999995	226	0	-1.9565
PCGF1	4	0.98927	0.98916	0.999995	1019	0	-1.3377	0.12381	0.12434	0.999995	112	0	-1.3377
CRNN	4	0.98976	0.9898	0.999995	1020	0	-1.4318	0.1015	0.10178	0.999995	83	0	-1.4318
GSX1	4	0.98988	0.98992	0.999995	1021	0	-1.5858	0.11442	0.11468	0.999995	100	0	-1.5858
LATS1	4	0.99047	0.99042	0.999995	1022	0	-1.791	0.027407	0.027454	0.999995	17	0	-1.791
FLNB	4	0.99049	0.99043	0.999995	1023	0	-0.94867	0.082288	0.082326	0.999995	66	0	-0.94867
FKBP5	4	0.99072	0.99063	0.999995	1024	0	-1.8189	0.19547	0.19572	0.999995	181	0	-1.8189
FLT1	4	0.9913	0.99125	0.999995	1025	0	-1.5646	0.13228	0.13256	0.999995	119	0	-1.5646
SPHKAP	4	0.99132	0.99126	0.999995	1026	0	-1.684	0.23767	0.23707	0.999995	218	0	-1.684
MTUS2	4	0.99161	0.99153	0.999995	1027	0	-2.0483	0.53824	0.53726	0.999995	524	0	-2.0483
H2BFM	4	0.99202	0.99194	0.999995	1028	0	-1.9572	0.50863	0.50755	0.999995	494	0	-1.9572
FRY	4	0.99215	0.99207	0.999995	1029	0	-1.5951	0.36779	0.36665	0.999995	351	0	-1.5951
PACS2	4	0.99227	0.99218	0.999995	1030	0	-1.6886	0.33662	0.33515	0.999995	314	0	-1.6886
CRYBB2	4	0.99246	0.99236	0.999995	1031	0	-1.8151	0.45535	0.45481	0.999995	439	0	-1.8151
RYBP	3	0.99268	0.99267	0.999995	1032	0	-1.3312	0.3038	0.30239	0.999995	282	0	-1.3312
TNPO2	4	0.99289	0.99282	0.999995	1033	0	-1.8694	0.14404	0.14416	0.999995	130	0	-1.8694
AXL	4	0.99311	0.99298	0.999995	1034	0	-1.7523	0.4391	0.43837	0.999995	424	0	-1.7523
TIRAP	4	0.99349	0.99338	0.999995	1035	0	-0.85058	0.10063	0.10072	0.999995	82	0	-0.85058
ASCL1	4	0.99436	0.9944	0.999995	1036	0	-1.4182	0.11785	0.11778	0.999995	104	0	-1.4182
GPSM2	4	0.99489	0.99499	0.999995	1037	0	-1.2672	0.063664	0.063917	0.999995	52	0	-1.2672
EPC1	4	0.99542	0.99549	0.999995	1038	0	-1.7255	0.48279	0.48194	0.999995	465	0	-1.7255
KLK12	4	0.99587	0.99587	0.999995	1039	0	-1.5182	0.42374	0.42285	0.999995	408	0	-1.5182
CDK19	8	0.99635	0.99628	0.999995	1040	0	-1.7094	0.23824	0.23698	0.999995	219	0	-1.7094
STX4	4	0.99654	0.99662	0.999995	1041	0	-1.9733	0.48222	0.48124	0.999995	464	0	-1.9733
SOX9	4	0.99668	0.99681	0.999995	1042	0	-0.85332	0.038393	0.038636	0.999995	28	0	-0.85332
GYS1	4	0.99684	0.99697	0.999995	1043	0	-1.1587	0.18344	0.18387	0.999995	168	0	-1.1587
TYMS	4	0.99695	0.99709	0.999995	1044	0	-0.91039	0.20104	0.20074	0.999995	187	0	-0.91039
ABL1	4	0.99715	0.99725	0.999995	1045	0	-1.7326	0.024646	0.024715	0.999995	14	0	-1.7326
AP2A1	4	0.99731	0.99734	0.999995	1046	0	-0.98757	0.083168	0.083186	0.999995	68	0	-0.98757
PPP3CA	4	0.9982	0.99832	0.999995	1047	0	-1.242	0.20024	0.20001	0.999995	186	0	-1.242
PTPN6	4	0.99845	0.99851	0.999995	1048	0	-1.1879	0.25288	0.25176	0.999995	232	0	-1.1879
MBD4	8	0.99849	0.99842	0.999995	1049	0	-2.1812	0.81933	0.81866	0.999995	768	0	-2.1812
LDB1	8	0.99906	0.99905	0.999995	1050	0	-1.6628	0.021388	0.022116	0.999995	10	1	-1.6628
MAK	4	0.99918	0.99928	0.999995	1051	0	-1.2707	0.28843	0.28676	0.999995	266	0	-1.2707
KIT	8	0.99957	0.99959	0.999995	1052	0	-1.4755	0.13657	0.13663	0.999995	123	0	-1.4755
CAB39	4	0.99997	1.0	0.999995	1053	0	0.69063	0.00013799	0.0003506	0.061881	6	2	0.69063
LATS2	4	0.99999	1.0	0.999995	1054	0	0.81718	5.9974e-05	8.8819e-05	0.018812	5	2	0.81718
MAP4K4	4	1.0	1.0	0.999995	1055	0	0.48739	0.022802	0.022967	0.999995	12	0	0.48739
RUNX1	4	1.0	1.0	0.999995	1056	0	2.6586	2.3159e-07	4.6747e-06	0.001238	4	3	2.6586
FRYL	4	1.0	1.0	0.999995	1057	0	3.2345	4.3862e-10	4.6747e-06	0.001238	3	4	3.2345
PTPN14	4	1.0	1.0	0.999995	1058	0	2.9116	1.751e-10	4.6747e-06	0.001238	2	4	2.9116
TP53	4	1.0	1.0	0.999995	1059	0	5.4859	5.4151e-12	4.6747e-06	0.001238	1	4	5.4859
