id	num	neg|score	neg|p-value	neg|fdr	neg|rank	neg|goodsgrna	neg|lfc	pos|score	pos|p-value	pos|fdr	pos|rank	pos|goodsgrna	pos|lfc
MYC	8	4.4299e-13	4.6747e-06	0.002475	1	8	-1.3834	0.99999	1.0	0.999995	1057	0	-1.3834
MTG2	4	4.3396e-08	4.6747e-06	0.002475	2	4	-1.082	1.0	1.0	0.999995	1059	0	-1.082
RRM1	8	1.9868e-06	1.4024e-05	0.00495	3	7	-1.0563	0.96842	0.96835	0.999995	990	0	-1.0563
PPP4C	4	7.4126e-06	3.2723e-05	0.008663	4	3	-1.1822	0.93292	0.93303	0.999995	957	0	-1.1822
UQCRC1	4	9.4903e-06	5.1422e-05	0.010451	5	4	-0.85825	0.99999	1.0	0.999995	1058	0	-0.85825
RRM2	4	9.9794e-06	6.0771e-05	0.010451	6	3	-1.0356	0.738	0.73763	0.999995	762	0	-1.0356
KIF11	4	1.6483e-05	7.947e-05	0.010451	7	4	-1.0379	0.99998	1.0	0.999995	1056	0	-1.0379
CCND1	4	1.7731e-05	7.947e-05	0.010451	8	4	-1.1574	0.99998	1.0	0.999995	1055	0	-1.1574
PRPF8	4	3.044e-05	8.8819e-05	0.010451	9	4	-1.0334	0.99997	1.0	0.999995	1054	0	-1.0334
COPA	4	4.7371e-05	0.00012622	0.013366	10	4	-1.1116	0.99995	0.99998	0.999995	1053	0	-1.1116
BUB3	4	5.004e-05	0.00015426	0.014851	11	4	-1.187	0.99643	0.99648	0.999995	1032	0	-1.187
RPS5	4	5.9586e-05	0.00021036	0.018564	12	3	-1.2868	0.91577	0.91575	0.999995	942	0	-1.2868
RPP21	4	8.6377e-05	0.00037865	0.030845	13	4	-1.1973	0.97517	0.97525	0.999995	998	0	-1.1973
RPS19	4	9.6663e-05	0.0004441	0.032673	14	4	-1.0547	0.9999	0.99991	0.999995	1052	0	-1.0547
POLR2L	4	0.00010132	0.00046279	0.032673	15	4	-1.3247	0.9999	0.9999	0.999995	1051	0	-1.3247
SF3B3	4	0.00011319	0.00052824	0.034963	16	4	-1.1724	0.99989	0.99989	0.999995	1050	0	-1.1724
ALDOA	4	0.00015838	0.00074328	0.043512	17	3	-1.03	0.50198	0.50085	0.973113	543	0	-1.03
SMARCA4	4	0.00016161	0.00078067	0.043512	18	3	-0.93747	0.77166	0.77245	0.999995	793	0	-0.93747
CHORDC1	3	0.00018206	0.00057499	0.035818	19	3	-1.0791	0.99982	0.99983	0.999995	1049	0	-1.0791
MRPL38	4	0.00020603	0.00093026	0.044779	20	4	-0.77256	0.99979	0.99978	0.999995	1048	0	-0.77256
NKAP	4	0.00021092	0.00093026	0.044779	21	4	-0.71211	0.99979	0.99978	0.999995	1047	0	-0.71211
SF3A1	4	0.00021552	0.00093026	0.044779	22	3	-1.2408	0.12975	0.13003	0.960695	143	0	-1.2408
MED18	8	0.00035762	0.0022672	0.08575	23	6	-0.78258	0.40945	0.40922	0.961144	446	0	-0.78258
TOP2A	4	0.00037304	0.0016034	0.068736	24	4	-0.91766	0.99909	0.99923	0.999995	1043	0	-0.91766
NDUFB4	4	0.00038406	0.0016502	0.068736	25	4	-0.72284	0.99962	0.99961	0.999995	1046	0	-0.72284
ATP5F1B	4	0.0004024	0.0016782	0.068736	26	4	-0.77629	0.9996	0.99959	0.999995	1045	0	-0.77629
PRPF38A	4	0.00041404	0.0016876	0.068736	27	3	-0.9326	0.76979	0.7706	0.999995	791	0	-0.9326
NAE1	8	0.00046824	0.0029591	0.104455	28	7	-0.47158	0.56357	0.56226	0.985812	604	0	-0.47158
RPL14	3	0.00059907	0.0017811	0.069857	29	3	-1.8786	0.91418	0.91391	0.999995	941	0	-1.8786
ATP6V1B2	4	0.00070574	0.0027814	0.101571	30	4	-0.93214	0.99929	0.99939	0.999995	1044	0	-0.93214
RPL36	4	0.00088202	0.0033798	0.115458	31	4	-1.0422	0.98495	0.9852	0.999995	1011	0	-1.0422
SOX9	4	0.0010859	0.0041091	0.131863	32	4	-0.50995	0.99891	0.99909	0.999995	1042	0	-0.50995
PDCD6IP	4	0.0012519	0.00467	0.145457	33	4	-0.58961	0.99875	0.99889	0.999995	1041	0	-0.58961
HMGCS1	3	0.0013123	0.0037538	0.124226	34	3	-0.91193	0.99869	0.99856	0.999995	1040	0	-0.91193
NMT1	4	0.001322	0.0049411	0.149505	35	4	-0.63572	0.99868	0.99881	0.999995	1039	0	-0.63572
RPL19	4	0.0014074	0.0053899	0.158553	36	3	-0.72789	0.90912	0.9091	0.999995	934	0	-0.72789
SF3B1	4	0.001758	0.0067362	0.187728	37	3	-0.88388	0.17778	0.17778	0.961144	190	0	-0.88388
MED12	4	0.002037	0.0075403	0.197658	38	3	-0.74691	0.41059	0.40917	0.961144	447	0	-0.74691
CDIPT	4	0.0020879	0.0076525	0.197658	39	3	-0.78142	0.70152	0.701	0.999995	730	0	-0.78142
BICD2	4	0.0021403	0.0078769	0.198609	40	4	-0.56785	0.99786	0.99791	0.999995	1038	0	-0.56785
PAF1	4	0.0022161	0.0081667	0.201128	41	4	-0.48706	0.99778	0.99783	0.999995	1037	0	-0.48706
NCBP2	4	0.0023448	0.0085968	0.206908	42	2	-0.22406	0.86148	0.86265	0.999995	884	0	-0.22406
E2F3	3	0.0024001	0.0066895	0.187728	43	3	-0.89184	0.9976	0.99756	0.999995	1036	0	-0.89184
NAA10	4	0.0025566	0.0093447	0.215131	44	4	-0.78213	0.98898	0.98897	0.999995	1019	0	-0.78213
RRM2B	8	0.0025572	0.01544	0.291991	45	7	-0.37353	0.98838	0.98874	0.999995	1017	0	-0.37353
INTS6	3	0.002568	0.0071382	0.193831	46	3	-0.82792	0.99743	0.99735	0.999995	1035	0	-0.82792
MED20	4	0.0027134	0.0098683	0.222351	47	4	-0.71385	0.99729	0.99732	0.999995	1034	0	-0.71385
VMP1	4	0.0028052	0.010139	0.2237	48	3	-0.96173	0.9055	0.90551	0.999995	928	0	-0.96173
AHCYL1	4	0.002998	0.010756	0.232471	49	4	-0.74937	0.97898	0.97898	0.999995	1005	0	-0.74937
DYNLRB1	3	0.0031938	0.0088024	0.207151	50	3	-1.1384	0.99681	0.99673	0.999995	1033	0	-1.1384
SIN3A	4	0.0032014	0.011523	0.241604	51	4	-0.80051	0.98535	0.98567	0.999995	1012	0	-0.80051
KIF4A	4	0.0032478	0.011635	0.241604	52	4	-0.64462	0.97581	0.97586	0.999995	1001	0	-0.64462
SNRPD3	4	0.0036944	0.013075	0.261255	53	4	-0.71722	0.99631	0.9963	0.999995	1031	0	-0.71722
RPL3	7	0.0044373	0.02349	0.358062	54	5	-0.59909	0.92996	0.93041	0.999995	953	0	-0.59909
SMC1A	4	0.0044495	0.015394	0.291991	55	4	-0.57502	0.99555	0.99561	0.999995	1030	0	-0.57502
RPS3	3	0.0045143	0.012365	0.251809	56	3	-1.1878	0.94039	0.9398	0.999995	964	0	-1.1878
RPL13	3	0.0051177	0.013963	0.273836	57	3	-0.88306	0.98142	0.98119	0.999995	1008	0	-0.88306
IRF4	4	0.0051875	0.017899	0.328354	58	3	-0.60066	0.24758	0.2469	0.961144	263	0	-0.60066
MRPL41	4	0.0052232	0.017984	0.328354	59	4	-0.84684	0.99478	0.99483	0.999995	1029	0	-0.84684
COX6B1	8	0.0055214	0.030315	0.402537	60	5	-0.39993	0.75309	0.75261	0.999995	778	0	-0.39993
ZNF407	4	0.0056411	0.019386	0.347961	61	4	-0.78156	0.99159	0.99151	0.999995	1021	0	-0.78156
PRKDC	8	0.0058059	0.031643	0.413608	62	7	-0.40464	0.98655	0.98655	0.999995	1014	0	-0.40464
TIMM10	4	0.0058975	0.020209	0.352181	63	4	-0.7747	0.99197	0.9919	0.999995	1024	0	-0.7747
TACC3	4	0.0060677	0.020704	0.352181	64	2	-0.56028	0.68803	0.68737	0.999995	719	0	-0.56028
SFPQ	4	0.0060879	0.02077	0.352181	65	1	-0.16587	0.54659	0.54573	0.976226	592	0	-0.16587
ABT1	4	0.0062402	0.021181	0.352181	66	3	-0.78254	0.83578	0.83747	0.999995	861	0	-0.78254
ELL	4	0.0062799	0.021284	0.352181	67	4	-0.54469	0.99372	0.9936	0.999995	1028	0	-0.54469
VCP	4	0.0064151	0.021714	0.35377	68	3	-0.75058	0.11699	0.11692	0.960695	128	0	-0.75058
EPHA2	4	0.0065862	0.022247	0.356961	69	3	-0.45352	0.024646	0.027539	0.948567	25	1	-0.45352
RPL10A	4	0.0066971	0.022602	0.357248	70	3	-0.69301	0.47299	0.47223	0.966484	517	0	-0.69301
XAB2	4	0.0069604	0.023387	0.358062	71	3	-0.71124	0.52656	0.52582	0.973113	568	0	-0.71124
COPS7A	4	0.0070685	0.023668	0.358062	72	4	-0.45683	0.99293	0.99286	0.999995	1027	0	-0.45683
CALY	4	0.0077804	0.025987	0.381459	73	4	-0.36071	0.99222	0.99213	0.999995	1026	0	-0.36071
INTS2	4	0.0078544	0.026295	0.381459	74	4	-0.54451	0.99215	0.99207	0.999995	1025	0	-0.54451
TRRAP	4	0.0080799	0.027043	0.382574	75	3	-0.79631	0.65548	0.65467	0.999995	691	0	-0.79631
FZR1	4	0.0081051	0.027094	0.382574	76	4	-0.47321	0.99189	0.99187	0.999995	1023	0	-0.47321
GBP3	4	0.0083616	0.02795	0.389461	77	4	-0.35028	0.99164	0.99155	0.999995	1022	0	-0.35028
TOMM40	7	0.0085447	0.041778	0.491584	78	6	-0.68362	0.86094	0.86131	0.999995	883	0	-0.68362
SF3B5	4	0.009168	0.030269	0.402537	79	4	-0.74426	0.99083	0.99078	0.999995	1020	0	-0.74426
SBNO1	4	0.009735	0.032026	0.413608	80	3	-0.80058	0.43361	0.43266	0.961144	474	0	-0.80058
HUS1	4	0.010059	0.033083	0.422104	81	3	-0.57156	0.8636	0.86464	0.999995	885	0	-0.57156
DHX9	3	0.011065	0.028978	0.398547	82	3	-0.80373	0.98894	0.98888	0.999995	1018	0	-0.80373
HNRNPK	4	0.011405	0.037477	0.466919	83	2	-0.4761	0.51302	0.51197	0.973113	553	0	-0.4761
TUFM	3	0.011579	0.030409	0.402537	84	2	-1.074	0.46574	0.46399	0.964727	510	0	-1.074
PUM1	4	0.011637	0.038216	0.470585	85	4	-0.4228	0.98836	0.98837	0.999995	1016	0	-0.4228
CPSF3	4	0.012163	0.039796	0.478904	86	4	-0.70407	0.9471	0.94713	0.999995	972	0	-0.70407
PHLDA2	4	0.012774	0.041525	0.491584	87	4	-0.33194	0.98723	0.98733	0.999995	1015	0	-0.33194
RPL37A	2	0.013332	0.025052	0.373658	88	2	-1.0552	0.76502	0.76477	0.999995	788	0	-1.0552
ASF1A	4	0.013543	0.043956	0.511533	89	2	-0.27525	0.35438	0.35299	0.961144	375	0	-0.27525
KAT6A	4	0.013746	0.044667	0.514152	90	3	-0.61482	0.61359	0.61262	0.989542	653	0	-0.61482
SEPHS2	4	0.014223	0.045873	0.522357	91	4	-0.42594	0.98578	0.98597	0.999995	1013	0	-0.42594
CCT6A	3	0.014312	0.037355	0.466919	92	2	-0.69279	0.058321	0.058541	0.948567	62	1	-0.69279
CLNS1A	3	0.015061	0.039141	0.476442	93	3	-0.63197	0.91994	0.91924	0.999995	944	0	-0.63197
CLTC	4	0.015584	0.050061	0.563988	94	4	-0.49595	0.98442	0.98465	0.999995	1010	0	-0.49595
PSMC3	4	0.016327	0.052473	0.58494	95	2	-0.22414	0.048381	0.05023	0.948567	51	1	-0.22414
CDK7	4	0.016819	0.053829	0.58768	96	3	-0.70268	0.7153	0.71461	0.999995	740	0	-0.70268
HRAS	4	0.017129	0.054652	0.590574	97	4	-0.32591	0.98287	0.98276	0.999995	1009	0	-0.32591
BUB1B	4	0.018897	0.059766	0.634301	98	3	-0.52198	0.3428	0.34154	0.961144	361	0	-0.52198
ACTL6A	4	0.019113	0.060299	0.634301	99	3	-0.68925	0.84151	0.8433	0.999995	867	0	-0.68925
STT3B	4	0.019738	0.062169	0.645457	100	4	-0.5206	0.95899	0.95939	0.999995	978	0	-0.5206
ATP5F1D	4	0.020337	0.063852	0.649605	101	2	-0.49608	0.55073	0.54993	0.976425	596	0	-0.49608
ZNF34	4	0.020746	0.065142	0.649605	102	3	-0.51572	0.15898	0.15879	0.961144	169	0	-0.51572
PEF1	4	0.020816	0.065385	0.649605	103	4	-0.518	0.97918	0.97923	0.999995	1007	0	-0.518
FANCF	4	0.020919	0.065647	0.649605	104	4	-0.45501	0.97908	0.97915	0.999995	1006	0	-0.45501
UNC119	4	0.021052	0.066217	0.649605	105	3	-0.49729	0.89025	0.89053	0.999995	907	0	-0.49729
SLC25A28	4	0.021129	0.066479	0.649605	106	4	-0.55739	0.97235	0.97248	0.999995	997	0	-0.55739
CTR9	4	0.021251	0.066862	0.649605	107	3	-0.58334	0.81606	0.8183	0.999995	845	0	-0.58334
LONP1	4	0.021751	0.068162	0.656211	108	3	-0.69538	0.080526	0.080802	0.948567	90	1	-0.69538
ISCA2	4	0.022731	0.07121	0.679323	109	4	-0.54568	0.97727	0.97735	0.999995	1004	0	-0.54568
RHBDF1	4	0.023007	0.071845	0.679323	110	4	-0.3285	0.97699	0.97708	0.999995	1003	0	-0.3285
EIF3J	4	0.023724	0.073996	0.686053	111	3	-0.33617	0.73281	0.73225	0.999995	757	0	-0.33617
TUBB	3	0.023892	0.060495	0.634301	112	2	-0.94553	0.23471	0.23368	0.961144	248	0	-0.94553
HSCB	4	0.023907	0.074501	0.686053	113	4	-0.62981	0.97609	0.97618	0.999995	1002	0	-0.62981
THRAP3	4	0.024252	0.075613	0.690295	114	4	-0.4687	0.97575	0.9758	0.999995	1000	0	-0.4687
ZMIZ1	4	0.024541	0.076398	0.691504	115	4	-0.40584	0.97546	0.97557	0.999995	999	0	-0.40584
RRAGC	4	0.025418	0.07896	0.708634	116	3	-0.4626	0.91113	0.91128	0.999995	938	0	-0.4626
TOP1MT	4	0.02592	0.080288	0.712417	117	3	-0.56655	0.889	0.88899	0.999995	905	0	-0.56655
ATP5F1A	4	0.026089	0.080727	0.712417	118	3	-0.61021	0.9011	0.90127	0.999995	925	0	-0.61021
GTF3C1	4	0.027839	0.085673	0.74367	119	4	-0.52221	0.97216	0.97222	0.999995	996	0	-0.52221
MED13	4	0.028138	0.086608	0.745673	120	3	-0.61967	0.79231	0.79346	0.999995	819	0	-0.61967
RPS23	2	0.02923	0.053109	0.58586	121	2	-0.89984	0.97077	0.97054	0.999995	995	0	-0.89984
PSMB3	3	0.029899	0.074014	0.686053	122	3	-0.66813	0.9701	0.96957	0.999995	994	0	-0.66813
NAA15	4	0.030276	0.092367	0.774661	123	2	-0.56242	0.31355	0.31207	0.961144	328	0	-0.56242
TOB1	4	0.030637	0.093358	0.774661	124	3	-0.57429	0.38231	0.38125	0.961144	415	0	-0.57429
PPP2R1A	4	0.030762	0.093685	0.774661	125	4	-0.37768	0.96924	0.96946	0.999995	993	0	-0.37768
CDK5R2	4	0.030831	0.093947	0.774661	126	4	-0.35971	0.96917	0.96944	0.999995	992	0	-0.35971
EP300	4	0.031178	0.094882	0.774661	127	4	-0.31374	0.96882	0.96913	0.999995	991	0	-0.31374
RFC2	4	0.031366	0.095396	0.774661	128	2	-0.58559	0.21991	0.21943	0.961144	234	0	-0.58559
ASF1B	8	0.031835	0.13091	0.845297	129	7	-0.40866	0.91747	0.91735	0.999995	943	0	-0.40866
RPA1	4	0.032269	0.09778	0.774661	130	4	-0.57224	0.9642	0.96469	0.999995	983	0	-0.57224
TLN1	4	0.032308	0.097911	0.774661	131	4	-0.32924	0.96769	0.9681	0.999995	989	0	-0.32924
TGFBR2	4	0.032523	0.098388	0.774661	132	4	-0.29391	0.96748	0.96784	0.999995	988	0	-0.29391
TAMM41	4	0.032571	0.09851	0.774661	133	3	-0.50864	0.19706	0.19725	0.961144	209	0	-0.50864
TRAPPC3	4	0.032671	0.098753	0.774661	134	3	-0.5092	0.20973	0.20922	0.961144	223	0	-0.5092
RSBN1	4	0.033102	0.099931	0.777085	135	4	-0.39457	0.9669	0.96722	0.999995	987	0	-0.39457
MYH7	4	0.033321	0.10055	0.777085	136	4	-0.35453	0.96668	0.96706	0.999995	986	0	-0.35453
STRADA	4	0.033836	0.102	0.777085	137	4	-0.3517	0.96616	0.96655	0.999995	985	0	-0.3517
AKIRIN1	4	0.034415	0.10357	0.777263	138	3	-0.61709	0.45832	0.45772	0.96444	500	0	-0.61709
TBC1D28	3	0.034448	0.08413	0.736315	139	3	-0.37042	0.95907	0.95872	0.999995	979	0	-0.37042
UNC45B	4	0.034583	0.10395	0.777263	140	4	-0.31919	0.96542	0.96581	0.999995	984	0	-0.31919
COX4I2	4	0.034736	0.10422	0.777263	141	3	-0.40926	0.38817	0.38661	0.961144	419	0	-0.40926
TTC7A	8	0.034951	0.14118	0.864219	142	7	-0.2939	0.86367	0.86326	0.999995	886	0	-0.2939
AKIRIN2	4	0.035149	0.10513	0.778543	143	3	-0.42185	0.74447	0.74397	0.999995	769	0	-0.42185
SAP30L	4	0.036036	0.10757	0.791082	144	4	-0.27906	0.96396	0.96439	0.999995	982	0	-0.27906
COX4I1	4	0.036283	0.10833	0.791157	145	3	-0.53805	0.36912	0.36803	0.961144	393	0	-0.53805
ABCC3	4	0.036646	0.10935	0.793198	146	3	-0.43377	0.77779	0.77885	0.999995	798	0	-0.43377
TUBB2A	4	0.037409	0.11146	0.800274	147	3	-0.48363	0.35708	0.35558	0.961144	379	0	-0.48363
MRPL27	4	0.037534	0.11184	0.800274	148	4	-0.37974	0.96247	0.9629	0.999995	981	0	-0.37974
BAP1	4	0.038456	0.11443	0.81331	149	3	-0.40765	0.72824	0.72794	0.999995	752	0	-0.40765
RSBN1L	4	0.039076	0.11615	0.815822	150	3	-0.55109	0.37772	0.37643	0.961144	408	0	-0.55109
CRK	4	0.03926	0.11659	0.815822	151	3	-0.52817	0.26413	0.26297	0.961144	280	0	-0.52817
CCNL1	4	0.039463	0.1171	0.815822	152	3	-0.49554	0.36779	0.36665	0.961144	391	0	-0.49554
PKM	3	0.03994	0.097051	0.774661	153	2	-0.30251	0.65117	0.64997	0.999995	683	0	-0.30251
ZMIZ2	4	0.039994	0.11841	0.817534	154	4	-0.34429	0.96001	0.96057	0.999995	980	0	-0.34429
XRCC6	4	0.040214	0.11905	0.817534	155	3	-0.41357	0.8389	0.84074	0.999995	864	0	-0.41357
POLR2B	4	0.040442	0.11966	0.817534	156	3	-0.68791	0.19227	0.19257	0.961144	204	0	-0.68791
LARP1	4	0.04089	0.12086	0.820481	157	2	-0.46605	0.76125	0.76175	0.999995	785	0	-0.46605
TNPO1	3	0.041861	0.10151	0.777085	158	3	-0.51313	0.95814	0.95776	0.999995	977	0	-0.51313
FANCM	4	0.042131	0.12402	0.836571	159	3	-0.54334	0.045664	0.047556	0.948567	49	1	-0.54334
BZW2	4	0.042544	0.12519	0.838602	160	3	-0.4069	0.72647	0.72617	0.999995	749	0	-0.4069
VPS37A	4	0.042942	0.1262	0.838602	161	2	-0.349	0.80556	0.80716	0.999995	834	0	-0.349
MED26	4	0.043388	0.12749	0.838602	162	3	-0.49795	0.89466	0.89497	0.999995	915	0	-0.49795
NRBP2	4	0.04385	0.12867	0.839792	163	3	-0.47455	0.92037	0.92032	0.999995	945	0	-0.47455
TSG101	4	0.044103	0.12926	0.839792	164	3	-0.50778	0.93632	0.93635	0.999995	959	0	-0.50778
EZH2	4	0.045572	0.13306	0.853975	165	3	-0.41561	0.087558	0.087805	0.956446	97	1	-0.41561
PPP2CA	8	0.045838	0.17105	0.95377	166	5	-0.40866	0.177	0.17675	0.961144	189	1	-0.40866
SF3B2	4	0.046164	0.13459	0.858613	167	2	-0.4083	0.69076	0.68998	0.999995	721	0	-0.4083
RNF40	4	0.046568	0.13572	0.859235	168	3	-0.35074	0.4654	0.46501	0.964727	509	0	-0.35074
GSTP1	4	0.046816	0.13631	0.859235	169	3	-0.359	0.78351	0.78464	0.999995	810	0	-0.359
IMPDH1	4	0.047145	0.13717	0.859541	170	4	-0.29039	0.95286	0.95343	0.999995	976	0	-0.29039
CNOT7	4	0.04791	0.13877	0.863372	171	2	-0.25183	0.10755	0.1081	0.960695	117	1	-0.25183
LIM2	4	0.048471	0.14018	0.863372	172	3	-0.40379	0.92191	0.92185	0.999995	946	0	-0.40379
BTG1	4	0.048489	0.14023	0.863372	173	4	-0.31683	0.95151	0.95191	0.999995	975	0	-0.31683
GAPDH	4	0.049682	0.14325	0.871828	174	3	-0.63114	0.36579	0.36453	0.961144	388	0	-0.63114
PHLDA1	4	0.050059	0.14415	0.872334	175	4	-0.21884	0.94994	0.95026	0.999995	974	0	-0.21884
KIF20A	8	0.0511	0.18494	0.960081	176	4	-0.22933	0.030562	0.046032	0.948567	31	1	-0.22933
CCNT2	4	0.051465	0.14731	0.881384	177	4	-0.27607	0.94854	0.94869	0.999995	973	0	-0.27607
MED13L	4	0.051994	0.14869	0.883594	178	3	-0.46678	0.8986	0.89888	0.999995	923	0	-0.46678
CDK2	4	0.052279	0.14935	0.883594	179	3	-0.72304	0.48792	0.48684	0.972227	530	0	-0.72304
INCENP	4	0.053078	0.15148	0.891227	180	2	-0.37497	0.50753	0.50655	0.973113	549	0	-0.37497
RPL11	3	0.053393	0.1268	0.838602	181	3	-0.42854	0.94661	0.94618	0.999995	971	0	-0.42854
CHMP1A	4	0.053524	0.15256	0.892593	182	4	-0.45722	0.94648	0.94644	0.999995	970	0	-0.45722
ACACA	4	0.054731	0.15555	0.905097	183	3	-0.49548	0.69193	0.69127	0.999995	724	0	-0.49548
MTUS2	4	0.0564	0.1599	0.92531	184	4	-0.3036	0.9436	0.94351	0.999995	968	0	-0.3036
TPST2	4	0.056727	0.1608	0.925447	185	4	-0.27577	0.94327	0.94305	0.999995	967	0	-0.27577
CKAP5	8	0.057633	0.20137	0.998901	186	5	-0.22916	0.65851	0.65808	0.999995	695	0	-0.22916
ADSSL1	4	0.05827	0.16457	0.942066	187	4	-0.32445	0.94173	0.94152	0.999995	966	0	-0.32445
KIAA0319L	4	0.058605	0.16549	0.942218	188	4	-0.35561	0.9414	0.94116	0.999995	965	0	-0.35561
FXR2	4	0.059113	0.16675	0.944327	189	3	-0.33718	0.79633	0.79778	0.999995	824	0	-0.33718
RPL8	4	0.060632	0.17031	0.95377	190	3	-0.52361	0.80911	0.81118	0.999995	839	0	-0.52361
MED23	4	0.061567	0.17252	0.95377	191	4	-0.47127	0.93843	0.93827	0.999995	963	0	-0.47127
HACD1	4	0.061799	0.17292	0.95377	192	4	-0.25172	0.9382	0.93803	0.999995	962	0	-0.25172
ARID1A	4	0.062195	0.17384	0.953855	193	3	-0.4167	0.8118	0.81398	0.999995	841	0	-0.4167
FOSL1	3	0.062803	0.14715	0.881384	194	2	-0.40373	0.46249	0.46092	0.96444	507	0	-0.40373
SF1	4	0.063394	0.17613	0.95739	195	3	-0.45693	0.11956	0.1196	0.960695	131	0	-0.45693
TOMM22	4	0.063664	0.17662	0.95739	196	3	-0.37108	0.65632	0.65564	0.999995	692	0	-0.37108
ATP7A	4	0.063999	0.17719	0.95739	197	3	-0.43919	0.19627	0.19639	0.961144	208	0	-0.43919
DMXL2	4	0.064912	0.17874	0.958033	198	3	-0.34524	0.88845	0.88844	0.999995	904	0	-0.34524
RNF113A	4	0.065312	0.17937	0.958033	199	3	-0.66958	0.80028	0.8014	0.999995	825	0	-0.66958
DGAT1	4	0.065812	0.18003	0.958033	200	2	-0.35382	0.52172	0.52085	0.973113	564	0	-0.35382
WASL	4	0.067324	0.18245	0.960081	201	3	-0.45268	0.61862	0.61763	0.989542	657	0	-0.45268
RAP1GAP	4	0.067542	0.18281	0.960081	202	3	-0.40432	0.90866	0.90879	0.999995	933	0	-0.40432
COPZ1	4	0.068124	0.18379	0.960081	203	1	-0.14126	0.56899	0.56945	0.987741	610	0	-0.14126
HNRNPH1	4	0.068594	0.18456	0.960081	204	2	-0.38632	0.5862	0.58616	0.987817	627	0	-0.38632
CASP4	4	0.071422	0.18937	0.978242	205	2	-0.32278	0.61174	0.61084	0.989542	651	0	-0.32278
PMPCB	4	0.075226	0.19547	0.998901	206	2	-0.18424	0.50642	0.5053	0.973113	547	0	-0.18424
ATP5PB	4	0.075616	0.1962	0.998901	207	3	-0.36006	0.074341	0.074968	0.948567	83	1	-0.36006
MYBPH	4	0.076811	0.19811	0.998901	208	3	-0.32938	0.76634	0.76694	0.999995	789	0	-0.32938
RIC8A	4	0.078286	0.20032	0.998901	209	2	-0.34538	0.75049	0.75034	0.999995	774	0	-0.34538
SOD1	4	0.081098	0.20456	0.998901	210	3	-0.4087	0.89621	0.89635	0.999995	917	0	-0.4087
EIF4A3	4	0.084447	0.21003	0.998901	211	3	-0.70878	0.51575	0.51472	0.973113	557	0	-0.70878
DDX5	4	0.084562	0.21021	0.998901	212	2	-0.42945	0.084926	0.085093	0.948567	95	1	-0.42945
RPL17	3	0.085783	0.19425	0.998582	213	1	-0.12173	0.54241	0.54103	0.975037	587	0	-0.12173
SNRPB	4	0.086509	0.2134	0.998901	214	3	-0.38139	0.8576	0.85905	0.999995	880	0	-0.38139
SNRPD2	3	0.088433	0.19896	0.998901	215	2	-0.43623	0.77347	0.77427	0.999995	794	0	-0.43623
ASCL1	4	0.090266	0.21972	0.998901	216	3	-0.30973	0.89483	0.89509	0.999995	916	0	-0.30973
SLC9A3R2	4	0.090454	0.22004	0.998901	217	3	-0.41528	0.90974	0.90972	0.999995	935	0	-0.41528
PDS5A	4	0.090637	0.22034	0.998901	218	3	-0.44007	0.92558	0.92573	0.999995	949	0	-0.44007
CHUK	8	0.091136	0.27928	0.998901	219	6	-0.30463	0.05048	0.063132	0.948567	54	1	-0.30463
PFN1	4	0.093889	0.22539	0.998901	220	2	-0.38642	0.68448	0.68351	0.999995	715	0	-0.38642
TNPO2	4	0.096206	0.22929	0.998901	221	3	-0.35623	0.71749	0.71675	0.999995	741	0	-0.35623
PUM2	4	0.098544	0.23333	0.998901	222	3	-0.49349	0.40742	0.40591	0.961144	442	0	-0.49349
ZNF185	4	0.099132	0.2343	0.998901	223	2	-0.28441	0.29568	0.29382	0.961144	311	0	-0.28441
HPS1	4	0.1004	0.23651	0.998901	224	3	-0.31733	0.2826	0.281	0.961144	299	0	-0.31733
RPL18A	2	0.1015	0.17186	0.95377	225	2	-0.78399	0.8985	0.89797	0.999995	922	0	-0.78399
H1FOO	4	0.1015	0.23826	0.998901	226	2	-0.23606	0.61405	0.61296	0.989542	654	0	-0.23606
WDR12	4	0.10237	0.23957	0.998901	227	2	-0.32786	0.10063	0.10076	0.960695	109	1	-0.32786
HMG20B	4	0.10478	0.24309	0.998901	228	3	-0.3588	0.78022	0.78152	0.999995	804	0	-0.3588
MTX1	3	0.1077	0.23656	0.998901	229	2	-0.37536	0.054935	0.055175	0.948567	59	1	-0.37536
CAND1	4	0.10804	0.24796	0.998901	230	3	-0.34255	0.37244	0.37125	0.961144	398	0	-0.34255
GABPB2	4	0.10963	0.25037	0.998901	231	3	-0.31127	0.93738	0.9372	0.999995	961	0	-0.31127
DUSP10	4	0.10993	0.25089	0.998901	232	2	-0.2717	0.40869	0.40725	0.961144	444	0	-0.2717
FAM50A	4	0.11085	0.25236	0.998901	233	3	-0.434	0.6209	0.61983	0.989542	662	0	-0.434
NUTF2	4	0.11099	0.25266	0.998901	234	2	-0.19268	0.53771	0.5368	0.973408	584	0	-0.19268
GXYLT1	4	0.11239	0.25491	0.998901	235	3	-0.31073	0.3262	0.32466	0.961144	340	0	-0.31073
FZD8	4	0.11269	0.25541	0.998901	236	3	-0.2585	0.92809	0.92808	0.999995	951	0	-0.2585
EIF3L	4	0.11331	0.25632	0.998901	237	2	-0.32159	0.42374	0.42285	0.961144	460	0	-0.32159
MTHFD1	4	0.11345	0.2565	0.998901	238	3	-0.43114	0.89741	0.89759	0.999995	920	0	-0.43114
GJA8	4	0.11393	0.25732	0.998901	239	3	-0.42769	0.73316	0.73262	0.999995	758	0	-0.42769
ERO1B	4	0.11515	0.25921	0.998901	240	3	-0.35137	0.3283	0.32681	0.961144	343	0	-0.35137
RPRD1B	4	0.11517	0.25922	0.998901	241	3	-0.42673	0.82461	0.82652	0.999995	849	0	-0.42673
CTPS1	4	0.11829	0.26405	0.998901	242	3	-0.36836	0.52602	0.52531	0.973113	567	0	-0.36836
CLTA	4	0.11902	0.26528	0.998901	243	3	-0.28071	0.91082	0.91091	0.999995	937	0	-0.28071
DGKI	4	0.11923	0.26563	0.998901	244	3	-0.36157	0.20262	0.20233	0.961144	216	0	-0.36157
CDS2	4	0.12163	0.26962	0.998901	245	3	-0.42241	0.60196	0.60148	0.989542	642	0	-0.42241
SMAP1	4	0.12229	0.27083	0.998901	246	3	-0.36092	0.85955	0.86078	0.999995	882	0	-0.36092
CHSY3	4	0.1234	0.27248	0.998901	247	3	-0.32309	0.81234	0.8146	0.999995	842	0	-0.32309
SLC25A37	4	0.12473	0.27442	0.998901	248	3	-0.29824	0.82764	0.82971	0.999995	853	0	-0.29824
GALR3	4	0.1254	0.27547	0.998901	249	3	-0.34845	0.93016	0.93027	0.999995	954	0	-0.34845
FLOT2	4	0.12562	0.27571	0.998901	250	3	-0.31776	0.28333	0.28193	0.961144	300	0	-0.31776
POU4F2	4	0.12607	0.2764	0.998901	251	3	-0.35832	0.1794	0.17945	0.961144	192	0	-0.35832
RPS11	3	0.12693	0.26984	0.998901	252	2	-0.62866	0.69139	0.6919	0.999995	723	0	-0.62866
UTP14A	4	0.129	0.28089	0.998901	253	3	-0.37068	0.30144	0.29947	0.961144	316	0	-0.37068
KCNT1	4	0.12922	0.28126	0.998901	254	3	-0.3284	0.86838	0.86908	0.999995	889	0	-0.3284
GFM1	4	0.12978	0.28208	0.998901	255	2	-0.31706	0.007022	0.011224	0.948567	11	1	-0.31706
DEGS2	4	0.13036	0.28276	0.998901	256	3	-0.30493	0.87931	0.87974	0.999995	900	0	-0.30493
BRSK2	4	0.13196	0.28505	0.998901	257	3	-0.32695	0.9063	0.90616	0.999995	929	0	-0.32695
ABCG2	4	0.13228	0.28557	0.998901	258	1	0.023441	0.039304	0.041535	0.948567	41	1	0.023441
XYLT2	4	0.13242	0.28577	0.998901	259	3	-0.34688	0.93464	0.93482	0.999995	958	0	-0.34688
ABL2	4	0.13265	0.28616	0.998901	260	3	-0.42598	0.41311	0.41179	0.961144	450	0	-0.42598
RNF103	4	0.13313	0.2868	0.998901	261	2	-0.22905	0.36245	0.36096	0.961144	384	0	-0.22905
UTP14C	4	0.13369	0.28758	0.998901	262	3	-0.37075	0.17209	0.17218	0.961144	183	0	-0.37075
EPS15L1	4	0.1338	0.28781	0.998901	263	3	-0.38137	0.12126	0.12159	0.960695	133	0	-0.38137
ZEB1	4	0.13404	0.28825	0.998901	264	3	-0.34241	0.64824	0.64758	0.999995	682	0	-0.34241
RNF113B	4	0.13566	0.29061	0.998901	265	3	-0.31699	0.87698	0.87773	0.999995	896	0	-0.31699
TPBGL	4	0.13697	0.29241	0.998901	266	3	-0.28742	0.59723	0.59698	0.987817	640	0	-0.28742
FUT5	4	0.13764	0.29331	0.998901	267	2	-0.30862	0.5497	0.54882	0.976425	595	0	-0.30862
CRY2	4	0.13863	0.2946	0.998901	268	3	-0.34927	0.58862	0.5886	0.987817	630	0	-0.34927
FLNC	4	0.13871	0.29473	0.998901	269	3	-0.26753	0.80418	0.80573	0.999995	831	0	-0.26753
UCHL5	4	0.13942	0.29579	0.998901	270	3	-0.31579	0.78824	0.7891	0.999995	816	0	-0.31579
BZW1	3	0.14128	0.28543	0.998901	271	2	-0.42483	0.7802	0.78115	0.999995	803	0	-0.42483
AFG3L2	3	0.14179	0.28605	0.998901	272	2	-0.45543	0.85637	0.85667	0.999995	878	0	-0.45543
RPS8	3	0.14291	0.28731	0.998901	273	2	-0.24717	0.86928	0.8694	0.999995	890	0	-0.24717
RBM22	4	0.14419	0.3032	0.998901	274	3	-0.45761	0.28113	0.27965	0.961144	298	0	-0.45761
MED8	4	0.14487	0.30411	0.998901	275	2	-0.26996	0.2042	0.2039	0.961144	218	0	-0.26996
RUNX1	4	0.14632	0.30625	0.998901	276	2	-0.24458	0.56498	0.56528	0.987741	605	0	-0.24458
CLASP1	4	0.14654	0.30657	0.998901	277	2	-0.26297	0.80611	0.8078	0.999995	836	0	-0.26297
ADSS	3	0.14672	0.29112	0.998901	278	1	0.18583	0.071115	0.071107	0.948567	78	1	0.18583
TOP1	4	0.147	0.30719	0.998901	279	2	-0.42484	0.87834	0.87898	0.999995	898	0	-0.42484
ARSJ	4	0.14759	0.308	0.998901	280	3	-0.2892	0.75214	0.75217	0.999995	776	0	-0.2892
JUP	4	0.14767	0.30819	0.998901	281	3	-0.28785	0.67931	0.67839	0.999995	711	0	-0.28785
EEFSEC	4	0.14808	0.30892	0.998901	282	3	-0.2603	0.30072	0.29875	0.961144	315	0	-0.2603
TOMM20L	4	0.14904	0.31025	0.998901	283	2	-0.24545	0.091058	0.091208	0.960695	100	1	-0.24545
NDUFC1	4	0.14937	0.31071	0.998901	284	3	-0.39681	0.88736	0.88745	0.999995	903	0	-0.39681
GRIP1	4	0.15004	0.31164	0.998901	285	3	-0.28664	0.7564	0.75652	0.999995	781	0	-0.28664
EIF3B	4	0.15107	0.31314	0.998901	286	2	-0.4217	0.72718	0.7269	0.999995	751	0	-0.4217
MTA1	4	0.15127	0.31346	0.998901	287	3	-0.35021	0.8014	0.8025	0.999995	828	0	-0.35021
LSM4	4	0.15153	0.31384	0.998901	288	1	-0.15466	0.84292	0.84481	0.999995	869	0	-0.15466
POLR2A	4	0.15525	0.31926	0.998901	289	3	-0.40364	0.9128	0.91296	0.999995	939	0	-0.40364
RPL5	4	0.15601	0.32023	0.998901	290	3	-0.48306	0.58475	0.58475	0.987817	624	0	-0.48306
CAP2	4	0.15656	0.32101	0.998901	291	3	-0.39664	0.59198	0.59186	0.987817	632	0	-0.39664
SPATA21	4	0.15759	0.32227	0.998901	292	2	-0.24197	0.4992	0.49803	0.973113	539	0	-0.24197
SEC23A	4	0.15803	0.3229	0.998901	293	3	-0.29398	0.80196	0.80313	0.999995	829	0	-0.29398
HUS1B	4	0.15828	0.32318	0.998901	294	3	-0.28771	0.87581	0.87661	0.999995	895	0	-0.28771
PTPN21	4	0.15879	0.32383	0.998901	295	3	-0.25745	0.89656	0.89672	0.999995	918	0	-0.25745
UBASH3B	4	0.15967	0.32519	0.998901	296	2	-0.29886	0.4175	0.4161	0.961144	456	0	-0.29886
HOXB1	4	0.16057	0.32655	0.998901	297	3	-0.41686	0.415	0.4137	0.961144	453	0	-0.41686
FDPS	4	0.16071	0.32685	0.998901	298	2	-0.31823	0.82964	0.83161	0.999995	857	0	-0.31823
CLDN4	4	0.16141	0.32801	0.998901	299	3	-0.27279	0.56699	0.56721	0.987741	606	0	-0.27279
MAT2A	4	0.16176	0.32851	0.998901	300	3	-0.33243	0.40488	0.40336	0.961144	440	0	-0.33243
SAFB2	4	0.16185	0.32859	0.998901	301	3	-0.37564	0.77901	0.78021	0.999995	802	0	-0.37564
CADPS	4	0.16211	0.32906	0.998901	302	2	-0.31135	0.28406	0.28251	0.961144	301	0	-0.31135
ISL1	4	0.16309	0.33061	0.998901	303	3	-0.27573	0.28989	0.28827	0.961144	306	0	-0.27573
HTR3E	4	0.16416	0.33233	0.998901	304	3	-0.29141	0.65884	0.65813	0.999995	696	0	-0.29141
PFAS	4	0.16455	0.33288	0.998901	305	2	-0.29092	0.89327	0.8937	0.999995	913	0	-0.29092
GOLPH3	4	0.16596	0.33494	0.998901	306	2	-0.30211	0.74816	0.74781	0.999995	773	0	-0.30211
ATP6V1D	4	0.16719	0.33683	0.998901	307	2	-0.33463	0.84664	0.8487	0.999995	872	0	-0.33463
RAN	4	0.16772	0.33756	0.998901	308	2	-0.35884	0.35573	0.35422	0.961144	377	0	-0.35884
GATAD2A	4	0.16883	0.33916	0.998901	309	2	-0.22756	0.41374	0.41238	0.961144	451	0	-0.22756
S1PR4	4	0.16884	0.33924	0.998901	310	3	-0.28173	0.38752	0.386	0.961144	418	0	-0.28173
GCM2	4	0.17174	0.34351	0.998901	311	3	-0.47232	0.032911	0.035514	0.948567	34	1	-0.47232
ATR	4	0.17338	0.34617	0.998901	312	2	-0.24448	0.27673	0.27536	0.961144	294	0	-0.24448
BICD1	4	0.1736	0.34653	0.998901	313	3	-0.44252	0.89309	0.89357	0.999995	912	0	-0.44252
TAF1	4	0.17372	0.34675	0.998901	314	1	-0.13085	0.23076	0.23021	0.961144	245	0	-0.13085
MBTD1	4	0.17413	0.34732	0.998901	315	3	-0.388	0.67771	0.67679	0.999995	709	0	-0.388
TMEM9B	4	0.17546	0.34912	0.998901	316	3	-0.26704	0.79375	0.79505	0.999995	821	0	-0.26704
PRSS37	4	0.17624	0.35028	0.998901	317	2	-0.2862	0.60804	0.60727	0.989542	647	0	-0.2862
ADAP2	4	0.1766	0.35078	0.998901	318	2	-0.35324	0.61082	0.61	0.989542	649	0	-0.35324
SOS1	4	0.17696	0.35127	0.998901	319	3	-0.32733	0.74278	0.7423	0.999995	766	0	-0.32733
CAP1	4	0.17842	0.35358	0.998901	320	3	-0.39117	0.45951	0.45899	0.96444	501	0	-0.39117
DGKZ	3	0.17851	0.32491	0.998901	321	2	-0.32299	0.73599	0.73665	0.999995	761	0	-0.32299
DCAF8L1	4	0.17911	0.35477	0.998901	322	2	-0.24358	0.023724	0.026697	0.948567	24	1	-0.24358
MCPH1	4	0.18019	0.35634	0.998901	323	2	-0.23792	0.10841	0.10892	0.960695	118	1	-0.23792
NET1	4	0.18085	0.35716	0.998901	324	3	-0.34182	0.84618	0.84806	0.999995	871	0	-0.34182
TMEM30B	4	0.18167	0.35845	0.998901	325	3	-0.29705	0.80883	0.81092	0.999995	838	0	-0.29705
ARFGEF1	4	0.18183	0.35873	0.998901	326	1	-0.093618	0.38034	0.37904	0.961144	412	0	-0.093618
SLC10A2	4	0.18331	0.36092	0.998901	327	3	-0.31595	0.87542	0.87622	0.999995	894	0	-0.31595
CNOT6	4	0.18385	0.36169	0.998901	328	3	-0.28678	0.40552	0.40402	0.961144	441	0	-0.28678
XYLT1	4	0.18416	0.36216	0.998901	329	2	-0.38579	0.56799	0.56835	0.987741	608	0	-0.38579
SMARCA2	4	0.18578	0.36452	0.998901	330	3	-0.23919	0.91067	0.91072	0.999995	936	0	-0.23919
MORF4L2	4	0.18605	0.36484	0.998901	331	3	-0.32756	0.57347	0.57375	0.987817	614	0	-0.32756
COQ10B	4	0.18716	0.36645	0.998901	332	3	-0.29912	0.84245	0.84431	0.999995	868	0	-0.29912
PSMB8	4	0.1878	0.36723	0.998901	333	2	-0.2553	0.3276	0.32621	0.961144	342	0	-0.2553
CELA2A	4	0.18938	0.3695	0.998901	334	3	-0.30497	0.65123	0.65067	0.999995	684	0	-0.30497
KCNMB3	4	0.19077	0.3714	0.998901	335	3	-0.30221	0.69037	0.68971	0.999995	720	0	-0.30221
TBPL2	4	0.19105	0.3718	0.998901	336	3	-0.26808	0.24073	0.24014	0.961144	254	0	-0.26808
LDB1	8	0.19114	0.4567	0.998901	337	4	-0.23787	0.90699	0.90694	0.999995	932	0	-0.23787
ARID4A	4	0.19292	0.37434	0.998901	338	3	-0.34073	0.82814	0.8302	0.999995	854	0	-0.34073
NSG2	4	0.19307	0.37454	0.998901	339	2	-0.16798	0.16719	0.16722	0.961144	177	0	-0.16798
ZNRF4	4	0.19357	0.37518	0.998901	340	3	-0.32305	0.90421	0.90422	0.999995	927	0	-0.32305
FOXK1	4	0.19365	0.37528	0.998901	341	3	-0.3093	0.50031	0.4991	0.973113	541	0	-0.3093
SLC9A3R1	4	0.19385	0.37563	0.998901	342	3	-0.30065	0.92301	0.92305	0.999995	948	0	-0.30065
CTSZ	4	0.19442	0.37633	0.998901	343	3	-0.29949	0.78411	0.78518	0.999995	811	0	-0.29949
FOXE3	4	0.19476	0.37686	0.998901	344	2	-0.31634	0.27599	0.27456	0.961144	293	0	-0.31634
RALGPS2	4	0.19586	0.37839	0.998901	345	2	-0.33839	0.78589	0.78675	0.999995	813	0	-0.33839
RB1	4	0.19611	0.37879	0.998901	346	3	-0.27033	0.32481	0.32337	0.961144	339	0	-0.27033
ESRP2	4	0.19781	0.38112	0.998901	347	3	-0.28243	0.37508	0.37376	0.961144	404	0	-0.28243
PACS1	4	0.19808	0.38147	0.998901	348	3	-0.28513	0.46246	0.46199	0.96444	506	0	-0.28513
RHOBTB2	4	0.19895	0.38264	0.998901	349	3	-0.32107	0.89061	0.89088	0.999995	908	0	-0.32107
PDGFD	4	0.19919	0.38296	0.998901	350	3	-0.29518	0.014471	0.018217	0.948567	17	1	-0.29518
BATF3	4	0.19924	0.38302	0.998901	351	3	-0.27903	0.3206	0.31898	0.961144	333	0	-0.27903
AP2A1	4	0.2001	0.38411	0.998901	352	3	-0.27564	0.88645	0.88639	0.999995	902	0	-0.27564
LSM14B	4	0.20038	0.38451	0.998901	353	3	-0.24501	0.42992	0.42893	0.961144	469	0	-0.24501
PTF1A	4	0.20124	0.38551	0.998901	354	3	-0.29864	0.31	0.30818	0.961144	325	0	-0.29864
RNF130	4	0.20268	0.38757	0.998901	355	3	-0.24438	0.14153	0.14193	0.961144	153	0	-0.24438
ILF3	4	0.20579	0.3924	0.998901	356	2	-0.21366	0.3537	0.35242	0.961144	374	0	-0.21366
CLTCL1	4	0.20589	0.39252	0.998901	357	2	-0.24602	0.17535	0.17548	0.961144	186	0	-0.24602
CCNE2	4	0.20657	0.39343	0.998901	358	2	-0.30514	0.52816	0.52731	0.973113	571	0	-0.30514
TPBG	4	0.20731	0.39432	0.998901	359	3	-0.22655	0.80112	0.80218	0.999995	827	0	-0.22655
RANBP9	4	0.20889	0.39645	0.998901	360	2	-0.29317	0.78618	0.78706	0.999995	814	0	-0.29317
ZNF804B	4	0.20894	0.3965	0.998901	361	1	-0.064174	0.35099	0.34986	0.961144	370	0	-0.064174
CWF19L1	4	0.21229	0.40144	0.998901	362	3	-0.30644	0.93054	0.93072	0.999995	955	0	-0.30644
ALDOC	4	0.21288	0.40221	0.998901	363	3	-0.31256	0.70114	0.70063	0.999995	729	0	-0.31256
DHX29	3	0.21331	0.36126	0.998901	364	1	-0.097224	0.22525	0.22443	0.961144	240	0	-0.097224
IRF8	4	0.21416	0.40388	0.998901	365	2	-0.27965	0.34759	0.3464	0.961144	366	0	-0.27965
YIF1A	4	0.21454	0.40442	0.998901	366	2	-0.30542	0.72219	0.72162	0.999995	746	0	-0.30542
SLC11A1	4	0.216	0.40636	0.998901	367	2	-0.24117	0.081408	0.081671	0.948567	91	1	-0.24117
SLC22A8	4	0.21643	0.40688	0.998901	368	2	-0.1556	0.11614	0.11614	0.960695	127	0	-0.1556
SS18L1	4	0.21793	0.40912	0.998901	369	3	-0.25523	0.51956	0.51855	0.973113	560	0	-0.25523
SPATA16	4	0.21822	0.40959	0.998901	370	3	-0.35822	0.41437	0.41303	0.961144	452	0	-0.35822
SUV39H1	4	0.21947	0.41127	0.998901	371	2	-0.26972	0.078762	0.079306	0.948567	87	1	-0.26972
AP3M1	4	0.21972	0.41165	0.998901	372	3	-0.27496	0.811	0.81308	0.999995	840	0	-0.27496
RBBP4	3	0.21991	0.36838	0.998901	373	2	-0.55379	0.78097	0.78195	0.999995	807	0	-0.55379
APOBEC3C	4	0.22032	0.41254	0.998901	374	3	-0.29339	0.26711	0.26599	0.961144	283	0	-0.29339
COPG1	4	0.22061	0.41295	0.998901	375	3	-0.31945	0.50365	0.50251	0.973113	545	0	-0.31945
TMEM120B	4	0.22092	0.41337	0.998901	376	3	-0.22511	0.87423	0.87502	0.999995	893	0	-0.22511
TCF3	4	0.22212	0.41492	0.998901	377	3	-0.24059	0.80445	0.80605	0.999995	832	0	-0.24059
CRY1	4	0.22213	0.41493	0.998901	378	3	-0.34524	0.54607	0.54516	0.976226	591	0	-0.34524
GBX2	4	0.22454	0.41806	0.998901	379	3	-0.23725	0.36646	0.36524	0.961144	389	0	-0.23725
GSX1	4	0.22515	0.41888	0.998901	380	3	-0.27841	0.51466	0.51368	0.973113	556	0	-0.27841
CSTF2	4	0.22672	0.42132	0.998901	381	3	-0.36991	0.90307	0.90312	0.999995	926	0	-0.36991
L3MBTL2	4	0.22749	0.42231	0.998901	382	2	-0.22832	0.67811	0.67722	0.999995	710	0	-0.22832
KLF5	4	0.22788	0.42268	0.998901	383	3	-0.26445	0.53507	0.53429	0.973113	581	0	-0.26445
ATP6V1C2	8	0.22909	0.50741	0.998901	384	3	-0.14486	0.23971	0.23842	0.961144	252	0	-0.14486
IL6ST	4	0.22941	0.42497	0.998901	385	3	-0.26928	0.41688	0.41549	0.961144	455	0	-0.26928
TBP	4	0.22999	0.42569	0.998901	386	2	-0.2486	0.22302	0.22257	0.961144	237	0	-0.2486
PRG3	4	0.23095	0.42702	0.998901	387	2	-0.30023	0.069903	0.070761	0.948567	76	1	-0.30023
PPP2R1B	4	0.23133	0.42761	0.998901	388	2	-0.3333	0.27082	0.26961	0.961144	287	0	-0.3333
FOXK2	4	0.2323	0.42891	0.998901	389	2	-0.25258	0.89724	0.89742	0.999995	919	0	-0.25258
G3BP2	4	0.23248	0.42915	0.998901	390	3	-0.44296	0.80747	0.80943	0.999995	837	0	-0.44296
PTCH1	4	0.23307	0.42993	0.998901	391	1	-0.15934	0.61908	0.61805	0.989542	658	0	-0.15934
MOGAT2	4	0.23619	0.43435	0.998901	392	3	-0.28265	0.87001	0.87053	0.999995	891	0	-0.28265
SERPINA12	8	0.23676	0.51776	0.998901	393	3	-0.1549	0.56175	0.56066	0.984705	603	0	-0.1549
ADAP1	4	0.23829	0.43684	0.998901	394	3	-0.38913	0.25438	0.25331	0.961144	267	0	-0.38913
HRH1	4	0.23868	0.43732	0.998901	395	3	-0.26815	0.46891	0.46835	0.966484	512	0	-0.26815
CRYBB2	4	0.2392	0.43804	0.998901	396	1	-0.14791	0.5784	0.57841	0.987817	617	0	-0.14791
LOR	4	0.24118	0.44056	0.998901	397	3	-0.24841	0.88589	0.88589	0.999995	901	0	-0.24841
PXDN	4	0.24338	0.44379	0.998901	398	3	-0.22763	0.91414	0.91412	0.999995	940	0	-0.22763
NAPA	4	0.24454	0.44519	0.998901	399	2	-0.30138	0.14904	0.14911	0.961144	160	0	-0.30138
CCND3	4	0.24559	0.44647	0.998901	400	3	-0.24886	0.62406	0.62325	0.989542	667	0	-0.24886
QSOX1	4	0.24608	0.44708	0.998901	401	3	-0.33042	0.89203	0.89234	0.999995	911	0	-0.33042
COPG2	4	0.24758	0.44919	0.998901	402	1	-0.03186	0.068124	0.06891	0.948567	74	1	-0.03186
CAB39L	4	0.24781	0.44959	0.998901	403	3	-0.26611	0.40806	0.40658	0.961144	443	0	-0.26611
KRTAP10-10	4	0.24844	0.45036	0.998901	404	3	-0.30631	0.57544	0.57551	0.987817	615	0	-0.30631
AKAP11	4	0.24921	0.45155	0.998901	405	2	-0.24133	0.72254	0.72199	0.999995	747	0	-0.24133
MDM4	4	0.2494	0.45179	0.998901	406	3	-0.3074	0.92287	0.92297	0.999995	947	0	-0.3074
RXFP3	4	0.2496	0.452	0.998901	407	2	-0.29017	0.78765	0.78848	0.999995	815	0	-0.29017
CAVIN1	4	0.25004	0.45255	0.998901	408	3	-0.22826	0.76061	0.76099	0.999995	783	0	-0.22826
CDS1	4	0.25061	0.45323	0.998901	409	1	-0.03915	0.26859	0.26724	0.961144	285	0	-0.03915
IPO7	3	0.25152	0.40207	0.998901	410	2	-0.43975	0.39315	0.39129	0.961144	424	0	-0.43975
LARP1B	4	0.25156	0.45462	0.998901	411	2	-0.31258	0.42622	0.42518	0.961144	463	0	-0.31258
PPP3R2	4	0.25163	0.4547	0.998901	412	3	-0.32194	0.75575	0.75592	0.999995	780	0	-0.32194
FOXB1	4	0.25291	0.45636	0.998901	413	3	-0.25779	0.26114	0.26009	0.961144	277	0	-0.25779
RING1	4	0.25353	0.45725	0.998901	414	2	-0.26237	0.12211	0.12256	0.960695	134	0	-0.26237
TRPC5	4	0.25392	0.4577	0.998901	415	2	-0.30942	0.61451	0.61335	0.989542	655	0	-0.30942
STX12	4	0.25432	0.45834	0.998901	416	3	-0.28871	0.73524	0.73495	0.999995	759	0	-0.28871
TCERG1	4	0.25484	0.45914	0.998901	417	3	-0.28792	0.22457	0.22402	0.961144	239	0	-0.28792
SHMT2	4	0.2551	0.45944	0.998901	418	2	-0.27231	0.62044	0.61934	0.989542	661	0	-0.27231
MANF	4	0.25645	0.46114	0.998901	419	3	-0.3152	0.09716	0.097117	0.960695	105	1	-0.3152
MTMR3	4	0.25707	0.46192	0.998901	420	2	-0.26722	0.7787	0.77981	0.999995	801	0	-0.26722
MT2A	4	0.2571	0.46195	0.998901	421	3	-0.24254	0.90677	0.90658	0.999995	931	0	-0.24254
SOAT1	4	0.25786	0.46302	0.998901	422	2	-0.3212	0.21051	0.20992	0.961144	224	0	-0.3212
PTPN11	4	0.25865	0.4641	0.998901	423	3	-0.38476	0.35842	0.35702	0.961144	381	0	-0.38476
SLC25A15	4	0.25936	0.46494	0.998901	424	3	-0.27687	0.53083	0.53001	0.973113	575	0	-0.27687
G6PC	4	0.26001	0.46573	0.998901	425	3	-0.28584	0.93205	0.93204	0.999995	956	0	-0.28584
PRDM16	4	0.26063	0.46656	0.998901	426	2	-0.21868	0.70903	0.7083	0.999995	736	0	-0.21868
SLC25A25	4	0.26131	0.46766	0.998901	427	3	-0.26593	0.2453	0.24448	0.961144	260	0	-0.26593
EZH1	4	0.26142	0.46775	0.998901	428	2	-0.21536	0.36178	0.36024	0.961144	383	0	-0.21536
COX6B2	4	0.26182	0.46833	0.998901	429	3	-0.25932	0.25514	0.25417	0.961144	268	0	-0.25932
LATS2	4	0.26338	0.4702	0.998901	430	2	-0.17139	0.4256	0.42466	0.961144	462	0	-0.17139
JAG2	4	0.26359	0.47048	0.998901	431	3	-0.2986	0.79346	0.79478	0.999995	820	0	-0.2986
POLR2F	4	0.26425	0.47126	0.998901	432	3	-0.30902	0.93644	0.93648	0.999995	960	0	-0.30902
SLC32A1	4	0.26459	0.47172	0.998901	433	2	-0.23531	0.57938	0.5794	0.987817	619	0	-0.23531
TMEM120A	4	0.26523	0.47258	0.998901	434	3	-0.29517	0.2964	0.29456	0.961144	312	0	-0.29517
ACTL6B	4	0.26589	0.47346	0.998901	435	3	-0.27141	0.5303	0.52948	0.973113	574	0	-0.27141
DUOX2	4	0.26621	0.47384	0.998901	436	3	-0.30966	0.39077	0.3891	0.961144	422	0	-0.30966
GRHL3	4	0.26698	0.4749	0.998901	437	2	-0.25468	0.70977	0.7091	0.999995	737	0	-0.25468
GSDMD	4	0.26737	0.47531	0.998901	438	2	-0.26597	0.32899	0.32755	0.961144	344	0	-0.26597
NHLRC1	4	0.26785	0.4759	0.998901	439	2	-0.18442	0.77749	0.77848	0.999995	797	0	-0.18442
HMGCS2	4	0.26817	0.47631	0.998901	440	2	-0.2481	0.55739	0.55721	0.981837	601	0	-0.2481
CDNF	4	0.26885	0.47708	0.998901	441	3	-0.22833	0.18425	0.18476	0.961144	197	0	-0.22833
COQ10A	4	0.26934	0.47776	0.998901	442	3	-0.27426	0.58572	0.58569	0.987817	626	0	-0.27426
EFR3B	4	0.26951	0.47801	0.998901	443	3	-0.26705	0.23844	0.23776	0.961144	250	0	-0.26705
MPC1	4	0.26976	0.47828	0.998901	444	3	-0.38985	0.82864	0.83057	0.999995	855	0	-0.38985
NAA11	4	0.27176	0.4806	0.998901	445	2	-0.24473	0.58765	0.58774	0.987817	629	0	-0.24473
RNF44	4	0.2723	0.48145	0.998901	446	1	-0.041167	0.48736	0.48624	0.972227	529	0	-0.041167
PLAU	4	0.27381	0.48335	0.998901	447	3	-0.26617	0.8996	0.89992	0.999995	924	0	-0.26617
RPS15	2	0.27404	0.39632	0.998901	448	1	-0.33816	0.49983	0.49759	0.973113	540	0	-0.33816
REG3A	4	0.27525	0.4852	0.998901	449	2	-0.19051	0.70076	0.7003	0.999995	728	0	-0.19051
FSD1L	4	0.27615	0.48625	0.998901	450	2	-0.26655	0.47066	0.47009	0.966484	513	0	-0.26655
PTCH2	4	0.27648	0.48664	0.998901	451	3	-0.22457	0.32411	0.32253	0.961144	338	0	-0.22457
TIRAP	4	0.27695	0.48725	0.998901	452	3	-0.26572	0.65716	0.6565	0.999995	693	0	-0.26572
GPSM2	4	0.27746	0.48794	0.998901	453	2	-0.1205	0.45237	0.45168	0.96444	495	0	-0.1205
MYBPHL	4	0.2782	0.48876	0.998901	454	2	-0.24404	0.72075	0.72007	0.999995	745	0	-0.24404
XPR1	4	0.27848	0.48913	0.998901	455	3	-0.26692	0.86549	0.86628	0.999995	887	0	-0.26692
ENOX2	4	0.27882	0.48952	0.998901	456	3	-0.23879	0.037481	0.039898	0.948567	39	1	-0.23879
HNRNPF	4	0.27936	0.49022	0.998901	457	2	-0.19919	0.3731	0.37198	0.961144	401	0	-0.19919
MYL7	4	0.27967	0.49048	0.998901	458	2	-0.1373	0.10237	0.1028	0.960695	111	1	-0.1373
ERBB3	8	0.2814	0.57418	0.998901	459	5	-0.22028	0.74638	0.74577	0.999995	772	0	-0.22028
ESRP1	4	0.28177	0.49311	0.998901	460	2	-0.29466	0.64609	0.64561	0.999995	680	0	-0.29466
HASPIN	4	0.28333	0.49513	0.998901	461	2	-0.24356	0.10927	0.10964	0.960695	119	1	-0.24356
HMGCLL1	4	0.28522	0.49763	0.998901	462	3	-0.23691	0.73903	0.73871	0.999995	765	0	-0.23691
USP5	4	0.28552	0.49795	0.998901	463	2	-0.20278	0.70265	0.70236	0.999995	731	0	-0.20278
MMD	4	0.28625	0.49897	0.998901	464	1	-0.14347	0.50254	0.50132	0.973113	544	0	-0.14347
ADGRG7	4	0.28902	0.50229	0.998901	465	2	-0.30944	0.56044	0.5607	0.984705	602	0	-0.30944
NCKAP1	4	0.28916	0.50249	0.998901	466	2	-0.17345	0.68724	0.68652	0.999995	718	0	-0.17345
AP1G1	4	0.28942	0.50289	0.998901	467	2	-0.28623	0.30358	0.30173	0.961144	318	0	-0.28623
YAF2	4	0.28963	0.50315	0.998901	468	3	-0.24868	0.098029	0.098052	0.960695	106	1	-0.24868
CAND2	4	0.28982	0.50336	0.998901	469	2	-0.091489	0.06277	0.063721	0.948567	67	1	-0.091489
LIN28B	4	0.29063	0.50427	0.998901	470	2	-0.20517	0.16391	0.16391	0.961144	174	0	-0.20517
MAPK8IP3	4	0.29144	0.50535	0.998901	471	2	-0.27687	0.70716	0.70635	0.999995	734	0	-0.27687
MYBL2	4	0.29184	0.50588	0.998901	472	2	-0.23769	0.49189	0.49103	0.973113	533	0	-0.23769
FRS3	4	0.29225	0.50633	0.998901	473	2	-0.24621	0.59342	0.5933	0.987817	634	0	-0.24621
KIAA0319	4	0.29265	0.50683	0.998901	474	2	-0.23957	0.3213	0.31966	0.961144	334	0	-0.23957
BTBD11	4	0.29271	0.50687	0.998901	475	3	-0.22693	0.27893	0.27743	0.961144	297	0	-0.22693
RGS19	4	0.29423	0.50904	0.998901	476	2	-0.21758	0.53402	0.53309	0.973113	578	0	-0.21758
NSG1	4	0.29545	0.51064	0.998901	477	3	-0.19271	0.92977	0.92977	0.999995	952	0	-0.19271
ATP6V1C1	4	0.29712	0.51269	0.998901	478	3	-0.36137	0.76157	0.76209	0.999995	786	0	-0.36137
PSEN1	4	0.2989	0.5151	0.998901	479	3	-0.24968	0.89097	0.89118	0.999995	910	0	-0.24968
ULK1	4	0.29994	0.51649	0.998901	480	3	-0.30406	0.63564	0.63476	0.995871	675	0	-0.30406
TIMP2	4	0.30201	0.51908	0.998901	481	3	-0.18781	0.76253	0.76318	0.999995	787	0	-0.18781
SEC31B	4	0.3032	0.52063	0.998901	482	2	-0.2766	0.48565	0.48457	0.9719	528	0	-0.2766
TBC1D9	4	0.3048	0.52268	0.998901	483	3	-0.23833	0.92718	0.92706	0.999995	950	0	-0.23833
MED31	4	0.30549	0.52361	0.998901	484	3	-0.25608	0.63344	0.63254	0.995145	673	0	-0.25608
SNAPC4	4	0.30584	0.52405	0.998901	485	3	-0.26375	0.85673	0.85817	0.999995	879	0	-0.26375
DYNC1LI1	3	0.30711	0.45797	0.998901	486	2	-0.2176	0.42828	0.42661	0.961144	467	0	-0.2176
FKBP9	4	0.30724	0.52584	0.998901	487	3	-0.20901	0.89758	0.89785	0.999995	921	0	-0.20901
DMXL1	4	0.30864	0.52766	0.998901	488	3	-0.28687	0.68409	0.68312	0.999995	714	0	-0.28687
UNC119B	4	0.3089	0.52796	0.998901	489	2	-0.22863	0.69771	0.69706	0.999995	726	0	-0.22863
WAS	4	0.30934	0.52845	0.998901	490	3	-0.19449	0.54555	0.54452	0.976226	590	0	-0.19449
PTTG1	3	0.3097	0.46071	0.998901	491	2	-0.27801	0.33485	0.33304	0.961144	351	0	-0.27801
IKBKB	4	0.31071	0.53008	0.998901	492	1	-0.023586	0.083168	0.083439	0.948567	93	1	-0.023586
CLCA1	4	0.31074	0.53012	0.998901	493	3	-0.33973	0.71346	0.71278	0.999995	739	0	-0.33973
SLC11A2	4	0.31258	0.53232	0.998901	494	2	-0.31162	0.81579	0.81803	0.999995	844	0	-0.31162
PDCD4	4	0.31355	0.53311	0.998901	495	1	-0.091518	0.52977	0.529	0.973113	573	0	-0.091518
ARHGEF7	4	0.31708	0.5356	0.998901	496	2	-0.21638	0.30929	0.30746	0.961144	324	0	-0.21638
GDF15	4	0.3192	0.537	0.998901	497	1	-0.18419	0.10582	0.10649	0.960695	115	1	-0.18419
GMPR	4	0.32411	0.54076	0.998901	498	2	-0.2096	0.84009	0.84189	0.999995	866	0	-0.2096
SAMD9	4	0.3262	0.5422	0.998901	499	1	-0.020993	0.48336	0.48244	0.9719	524	0	-0.020993
LIN28A	3	0.32622	0.47716	0.998901	500	2	-0.29878	0.28426	0.28271	0.961144	302	0	-0.29878
SAR1A	8	0.32894	0.62971	0.998901	501	4	-0.237	0.29821	0.29746	0.961144	313	0	-0.237
IFIH1	4	0.33022	0.54536	0.998901	502	2	-0.16885	0.029244	0.031849	0.948567	29	1	-0.16885
INTS6L	4	0.33662	0.55026	0.998901	503	1	-0.20555	0.79519	0.79647	0.999995	823	0	-0.20555
SPOP	4	0.33722	0.55055	0.998901	504	2	-0.23015	0.48164	0.48063	0.9719	521	0	-0.23015
KLF4	4	0.33731	0.5506	0.998901	505	1	-0.18251	0.44153	0.44087	0.963775	484	0	-0.18251
COPZ2	4	0.33799	0.55119	0.998901	506	2	-0.17874	0.65294	0.65239	0.999995	688	0	-0.17874
NMT2	4	0.33937	0.55212	0.998901	507	2	-0.21014	0.73211	0.73166	0.999995	755	0	-0.21014
PSMB6	4	0.34075	0.55302	0.998901	508	2	-0.34573	0.76093	0.76132	0.999995	784	0	-0.34573
FARS2	4	0.3428	0.55459	0.998901	509	2	-0.17809	0.45117	0.45045	0.96444	494	0	-0.17809
DDI2	4	0.34759	0.55818	0.998901	510	1	-0.010272	0.20024	0.20001	0.961144	213	0	-0.010272
GIT2	4	0.34797	0.5584	0.998901	511	2	-0.20285	0.6218	0.62082	0.989542	664	0	-0.20285
POLD1	4	0.34827	0.5586	0.998901	512	1	-0.1344	0.75867	0.75885	0.999995	782	0	-0.1344
RIMKLB	3	0.35576	0.50727	0.998901	513	2	-0.19356	0.41656	0.41479	0.961144	454	0	-0.19356
HEATR5A	4	0.35709	0.56479	0.998901	514	2	-0.24135	0.64133	0.64038	0.999995	677	0	-0.24135
SIN3B	4	0.3575	0.56504	0.998901	515	2	-0.26826	0.65758	0.65693	0.999995	694	0	-0.26826
VPS26B	4	0.35833	0.5656	0.998901	516	2	-0.30832	0.57297	0.57327	0.987817	613	0	-0.30832
SLC35F3	4	0.35842	0.56569	0.998901	517	2	-0.27354	0.60383	0.60324	0.989542	644	0	-0.27354
H2AFX	4	0.35999	0.56697	0.998901	518	2	-0.18753	0.43115	0.4302	0.961144	471	0	-0.18753
PMM2	4	0.36082	0.56753	0.998901	519	2	-0.11359	0.16801	0.16813	0.961144	178	0	-0.11359
ZMAT2	4	0.36178	0.56819	0.998901	520	1	-0.11002	0.37837	0.37714	0.961144	409	0	-0.11002
HTR2C	4	0.36245	0.56874	0.998901	521	2	-0.30791	0.37969	0.37847	0.961144	411	0	-0.30791
CYP26C1	4	0.36312	0.56926	0.998901	522	1	-0.050716	0.2269	0.22666	0.961144	242	0	-0.050716
TOB2	4	0.36646	0.57194	0.998901	523	1	-0.11126	0.73593	0.73556	0.999995	760	0	-0.11126
MARCKS	4	0.36705	0.57241	0.998901	524	2	-0.11376	0.11357	0.11381	0.960695	124	0	-0.11376
CDK5R1	4	0.36872	0.57355	0.998901	525	2	-0.22093	0.80307	0.80425	0.999995	830	0	-0.22093
SHMT1	4	0.36955	0.5742	0.998901	526	2	-0.26123	0.82562	0.82751	0.999995	851	0	-0.26123
PMM1	4	0.37205	0.57594	0.998901	527	2	-0.2465	0.34486	0.34352	0.961144	363	0	-0.2465
TOP2B	4	0.37442	0.57754	0.998901	528	2	-0.21296	0.16309	0.16304	0.961144	173	0	-0.21296
SLC25A24	4	0.37579	0.57837	0.998901	529	2	-0.16122	0.33385	0.33249	0.961144	349	0	-0.16122
TPST1	4	0.3764	0.57881	0.998901	530	1	-0.17172	0.67489	0.67409	0.999995	706	0	-0.17172
SAP30	4	0.37704	0.57919	0.998901	531	2	-0.18704	0.45356	0.45309	0.96444	496	0	-0.18704
SEC31A	4	0.37829	0.58008	0.998901	532	2	-0.26067	0.74582	0.7453	0.999995	771	0	-0.26067
DNAJC15	4	0.37969	0.58108	0.998901	533	2	-0.21675	0.39464	0.39316	0.961144	427	0	-0.21675
FNIP2	4	0.38245	0.58327	0.998901	534	2	-0.19575	0.43544	0.43467	0.961144	477	0	-0.19575
NOX3	4	0.38287	0.5835	0.998901	535	2	-0.28596	0.52923	0.52834	0.973113	572	0	-0.28596
ZIC3	4	0.3837	0.5841	0.998901	536	2	-0.24024	0.65166	0.65112	0.999995	685	0	-0.24024
PCGF1	4	0.38454	0.58469	0.998901	537	2	-0.13254	0.57098	0.57123	0.987817	612	0	-0.13254
MRPL55	4	0.38579	0.58543	0.998901	538	2	-0.18511	0.063664	0.064749	0.948567	68	1	-0.18511
XRCC4	4	0.38621	0.58572	0.998901	539	2	-0.28926	0.72683	0.72652	0.999995	750	0	-0.28926
CFL1	4	0.38752	0.58654	0.998901	540	2	-0.089061	0.19786	0.198	0.961144	210	0	-0.089061
CCNL2	4	0.38829	0.5871	0.998901	541	2	-0.19922	0.31638	0.31472	0.961144	329	0	-0.19922
RHBDF2	4	0.39037	0.58851	0.998901	542	2	-0.27539	0.19467	0.19494	0.961144	207	0	-0.27539
PTPN6	4	0.39204	0.58976	0.998901	543	2	-0.20901	0.39141	0.38975	0.961144	423	0	-0.20901
FKBP4	4	0.39538	0.59235	0.998901	544	2	-0.248	0.47992	0.4788	0.9719	520	0	-0.248
MAK	4	0.39657	0.59319	0.998901	545	1	0.15031	6.9166e-05	0.00017296	0.091584	2	2	0.15031
TNR	4	0.3985	0.59451	0.998901	546	2	-0.22645	0.42745	0.42635	0.961144	465	0	-0.22645
GMPR2	4	0.40289	0.59756	0.998901	547	2	-0.32646	0.2113	0.21077	0.961144	225	0	-0.32646
MBD3L1	4	0.40297	0.59763	0.998901	548	1	-0.21414	0.62631	0.62553	0.989619	669	0	-0.21414
SPTA1	4	0.40372	0.59821	0.998901	549	2	-0.2255	0.29206	0.29034	0.961144	308	0	-0.2255
NUMBL	4	0.40414	0.59855	0.998901	550	2	-0.206	0.6122	0.61129	0.989542	652	0	-0.206
PSMA2	4	0.40488	0.59928	0.998901	551	2	-0.23119	0.11785	0.11778	0.960695	129	0	-0.23119
IMPDH2	4	0.40706	0.60089	0.998901	552	2	-0.26223	0.75247	0.75252	0.999995	777	0	-0.26223
CYP2A6	4	0.40915	0.60222	0.998901	553	2	-0.13627	0.20341	0.20321	0.961144	217	0	-0.13627
ARFGEF2	4	0.41123	0.60381	0.998901	554	2	-0.17766	0.54451	0.54345	0.976226	589	0	-0.17766
SPAG9	4	0.41437	0.60612	0.998901	555	2	-0.22203	0.89079	0.89098	0.999995	909	0	-0.22203
EAF1	4	0.41457	0.60629	0.998901	556	2	-0.27705	0.8205	0.82264	0.999995	848	0	-0.27705
CRNN	4	0.415	0.60663	0.998901	557	2	-0.22607	0.85541	0.85688	0.999995	877	0	-0.22607
GABPB1	4	0.41688	0.60799	0.998901	558	2	-0.26203	0.65251	0.65187	0.999995	687	0	-0.26203
SPTLC2	4	0.42125	0.61171	0.998901	559	1	-0.13095	0.43483	0.43405	0.961144	476	0	-0.13095
AXL	4	0.42187	0.61216	0.998901	560	2	-0.20763	0.18987	0.19039	0.961144	202	0	-0.20763
PLXDC1	8	0.42351	0.71459	0.998901	561	4	-0.21935	0.94599	0.94547	0.999995	969	0	-0.21935
GRM4	4	0.42375	0.61362	0.998901	562	2	-0.16104	0.18907	0.18955	0.961144	201	0	-0.16104
CABP5	4	0.425	0.6147	0.998901	563	2	-0.28455	0.87815	0.87881	0.999995	897	0	-0.28455
PAX4	4	0.42869	0.6173	0.998901	564	2	-0.23096	0.13228	0.13256	0.960695	146	0	-0.23096
TBC1D4	4	0.42958	0.61794	0.998901	565	2	-0.22826	0.53136	0.53054	0.973113	576	0	-0.22826
TRPM1	4	0.43042	0.61861	0.998901	566	2	-0.17536	0.70454	0.70397	0.999995	732	0	-0.17536
ZAP70	4	0.43177	0.61968	0.998901	567	2	-0.21138	0.3985	0.39688	0.961144	432	0	-0.21138
MMD2	4	0.43708	0.62361	0.998901	568	2	-0.23857	0.78529	0.7863	0.999995	812	0	-0.23857
KIT	8	0.43828	0.72519	0.998901	569	4	-0.1758	0.33848	0.33872	0.961144	355	0	-0.1758
SEPHS1	3	0.43853	0.59209	0.998901	570	2	-0.25928	0.073124	0.073145	0.948567	81	1	-0.25928
OSMR	4	0.43875	0.6248	0.998901	571	2	-0.22901	0.30858	0.30682	0.961144	323	0	-0.22901
IQCA1	4	0.43958	0.62535	0.998901	572	2	-0.22487	0.76948	0.77028	0.999995	790	0	-0.22487
MYD88	4	0.44124	0.62667	0.998901	573	2	-0.18112	0.79433	0.79553	0.999995	822	0	-0.18112
IRF6	4	0.44637	0.63055	0.998901	574	1	-0.11136	0.50087	0.49964	0.973113	542	0	-0.11136
IPO5	4	0.44757	0.63131	0.998901	575	2	-0.2861	0.20657	0.20612	0.961144	221	0	-0.2861
RAD17	3	0.44798	0.60157	0.998901	576	2	-0.26123	0.40068	0.39876	0.961144	435	0	-0.26123
SERPINA11	4	0.44915	0.63245	0.998901	577	2	-0.17812	0.18263	0.18304	0.961144	196	0	-0.17812
CHM	4	0.44938	0.63263	0.998901	578	1	-0.076025	0.23537	0.23477	0.961144	249	0	-0.076025
ATAD2B	4	0.44998	0.63309	0.998901	579	1	-0.083062	0.65505	0.65428	0.999995	690	0	-0.083062
GLIS3	4	0.45117	0.63391	0.998901	580	1	-0.071904	0.39335	0.39174	0.961144	425	0	-0.071904
TMEM30A	4	0.45164	0.63428	0.998901	581	2	-0.16247	0.58036	0.58037	0.987817	620	0	-0.16247
DUOX1	4	0.45416	0.6363	0.998901	582	2	-0.13923	0.082288	0.082597	0.948567	92	1	-0.13923
SKA1	4	0.45476	0.63682	0.998901	583	1	-0.12708	0.17372	0.17405	0.961144	185	0	-0.12708
VIM	4	0.45535	0.63723	0.998901	584	2	-0.16365	0.42807	0.42695	0.961144	466	0	-0.16365
LRBA	4	0.45891	0.63986	0.998901	585	1	-0.11771	0.68606	0.68533	0.999995	716	0	-0.11771
RAMP2	4	0.46069	0.64115	0.998901	586	1	-0.12044	0.079645	0.080054	0.948567	88	1	-0.12044
ACACB	4	0.46119	0.64154	0.998901	587	2	-0.21075	0.11185	0.11223	0.960695	122	0	-0.21075
FLT1	4	0.46128	0.6416	0.998901	588	1	-0.14586	0.59533	0.59504	0.987817	637	0	-0.14586
SNX2	4	0.46305	0.643	0.998901	589	1	-0.14811	0.28625	0.28468	0.961144	303	0	-0.14811
CPS1	4	0.46409	0.64375	0.998901	590	2	-0.19868	0.63211	0.63127	0.994806	672	0	-0.19868
HNRNPH3	4	0.46599	0.64515	0.998901	591	1	-0.22737	0.87911	0.87961	0.999995	899	0	-0.22737
RPL27A	2	0.46745	0.51761	0.998901	592	1	-0.21989	0.36946	0.36757	0.961144	394	0	-0.21989
LRFN1	4	0.46774	0.64649	0.998901	593	2	-0.19344	0.83505	0.83677	0.999995	860	0	-0.19344
PACS2	4	0.46891	0.64727	0.998901	594	1	-0.042595	0.32341	0.32188	0.961144	337	0	-0.042595
KHSRP	4	0.4695	0.64765	0.998901	595	2	-0.25515	0.15153	0.15163	0.961144	163	0	-0.25515
IKBKE	4	0.47008	0.64813	0.998901	596	1	-0.12259	0.7551	0.7553	0.999995	779	0	-0.12259
YBX3	4	0.47113	0.64885	0.998901	597	2	-0.18865	0.44577	0.44521	0.96444	487	0	-0.18865
BECN1	4	0.47361	0.6506	0.998901	598	2	-0.25589	0.8365	0.83809	0.999995	862	0	-0.25589
AP5M1	4	0.47531	0.65175	0.998901	599	2	-0.22676	0.6029	0.60231	0.989542	643	0	-0.22676
GOLPH3L	4	0.47898	0.65448	0.998901	600	2	-0.12083	0.47183	0.47111	0.966484	515	0	-0.12083
TANC1	4	0.48187	0.65665	0.998901	601	2	-0.21239	0.67731	0.67641	0.999995	708	0	-0.21239
KLK12	4	0.48517	0.6592	0.998901	602	2	-0.21623	0.43667	0.43594	0.961144	479	0	-0.21623
ALAS2	4	0.48565	0.65946	0.998901	603	1	-0.084442	0.13481	0.13517	0.960695	149	0	-0.084442
PCDH1	4	0.48906	0.66202	0.998901	604	1	-0.13552	0.70038	0.70004	0.999995	727	0	-0.13552
ARPC5	4	0.48963	0.66233	0.998901	605	1	-0.15427	0.25664	0.25554	0.961144	270	0	-0.15427
LBX1	4	0.49011	0.66271	0.998901	606	2	-0.086221	0.24378	0.24311	0.961144	258	0	-0.086221
ZNF284	4	0.49076	0.66321	0.998901	607	1	-0.066621	0.62135	0.62027	0.989542	663	0	-0.066621
TUBB2B	2	0.49517	0.53703	0.998901	608	1	-0.1283	0.15689	0.15778	0.961144	168	0	-0.1283
DDX39B	4	0.49709	0.66797	0.998901	609	2	-0.092451	0.060085	0.061122	0.948567	64	1	-0.092451
FAM50B	4	0.49752	0.66837	0.998901	610	1	-0.11468	0.5228	0.522	0.973113	565	0	-0.11468
RALGPS1	4	0.49864	0.66918	0.998901	611	1	-0.077939	0.1565	0.15646	0.961144	167	0	-0.077939
SIRPA	3	0.49932	0.65241	0.998901	612	1	-0.20412	0.12629	0.12673	0.960695	138	0	-0.20412
DENND5A	4	0.49997	0.67017	0.998901	613	2	-0.20556	0.80501	0.80658	0.999995	833	0	-0.20556
GALNT5	4	0.50078	0.67081	0.998901	614	2	-0.30547	0.80056	0.80165	0.999995	826	0	-0.30547
FRS2	4	0.50087	0.67086	0.998901	615	2	-0.24762	0.15402	0.15405	0.961144	166	0	-0.24762
TMEM185B	4	0.50201	0.6718	0.998901	616	2	-0.20103	0.67408	0.67319	0.999995	705	0	-0.20103
CTNNB1	4	0.50324	0.67275	0.998901	617	2	-0.21274	0.28771	0.28606	0.961144	305	0	-0.21274
TGM6	4	0.50488	0.67398	0.998901	618	2	-0.29474	0.71785	0.717	0.999995	742	0	-0.29474
FOXA1	4	0.50529	0.67429	0.998901	619	2	-0.090382	0.33593	0.3345	0.961144	353	0	-0.090382
TAP1	4	0.50808	0.67659	0.998901	620	2	-0.18979	0.15236	0.15244	0.961144	164	0	-0.18979
IPO8	4	0.50938	0.67749	0.998901	621	2	-0.16378	0.46069	0.4601	0.96444	503	0	-0.16378
TSTD1	4	0.50973	0.67771	0.998901	622	2	-0.15384	0.41185	0.41048	0.961144	449	0	-0.15384
GPSM1	4	0.51182	0.67925	0.998901	623	2	-0.19952	0.57889	0.57891	0.987817	618	0	-0.19952
GNB3	4	0.51223	0.67958	0.998901	624	2	-0.16613	0.56949	0.56989	0.987741	611	0	-0.16613
TOMM40L	4	0.51386	0.68064	0.998901	625	2	-0.19442	0.44938	0.44871	0.96444	492	0	-0.19442
IDH1	4	0.51521	0.68157	0.998901	626	1	0.015512	0.43177	0.43082	0.961144	472	0	0.015512
RPL3L	4	0.51738	0.6832	0.998901	627	1	-0.032605	0.47357	0.47275	0.966484	518	0	-0.032605
RNF10	4	0.51793	0.68372	0.998901	628	1	-0.068511	0.5939	0.59371	0.987817	635	0	-0.068511
SIX6	4	0.51794	0.68372	0.998901	629	2	-0.10222	0.381	0.37986	0.961144	413	0	-0.10222
MTMR4	4	0.51997	0.68535	0.998901	630	2	-0.2258	0.4225	0.4215	0.961144	459	0	-0.2258
GXYLT2	4	0.5201	0.68543	0.998901	631	1	-0.11875	0.52064	0.51979	0.973113	562	0	-0.11875
EPS15	4	0.52037	0.68566	0.998901	632	2	-0.22179	0.81763	0.81992	0.999995	846	0	-0.22179
CNOT8	3	0.52119	0.66161	0.998901	633	1	-0.19753	0.52291	0.52105	0.973113	566	0	-0.19753
SUSD1	4	0.52119	0.68625	0.998901	634	2	-0.28308	0.0079555	0.012131	0.948567	12	1	-0.28308
GRIP2	4	0.52159	0.68655	0.998901	635	2	-0.22645	0.41122	0.40986	0.961144	448	0	-0.22645
CAPN2	4	0.52495	0.6892	0.998901	636	2	-0.18328	0.7784	0.77951	0.999995	800	0	-0.18328
CTPS2	4	0.52646	0.69019	0.998901	637	2	-0.17279	0.65209	0.65149	0.999995	686	0	-0.17279
ERC1	4	0.52687	0.69039	0.998901	638	2	-0.19106	0.25137	0.25045	0.961144	265	0	-0.19106
RCBTB1	4	0.52923	0.69215	0.998901	639	2	-0.16954	0.19067	0.19114	0.961144	203	0	-0.16954
FBLN1	4	0.5297	0.69263	0.998901	640	2	-0.27237	0.61128	0.61043	0.989542	650	0	-0.27237
RHOT2	4	0.53083	0.69343	0.998901	641	2	-0.22931	0.7286	0.72828	0.999995	753	0	-0.22931
RBPJL	4	0.53132	0.69375	0.998901	642	2	-0.24222	0.84409	0.84623	0.999995	870	0	-0.24222
PLEK2	4	0.53507	0.69651	0.998901	643	1	-0.18152	0.83113	0.83313	0.999995	858	0	-0.18152
ATOH1	4	0.53616	0.69735	0.998901	644	2	-0.30097	0.36846	0.36731	0.961144	392	0	-0.30097
NCK2	4	0.53778	0.69854	0.998901	645	2	-0.21886	0.73246	0.73186	0.999995	756	0	-0.21886
SNTA1	4	0.53824	0.69885	0.998901	646	2	-0.17852	0.48451	0.4837	0.9719	527	0	-0.17852
RNF144B	4	0.53929	0.69977	0.998901	647	2	-0.16358	0.59628	0.59608	0.987817	638	0	-0.16358
NAA16	4	0.541	0.70085	0.998901	648	2	-0.19105	0.37045	0.36934	0.961144	395	0	-0.19105
RPL21	2	0.54237	0.57164	0.998901	649	1	-0.22546	0.49417	0.49235	0.973113	535	0	-0.22546
RPRD1A	4	0.54301	0.70244	0.998901	650	2	-0.16246	0.21757	0.21694	0.961144	232	0	-0.16246
CSTF2T	4	0.54399	0.70304	0.998901	651	1	-0.16522	0.55432	0.55377	0.979033	599	0	-0.16522
ADM	4	0.54504	0.70375	0.998901	652	2	-0.20452	0.7293	0.72894	0.999995	754	0	-0.20452
PRDM13	4	0.54541	0.70402	0.998901	653	2	-0.033897	0.0060879	0.010476	0.948567	10	1	-0.033897
CYFIP1	4	0.54607	0.70467	0.998901	654	2	-0.14502	0.0042177	0.0080919	0.948567	8	1	-0.14502
RBMXL2	4	0.55102	0.70834	0.998901	655	2	-0.19457	0.13397	0.13443	0.960695	148	0	-0.19457
VANGL2	4	0.55142	0.70858	0.998901	656	2	-0.14334	0.4601	0.45955	0.96444	502	0	-0.14334
NAT8L	4	0.55262	0.70969	0.998901	657	2	-0.12479	0.39978	0.39811	0.961144	434	0	-0.12479
ENOX1	4	0.55279	0.70978	0.998901	658	1	-0.047607	0.24682	0.24607	0.961144	262	0	-0.047607
DBT	4	0.55302	0.70993	0.998901	659	2	-0.17152	0.16964	0.16988	0.961144	180	0	-0.17152
ADARB2	4	0.55462	0.71113	0.998901	660	2	-0.19762	0.82914	0.83096	0.999995	856	0	-0.19762
UAP1L1	4	0.55484	0.71135	0.998901	661	1	-0.092729	0.40297	0.40106	0.961144	439	0	-0.092729
PIP4P2	4	0.55535	0.71187	0.998901	662	1	-0.2395	0.74346	0.743	0.999995	767	0	-0.2395
FLOT1	4	0.55621	0.71257	0.998901	663	2	-0.15964	0.14654	0.14653	0.961144	158	0	-0.15964
SAR1B	4	0.55688	0.71323	0.998901	664	1	-0.10795	0.58523	0.58525	0.987817	625	0	-0.10795
AQP8	4	0.55739	0.71358	0.998901	665	1	0.02584	0.11013	0.11035	0.960695	120	0	0.02584
TFDP3	4	0.56059	0.71616	0.998901	666	2	-0.20272	0.51684	0.51562	0.973113	559	0	-0.20272
NUMB	4	0.56218	0.7175	0.998901	667	2	-0.14184	0.2415	0.24096	0.961144	255	0	-0.14184
RC3H1	4	0.56258	0.7177	0.998901	668	2	-0.19599	0.8487	0.85053	0.999995	876	0	-0.19599
CHSY1	4	0.56297	0.71798	0.998901	669	1	-0.095059	0.66756	0.66672	0.999995	702	0	-0.095059
CLTB	4	0.56416	0.71882	0.998901	670	2	-0.20397	0.43789	0.43715	0.961144	481	0	-0.20397
LIMK2	4	0.56598	0.72022	0.998901	671	1	-0.10474	0.06098	0.061926	0.948567	65	1	-0.10474
ATP6V1B1	4	0.56649	0.72065	0.998901	672	2	-0.17402	0.66051	0.65971	0.999995	698	0	-0.17402
AOX1	4	0.56654	0.7207	0.998901	673	2	-0.14679	0.37574	0.37452	0.961144	405	0	-0.14679
TTC23	4	0.56699	0.72111	0.998901	674	1	-0.1037	0.394	0.39244	0.961144	426	0	-0.1037
RANBP10	4	0.56749	0.72154	0.998901	675	1	-0.042028	0.46599	0.46551	0.964727	511	0	-0.042028
NR5A2	4	0.56812	0.72207	0.998901	676	2	-0.11306	0.01818	0.021536	0.948567	18	1	-0.11306
SBNO2	4	0.56931	0.72298	0.998901	677	2	-0.13633	0.54866	0.54782	0.976425	594	0	-0.13633
SNX6	4	0.56971	0.72327	0.998901	678	2	-0.17062	0.27746	0.27618	0.961144	295	0	-0.17062
PSMB9	4	0.57048	0.7238	0.998901	679	2	-0.25139	0.25889	0.25781	0.961144	273	0	-0.25139
ZFYVE19	4	0.5705	0.7238	0.998901	680	2	-0.23246	0.67651	0.67573	0.999995	707	0	-0.23246
RCBTB2	4	0.57326	0.72568	0.998901	681	2	-0.076732	0.20894	0.20837	0.961144	222	0	-0.076732
RPA3	4	0.57347	0.72579	0.998901	682	1	-0.23167	0.58669	0.5867	0.987817	628	0	-0.23167
LSM14A	4	0.57396	0.72615	0.998901	683	1	-0.013997	0.34143	0.34016	0.961144	359	0	-0.013997
IDH3G	4	0.57523	0.72703	0.998901	684	2	-0.18231	0.69309	0.69258	0.999995	725	0	-0.18231
SEC11C	4	0.57791	0.72919	0.998901	685	1	-0.10046	0.43238	0.43145	0.961144	473	0	-0.10046
YIF1B	4	0.57837	0.72957	0.998901	686	2	-0.24663	0.83819	0.83993	0.999995	863	0	-0.24663
ANKRD37	4	0.57877	0.72985	0.998901	687	2	-0.19263	0.13313	0.13349	0.960695	147	0	-0.19263
SBF2	3	0.5806	0.68734	0.998901	688	1	-0.038368	0.1295	0.1301	0.960695	142	0	-0.038368
SATB2	4	0.58329	0.73301	0.998901	689	2	-0.17725	0.16145	0.16147	0.961144	172	0	-0.17725
WRN	4	0.58347	0.73315	0.998901	690	2	-0.21546	0.78082	0.78203	0.999995	806	0	-0.21546
TLN2	4	0.58503	0.7343	0.998901	691	2	-0.17256	0.24606	0.24515	0.961144	261	0	-0.17256
TBC1D26	2	0.58604	0.60512	0.998901	692	1	-0.11134	0.27164	0.27094	0.961144	289	0	-0.11134
CDK16	4	0.5862	0.73517	0.998901	693	2	-0.034113	0.064557	0.065609	0.948567	69	1	-0.034113
RP1	4	0.58621	0.73517	0.998901	694	2	-0.27748	0.42498	0.42407	0.961144	461	0	-0.27748
EFR3A	4	0.5866	0.73545	0.998901	695	2	-0.20768	0.49302	0.49216	0.973113	534	0	-0.20768
TNKS2	4	0.58669	0.7355	0.998901	696	1	-0.17686	0.39657	0.395	0.961144	430	0	-0.17686
CCNT1	4	0.58738	0.73613	0.998901	697	2	-0.13668	0.39722	0.39558	0.961144	431	0	-0.13668
SMARCC1	4	0.58933	0.73764	0.998901	698	2	-0.075914	0.19865	0.19866	0.961144	211	0	-0.075914
VRTN	4	0.59088	0.73879	0.998901	699	2	-0.057281	0.27525	0.27382	0.961144	292	0	-0.057281
RPP14	4	0.59322	0.7406	0.998901	700	2	-0.21781	0.19387	0.19421	0.961144	206	0	-0.21781
SLC17A2	4	0.59342	0.7408	0.998901	701	1	-0.15821	0.099766	0.099921	0.960695	108	1	-0.15821
E2F4	4	0.59516	0.742	0.998901	702	2	-0.21797	0.78202	0.78322	0.999995	808	0	-0.21797
CCDC69	4	0.59593	0.7425	0.998901	703	2	-0.095175	0.3199	0.31821	0.961144	332	0	-0.095175
YIPF5	4	0.59709	0.74341	0.998901	704	2	-0.11796	0.36379	0.3624	0.961144	385	0	-0.11796
ABCA3	4	0.59913	0.74478	0.998901	705	2	-0.11991	0.6435	0.6428	0.999995	679	0	-0.11991
CRKL	4	0.60007	0.74548	0.998901	706	2	-0.20766	0.38947	0.38788	0.961144	421	0	-0.20766
IDH3B	4	0.60096	0.74614	0.998901	707	2	-0.23066	0.41813	0.41685	0.961144	457	0	-0.23066
AP1G2	4	0.60101	0.74621	0.998901	708	1	-0.086322	0.3564	0.35496	0.961144	378	0	-0.086322
NRBP1	4	0.60173	0.74666	0.998901	709	2	-0.13638	0.1432	0.14357	0.961144	155	0	-0.13638
EPHA3	4	0.60196	0.74684	0.998901	710	1	-0.085851	0.3269	0.32545	0.961144	341	0	-0.085851
EPC2	4	0.60477	0.74896	0.998901	711	2	-0.25147	0.23461	0.23402	0.961144	247	0	-0.25147
LIMK1	4	0.60524	0.74931	0.998901	712	1	-0.12237	0.34691	0.34574	0.961144	365	0	-0.12237
CBLL2	4	0.60635	0.75016	0.998901	713	2	-0.16441	0.48279	0.48194	0.9719	523	0	-0.16441
PAPSS2	4	0.60674	0.75043	0.998901	714	2	-0.1735	0.45535	0.45481	0.96444	497	0	-0.1735
APH1B	4	0.60943	0.75247	0.998901	715	1	-0.18902	0.17859	0.17861	0.961144	191	0	-0.18902
PPP3CA	4	0.61019	0.75298	0.998901	716	2	-0.1604	0.12636	0.12674	0.960695	139	0	-0.1604
KCNG4	4	0.61036	0.75312	0.998901	717	1	-0.16296	0.56749	0.56784	0.987741	607	0	-0.16296
NCKAP1L	4	0.61082	0.75339	0.998901	718	1	-0.034999	0.21444	0.21379	0.961144	229	0	-0.034999
SPDEF	4	0.61128	0.7538	0.998901	719	1	-0.19255	0.84756	0.84957	0.999995	874	0	-0.19255
CD163L1	4	0.61174	0.75409	0.998901	720	1	0.0094159	0.057393	0.058401	0.948567	61	1	0.0094159
MORF4L1	3	0.61585	0.70451	0.998901	721	1	-0.22136	0.61956	0.61969	0.989542	660	0	-0.22136
KRT25	4	0.61592	0.75719	0.998901	722	2	-0.19522	0.18102	0.18121	0.961144	194	0	-0.19522
TEX45	4	0.61706	0.75822	0.998901	723	2	-0.080663	0.2323	0.23175	0.961144	246	0	-0.080663
USP13	4	0.62086	0.76125	0.998901	724	2	-0.18016	0.35505	0.35359	0.961144	376	0	-0.18016
VANGL1	4	0.62135	0.76163	0.998901	725	2	-0.16198	0.0051531	0.0094756	0.948567	9	1	-0.16198
RNF38	4	0.62271	0.76291	0.998901	726	1	-0.15297	0.34963	0.34849	0.961144	367	0	-0.15297
IL10RA	4	0.62631	0.76588	0.998901	727	1	-0.117	0.52763	0.52682	0.973113	570	0	-0.117
OSBPL6	4	0.62721	0.7665	0.998901	728	1	-0.1525	0.44396	0.44335	0.96444	486	0	-0.1525
FMR1	4	0.62804	0.76711	0.998901	729	2	-0.15319	0.72002	0.7194	0.999995	743	0	-0.15319
SPTAN1	4	0.62842	0.7675	0.998901	730	2	-0.2176	0.6085	0.60765	0.989542	648	0	-0.2176
ERO1A	4	0.62855	0.76758	0.998901	731	1	0.0080352	0.1041	0.1046	0.960695	114	1	0.0080352
PLCG1	4	0.62955	0.76835	0.998901	732	2	-0.27006	0.53454	0.53375	0.973113	580	0	-0.27006
TIMM23	4	0.63033	0.76898	0.998901	733	2	-0.27078	0.78999	0.79113	0.999995	818	0	-0.27078
DLL4	4	0.63218	0.77039	0.998901	734	2	-0.18272	0.83938	0.84111	0.999995	865	0	-0.18272
SYK	4	0.63299	0.77085	0.998901	735	1	-0.10775	0.34006	0.33886	0.961144	357	0	-0.10775
CREBBP	4	0.63405	0.77163	0.998901	736	2	-0.18578	0.216	0.21537	0.961144	230	0	-0.18578
CCNE1	4	0.63652	0.77345	0.998901	737	1	-0.16713	0.78291	0.78403	0.999995	809	0	-0.16713
RSC1A1	4	0.63696	0.77371	0.998901	738	2	-0.037788	0.019106	0.022322	0.948567	19	1	-0.037788
LGALS9	4	0.63742	0.77405	0.998901	739	2	-0.19508	0.17697	0.17698	0.961144	188	0	-0.19508
LATS1	4	0.63784	0.77433	0.998901	740	2	-0.094042	0.1306	0.13076	0.960695	144	0	-0.094042
XDH	4	0.63928	0.77545	0.998901	741	2	-0.15322	0.4385	0.43768	0.961144	482	0	-0.15322
RPS28	2	0.64031	0.64881	0.998901	742	1	-0.15876	0.50677	0.50462	0.973113	548	0	-0.15876
SRI	4	0.6422	0.7778	0.998901	743	1	-0.15959	0.25814	0.25705	0.961144	272	0	-0.15959
UTRN	4	0.64337	0.77873	0.998901	744	2	-0.097092	0.47241	0.47167	0.966484	516	0	-0.097092
HEATR5B	4	0.6435	0.77884	0.998901	745	1	-0.12279	0.020955	0.024051	0.948567	21	1	-0.12279
STX7	4	0.64633	0.78139	0.998901	746	2	-0.14299	0.13144	0.13159	0.960695	145	0	-0.14299
PLD2	4	0.64855	0.78329	0.998901	747	2	-0.1007	0.054696	0.055905	0.948567	58	1	-0.1007
DYNC1LI2	4	0.64995	0.78432	0.998901	748	1	-0.1499	0.65463	0.65387	0.999995	689	0	-0.1499
NCOR2	4	0.6526	0.7865	0.998901	749	2	-0.22828	0.83359	0.83541	0.999995	859	0	-0.22828
SUV39H2	3	0.65291	0.72232	0.998901	750	1	-0.090489	0.18047	0.1801	0.961144	193	0	-0.090489
ABL1	4	0.65336	0.78716	0.998901	751	1	-0.043978	0.33316	0.33178	0.961144	348	0	-0.043978
RNF20	4	0.6537	0.78731	0.998901	752	2	-0.19489	0.89344	0.89386	0.999995	914	0	-0.19489
ABCB1	4	0.65407	0.78757	0.998901	753	2	-0.13435	0.27304	0.27171	0.961144	290	0	-0.13435
DMP1	4	0.65443	0.78789	0.998901	754	2	-0.25802	0.030162	0.032625	0.948567	30	1	-0.25802
GIT1	4	0.65632	0.7892	0.998901	755	1	-0.024838	0.26338	0.26224	0.961144	279	0	-0.024838
SPTLC3	4	0.65663	0.78946	0.998901	756	2	-0.23081	0.21365	0.21296	0.961144	228	0	-0.23081
SAMD4B	4	0.65716	0.78993	0.998901	757	1	-0.098137	0.14821	0.1483	0.961144	159	0	-0.098137
TBR1	4	0.65842	0.79092	0.998901	758	1	-0.091727	0.69115	0.69037	0.999995	722	0	-0.091727
BECN2	4	0.65955	0.79186	0.998901	759	2	-0.20661	0.34349	0.34231	0.961144	362	0	-0.20661
BCAP31	4	0.66101	0.79292	0.998901	760	2	-0.19471	0.28698	0.28535	0.961144	304	0	-0.19471
NXT1	4	0.66137	0.79323	0.998901	761	2	-0.16467	0.59246	0.59234	0.987817	633	0	-0.16467
LMBR1	4	0.66176	0.79355	0.998901	762	1	-0.0087237	0.1289	0.12925	0.960695	141	0	-0.0087237
ITSN1	4	0.66301	0.79453	0.998901	763	1	-0.12003	0.62361	0.62279	0.989542	666	0	-0.12003
ZG16	4	0.66464	0.79568	0.998901	764	2	-0.16048	0.044758	0.046752	0.948567	48	1	-0.16048
TTC7B	4	0.665	0.796	0.998901	765	2	-0.16489	0.53349	0.53265	0.973113	577	0	-0.16489
TIMM23B	4	0.6655	0.79653	0.998901	766	1	-0.23701	0.46187	0.46125	0.96444	505	0	-0.23701
RPS7	1	0.66569	0.66805	0.998901	767	0	-0.12848	0.33431	0.33496	0.961144	350	0	-0.12848
UNC45A	4	0.66681	0.79767	0.998901	768	2	-0.11547	0.35775	0.3563	0.961144	380	0	-0.11547
PCBD1	4	0.66753	0.79821	0.998901	769	2	-0.18907	0.089309	0.089413	0.956446	99	1	-0.18907
ALG14	4	0.66897	0.79923	0.998901	770	2	-0.18822	0.51357	0.51245	0.973113	554	0	-0.18822
SLC35F4	4	0.6692	0.79937	0.998901	771	1	0.01619	0.076111	0.077053	0.948567	85	1	0.01619
PTPN14	4	0.6697	0.79971	0.998901	772	2	-0.25132	0.82511	0.82699	0.999995	850	0	-0.25132
MED12L	4	0.67293	0.80241	0.998901	773	2	-0.21634	0.75115	0.75122	0.999995	775	0	-0.21634
G3BP1	4	0.67489	0.80398	0.998901	774	1	-0.29544	0.90645	0.90637	0.999995	930	0	-0.29544
SNRPB2	3	0.67536	0.73408	0.998901	775	1	-0.23431	0.25919	0.25821	0.961144	274	0	-0.23431
SMARCA1	4	0.67758	0.80615	0.998901	776	2	-0.16762	0.26487	0.26383	0.961144	281	0	-0.16762
BRSK1	4	0.679	0.80728	0.998901	777	2	-0.19526	0.5356	0.5348	0.973113	582	0	-0.19526
TRPC7	4	0.68091	0.80885	0.998901	778	1	-0.13233	0.37376	0.37253	0.961144	402	0	-0.13233
RBBP7	4	0.68131	0.8091	0.998901	779	1	-0.24012	0.44818	0.44768	0.96444	490	0	-0.24012
IDH2	4	0.68185	0.80946	0.998901	780	2	-0.15762	0.3043	0.30249	0.961144	319	0	-0.15762
FCRL3	4	0.68211	0.80964	0.998901	781	1	-0.049658	0.24454	0.24377	0.961144	259	0	-0.049658
SEC23B	4	0.68256	0.80996	0.998901	782	2	-0.21564	0.80583	0.80747	0.999995	835	0	-0.21564
GPR50	4	0.68397	0.81097	0.998901	783	2	-0.14381	0.18586	0.18635	0.961144	199	0	-0.14381
ITSN2	4	0.68488	0.81174	0.998901	784	1	0.16229	0.042942	0.045041	0.948567	45	1	0.16229
CAT	4	0.68567	0.81248	0.998901	785	1	-0.14968	0.16063	0.16051	0.961144	171	0	-0.14968
COPS7B	4	0.68644	0.8131	0.998901	786	2	-0.21066	0.32201	0.3203	0.961144	335	0	-0.21066
SOS2	4	0.68715	0.81378	0.998901	787	2	-0.204	0.66343	0.66257	0.999995	699	0	-0.204
PRKAB2	4	0.6875	0.81399	0.998901	788	2	-0.22798	0.20499	0.20465	0.961144	219	0	-0.22798
EFNB1	4	0.68959	0.81475	0.998901	789	1	-0.15514	0.66879	0.66802	0.999995	703	0	-0.15514
ERC2	4	0.6927	0.81578	0.998901	790	1	-0.23967	0.86569	0.86649	0.999995	888	0	-0.23967
NKAPL	4	0.69386	0.81626	0.998901	791	1	-0.077308	0.31849	0.31689	0.961144	331	0	-0.077308
CHRNB3	4	0.69885	0.8179	0.998901	792	1	-0.013279	0.22844	0.22795	0.961144	243	0	-0.013279
PDX1	4	0.69924	0.81806	0.998901	793	1	-0.17769	0.77382	0.7749	0.999995	795	0	-0.17769
IL6R	4	0.70529	0.81955	0.998901	794	1	-0.032918	0.21678	0.21608	0.961144	231	0	-0.032918
TAF9	4	0.70754	0.82031	0.998901	795	1	-0.053695	0.29351	0.29168	0.961144	309	0	-0.053695
ERH	4	0.71162	0.82168	0.998901	796	1	-0.049072	0.4017	0.39975	0.961144	437	0	-0.049072
TANC2	3	0.71701	0.7583	0.998901	797	1	-0.14687	0.079801	0.079951	0.948567	89	1	-0.14687
NLRP8	4	0.71966	0.82433	0.998901	798	1	-0.16662	0.77719	0.77827	0.999995	796	0	-0.16662
TRIM25	4	0.72002	0.82449	0.998901	799	1	-0.22999	0.088434	0.088543	0.956446	98	1	-0.22999
NETO2	4	0.72219	0.82534	0.998901	800	1	-0.057184	0.036568	0.038917	0.948567	38	1	-0.057184
LIF	4	0.72505	0.82626	0.998901	801	1	-0.092981	0.13734	0.13764	0.961144	151	0	-0.092981
CDK19	8	0.72591	0.89654	0.998901	802	2	-0.032089	0.48428	0.48235	0.9719	526	0	-0.032089
PLXDC2	4	0.72612	0.82661	0.998901	803	1	-0.08335	0.011683	0.015674	0.948567	15	1	-0.08335
SP110	4	0.72683	0.82682	0.998901	804	1	-0.1751	0.84687	0.84887	0.999995	873	0	-0.1751
GBX1	4	0.73	0.82786	0.998901	805	1	-0.17324	0.04385	0.045966	0.948567	46	1	-0.17324
ICK	4	0.73036	0.828	0.998901	806	1	-0.14725	0.0098205	0.013776	0.948567	14	1	-0.14725
SNRPN	4	0.73106	0.82816	0.998901	807	1	-0.074728	0.35167	0.35052	0.961144	371	0	-0.074728
RIC8B	4	0.73141	0.82826	0.998901	808	1	-0.12929	0.59865	0.59837	0.988578	641	0	-0.12929
KRT74	4	0.73697	0.83027	0.998901	809	1	0.018423	0.16637	0.1664	0.961144	176	0	0.018423
AIPL1	4	0.73766	0.83055	0.998901	810	1	-0.13363	0.64652	0.64606	0.999995	681	0	-0.13363
FEZ2	4	0.7404	0.83143	0.998901	811	1	-0.038916	0.33177	0.33028	0.961144	347	0	-0.038916
CADPS2	4	0.74244	0.83217	0.998901	812	1	0.012404	0.094549	0.094331	0.960695	102	1	0.012404
ADARB1	4	0.74413	0.83275	0.998901	813	1	-0.008522	0.29134	0.28965	0.961144	307	0	-0.008522
CHML	4	0.74783	0.8341	0.998901	814	1	0.035487	0.10669	0.10729	0.960695	116	1	0.035487
RYBP	3	0.75105	0.77856	0.998901	815	1	0.19924	0.10357	0.1048	0.960695	113	0	0.19924
RRAGD	4	0.75867	0.83793	0.998901	816	1	-0.17896	0.7897	0.79069	0.999995	817	0	-0.17896
BRD8	4	0.76157	0.83929	0.998901	817	1	-0.16035	0.56849	0.56886	0.987741	609	0	-0.16035
MECP2	4	0.76221	0.83951	0.998901	818	1	-0.068964	0.061876	0.062739	0.948567	66	1	-0.068964
FAM71A	4	0.76349	0.83995	0.998901	819	1	-0.066275	0.48849	0.48749	0.972227	531	0	-0.066275
SBF1	4	0.76444	0.84028	0.998901	820	1	-0.17213	0.8179	0.8202	0.999995	847	0	-0.17213
STRIP2	4	0.76571	0.84083	0.998901	821	1	-0.081777	0.0014074	0.0030993	0.820545	4	1	-0.081777
ATP8B3	4	0.76728	0.84152	0.998901	822	1	-0.13646	0.74548	0.74488	0.999995	770	0	-0.13646
TBK1	4	0.76791	0.84179	0.998901	823	1	-0.14541	0.54815	0.54738	0.976425	593	0	-0.14541
ELL2	4	0.76854	0.84204	0.998901	824	1	-0.10918	0.1187	0.11875	0.960695	130	0	-0.10918
GDI2	8	0.77074	0.91489	0.998901	825	3	0.061519	0.37298	0.37308	0.961144	400	0	0.061519
MBP	4	0.77228	0.84351	0.998901	826	1	-0.19553	0.17128	0.17144	0.961144	182	0	-0.19553
ADAM19	4	0.77351	0.84408	0.998901	827	1	-0.1078	0.49696	0.49592	0.973113	537	0	-0.1078
SPHKAP	4	0.77443	0.84442	0.998901	828	1	0.0041942	0.24302	0.24242	0.961144	257	0	0.0041942
PGLS	4	0.77719	0.8454	0.998901	829	1	-0.13963	0.6829	0.68196	0.999995	713	0	-0.13963
RBMX	3	0.77994	0.79815	0.998901	830	1	-0.12844	0.36496	0.36323	0.961144	387	0	-0.12844
DZIP3	4	0.78112	0.84696	0.998901	831	1	-0.10404	0.06545	0.06631	0.948567	71	1	-0.10404
TXNDC8	4	0.78912	0.84987	0.998901	832	1	0.027674	0.084047	0.084355	0.948567	94	1	0.027674
GYS1	4	0.78999	0.85036	0.998901	833	1	-0.096885	0.37442	0.37319	0.961144	403	0	-0.096885
CD72	4	0.79803	0.85374	0.998901	834	1	-0.18721	0.39593	0.39431	0.961144	429	0	-0.18721
NBEA	4	0.79888	0.85396	0.998901	835	1	-0.11932	0.21208	0.21151	0.961144	226	0	-0.11932
PLCG2	4	0.79916	0.85404	0.998901	836	1	-0.12991	0.0088883	0.012841	0.948567	13	1	-0.12991
ZNF423	4	0.80056	0.85449	0.998901	837	1	-0.16863	0.34212	0.34084	0.961144	360	0	-0.16863
MTUS1	4	0.80112	0.85472	0.998901	838	1	-0.016642	0.43728	0.43658	0.961144	480	0	-0.016642
STRIP1	4	0.80196	0.85509	0.998901	839	1	-0.098743	0.35031	0.34908	0.961144	369	0	-0.098743
FEZ1	4	0.8039	0.8561	0.998901	840	1	-0.16715	0.2392	0.23853	0.961144	251	0	-0.16715
TCF12	4	0.80473	0.85664	0.998901	841	1	0.033648	0.050188	0.051856	0.948567	53	1	0.033648
RPL15	2	0.80976	0.80906	0.998901	842	0	-0.11481	0.37281	0.37094	0.961144	399	0	-0.11481
GLT6D1	4	0.81073	0.85943	0.998901	843	1	-0.098348	0.5163	0.5152	0.973113	558	0	-0.098348
DRD3	4	0.81127	0.85971	0.998901	844	1	-0.19724	0.44878	0.4482	0.96444	491	0	-0.19724
DNAJC19	3	0.81303	0.82199	0.998901	845	1	0.12162	0.041994	0.042077	0.948567	43	1	0.12162
POU5F2	4	0.81367	0.86068	0.998901	846	1	-0.13966	0.78052	0.7818	0.999995	805	0	-0.13966
ANKRD10	4	0.81474	0.8611	0.998901	847	1	-0.093195	0.31142	0.30971	0.961144	327	0	-0.093195
CDC34	4	0.81606	0.86162	0.998901	848	1	-0.14864	0.17616	0.17632	0.961144	187	0	-0.14864
ABTB2	4	0.81711	0.86205	0.998901	849	1	-0.12472	0.5201	0.51905	0.973113	561	0	-0.12472
TSPO2	4	0.81763	0.86226	0.998901	850	1	-0.043575	0.052895	0.054175	0.948567	56	1	-0.043575
TUBB4B	8	0.81765	0.93528	0.998901	851	2	-0.14166	0.74354	0.74269	0.999995	768	0	-0.14166
GOLT1A	4	0.82359	0.86479	0.998901	852	1	-0.038348	0.30573	0.30387	0.961144	320	0	-0.038348
MEP1B	4	0.82537	0.86549	0.998901	853	1	-0.11821	0.40106	0.39931	0.961144	436	0	-0.11821
TPRX1	4	0.82688	0.86628	0.998901	854	1	-0.2003	0.47531	0.47442	0.968036	519	0	-0.2003
PHLDA3	4	0.82789	0.86668	0.998901	855	1	-0.14153	0.62676	0.6261	0.989619	670	0	-0.14153
MYCN	4	0.82939	0.86737	0.998901	856	1	-0.1031	0.68131	0.68041	0.999995	712	0	-0.1031
RBPJ	4	0.83014	0.86773	0.998901	857	1	-0.13376	0.22379	0.22331	0.961144	238	0	-0.13376
STAM2	4	0.8331	0.86908	0.998901	858	1	-0.037393	0.031079	0.033616	0.948567	32	1	-0.037393
DMD	4	0.83334	0.8692	0.998901	859	1	-0.17002	0.85825	0.85967	0.999995	881	0	-0.17002
CEACAM1	4	0.83383	0.86936	0.998901	860	1	-0.13182	0.7781	0.7792	0.999995	799	0	-0.13182
PPP2CB	3	0.83385	0.83851	0.998901	861	1	0.00027699	0.16869	0.16874	0.961144	179	0	0.00027699
ERN1	4	0.83432	0.86962	0.998901	862	1	-0.10615	0.14237	0.14281	0.961144	154	0	-0.10615
RHOT1	4	0.83505	0.86989	0.998901	863	1	-0.19583	0.62541	0.62461	0.989619	668	0	-0.19583
CHMP1B	4	0.8365	0.8705	0.998901	864	1	-0.14291	0.32271	0.32107	0.961144	336	0	-0.14291
KPNA3	4	0.83723	0.87078	0.998901	865	1	-0.15545	0.58378	0.58363	0.987817	623	0	-0.15545
FAM71B	4	0.83795	0.87119	0.998901	866	1	-0.20905	0.22535	0.2249	0.961144	241	0	-0.20905
GSX2	4	0.8389	0.87174	0.998901	867	1	-0.025223	0.44697	0.44643	0.96444	488	0	-0.025223
UMPS	4	0.83938	0.87192	0.998901	868	1	-0.050687	0.11271	0.11311	0.960695	123	0	-0.050687
GALNT2	4	0.83986	0.87218	0.998901	869	1	-0.099707	0.15319	0.15315	0.961144	165	0	-0.099707
PDS5B	4	0.84128	0.87269	0.998901	870	1	-0.11536	0.35302	0.35183	0.961144	373	0	-0.11536
FKBP5	4	0.84456	0.87443	0.998901	871	1	-0.066011	0.38882	0.38714	0.961144	420	0	-0.066011
PAPSS1	4	0.84548	0.87489	0.998901	872	1	-0.16317	0.20579	0.20551	0.961144	220	0	-0.16317
RECK	4	0.84571	0.875	0.998901	873	1	-0.11314	0.098898	0.099005	0.960695	107	1	-0.11314
TYROBP	4	0.84641	0.8753	0.998901	874	1	-0.096928	0.3764	0.3752	0.961144	406	0	-0.096928
ZDHHC17	4	0.84801	0.87613	0.998901	875	1	-0.064846	0.43422	0.43343	0.961144	475	0	-0.064846
UAP1	4	0.84847	0.87631	0.998901	876	1	-0.090853	0.19307	0.19347	0.961144	205	0	-0.090853
ZWILCH	4	0.84915	0.87663	0.998901	877	1	-0.086973	0.33523	0.3339	0.961144	352	0	-0.086973
FSD1	4	0.84983	0.8769	0.998901	878	1	-0.16333	0.46128	0.46069	0.96444	504	0	-0.16333
STX4	4	0.85006	0.87698	0.998901	879	1	-0.087855	0.43606	0.43535	0.961144	478	0	-0.087855
DGAT2L6	4	0.85164	0.87775	0.998901	880	1	-0.059025	0.37706	0.37589	0.961144	407	0	-0.059025
CBLL1	4	0.85431	0.87908	0.998901	881	1	-0.1034	0.17046	0.1707	0.961144	181	0	-0.1034
TRAPPC3L	4	0.85453	0.87917	0.998901	882	1	-0.077854	0.38557	0.38434	0.961144	416	0	-0.077854
APOBEC1	4	0.85585	0.87994	0.998901	883	1	-0.13359	0.27156	0.27028	0.961144	288	0	-0.13359
MACF1	4	0.85629	0.88011	0.998901	884	1	-0.12176	0.13986	0.14001	0.961144	152	0	-0.12176
DDI1	8	0.85697	0.95349	0.998901	885	1	-0.10823	0.49677	0.49503	0.973113	536	0	-0.10823
GPR183	4	0.85717	0.88051	0.998901	886	1	-0.10413	0.67205	0.67115	0.999995	704	0	-0.10413
ARFIP2	4	0.85825	0.88106	0.998901	887	1	-0.20739	0.87163	0.87221	0.999995	892	0	-0.20739
KPNA2	3	0.86038	0.86119	0.998901	888	1	-0.14213	0.73801	0.73858	0.999995	763	0	-0.14213
GOLT1B	4	0.86127	0.8826	0.998901	889	1	-0.012536	0.040214	0.042385	0.948567	42	1	-0.012536
AHCYL2	4	0.8636	0.8839	0.998901	890	1	-0.12578	0.49752	0.4965	0.973113	538	0	-0.12578
FNIP1	4	0.86423	0.88434	0.998901	891	1	-0.08623	0.44757	0.44701	0.96444	489	0	-0.08623
MBD4	8	0.86602	0.9558	0.998901	892	2	-0.10941	0.03421	0.049061	0.948567	36	1	-0.10941
FRY	4	0.86632	0.88539	0.998901	893	1	-0.1209	0.026487	0.029231	0.948567	26	1	-0.1209
ATP6V1E2	4	0.86735	0.88602	0.998901	894	1	-0.20388	0.7131	0.71245	0.999995	738	0	-0.20388
ATAD2	4	0.8692	0.88695	0.998901	895	1	-0.094109	0.61771	0.61664	0.989542	656	0	-0.094109
PDLIM5	4	0.8694	0.887	0.998901	896	1	-0.10133	0.59485	0.59464	0.987817	636	0	-0.10133
LNX1	4	0.86961	0.88712	0.998901	897	1	-0.16617	0.52709	0.52633	0.973113	569	0	-0.16617
ANAPC4	4	0.87304	0.88928	0.998901	898	1	-0.17615	0.66467	0.66376	0.999995	700	0	-0.17615
STAM	4	0.87423	0.89012	0.998901	899	1	-0.024444	0.056495	0.057569	0.948567	60	1	-0.024444
KRTAP1-1	4	0.87463	0.8903	0.998901	900	1	-0.083074	0.27451	0.27316	0.961144	291	0	-0.083074
OGDHL	4	0.87659	0.89152	0.998901	901	1	0.027445	0.067233	0.068031	0.948567	73	1	0.027445
GPR151	4	0.8795	0.89304	0.998901	902	1	-0.058953	0.37111	0.36988	0.961144	396	0	-0.058953
ARID1B	4	0.88007	0.89343	0.998901	903	1	-0.11584	0.35234	0.35107	0.961144	372	0	-0.11584
TOMM20	3	0.88106	0.88132	0.998901	904	0	-0.13275	0.065069	0.065123	0.948567	70	1	-0.13275
SAMD4A	4	0.88141	0.89433	0.998901	905	1	-0.22222	0.82739	0.82934	0.999995	852	0	-0.22222
ITGB1BP2	4	0.88216	0.89477	0.998901	906	1	-0.05076	0.20183	0.20153	0.961144	215	0	-0.05076
RPL31	2	0.88252	0.88235	0.998901	907	0	-0.092166	0.34993	0.34872	0.961144	368	0	-0.092166
NR2E1	4	0.88292	0.89524	0.998901	908	1	-0.099099	0.038393	0.040665	0.948567	40	1	-0.099099
DPCR1	4	0.88367	0.89571	0.998901	909	1	0.0041166	0.12381	0.12434	0.960695	136	0	0.0041166
SHCBP1L	4	0.88645	0.89722	0.998901	910	1	-0.02228	0.34554	0.34436	0.961144	364	0	-0.02228
TAS1R2	4	0.88681	0.89752	0.998901	911	1	-0.21473	0.88972	0.88983	0.999995	906	0	-0.21473
PXDNL	4	0.88773	0.89816	0.998901	912	1	-0.070166	0.36044	0.35903	0.961144	382	0	-0.070166
LHFPL5	4	0.889	0.89894	0.998901	913	1	0.0044785	0.45595	0.45538	0.96444	498	0	0.0044785
MECOM	4	0.88936	0.89925	0.998901	914	1	-0.14872	0.0032816	0.0064931	0.948567	7	1	-0.14872
PIP4P1	4	0.88972	0.89953	0.998901	915	1	-0.089618	0.24226	0.24176	0.961144	256	0	-0.089618
GRHL2	4	0.89007	0.89984	0.998901	916	1	-0.1044	0.54086	0.54004	0.975037	586	0	-0.1044
ERN2	4	0.89061	0.90024	0.998901	917	1	-0.038258	0.1507	0.15079	0.961144	162	0	-0.038258
MPC1L	4	0.89396	0.90254	0.998901	918	1	0.090496	0.049285	0.051136	0.948567	52	1	0.090496
SLC22A13	4	0.89449	0.90287	0.998901	919	1	-0.18714	0.22146	0.22111	0.961144	236	0	-0.18714
PSEN2	4	0.89501	0.90315	0.998901	920	1	-0.13129	0.19945	0.19934	0.961144	212	0	-0.13129
STT3A	4	0.89656	0.90418	0.998901	921	1	-0.15345	0.72039	0.71975	0.999995	744	0	-0.15345
NR5A1	4	0.90127	0.90763	0.998901	922	1	-0.079851	0.21287	0.21223	0.961144	227	0	-0.079851
FKBP10	4	0.90258	0.90846	0.998901	923	1	-0.13336	0.55586	0.55561	0.980652	600	0	-0.13336
RPL6	1	0.90319	0.90382	0.998901	924	0	0.059831	0.096808	0.097229	0.960695	104	0	0.059831
CNOT6L	4	0.90324	0.90896	0.998901	925	1	-0.096093	0.29423	0.29238	0.961144	310	0	-0.096093
EGFR	4	0.9034	0.90905	0.998901	926	1	-0.16349	0.14571	0.14559	0.961144	157	0	-0.16349
APH1A	4	0.90373	0.90928	0.998901	927	1	-0.14501	0.5915	0.59146	0.987817	631	0	-0.14501
HMSD	4	0.90453	0.90981	0.998901	928	1	-0.065354	0.29856	0.29645	0.961144	314	0	-0.065354
NETO1	4	0.9047	0.90994	0.998901	929	1	-0.1442	0.18183	0.18211	0.961144	195	0	-0.1442
PCBD2	4	0.90566	0.91056	0.998901	930	1	-0.057164	0.51138	0.51027	0.973113	552	0	-0.057164
SCN10A	4	0.90598	0.91069	0.998901	931	1	-0.081552	0.033827	0.036392	0.948567	35	1	-0.081552
NAPB	4	0.90725	0.91163	0.998901	932	1	-0.12456	0.30787	0.30601	0.961144	322	0	-0.12456
HRH3	4	0.90788	0.91226	0.998901	933	1	-0.087267	0.09542	0.095284	0.960695	103	1	-0.087267
CYFIP2	4	0.90803	0.91234	0.998901	934	1	-0.13948	0.81261	0.81489	0.999995	843	0	-0.13948
CLASP2	4	0.90819	0.91249	0.998901	935	1	-0.12942	0.39914	0.39747	0.961144	433	0	-0.12942
S100A6	4	0.90928	0.91317	0.998901	936	1	-0.15144	0.70865	0.70789	0.999995	735	0	-0.15144
TCF4	4	0.91021	0.91396	0.998901	937	1	-0.14174	0.59676	0.59657	0.987817	639	0	-0.14174
SOHLH1	4	0.91082	0.91437	0.998901	938	1	-0.083634	0.4391	0.43837	0.961144	483	0	-0.083634
ZNF260	4	0.91204	0.91536	0.998901	939	1	0.0005869	0.23997	0.23938	0.961144	253	0	0.0005869
H2BFM	4	0.91219	0.91544	0.998901	940	1	-0.10577	0.25589	0.25484	0.961144	269	0	-0.10577
IQCA1L	4	0.9131	0.91622	0.998901	941	1	-0.073325	0.031996	0.034579	0.948567	33	1	-0.073325
ULK2	4	0.91503	0.91754	0.998901	942	1	-0.075054	0.30644	0.30448	0.961144	321	0	-0.075054
NCBP2L	4	0.91577	0.91812	0.998901	943	1	-0.014709	0.022802	0.025874	0.948567	23	1	-0.014709
RNF144A	4	0.91636	0.91852	0.998901	944	1	-0.12512	0.11528	0.11535	0.960695	126	0	-0.12512
STX17	4	0.91752	0.91943	0.998901	945	1	-0.13863	0.1015	0.10182	0.960695	110	1	-0.13863
FRYL	4	0.91795	0.91983	0.998901	946	1	-0.13594	0.7254	0.72514	0.999995	748	0	-0.13594
EAF2	4	0.91852	0.92025	0.998901	947	1	-0.1516	0.70679	0.70598	0.999995	733	0	-0.1516
CCT6B	4	0.91924	0.92077	0.998901	948	1	-0.093844	0.073454	0.074108	0.948567	82	1	-0.093844
XPO7	4	0.92023	0.92167	0.998901	949	1	-0.11293	0.020031	0.023191	0.948567	20	1	-0.11293
KAT6B	4	0.92051	0.9219	0.998901	950	1	-0.084971	0.64307	0.64232	0.999995	678	0	-0.084971
PLD1	4	0.92121	0.92239	0.998901	951	1	-0.14518	0.62316	0.62241	0.989542	665	0	-0.14518
KRT37	4	0.92177	0.92292	0.998901	952	1	-0.17995	0.55279	0.55217	0.977839	598	0	-0.17995
ATM	4	0.92218	0.92334	0.998901	953	1	-0.061952	0.42869	0.4277	0.961144	468	0	-0.061952
DYNLT3	4	0.92356	0.92441	0.998901	954	1	-0.12453	0.68685	0.6861	0.999995	717	0	-0.12453
TANK	4	0.92369	0.92451	0.998901	955	1	-0.24089	0.50476	0.50363	0.973113	546	0	-0.24089
NCK1	4	0.92397	0.92486	0.998901	956	1	-0.12628	0.43054	0.42961	0.961144	470	0	-0.12628
PDGFC	4	0.9241	0.92499	0.998901	957	1	-0.13734	0.51411	0.51313	0.973113	555	0	-0.13734
ARHGEF6	4	0.92451	0.92538	0.998901	958	1	-0.086848	0.053796	0.055035	0.948567	57	1	-0.086848
RNF2	3	0.92468	0.92418	0.998901	959	0	-0.14816	0.53442	0.53286	0.973113	579	0	-0.14816
ATP6V1E1	3	0.92493	0.92442	0.998901	960	0	-0.1562	0.54283	0.54138	0.975037	588	0	-0.1562
TMEM9	4	0.92545	0.92629	0.998901	961	1	0.003741	0.0031707	0.0063249	0.948567	6	2	0.003741
FXR1	4	0.92638	0.92699	0.998901	962	1	-0.12208	0.5828	0.58263	0.987817	622	0	-0.12208
SMC1B	4	0.92652	0.92709	0.998901	963	1	-0.10009	0.33731	0.33579	0.961144	354	0	-0.10009
DEGS1	4	0.92704	0.92753	0.998901	964	1	-0.11249	0.57692	0.57701	0.987817	616	0	-0.11249
DCAF4L2	4	0.92822	0.92868	0.998901	965	1	-0.21024	0.21913	0.21859	0.961144	233	0	-0.21024
ACTL7A	4	0.929	0.92937	0.998901	966	1	-0.14824	0.25739	0.25635	0.961144	271	0	-0.14824
TNKS	4	0.9318	0.93193	0.998901	967	1	-0.054821	0.40932	0.40786	0.961144	445	0	-0.054821
DDX17	4	0.93329	0.93343	0.998901	968	1	-0.15361	0.66508	0.66427	0.999995	701	0	-0.15361
ARPC5L	4	0.93354	0.93363	0.998901	969	1	-0.11908	0.6601	0.65935	0.999995	697	0	-0.11908
DST	4	0.93476	0.93492	0.998901	970	1	-0.060636	0.37903	0.37774	0.961144	410	0	-0.060636
FLNB	4	0.93667	0.93667	0.998901	971	1	-0.083956	0.2782	0.2768	0.961144	296	0	-0.083956
SLCO2B1	4	0.93703	0.93693	0.998901	972	1	-0.17821	0.39529	0.39372	0.961144	428	0	-0.17821
CYP7A1	4	0.93773	0.93754	0.998901	973	0	-0.12616	0.1365	0.13693	0.961144	150	0	-0.12616
DENND5B	4	0.93797	0.93785	0.998901	974	0	0.0022512	0.012613	0.016562	0.948567	16	1	0.0022512
MRGPRX2	4	0.93832	0.93811	0.998901	975	0	-0.16743	0.47124	0.47063	0.966484	514	0	-0.16743
SMARCC2	4	0.93924	0.9391	0.998901	976	0	-0.050124	0.36713	0.36585	0.961144	390	0	-0.050124
TREM2	4	0.94095	0.94075	0.998901	977	0	-0.16753	0.73835	0.73801	0.999995	764	0	-0.16753
ARHGEF3	4	0.94206	0.94182	0.998901	978	0	-0.13536	0.075226	0.075996	0.948567	84	1	-0.13536
SERPINA9	4	0.94489	0.94485	0.998901	979	0	-0.13207	0.46305	0.46264	0.96444	508	0	-0.13207
SEC14L3	4	0.945	0.94496	0.998901	980	0	-0.19209	0.53929	0.53848	0.974791	585	0	-0.19209
DDX39A	4	0.94564	0.94564	0.998901	981	0	-0.10421	0.30215	0.30023	0.961144	317	0	-0.10421
CDK8	4	0.94606	0.94594	0.998901	982	0	-0.15716	0.77041	0.77125	0.999995	792	0	-0.15716
DZIP1L	4	0.94658	0.94654	0.998901	983	0	-0.033473	0.26785	0.26661	0.961144	284	0	-0.033473
ARFIP1	4	0.94772	0.9478	0.998901	984	0	-0.018647	0.20104	0.20074	0.961144	214	0	-0.018647
EXOC6B	4	0.94803	0.9482	0.998901	985	0	-0.026108	0.059188	0.060233	0.948567	63	1	-0.026108
HACD2	4	0.95024	0.95055	0.998901	986	0	-0.15667	0.18505	0.18566	0.961144	198	0	-0.15667
FAM126A	4	0.95102	0.95136	0.998901	987	0	-0.056928	0.070792	0.071574	0.948567	77	1	-0.056928
RAP1GAP2	4	0.95141	0.95179	0.998901	988	0	-0.11025	0.14987	0.14991	0.961144	161	0	-0.11025
DLL1	4	0.95151	0.95191	0.998901	989	0	-0.11058	0.1598	0.15963	0.961144	170	0	-0.11058
LMBR1L	4	0.95161	0.952	0.998901	990	0	-0.15282	0.58231	0.58213	0.987817	621	0	-0.15282
PPP3CC	4	0.9519	0.95229	0.998901	991	0	-0.064665	0.091932	0.09219	0.960695	101	1	-0.064665
NDEL1	4	0.95219	0.9526	0.998901	992	0	-0.058141	0.31071	0.30891	0.961144	326	0	-0.058141
BARHL1	4	0.95247	0.95297	0.998901	993	0	-0.14099	0.38165	0.38054	0.961144	414	0	-0.14099
GDI1	4	0.95304	0.95357	0.998901	994	0	-0.033019	0.49019	0.48928	0.973113	532	0	-0.033019
HTR3D	4	0.95323	0.95384	0.998901	995	0	-0.11006	0.60757	0.6068	0.989542	646	0	-0.11006
RTP1	4	0.95352	0.95407	0.998901	996	0	-0.10731	0.25363	0.25253	0.961144	266	0	-0.10731
SEC11A	4	0.95389	0.95444	0.998901	997	0	-0.11048	0.45714	0.45642	0.96444	499	0	-0.11048
ATP7B	4	0.95445	0.95498	0.998901	998	0	0.077907	0.069014	0.069891	0.948567	75	1	0.077907
TAF9B	2	0.95534	0.95491	0.998901	999	0	0.068085	0.071656	0.07163	0.948567	79	0	0.068085
EPC1	4	0.95555	0.95614	0.998901	1000	0	0.095093	0.10323	0.10373	0.960695	112	1	0.095093
MTA3	4	0.95645	0.95705	0.998901	1001	0	-0.012963	0.042034	0.044283	0.948567	44	1	-0.012963
UBQLN3	4	0.95787	0.95837	0.998901	1002	0	-0.098869	0.45058	0.4498	0.96444	493	0	-0.098869
NDE1	4	0.96051	0.96106	0.998901	1003	0	-0.1161	0.021879	0.024902	0.948567	22	1	-0.1161
AMELX	4	0.96067	0.96126	0.998901	1004	0	-0.15814	0.48222	0.48124	0.9719	522	0	-0.15814
KCNT2	4	0.96255	0.96294	0.998901	1005	0	-0.11421	0.42187	0.42087	0.961144	458	0	-0.11421
CLIP4	4	0.96302	0.96343	0.998901	1006	0	0.047187	0.26039	0.25923	0.961144	276	0	0.047187
ZNF146	4	0.9642	0.96469	0.998901	1007	0	-0.079371	0.028326	0.030998	0.948567	28	1	-0.079371
SS18	4	0.96473	0.96518	0.998901	1008	0	-0.075417	0.051091	0.052529	0.948567	55	1	-0.075417
SATB1	4	0.96534	0.9657	0.998901	1009	0	-0.048673	0.18746	0.18778	0.961144	200	0	-0.048673
PRKAB1	4	0.96646	0.96681	0.998901	1010	0	-0.025206	0.50918	0.50813	0.973113	551	0	-0.025206
SLITRK1	4	0.9669	0.96722	0.998901	1011	0	-0.19774	0.84778	0.84977	0.999995	875	0	-0.19774
NBEAL2	4	0.9684	0.96873	0.998901	1012	0	-0.084528	0.63432	0.63336	0.995145	674	0	-0.084528
CRX	4	0.96847	0.9688	0.998901	1013	0	-0.075839	0.046571	0.0485	0.948567	50	1	-0.075839
SLC25A2	4	0.96854	0.96892	0.998901	1014	0	-0.035574	0.22921	0.22879	0.961144	244	0	-0.035574
TREML4	3	0.96956	0.96889	0.998901	1015	0	-0.086425	0.044045	0.044143	0.948567	47	1	-0.086425
LNX2	4	0.96979	0.96994	0.998901	1016	0	0.01203	0.31779	0.31628	0.961144	330	0	0.01203
HMGCL	4	0.97093	0.97111	0.998901	1017	0	-0.057209	0.40234	0.40042	0.961144	438	0	-0.057209
LDB2	4	0.97099	0.9712	0.998901	1018	0	-0.14058	0.60524	0.60458	0.989542	645	0	-0.14058
ZNF418	4	0.97145	0.97155	0.998901	1019	0	-0.046173	0.07168	0.072444	0.948567	80	1	-0.046173
TBC1D1	4	0.97348	0.97356	0.998901	1020	0	-0.097713	0.63696	0.63591	0.996199	676	0	-0.097713
IAPP	4	0.97354	0.97361	0.998901	1021	0	0.056291	0.11099	0.11135	0.960695	121	0	0.056291
CTCFL	4	0.97373	0.97385	0.998901	1022	0	-0.09547	0.33038	0.32891	0.961144	345	0	-0.09547
ZDHHC13	4	0.97415	0.97426	0.998901	1023	0	-0.1411	0.25964	0.25862	0.961144	275	0	-0.1411
AP2A2	4	0.97469	0.97482	0.998901	1024	0	-0.054271	0.11442	0.11468	0.960695	125	0	-0.054271
TYMS	4	0.97557	0.97565	0.998901	1025	0	-0.11505	0.38622	0.38489	0.961144	417	0	-0.11505
TAF1L	3	0.97574	0.97527	0.998901	1026	0	-0.05162	0.52076	0.51862	0.973113	563	0	-0.05162
NBEAL1	4	0.97666	0.97672	0.998901	1027	0	0.062684	0.26934	0.26798	0.961144	286	0	0.062684
PPP3R1	4	0.97705	0.97715	0.998901	1028	0	-0.093433	0.62855	0.62785	0.990903	671	0	-0.093433
SPOPL	4	0.97743	0.97755	0.998901	1029	0	0.019949	0.25061	0.24972	0.961144	264	0	0.019949
CAV1	4	0.97754	0.97762	0.998901	1030	0	-0.13053	0.48394	0.48311	0.9719	525	0	-0.13053
CAB39	4	0.97803	0.97811	0.998901	1031	0	-0.043714	0.55124	0.55045	0.976425	597	0	-0.043714
RSPH1	4	0.97861	0.97861	0.998901	1032	0	-0.10784	0.36446	0.36304	0.961144	386	0	-0.10784
DYNLT1	4	0.97872	0.97873	0.998901	1033	0	0.12039	0.17291	0.1732	0.961144	184	0	0.12039
FAM126B	4	0.97959	0.97959	0.998901	1034	0	-0.091851	0.53666	0.53585	0.973362	583	0	-0.091851
VPS26A	4	0.97964	0.97961	0.998901	1035	0	-0.036482	0.066342	0.067227	0.948567	72	1	-0.036482
EXOC6	4	0.98059	0.9806	0.998901	1036	0	-0.10163	0.26636	0.26524	0.961144	282	0	-0.10163
ZNF521	4	0.983	0.9829	0.998901	1037	0	-0.076007	0.12551	0.126	0.960695	137	0	-0.076007
CD44	4	0.98305	0.98296	0.998901	1038	0	-0.12009	0.37178	0.37061	0.961144	397	0	-0.12009
CYP2C8	4	0.98523	0.98554	0.998901	1039	0	-0.043335	0.027407	0.030082	0.948567	27	1	-0.043335
SIK2	4	0.98527	0.98559	0.998901	1040	0	-0.050923	0.077879	0.078567	0.948567	86	1	-0.050923
YIPF7	4	0.98657	0.98669	0.998901	1041	0	0.0069948	0.26264	0.26146	0.961144	278	0	0.0069948
GYS2	4	0.98775	0.98785	0.998901	1042	0	-0.086424	0.33108	0.32959	0.961144	346	0	-0.086424
CDK17	4	0.98901	0.98901	0.998901	1043	0	-0.084525	0.61953	0.61848	0.989542	659	0	-0.084525
ALAS1	8	0.99022	0.99246	0.998901	1044	1	-0.1427	0.34109	0.3411	0.961144	358	0	-0.1427
KRT38	4	0.99174	0.99167	0.998901	1045	0	-0.050831	0.50863	0.50755	0.973113	550	0	-0.050831
RANBP17	4	0.99405	0.99401	0.998901	1046	0	-0.01192	0.12296	0.12345	0.960695	135	0	-0.01192
MAT1A	4	0.99431	0.99432	0.998901	1047	0	-0.052155	0.44214	0.44139	0.963775	485	0	-0.052155
JAG1	4	0.99544	0.99551	0.998901	1048	0	-0.019864	0.12721	0.12757	0.960695	140	0	-0.019864
MAP4K4	4	0.99642	0.99647	0.998901	1049	0	0.14502	0.00064533	0.0015006	0.529703	3	2	0.14502
ANXA1	4	0.99654	0.99662	0.998901	1050	0	-0.0088498	0.16555	0.16548	0.961144	175	0	-0.0088498
TMEM185A	4	0.99718	0.99727	0.998901	1051	0	0.022916	0.22068	0.22029	0.961144	235	0	0.022916
NXT2	4	0.9973	0.99732	0.998901	1052	0	-0.010802	0.035655	0.038019	0.948567	37	1	-0.010802
NSDHL	4	0.99742	0.99746	0.998901	1053	0	0.10603	0.14487	0.14478	0.961144	156	0	0.10603
DYNLRB2	4	0.99763	0.99763	0.998901	1054	0	-0.024595	0.0023448	0.0048477	0.948567	5	1	-0.024595
RANBP6	3	0.99794	0.99784	0.998901	1055	0	0.05532	0.12048	0.12114	0.960695	132	0	0.05532
RNF125	4	0.99854	0.9986	0.998901	1056	0	0.010907	0.33868	0.33739	0.961144	356	0	0.010907
TP53	4	0.99864	0.99876	0.998901	1057	0	0.23975	9.2327e-06	4.2072e-05	0.044554	1	3	0.23975
SMAP2	4	0.99866	0.99878	0.998901	1058	0	0.0065304	0.42684	0.42577	0.961144	464	0	0.0065304
RC3H2	4	0.99876	0.9989	0.998901	1059	0	0.015295	0.086681	0.086776	0.956446	96	1	0.015295
