id	num	neg|score	neg|p-value	neg|fdr	neg|rank	neg|goodsgrna	neg|lfc	pos|score	pos|p-value	pos|fdr	pos|rank	pos|goodsgrna	pos|lfc
MYC	8	3.8149e-10	4.6747e-06	0.00165	1	8	-1.5744	1.0	1.0	0.999995	1059	0	-1.5744
RRM1	8	1.6339e-07	4.6747e-06	0.00165	2	7	-1.8817	1.0	1.0	0.999995	1056	0	-1.8817
RRM2	4	7.432e-07	4.6747e-06	0.00165	3	2	-1.7434	0.3428	0.57465	0.999995	588	1	-1.7434
RPP21	4	1.1162e-06	1.4024e-05	0.00297	4	4	-1.7029	1.0	1.0	0.999995	1058	0	-1.7029
POLR2L	4	1.8197e-06	1.4024e-05	0.00297	5	4	-1.8652	1.0	1.0	0.999995	1057	0	-1.8652
BUB3	4	4.8313e-06	2.3373e-05	0.004125	6	4	-1.9402	0.99986	0.99988	0.999995	1049	0	-1.9402
CCND1	4	1.5533e-05	7.947e-05	0.009351	7	4	-1.6671	0.99998	1.0	0.999995	1055	0	-1.6671
KIF11	4	2.1015e-05	7.947e-05	0.009351	8	4	-1.1714	0.99998	1.0	0.999995	1054	0	-1.1714
MTG2	4	2.313e-05	7.947e-05	0.009351	9	4	-1.1645	0.99998	1.0	0.999995	1053	0	-1.1645
PRPF8	4	2.9678e-05	8.8819e-05	0.009406	10	4	-1.5753	0.99997	1.0	0.999995	1052	0	-1.5753
E2F3	3	9.365e-05	0.00025711	0.024752	11	3	-2.3143	0.99991	0.99989	0.999995	1051	0	-2.3143
MED18	8	0.00010627	0.00050019	0.040746	12	6	-0.57778	0.40589	0.72426	0.999995	647	2	-0.57778
TIMM10	4	0.00012495	0.00058434	0.044201	13	4	-0.6899	0.99988	0.99988	0.999995	1050	0	-0.6899
COPA	4	0.00014866	0.00068718	0.048515	14	4	-0.85334	0.99985	0.99987	0.999995	1048	0	-0.85334
CHORDC1	3	0.00015625	0.00048149	0.040746	15	3	-1.1801	0.99984	0.99983	0.999995	1047	0	-1.1801
LDB1	8	0.00023033	0.0010799	0.071473	16	6	-0.62225	0.90769	0.97658	0.999995	920	1	-0.62225
PRKDC	8	0.00030686	0.0014725	0.080446	17	5	-0.64303	0.86169	0.96415	0.999995	900	2	-0.64303
ALDOA	4	0.00031418	0.0013884	0.080446	18	3	-1.0556	0.89656	0.92739	0.999995	911	1	-1.0556
CCND3	4	0.00032816	0.0014258	0.080446	19	4	-0.64952	0.99967	0.99964	0.999995	1045	0	-0.64952
SF3B3	4	0.00034925	0.0015193	0.080446	20	4	-0.84975	0.99965	0.99963	0.999995	1044	0	-0.84975
NAE1	8	0.00041933	0.0018559	0.08545	21	5	-0.5033	0.13161	0.3807	0.933249	382	2	-0.5033
TOP1MT	4	0.00043874	0.0017717	0.08545	22	3	-0.97253	0.45416	0.69014	0.999995	682	1	-0.97253
RPL13	3	0.00062598	0.0018091	0.08545	23	3	-0.81528	0.99937	0.99943	0.999995	1043	0	-0.81528
CLTC	4	0.00063922	0.0024542	0.104752	24	3	-0.94567	0.99824	0.9984	0.999995	1037	0	-0.94567
MRPL41	4	0.00064671	0.0024729	0.104752	25	4	-1.1494	0.99935	0.99944	0.999995	1042	0	-1.1494
RPL36	4	0.00068036	0.0026412	0.107578	26	3	-1.0378	0.99305	0.99295	0.999995	1023	0	-1.0378
HUS1	4	0.0010962	0.0037351	0.146498	27	3	-1.0233	0.91621	0.93544	0.999995	927	1	-1.0233
PPP4C	4	0.0012774	0.0042306	0.15396	28	3	-1.0522	0.95333	0.95652	0.999995	956	1	-1.0522
SLC25A37	4	0.0013062	0.0043428	0.15396	29	3	-1.1093	0.99569	0.99574	0.999995	1032	0	-1.1093
SBNO1	4	0.0013158	0.0043615	0.15396	30	3	-1.0101	0.38427	0.61984	0.999995	628	1	-1.0101
SF3B1	4	0.001422	0.0046981	0.156405	31	3	-0.68719	0.62135	0.78474	0.999995	777	1	-0.68719
TRRAP	4	0.0014356	0.0047261	0.156405	32	3	-1.1996	0.9944	0.99441	0.999995	1030	0	-1.1996
SF3A1	4	0.0019867	0.0060911	0.19547	33	3	-1.0602	0.36646	0.60135	0.999995	606	1	-1.0602
NMT1	4	0.0021241	0.0063996	0.19933	34	3	-0.90576	0.999	0.99917	0.999995	1040	0	-0.90576
RPL10A	4	0.0023058	0.0069419	0.210042	35	3	-1.0677	0.53454	0.73497	0.999995	730	1	-1.0677
HSCB	4	0.0024776	0.0074842	0.214209	36	3	-1.0709	0.93041	0.9425	0.999995	942	1	-1.0709
RPS5	4	0.0025736	0.0077179	0.215086	37	2	-0.65228	0.92532	0.93994	0.999995	935	1	-0.65228
NRBP2	4	0.0026781	0.007989	0.216933	38	3	-0.82148	0.92822	0.94145	0.999995	939	1	-0.82148
RPL14	3	0.0027149	0.0074655	0.214209	39	2	-1.5721	0.81395	0.84869	0.999995	881	1	-1.5721
NCBP2	4	0.0032816	0.0094662	0.250619	40	1	0.62115	0.25871	0.4771	0.981614	510	3	0.62115
NAA10	4	0.0034862	0.010018	0.258754	41	3	-0.66835	0.9902	0.99024	0.999995	1015	0	-0.66835
PDCD6IP	4	0.0038385	0.010934	0.275695	42	3	-0.77562	0.99772	0.99775	0.999995	1035	0	-0.77562
SF3B5	4	0.0043234	0.012028	0.296224	43	2	-0.90092	0.92874	0.94166	0.999995	940	1	-0.90092
H2AFX	4	0.0052398	0.014478	0.348447	44	2	-0.4061	0.31142	0.53819	0.999995	566	2	-0.4061
FDPS	4	0.0054008	0.014898	0.350605	45	2	-0.71071	0.14821	0.33695	0.895394	397	1	-0.71071
RPS19	4	0.0058771	0.01617	0.364335	46	3	-0.7877	0.9771	0.97719	0.999995	986	0	-0.7877
MRPL38	4	0.0061545	0.016684	0.36809	47	3	-0.68961	0.98846	0.98849	0.999995	1009	0	-0.68961
ZNF407	4	0.0065862	0.017722	0.375347	48	3	-0.5763	0.99872	0.99886	0.999995	1039	0	-0.5763
INTS6	3	0.0067535	0.015543	0.357835	49	2	-1.2028	0.98244	0.98218	0.999995	999	0	-1.2028
RPL19	4	0.0069533	0.018638	0.38433	50	2	-0.22152	0.24491	0.46044	0.977172	495	2	-0.22152
MDM4	4	0.0070368	0.018872	0.38433	51	3	-0.72587	0.99921	0.99931	0.999995	1041	0	-0.72587
ATP5F1B	4	0.0075068	0.020115	0.391089	52	3	-0.59748	0.97093	0.97111	0.999995	975	0	-0.59748
GTF3C1	4	0.007587	0.020312	0.391089	53	3	-0.61948	0.99696	0.9971	0.999995	1033	0	-0.61948
UQCRC1	4	0.00779	0.020714	0.391708	54	3	-0.53559	0.98836	0.98837	0.999995	1008	0	-0.53559
RPS3	3	0.0078258	0.017507	0.375347	55	2	-1.0816	0.57941	0.72923	0.999995	751	1	-1.0816
RFC2	4	0.0084889	0.022565	0.395018	56	2	-0.44452	0.44291	0.68022	0.999995	673	2	-0.44452
RPL8	4	0.0086364	0.022855	0.395018	57	3	-0.52276	0.98955	0.9895	0.999995	1012	0	-0.52276
RHBDF1	4	0.0086802	0.022967	0.395018	58	3	-0.46254	0.99701	0.99713	0.999995	1034	0	-0.46254
HASPIN	4	0.0087929	0.023247	0.395018	59	2	-0.49181	0.98083	0.98083	0.999995	996	0	-0.49181
GAPDH	4	0.0088953	0.023462	0.395018	60	2	-0.55576	0.25664	0.47457	0.981614	508	1	-0.55576
DYNLRB1	3	0.0088999	0.019442	0.388474	61	2	-1.0996	0.97051	0.96995	0.999995	974	0	-1.0996
PUM1	4	0.0089013	0.0235	0.395018	62	3	-0.95838	0.97643	0.97645	0.999995	984	0	-0.95838
RPL3	7	0.0090879	0.029025	0.432924	63	3	0.12699	0.35813	0.67295	0.999995	598	3	0.12699
MED13	4	0.0095861	0.025145	0.416074	64	3	-0.61586	0.80196	0.89869	0.999995	877	1	-0.61586
TLN1	4	0.0098216	0.025781	0.42003	65	3	-0.50306	0.99395	0.99389	0.999995	1028	0	-0.50306
CDK7	4	0.010109	0.026407	0.421827	66	3	-0.95591	0.90835	0.93208	0.999995	922	1	-0.95591
SNRPD3	4	0.010206	0.026688	0.421827	67	3	-0.60715	0.77072	0.87856	0.999995	857	1	-0.60715
INTS2	4	0.010722	0.027997	0.432924	68	2	-0.55668	0.83866	0.90908	0.999995	891	1	-0.55668
RPS8	3	0.010873	0.022611	0.395018	69	2	-0.47685	0.96264	0.96209	0.999995	969	0	-0.47685
ATP6V1B2	4	0.011054	0.028857	0.432924	70	3	-0.69393	0.9927	0.99261	0.999995	1020	0	-0.69393
RRAGC	4	0.011061	0.028894	0.432924	71	2	-0.18067	0.27216	0.49246	0.981614	523	2	-0.18067
EPS15	4	0.011574	0.030184	0.443963	72	3	-0.49988	0.8365	0.90843	0.999995	890	1	-0.49988
TACC3	4	0.011871	0.030895	0.448189	73	2	-0.52516	0.61036	0.77818	0.999995	767	1	-0.52516
TUBB4B	8	0.012405	0.040132	0.524691	74	4	-0.33039	0.97511	0.99234	0.999995	980	2	-0.33039
POLR2B	4	0.012826	0.033148	0.473069	75	3	-0.64134	0.040214	0.11905	0.822422	151	1	-0.64134
LONP1	4	0.012996	0.033503	0.473069	76	3	-0.54899	0.58134	0.76193	0.999995	752	1	-0.54899
EIF3B	4	0.013512	0.034812	0.485083	77	3	-0.61421	0.68369	0.82267	0.999995	807	1	-0.61421
SIN3A	4	0.014221	0.036411	0.492731	78	3	-0.46059	0.9047	0.93067	0.999995	917	1	-0.46059
SOX9	4	0.014342	0.036757	0.492731	79	3	-0.32792	0.99798	0.99804	0.999995	1036	0	-0.32792
GSDMD	4	0.017706	0.041796	0.536622	80	2	-0.42589	0.53402	0.73469	0.999995	729	1	-0.42589
PFN1	4	0.017848	0.042058	0.536622	81	2	0.12215	0.029203	0.089581	0.752907	126	2	0.12215
ATP5F1D	4	0.018276	0.04275	0.538956	82	2	-0.34307	0.96776	0.96823	0.999995	973	1	-0.34307
CLNS1A	3	0.018542	0.035607	0.489713	83	1	-0.11707	0.98291	0.98279	0.999995	1001	0	-0.11707
TOP1	4	0.019294	0.044396	0.553116	84	2	-0.51794	0.99407	0.99408	0.999995	1029	0	-0.51794
SF3B2	4	0.020031	0.045536	0.56073	85	2	0.014035	0.2782	0.49953	0.983281	537	2	0.014035
PSMB3	3	0.020045	0.038244	0.50625	86	2	-0.86861	0.97922	0.97902	0.999995	989	0	-0.86861
PUM2	4	0.020944	0.047107	0.566748	87	2	-0.66586	0.72039	0.84581	0.999995	832	1	-0.66586
SFPQ	4	0.020955	0.047126	0.566748	88	1	0.16172	0.51956	0.72682	0.999995	716	1	0.16172
HRAS	4	0.021251	0.04763	0.566748	89	2	-0.49576	0.99838	0.99847	0.999995	1038	0	-0.49576
VPS37A	4	0.024755	0.053081	0.617724	90	2	-0.20407	0.79123	0.89202	0.999995	868	2	-0.20407
COX6B1	8	0.025189	0.07436	0.703103	91	4	-0.0038449	0.38043	0.7018	0.999995	623	4	-0.0038449
TRAPPC3	4	0.025567	0.05425	0.624462	92	2	-0.28322	0.12211	0.30214	0.844236	373	1	-0.28322
EIF3J	4	0.027407	0.05726	0.632477	93	1	-0.071289	0.55073	0.74425	0.999995	739	1	-0.071289
ABT1	4	0.027454	0.057335	0.632477	94	2	-0.54656	0.86063	0.91511	0.999995	899	1	-0.54656
PRPF38A	4	0.028326	0.058719	0.638361	95	2	-0.1405	0.28625	0.50906	0.989163	543	1	-0.1405
DGKZ	3	0.029074	0.052716	0.617724	96	2	-0.52649	0.98225	0.98198	0.999995	998	0	-0.52649
MED12	4	0.029916	0.061065	0.650149	97	2	-0.064362	0.44275	0.68005	0.999995	672	2	-0.064362
PFAS	4	0.030162	0.061393	0.650149	98	2	-0.048718	0.59593	0.77008	0.999995	760	2	-0.048718
VCP	4	0.031079	0.063001	0.660572	99	1	-0.0196	0.46246	0.69473	0.999995	688	1	-0.0196
TUFM	3	0.031705	0.056914	0.632477	100	2	-0.4776	0.114	0.24776	0.838742	353	1	-0.4776
AP2A1	4	0.031996	0.06445	0.669142	101	1	-0.16162	0.99072	0.99063	0.999995	1018	0	-0.16162
TUBB	3	0.033071	0.059074	0.638361	102	1	-0.067953	0.125	0.26767	0.838742	376	1	-0.067953
LSM14B	4	0.033408	0.0666	0.684754	103	2	-0.28437	0.86381	0.9162	0.999995	901	1	-0.28437
GATAD2A	4	0.033974	0.067573	0.688071	104	2	0.31156	0.018565	0.058747	0.716346	84	2	0.31156
RING1	4	0.03512	0.069106	0.691913	105	2	-0.054954	0.11442	0.28902	0.838742	354	2	-0.054954
STRADA	4	0.035506	0.069723	0.691913	106	2	-0.3119	0.97499	0.97504	0.999995	979	0	-0.3119
COPZ1	4	0.035655	0.06991	0.691913	107	1	0.79562	0.10932	0.27834	0.838742	335	3	0.79562
CRY2	4	0.036283	0.07091	0.695165	108	2	-0.3761	0.90421	0.93046	0.999995	916	1	-0.3761
NKAP	4	0.037067	0.072154	0.695165	109	2	-0.34439	0.98866	0.98871	0.999995	1010	0	-0.34439
ATP6V1C1	4	0.037264	0.072444	0.695165	110	2	-0.40124	0.98898	0.98897	0.999995	1011	0	-0.40124
RPL37A	2	0.037428	0.057111	0.632477	111	1	-0.32676	0.23556	0.36387	0.914985	486	1	-0.32676
VMP1	4	0.037462	0.072864	0.695165	112	2	-0.45266	0.92093	0.93754	0.999995	932	1	-0.45266
CNOT7	4	0.039304	0.075594	0.708447	113	2	0.19958	0.34135	0.57307	0.999995	587	2	0.19958
RRM2B	8	0.039833	0.10233	0.831721	114	3	-0.035251	0.82177	0.95339	0.999995	884	3	-0.035251
RPL5	4	0.040214	0.076875	0.714131	115	1	-0.16051	0.92809	0.94135	0.999995	938	1	-0.16051
CCNT1	4	0.044234	0.083186	0.764873	116	2	-0.40642	0.60007	0.77223	0.999995	762	1	-0.40642
MAT2A	4	0.04466	0.083869	0.764873	117	2	-0.24497	0.90819	0.93203	0.999995	921	1	-0.24497
HNRNPK	4	0.045088	0.084504	0.764873	118	2	0.034675	0.22224	0.43235	0.963931	471	2	0.034675
MED23	4	0.04813	0.088983	0.789011	119	2	-0.21058	0.77474	0.88125	0.999995	860	1	-0.21058
CDK2	4	0.048381	0.089403	0.789011	120	2	-0.31542	0.54138	0.73877	0.999995	732	1	-0.31542
SIK2	4	0.048571	0.089703	0.789011	121	2	-0.20993	0.17453	0.372	0.922589	428	1	-0.20993
AKIRIN2	4	0.049459	0.090993	0.789847	122	2	-0.28373	0.96286	0.96383	0.999995	971	1	-0.28373
ACTL6A	4	0.051255	0.093489	0.804918	123	2	-0.50284	0.50753	0.72012	0.999995	712	1	-0.50284
HMGCS1	3	0.051541	0.090151	0.789011	124	2	-0.46032	0.95581	0.95537	0.999995	959	0	-0.46032
TOP2A	4	0.052163	0.094817	0.809765	125	2	-0.40821	0.92505	0.93978	0.999995	934	1	-0.40821
ASF1A	4	0.052895	0.095929	0.812713	126	1	0.66677	0.013543	0.043956	0.716346	63	2	0.66677
RANBP9	4	0.054695	0.098659	0.812764	127	2	-0.19484	0.35438	0.58761	0.999995	593	1	-0.19484
ELL	4	0.054927	0.099005	0.812764	128	2	-0.32376	0.99349	0.99338	0.999995	1026	0	-0.32376
DHX9	3	0.055529	0.097163	0.812764	129	2	-0.43333	0.99289	0.99284	0.999995	1022	0	-0.43333
RBBP4	3	0.056569	0.098893	0.812764	130	2	-0.52384	0.50726	0.66688	0.999995	711	1	-0.52384
RIC8A	4	0.057751	0.10289	0.831721	131	2	-0.29497	0.95725	0.95948	0.999995	961	1	-0.29497
ZNF34	4	0.058705	0.10442	0.833272	132	2	-0.3119	0.36245	0.59663	0.999995	602	1	-0.3119
IPO5	4	0.059188	0.10509	0.833272	133	2	-0.25391	0.49696	0.71373	0.999995	702	1	-0.25391
KCNT1	4	0.059425	0.10544	0.833272	134	2	-0.27644	0.95314	0.95638	0.999995	955	1	-0.27644
SLC11A2	4	0.060148	0.10654	0.835754	135	2	-0.48719	0.99146	0.99138	0.999995	1019	0	-0.48719
PMPCB	4	0.06098	0.10765	0.838272	136	1	0.35024	0.53293	0.7341	0.999995	728	2	0.35024
HOXB1	4	0.06185	0.10891	0.841837	137	2	-0.17841	0.63388	0.79228	0.999995	780	1	-0.17841
FANCM	4	0.06234	0.10976	0.842266	138	2	-0.25514	0.64264	0.79741	0.999995	785	1	-0.25514
NUTF2	4	0.064557	0.11306	0.843803	139	1	0.83521	0.14835	0.33711	0.895394	399	3	0.83521
MED13L	4	0.064812	0.11346	0.843803	140	2	-0.34697	0.9471	0.95198	0.999995	948	1	-0.34697
TOMM22	4	0.065062	0.1138	0.843803	141	2	-0.079324	0.70661	0.83726	0.999995	821	2	-0.079324
ATR	4	0.065312	0.11412	0.843803	142	2	-0.060325	0.28843	0.51142	0.990108	545	2	-0.060325
EPC2	4	0.065562	0.11433	0.843803	143	2	-0.4323	0.80252	0.89902	0.999995	878	1	-0.4323
PSMC3	4	0.066342	0.11553	0.843803	144	2	-0.13872	0.41248	0.64936	0.999995	653	1	-0.13872
ADSS	3	0.066415	0.11517	0.843803	145	1	1.0437	0.13448	0.28479	0.838742	384	2	1.0437
DDX5	4	0.067831	0.11763	0.853214	146	2	-0.090379	0.71444	0.842	0.999995	827	2	-0.090379
RAN	4	0.069014	0.11953	0.860042	147	1	0.75041	0.15301	0.34304	0.898503	403	3	0.75041
KIF4A	4	0.069617	0.12038	0.860042	148	2	-0.24187	0.98458	0.98487	0.999995	1003	0	-0.24187
AHCYL1	4	0.070388	0.12147	0.860042	149	2	-0.31037	0.97598	0.97603	0.999995	983	0	-0.31037
XAB2	4	0.070646	0.12185	0.860042	150	2	-0.25509	0.95063	0.95445	0.999995	950	1	-0.25509
RGS19	4	0.071163	0.12263	0.860042	151	2	-0.24857	0.76029	0.8716	0.999995	850	1	-0.24857
PDS5A	4	0.073245	0.12563	0.872355	152	2	-0.094838	0.73706	0.85639	0.999995	841	2	-0.094838
NAA15	4	0.073507	0.12603	0.872355	153	2	0.085487	0.36912	0.6043	0.999995	609	2	0.085487
RHOBTB2	4	0.074295	0.127	0.873312	154	2	-0.31294	0.49133	0.7106	0.999995	698	1	-0.31294
PPP3CC	4	0.075087	0.12825	0.876238	155	2	-0.2917	0.9414	0.94835	0.999995	945	1	-0.2917
YIF1A	4	0.075616	0.12919	0.876968	156	2	-0.23337	0.99035	0.99034	0.999995	1016	0	-0.23337
MCPH1	4	0.077749	0.13213	0.885606	157	2	0.10792	0.3192	0.54733	0.999995	571	2	0.10792
SF1	4	0.080719	0.13623	0.903868	158	2	-0.24996	0.35505	0.58837	0.999995	594	1	-0.24996
DGAT1	4	0.080991	0.13656	0.903868	159	2	-0.057178	0.25061	0.46713	0.981323	500	2	-0.057178
QSOX1	4	0.082632	0.13891	0.913689	160	2	-0.28057	0.9932	0.99306	0.999995	1024	0	-0.28057
RNF113A	4	0.083457	0.14007	0.915628	161	2	-0.27181	0.85519	0.91367	0.999995	897	1	-0.27181
SPAG9	4	0.084839	0.14217	0.923677	162	2	-0.1918	0.75016	0.86481	0.999995	846	1	-0.1918
SNRPD2	3	0.085119	0.13188	0.885606	163	1	-0.1693	0.81326	0.84828	0.999995	880	1	-0.1693
KIF20A	8	0.085135	0.18339	0.999995	164	2	0.23885	0.0025544	0.015422	0.716346	15	4	0.23885
PTPN6	4	0.086789	0.14497	0.936096	165	2	-0.15111	0.92691	0.94073	0.999995	937	1	-0.15111
SAFB2	4	0.08791	0.14681	0.939013	166	2	-0.066412	0.77089	0.87865	0.999995	858	2	-0.066412
FANCF	4	0.088192	0.14719	0.939013	167	2	-0.15216	0.95959	0.96119	0.999995	965	1	-0.15216
MTHFD1	4	0.090739	0.15103	0.94906	168	2	-0.31642	0.99	0.99004	0.999995	1013	0	-0.31642
FRS3	4	0.091058	0.15146	0.94906	169	2	-0.14511	0.98296	0.98284	0.999995	1002	0	-0.14511
ATP5PB	4	0.092166	0.15311	0.95064	170	2	0.1076	0.39529	0.63141	0.999995	641	2	0.1076
ATP6V1D	4	0.092452	0.1535	0.95064	171	2	-0.07795	0.70416	0.83575	0.999995	820	1	-0.07795
CKAP5	8	0.092698	0.19615	0.999995	172	1	-0.15144	0.9998	0.99982	0.999995	1046	0	-0.15144
CWF19L1	4	0.096497	0.15952	0.982184	173	2	-0.053598	0.7293	0.8514	0.999995	839	2	-0.053598
XRCC6	4	0.098029	0.16194	0.98751	174	1	-0.054684	0.9595	0.96114	0.999995	964	1	-0.054684
ARHGEF7	4	0.098251	0.16225	0.98751	175	2	0.22627	0.20142	0.40581	0.944557	452	2	0.22627
COX6B2	4	0.099721	0.16452	0.991565	176	2	-0.23458	0.30215	0.52743	0.995632	559	1	-0.23458
PACS1	4	0.10002	0.16497	0.991565	177	2	0.10967	0.36044	0.59434	0.999995	599	2	0.10967
SPOP	4	0.10063	0.16583	0.991565	178	1	0.35505	0.36207	0.5962	0.999995	601	2	0.35505
GDI2	8	0.10128	0.21124	0.999995	179	2	0.23883	0.13657	0.38987	0.936895	385	4	0.23883
UTP14A	4	0.10179	0.1676	0.991565	180	2	-0.0906	0.22379	0.43423	0.963931	473	2	-0.0906
COQ10A	4	0.10328	0.16994	0.999807	181	2	-0.18957	0.59913	0.7717	0.999995	761	1	-0.18957
TSG101	4	0.10478	0.17191	0.999995	182	2	0.039907	0.68609	0.82432	0.999995	810	2	0.039907
TUBB2A	4	0.10932	0.17841	0.999995	183	2	0.14078	0.23307	0.44589	0.967609	484	2	0.14078
CDIPT	4	0.10963	0.17876	0.999995	184	2	0.10137	0.43042	0.66755	0.999995	664	2	0.10137
TNPO1	3	0.1101	0.15133	0.94906	185	1	-0.22761	0.99069	0.99065	0.999995	1017	0	-0.22761
BRSK2	4	0.11146	0.18155	0.999995	186	2	-0.31997	0.99279	0.99272	0.999995	1021	0	-0.31997
MED20	4	0.11177	0.18209	0.999995	187	2	-0.1931	0.95645	0.95885	0.999995	960	1	-0.1931
KLF4	4	0.113	0.18385	0.999995	188	2	0.22923	0.22844	0.43998	0.963931	479	2	0.22923
MTUS2	4	0.11393	0.18514	0.999995	189	2	0.050602	0.65809	0.80713	0.999995	792	2	0.050602
CLTA	4	0.11442	0.18594	0.999995	190	1	-0.089662	0.77103	0.87873	0.999995	859	1	-0.089662
EAF1	4	0.11455	0.18611	0.999995	191	2	-0.16351	0.97517	0.97525	0.999995	981	0	-0.16351
UCHL5	4	0.11735	0.18986	0.999995	192	2	-0.040188	0.47299	0.70042	0.999995	690	1	-0.040188
CDS2	4	0.11829	0.19142	0.999995	193	2	-0.072016	0.19387	0.39677	0.942115	445	1	-0.072016
CTR9	4	0.11861	0.19189	0.999995	194	2	-0.29629	0.99018	0.99023	0.999995	1014	0	-0.29629
YAF2	4	0.1187	0.192	0.999995	195	1	0.39164	0.45773	0.69204	0.999995	686	2	0.39164
RSBN1L	4	0.12018	0.19433	0.999995	196	2	-0.24532	0.77901	0.88379	0.999995	865	1	-0.24532
SLC9A3R2	4	0.12126	0.19592	0.999995	197	1	0.2418	0.9382	0.94654	0.999995	944	1	0.2418
AFG3L2	3	0.13078	0.16688	0.991565	198	1	0.54424	0.50458	0.6647	0.999995	706	2	0.54424
TOMM40	7	0.13519	0.23811	0.999995	199	1	0.018037	0.37587	0.69223	0.999995	616	3	0.018037
LARP1B	4	0.1507	0.21682	0.999995	200	1	0.16262	0.41165	0.64857	0.999995	651	2	0.16262
PPP2R1A	4	0.15236	0.21799	0.999995	201	1	0.1907	0.5159	0.72449	0.999995	715	2	0.1907
PCGF1	4	0.15319	0.21849	0.999995	202	1	0.64774	0.041508	0.12241	0.822422	156	3	0.64774
SAMD4B	4	0.1598	0.22288	0.999995	203	1	0.010966	0.97165	0.97178	0.999995	976	0	0.010966
SAMD9	4	0.16145	0.22416	0.999995	204	1	0.89661	0.079711	0.21426	0.831176	265	3	0.89661
RP1	4	0.16801	0.22866	0.999995	205	1	-0.0098031	0.98712	0.98721	0.999995	1006	0	-0.0098031
PPP2CA	8	0.16852	0.29271	0.999995	206	2	0.55094	0.077063	0.26685	0.838742	260	6	0.55094
TBP	4	0.17209	0.2315	0.999995	207	1	0.33399	0.39865	0.63499	0.999995	645	3	0.33399
WDR12	4	0.17372	0.23273	0.999995	208	1	0.11538	0.083168	0.22175	0.831176	278	2	0.11538
ARFGEF1	4	0.17778	0.23529	0.999995	209	1	0.68063	0.14404	0.33149	0.895394	391	3	0.68063
RPL17	3	0.18108	0.20534	0.999995	210	1	0.40368	0.52358	0.6809	0.999995	721	2	0.40368
LSM4	4	0.18263	0.2389	0.999995	211	1	0.035868	0.15485	0.34561	0.898503	407	1	0.035868
HNRNPF	4	0.18344	0.23949	0.999995	212	1	0.24398	0.82024	0.90434	0.999995	882	1	0.24398
RPL11	3	0.18477	0.20841	0.999995	213	1	-0.064244	0.95126	0.95093	0.999995	951	0	-0.064244
EZH1	4	0.18746	0.24219	0.999995	214	1	0.41778	0.34081	0.57238	0.999995	586	3	0.41778
WRN	4	0.18907	0.24345	0.999995	215	1	-0.054746	0.7	0.83323	0.999995	819	1	-0.054746
TAMM41	4	0.18987	0.24394	0.999995	216	1	0.26865	0.076111	0.20648	0.831176	256	2	0.26865
SPTLC2	4	0.19067	0.24441	0.999995	217	1	1.0002	0.014161	0.045658	0.716346	66	3	1.0002
PRG3	4	0.19467	0.2471	0.999995	218	1	0.10519	0.7669	0.87603	0.999995	854	2	0.10519
UTP14C	4	0.19627	0.24808	0.999995	219	1	0.49056	0.16801	0.36296	0.914985	420	2	0.49056
PAF1	4	0.20104	0.25106	0.999995	220	1	0.093964	0.8986	0.92829	0.999995	914	1	0.093964
FKBP4	4	0.20499	0.25397	0.999995	221	1	0.16212	0.75148	0.86566	0.999995	848	1	0.16212
SNAPC4	4	0.20579	0.25465	0.999995	222	1	0.11563	0.29351	0.51711	0.995632	547	1	0.11563
SOD1	4	0.20973	0.25745	0.999995	223	1	0.09619	0.8899	0.92487	0.999995	908	1	0.09619
RPL18A	2	0.21073	0.21301	0.999995	224	1	-0.50628	0.97282	0.97268	0.999995	977	0	-0.50628
XYLT2	4	0.2113	0.25849	0.999995	225	1	-0.15316	0.98093	0.98091	0.999995	997	0	-0.15316
CDK5R2	4	0.21208	0.25901	0.999995	226	1	0.011763	0.75346	0.86686	0.999995	849	2	0.011763
TMEM120A	4	0.21287	0.25951	0.999995	227	1	0.23998	0.2723	0.49274	0.981614	524	2	0.23998
ARPC5	4	0.21444	0.26061	0.999995	228	1	0.19627	0.6692	0.81391	0.999995	799	2	0.19627
DHX29	3	0.21631	0.23365	0.999995	229	1	-0.0030762	0.45501	0.6207	0.999995	685	1	-0.0030762
SMARCA4	4	0.22379	0.26742	0.999995	230	1	-0.070416	0.82739	0.90603	0.999995	885	1	-0.070416
TBC1D28	3	0.22584	0.24125	0.999995	231	1	-0.17607	0.91581	0.91619	0.999995	926	1	-0.17607
RPA1	4	0.22999	0.27198	0.999995	232	1	-0.017951	0.79818	0.89667	0.999995	874	2	-0.017951
PIP4P2	4	0.23076	0.27239	0.999995	233	1	0.06143	0.76443	0.87448	0.999995	853	2	0.06143
RNF40	4	0.24378	0.2817	0.999995	234	1	0.29654	0.42517	0.6624	0.999995	661	3	0.29654
INCENP	4	0.2453	0.28265	0.999995	235	1	0.35342	0.61287	0.77945	0.999995	771	2	0.35342
DGKI	4	0.24606	0.28305	0.999995	236	1	0.54296	0.21039	0.41739	0.952618	462	2	0.54296
CCT6A	3	0.24702	0.25935	0.999995	237	1	0.010487	0.34764	0.52483	0.995632	590	1	0.010487
ASF1B	8	0.24999	0.37637	0.999995	238	2	0.29679	0.6848	0.89794	0.999995	808	4	0.29679
IKBKB	4	0.25212	0.2873	0.999995	239	1	0.65499	0.25392	0.47124	0.981614	504	3	0.65499
BZW2	4	0.25664	0.29056	0.999995	240	1	0.031934	0.97409	0.97422	0.999995	978	0	0.031934
PRSS37	4	0.25739	0.29116	0.999995	241	1	0.62774	0.16227	0.3551	0.910543	413	3	0.62774
PKM	3	0.25919	0.26972	0.999995	242	1	-0.35289	0.82098	0.85234	0.999995	883	1	-0.35289
COX4I1	4	0.26039	0.29323	0.999995	243	1	0.13674	0.71546	0.84256	0.999995	828	2	0.13674
PEF1	4	0.26189	0.29458	0.999995	244	1	-0.066894	0.96279	0.96379	0.999995	970	1	-0.066894
GJA8	4	0.26264	0.295	0.999995	245	1	0.20086	0.67651	0.81858	0.999995	804	2	0.20086
ACTL6B	4	0.26636	0.29775	0.999995	246	1	0.19783	0.43292	0.67004	0.999995	668	2	0.19783
BARHL1	4	0.26711	0.29833	0.999995	247	1	0.47796	0.22999	0.44205	0.963931	481	2	0.47796
CRY1	4	0.27156	0.30162	0.999995	248	1	0.014989	0.12721	0.30878	0.853773	378	1	0.014989
CAP1	4	0.2723	0.30216	0.999995	249	1	0.43423	0.36779	0.60288	0.999995	607	2	0.43423
ATP5F1A	4	0.27304	0.30267	0.999995	250	1	0.086886	0.74452	0.86129	0.999995	845	2	0.086886
CABP5	4	0.27525	0.30432	0.999995	251	1	0.18067	0.665	0.81133	0.999995	797	2	0.18067
RBM22	4	0.27599	0.30484	0.999995	252	1	0.23987	0.38079	0.61628	0.999995	624	2	0.23987
RPS23	2	0.27644	0.27601	0.999995	253	1	-0.14897	0.8979	0.8973	0.999995	913	0	-0.14897
KAT6A	4	0.27673	0.30542	0.999995	254	1	0.18947	0.95151	0.95514	0.999995	952	1	0.18947
APOBEC3C	4	0.2804	0.30818	0.999995	255	1	0.37317	0.58816	0.76583	0.999995	756	2	0.37317
ADAP1	4	0.2826	0.30982	0.999995	256	1	-0.16788	0.43054	0.66762	0.999995	665	1	-0.16788
SNRPB	4	0.28479	0.3116	0.999995	257	1	-0.26305	0.45058	0.68773	0.999995	679	1	-0.26305
ISCA2	4	0.28843	0.31432	0.999995	258	1	0.19265	0.96239	0.9634	0.999995	968	1	0.19265
RIMKLB	3	0.28932	0.29542	0.999995	259	1	0.24566	0.60249	0.74937	0.999995	764	2	0.24566
TCERG1	4	0.28989	0.31544	0.999995	260	1	0.21212	0.39464	0.63074	0.999995	640	2	0.21212
ARID1B	4	0.29134	0.31644	0.999995	261	1	0.25961	0.61267	0.77937	0.999995	770	1	0.25961
NCKAP1	4	0.29279	0.31752	0.999995	262	1	0.20825	0.18102	0.38036	0.933249	432	2	0.20825
SNRPB2	3	0.29436	0.29991	0.999995	263	1	0.6894	0.27446	0.45976	0.977172	530	2	0.6894
PHLDA2	4	0.29712	0.32071	0.999995	264	1	-0.21384	0.98078	0.98077	0.999995	995	0	-0.21384
BUB1B	4	0.29784	0.32124	0.999995	265	1	0.25467	0.64337	0.79782	0.999995	786	2	0.25467
CFL1	4	0.3	0.32285	0.999995	266	1	0.40789	0.60635	0.77593	0.999995	765	2	0.40789
PLXDC1	8	0.30214	0.4312	0.999995	267	2	0.14321	0.98761	0.99596	0.999995	1007	2	0.14321
POLR2A	4	0.30287	0.32515	0.999995	268	1	-0.14319	0.67042	0.81474	0.999995	801	1	-0.14319
ABCG2	4	0.30358	0.32564	0.999995	269	1	0.99331	0.012613	0.041123	0.716346	55	3	0.99331
TNR	4	0.30644	0.32783	0.999995	270	1	0.14406	0.68011	0.82064	0.999995	805	1	0.14406
ILF3	4	0.30787	0.32898	0.999995	271	1	0.51573	0.27378	0.49452	0.981614	528	2	0.51573
MT2A	4	0.30929	0.33017	0.999995	272	1	0.37521	0.37158	0.60672	0.999995	612	3	0.37521
FOSL1	3	0.30932	0.31337	0.999995	273	1	0.22377	0.84139	0.86385	0.999995	894	1	0.22377
MOGAT2	4	0.31	0.33073	0.999995	274	1	0.48925	0.36333	0.59764	0.999995	603	3	0.48925
ESRP1	4	0.31142	0.33201	0.999995	275	1	-0.09006	0.97814	0.97821	0.999995	988	0	-0.09006
CDK5R1	4	0.31213	0.33258	0.999995	276	1	-0.16419	0.43728	0.67456	0.999995	669	1	-0.16419
CTPS2	4	0.31426	0.33443	0.999995	277	1	0.46732	0.37205	0.60723	0.999995	614	3	0.46732
COPG2	4	0.31708	0.33669	0.999995	278	1	0.32837	0.1041	0.26788	0.838742	322	2	0.32837
WASL	4	0.3192	0.33813	0.999995	279	1	0.16044	0.79414	0.89403	0.999995	871	2	0.16044
XRCC4	4	0.32201	0.34039	0.999995	280	1	0.19729	0.63959	0.7954	0.999995	784	2	0.19729
CAVIN1	4	0.32411	0.3422	0.999995	281	1	0.073545	0.90176	0.92958	0.999995	915	1	0.073545
VANGL2	4	0.3276	0.34521	0.999995	282	1	-0.16036	0.99322	0.99308	0.999995	1025	0	-0.16036
PSMB6	4	0.3283	0.34568	0.999995	283	1	-0.10649	0.86735	0.91725	0.999995	903	1	-0.10649
MED31	4	0.32899	0.34631	0.999995	284	1	0.20261	0.7999	0.89747	0.999995	876	2	0.20261
IPO7	3	0.33109	0.33285	0.999995	285	1	-0.057543	0.76925	0.82693	0.999995	856	1	-0.057543
UAP1L1	4	0.33177	0.34856	0.999995	286	1	0.093676	0.42	0.65708	0.999995	656	1	0.093676
UNC119B	4	0.33316	0.34985	0.999995	287	1	0.47561	0.30899	0.53545	0.999995	565	3	0.47561
FLOT2	4	0.33385	0.35043	0.999995	288	1	0.78563	0.053225	0.15185	0.82765	190	3	0.78563
CLASP1	4	0.33454	0.35096	0.999995	289	1	0.21871	0.64609	0.79975	0.999995	787	2	0.21871
PPP2CB	3	0.33539	0.33686	0.999995	290	1	0.41888	0.52287	0.68026	0.999995	720	2	0.41888
PSMA2	4	0.33593	0.35201	0.999995	291	1	0.24194	0.025567	0.079325	0.736471	111	2	0.24194
ABL2	4	0.34006	0.35557	0.999995	292	1	-0.066051	0.83505	0.90805	0.999995	889	1	-0.066051
CLDN4	4	0.34417	0.35882	0.999995	293	1	0.3328	0.43916	0.67644	0.999995	670	2	0.3328
PRDM16	4	0.34486	0.35941	0.999995	294	1	0.043638	0.90725	0.93156	0.999995	919	1	0.043638
RECK	4	0.34554	0.36011	0.999995	295	1	0.41998	0.20183	0.40634	0.944557	454	2	0.41998
MTMR4	4	0.34622	0.36069	0.999995	296	1	0.69996	0.10948	0.27855	0.838742	337	3	0.69996
CYP26C1	4	0.34691	0.36126	0.999995	297	1	0.80789	0.034354	0.10341	0.804474	136	3	0.80789
TPST1	4	0.34827	0.36236	0.999995	298	1	0.25394	0.6491	0.80171	0.999995	788	2	0.25394
IL6R	4	0.34895	0.36293	0.999995	299	1	0.3501	0.28579	0.50853	0.989163	541	2	0.3501
UNC119	4	0.35031	0.36405	0.999995	300	1	-0.10474	0.74278	0.86005	0.999995	844	1	-0.10474
CYP7A1	4	0.35234	0.3657	0.999995	301	1	-0.1038	0.69115	0.8274	0.999995	811	1	-0.1038
CTPS1	4	0.3537	0.36682	0.999995	302	1	0.19055	0.49915	0.71509	0.999995	703	2	0.19055
SMARCC2	4	0.35573	0.36827	0.999995	303	1	0.10913	0.57742	0.75973	0.999995	749	2	0.10913
YIPF5	4	0.35708	0.36941	0.999995	304	1	0.71158	0.080447	0.21576	0.831176	268	2	0.71158
ALDOC	4	0.3591	0.37113	0.999995	305	1	0.28861	0.48187	0.70548	0.999995	694	2	0.28861
NDUFB4	4	0.36178	0.37322	0.999995	306	1	-0.11866	0.98705	0.98717	0.999995	1005	0	-0.11866
BICD1	4	0.36379	0.37499	0.999995	307	1	0.063661	0.77485	0.88137	0.999995	861	2	0.063661
IMPDH2	4	0.36513	0.37624	0.999995	308	1	0.15619	0.89639	0.92731	0.999995	910	1	0.15619
THRAP3	4	0.36713	0.37797	0.999995	309	1	-0.18361	0.97954	0.97953	0.999995	992	0	-0.18361
BICD2	4	0.36912	0.37967	0.999995	310	1	-0.047934	0.94553	0.95099	0.999995	947	1	-0.047934
TOMM20L	4	0.37442	0.38396	0.999995	311	1	0.23089	0.084047	0.2236	0.833792	281	2	0.23089
MRPL27	4	0.37508	0.38446	0.999995	312	1	-0.26582	0.86715	0.91715	0.999995	902	1	-0.26582
SKA1	4	0.3764	0.38562	0.999995	313	1	0.51314	0.27495	0.4959	0.981614	533	2	0.51314
S1PR4	4	0.37837	0.38712	0.999995	314	1	0.044896	0.18586	0.38679	0.936895	436	1	0.044896
POU4F2	4	0.38231	0.3907	0.999995	315	1	0.17597	0.52362	0.72917	0.999995	722	2	0.17597
FAM50A	4	0.38427	0.39233	0.999995	316	1	-0.019348	0.87163	0.91853	0.999995	904	1	-0.019348
ULK1	4	0.38622	0.39382	0.999995	317	1	-0.019571	0.80992	0.90201	0.999995	879	1	-0.019571
RPS15	2	0.38723	0.38496	0.999995	318	0	0.14793	0.72598	0.73703	0.999995	837	1	0.14793
SBF2	3	0.38809	0.38665	0.999995	319	1	0.11823	0.85962	0.87455	0.999995	898	1	0.11823
NSG2	4	0.38817	0.39521	0.999995	320	1	0.50136	0.16385	0.35746	0.914371	414	2	0.50136
CDC34	4	0.38882	0.39567	0.999995	321	1	0.48482	0.31993	0.54814	0.999995	572	3	0.48482
TAF1	4	0.39012	0.39683	0.999995	322	1	1.1106	0.0050935	0.0176	0.716346	24	3	1.1106
MYL7	4	0.39206	0.39846	0.999995	323	1	0.28882	0.36913	0.60431	0.999995	610	2	0.28882
RPS11	3	0.39617	0.39445	0.999995	324	1	-0.20414	0.55031	0.70423	0.999995	738	1	-0.20414
ZMIZ1	4	0.39657	0.40253	0.999995	325	1	0.44479	0.27156	0.49182	0.981614	522	2	0.44479
CAND1	4	0.39722	0.40299	0.999995	326	1	-0.042949	0.58523	0.764	0.999995	754	1	-0.042949
GPSM1	4	0.3985	0.40412	0.999995	327	1	0.043386	0.61359	0.77983	0.999995	772	1	0.043386
LMBR1	4	0.39978	0.40517	0.999995	328	1	0.52492	0.11785	0.29545	0.841092	367	3	0.52492
SOHLH1	4	0.4017	0.40656	0.999995	329	1	0.60095	0.3138	0.54095	0.999995	568	3	0.60095
RNF44	4	0.40234	0.40716	0.999995	330	1	0.72796	0.11536	0.29089	0.838742	359	3	0.72796
SMARCC1	4	0.40361	0.40833	0.999995	331	1	0.25668	0.46036	0.69352	0.999995	687	2	0.25668
SLC9A3R1	4	0.40425	0.409	0.999995	332	1	0.25329	0.71275	0.84105	0.999995	824	2	0.25329
MED26	4	0.40742	0.41194	0.999995	333	1	0.12829	0.7635	0.8739	0.999995	852	2	0.12829
MBD3L1	4	0.40806	0.41256	0.999995	334	1	0.11152	0.91204	0.93369	0.999995	924	1	0.11152
KPNA2	3	0.40816	0.40633	0.999995	335	0	0.42455	0.49402	0.65502	0.999995	700	2	0.42455
MMD2	4	0.40869	0.41315	0.999995	336	1	-0.032574	0.97999	0.98008	0.999995	993	0	-0.032574
ARID1A	4	0.40932	0.41368	0.999995	337	1	0.26675	0.95276	0.95602	0.999995	954	1	0.26675
SLC10A2	4	0.40996	0.41427	0.999995	338	1	0.43616	0.51956	0.72683	0.999995	717	2	0.43616
PLCG2	4	0.41059	0.41476	0.999995	339	1	0.3046	0.042942	0.1262	0.822422	162	2	0.3046
COPS7B	4	0.41437	0.41821	0.999995	340	1	-0.094662	0.37178	0.60695	0.999995	613	1	-0.094662
CLTB	4	0.41562	0.4193	0.999995	341	1	0.3358	0.45117	0.68826	0.999995	680	2	0.3358
RNF103	4	0.41688	0.42034	0.999995	342	1	0.53811	0.29821	0.52272	0.995632	553	3	0.53811
BZW1	3	0.41901	0.41741	0.999995	343	0	0.24381	0.87986	0.88778	0.999995	905	1	0.24381
ERO1B	4	0.41938	0.4227	0.999995	344	1	0.087635	0.4805	0.70473	0.999995	693	2	0.087635
HMGCS2	4	0.42125	0.42465	0.999995	345	1	0.73178	0.089309	0.23572	0.838742	292	3	0.73178
CHRNB3	4	0.42374	0.42691	0.999995	346	1	0.51865	0.21678	0.42544	0.959374	466	3	0.51865
L3MBTL2	4	0.42622	0.42903	0.999995	347	1	0.10175	0.74074	0.85868	0.999995	842	2	0.10175
AP3M1	4	0.42807	0.43063	0.999995	348	1	0.021555	0.91852	0.93659	0.999995	930	1	0.021555
RBMXL2	4	0.42869	0.43124	0.999995	349	1	0.66349	0.026487	0.081961	0.741855	116	2	0.66349
MAK	4	0.42931	0.43181	0.999995	350	1	0.76067	0.022802	0.071406	0.720179	104	3	0.76067
NHLRC1	4	0.42992	0.43231	0.999995	351	1	0.31435	0.38687	0.62244	0.999995	631	2	0.31435
APOBEC1	4	0.43054	0.43295	0.999995	352	1	0.21885	0.27776	0.49911	0.983281	536	2	0.21885
UMPS	4	0.43115	0.43349	0.999995	353	1	0.83472	0.085701	0.22721	0.838462	284	3	0.83472
GDF15	4	0.433	0.43525	0.999995	354	1	0.78609	0.16807	0.36302	0.914985	421	3	0.78609
SERPINA12	8	0.43387	0.53607	0.999995	355	1	0.82486	0.068152	0.24317	0.838742	229	6	0.82486
EIF4A3	4	0.43606	0.43828	0.999995	356	1	0.32107	0.51083	0.72195	0.999995	714	2	0.32107
AP1G2	4	0.4385	0.44041	0.999995	357	1	0.64173	0.23712	0.45121	0.97113	489	3	0.64173
ZNF284	4	0.43971	0.44159	0.999995	358	1	0.42237	0.3837	0.61934	0.999995	626	3	0.42237
RBMX	3	0.44127	0.43993	0.999995	359	0	0.93314	0.10884	0.23864	0.838742	333	2	0.93314
TOB1	4	0.44153	0.44333	0.999995	360	1	0.010579	0.97944	0.97945	0.999995	991	0	0.010579
COPG1	4	0.44214	0.44383	0.999995	361	1	0.75008	0.176	0.37377	0.922673	430	3	0.75008
CAND2	4	0.44697	0.4485	0.999995	362	1	0.16159	0.037481	0.11166	0.821008	144	2	0.16159
CPSF3	4	0.44757	0.44904	0.999995	363	1	-0.17008	0.95454	0.95739	0.999995	958	1	-0.17008
LHFPL5	4	0.44818	0.44966	0.999995	364	1	0.85115	0.071941	0.19687	0.831176	241	3	0.85115
DMXL2	4	0.44878	0.45015	0.999995	365	1	-0.04361	0.9134	0.93428	0.999995	925	1	-0.04361
GRM4	4	0.44938	0.45063	0.999995	366	1	0.36044	0.27304	0.49347	0.981614	526	2	0.36044
FARS2	4	0.45117	0.45225	0.999995	367	1	0.44474	0.33681	0.568	0.999995	582	3	0.44474
IRF6	4	0.45177	0.45286	0.999995	368	1	0.24816	0.49415	0.71228	0.999995	701	2	0.24816
RPL6	1	0.45259	0.45266	0.999995	369	0	0.33297	0.54741	0.54768	0.999995	734	1	0.33297
GSX1	4	0.45356	0.45468	0.999995	370	1	-0.1053	0.89239	0.92577	0.999995	909	1	-0.1053
SOAT1	4	0.45416	0.45524	0.999995	371	1	0.13007	0.66426	0.81086	0.999995	795	1	0.13007
SLC35F3	4	0.45476	0.45577	0.999995	372	1	0.49336	0.44541	0.68264	0.999995	676	2	0.49336
ZIC3	4	0.45535	0.4563	0.999995	373	1	0.14624	0.67042	0.81473	0.999995	800	2	0.14624
RPL15	2	0.45574	0.45405	0.999995	374	0	0.55619	0.29548	0.4393	0.963931	548	1	0.55619
ACTL7A	4	0.45714	0.45786	0.999995	375	1	-0.06048	0.96719	0.96766	0.999995	972	1	-0.06048
PAPSS1	4	0.45832	0.45909	0.999995	376	1	0.22141	0.59399	0.76902	0.999995	758	2	0.22141
CHMP1A	4	0.4601	0.46078	0.999995	377	1	-0.14006	0.99393	0.99384	0.999995	1027	0	-0.14006
GCM2	4	0.46128	0.46185	0.999995	378	1	-0.29617	0.45237	0.68899	0.999995	681	1	-0.29617
CRNN	4	0.46364	0.46424	0.999995	379	1	0.54002	0.32651	0.55603	0.999995	574	3	0.54002
FOXK2	4	0.46481	0.4654	0.999995	380	1	0.13807	0.96026	0.96175	0.999995	966	1	0.13807
SEPHS2	4	0.46657	0.46692	0.999995	381	1	0.10097	0.89741	0.92778	0.999995	912	1	0.10097
TRPM1	4	0.46833	0.46865	0.999995	382	1	0.52875	0.25739	0.47543	0.981614	509	3	0.52875
TREM2	4	0.4695	0.46962	0.999995	383	1	0.17152	0.69694	0.83114	0.999995	816	2	0.17152
MMD	4	0.47008	0.47019	0.999995	384	1	0.32753	0.37621	0.61143	0.999995	617	2	0.32753
RBPJ	4	0.47066	0.47076	0.999995	385	1	0.75394	0.050188	0.14453	0.82765	181	3	0.75394
RNF144B	4	0.47183	0.47176	0.999995	386	1	0.027195	0.53083	0.73305	0.999995	727	2	0.027195
CRX	4	0.47241	0.47231	0.999995	387	1	0.88747	0.049285	0.1423	0.82765	180	3	0.88747
RPL31	2	0.47292	0.47101	0.999995	388	0	0.34738	0.57357	0.62868	0.999995	746	1	0.34738
SMAP1	4	0.47299	0.47285	0.999995	389	1	0.14221	0.79181	0.89238	0.999995	869	2	0.14221
COX4I2	4	0.47415	0.47381	0.999995	390	1	0.088883	0.3206	0.54905	0.999995	573	2	0.088883
PLAU	4	0.47531	0.47491	0.999995	391	1	0.30866	0.40956	0.64621	0.999995	650	2	0.30866
GSTP1	4	0.47589	0.4754	0.999995	392	1	-0.12829	0.84409	0.91057	0.999995	896	1	-0.12829
MARCKS	4	0.47704	0.47642	0.999995	393	1	0.37634	0.11699	0.29384	0.838742	366	2	0.37634
RALGPS2	4	0.47877	0.47798	0.999995	394	1	-0.15963	0.9165	0.93567	0.999995	928	1	-0.15963
MACF1	4	0.47992	0.47916	0.999995	395	1	0.52617	0.22515	0.43581	0.963931	476	3	0.52617
XPO7	4	0.48107	0.48042	0.999995	396	1	0.40057	0.056495	0.16017	0.82765	199	2	0.40057
NAPA	4	0.48279	0.48221	0.999995	397	1	0.072247	0.29712	0.5214	0.995632	550	2	0.072247
AKIRIN1	4	0.48336	0.48269	0.999995	398	1	-0.037203	0.75049	0.86496	0.999995	847	1	-0.037203
ZNRF4	4	0.48394	0.48335	0.999995	399	1	0.52626	0.19161	0.39378	0.939223	443	3	0.52626
PTTG1	3	0.48498	0.48326	0.999995	400	0	-0.17859	0.95182	0.9514	0.999995	953	0	-0.17859
DST	4	0.48508	0.48433	0.999995	401	1	0.39969	0.37838	0.61367	0.999995	618	3	0.39969
CCNT2	4	0.48565	0.48478	0.999995	402	1	-0.16616	0.99467	0.9947	0.999995	1031	0	-0.16616
ATP6V1C2	8	0.48743	0.56206	0.999995	403	1	0.25537	0.38412	0.70521	0.999995	627	4	0.25537
ERBB3	8	0.48952	0.56329	0.999995	404	1	0.06428	0.84051	0.95834	0.999995	893	3	0.06428
BRD8	4	0.49019	0.48942	0.999995	405	1	0.18391	0.83285	0.90755	0.999995	888	1	0.18391
FUT5	4	0.49076	0.48996	0.999995	406	1	0.33095	0.7141	0.84172	0.999995	826	2	0.33095
G3BP1	4	0.49189	0.49109	0.999995	407	1	0.19289	0.65003	0.80225	0.999995	790	2	0.19289
ERN1	4	0.49302	0.4922	0.999995	408	1	0.84869	0.10907	0.27785	0.838742	334	3	0.84869
ASCL1	4	0.49527	0.49432	0.999995	409	1	-0.088327	0.41185	0.64876	0.999995	652	1	-0.088327
ZEB1	4	0.4964	0.49546	0.999995	410	1	0.28746	0.53876	0.73738	0.999995	731	2	0.28746
KLK12	4	0.49696	0.49594	0.999995	411	1	0.65108	0.076996	0.20838	0.831176	259	3	0.65108
CRK	4	0.49864	0.49756	0.999995	412	1	0.0655	0.90645	0.93128	0.999995	918	1	0.0655
CDK8	4	0.4992	0.49804	0.999995	413	1	-0.098307	0.97924	0.97928	0.999995	990	0	-0.098307
GNB3	4	0.49975	0.49852	0.999995	414	1	0.42412	0.35811	0.59173	0.999995	597	3	0.42412
HMG20B	4	0.50198	0.50085	0.999995	415	1	-0.13239	0.95925	0.96089	0.999995	963	1	-0.13239
MYBL2	4	0.50254	0.50132	0.999995	416	0	-0.025955	0.97787	0.97794	0.999995	987	0	-0.025955
ICK	4	0.50365	0.50251	0.999995	417	0	0.28363	0.54662	0.74188	0.999995	733	2	0.28363
YIF1B	4	0.50531	0.50418	0.999995	418	0	0.41873	0.37573	0.61096	0.999995	615	3	0.41873
TEX45	4	0.50642	0.5053	0.999995	419	0	0.59912	0.032845	0.099202	0.795867	132	2	0.59912
RNF10	4	0.50697	0.50586	0.999995	420	0	0.30359	0.50087	0.71606	0.999995	704	2	0.30359
RHOT2	4	0.50918	0.50813	0.999995	421	0	-0.23699	0.94994	0.95402	0.999995	949	1	-0.23699
HMGCLL1	4	0.51083	0.5097	0.999995	422	0	0.15438	0.49175	0.71082	0.999995	699	2	0.15438
EFR3A	4	0.51302	0.51197	0.999995	423	0	0.20787	0.43238	0.66951	0.999995	667	1	0.20787
LARP1	4	0.51411	0.51313	0.999995	424	0	0.29952	0.29856	0.52318	0.995632	554	2	0.29952
HTR3E	4	0.51575	0.51472	0.999995	425	0	0.797	0.096694	0.25197	0.838742	304	3	0.797
PTCH1	4	0.5163	0.5152	0.999995	426	0	0.22767	0.35708	0.59069	0.999995	596	2	0.22767
IFIH1	4	0.51738	0.5162	0.999995	427	0	0.29787	0.41437	0.65118	0.999995	655	2	0.29787
UNC45B	4	0.51956	0.51855	0.999995	428	0	0.10837	0.77606	0.88198	0.999995	864	2	0.10837
ARFGEF2	4	0.52118	0.52034	0.999995	429	0	0.38651	0.55535	0.747	0.999995	742	2	0.38651
ATOH1	4	0.52334	0.52258	0.999995	430	0	0.42639	0.37952	0.61489	0.999995	621	3	0.42639
FAM71A	4	0.52441	0.52366	0.999995	431	0	0.2005	0.59322	0.76855	0.999995	757	2	0.2005
DDI1	8	0.52488	0.58251	0.999995	432	1	0.75248	0.0084907	0.046817	0.716346	36	7	0.75248
HNRNPH1	4	0.52656	0.52582	0.999995	433	0	0.51812	0.36414	0.59852	0.999995	605	2	0.51812
SLC25A25	4	0.52816	0.52731	0.999995	434	0	0.35957	0.3564	0.59002	0.999995	595	2	0.35957
ADM	4	0.5287	0.5278	0.999995	435	0	-0.086433	0.95361	0.95666	0.999995	957	1	-0.086433
EIF3L	4	0.52923	0.52834	0.999995	436	0	-0.15494	0.84339	0.91029	0.999995	895	1	-0.15494
SLC22A8	4	0.52977	0.529	0.999995	437	0	0.30075	0.48736	0.70853	0.999995	696	2	0.30075
XPR1	4	0.53083	0.53001	0.999995	438	0	-0.076464	0.93415	0.94446	0.999995	943	1	-0.076464
TSTD1	4	0.53349	0.53265	0.999995	439	0	0.31349	0.045664	0.13326	0.822422	170	2	0.31349
MTX1	3	0.53442	0.53286	0.999995	440	0	-0.084035	0.25515	0.44346	0.96433	505	1	-0.084035
RSBN1	4	0.53454	0.53375	0.999995	441	0	0.20234	0.69416	0.82957	0.999995	815	2	0.20234
NDUFC1	4	0.53613	0.53531	0.999995	442	0	0.30095	0.67508	0.81757	0.999995	803	2	0.30095
MORF4L1	3	0.53653	0.53504	0.999995	443	0	0.031461	0.67169	0.78656	0.999995	802	1	0.031461
TNPO2	4	0.54138	0.54043	0.999995	444	0	0.057002	0.50697	0.71962	0.999995	710	1	0.057002
SEPHS1	3	0.54157	0.5403	0.999995	445	0	0.067257	0.076466	0.1748	0.82765	257	1	0.067257
CAPN2	4	0.54191	0.54089	0.999995	446	0	0.086182	0.84009	0.90938	0.999995	892	1	0.086182
EPS15L1	4	0.54451	0.54345	0.999995	447	0	0.037765	0.61174	0.77891	0.999995	768	1	0.037765
NAA11	4	0.54555	0.54452	0.999995	448	0	0.077018	0.91938	0.93692	0.999995	931	1	0.077018
PACS2	4	0.54607	0.54516	0.999995	449	0	0.80752	0.082323	0.2196	0.831176	275	3	0.80752
USP13	4	0.54659	0.54573	0.999995	450	0	0.62865	0.19838	0.40242	0.944557	449	3	0.62865
CCNE1	4	0.54711	0.54626	0.999995	451	0	0.63384	0.12384	0.30447	0.848502	374	3	0.63384
NCOR2	4	0.54918	0.54831	0.999995	452	0	-0.037008	0.92598	0.94036	0.999995	936	1	-0.037008
SIN3B	4	0.55021	0.5494	0.999995	453	0	0.10636	0.7926	0.89295	0.999995	870	1	0.10636
ADSSL1	4	0.55227	0.55153	0.999995	454	0	0.24804	0.54782	0.74255	0.999995	736	2	0.24804
ABCA3	4	0.5533	0.55273	0.999995	455	0	0.65044	0.10059	0.26074	0.838742	313	3	0.65044
SAP30L	4	0.55432	0.55377	0.999995	456	0	0.065859	0.45476	0.69046	0.999995	684	2	0.065859
PSMB9	4	0.55484	0.55437	0.999995	457	0	0.062387	0.76823	0.87687	0.999995	855	2	0.062387
H2BFM	4	0.55535	0.55498	0.999995	458	0	0.44876	0.063077	0.17594	0.82765	216	2	0.44876
BATF3	4	0.55586	0.55561	0.999995	459	0	0.23361	0.5293	0.73209	0.999995	726	2	0.23361
TGM6	4	0.55688	0.5567	0.999995	460	0	-0.075019	0.92328	0.93881	0.999995	933	1	-0.075019
IMPDH1	4	0.55841	0.55839	0.999995	461	0	0.18463	0.57523	0.75852	0.999995	748	2	0.18463
TRAPPC3L	4	0.55942	0.55956	0.999995	462	0	1.2263	0.0032478	0.011635	0.709807	17	3	1.2263
SBF1	4	0.56044	0.5607	0.999995	463	0	0.22594	0.60942	0.77769	0.999995	766	2	0.22594
SERPINA11	4	0.56145	0.56159	0.999995	464	0	0.52611	0.11956	0.29824	0.843625	369	3	0.52611
RNF38	4	0.56297	0.56315	0.999995	465	0	0.0079568	0.98593	0.98609	0.999995	1004	0	0.0079568
PRDM13	4	0.56397	0.56421	0.999995	466	0	0.50816	0.15107	0.34056	0.898503	402	2	0.50816
LIMK1	4	0.56448	0.56463	0.999995	467	0	0.21324	0.39077	0.62651	0.999995	636	1	0.21324
PAX4	4	0.56498	0.56528	0.999995	468	0	0.10043	0.66673	0.81256	0.999995	798	1	0.10043
COPS7A	4	0.56548	0.56563	0.999995	469	0	0.31919	0.72252	0.84733	0.999995	835	2	0.31919
EP300	4	0.56598	0.56608	0.999995	470	0	0.60159	0.1471	0.33541	0.895394	395	3	0.60159
UTRN	4	0.56699	0.56721	0.999995	471	0	0.10805	0.26711	0.48688	0.981614	517	1	0.10805
MANF	4	0.56849	0.56886	0.999995	472	0	0.17539	0.52549	0.73025	0.999995	724	2	0.17539
SRI	4	0.56949	0.56989	0.999995	473	0	0.7067	0.081408	0.21769	0.831176	274	3	0.7067
TRPC5	4	0.57098	0.57123	0.999995	474	0	0.73323	0.070646	0.19367	0.831176	237	3	0.73323
FXR2	4	0.57198	0.57225	0.999995	475	0	0.25905	0.63854	0.79489	0.999995	783	2	0.25905
RHOT1	4	0.57247	0.57286	0.999995	476	0	0.33971	0.45455	0.69033	0.999995	683	2	0.33971
BTBD11	4	0.57495	0.5751	0.999995	477	0	0.33441	0.42045	0.65764	0.999995	657	3	0.33441
TIMM23	4	0.57544	0.57551	0.999995	478	0	0.28788	0.58814	0.76582	0.999995	755	2	0.28788
EPC1	4	0.57594	0.57609	0.999995	479	0	0.37991	0.50642	0.71929	0.999995	708	2	0.37991
SIX6	4	0.57643	0.57653	0.999995	480	0	0.92823	0.04769	0.13824	0.822422	177	3	0.92823
ADGRG7	4	0.57742	0.57749	0.999995	481	0	0.48437	0.31886	0.54694	0.999995	570	3	0.48437
RNF2	3	0.5806	0.57943	0.999995	482	0	0.45389	0.2353	0.42458	0.959374	485	2	0.45389
CAP2	4	0.58085	0.58082	0.999995	483	0	0.12656	0.68527	0.82373	0.999995	809	1	0.12656
BTG1	4	0.58134	0.5813	0.999995	484	0	0.21196	0.61516	0.78087	0.999995	773	2	0.21196
RPA3	4	0.58329	0.58299	0.999995	485	0	0.43896	0.42541	0.66266	0.999995	662	2	0.43896
DMXL1	4	0.58378	0.58363	0.999995	486	0	0.54266	0.087349	0.23107	0.838742	287	2	0.54266
EGFR	4	0.58426	0.58416	0.999995	487	0	0.71139	0.075226	0.20426	0.831176	253	3	0.71139
ARPC5L	4	0.58475	0.58475	0.999995	488	0	0.13267	0.79472	0.89437	0.999995	872	2	0.13267
MTUS1	4	0.58572	0.58569	0.999995	489	0	0.23578	0.33937	0.57079	0.999995	585	2	0.23578
ZG16	4	0.5862	0.58616	0.999995	490	0	0.30451	0.72505	0.84898	0.999995	836	2	0.30451
OSBPL6	4	0.58814	0.58818	0.999995	491	0	0.44812	0.39705	0.63324	0.999995	643	2	0.44812
RPP14	4	0.58862	0.5886	0.999995	492	0	0.46129	0.30306	0.52844	0.995763	560	3	0.46129
NMT2	4	0.5891	0.58914	0.999995	493	0	0.43889	0.39371	0.62975	0.999995	637	2	0.43889
TPST2	4	0.58958	0.58951	0.999995	494	0	0.3312	0.27451	0.49542	0.981614	532	3	0.3312
SLITRK1	4	0.59006	0.59	0.999995	495	0	0.54257	0.24844	0.46451	0.981323	497	3	0.54257
SHMT1	4	0.59102	0.59105	0.999995	496	0	0.38211	0.29589	0.51994	0.995632	549	2	0.38211
PLXDC2	4	0.59246	0.59234	0.999995	497	0	0.095438	0.61588	0.78132	0.999995	774	1	0.095438
TOP2B	4	0.59294	0.59279	0.999995	498	0	0.54369	0.085116	0.22591	0.838462	282	2	0.54369
GIT2	4	0.5939	0.59371	0.999995	499	0	0.35698	0.0098205	0.032297	0.716346	44	2	0.35698
NXT1	4	0.59628	0.59608	0.999995	500	0	0.27011	0.64995	0.8022	0.999995	789	2	0.27011
COPZ2	4	0.59676	0.59657	0.999995	501	0	0.61951	0.15525	0.34617	0.898503	408	3	0.61951
FZR1	4	0.59723	0.59698	0.999995	502	0	-0.026157	0.98251	0.98246	0.999995	1000	0	-0.026157
SS18L1	4	0.5977	0.59741	0.999995	503	0	-0.0060439	0.9085	0.93215	0.999995	923	1	-0.0060439
PTF1A	4	0.59865	0.59837	0.999995	504	0	0.14986	0.73246	0.85311	0.999995	840	2	0.14986
TOB2	4	0.60101	0.60056	0.999995	505	0	0.79188	0.116	0.29214	0.838742	362	3	0.79188
LSM14A	4	0.60243	0.60184	0.999995	506	0	0.91859	0.064563	0.17941	0.82765	222	3	0.91859
BRSK1	4	0.60336	0.60279	0.999995	507	0	0.46796	0.090184	0.23761	0.838742	294	2	0.46796
HEATR5A	4	0.60383	0.60324	0.999995	508	0	0.43117	0.37912	0.6145	0.999995	619	2	0.43117
SNX2	4	0.6043	0.60373	0.999995	509	0	0.15776	0.028326	0.08715	0.752907	121	1	0.15776
IRF4	4	0.60477	0.60415	0.999995	510	0	-0.042502	0.47877	0.70369	0.999995	692	1	-0.042502
UNC45A	4	0.60571	0.60505	0.999995	511	0	0.6676	0.16468	0.35853	0.914669	415	3	0.6676
AP1G1	4	0.60617	0.60544	0.999995	512	0	0.51585	0.38752	0.6231	0.999995	632	3	0.51585
ITGB1BP2	4	0.60664	0.60585	0.999995	513	0	0.78592	0.065312	0.18097	0.82765	225	3	0.78592
ABTB2	4	0.6085	0.60765	0.999995	514	0	0.20537	0.78712	0.88918	0.999995	866	2	0.20537
AXL	4	0.60896	0.6081	0.999995	515	0	0.45384	0.027407	0.084514	0.750619	118	3	0.45384
NET1	4	0.60943	0.60856	0.999995	516	0	0.53703	0.16063	0.35283	0.91011	410	3	0.53703
PDX1	4	0.6122	0.61129	0.999995	517	0	0.37433	0.52241	0.72841	0.999995	719	2	0.37433
TAP1	4	0.61267	0.61172	0.999995	518	0	0.36096	0.39413	0.63026	0.999995	638	2	0.36096
STX12	4	0.61405	0.61296	0.999995	519	0	0.49556	0.25645	0.47434	0.981614	507	3	0.49556
SLC25A28	4	0.61496	0.61385	0.999995	520	0	0.14551	0.60148	0.77304	0.999995	763	2	0.14551
E2F4	4	0.61634	0.61509	0.999995	521	0	0.081867	0.88273	0.92226	0.999995	906	1	0.081867
DDI2	4	0.61817	0.61717	0.999995	522	0	1.22	0.0024614	0.0090736	0.709807	14	3	1.22
STAM	4	0.61953	0.61848	0.999995	523	0	0.85514	0.073769	0.20118	0.831176	247	3	0.85514
SAMD4A	4	0.62044	0.61934	0.999995	524	0	0.25879	0.66464	0.81108	0.999995	796	2	0.25879
DDX39B	4	0.62225	0.62134	0.999995	525	0	0.4515	0.10237	0.26445	0.838742	317	3	0.4515
DUOX1	4	0.62271	0.6219	0.999995	526	0	0.58442	0.33063	0.56099	0.999995	577	3	0.58442
VIM	4	0.62316	0.62241	0.999995	527	0	0.88478	0.069117	0.1896	0.831176	234	3	0.88478
SLC32A1	4	0.62361	0.62279	0.999995	528	0	0.092045	0.82839	0.90641	0.999995	886	1	0.092045
LIN28B	4	0.62406	0.62325	0.999995	529	0	0.10562	0.21444	0.42257	0.958244	465	2	0.10562
RAMP2	4	0.62765	0.62692	0.999995	530	0	0.2491	0.54763	0.74245	0.999995	735	2	0.2491
SOS1	4	0.6281	0.62734	0.999995	531	0	0.43014	0.36373	0.59808	0.999995	604	2	0.43014
SPOPL	4	0.62855	0.62785	0.999995	532	0	0.71655	0.06098	0.17111	0.82765	210	3	0.71655
SMC1A	4	0.62944	0.6288	0.999995	533	0	0.089174	0.88571	0.92325	0.999995	907	1	0.089174
HACD1	4	0.63166	0.63084	0.999995	534	0	0.77582	0.043259	0.12712	0.822422	163	3	0.77582
ZFYVE19	4	0.63255	0.63165	0.999995	535	0	0.48942	0.28942	0.51259	0.990578	546	2	0.48942
CHSY3	4	0.63344	0.63254	0.999995	536	0	0.26757	0.54822	0.7428	0.999995	737	2	0.26757
FOXB1	4	0.63432	0.63336	0.999995	537	0	0.25974	0.71309	0.84123	0.999995	825	2	0.25974
PXDNL	4	0.6352	0.63429	0.999995	538	0	0.18905	0.71782	0.84407	0.999995	831	2	0.18905
POLR2F	4	0.6374	0.63642	0.999995	539	0	0.51114	0.27256	0.49296	0.981614	525	2	0.51114
KRT25	4	0.63871	0.6378	0.999995	540	0	0.32118	0.62496	0.78711	0.999995	779	2	0.32118
APH1B	4	0.63959	0.63858	0.999995	541	0	0.61829	0.25388	0.47119	0.981614	503	3	0.61829
ZAP70	4	0.6409	0.63994	0.999995	542	0	0.71791	0.065062	0.18049	0.82765	223	3	0.71791
CBLL1	4	0.64177	0.64083	0.999995	543	0	0.53727	0.26425	0.48351	0.981614	513	3	0.53727
SEC11C	4	0.6422	0.64122	0.999995	544	0	0.24732	0.66174	0.80939	0.999995	793	2	0.24732
EFR3B	4	0.64264	0.64184	0.999995	545	0	0.14895	0.5287	0.73182	0.999995	725	2	0.14895
SEC31B	4	0.64307	0.64232	0.999995	546	0	0.28292	0.57168	0.75661	0.999995	745	2	0.28292
CCT6B	4	0.6435	0.6428	0.999995	547	0	0.26957	0.50254	0.71706	0.999995	705	2	0.26957
SLC17A2	4	0.6448	0.64422	0.999995	548	0	1.2656	0.0022137	0.008148	0.709807	12	3	1.2656
PSMB8	4	0.64566	0.64524	0.999995	549	0	0.10447	0.33799	0.5694	0.999995	583	1	0.10447
GRIP2	4	0.64609	0.64561	0.999995	550	0	0.56305	0.25613	0.47392	0.981614	506	3	0.56305
HEATR5B	4	0.64695	0.6465	0.999995	551	0	0.041574	0.066342	0.18321	0.831176	227	1	0.041574
DPCR1	4	0.64867	0.64796	0.999995	552	0	0.66708	0.14162	0.32815	0.895394	388	3	0.66708
LGALS9	4	0.65038	0.64973	0.999995	553	0	0.72891	0.028849	0.088627	0.752907	123	2	0.72891
TSPO2	4	0.65081	0.65018	0.999995	554	0	0.39961	0.17046	0.36631	0.917082	424	3	0.39961
IRF8	4	0.65166	0.65112	0.999995	555	0	0.351	0.07168	0.19617	0.831176	240	3	0.351
KRTAP10-10	4	0.65378	0.65323	0.999995	556	0	0.38443	0.56615	0.75357	0.999995	744	2	0.38443
RCBTB1	4	0.658	0.65735	0.999995	557	0	0.49838	0.38905	0.62473	0.999995	635	3	0.49838
IQCA1L	4	0.65884	0.65813	0.999995	558	0	0.74926	0.081098	0.21705	0.831176	271	3	0.74926
WAS	4	0.65926	0.65859	0.999995	559	0	0.68699	0.16108	0.35347	0.91011	411	3	0.68699
IDH1	4	0.6601	0.65935	0.999995	560	0	0.80485	0.15425	0.34459	0.898503	405	3	0.80485
USP5	4	0.66135	0.66053	0.999995	561	0	0.5935	0.18495	0.38569	0.936895	433	3	0.5935
ZNF804B	4	0.66218	0.66144	0.999995	562	0	0.4214	0.32994	0.56019	0.999995	576	3	0.4214
TBK1	4	0.6626	0.66174	0.999995	563	0	0.5873	0.1015	0.26267	0.838742	314	3	0.5873
GLT6D1	4	0.66343	0.66257	0.999995	564	0	0.27979	0.47113	0.69949	0.999995	689	2	0.27979
SEC23B	4	0.66426	0.66333	0.999995	565	0	0.16141	0.79675	0.89577	0.999995	873	2	0.16141
RNF130	4	0.66467	0.66376	0.999995	566	0	0.46476	0.26618	0.4858	0.981614	515	2	0.46476
GABPB1	4	0.6655	0.66461	0.999995	567	0	0.52245	0.18707	0.38824	0.936895	438	2	0.52245
HNRNPH3	4	0.66632	0.6654	0.999995	568	0	0.027346	0.97592	0.97594	0.999995	982	0	0.027346
GMPR	4	0.66673	0.66596	0.999995	569	0	0.45054	0.52037	0.72728	0.999995	718	2	0.45054
EZH2	4	0.66714	0.6664	0.999995	570	0	1.0443	0.022384	0.070088	0.716346	102	3	1.0443
FEZ2	4	0.66756	0.66672	0.999995	571	0	0.81363	0.086422	0.22895	0.838742	286	3	0.81363
SNTA1	4	0.66797	0.66706	0.999995	572	0	0.23218	0.4225	0.65955	0.999995	658	2	0.23218
PLEK2	4	0.66961	0.66873	0.999995	573	0	0.42012	0.56145	0.75089	0.999995	743	2	0.42012
HUS1B	4	0.67165	0.67073	0.999995	574	0	0.54432	0.27017	0.49028	0.981614	521	3	0.54432
ISL1	4	0.67205	0.67115	0.999995	575	0	0.19661	0.9766	0.97667	0.999995	985	0	0.19661
SPATA16	4	0.67489	0.67409	0.999995	576	0	0.24194	0.50531	0.71861	0.999995	707	2	0.24194
PPP3R2	4	0.6753	0.6745	0.999995	577	0	0.24265	0.27008	0.49019	0.981614	520	2	0.24265
NSG1	4	0.67691	0.67609	0.999995	578	0	0.063359	0.95865	0.96037	0.999995	962	1	0.063359
RPRD1A	4	0.67851	0.67765	0.999995	579	0	0.39662	0.42375	0.66081	0.999995	660	2	0.39662
TUBB2B	2	0.67944	0.67817	0.999995	580	0	0.58384	0.30608	0.45209	0.97113	564	2	0.58384
DYNC1LI1	3	0.67966	0.6796	0.999995	581	0	1.0146	0.10339	0.22848	0.838742	320	2	1.0146
TIMP2	4	0.67971	0.67878	0.999995	582	0	0.42804	0.33936	0.57078	0.999995	584	3	0.42804
IKBKE	4	0.68011	0.67923	0.999995	583	0	0.41489	0.42359	0.66061	0.999995	659	3	0.41489
CELA2A	4	0.68091	0.68001	0.999995	584	0	0.5026	0.24985	0.4663	0.981323	498	3	0.5026
JUP	4	0.68131	0.68041	0.999995	585	0	0.39159	0.021879	0.068648	0.716346	100	3	0.39159
XDH	4	0.68171	0.68081	0.999995	586	0	0.59385	0.11357	0.28726	0.838742	352	3	0.59385
NDE1	4	0.68211	0.68114	0.999995	587	0	0.55446	0.010752	0.035271	0.716346	48	2	0.55446
MTA1	4	0.6829	0.68196	0.999995	588	0	0.22407	0.2804	0.50209	0.984197	539	2	0.22407
CD44	4	0.68567	0.68487	0.999995	589	0	0.53034	0.23018	0.44237	0.963931	483	2	0.53034
RYBP	3	0.68686	0.68724	0.999995	590	0	0.392	0.094377	0.21126	0.831176	301	2	0.392
ALAS2	4	0.68803	0.68737	0.999995	591	0	0.75421	0.10178	0.26325	0.838742	315	3	0.75421
RNF125	4	0.68959	0.68896	0.999995	592	0	0.6337	0.22941	0.44135	0.963931	480	3	0.6337
BCAP31	4	0.69076	0.68998	0.999995	593	0	0.2596	0.24606	0.4616	0.977673	496	2	0.2596
LNX2	4	0.69115	0.69037	0.999995	594	0	1.0462	0.022464	0.070349	0.716346	103	3	1.0462
GMPR2	4	0.69348	0.69299	0.999995	595	0	0.10479	0.58475	0.76377	0.999995	753	1	0.10479
H1FOO	4	0.69425	0.69358	0.999995	596	0	0.39298	0.55182	0.7449	0.999995	741	2	0.39298
BECN1	4	0.69656	0.69596	0.999995	597	0	0.44357	0.40706	0.64387	0.999995	648	2	0.44357
VPS26B	4	0.69732	0.69676	0.999995	598	0	0.43179	0.20736	0.41352	0.949926	460	2	0.43179
FOXE3	4	0.69771	0.69706	0.999995	599	0	0.49409	0.20179	0.40629	0.944557	453	2	0.49409
ZMIZ2	4	0.69809	0.69745	0.999995	600	0	0.16711	0.52495	0.72996	0.999995	723	2	0.16711
KIT	8	0.69813	0.70141	0.999995	601	1	0.52544	0.011956	0.063048	0.716346	52	7	0.52544
STX4	4	0.69885	0.69821	0.999995	602	0	0.5645	0.12517	0.30638	0.849373	377	3	0.5645
TYMS	4	0.69962	0.69915	0.999995	603	0	0.84284	0.1306	0.31342	0.862119	381	3	0.84284
MED8	4	0.70454	0.70397	0.999995	604	0	0.31822	0.72085	0.84614	0.999995	833	2	0.31822
ERH	4	0.70491	0.70425	0.999995	605	0	0.92844	0.041368	0.12205	0.822422	154	3	0.92844
GALNT2	4	0.70566	0.70484	0.999995	606	0	0.76075	0.11345	0.28696	0.838742	350	3	0.76075
CEACAM1	4	0.70604	0.70523	0.999995	607	0	0.48521	0.30097	0.52607	0.995632	557	3	0.48521
ANKRD10	4	0.70641	0.70556	0.999995	608	0	0.23849	0.66218	0.80971	0.999995	794	2	0.23849
G6PC	4	0.70754	0.70667	0.999995	609	0	0.27619	0.68326	0.82247	0.999995	806	2	0.27619
SIRPA	3	0.70811	0.70878	0.999995	610	0	0.37216	0.14418	0.30123	0.843928	392	2	0.37216
MBTD1	4	0.70865	0.70789	0.999995	611	0	0.85294	0.091756	0.24099	0.838742	296	3	0.85294
ABCC3	4	0.71051	0.7098	0.999995	612	0	0.31403	0.72884	0.85115	0.999995	838	2	0.31403
IQCA1	4	0.71088	0.71021	0.999995	613	0	0.4957	0.43069	0.66781	0.999995	666	3	0.4957
RNF20	4	0.71125	0.71058	0.999995	614	0	0.50003	0.26131	0.48028	0.981614	512	3	0.50003
FOXK1	4	0.71199	0.71126	0.999995	615	0	0.1973	0.65553	0.80559	0.999995	791	2	0.1973
IDH2	4	0.71236	0.71173	0.999995	616	0	0.64855	0.24999	0.46646	0.981323	499	3	0.64855
GLIS3	4	0.71273	0.71201	0.999995	617	0	0.96223	0.054593	0.15513	0.82765	193	3	0.96223
FLT1	4	0.7131	0.71245	0.999995	618	0	0.53461	0.2001	0.40429	0.944557	450	3	0.53461
TTC23	4	0.71383	0.71319	0.999995	619	0	0.57185	0.26556	0.48511	0.981614	514	3	0.57185
GABPB2	4	0.7153	0.71461	0.999995	620	0	0.26778	0.79876	0.89696	0.999995	875	2	0.26778
AHCYL2	4	0.71566	0.71506	0.999995	621	0	0.96455	0.009416	0.030914	0.716346	41	3	0.96455
NR5A1	4	0.71676	0.71604	0.999995	622	0	0.88727	0.038292	0.11396	0.821008	147	3	0.88727
SLC11A1	4	0.71712	0.71634	0.999995	623	0	0.45953	0.24257	0.45761	0.975068	494	2	0.45953
FLNC	4	0.71785	0.717	0.999995	624	0	0.18613	0.98054	0.98057	0.999995	994	0	0.18613
DYNC1LI2	4	0.71858	0.71783	0.999995	625	0	0.33549	0.44416	0.68147	0.999995	675	2	0.33549
TANK	4	0.7193	0.71859	0.999995	626	0	0.68748	0.041715	0.12298	0.822422	157	2	0.68748
GRHL3	4	0.71966	0.71902	0.999995	627	0	0.35618	0.37121	0.60637	0.999995	611	2	0.35618
CTSZ	4	0.72002	0.7194	0.999995	628	0	0.26532	0.77546	0.88161	0.999995	863	2	0.26532
DYNLT1	4	0.72111	0.72047	0.999995	629	0	1.138	0.0089013	0.029437	0.716346	38	3	1.138
CNOT6	4	0.72183	0.72122	0.999995	630	0	0.26094	0.6352	0.79303	0.999995	781	2	0.26094
RPL27A	2	0.72278	0.7219	0.999995	631	0	0.61799	0.27722	0.41708	0.952618	535	2	0.61799
PRKAB2	4	0.7229	0.72241	0.999995	632	0	0.37748	0.50692	0.71958	0.999995	709	2	0.37748
EXOC6B	4	0.72326	0.72279	0.999995	633	0	0.52964	0.39538	0.63152	0.999995	642	3	0.52964
ATM	4	0.72398	0.72352	0.999995	634	0	0.81362	0.14227	0.32893	0.895394	389	3	0.81362
MAPK8IP3	4	0.72505	0.72474	0.999995	635	0	0.22014	0.71715	0.84365	0.999995	830	2	0.22014
GPR151	4	0.7254	0.72514	0.999995	636	0	0.98331	0.1062	0.27206	0.838742	323	3	0.98331
NAA16	4	0.72576	0.7255	0.999995	637	0	0.21386	0.62316	0.78607	0.999995	778	2	0.21386
LRFN1	4	0.72824	0.72794	0.999995	638	0	0.4842	0.27448	0.49539	0.981614	531	3	0.4842
ADAP2	4	0.72895	0.72861	0.999995	639	0	0.28396	0.69868	0.83243	0.999995	817	2	0.28396
ACACA	4	0.73071	0.73042	0.999995	640	0	0.44849	0.39442	0.63053	0.999995	639	3	0.44849
GRHL2	4	0.73211	0.73166	0.999995	641	0	0.50052	0.29786	0.52231	0.995632	552	3	0.50052
RBPJL	4	0.73281	0.73225	0.999995	642	0	0.16184	0.96051	0.96196	0.999995	967	1	0.16184
CALY	4	0.73316	0.73262	0.999995	643	0	0.38042	0.36782	0.60295	0.999995	608	3	0.38042
ARFIP2	4	0.7335	0.7331	0.999995	644	0	0.21887	0.74129	0.85904	0.999995	843	2	0.21887
TMEM9B	4	0.73385	0.7335	0.999995	645	0	0.2959	0.70934	0.83894	0.999995	823	2	0.2959
GYS1	4	0.7342	0.73393	0.999995	646	0	0.14813	0.94414	0.94999	0.999995	946	1	0.14813
DUOX2	4	0.73455	0.7343	0.999995	647	0	0.57511	0.21822	0.42742	0.959861	468	3	0.57511
SLC25A15	4	0.73593	0.73556	0.999995	648	0	0.54529	0.24212	0.45696	0.975068	493	3	0.54529
AP5M1	4	0.73628	0.73588	0.999995	649	0	0.33135	0.34827	0.58084	0.999995	591	2	0.33135
ZMAT2	4	0.73697	0.7365	0.999995	650	0	0.99674	0.02492	0.077576	0.736471	108	3	0.99674
NAPB	4	0.738	0.73763	0.999995	651	0	0.48238	0.27315	0.49361	0.981614	527	3	0.48238
DMP1	4	0.73869	0.73834	0.999995	652	0	0.63741	0.12126	0.30074	0.843928	372	3	0.63741
LIN28A	3	0.73974	0.74054	0.999995	653	0	0.561	0.22287	0.41342	0.949926	472	2	0.561
LOR	4	0.74006	0.7397	0.999995	654	0	0.083888	0.83236	0.90739	0.999995	887	1	0.083888
EPHA2	4	0.74481	0.74426	0.999995	655	0	0.41905	0.1794	0.37839	0.931902	431	2	0.41905
ARSJ	4	0.74649	0.74605	0.999995	656	0	0.34211	0.5106	0.72187	0.999995	713	2	0.34211
ATP8B3	4	0.74683	0.74637	0.999995	657	0	0.54483	0.27976	0.50124	0.984197	538	2	0.54483
NOX3	4	0.74816	0.74781	0.999995	658	0	0.5384	0.38287	0.61843	0.999995	625	3	0.5384
PDCD4	4	0.74883	0.74864	0.999995	659	0	0.65721	0.2047	0.41026	0.949926	456	3	0.65721
CADPS	4	0.75016	0.75003	0.999995	660	0	0.40142	0.28096	0.50279	0.984197	540	2	0.40142
TBC1D1	4	0.75082	0.75078	0.999995	661	0	0.25172	0.61771	0.78264	0.999995	775	1	0.25172
ANAPC4	4	0.75148	0.75153	0.999995	662	0	0.16466	0.91838	0.93652	0.999995	929	1	0.16466
ZNF423	4	0.7528	0.75283	0.999995	663	0	0.23564	0.77535	0.88158	0.999995	862	2	0.23564
SPTAN1	4	0.75444	0.75467	0.999995	664	0	0.52173	0.27614	0.49721	0.982368	534	3	0.52173
MTA3	4	0.75477	0.75494	0.999995	665	0	0.93045	0.072333	0.19777	0.831176	242	3	0.93045
ANKRD37	4	0.7551	0.7553	0.999995	666	0	0.62561	0.147	0.33529	0.895394	394	3	0.62561
GOLPH3	4	0.75575	0.75592	0.999995	667	0	0.26744	0.7158	0.8428	0.999995	829	2	0.26744
PLCG1	4	0.75705	0.75715	0.999995	668	0	0.57815	0.077879	0.2104	0.831176	263	2	0.57815
MEP1B	4	0.7577	0.75773	0.999995	669	0	0.64088	0.04385	0.12867	0.822422	164	2	0.64088
MBP	4	0.75867	0.75885	0.999995	670	0	0.59091	0.21703	0.42578	0.959374	467	3	0.59091
SPATA21	4	0.759	0.75919	0.999995	671	0	0.47325	0.33516	0.56623	0.999995	581	2	0.47325
GBX2	4	0.75932	0.75947	0.999995	672	0	0.43242	0.38871	0.62438	0.999995	634	3	0.43242
PTCH2	4	0.75964	0.75982	0.999995	673	0	0.53802	0.26099	0.47984	0.981614	511	3	0.53802
UBASH3B	4	0.76157	0.76209	0.999995	674	0	0.76285	0.064557	0.17941	0.82765	221	3	0.76285
RNF144A	4	0.76253	0.76318	0.999995	675	0	0.80139	0.030162	0.092087	0.761873	128	3	0.80139
PXDN	4	0.76285	0.76349	0.999995	676	0	0.33386	0.69276	0.82852	0.999995	814	2	0.33386
RXFP3	4	0.76634	0.76694	0.999995	677	0	0.22197	0.70865	0.83846	0.999995	822	2	0.22197
GPSM2	4	0.76665	0.76738	0.999995	678	0	0.61828	0.016327	0.052473	0.716346	75	2	0.61828
YBX3	4	0.7676	0.76847	0.999995	679	0	0.41986	0.33319	0.56391	0.999995	579	3	0.41986
KPNA3	4	0.76823	0.76902	0.999995	680	0	0.60348	0.26817	0.48805	0.981614	518	3	0.60348
LATS2	4	0.76854	0.76934	0.999995	681	0	0.54049	0.11861	0.29674	0.8425	368	2	0.54049
PHLDA3	4	0.76885	0.76965	0.999995	682	0	0.31188	0.40523	0.64196	0.999995	646	3	0.31188
HACD2	4	0.76948	0.77028	0.999995	683	0	0.26924	0.92926	0.94195	0.999995	941	1	0.26924
KIAA0319	4	0.76979	0.7706	0.999995	684	0	0.69546	0.080176	0.21521	0.831176	266	3	0.69546
OSMR	4	0.7701	0.77089	0.999995	685	0	0.34037	0.63704	0.79399	0.999995	782	2	0.34037
REG3A	4	0.77135	0.7721	0.999995	686	0	0.68443	0.1545	0.34502	0.898503	406	3	0.68443
NRBP1	4	0.77166	0.77245	0.999995	687	0	0.74671	0.16545	0.35957	0.914669	416	3	0.74671
MRPL55	4	0.77289	0.77391	0.999995	688	0	0.24867	0.059188	0.16696	0.82765	204	2	0.24867
STT3B	4	0.7732	0.77423	0.999995	689	0	0.50734	0.25195	0.46889	0.981323	501	3	0.50734
CHUK	8	0.77484	0.77439	0.999995	690	0	0.076429	0.59524	0.85798	0.999995	759	2	0.076429
CCNE2	4	0.77566	0.77667	0.999995	691	0	0.42455	0.2269	0.43832	0.963931	478	2	0.42455
GIT1	4	0.77597	0.77695	0.999995	692	0	0.59946	0.14759	0.33602	0.895394	396	3	0.59946
ZWILCH	4	0.77688	0.77792	0.999995	693	0	0.65974	0.19292	0.39559	0.941406	444	2	0.65974
MYBPHL	4	0.77719	0.77827	0.999995	694	0	0.53171	0.17546	0.37298	0.922673	429	3	0.53171
NR5A2	4	0.7781	0.7792	0.999995	695	0	0.57544	0.044758	0.13087	0.822422	167	3	0.57544
TPBGL	4	0.77901	0.78021	0.999995	696	0	0.46537	0.33428	0.56514	0.999995	580	3	0.46537
MYBPH	4	0.78052	0.7818	0.999995	697	0	0.28446	0.57446	0.75812	0.999995	747	2	0.28446
CASP4	4	0.78112	0.78231	0.999995	698	0	0.4408	0.21365	0.42161	0.958133	464	3	0.4408
SPDEF	4	0.78291	0.78403	0.999995	699	0	0.35331	0.48888	0.70941	0.999995	697	2	0.35331
KRTAP1-1	4	0.7847	0.78575	0.999995	700	0	1.0477	0.017632	0.056017	0.716346	80	3	1.0477
SATB2	4	0.785	0.78601	0.999995	701	0	0.52126	0.098029	0.25521	0.838742	309	3	0.52126
SLC22A13	4	0.78618	0.78706	0.999995	702	0	0.62567	0.25196	0.46889	0.981323	502	3	0.62567
EEFSEC	4	0.78648	0.78736	0.999995	703	0	0.55665	0.22481	0.43533	0.963931	475	3	0.55665
DUSP10	4	0.78677	0.78761	0.999995	704	0	0.1945	0.18907	0.39078	0.936895	440	2	0.1945
TTC7A	8	0.78774	0.78733	0.999995	705	0	0.53288	0.20716	0.50381	0.984372	459	5	0.53288
S100A6	4	0.78853	0.78945	0.999995	706	0	0.49411	0.093677	0.2448	0.838742	300	3	0.49411
NBEA	4	0.78941	0.79035	0.999995	707	0	0.47708	0.18666	0.38773	0.936895	437	3	0.47708
BECN2	4	0.7897	0.79069	0.999995	708	0	0.7074	0.14443	0.33193	0.895394	393	3	0.7074
GFM1	4	0.79028	0.79142	0.999995	709	0	0.51425	0.047476	0.1378	0.822422	175	3	0.51425
PDGFC	4	0.79057	0.79183	0.999995	710	0	0.45395	0.12806	0.31014	0.855314	379	3	0.45395
DENND5A	4	0.79144	0.79259	0.999995	711	0	0.33931	0.6182	0.78297	0.999995	776	2	0.33931
LRBA	4	0.79289	0.79416	0.999995	712	0	0.88141	0.048728	0.14077	0.82765	178	3	0.88141
MED12L	4	0.79318	0.79451	0.999995	713	0	0.58729	0.24179	0.45658	0.975068	492	3	0.58729
TANC2	3	0.79351	0.79443	0.999995	714	0	0.44747	0.43958	0.60695	0.999995	671	2	0.44747
CCNL2	4	0.7949	0.79621	0.999995	715	0	0.39982	0.3	0.52498	0.995632	556	3	0.39982
CD72	4	0.79547	0.79673	0.999995	716	0	0.71992	0.081264	0.21741	0.831176	272	3	0.71992
TMEM30A	4	0.79746	0.7989	0.999995	717	0	0.22699	0.78889	0.89029	0.999995	867	2	0.22699
UAP1	4	0.79831	0.79973	0.999995	718	0	0.57634	0.099766	0.25901	0.838742	311	3	0.57634
SMARCA2	4	0.79859	0.80002	0.999995	719	0	0.47656	0.33247	0.56296	0.999995	578	3	0.47656
SAR1A	8	0.79862	0.79807	0.999995	720	0	0.50113	0.0023185	0.01401	0.709807	13	6	0.50113
EFNB1	4	0.79888	0.80011	0.999995	721	0	0.65674	0.18561	0.38655	0.936895	435	3	0.65674
MYH7	4	0.8	0.80117	0.999995	722	0	0.28717	0.72152	0.84661	0.999995	834	2	0.28717
CAB39L	4	0.80056	0.80165	0.999995	723	0	0.58145	0.23752	0.45163	0.97113	490	2	0.58145
PTPN14	4	0.80196	0.80313	0.999995	724	0	0.31854	0.61248	0.7793	0.999995	769	2	0.31854
TBC1D4	4	0.8039	0.80533	0.999995	725	0	0.94256	0.034207	0.10294	0.804474	135	3	0.94256
SHCBP1L	4	0.80418	0.80573	0.999995	726	0	0.46717	0.47485	0.70145	0.999995	691	2	0.46717
FAM71B	4	0.80528	0.80689	0.999995	727	0	0.45018	0.3879	0.62351	0.999995	633	3	0.45018
VPS26A	4	0.80556	0.80716	0.999995	728	0	0.98893	0.075301	0.2045	0.831176	254	3	0.98893
GDI1	4	0.80802	0.81009	0.999995	729	0	0.7713	0.089603	0.23624	0.838742	293	3	0.7713
GOLPH3L	4	0.80829	0.81032	0.999995	730	0	0.5983	0.23635	0.45024	0.97113	487	3	0.5983
ELL2	4	0.80965	0.81181	0.999995	731	0	0.44745	0.16145	0.35407	0.91011	412	3	0.44745
APH1A	4	0.81019	0.81233	0.999995	732	0	0.56614	0.30445	0.53012	0.996206	561	3	0.56614
GRIP1	4	0.81046	0.81259	0.999995	733	0	0.40805	0.42791	0.66507	0.999995	663	2	0.40805
TCF3	4	0.811	0.81308	0.999995	734	0	0.2343	0.30501	0.53081	0.996206	562	2	0.2343
RB1	4	0.8118	0.81398	0.999995	735	0	0.39319	0.37914	0.61452	0.999995	620	3	0.39319
TGFBR2	4	0.81207	0.81418	0.999995	736	0	0.47796	0.30201	0.52727	0.995632	558	3	0.47796
AIPL1	4	0.81234	0.8146	0.999995	737	0	0.83867	0.070393	0.19297	0.831176	236	3	0.83867
GBX1	4	0.81261	0.81489	0.999995	738	0	0.63907	0.0154	0.049482	0.716346	72	3	0.63907
PSEN2	4	0.81367	0.81594	0.999995	739	0	0.60714	0.29994	0.52489	0.995632	555	3	0.60714
CHML	4	0.81447	0.8169	0.999995	740	0	0.824	0.018133	0.057372	0.716346	81	2	0.824
DNAJC19	3	0.81487	0.81495	0.999995	741	0	1.1116	0.08921	0.20065	0.831176	291	3	1.1116
FNIP1	4	0.815	0.81736	0.999995	742	0	1.1221	0.020293	0.063777	0.716346	93	3	1.1221
SPTA1	4	0.81553	0.81778	0.999995	743	0	0.5148	0.36109	0.59506	0.999995	600	3	0.5148
EAF2	4	0.81606	0.8183	0.999995	744	0	0.9258	0.044022	0.12904	0.822422	165	3	0.9258
GBP3	4	0.81711	0.81941	0.999995	745	0	0.64383	0.23681	0.45083	0.97113	488	3	0.64383
GALR3	4	0.81737	0.81972	0.999995	746	0	0.32421	0.69972	0.83308	0.999995	818	2	0.32421
TANC1	4	0.81763	0.81992	0.999995	747	0	0.27118	0.76288	0.87355	0.999995	851	2	0.27118
ERC2	4	0.8179	0.8202	0.999995	748	0	0.68833	0.16596	0.36026	0.914669	417	3	0.68833
DEGS2	4	0.81842	0.82068	0.999995	749	0	0.41975	0.45018	0.68731	0.999995	678	3	0.41975
PMM2	4	0.81946	0.82153	0.999995	750	0	0.62427	0.18999	0.39192	0.936895	442	3	0.62427
ZNF185	4	0.81972	0.82176	0.999995	751	0	0.71151	0.14856	0.33736	0.895394	400	3	0.71151
DCAF8L1	4	0.81998	0.82203	0.999995	752	0	0.86826	0.053633	0.15283	0.82765	191	3	0.86826
SMAP2	4	0.82076	0.82284	0.999995	753	0	0.57334	0.15402	0.34432	0.898503	404	3	0.57334
DGAT2L6	4	0.82102	0.82311	0.999995	754	0	0.77802	0.16649	0.36103	0.914669	418	3	0.77802
SOS2	4	0.82127	0.82339	0.999995	755	0	0.70903	0.10755	0.27456	0.838742	331	3	0.70903
EPHA3	4	0.82205	0.82416	0.999995	756	0	0.7144	0.1099	0.27953	0.838742	339	3	0.7144
ZNF418	4	0.82256	0.82469	0.999995	757	0	0.7371	0.17128	0.36734	0.917488	425	3	0.7371
COQ10B	4	0.82307	0.82523	0.999995	758	0	0.36099	0.57791	0.76	0.999995	750	2	0.36099
ESRP2	4	0.82359	0.82565	0.999995	759	0	0.39894	0.38637	0.622	0.999995	630	3	0.39894
SLCO2B1	4	0.82461	0.82652	0.999995	760	0	0.63249	0.17445	0.37189	0.922589	427	3	0.63249
CYFIP1	4	0.82739	0.82934	0.999995	761	0	0.46668	0.1565	0.34775	0.900397	409	2	0.46668
FSD1	4	0.82789	0.82992	0.999995	762	0	0.26726	0.55176	0.74488	0.999995	740	2	0.26726
PDGFD	4	0.82864	0.83057	0.999995	763	0	0.71747	0.01818	0.057541	0.716346	82	3	0.71747
DRD3	4	0.82989	0.83187	0.999995	764	0	0.71289	0.19786	0.40166	0.944557	448	3	0.71289
JAG2	4	0.83063	0.83266	0.999995	765	0	0.7934	0.047471	0.1378	0.822422	174	3	0.7934
SNRPN	4	0.83088	0.83295	0.999995	766	0	0.94088	0.020036	0.063085	0.716346	91	3	0.94088
FBLN1	4	0.83137	0.83332	0.999995	767	0	0.58965	0.21852	0.42781	0.959861	469	3	0.58965
CNOT8	3	0.8315	0.83197	0.999995	768	0	0.53843	0.1685	0.34134	0.898503	422	3	0.53843
CRYBB2	4	0.83211	0.8341	0.999995	769	0	0.58363	0.23907	0.45324	0.97163	491	3	0.58363
FZD8	4	0.83285	0.83489	0.999995	770	0	0.35636	0.38028	0.61566	0.999995	622	3	0.35636
RPS28	2	0.83296	0.83267	0.999995	771	0	0.59653	0.16704	0.27024	0.838742	419	2	0.59653
STX7	4	0.83334	0.83525	0.999995	772	0	0.56515	0.2859	0.50862	0.989163	542	3	0.56515
TAS1R2	4	0.83408	0.83591	0.999995	773	0	0.87176	0.10681	0.27333	0.838742	325	3	0.87176
TBPL2	4	0.83432	0.83617	0.999995	774	0	0.67601	0.2021	0.40672	0.944557	455	3	0.67601
TREML4	3	0.83491	0.83558	0.999995	775	0	1.0789	0.11069	0.24214	0.838742	341	3	1.0789
NLRP8	4	0.83529	0.83701	0.999995	776	0	0.52401	0.30564	0.5315	0.996206	563	2	0.52401
CSTF2T	4	0.83578	0.83747	0.999995	777	0	0.35992	0.22068	0.43053	0.963923	470	3	0.35992
TFDP3	4	0.83723	0.83883	0.999995	778	0	0.56389	0.22394	0.43429	0.963931	474	3	0.56389
TMEM120B	4	0.83747	0.83916	0.999995	779	0	0.79418	0.12054	0.29953	0.843625	371	3	0.79418
ERN2	4	0.83795	0.83968	0.999995	780	0	0.78759	0.063324	0.17653	0.82765	217	3	0.78759
ABCB1	4	0.83843	0.84026	0.999995	781	0	1.0754	0.002954	0.010579	0.709807	16	3	1.0754
DNAJC15	4	0.8389	0.84074	0.999995	782	0	0.8559	0.060276	0.1694	0.82765	206	3	0.8559
KCNT2	4	0.83962	0.84141	0.999995	783	0	0.86908	0.11451	0.28919	0.838742	355	3	0.86908
NDEL1	4	0.84009	0.84189	0.999995	784	0	0.69874	0.13962	0.3253	0.890155	387	3	0.69874
DLL4	4	0.84104	0.84279	0.999995	785	0	0.47406	0.26687	0.4866	0.981614	516	3	0.47406
PPP2R1B	4	0.84292	0.84481	0.999995	786	0	0.98875	0.036107	0.10777	0.809459	141	3	0.98875
ATP6V1B1	4	0.84339	0.84538	0.999995	787	0	0.70964	0.14979	0.33884	0.897092	401	3	0.70964
TOMM40L	4	0.84386	0.84589	0.999995	788	0	0.3199	0.69136	0.82756	0.999995	812	2	0.3199
TBC1D26	2	0.84483	0.84384	0.999995	789	0	0.86686	0.10748	0.18128	0.82765	330	2	0.86686
STRIP2	4	0.84548	0.84746	0.999995	790	0	0.75969	0.041124	0.12138	0.822422	153	3	0.75969
GXYLT2	4	0.84664	0.8487	0.999995	791	0	0.77555	0.09716	0.25325	0.838742	307	3	0.77555
DEGS1	4	0.84687	0.84887	0.999995	792	0	0.86894	0.061898	0.17315	0.82765	212	3	0.86894
IDH3G	4	0.8471	0.84916	0.999995	793	0	0.94156	0.011989	0.0393	0.716346	53	3	0.94156
TRPC7	4	0.84824	0.85019	0.999995	794	0	0.58333	0.18743	0.38864	0.936895	439	3	0.58333
KCNG4	4	0.8487	0.85053	0.999995	795	0	0.54739	0.23002	0.44211	0.963931	482	3	0.54739
KHSRP	4	0.84892	0.85076	0.999995	796	0	0.51587	0.024646	0.076744	0.736471	107	2	0.51587
CDS1	4	0.84915	0.85095	0.999995	797	0	0.71502	0.057039	0.16154	0.82765	202	2	0.71502
DBT	4	0.84983	0.85155	0.999995	798	0	0.29985	0.18987	0.39178	0.936895	441	2	0.29985
RHBDF2	4	0.85119	0.85277	0.999995	799	0	0.55186	0.06277	0.17525	0.82765	214	3	0.55186
ERC1	4	0.85141	0.85294	0.999995	800	0	0.70738	0.10722	0.27391	0.838742	327	3	0.70738
AKAP11	4	0.85253	0.85415	0.999995	801	0	0.26423	0.44379	0.68112	0.999995	674	3	0.26423
CSTF2	4	0.85276	0.85429	0.999995	802	0	0.43728	0.38599	0.62154	0.999995	629	3	0.43728
POLD1	4	0.85342	0.85494	0.999995	803	0	0.71796	0.11282	0.28562	0.838742	348	3	0.71796
LBX1	4	0.85365	0.85513	0.999995	804	0	0.90879	0.020031	0.063057	0.716346	90	3	0.90879
AOX1	4	0.85431	0.85578	0.999995	805	0	0.71247	0.22606	0.43711	0.963931	477	3	0.71247
SEC23A	4	0.85453	0.85596	0.999995	806	0	0.74319	0.073643	0.20089	0.831176	246	3	0.74319
NCK2	4	0.85475	0.85624	0.999995	807	0	0.80619	0.0033616	0.012028	0.709807	18	3	0.80619
FLOT1	4	0.85497	0.85644	0.999995	808	0	0.38856	0.40806	0.64486	0.999995	649	3	0.38856
KIAA0319L	4	0.85563	0.85715	0.999995	809	0	0.33102	0.69154	0.82767	0.999995	813	2	0.33102
CDNF	4	0.85607	0.85759	0.999995	810	0	0.41006	0.48517	0.70738	0.999995	695	2	0.41006
CAT	4	0.85629	0.85776	0.999995	811	0	0.73188	0.19586	0.39922	0.943699	447	3	0.73188
RNF113B	4	0.85695	0.85836	0.999995	812	0	0.28266	0.44578	0.6831	0.999995	677	3	0.28266
RPL3L	4	0.85739	0.8588	0.999995	813	0	0.6572	0.14347	0.33079	0.895394	390	3	0.6572
SLC25A24	4	0.85825	0.85967	0.999995	814	0	0.43015	0.13818	0.32344	0.887357	386	3	0.43015
CRKL	4	0.85847	0.85986	0.999995	815	0	0.46544	0.18505	0.38581	0.936895	434	3	0.46544
DZIP1L	4	0.85977	0.86096	0.999995	816	0	1.1636	0.0068622	0.023098	0.716346	29	3	1.1636
ATAD2	4	0.85998	0.86113	0.999995	817	0	0.53055	0.27381	0.49458	0.981614	529	3	0.53055
LNX1	4	0.86041	0.86155	0.999995	818	0	0.85548	0.10388	0.26748	0.838742	321	3	0.85548
JAG1	4	0.86191	0.86301	0.999995	819	0	0.68374	0.14832	0.3371	0.895394	398	3	0.68374
FKBP10	4	0.86233	0.86349	0.999995	820	0	0.73901	0.10338	0.26649	0.838742	319	3	0.73901
PAPSS2	4	0.86444	0.86545	0.999995	821	0	0.63636	0.29751	0.52185	0.995632	551	3	0.63636
PTPN21	4	0.8659	0.86669	0.999995	822	0	0.57441	0.31674	0.5444	0.999995	569	3	0.57441
RPL21	2	0.86622	0.86596	0.999995	823	0	0.71041	0.13378	0.22131	0.831176	383	2	0.71041
TRIM25	4	0.86632	0.86708	0.999995	824	0	0.58675	0.20104	0.40538	0.944557	451	3	0.58675
AQP8	4	0.86673	0.86749	0.999995	825	0	0.91631	0.042071	0.12388	0.822422	159	3	0.91631
NCKAP1L	4	0.86694	0.86769	0.999995	826	0	0.49655	0.19467	0.39769	0.942178	446	3	0.49655
SYK	4	0.86715	0.86781	0.999995	827	0	0.64287	0.17232	0.36882	0.91901	426	3	0.64287
KRT74	4	0.86797	0.86869	0.999995	828	0	0.58875	0.20815	0.41458	0.950313	461	3	0.58875
MPC1	4	0.86859	0.8693	0.999995	829	0	0.55557	0.28725	0.50999	0.989165	544	3	0.55557
FKBP9	4	0.8692	0.86979	0.999995	830	0	0.44777	0.31284	0.53968	0.999995	567	2	0.44777
RPS7	1	0.86987	0.87039	0.999995	831	0	1.083	0.13013	0.13091	0.822422	380	1	1.083
MYCN	4	0.87103	0.87162	0.999995	832	0	0.69351	0.21341	0.42133	0.958133	463	3	0.69351
MRGPRX2	4	0.87224	0.87289	0.999995	833	0	0.7881	0.12495	0.30596	0.849373	375	3	0.7881
ACACB	4	0.87324	0.87396	0.999995	834	0	0.63743	0.20557	0.41141	0.949926	457	3	0.63743
TBC1D9	4	0.87383	0.87464	0.999995	835	0	0.41902	0.3975	0.63362	0.999995	644	3	0.41902
ENOX1	4	0.87443	0.87523	0.999995	836	0	0.84083	0.12041	0.29936	0.843625	370	3	0.84083
ADARB1	4	0.87463	0.87538	0.999995	837	0	0.90386	0.041836	0.12325	0.822422	158	3	0.90386
SMARCA1	4	0.87522	0.87599	0.999995	838	0	0.82179	0.083381	0.22212	0.831176	280	3	0.82179
KRT38	4	0.87757	0.87829	0.999995	839	0	0.60547	0.16911	0.36461	0.914985	423	3	0.60547
CHMP1B	4	0.87776	0.87846	0.999995	840	0	0.45434	0.32923	0.55928	0.999995	575	3	0.45434
LATS1	4	0.87815	0.87881	0.999995	841	0	0.97021	0.055394	0.15724	0.82765	196	3	0.97021
GALNT5	4	0.87892	0.8794	0.999995	842	0	0.57578	0.26918	0.4891	0.981614	519	3	0.57578
CCNL1	4	0.87988	0.88028	0.999995	843	0	0.41671	0.35219	0.58515	0.999995	592	3	0.41671
TIMM23B	4	0.88026	0.88071	0.999995	844	0	0.71788	0.20589	0.41187	0.949926	458	3	0.71788
MORF4L2	4	0.88045	0.8809	0.999995	845	0	0.31582	0.41379	0.65048	0.999995	654	3	0.31582
ADAM19	4	0.88084	0.88129	0.999995	846	0	0.42201	0.3463	0.57868	0.999995	589	3	0.42201
CADPS2	4	0.88216	0.88256	0.999995	847	0	0.78957	0.014471	0.046639	0.716346	67	4	0.78957
KCNMB3	4	0.88329	0.88369	0.999995	848	0	0.45583	0.11671	0.29328	0.838742	365	4	0.45583
PCBD1	4	0.88348	0.88389	0.999995	849	0	0.4325	0.11528	0.2907	0.838742	358	4	0.4325
DYNLT3	4	0.88367	0.88404	0.999995	850	0	0.57412	0.11633	0.29268	0.838742	364	4	0.57412
CYFIP2	4	0.88385	0.88412	0.999995	851	0	0.42944	0.11615	0.29241	0.838742	363	4	0.42944
HRH3	4	0.88404	0.88426	0.999995	852	0	0.59243	0.11596	0.29208	0.838742	361	4	0.59243
LIM2	4	0.88423	0.8844	0.999995	853	0	0.45946	0.11577	0.29176	0.838742	360	4	0.45946
ULK2	4	0.88478	0.88479	0.999995	854	0	0.5804	0.11522	0.29055	0.838742	357	4	0.5804
RAP1GAP	4	0.88534	0.88533	0.999995	855	0	0.42064	0.11466	0.28944	0.838742	356	4	0.42064
TCF4	4	0.88626	0.88622	0.999995	856	0	0.61047	0.11099	0.2818	0.838742	342	4	0.61047
SS18	4	0.88645	0.88639	0.999995	857	0	0.5703	0.11355	0.28722	0.838742	351	4	0.5703
NETO1	4	0.88681	0.88682	0.999995	858	0	0.3243	0.11319	0.28645	0.838742	349	4	0.3243
KLF5	4	0.88736	0.88745	0.999995	859	0	0.79252	0.11264	0.28524	0.838742	347	4	0.79252
RANBP10	4	0.88754	0.88761	0.999995	860	0	0.53565	0.11246	0.28491	0.838742	346	4	0.53565
PSEN1	4	0.88791	0.88801	0.999995	861	0	0.53318	0.11209	0.28424	0.838742	345	4	0.53318
SP110	4	0.88881	0.88881	0.999995	862	0	0.72221	0.11119	0.28216	0.838742	344	4	0.72221
MTMR3	4	0.889	0.88899	0.999995	863	0	0.55468	0.111	0.28185	0.838742	343	4	0.55468
KRT37	4	0.88954	0.88963	0.999995	864	0	0.59199	0.11046	0.2807	0.838742	340	4	0.59199
PMM1	4	0.89025	0.89053	0.999995	865	0	0.55525	0.10975	0.27908	0.838742	338	4	0.55525
PDS5B	4	0.89061	0.89088	0.999995	866	0	0.623	0.10939	0.27842	0.838742	336	4	0.623
FRS2	4	0.89079	0.89098	0.999995	867	0	0.76188	0.069014	0.18941	0.831176	233	4	0.76188
RALGPS1	4	0.89097	0.89118	0.999995	868	0	0.94203	0.021673	0.067909	0.716346	99	4	0.94203
TMEM9	4	0.89203	0.89234	0.999995	869	0	0.70111	0.10797	0.27544	0.838742	332	4	0.70111
PPP3R1	4	0.89239	0.89268	0.999995	870	0	0.96715	0.03719	0.11082	0.821008	142	4	0.96715
CLCA1	4	0.89256	0.89289	0.999995	871	0	0.56967	0.10744	0.27432	0.838742	329	4	0.56967
TAF9	4	0.89274	0.89307	0.999995	872	0	0.40749	0.10726	0.27399	0.838742	328	4	0.40749
PTPN11	4	0.89309	0.89357	0.999995	873	0	0.47489	0.10691	0.27348	0.838742	326	4	0.47489
NBEAL2	4	0.89362	0.89401	0.999995	874	0	0.59746	0.10638	0.2724	0.838742	324	4	0.59746
MECP2	4	0.89379	0.89412	0.999995	875	0	0.73231	0.046571	0.13572	0.822422	172	4	0.73231
DDX17	4	0.8969	0.89711	0.999995	876	0	0.4661	0.051994	0.14869	0.82765	187	4	0.4661
STRIP1	4	0.89741	0.89759	0.999995	877	0	0.49391	0.10259	0.26494	0.838742	318	4	0.49391
DDX39A	4	0.89775	0.89804	0.999995	878	0	0.76579	0.094549	0.24691	0.838742	302	4	0.76579
XYLT1	4	0.89809	0.8984	0.999995	879	0	0.43078	0.10191	0.26353	0.838742	316	4	0.43078
FAM126A	4	0.90011	0.90039	0.999995	880	0	0.72447	0.099894	0.25926	0.838742	312	4	0.72447
ERO1A	4	0.90127	0.90142	0.999995	881	0	0.86539	0.051877	0.14842	0.82765	186	4	0.86539
TNKS2	4	0.90143	0.9016	0.999995	882	0	0.43786	0.098566	0.25635	0.838742	310	4	0.43786
FCRL3	4	0.90242	0.90247	0.999995	883	0	0.8216	0.097579	0.25427	0.838742	308	4	0.8216
DMD	4	0.90291	0.90292	0.999995	884	0	0.51683	0.097088	0.253	0.838742	306	4	0.51683
AP2A2	4	0.90307	0.90312	0.999995	885	0	0.57569	0.096925	0.25262	0.838742	305	4	0.57569
ATP6V1E2	4	0.90389	0.90387	0.999995	886	0	0.67537	0.096112	0.25048	0.838742	303	4	0.67537
NUMBL	4	0.90661	0.90646	0.999995	887	0	0.58392	0.093387	0.24411	0.838742	299	4	0.58392
STT3A	4	0.90725	0.90717	0.999995	888	0	0.50941	0.092754	0.24285	0.838742	298	4	0.50941
POU5F2	4	0.90772	0.90781	0.999995	889	0	0.95574	0.025983	0.080465	0.736471	114	4	0.95574
CAV1	4	0.90788	0.90801	0.999995	890	0	0.75842	0.092125	0.24166	0.838742	297	4	0.75842
RCBTB2	4	0.9085	0.90867	0.999995	891	0	0.82212	0.052414	0.1497	0.82765	188	4	0.82212
TNKS	4	0.90959	0.90961	0.999995	892	0	0.60332	0.09041	0.23807	0.838742	295	4	0.60332
ALG14	4	0.91113	0.91128	0.999995	893	0	0.58996	0.088872	0.23461	0.838742	290	4	0.58996
TPRX1	4	0.91128	0.91142	0.999995	894	0	0.81503	0.08872	0.23424	0.838742	289	4	0.81503
RSC1A1	4	0.91174	0.91185	0.999995	895	0	0.88573	0.077481	0.20949	0.831176	262	4	0.88573
IL10RA	4	0.91189	0.91201	0.999995	896	0	0.69222	0.088111	0.23258	0.838742	288	4	0.69222
IDH3B	4	0.91429	0.91425	0.999995	897	0	0.69161	0.085707	0.22723	0.838462	285	4	0.69161
TAF9B	2	0.91483	0.9148	0.999995	898	0	1.0483	0.085166	0.146	0.82765	283	2	1.0483
STX17	4	0.91679	0.91669	0.999995	899	0	0.80274	0.083207	0.22179	0.831176	279	4	0.80274
PLD1	4	0.91694	0.91684	0.999995	900	0	0.57111	0.083061	0.22147	0.831176	277	4	0.57111
NAT8L	4	0.91737	0.91723	0.999995	901	0	0.73542	0.082626	0.22039	0.831176	276	4	0.73542
SEC14L3	4	0.91781	0.9176	0.999995	902	0	0.99361	0.062943	0.17565	0.82765	215	4	0.99361
ADARB2	4	0.91867	0.91852	0.999995	903	0	0.67003	0.081332	0.21755	0.831176	273	4	0.67003
SAP30	4	0.91895	0.91881	0.999995	904	0	0.47365	0.081046	0.21694	0.831176	270	4	0.47365
SNX6	4	0.91924	0.919	0.999995	905	0	0.63276	0.080762	0.21645	0.831176	269	4	0.63276
FMR1	4	0.91981	0.91962	0.999995	906	0	0.57992	0.080194	0.21525	0.831176	267	4	0.57992
NUMB	4	0.91995	0.9198	0.999995	907	0	0.75686	0.075134	0.20406	0.831176	252	4	0.75686
RAD17	3	0.92175	0.92112	0.999995	908	0	0.70143	0.078247	0.1786	0.82765	264	3	0.70143
FSD1L	4	0.9226	0.92268	0.999995	909	0	0.67599	0.077402	0.20925	0.831176	261	4	0.67599
NSDHL	4	0.92301	0.92305	0.999995	910	0	0.70947	0.07699	0.20836	0.831176	258	4	0.70947
EXOC6	4	0.92342	0.92339	0.999995	911	0	0.87195	0.064303	0.17886	0.82765	220	4	0.87195
FNIP2	4	0.92437	0.92441	0.999995	912	0	0.45981	0.075627	0.2053	0.831176	255	4	0.45981
IAPP	4	0.92491	0.92499	0.999995	913	0	0.5298	0.075087	0.20395	0.831176	251	4	0.5298
MYD88	4	0.92518	0.92526	0.999995	914	0	0.50829	0.074818	0.20331	0.831176	250	4	0.50829
PCBD2	4	0.92558	0.92573	0.999995	915	0	0.74765	0.074416	0.20246	0.831176	249	4	0.74765
SCN10A	4	0.92638	0.92635	0.999995	916	0	0.5227	0.073616	0.20082	0.831176	245	4	0.5227
CD163L1	4	0.92718	0.92706	0.999995	917	0	0.95141	0.050419	0.14505	0.82765	182	4	0.95141
SUV39H2	3	0.92741	0.92686	0.999995	918	0	0.83206	0.072593	0.16723	0.82765	244	3	0.83206
ITSN1	4	0.92757	0.92757	0.999995	919	0	0.55192	0.07243	0.19805	0.831176	243	4	0.55192
MAT1A	4	0.92874	0.92875	0.999995	920	0	0.66123	0.071257	0.19518	0.831176	239	4	0.66123
RTP1	4	0.929	0.929	0.999995	921	0	0.71174	0.070999	0.19449	0.831176	238	4	0.71174
TBR1	4	0.93054	0.93072	0.999995	922	0	0.69518	0.069462	0.19047	0.831176	235	4	0.69518
GXYLT1	4	0.93117	0.93134	0.999995	923	0	0.56954	0.068829	0.18899	0.831176	232	4	0.56954
ATAD2B	4	0.9313	0.93141	0.999995	924	0	0.72342	0.068703	0.18863	0.831176	231	4	0.72342
VRTN	4	0.93142	0.93151	0.999995	925	0	0.64927	0.068577	0.18826	0.831176	230	4	0.64927
FRY	4	0.93267	0.93279	0.999995	926	0	0.98873	0.012714	0.041357	0.716346	56	4	0.98873
FOXA1	4	0.93317	0.93327	0.999995	927	0	0.65792	0.066833	0.18433	0.831176	228	4	0.65792
CLIP4	4	0.93427	0.93446	0.999995	928	0	1.0109	0.061749	0.17287	0.82765	211	4	1.0109
HPS1	4	0.93451	0.93466	0.999995	929	0	0.52472	0.065486	0.18132	0.82765	226	4	0.52472
CREBBP	4	0.93476	0.9349	0.999995	930	0	0.65691	0.065243	0.18084	0.82765	224	4	0.65691
ZNF146	4	0.93512	0.93529	0.999995	931	0	0.9314	0.007022	0.023565	0.716346	31	4	0.9314
CBLL2	4	0.93632	0.93635	0.999995	932	0	0.57782	0.063682	0.17747	0.82765	219	4	0.57782
TTC7B	4	0.93667	0.93667	0.999995	933	0	0.73921	0.063325	0.17653	0.82765	218	4	0.73921
INTS6L	4	0.93726	0.93709	0.999995	934	0	1.0273	0.033485	0.10102	0.8044	133	4	1.0273
CPS1	4	0.93738	0.9372	0.999995	935	0	0.80285	0.062617	0.17493	0.82765	213	4	0.80285
CAB39	4	0.9375	0.93733	0.999995	936	0	1.0739	0.0108	0.03542	0.716346	49	4	1.0739
FXR1	4	0.93913	0.93901	0.999995	937	0	0.47312	0.060873	0.17091	0.82765	209	4	0.47312
LDB2	4	0.93936	0.93922	0.999995	938	0	0.63745	0.060644	0.17033	0.82765	208	4	0.63745
OGDHL	4	0.93959	0.93941	0.999995	939	0	0.88569	0.060414	0.16971	0.82765	207	4	0.88569
BAP1	4	0.94038	0.94025	0.999995	940	0	0.4237	0.059618	0.16796	0.82765	205	4	0.4237
SUV39H1	4	0.94083	0.94063	0.999995	941	0	0.73514	0.059166	0.16689	0.82765	203	4	0.73514
ARID4A	4	0.94305	0.94281	0.999995	942	0	0.74831	0.056946	0.16126	0.82765	201	4	0.74831
GOLT1B	4	0.94327	0.94305	0.999995	943	0	0.84666	0.056727	0.1608	0.82765	200	4	0.84666
LMBR1L	4	0.94338	0.94318	0.999995	944	0	0.83043	0.053999	0.15367	0.82765	192	4	0.83043
PIP4P1	4	0.94425	0.94402	0.999995	945	0	0.5524	0.055751	0.1581	0.82765	198	4	0.5524
RRAGD	4	0.94446	0.94438	0.999995	946	0	0.55532	0.055536	0.15762	0.82765	197	4	0.55532
RSPH1	4	0.94521	0.94522	0.999995	947	0	0.88096	0.054788	0.15568	0.82765	195	4	0.88096
TMEM185B	4	0.94532	0.94528	0.999995	948	0	0.77646	0.054682	0.1554	0.82765	194	4	0.77646
TAF1L	3	0.94651	0.94608	0.999995	949	0	1.2439	0.014778	0.03859	0.716346	68	3	1.2439
GOLT1A	4	0.9471	0.94713	0.999995	950	0	0.87702	0.0529	0.15103	0.82765	189	4	0.87702
SUSD1	4	0.94823	0.94844	0.999995	951	0	0.74403	0.0051531	0.017797	0.716346	25	4	0.74403
DZIP3	4	0.94894	0.94913	0.999995	952	0	0.74044	0.05106	0.14644	0.82765	185	4	0.74044
TYROBP	4	0.94924	0.9494	0.999995	953	0	0.84452	0.050758	0.14588	0.82765	184	4	0.84452
ARHGEF3	4	0.94934	0.94954	0.999995	954	0	0.64551	0.050658	0.14567	0.82765	183	4	0.64551
CYP2A6	4	0.95122	0.95157	0.999995	955	0	0.80305	0.04878	0.14092	0.82765	179	4	0.80305
ZDHHC17	4	0.95247	0.95297	0.999995	956	0	0.8667	0.047526	0.13788	0.822422	176	4	0.8667
CHSY1	4	0.95286	0.95343	0.999995	957	0	0.91031	0.02607	0.080671	0.736471	115	4	0.91031
RUNX1	4	0.95314	0.95373	0.999995	958	0	0.67951	0.04686	0.13646	0.822422	173	4	0.67951
ATP7B	4	0.9538	0.95438	0.999995	959	0	0.63636	0.046202	0.13467	0.822422	171	4	0.63636
NXT2	4	0.95473	0.95526	0.999995	960	0	0.9667	0.045274	0.13232	0.822422	169	4	0.9667
SPHKAP	4	0.955	0.95555	0.999995	961	0	1.0108	0.01277	0.041516	0.716346	57	4	1.0108
NKAPL	4	0.95509	0.95563	0.999995	962	0	0.70352	0.044906	0.13126	0.822422	168	4	0.70352
HMGCL	4	0.95582	0.9564	0.999995	963	0	1.2384	0.0018372	0.0069326	0.667417	11	4	1.2384
FRYL	4	0.95591	0.95651	0.999995	964	0	0.88715	0.044088	0.12919	0.822422	166	4	0.88715
NETO2	4	0.95716	0.95773	0.999995	965	0	1.1419	0.00779	0.026015	0.716346	33	4	1.1419
SBNO2	4	0.95725	0.95785	0.999995	966	0	0.8149	0.042748	0.12578	0.822422	161	4	0.8149
ZNF521	4	0.95743	0.95804	0.999995	967	0	0.7428	0.042572	0.12528	0.822422	160	4	0.7428
AMELX	4	0.95856	0.95898	0.999995	968	0	0.75395	0.04144	0.12224	0.822422	155	4	0.75395
PCDH1	4	0.95975	0.96027	0.999995	969	0	0.50373	0.040246	0.1191	0.822422	152	4	0.50373
ITSN2	4	0.96001	0.96057	0.999995	970	0	0.78449	0.039994	0.11841	0.822422	150	4	0.78449
ZNF260	4	0.96034	0.96091	0.999995	971	0	1.1051	0.038851	0.11546	0.821882	148	4	1.1051
CDK19	8	0.96089	0.96088	0.999995	972	0	0.69664	0.074167	0.25951	0.838742	248	7	0.69664
LIF	4	0.96109	0.96165	0.999995	973	0	0.64862	0.038913	0.11564	0.821882	149	4	0.64862
CTCFL	4	0.96174	0.96216	0.999995	974	0	0.75793	0.038259	0.11386	0.821008	146	4	0.75793
FKBP5	4	0.9619	0.96227	0.999995	975	0	0.70913	0.038097	0.11337	0.821008	145	4	0.70913
SHMT2	4	0.96279	0.96321	0.999995	976	0	0.68051	0.037215	0.11088	0.821008	143	4	0.68051
SERPINA9	4	0.96302	0.96343	0.999995	977	0	1.0089	0.018683	0.059074	0.716346	85	4	1.0089
HMSD	4	0.9635	0.96388	0.999995	978	0	0.95573	0.030819	0.0939	0.764928	130	4	0.95573
CCDC69	4	0.96412	0.96458	0.999995	979	0	0.52059	0.0060879	0.02077	0.716346	26	4	0.52059
KAT6B	4	0.96435	0.9648	0.999995	980	0	0.57745	0.035649	0.10651	0.805693	140	4	0.57745
ARFIP1	4	0.96466	0.9651	0.999995	981	0	0.74185	0.035342	0.10562	0.804723	139	4	0.74185
ZDHHC13	4	0.96473	0.96518	0.999995	982	0	0.85885	0.035266	0.10543	0.804723	138	4	0.85885
GSX2	4	0.96534	0.9657	0.999995	983	0	0.83928	0.034658	0.10407	0.804474	137	4	0.83928
SEC11A	4	0.96602	0.96642	0.999995	984	0	0.76036	0.033985	0.10241	0.804474	134	4	0.76036
RC3H1	4	0.96624	0.96661	0.999995	985	0	0.87058	0.025202	0.07825	0.736471	110	4	0.87058
GYS2	4	0.96741	0.96779	0.999995	986	0	0.79611	0.032595	0.098575	0.795867	131	4	0.79611
VANGL1	4	0.96944	0.96963	0.999995	987	0	0.81693	0.030556	0.093162	0.764794	129	4	0.81693
TXNDC8	4	0.96951	0.96968	0.999995	988	0	1.2383	0.0034135	0.012206	0.709807	19	4	1.2383
LIMK2	4	0.97006	0.97023	0.999995	989	0	0.72694	0.029943	0.091498	0.761873	127	4	0.72694
TMEM30B	4	0.97086	0.97103	0.999995	990	0	0.65055	0.029141	0.089394	0.752907	125	4	0.65055
PGLS	4	0.97106	0.97127	0.999995	991	0	0.63374	0.028942	0.088824	0.752907	124	4	0.63374
NR2E1	4	0.97125	0.97141	0.999995	992	0	0.8711	0.019994	0.062917	0.716346	89	4	0.8711
PRKAB1	4	0.97152	0.97162	0.999995	993	0	0.68525	0.028484	0.087664	0.752907	122	4	0.68525
CDK16	4	0.97165	0.97178	0.999995	994	0	1.1296	0.0012658	0.0047355	0.501485	10	4	1.1296
SMC1B	4	0.97242	0.97254	0.999995	995	0	0.91108	0.027584	0.085056	0.750619	120	4	0.91108
ATP6V1E1	3	0.97248	0.97217	0.999995	996	0	0.89807	0.027523	0.068835	0.716346	119	3	0.89807
TLN2	4	0.97305	0.97312	0.999995	997	0	0.86039	0.026954	0.083223	0.746895	117	4	0.86039
PDLIM5	4	0.97421	0.97437	0.999995	998	0	0.6293	0.025787	0.079858	0.736471	113	4	0.6293
NBEAL1	4	0.97433	0.97446	0.999995	999	0	0.85966	0.025666	0.079512	0.736471	112	4	0.85966
ABL1	4	0.97493	0.975	0.999995	1000	0	0.63916	0.025069	0.077941	0.736471	109	4	0.63916
GPR183	4	0.97557	0.97565	0.999995	1001	0	0.95742	0.024425	0.076099	0.736471	106	4	0.95742
DLL1	4	0.97604	0.97611	0.999995	1002	0	0.77479	0.023964	0.074706	0.736471	105	4	0.77479
STAM2	4	0.97771	0.9778	0.999995	1003	0	1.291	0.015709	0.050454	0.716346	73	4	1.291
CLTCL1	4	0.97787	0.97794	0.999995	1004	0	0.79444	0.022133	0.069284	0.716346	101	4	0.79444
SEC31A	4	0.97856	0.97859	0.999995	1005	0	0.87666	0.021441	0.067442	0.716346	98	4	0.87666
CHM	4	0.97866	0.97869	0.999995	1006	0	0.90755	0.021336	0.067143	0.716346	97	4	0.90755
RBBP7	4	0.97887	0.97888	0.999995	1007	0	0.96733	0.021127	0.066479	0.716346	96	4	0.96733
IL6ST	4	0.97944	0.97945	0.999995	1008	0	0.91275	0.02056	0.064609	0.716346	95	4	0.91275
DCAF4L2	4	0.97959	0.97959	0.999995	1009	0	0.98104	0.020408	0.064095	0.716346	94	4	0.98104
FAM126B	4	0.97979	0.97984	0.999995	1010	0	0.68601	0.020206	0.063543	0.716346	92	4	0.68601
HTR3D	4	0.98029	0.98036	0.999995	1011	0	0.74136	0.019707	0.062094	0.716346	88	4	0.74136
PPP3CA	4	0.98064	0.98063	0.999995	1012	0	0.79486	0.019364	0.061103	0.716346	87	4	0.79486
DENND5B	4	0.98126	0.98127	0.999995	1013	0	0.92798	0.018738	0.059261	0.716346	86	4	0.92798
NCK1	4	0.98145	0.98142	0.999995	1014	0	0.75373	0.018549	0.058728	0.716346	83	4	0.75373
CDK17	4	0.98283	0.98275	0.999995	1015	0	1.1623	0.017173	0.054773	0.716346	79	4	1.1623
SLC25A2	4	0.98287	0.98276	0.999995	1016	0	0.80199	0.017129	0.054652	0.716346	78	4	0.80199
RAP1GAP2	4	0.98296	0.98284	0.999995	1017	0	0.756	0.01704	0.054437	0.716346	77	4	0.756
CLASP2	4	0.98348	0.98353	0.999995	1018	0	0.8431	0.016515	0.052903	0.716346	76	4	0.8431
HTR2C	4	0.98396	0.98414	0.999995	1019	0	0.75138	0.016044	0.05152	0.716346	74	4	0.75138
RPRD1B	4	0.9847	0.98496	0.999995	1020	0	0.79343	0.015296	0.049154	0.716346	71	4	0.79343
CNOT6L	4	0.98474	0.98498	0.999995	1021	0	0.85576	0.015255	0.049023	0.716346	70	4	0.85576
TPBG	4	0.98503	0.98529	0.999995	1022	0	0.68024	0.014972	0.04821	0.716346	69	4	0.68024
CYP2C8	4	0.98582	0.98601	0.999995	1023	0	1.1464	0.0064041	0.021695	0.716346	27	4	1.1464
SATB1	4	0.9862	0.98629	0.999995	1024	0	0.85957	0.013803	0.044769	0.716346	65	4	0.85957
ENOX2	4	0.98627	0.98635	0.999995	1025	0	0.80526	0.013727	0.044601	0.716346	64	4	0.80526
TIRAP	4	0.98657	0.98669	0.999995	1026	0	0.75997	0.013428	0.04361	0.716346	62	4	0.75997
YIPF7	4	0.98687	0.98696	0.999995	1027	0	0.72604	0.013135	0.042591	0.716346	61	4	0.72604
UBQLN3	4	0.9869	0.98697	0.999995	1028	0	0.8035	0.013098	0.042488	0.716346	60	4	0.8035
MECOM	4	0.98705	0.98717	0.999995	1029	0	0.86349	0.012953	0.042114	0.716346	59	4	0.86349
RIC8B	4	0.98723	0.98733	0.999995	1030	0	0.99903	0.012774	0.041525	0.716346	58	4	0.99903
TOMM20	3	0.98785	0.9879	0.999995	1031	0	0.87782	0.012147	0.031793	0.716346	54	3	0.87782
FLNB	4	0.98823	0.98827	0.999995	1032	0	0.72966	0.011771	0.038543	0.716346	51	4	0.72966
SPTLC3	4	0.98866	0.98871	0.999995	1033	0	0.87098	0.011341	0.037337	0.716346	50	4	0.87098
MAP4K4	4	0.98879	0.98884	0.999995	1034	0	1.3429	0.0010621	0.0039969	0.470297	9	4	1.3429
TMEM185A	4	0.98948	0.98938	0.999995	1035	0	1.042	0.008946	0.029577	0.716346	39	4	1.042
HRH1	4	0.9897	0.98967	0.999995	1036	0	1.0215	0.010302	0.033793	0.716346	47	4	1.0215
FEZ1	4	0.98988	0.98992	0.999995	1037	0	1.0247	0.010121	0.033223	0.716346	46	4	1.0247
IPO8	4	0.99018	0.99023	0.999995	1038	0	0.91468	0.0098246	0.032297	0.716346	45	4	0.91468
RANBP6	3	0.9904	0.99038	0.999995	1039	0	0.97369	0.0095969	0.025491	0.716346	43	3	0.97369
PLD2	4	0.99052	0.99045	0.999995	1040	0	1.0361	0.0094778	0.031129	0.716346	42	4	1.0361
TCF12	4	0.99078	0.99068	0.999995	1041	0	0.78906	0.0092237	0.030409	0.716346	40	4	0.78906
SLC35F4	4	0.99143	0.99136	0.999995	1042	0	1.0414	0.0085712	0.02853	0.716346	37	4	1.0414
ANXA1	4	0.99179	0.99176	0.999995	1043	0	0.9135	0.008207	0.027398	0.716346	35	4	0.9135
G3BP2	4	0.99184	0.99183	0.999995	1044	0	0.95618	0.0081559	0.027258	0.716346	34	4	0.95618
RANBP17	4	0.99265	0.99257	0.999995	1045	0	0.9341	0.0073471	0.024603	0.716346	32	4	0.9341
SAR1B	4	0.99311	0.99298	0.999995	1046	0	1.1131	0.0068872	0.0232	0.716346	30	4	1.1131
MBD4	8	0.99345	0.99352	0.999995	1047	0	0.6254	0.0065454	0.036757	0.716346	28	8	0.6254
PHLDA1	4	0.99489	0.99499	0.999995	1048	0	1.5977	6.6825e-06	3.2723e-05	0.017327	2	4	1.5977
ALAS1	8	0.99558	0.99551	0.999995	1049	0	0.96891	0.0044174	0.026089	0.716346	23	8	0.96891
DYNLRB2	4	0.99602	0.99603	0.999995	1050	0	0.97079	0.0039838	0.014075	0.709807	22	4	0.97079
NCBP2L	4	0.99623	0.9962	0.999995	1051	0	1.1913	0.0037652	0.013318	0.709807	21	4	1.1913
FAM50B	4	0.99647	0.99652	0.999995	1052	0	0.78926	0.0035284	0.012561	0.709807	20	4	0.78926
RC3H2	4	0.99733	0.99737	0.999995	1053	0	1.5188	5.31e-05	0.00018231	0.048267	4	4	1.5188
GPR50	4	0.99897	0.99914	0.999995	1054	0	1.1278	0.0010308	0.0038286	0.470297	8	4	1.1278
MPC1L	4	0.99932	0.9994	0.999995	1055	0	1.1144	0.00068166	0.0026973	0.408062	7	4	1.1144
CTNNB1	4	0.99953	0.99956	0.999995	1056	0	1.101	0.00046735	0.0018652	0.329208	6	4	1.101
ARHGEF6	4	0.99993	0.99995	0.999995	1057	0	1.2649	7.4223e-05	0.00030385	0.064356	5	4	1.2649
TP53	4	0.99999	1.0	0.999995	1058	0	1.3989	1.0491e-05	6.0771e-05	0.021452	3	4	1.3989
ATP7A	4	1.0	1.0	0.999995	1059	0	2.2662	2.2154e-09	4.6747e-06	0.00495	1	4	2.2662
