id	num	neg|score	neg|p-value	neg|fdr	neg|rank	neg|goodsgrna	neg|lfc	pos|score	pos|p-value	pos|fdr	pos|rank	pos|goodsgrna	pos|lfc
MYC	8	4.6782e-09	4.6747e-06	0.00099	1	8	-0.95715	1.0	1.0	0.999995	1059	0	-0.95715
RRM1	8	1.9678e-07	4.6747e-06	0.00099	2	8	-1.2476	0.99997	0.99998	0.999995	1055	0	-1.2476
E2F3	3	6.8165e-07	4.6747e-06	0.00099	3	3	-1.3105	1.0	1.0	0.999995	1058	0	-1.3105
NAE1	8	7.2427e-07	4.6747e-06	0.00099	4	7	-0.63555	0.89587	0.89573	0.999995	893	0	-0.63555
RRM2	4	7.432e-07	4.6747e-06	0.00099	5	2	-1.03	0.75543	0.75561	0.999995	756	0	-1.03
BUB3	4	2.9306e-06	2.3373e-05	0.003094	6	4	-1.1776	0.99994	0.99997	0.999995	1049	0	-1.1776
CCND1	4	2.944e-06	2.3373e-05	0.003094	7	4	-1.341	1.0	1.0	0.999995	1057	0	-1.341
ALDOA	4	4.2233e-06	2.3373e-05	0.003094	8	4	-1.3916	0.99399	0.99396	0.999995	1012	0	-1.3916
RPP21	4	1.1383e-05	7.012e-05	0.008251	9	4	-1.3551	0.99999	1.0	0.999995	1056	0	-1.3551
PRPF8	4	2.893e-05	8.8819e-05	0.008551	10	4	-1.0412	0.99997	1.0	0.999995	1054	0	-1.0412
POLR2L	4	3.1611e-05	8.8819e-05	0.008551	11	4	-1.755	0.99997	1.0	0.999995	1053	0	-1.755
PDCD6IP	4	4.0778e-05	0.00011687	0.010282	12	4	-0.93302	0.99996	0.99999	0.999995	1052	0	-0.93302
COPA	4	4.5263e-05	0.00012622	0.010282	13	4	-1.1676	0.99995	0.99998	0.999995	1051	0	-1.1676
NKAP	4	4.9e-05	0.00014492	0.010962	14	4	-0.93354	0.99995	0.99998	0.999995	1050	0	-0.93354
MTG2	4	6.3017e-05	0.00021971	0.014542	15	4	-0.81345	0.99987	0.99988	0.999995	1045	0	-0.81345
CHORDC1	3	7.4758e-05	0.00021036	0.014542	16	3	-1.1728	0.99993	0.99991	0.999995	1048	0	-1.1728
SF3B3	4	8.6983e-05	0.000388	0.02417	17	4	-1.074	0.99991	0.99991	0.999995	1047	0	-1.074
ATP6V1B2	4	0.00012945	0.00060303	0.035479	18	4	-0.84425	0.99987	0.99988	0.999995	1046	0	-0.84425
PAF1	4	0.00016036	0.00077132	0.038479	19	4	-0.62437	0.99984	0.99987	0.999995	1044	0	-0.62437
SF3A1	4	0.00016489	0.00079937	0.038479	20	3	-1.0858	0.45416	0.45369	0.999995	467	0	-1.0858
FZR1	4	0.00016578	0.00079937	0.038479	21	4	-0.58921	0.99983	0.99986	0.999995	1043	0	-0.58921
NAA10	4	0.00018733	0.00087417	0.04025	22	4	-0.77814	0.99981	0.99983	0.999995	1042	0	-0.77814
INTS6	3	0.00020563	0.00067783	0.03778	23	3	-1.6424	0.99979	0.99982	0.999995	1041	0	-1.6424
TOMM22	4	0.00021757	0.00093961	0.04146	24	4	-0.73784	0.99978	0.99977	0.999995	1040	0	-0.73784
CLTC	4	0.00028679	0.0012855	0.054455	25	4	-0.62991	0.99971	0.99969	0.999995	1039	0	-0.62991
ASF1B	8	0.00029731	0.0019587	0.067296	26	7	-0.60622	0.78823	0.7877	0.999995	794	0	-0.60622
CDIPT	4	0.00031926	0.0013977	0.056931	27	3	-0.75919	0.0088883	0.0166	0.977982	11	1	-0.75919
SF3B1	4	0.00036184	0.0015567	0.061056	28	3	-0.88122	0.79057	0.79183	0.999995	796	0	-0.88122
HSCB	4	0.00042627	0.001725	0.06524	29	3	-1.1291	0.97317	0.97324	0.999995	976	0	-1.1291
RPRD1B	4	0.00047334	0.0019119	0.067296	30	4	-0.62843	0.99953	0.99956	0.999995	1038	0	-0.62843
HUS1	4	0.00049782	0.0019961	0.067296	31	4	-0.94302	0.9771	0.97719	0.999995	980	0	-0.94302
TIMM10	4	0.00050419	0.0020335	0.067296	32	4	-0.82886	0.9995	0.99953	0.999995	1037	0	-0.82886
TOP2A	4	0.00052017	0.0021176	0.067957	33	4	-0.7037	0.99948	0.99953	0.999995	1036	0	-0.7037
RPL3	7	0.00055143	0.0036135	0.098121	34	4	-0.85349	0.33066	0.32899	0.993657	350	0	-0.85349
RNF113A	4	0.00061533	0.0023888	0.073975	35	3	-1.0685	0.41374	0.41238	0.999995	429	0	-1.0685
GTF3C1	4	0.00063537	0.0024449	0.073975	36	4	-0.56409	0.99936	0.99946	0.999995	1035	0	-0.56409
KIF11	4	0.00066596	0.0025851	0.076045	37	4	-1.0171	0.99933	0.99942	0.999995	1034	0	-1.0171
SMARCA4	4	0.00074082	0.0028843	0.082553	38	3	-0.99479	0.29423	0.29238	0.993657	308	0	-0.99479
THRAP3	4	0.00078619	0.0029965	0.083507	39	4	-0.63353	0.99921	0.99931	0.999995	1033	0	-0.63353
AKIRIN2	4	0.0010509	0.0039314	0.102753	40	4	-0.82293	0.99747	0.99749	0.999995	1021	0	-0.82293
PRKDC	8	0.0011023	0.0062407	0.127094	41	7	-0.3895	0.8666	0.86615	0.999995	865	0	-0.3895
RPS19	4	0.0011667	0.0044363	0.11007	42	4	-0.88333	0.99883	0.99896	0.999995	1032	0	-0.88333
SIN3A	4	0.0012027	0.0045485	0.11007	43	4	-0.89743	0.99265	0.99257	0.999995	1007	0	-0.89743
STT3B	4	0.0012148	0.0045765	0.11007	44	4	-0.65258	0.99879	0.99891	0.999995	1031	0	-0.65258
MRPL38	4	0.0012647	0.0047355	0.11007	45	3	-0.68532	0.78677	0.78761	0.999995	789	0	-0.68532
CCND3	4	0.0012962	0.0048477	0.11007	46	4	-0.4221	0.9987	0.99883	0.999995	1030	0	-0.4221
SBNO1	4	0.0013026	0.004885	0.11007	47	4	-1.1108	0.9987	0.99882	0.999995	1029	0	-1.1108
SMC1A	4	0.0013682	0.0051842	0.112043	48	4	-0.67047	0.99863	0.99875	0.999995	1028	0	-0.67047
TOP1	4	0.0014019	0.0053712	0.113762	49	4	-0.80117	0.9986	0.99869	0.999995	1027	0	-0.80117
DYNLRB1	3	0.0014162	0.0039782	0.102753	50	3	-0.74836	0.99858	0.99843	0.999995	1026	0	-0.74836
NXT1	4	0.0015211	0.0058574	0.121627	51	4	-0.44978	0.99848	0.99854	0.999995	1025	0	-0.44978
DHX9	3	0.0018228	0.0050907	0.112043	52	3	-0.87543	0.99818	0.99806	0.999995	1024	0	-0.87543
MED18	8	0.0019593	0.010747	0.180654	53	6	-0.43151	0.87566	0.87527	0.999995	872	0	-0.43151
SNRPD3	4	0.0020369	0.0075403	0.150663	54	3	-0.9656	0.45714	0.45642	0.999995	469	0	-0.9656
ATP6V1C1	4	0.0022353	0.0082041	0.160891	55	4	-0.72941	0.99776	0.99781	0.999995	1023	0	-0.72941
ASF1A	4	0.0023448	0.0085968	0.165527	56	3	-0.6106	0.89501	0.89521	0.999995	892	0	-0.6106
KAT6A	4	0.0024002	0.0088772	0.167875	57	4	-0.703	0.98708	0.98719	0.999995	992	0	-0.703
ZNF407	4	0.0024657	0.0090829	0.168751	58	4	-0.95677	0.99753	0.99758	0.999995	1022	0	-0.95677
PPP4C	4	0.0025566	0.0093447	0.170621	59	4	-0.72147	0.9783	0.97837	0.999995	982	0	-0.72147
CTR9	4	0.0027022	0.0098215	0.173754	60	4	-0.54727	0.9973	0.99732	0.999995	1020	0	-0.54727
PPP2CA	8	0.0027204	0.014861	0.228082	61	6	-0.61265	0.58838	0.58717	0.999995	584	0	-0.61265
MED12	4	0.0027464	0.0099337	0.173754	62	3	-0.70644	0.97534	0.97539	0.999995	979	0	-0.70644
TRAPPC3	4	0.0027611	0.010009	0.173754	63	3	-0.68707	0.76444	0.76499	0.999995	764	0	-0.68707
ABT1	4	0.002954	0.010579	0.180654	64	3	-0.83977	0.92051	0.92046	0.999995	915	0	-0.83977
SAFB2	4	0.003163	0.011374	0.188196	65	4	-0.58491	0.99684	0.99697	0.999995	1019	0	-0.58491
GAPDH	4	0.0032261	0.011598	0.188957	66	4	-0.78069	0.99677	0.99688	0.999995	1018	0	-0.78069
RB1	4	0.0034135	0.012206	0.195845	67	3	-0.61597	0.25664	0.25554	0.989865	273	0	-0.61597
KIF4A	4	0.0036944	0.013075	0.206665	68	4	-0.6708	0.99631	0.9963	0.999995	1017	0	-0.6708
SF3B5	4	0.0039665	0.014001	0.21804	69	3	-0.8969	0.79086	0.79209	0.999995	797	0	-0.8969
AHCYL1	4	0.0043806	0.015151	0.229208	70	3	-0.58617	0.37574	0.37452	0.999995	391	0	-0.58617
FOXK2	4	0.0048506	0.016749	0.246236	71	4	-0.4882	0.99515	0.9952	0.999995	1016	0	-0.4882
RIC8A	4	0.0049025	0.016908	0.246236	72	4	-0.54354	0.9951	0.99517	0.999995	1015	0	-0.54354
FANCM	4	0.004925	0.016974	0.246236	73	2	-0.7825	0.95132	0.95168	0.999995	954	0	-0.7825
SEPHS2	4	0.0050967	0.017619	0.248111	74	4	-0.55224	0.9949	0.995	0.999995	1014	0	-0.55224
SFPQ	4	0.0051531	0.017797	0.248111	75	3	-0.34049	0.95609	0.9567	0.999995	959	0	-0.34049
PCGF1	4	0.0051561	0.017806	0.248111	76	3	-0.30367	0.54347	0.54236	0.999995	546	0	-0.30367
MED13L	4	0.0052597	0.018124	0.249261	77	4	-0.52199	0.99474	0.99478	0.999995	1013	0	-0.52199
RPS5	4	0.0056465	0.019405	0.26012	78	3	-0.73078	0.54504	0.544	0.999995	548	0	-0.73078
BAP1	4	0.0059457	0.02033	0.265799	79	4	-0.41412	0.99219	0.99211	0.999995	1003	0	-0.41412
RPL36	4	0.0060324	0.020639	0.266542	80	4	-0.70019	0.99397	0.99394	0.999995	1011	0	-0.70019
RHBDF1	4	0.006259	0.021256	0.271204	81	4	-0.36062	0.99374	0.99362	0.999995	1010	0	-0.36062
KIF20A	8	0.0063846	0.031802	0.327165	82	6	-0.38466	0.22181	0.22402	0.98744	236	1	-0.38466
CAND1	4	0.0064041	0.021695	0.273515	83	3	-0.56298	0.94751	0.94757	0.999995	948	0	-0.56298
CCT6A	3	0.0068834	0.018573	0.252158	84	2	-0.76671	0.85559	0.85583	0.999995	854	0	-0.76671
COPZ1	4	0.007022	0.023565	0.285961	85	1	-0.067139	0.48336	0.48244	0.999995	494	0	-0.067139
MED13	4	0.0070753	0.023696	0.285961	86	4	-0.72573	0.99044	0.99041	0.999995	999	0	-0.72573
RNF40	4	0.0071138	0.023836	0.285961	87	4	-0.49222	0.98936	0.98924	0.999995	996	0	-0.49222
TSG101	4	0.0071604	0.024033	0.285961	88	4	-0.56906	0.99284	0.99279	0.999995	1008	0	-0.56906
XRCC6	4	0.0074418	0.02493	0.291164	89	4	-0.37748	0.99256	0.9925	0.999995	1006	0	-0.37748
TUFM	3	0.0074825	0.020153	0.265799	90	2	-0.91696	0.75272	0.75278	0.999995	753	0	-0.91696
ZMIZ2	4	0.0075614	0.025295	0.291164	91	4	-0.33617	0.99244	0.99234	0.999995	1005	0	-0.33617
MED20	4	0.0077069	0.025753	0.29325	92	4	-0.60282	0.99229	0.9922	0.999995	1004	0	-0.60282
CCNL1	4	0.0080293	0.02695	0.300417	93	4	-0.48623	0.99197	0.9919	0.999995	1002	0	-0.48623
FOXK1	4	0.008466	0.028221	0.311314	94	4	-0.39833	0.99153	0.99143	0.999995	1001	0	-0.39833
ELL	4	0.0086364	0.028689	0.311528	95	3	-0.65892	0.97522	0.97529	0.999995	978	0	-0.65892
CTNNB1	4	0.0086802	0.028829	0.311528	96	3	-0.41429	0.050188	0.055615	0.977982	56	1	-0.41429
PSMB3	3	0.008884	0.023743	0.285961	97	3	-0.79878	0.99112	0.99117	0.999995	1000	0	-0.79878
RPL10A	4	0.008946	0.029577	0.316382	98	3	-0.84458	0.95352	0.95407	0.999995	955	0	-0.84458
CLNS1A	3	0.0094747	0.025229	0.291164	99	2	-0.40613	0.93576	0.93505	0.999995	933	0	-0.40613
TCERG1	4	0.0095218	0.031325	0.327165	100	3	-0.59601	0.87103	0.87162	0.999995	870	0	-0.59601
LONP1	4	0.0096799	0.031821	0.327165	101	3	-0.64963	0.60804	0.60727	0.999995	608	0	-0.64963
TNPO1	3	0.0098535	0.02608	0.293817	102	3	-0.5219	0.99015	0.99019	0.999995	998	0	-0.5219
FAM50A	4	0.0099505	0.032737	0.331589	103	3	-0.81207	0.92397	0.92398	0.999995	918	0	-0.81207
MTHFD1	4	0.010002	0.032877	0.331589	104	4	-0.48217	0.99	0.99004	0.999995	997	0	-0.48217
SNRPB	4	0.0108	0.03542	0.353867	105	3	-0.54701	0.24606	0.24515	0.98744	261	0	-0.54701
SF1	4	0.011157	0.036636	0.362589	106	3	-0.65427	0.79803	0.79948	0.999995	802	0	-0.65427
NCBP2	4	0.011683	0.03829	0.367618	107	1	-0.13135	0.40361	0.40173	0.999995	420	0	-0.13135
CDK2	4	0.011732	0.038468	0.367618	108	3	-0.98264	0.92505	0.9251	0.999995	920	0	-0.98264
POLR2A	4	0.011737	0.038477	0.367618	109	4	-0.40965	0.98826	0.98832	0.999995	995	0	-0.40965
RPL13	3	0.011779	0.03096	0.327165	110	3	-0.75265	0.98822	0.98825	0.999995	994	0	-0.75265
VMP1	4	0.011839	0.038767	0.367618	111	3	-0.74705	0.96903	0.96932	0.999995	972	0	-0.74705
SF3B2	4	0.011871	0.038879	0.367618	112	3	-0.57583	0.93003	0.93014	0.999995	925	0	-0.57583
RPL19	4	0.012346	0.040319	0.374544	113	2	-0.6379	0.50697	0.50586	0.999995	512	0	-0.6379
NAPA	4	0.013355	0.043302	0.398752	114	4	-0.41751	0.98665	0.98676	0.999995	991	0	-0.41751
POLR2B	4	0.014342	0.046293	0.422627	115	3	-0.66372	0.15568	0.15571	0.98744	163	1	-0.66372
RBM22	4	0.014972	0.04821	0.436363	116	4	-0.56292	0.98503	0.98529	0.999995	990	0	-0.56292
RPS8	3	0.015252	0.039553	0.370674	117	2	-0.76295	0.90642	0.90606	0.999995	906	0	-0.76295
EIF3J	4	0.015709	0.050454	0.452802	118	3	-0.72636	0.65926	0.65859	0.999995	662	0	-0.72636
RPL8	4	0.016953	0.054175	0.472413	119	3	-0.70959	0.70566	0.70484	0.999995	702	0	-0.70959
SOD1	4	0.017144	0.054727	0.472413	120	3	-0.48375	0.88141	0.8818	0.999995	879	0	-0.48375
INTS2	4	0.017254	0.055016	0.472413	121	3	-0.53609	0.93378	0.93382	0.999995	931	0	-0.53609
SOX9	4	0.017352	0.055316	0.472413	122	4	-0.27412	0.98265	0.98255	0.999995	989	0	-0.27412
WASL	4	0.017565	0.055877	0.473386	123	3	-0.46312	0.61313	0.61215	0.999995	617	0	-0.46312
PLAU	4	0.018258	0.057737	0.481445	124	3	-0.40751	0.76885	0.76965	0.999995	769	0	-0.40751
SAP30	4	0.019113	0.060299	0.495011	125	3	-0.41423	0.87522	0.87599	0.999995	871	0	-0.41423
UQCRC1	4	0.019267	0.060776	0.495088	126	4	-0.33996	0.98073	0.98073	0.999995	988	0	-0.33996
TACC3	4	0.019806	0.062365	0.504157	127	4	-0.37129	0.98019	0.9803	0.999995	987	0	-0.37129
RPA1	4	0.020256	0.063693	0.507921	128	4	-0.53182	0.97974	0.97974	0.999995	985	0	-0.53182
RPS3	3	0.020372	0.052389	0.46622	129	2	-0.95649	0.436	0.43446	0.999995	445	0	-0.95649
IQCA1	4	0.020509	0.064459	0.507921	130	4	-0.42874	0.97949	0.97947	0.999995	984	0	-0.42874
ARID1A	4	0.020519	0.064506	0.507921	131	3	-0.47215	0.67368	0.67281	0.999995	673	0	-0.47215
XAB2	4	0.020594	0.064749	0.507921	132	3	-0.70599	0.90242	0.90247	0.999995	899	0	-0.70599
RPL14	3	0.02132	0.054624	0.472413	133	2	-1.154	0.67901	0.67892	0.999995	679	0	-1.154
ANAPC4	4	0.021546	0.067638	0.526682	134	4	-0.34406	0.97845	0.97853	0.999995	983	0	-0.34406
LDB1	8	0.022167	0.087412	0.621271	135	6	-0.32787	0.99359	0.99365	0.999995	1009	0	-0.32787
RFC2	4	0.022182	0.069396	0.536424	136	2	-0.64525	0.18505	0.18566	0.98744	195	0	-0.64525
PTTG1	3	0.02242	0.057027	0.479294	137	3	-0.37824	0.97758	0.97716	0.999995	981	0	-0.37824
RBBP4	3	0.02319	0.058756	0.486115	138	3	-0.92376	0.95616	0.95568	0.999995	960	0	-0.92376
CDS2	4	0.023767	0.074108	0.568697	139	3	-0.65686	0.28552	0.28393	0.993657	299	0	-0.65686
PFAS	4	0.0241	0.075146	0.572512	140	2	-0.42646	0.6829	0.68196	0.999995	682	0	-0.42646
PSMB8	4	0.026335	0.079876	0.60317	141	3	-0.32272	0.64695	0.6465	0.999995	652	0	-0.32272
DDX5	4	0.026938	0.081092	0.60317	142	3	-0.56699	0.78765	0.78848	0.999995	793	0	-0.56699
RAN	4	0.026957	0.08112	0.60317	143	3	-0.60334	0.83162	0.83362	0.999995	833	0	-0.60334
MAT2A	4	0.027281	0.081774	0.60317	144	3	-0.5259	0.96719	0.96752	0.999995	971	0	-0.5259
ATR	4	0.027408	0.082017	0.60317	145	3	-0.44386	0.72576	0.7255	0.999995	725	0	-0.44386
NMT1	4	0.028046	0.083345	0.604537	146	3	-0.33773	0.97093	0.97111	0.999995	973	0	-0.33773
GDI2	8	0.028923	0.10921	0.688353	147	6	-0.35244	0.19581	0.20006	0.98744	205	1	-0.35244
XYLT2	4	0.02935	0.085972	0.619351	148	3	-0.44243	0.91533	0.91529	0.999995	914	0	-0.44243
CDK7	4	0.02992	0.087094	0.621271	149	3	-0.55638	0.9569	0.95748	0.999995	961	0	-0.55638
TOMM40	7	0.030046	0.10579	0.685976	150	4	-0.31163	0.60868	0.61013	0.999995	609	0	-0.31163
NAA15	4	0.030886	0.089142	0.625172	151	3	-0.71897	0.91204	0.91217	0.999995	913	0	-0.71897
RRM2B	8	0.030951	0.11543	0.710713	152	5	-0.28559	0.62962	0.62871	0.999995	638	0	-0.28559
MRPL41	4	0.031277	0.089946	0.626661	153	3	-0.53833	0.95591	0.95651	0.999995	958	0	-0.53833
ILF3	4	0.032269	0.091928	0.636284	154	3	-0.66418	0.88773	0.88778	0.999995	883	0	-0.66418
AKIRIN1	4	0.033383	0.093985	0.642766	155	3	-0.57276	0.88534	0.88533	0.999995	880	0	-0.57276
HMGCS1	3	0.03386	0.082672	0.60379	156	3	-0.58954	0.96614	0.96564	0.999995	970	0	-0.58954
RING1	4	0.033896	0.095022	0.645056	157	3	-0.34957	0.22612	0.22575	0.98744	239	0	-0.34957
COX4I2	4	0.035361	0.097603	0.658353	158	3	-0.37636	0.90389	0.90387	0.999995	902	0	-0.37636
PFN1	4	0.035893	0.098678	0.661392	159	2	-0.36898	0.19307	0.19347	0.98744	201	0	-0.36898
RPS11	3	0.036196	0.088113	0.622079	160	3	-0.75059	0.9638	0.96344	0.999995	969	0	-0.75059
TTC7A	8	0.036437	0.13178	0.754375	161	6	-0.35131	0.98735	0.9875	0.999995	993	0	-0.35131
BZW2	4	0.036538	0.10012	0.666822	162	3	-0.43107	0.94689	0.94688	0.999995	944	0	-0.43107
RPL11	3	0.038718	0.094078	0.642766	163	3	-0.69495	0.96128	0.96094	0.999995	965	0	-0.69495
CDK5R2	4	0.038851	0.10472	0.685976	164	3	-0.31578	0.96357	0.96399	0.999995	968	0	-0.31578
CKAP5	8	0.040003	0.14257	0.794659	165	4	-0.33648	0.97979	0.98	0.999995	986	0	-0.33648
SPAG9	4	0.040327	0.10755	0.686121	166	3	-0.34351	0.32411	0.32253	0.993657	342	0	-0.34351
G3BP2	4	0.041252	0.10935	0.688353	167	3	-0.9033	0.94803	0.9482	0.999995	949	0	-0.9033
PRPF38A	4	0.041485	0.10985	0.688353	168	3	-0.53727	0.053796	0.058625	0.977982	60	1	-0.53727
ACTL6A	4	0.042131	0.11105	0.691477	169	2	-0.60894	0.7676	0.76847	0.999995	767	0	-0.60894
TOB1	4	0.042426	0.11165	0.691477	170	3	-0.46706	0.6491	0.64841	0.999995	653	0	-0.46706
TBC1D28	3	0.044195	0.10713	0.686121	171	3	-0.20876	0.95581	0.95537	0.999995	957	0	-0.20876
PDS5A	4	0.045517	0.1178	0.71694	172	3	-0.5102	0.26562	0.26458	0.993657	280	0	-0.5102
CFL1	4	0.047071	0.12108	0.732702	173	3	-0.45484	0.79375	0.79505	0.999995	799	0	-0.45484
TRRAP	4	0.047577	0.12178	0.732758	174	3	-0.67545	0.92135	0.92121	0.999995	917	0	-0.67545
SNAPC4	4	0.048471	0.12343	0.738463	175	3	-0.49695	0.72683	0.72652	0.999995	727	0	-0.49695
TLN1	4	0.049244	0.12502	0.740058	176	3	-0.344	0.90373	0.9037	0.999995	901	0	-0.344
TUBB2A	4	0.049285	0.12509	0.740058	177	2	-0.22094	0.381	0.37986	0.999995	397	0	-0.22094
NAA11	4	0.050551	0.12738	0.749422	178	3	-0.45757	0.97229	0.97241	0.999995	975	0	-0.45757
UTP14A	4	0.051481	0.12885	0.75387	179	3	-0.41354	0.47124	0.47063	0.999995	482	0	-0.41354
GFM1	4	0.052414	0.13063	0.754375	180	3	-0.4829	0.17535	0.17548	0.98744	182	0	-0.4829
BUB1B	4	0.05262	0.13107	0.754375	181	2	-0.35973	0.8389	0.84074	0.999995	838	0	-0.35973
AFG3L2	3	0.055415	0.13176	0.754375	182	3	-0.39557	0.94459	0.94399	0.999995	941	0	-0.39557
TAMM41	4	0.056967	0.13914	0.787976	183	3	-0.44129	0.44153	0.44087	0.999995	451	0	-0.44129
DGKZ	3	0.057907	0.13708	0.780448	184	3	-0.5809	0.94209	0.94149	0.999995	938	0	-0.5809
MED23	4	0.058249	0.14157	0.794659	185	3	-0.57244	0.93317	0.93327	0.999995	930	0	-0.57244
WDR12	4	0.058466	0.14201	0.794659	186	3	-0.48756	0.77597	0.77695	0.999995	775	0	-0.48756
RPL18A	2	0.05986	0.10511	0.685976	187	2	-1.0851	0.91053	0.91041	0.999995	911	0	-1.0851
RPL37A	2	0.060315	0.10587	0.685976	188	1	-0.85652	0.84371	0.84289	0.999995	845	0	-0.85652
RPL31	2	0.06055	0.10623	0.685976	189	2	-0.6184	0.93945	0.93948	0.999995	936	0	-0.6184
UTP14C	4	0.06098	0.14647	0.809483	190	1	0.031309	0.031996	0.039029	0.977982	35	1	0.031309
VCP	4	0.061118	0.14676	0.809483	191	3	-0.44912	0.85096	0.85262	0.999995	849	0	-0.44912
ATP7A	4	0.062095	0.14844	0.812825	192	2	-0.47876	0.94741	0.94745	0.999995	947	0	-0.47876
CNOT7	4	0.06234	0.1489	0.812825	193	2	-0.39436	0.90356	0.90358	0.999995	900	0	-0.39436
ULK1	4	0.064066	0.15204	0.82398	194	2	-0.31709	0.72039	0.71975	0.999995	719	0	-0.31709
RPS23	2	0.066947	0.11683	0.715189	195	2	-0.69273	0.93305	0.93318	0.999995	929	0	-0.69273
PMPCB	4	0.067233	0.15753	0.83624	196	1	-0.29596	0.82889	0.83077	0.999995	829	0	-0.29596
IPO7	3	0.067428	0.1525	0.82398	197	2	-0.63476	0.82409	0.82425	0.999995	828	0	-0.63476
MTMR4	4	0.067855	0.15872	0.83624	198	3	-0.3446	0.059188	0.063571	0.977982	67	1	-0.3446
EIF4A3	4	0.070393	0.1635	0.856338	199	3	-0.64937	0.83747	0.83916	0.999995	837	0	-0.64937
ACTL6B	4	0.070792	0.16415	0.856338	200	1	-0.17276	0.22379	0.22331	0.98744	237	0	-0.17276
PKM	3	0.071422	0.15753	0.83624	201	2	-0.76414	0.53484	0.53326	0.999995	537	0	-0.76414
ADSS	3	0.072454	0.15869	0.83624	202	1	-0.043725	0.59309	0.59225	0.999995	589	0	-0.043725
MANF	4	0.072568	0.16735	0.868739	203	2	-0.44481	0.83014	0.83216	0.999995	832	0	-0.44481
PPP2R1A	4	0.073315	0.16875	0.871746	204	3	-0.30457	0.70977	0.7091	0.999995	707	0	-0.30457
SAMD9	4	0.074341	0.17038	0.875877	205	1	-0.22828	0.4385	0.43768	0.999995	450	0	-0.22828
YIF1A	4	0.07668	0.17481	0.894318	206	3	-0.42591	0.90027	0.90054	0.999995	896	0	-0.42591
CRK	4	0.078554	0.178	0.901914	207	2	-0.37588	0.85231	0.85392	0.999995	852	0	-0.37588
MED8	4	0.079711	0.18005	0.903947	208	3	-0.34971	0.9063	0.90616	0.999995	905	0	-0.34971
BRD8	4	0.080447	0.18124	0.903947	209	2	-0.3819	0.90127	0.90142	0.999995	898	0	-0.3819
MRPL55	4	0.081264	0.18258	0.903947	210	3	-0.23449	0.45177	0.45112	0.999995	464	0	-0.23449
LIN28B	4	0.081797	0.18349	0.903947	211	3	-0.40834	0.9241	0.92412	0.999995	919	0	-0.40834
MDM4	4	0.082083	0.18393	0.903947	212	3	-0.44241	0.95743	0.95804	0.999995	963	0	-0.44241
CPSF3	4	0.082323	0.18437	0.903947	213	3	-0.52555	0.97385	0.97399	0.999995	977	0	-0.52555
FDPS	4	0.085394	0.18997	0.927066	214	3	-0.40533	0.35031	0.34908	0.996189	370	0	-0.40533
MYL7	4	0.086061	0.19127	0.929172	215	3	-0.3457	0.97203	0.97207	0.999995	974	0	-0.3457
SNRPD2	3	0.086446	0.17712	0.901776	216	2	-0.31565	0.7868	0.78778	0.999995	790	0	-0.31565
IMPDH1	4	0.086603	0.19222	0.929495	217	3	-0.36349	0.35099	0.34986	0.996189	371	0	-0.36349
SPOP	4	0.08791	0.19464	0.935599	218	2	-0.3756	0.35234	0.35107	0.996189	373	0	-0.3756
RIC8B	4	0.08824	0.19525	0.935599	219	3	-0.40077	0.62586	0.62519	0.999995	632	0	-0.40077
BRSK1	4	0.088755	0.19634	0.936602	220	2	-0.2271	0.10841	0.10999	0.98744	115	1	-0.2271
HASPIN	4	0.089342	0.19739	0.937375	221	3	-0.46926	0.58329	0.58299	0.999995	580	0	-0.46926
TUBB	3	0.090057	0.18186	0.903947	222	2	-0.60069	0.20125	0.20062	0.98744	213	0	-0.60069
HNRNPK	4	0.091024	0.20025	0.946716	223	2	-0.41594	0.46246	0.46199	0.999995	475	0	-0.41594
RPS15	2	0.091442	0.15604	0.83624	224	2	-0.63207	0.90856	0.90857	0.999995	908	0	-0.63207
YIPF7	4	0.093071	0.20366	0.95857	225	3	-0.30434	0.30716	0.30519	0.993657	324	0	-0.30434
SAMD4B	4	0.093827	0.20512	0.961163	226	3	-0.30247	0.80473	0.80637	0.999995	813	0	-0.30247
RGS19	4	0.097273	0.21156	0.98698	227	3	-0.35067	0.76697	0.76768	0.999995	766	0	-0.35067
XRCC4	4	0.1002	0.21705	0.999995	228	3	-0.34301	0.83529	0.83701	0.999995	836	0	-0.34301
SKA1	4	0.10031	0.21729	0.999995	229	2	-0.33047	0.12806	0.12878	0.98744	134	1	-0.33047
ARID4A	4	0.10119	0.2188	0.999995	230	3	-0.37264	0.94038	0.94025	0.999995	937	0	-0.37264
TOP1MT	4	0.10209	0.22024	0.999995	231	2	-0.34342	0.89362	0.89401	0.999995	888	0	-0.34342
UNC119	4	0.10328	0.22243	0.999995	232	2	-0.43978	0.89483	0.89509	0.999995	891	0	-0.43978
TBP	4	0.1041	0.22363	0.999995	233	3	-0.32021	0.96286	0.96327	0.999995	967	0	-0.32021
GSTP1	4	0.10458	0.22433	0.999995	234	3	-0.21376	0.60243	0.60184	0.999995	602	0	-0.21376
RAMP2	4	0.10539	0.22579	0.999995	235	3	-0.37431	0.64609	0.64561	0.999995	650	0	-0.37431
EIF3B	4	0.10582	0.22643	0.999995	236	2	-0.34155	0.70865	0.70789	0.999995	705	0	-0.34155
PRDM16	4	0.10641	0.22746	0.999995	237	3	-0.26213	0.73903	0.73871	0.999995	735	0	-0.26213
CAP2	4	0.10804	0.23008	0.999995	238	3	-0.35433	0.12636	0.12725	0.98744	132	1	-0.35433
RPA3	4	0.10825	0.23053	0.999995	239	3	-0.49392	0.26636	0.26524	0.993657	281	0	-0.49392
RNF20	4	0.10907	0.23193	0.999995	240	3	-0.30316	0.25814	0.25705	0.989865	275	0	-0.30316
CYP26C1	4	0.1099	0.23322	0.999995	241	3	-0.2699	0.054696	0.059467	0.977982	61	1	-0.2699
PSMC3	4	0.11099	0.23518	0.999995	242	2	-0.3122	0.61725	0.61614	0.999995	623	0	-0.3122
IRF4	4	0.11146	0.23601	0.999995	243	3	-0.39242	0.17128	0.17144	0.98744	177	0	-0.39242
ATP5F1A	4	0.11345	0.23943	0.999995	244	3	-0.2962	0.3564	0.35496	0.996189	377	0	-0.2962
COPG2	4	0.11517	0.24246	0.999995	245	2	-0.30855	0.80802	0.81009	0.999995	816	0	-0.30855
CAND2	4	0.11704	0.24544	0.999995	246	3	-0.37135	0.09716	0.098678	0.983843	106	1	-0.37135
GATAD2A	4	0.11829	0.24771	0.999995	247	2	-0.3099	0.18021	0.18025	0.98744	188	0	-0.3099
KRT25	4	0.11837	0.24784	0.999995	248	3	-0.35605	0.42374	0.42285	0.999995	436	0	-0.35605
ADAP1	4	0.11924	0.24943	0.999995	249	3	-0.36724	0.17372	0.17405	0.98744	180	0	-0.36724
LSM14B	4	0.11967	0.25019	0.999995	250	3	-0.29611	0.49975	0.49852	0.999995	505	0	-0.29611
SPTLC2	4	0.12041	0.25151	0.999995	251	1	-0.11722	0.79888	0.80011	0.999995	804	0	-0.11722
PUM2	4	0.12076	0.25214	0.999995	252	3	-0.3234	0.95102	0.95136	0.999995	952	0	-0.3234
MTUS2	4	0.12251	0.25545	0.999995	253	3	-0.19517	0.26039	0.25923	0.993657	276	0	-0.19517
COPS7A	4	0.1234	0.25688	0.999995	254	3	-0.28972	0.86694	0.86769	0.999995	866	0	-0.28972
FKBP9	4	0.12495	0.25935	0.999995	255	2	-0.20956	0.21991	0.21943	0.98744	234	0	-0.20956
LGALS9	4	0.12527	0.26	0.999995	256	2	-0.28964	0.77505	0.77599	0.999995	774	0	-0.28964
MTMR3	4	0.12607	0.2612	0.999995	257	3	-0.25821	0.9085	0.90867	0.999995	907	0	-0.25821
ABCA3	4	0.12784	0.26411	0.999995	258	3	-0.26582	0.90405	0.90401	0.999995	903	0	-0.26582
COX6B2	4	0.12848	0.26526	0.999995	259	2	-0.1958	0.16391	0.16391	0.98744	171	0	-0.1958
PUM1	4	0.12913	0.26641	0.999995	260	2	-0.30746	0.68448	0.68351	0.999995	683	0	-0.30746
TMEM30B	4	0.13104	0.26925	0.999995	261	3	-0.33472	0.36912	0.36803	0.999995	385	0	-0.33472
TOB2	4	0.13173	0.27041	0.999995	262	2	-0.35961	0.82914	0.83096	0.999995	830	0	-0.35961
GXYLT2	4	0.13434	0.27473	0.999995	263	2	-0.33905	0.6422	0.64122	0.999995	646	0	-0.33905
CDK17	4	0.13496	0.27561	0.999995	264	3	-0.36384	0.93536	0.93559	0.999995	932	0	-0.36384
DENND5A	4	0.13683	0.27866	0.999995	265	3	-0.28123	0.85585	0.85737	0.999995	855	0	-0.28123
XPO7	4	0.13764	0.27982	0.999995	266	2	-0.42697	0.54086	0.54004	0.999995	544	0	-0.42697
RNF144B	4	0.13777	0.28004	0.999995	267	3	-0.30795	0.76823	0.76902	0.999995	768	0	-0.30795
GRHL3	4	0.13847	0.281	0.999995	268	3	-0.27094	0.45117	0.45045	0.999995	463	0	-0.27094
STT3A	4	0.14013	0.28383	0.999995	269	3	-0.32969	0.56548	0.56563	0.999995	565	0	-0.32969
AP1G1	4	0.14156	0.28638	0.999995	270	3	-0.30338	0.48736	0.48624	0.999995	497	0	-0.30338
USP5	4	0.14296	0.28868	0.999995	271	2	-0.21395	0.44818	0.44768	0.999995	458	0	-0.21395
ATP6V1B1	4	0.14323	0.28922	0.999995	272	3	-0.31147	0.86254	0.86368	0.999995	859	0	-0.31147
COX4I1	4	0.14371	0.29005	0.999995	273	3	-0.29384	0.89707	0.89728	0.999995	894	0	-0.29384
RCBTB1	4	0.14404	0.29051	0.999995	274	1	-0.038351	0.28406	0.28251	0.993657	297	0	-0.038351
AP2A1	4	0.14516	0.29214	0.999995	275	3	-0.24788	0.38165	0.38054	0.999995	398	0	-0.24788
EIF3L	4	0.1454	0.2925	0.999995	276	3	-0.22414	0.8142	0.81659	0.999995	823	0	-0.22414
SMARCA2	4	0.14564	0.29295	0.999995	277	3	-0.28809	0.14987	0.14996	0.98744	159	1	-0.28809
PLXDC1	8	0.14766	0.36514	0.999995	278	5	-0.275	0.82997	0.82954	0.999995	831	0	-0.275
RSBN1L	4	0.15152	0.30227	0.999995	279	3	-0.48597	0.84801	0.85	0.999995	848	0	-0.48597
NMT2	4	0.15201	0.30308	0.999995	280	3	-0.28947	0.46187	0.46125	0.999995	474	0	-0.28947
PHLDA2	4	0.15425	0.30629	0.999995	281	3	-0.19294	0.96206	0.96247	0.999995	966	0	-0.19294
POLR2F	4	0.15725	0.31103	0.999995	282	2	-0.24452	0.71676	0.71604	0.999995	713	0	-0.24452
FKBP5	4	0.15727	0.31107	0.999995	283	3	-0.2617	0.7577	0.75773	0.999995	758	0	-0.2617
SAR1A	8	0.15776	0.3826	0.999995	284	3	-0.21199	0.30643	0.30593	0.993657	322	0	-0.21199
DUSP10	4	0.15803	0.31227	0.999995	285	3	-0.20359	0.93773	0.93754	0.999995	935	0	-0.20359
ARFIP2	4	0.15879	0.31337	0.999995	286	3	-0.27601	0.85253	0.85415	0.999995	853	0	-0.27601
INCENP	4	0.15898	0.31367	0.999995	287	2	-0.21613	0.52172	0.52085	0.999995	530	0	-0.21613
RBBP7	4	0.15929	0.31415	0.999995	288	3	-0.36547	0.78882	0.78968	0.999995	795	0	-0.36547
UNC45A	4	0.15967	0.31484	0.999995	289	2	-0.33087	0.52118	0.52034	0.999995	529	0	-0.33087
TCF4	4	0.16262	0.31973	0.999995	290	3	-0.204	0.30072	0.29875	0.993657	317	0	-0.204
SNRPN	4	0.16287	0.32027	0.999995	291	3	-0.26788	0.89449	0.89481	0.999995	890	0	-0.26788
NHLRC1	4	0.16391	0.32205	0.999995	292	1	-0.14435	0.12975	0.13042	0.98744	136	1	-0.14435
HPS1	4	0.16416	0.32248	0.999995	293	3	-0.2307	0.88007	0.88049	0.999995	878	0	-0.2307
DMD	4	0.1642	0.32254	0.999995	294	2	-0.27097	0.73071	0.73042	0.999995	731	0	-0.27097
ELL2	4	0.16468	0.32328	0.999995	295	3	-0.23061	0.50531	0.50418	0.999995	511	0	-0.23061
RHOBTB2	4	0.16545	0.32456	0.999995	296	3	-0.27296	0.23767	0.23707	0.98744	252	0	-0.27296
ADSSL1	4	0.16727	0.32742	0.999995	297	3	-0.26515	0.61542	0.61426	0.999995	619	0	-0.26515
SBF1	4	0.16832	0.32912	0.999995	298	3	-0.20582	0.77749	0.77848	0.999995	777	0	-0.20582
NUTF2	4	0.16883	0.32996	0.999995	299	2	-0.38904	0.86528	0.86614	0.999995	862	0	-0.38904
GSX1	4	0.16963	0.33161	0.999995	300	3	-0.27797	0.14904	0.14916	0.98744	158	1	-0.27797
SNRPB2	3	0.17109	0.28221	0.999995	301	2	-0.38667	0.4136	0.41173	0.999995	428	0	-0.38667
RSBN1	4	0.17196	0.33523	0.999995	302	2	-0.26514	0.94489	0.94485	0.999995	942	0	-0.26514
NSG2	4	0.17291	0.33706	0.999995	303	1	-0.0088037	0.4225	0.4215	0.999995	434	0	-0.0088037
CLDN4	4	0.17374	0.33826	0.999995	304	2	-0.14895	0.31071	0.30891	0.993657	329	0	-0.14895
CCNE2	4	0.17517	0.33952	0.999995	305	2	-0.24814	0.51357	0.51245	0.999995	519	0	-0.24814
ATP5F1B	4	0.17552	0.33984	0.999995	306	2	-0.2657	0.95122	0.95157	0.999995	953	0	-0.2657
TSTD1	4	0.17697	0.34115	0.999995	307	1	-0.080547	0.011683	0.020816	0.977982	17	1	-0.080547
SEC23A	4	0.17839	0.34267	0.999995	308	2	-0.23866	0.7781	0.7792	0.999995	778	0	-0.23866
LSM4	4	0.18425	0.34869	0.999995	309	2	-0.17315	0.21287	0.21223	0.98744	225	0	-0.17315
ACACA	4	0.18452	0.34893	0.999995	310	2	-0.35098	0.19227	0.19257	0.98744	200	0	-0.35098
KPNA2	3	0.1852	0.29983	0.999995	311	2	-0.31127	0.90555	0.90505	0.999995	904	0	-0.31127
PLD2	4	0.18561	0.35006	0.999995	312	2	-0.28147	0.7	0.69961	0.999995	697	0	-0.28147
RIMKLB	3	0.19	0.30577	0.999995	313	2	-0.21943	0.048138	0.049304	0.977982	53	1	-0.21943
VPS37A	4	0.19147	0.3552	0.999995	314	1	-0.084373	0.72219	0.72162	0.999995	720	0	-0.084373
MTX1	3	0.19398	0.31039	0.999995	315	2	-0.26066	0.21631	0.21582	0.98744	228	0	-0.26066
ZNF34	4	0.19476	0.35821	0.999995	316	2	-0.12102	0.44697	0.44643	0.999995	456	0	-0.12102
TPST1	4	0.19697	0.36036	0.999995	317	2	-0.24687	0.33731	0.33579	0.995906	357	0	-0.24687
DDI2	4	0.19786	0.36103	0.999995	318	2	-0.24949	0.067233	0.07091	0.977982	76	1	-0.24949
HMG20B	4	0.19956	0.36259	0.999995	319	2	-0.286	0.95093	0.95128	0.999995	951	0	-0.286
FOXB1	4	0.20514	0.36801	0.999995	320	2	-0.049914	0.15815	0.15791	0.98744	165	1	-0.049914
CALY	4	0.20889	0.37139	0.999995	321	2	-0.16252	0.4017	0.39975	0.999995	417	0	-0.16252
ATP6V1D	4	0.20894	0.37144	0.999995	322	2	-0.35217	0.72002	0.7194	0.999995	718	0	-0.35217
FANCF	4	0.21051	0.37303	0.999995	323	2	-0.37007	0.87737	0.87811	0.999995	875	0	-0.37007
HRAS	4	0.21444	0.37672	0.999995	324	1	-0.14351	0.93067	0.93082	0.999995	926	0	-0.14351
ABCC3	4	0.21605	0.37825	0.999995	325	2	-0.2204	0.81579	0.81803	0.999995	825	0	-0.2204
HNRNPH1	4	0.21757	0.37976	0.999995	326	1	-0.14917	0.57247	0.57286	0.999995	574	0	-0.14917
EP300	4	0.21871	0.38095	0.999995	327	2	-0.26036	0.6029	0.60231	0.999995	603	0	-0.26036
RPL17	3	0.2214	0.34315	0.999995	328	2	-0.32111	0.42633	0.42477	0.999995	438	0	-0.32111
CLTA	4	0.22213	0.38396	0.999995	329	2	-0.1879	0.24985	0.24908	0.98744	266	0	-0.1879
WAS	4	0.22328	0.38496	0.999995	330	2	-0.15026	0.69656	0.69596	0.999995	693	0	-0.15026
SLC22A8	4	0.22404	0.38557	0.999995	331	2	-0.28656	0.86486	0.8658	0.999995	861	0	-0.28656
L3MBTL2	4	0.22481	0.38622	0.999995	332	2	-0.26556	0.87815	0.87881	0.999995	876	0	-0.26556
TAP1	4	0.2269	0.38845	0.999995	333	1	-0.11282	0.029244	0.036411	0.977982	31	1	-0.11282
ERBB3	8	0.22931	0.47404	0.999995	334	3	-0.068209	0.18331	0.18948	0.98744	192	1	-0.068209
ZMAT2	4	0.22999	0.39117	0.999995	335	1	-0.056612	0.3428	0.34154	0.995906	362	0	-0.056612
EZH2	4	0.23095	0.39213	0.999995	336	2	-0.27794	0.947	0.94699	0.999995	945	0	-0.27794
SLC25A28	4	0.23287	0.394	0.999995	337	2	-0.21055	0.74515	0.7447	0.999995	742	0	-0.21055
COQ10A	4	0.23481	0.39597	0.999995	338	2	-0.30438	0.95436	0.95488	0.999995	956	0	-0.30438
GPSM1	4	0.24073	0.40137	0.999995	339	2	-0.085322	0.11271	0.11404	0.98744	120	1	-0.085322
MED31	4	0.24454	0.40505	0.999995	340	2	-0.21697	0.84756	0.84957	0.999995	847	0	-0.21697
CASP4	4	0.24491	0.40542	0.999995	341	2	-0.23301	0.052895	0.057784	0.977982	59	1	-0.23301
TPST2	4	0.2453	0.40567	0.999995	342	2	-0.1156	0.28843	0.28676	0.993657	303	0	-0.1156
KLF4	4	0.24569	0.40595	0.999995	343	2	-0.21128	0.75867	0.75885	0.999995	759	0	-0.21128
MBD4	8	0.24594	0.49442	0.999995	344	3	-0.052273	0.51201	0.51071	0.999995	517	0	-0.052273
COPG1	4	0.2491	0.40912	0.999995	345	1	-0.074998	0.1015	0.10318	0.984435	111	1	-0.074998
BICD1	4	0.25363	0.41328	0.999995	346	2	-0.33367	0.94316	0.94294	0.999995	939	0	-0.33367
RPL21	2	0.25513	0.32036	0.999995	347	1	-0.19716	0.21656	0.21653	0.98744	229	0	-0.19716
INTS6L	4	0.2555	0.41508	0.999995	348	2	-0.27512	0.55124	0.55045	0.999995	552	0	-0.27512
COX6B1	8	0.25681	0.50769	0.999995	349	4	-0.15772	0.030562	0.054792	0.977982	33	1	-0.15772
RALGPS2	4	0.25826	0.41745	0.999995	350	2	-0.25824	0.83986	0.84169	0.999995	841	0	-0.25824
ATP6V1E2	4	0.25944	0.41853	0.999995	351	2	-0.29572	0.69348	0.69299	0.999995	688	0	-0.29572
CRKL	4	0.26301	0.42192	0.999995	352	2	-0.17713	0.6559	0.65511	0.999995	658	0	-0.17713
RANBP9	4	0.2642	0.42319	0.999995	353	2	-0.098848	0.14153	0.14209	0.98744	150	1	-0.098848
DDX39B	4	0.26487	0.42384	0.999995	354	1	-0.19731	0.80693	0.80874	0.999995	815	0	-0.19731
MRPL27	4	0.26636	0.42514	0.999995	355	1	-0.18602	0.93656	0.93655	0.999995	934	0	-0.18602
QSOX1	4	0.26817	0.42681	0.999995	356	2	-0.28877	0.66467	0.66376	0.999995	666	0	-0.28877
SHMT2	4	0.26859	0.4272	0.999995	357	2	-0.23766	0.87679	0.87754	0.999995	874	0	-0.23766
PTF1A	4	0.26897	0.4275	0.999995	358	2	-0.30157	0.84269	0.84462	0.999995	843	0	-0.30157
TPBGL	4	0.27008	0.42857	0.999995	359	2	-0.14789	0.74716	0.74672	0.999995	745	0	-0.14789
RNF103	4	0.27156	0.42991	0.999995	360	1	0.011715	0.34691	0.34574	0.996189	366	0	0.011715
PSMB6	4	0.27295	0.43125	0.999995	361	2	-0.3288	0.2323	0.23175	0.98744	246	0	-0.3288
FRS2	4	0.27304	0.43131	0.999995	362	1	-0.21617	0.70529	0.70452	0.999995	701	0	-0.21617
MCPH1	4	0.27375	0.43209	0.999995	363	2	-0.30646	0.48107	0.48009	0.999995	491	0	-0.30646
NSG1	4	0.27495	0.43325	0.999995	364	2	-0.17275	0.86879	0.86945	0.999995	867	0	-0.17275
EEFSEC	4	0.27673	0.43481	0.999995	365	2	-0.18424	0.81019	0.81233	0.999995	819	0	-0.18424
LMBR1	4	0.27776	0.43584	0.999995	366	2	-0.15672	0.27304	0.27171	0.993657	286	0	-0.15672
ABCG2	4	0.28056	0.43835	0.999995	367	2	-0.10474	0.10927	0.11067	0.98744	116	1	-0.10474
CTSZ	4	0.28177	0.43935	0.999995	368	2	-0.24408	0.92822	0.92826	0.999995	921	0	-0.24408
NUMB	4	0.28217	0.43969	0.999995	369	2	-0.14293	0.51411	0.51313	0.999995	520	0	-0.14293
SIN3B	4	0.2826	0.44009	0.999995	370	2	-0.20213	0.60054	0.60009	0.999995	598	0	-0.20213
TMEM120A	4	0.28698	0.44401	0.999995	371	2	-0.23327	0.6281	0.62734	0.999995	636	0	-0.23327
RHOT2	4	0.28771	0.4448	0.999995	372	2	-0.23266	0.87581	0.87661	0.999995	873	0	-0.23266
TIMP2	4	0.28942	0.44642	0.999995	373	2	-0.25684	0.887	0.88701	0.999995	882	0	-0.25684
SEPHS1	3	0.28951	0.42336	0.999995	374	2	-0.31145	0.9322	0.93148	0.999995	928	0	-0.31145
TIMM23	4	0.29134	0.44801	0.999995	375	1	-0.14158	0.83211	0.8341	0.999995	834	0	-0.14158
SNX2	4	0.29279	0.4493	0.999995	376	1	-0.11977	0.50198	0.50085	0.999995	507	0	-0.11977
NCOR2	4	0.29423	0.45082	0.999995	377	2	-0.17043	0.22999	0.22957	0.98744	244	0	-0.17043
GLT6D1	4	0.29589	0.45237	0.999995	378	2	-0.36653	0.6409	0.63994	0.999995	645	0	-0.36653
MORF4L1	3	0.29729	0.43222	0.999995	379	2	-0.37506	0.59925	0.5987	0.999995	596	0	-0.37506
EGFR	4	0.29995	0.45632	0.999995	380	2	-0.15775	0.41059	0.40917	0.999995	426	0	-0.15775
TAF1	4	0.30072	0.45703	0.999995	381	2	0.0048265	0.010278	0.019274	0.977982	15	2	0.0048265
ATP6V1E1	3	0.30184	0.43756	0.999995	382	2	-0.29403	0.05629	0.057943	0.977982	63	1	-0.29403
PLXDC2	4	0.30198	0.45824	0.999995	383	2	-0.087841	0.394	0.39244	0.999995	409	0	-0.087841
RXFP3	4	0.3032	0.45937	0.999995	384	2	-0.3567	0.094549	0.096079	0.977982	104	1	-0.3567
CDK5R1	4	0.30501	0.46104	0.999995	385	1	-0.15804	0.80883	0.81092	0.999995	818	0	-0.15804
GMPR	4	0.31013	0.46571	0.999995	386	2	-0.27531	0.95725	0.95785	0.999995	962	0	-0.27531
TNPO2	4	0.31071	0.46624	0.999995	387	1	-0.20754	0.9318	0.93179	0.999995	927	0	-0.20754
FAM71A	4	0.31217	0.46768	0.999995	388	2	-0.23218	0.49808	0.49698	0.999995	504	0	-0.23218
CCNT1	4	0.3138	0.46946	0.999995	389	2	-0.17632	0.080526	0.083121	0.977982	87	1	-0.17632
PAX4	4	0.31831	0.4736	0.999995	390	2	-0.23761	0.27451	0.27316	0.993657	288	0	-0.23761
SLC9A3R2	4	0.31954	0.47458	0.999995	391	2	-0.2266	0.62406	0.62325	0.999995	631	0	-0.2266
IDH3G	4	0.31995	0.47493	0.999995	392	2	-0.096656	0.036568	0.043152	0.977982	39	1	-0.096656
ABTB2	4	0.32077	0.47592	0.999995	393	2	-0.20027	0.47762	0.47652	0.999995	489	0	-0.20027
SPATA21	4	0.3213	0.47637	0.999995	394	1	-0.12941	0.56699	0.56721	0.999995	568	0	-0.12941
MED26	4	0.32159	0.47661	0.999995	395	2	-0.26315	0.94595	0.94587	0.999995	943	0	-0.26315
EPC2	4	0.32241	0.47743	0.999995	396	2	-0.28426	0.6122	0.61129	0.999995	615	0	-0.28426
SMARCC2	4	0.32282	0.47788	0.999995	397	2	-0.15825	0.51193	0.51079	0.999995	516	0	-0.15825
CADPS2	4	0.32446	0.47943	0.999995	398	2	-0.13595	0.010752	0.019891	0.977982	16	1	-0.13595
IPO5	4	0.32569	0.48057	0.999995	399	2	-0.2214	0.55586	0.55561	0.999995	555	0	-0.2214
PEF1	4	0.3269	0.48158	0.999995	400	2	-0.21738	0.81474	0.81708	0.999995	824	0	-0.21738
VANGL1	4	0.32857	0.48333	0.999995	401	2	-0.11563	0.093677	0.095303	0.977982	103	1	-0.11563
RBPJ	4	0.33063	0.48556	0.999995	402	2	-0.11952	0.29712	0.29514	0.993657	312	0	-0.11952
IRF6	4	0.33108	0.48598	0.999995	403	2	-0.2236	0.43667	0.43594	0.999995	447	0	-0.2236
TIRAP	4	0.33186	0.4867	0.999995	404	2	-0.087121	0.16473	0.16471	0.98744	172	0	-0.087121
PTPN11	4	0.33247	0.48724	0.999995	405	1	-0.20351	0.75932	0.75947	0.999995	761	0	-0.20351
MEP1B	4	0.33316	0.48815	0.999995	406	1	-0.28697	0.70903	0.7083	0.999995	706	0	-0.28697
RPL27A	2	0.33433	0.37678	0.999995	407	1	-0.28441	0.72672	0.72591	0.999995	726	0	-0.28441
FRS3	4	0.3364	0.49123	0.999995	408	2	-0.22275	0.5939	0.59371	0.999995	591	0	-0.22275
DGAT1	4	0.33937	0.49385	0.999995	409	2	-0.11604	0.48394	0.48311	0.999995	495	0	-0.11604
PDS5B	4	0.34053	0.49485	0.999995	410	2	-0.29935	0.88553	0.8855	0.999995	881	0	-0.29935
FOSL1	3	0.34073	0.48202	0.999995	411	1	-0.13511	0.57025	0.56901	0.999995	572	0	-0.13511
SNTA1	4	0.34094	0.49511	0.999995	412	2	-0.17379	0.06545	0.069265	0.977982	73	1	-0.17379
BZW1	3	0.34193	0.48333	0.999995	413	2	-0.23353	0.68816	0.68855	0.999995	685	0	-0.23353
SLC25A24	4	0.343	0.49724	0.999995	414	2	-0.21587	0.62316	0.62241	0.999995	630	0	-0.21587
RPS28	2	0.34577	0.38583	0.999995	415	1	-0.30561	0.81383	0.81305	0.999995	822	0	-0.30561
DBT	4	0.3459	0.50021	0.999995	416	2	-0.26453	0.50421	0.50307	0.999995	509	0	-0.26453
CHRNB3	4	0.34895	0.50308	0.999995	417	1	-0.083554	0.041124	0.047481	0.977982	45	1	-0.083554
BTBD11	4	0.35087	0.50481	0.999995	418	2	-0.1995	0.57791	0.57792	0.999995	578	0	-0.1995
XYLT1	4	0.3517	0.50555	0.999995	419	2	-0.24354	0.71639	0.71569	0.999995	712	0	-0.24354
ITSN2	4	0.35211	0.5059	0.999995	420	2	-0.26791	0.16227	0.16222	0.98744	169	0	-0.26791
SOS1	4	0.3537	0.50742	0.999995	421	1	-0.048272	0.089309	0.091329	0.977982	98	1	-0.048272
GCM2	4	0.35505	0.50846	0.999995	422	2	-0.29919	0.9299	0.92999	0.999995	924	0	-0.29919
ANKRD37	4	0.35708	0.51046	0.999995	423	1	-0.049859	0.59913	0.5988	0.999995	595	0	-0.049859
PIP4P2	4	0.3575	0.5108	0.999995	424	2	-0.23829	0.31638	0.31472	0.993657	334	0	-0.23829
TMEM9B	4	0.35958	0.51269	0.999995	425	2	-0.17704	0.69617	0.69555	0.999995	692	0	-0.17704
NDE1	4	0.36082	0.51398	0.999995	426	2	-0.29417	0.6761	0.67535	0.999995	675	0	-0.29417
FLNC	4	0.36165	0.51473	0.999995	427	2	-0.16367	0.64307	0.64232	0.999995	647	0	-0.16367
PSEN1	4	0.36248	0.51559	0.999995	428	2	-0.18182	0.31213	0.31048	0.993657	330	0	-0.18182
ALDOC	4	0.3629	0.51607	0.999995	429	2	-0.21164	0.6601	0.65935	0.999995	664	0	-0.21164
GRHL2	4	0.36498	0.51805	0.999995	430	2	-0.27837	0.020955	0.028969	0.977982	23	1	-0.27837
RPL5	4	0.36789	0.52099	0.999995	431	2	-0.31324	0.42498	0.42407	0.999995	437	0	-0.31324
ZMIZ1	4	0.36846	0.5215	0.999995	432	2	-0.15226	0.76061	0.76099	0.999995	762	0	-0.15226
UBASH3B	4	0.36872	0.52179	0.999995	433	2	-0.22467	0.74006	0.7397	0.999995	736	0	-0.22467
DZIP3	4	0.36997	0.52308	0.999995	434	2	-0.15249	0.62899	0.62835	0.999995	637	0	-0.15249
LHFPL5	4	0.37038	0.52353	0.999995	435	2	-0.2961	0.759	0.75919	0.999995	760	0	-0.2961
CRYBB2	4	0.37111	0.52415	0.999995	436	1	-0.05249	0.038393	0.044872	0.977982	42	1	-0.05249
ATP6V1C2	8	0.37173	0.63507	0.999995	437	3	-0.20198	0.92898	0.92877	0.999995	922	0	-0.20198
RRAGC	4	0.37205	0.52503	0.999995	438	2	-0.18631	0.56297	0.56315	0.999995	561	0	-0.18631
IDH3B	4	0.3731	0.52611	0.999995	439	1	0.049819	0.13566	0.13632	0.98744	142	1	0.049819
ARPC5L	4	0.37371	0.52656	0.999995	440	2	-0.24874	0.18425	0.18476	0.98744	194	0	-0.24874
SERPINA11	4	0.37621	0.52867	0.999995	441	2	-0.20244	0.3	0.29798	0.993657	316	0	-0.20244
ISCA2	4	0.37772	0.52993	0.999995	442	1	-0.20495	0.70604	0.70523	0.999995	703	0	-0.20495
RNF10	4	0.37829	0.53053	0.999995	443	2	-0.20004	0.44396	0.44335	0.999995	452	0	-0.20004
ICK	4	0.37996	0.53204	0.999995	444	2	-0.26122	0.78262	0.78374	0.999995	782	0	-0.26122
AHCYL2	4	0.38079	0.53297	0.999995	445	2	-0.25335	0.71051	0.7098	0.999995	708	0	-0.25335
GALNT5	4	0.38454	0.53654	0.999995	446	2	-0.28658	0.79173	0.79285	0.999995	798	0	-0.28658
FEZ1	4	0.38621	0.53792	0.999995	447	2	-0.12511	0.060085	0.064441	0.977982	68	1	-0.12511
HNRNPF	4	0.38622	0.53793	0.999995	448	1	-0.075639	0.33177	0.33028	0.993657	352	0	-0.075639
PHLDA3	4	0.39012	0.54144	0.999995	449	1	-0.055244	0.36579	0.36453	0.999995	383	0	-0.055244
DHX29	3	0.39365	0.51044	0.999995	450	1	-0.037399	0.37788	0.37606	0.999995	393	0	-0.037399
PACS2	4	0.39496	0.54625	0.999995	451	2	-0.19092	0.34554	0.34436	0.996189	365	0	-0.19092
ARPC5	4	0.39529	0.54656	0.999995	452	2	-0.23867	0.86275	0.86387	0.999995	860	0	-0.23867
DUOX2	4	0.39538	0.54664	0.999995	453	2	-0.15242	0.7438	0.74335	0.999995	739	0	-0.15242
PHLDA1	4	0.39621	0.54742	0.999995	454	2	-0.095132	0.68211	0.68114	0.999995	681	0	-0.095132
CCDC69	4	0.39705	0.54808	0.999995	455	2	-0.069365	0.048381	0.054053	0.977982	54	1	-0.069365
ISL1	4	0.3983	0.54927	0.999995	456	2	-0.17468	0.022802	0.030689	0.977982	25	1	-0.17468
NKAPL	4	0.39914	0.5502	0.999995	457	1	-0.10701	0.32271	0.32107	0.993657	341	0	-0.10701
GABPB1	4	0.4017	0.55242	0.999995	458	2	-0.068381	0.14487	0.14488	0.98744	154	1	-0.068381
FARS2	4	0.40205	0.55283	0.999995	459	2	-0.22545	0.47473	0.47385	0.999995	486	0	-0.22545
RPP14	4	0.40623	0.55696	0.999995	460	2	-0.23326	0.19865	0.19866	0.98744	209	0	-0.23326
NDUFB4	4	0.40664	0.55729	0.999995	461	2	-0.12759	0.78291	0.78403	0.999995	783	0	-0.12759
SAP30L	4	0.40789	0.5584	0.999995	462	2	-0.19534	0.87042	0.87095	0.999995	868	0	-0.19534
PSMA2	4	0.40873	0.55919	0.999995	463	2	-0.23662	0.20815	0.20767	0.98744	220	0	-0.23662
EPS15L1	4	0.40998	0.56028	0.999995	464	2	-0.14001	0.039304	0.045723	0.977982	43	1	-0.14001
SPATA16	4	0.4104	0.5607	0.999995	465	2	-0.19909	0.47183	0.47111	0.999995	483	0	-0.19909
GRIP1	4	0.41122	0.56166	0.999995	466	1	-0.13464	0.84175	0.84361	0.999995	842	0	-0.13464
RHBDF2	4	0.4129	0.56343	0.999995	467	2	-0.097625	0.3262	0.32466	0.993657	344	0	-0.097625
CRY2	4	0.41332	0.56373	0.999995	468	2	-0.19577	0.71712	0.71634	0.999995	714	0	-0.19577
ZWILCH	4	0.41457	0.56497	0.999995	469	2	-0.24225	0.2804	0.27891	0.993657	293	0	-0.24225
FOXE3	4	0.41499	0.56542	0.999995	470	2	-0.046819	0.070792	0.074257	0.977982	79	1	-0.046819
CDK8	4	0.4154	0.56573	0.999995	471	2	-0.26747	0.48963	0.4886	0.999995	499	0	-0.26747
CBLL1	4	0.41562	0.56597	0.999995	472	1	-0.10771	0.049285	0.054914	0.977982	55	1	-0.10771
VPS26A	4	0.41582	0.56616	0.999995	473	2	-0.16352	0.47415	0.47325	0.999995	485	0	-0.16352
LATS2	4	0.41666	0.56691	0.999995	474	2	-0.085427	0.24302	0.24242	0.98744	257	0	-0.085427
LSM14A	4	0.41707	0.56749	0.999995	475	2	-0.1131	0.51247	0.51149	0.999995	518	0	-0.1131
GPR151	4	0.41813	0.56852	0.999995	476	1	-0.17486	0.18586	0.18635	0.98744	196	0	-0.17486
MAP4K4	4	0.41832	0.56871	0.999995	477	2	-0.17948	0.023724	0.031493	0.977982	26	1	-0.17948
E2F4	4	0.41874	0.56908	0.999995	478	2	-0.22454	0.51847	0.51736	0.999995	526	0	-0.22454
KIAA0319	4	0.41958	0.57005	0.999995	479	2	-0.078347	0.12721	0.12805	0.98744	133	1	-0.078347
PPP3CA	4	0.42374	0.57424	0.999995	480	1	-0.056101	0.22767	0.22733	0.98744	241	0	-0.056101
NBEA	4	0.42436	0.5751	0.999995	481	1	0.027368	0.38427	0.38318	0.999995	399	0	0.027368
APH1B	4	0.425	0.57573	0.999995	482	2	-0.30865	0.87969	0.88003	0.999995	877	0	-0.30865
FEZ2	4	0.42541	0.5761	0.999995	483	2	-0.064707	0.0098425	0.018442	0.977982	14	2	-0.064707
CYP7A1	4	0.42666	0.57725	0.999995	484	2	-0.19354	0.087558	0.089805	0.977982	96	1	-0.19354
IPO8	4	0.42684	0.57737	0.999995	485	1	-0.033969	0.46423	0.4638	0.999995	476	0	-0.033969
GXYLT1	4	0.42708	0.5775	0.999995	486	2	-0.13524	0.18263	0.18304	0.98744	191	0	-0.13524
MBTD1	4	0.42875	0.57929	0.999995	487	2	-0.21498	0.07168	0.075108	0.977982	80	1	-0.21498
ATP5F1D	4	0.42992	0.58042	0.999995	488	1	-0.15717	0.057393	0.061841	0.977982	66	1	-0.15717
TNR	4	0.43054	0.58107	0.999995	489	1	-0.099809	0.67771	0.67679	0.999995	677	0	-0.099809
PTPN21	4	0.43083	0.58136	0.999995	490	2	-0.21698	0.85825	0.85967	0.999995	857	0	-0.21698
STX12	4	0.43292	0.58344	0.999995	491	2	-0.1691	0.38034	0.37904	0.999995	396	0	-0.1691
MYBPH	4	0.43333	0.58393	0.999995	492	2	-0.18054	0.79944	0.80068	0.999995	805	0	-0.18054
CAVIN1	4	0.43361	0.58418	0.999995	493	1	-0.077741	0.44577	0.44521	0.999995	454	0	-0.077741
ADARB2	4	0.43375	0.58428	0.999995	494	2	-0.22313	0.06098	0.065198	0.977982	69	1	-0.22313
SLC32A1	4	0.43417	0.58481	0.999995	495	2	-0.21028	0.69579	0.6951	0.999995	691	0	-0.21028
IKBKE	4	0.43458	0.58522	0.999995	496	2	-0.16018	0.35708	0.35558	0.996189	378	0	-0.16018
RPL15	2	0.43477	0.45427	0.999995	497	1	-0.34561	0.81322	0.81233	0.999995	821	0	-0.34561
SLC25A37	4	0.43542	0.58601	0.999995	498	2	-0.13384	0.61588	0.61469	0.999995	620	0	-0.13384
SCN10A	4	0.43791	0.58819	0.999995	499	2	-0.26462	0.90897	0.90899	0.999995	910	0	-0.26462
SRI	4	0.43875	0.58904	0.999995	500	2	-0.22745	0.54451	0.54345	0.999995	547	0	-0.22745
LOR	4	0.44214	0.59242	0.999995	501	1	-0.053868	0.6218	0.62082	0.999995	628	0	-0.053868
CPS1	4	0.44291	0.59324	0.999995	502	2	-0.15849	0.61634	0.61509	0.999995	621	0	-0.15849
CHMP1A	4	0.44374	0.59393	0.999995	503	2	-0.15574	0.64995	0.64928	0.999995	654	0	-0.15574
SPTA1	4	0.44396	0.59408	0.999995	504	1	0.076031	0.0079555	0.015057	0.977982	10	1	0.076031
ADAP2	4	0.44457	0.59461	0.999995	505	2	-0.21773	0.72398	0.72352	0.999995	723	0	-0.21773
MMD	4	0.44637	0.59649	0.999995	506	1	-0.094835	0.75214	0.75217	0.999995	752	0	-0.094835
FOXA1	4	0.44757	0.59749	0.999995	507	2	-0.11011	0.52441	0.52366	0.999995	531	0	-0.11011
ARID1B	4	0.44915	0.59894	0.999995	508	2	-0.1431	0.63784	0.63688	0.999995	642	0	-0.1431
PIP4P1	4	0.44998	0.59974	0.999995	509	2	-0.11257	0.11099	0.11233	0.98744	118	1	-0.11257
KIT	8	0.45059	0.69666	0.999995	510	2	-0.072454	0.066509	0.094134	0.977982	75	1	-0.072454
KIAA0319L	4	0.45081	0.60052	0.999995	511	2	-0.13194	0.63696	0.63591	0.999995	641	0	-0.13194
DDX39A	4	0.45164	0.60133	0.999995	512	2	-0.15272	0.40996	0.40857	0.999995	425	0	-0.15272
IRF8	4	0.45177	0.60151	0.999995	513	2	-0.034937	0.15485	0.1549	0.98744	162	1	-0.034937
SLC11A2	4	0.45206	0.60167	0.999995	514	2	-0.23962	0.8915	0.89176	0.999995	884	0	-0.23962
NET1	4	0.45237	0.60205	0.999995	515	1	0.063112	0.073454	0.076698	0.977982	81	1	0.063112
ZG16	4	0.45538	0.60525	0.999995	516	2	-0.30203	0.20104	0.20074	0.98744	212	0	-0.30203
TTC23	4	0.45595	0.60583	0.999995	517	1	-0.22653	0.35167	0.35052	0.996189	372	0	-0.22653
IDH2	4	0.45829	0.608	0.999995	518	2	-0.15338	0.41122	0.40986	0.999995	427	0	-0.15338
FUT5	4	0.46305	0.61278	0.999995	519	1	-0.018898	0.0098205	0.018432	0.977982	13	1	-0.018898
SBF2	3	0.46481	0.54831	0.999995	520	1	-0.19503	0.78579	0.78671	0.999995	788	0	-0.19503
RNF38	4	0.46492	0.61455	0.999995	521	2	-0.18486	0.45773	0.45698	0.999995	470	0	-0.18486
STX17	4	0.46533	0.61503	0.999995	522	2	-0.16038	0.18102	0.18121	0.98744	189	0	-0.16038
EFNB1	4	0.46774	0.61741	0.999995	523	1	0.053414	0.29351	0.29168	0.993657	307	0	0.053414
LARP1B	4	0.46823	0.61787	0.999995	524	2	-0.23328	0.9589	0.95929	0.999995	964	0	-0.23328
RNF44	4	0.46833	0.61792	0.999995	525	1	-0.02586	0.40742	0.40591	0.999995	423	0	-0.02586
MACF1	4	0.46906	0.61854	0.999995	526	2	-0.15837	0.17453	0.17475	0.98744	181	0	-0.15837
LIMK1	4	0.47237	0.6215	0.999995	527	2	-0.20432	0.9011	0.90127	0.999995	897	0	-0.20432
ADGRG7	4	0.47299	0.62219	0.999995	528	1	-0.14532	0.63828	0.63732	0.999995	643	0	-0.14532
ARSJ	4	0.4732	0.62244	0.999995	529	2	-0.22244	0.58426	0.58416	0.999995	581	0	-0.22244
TANK	4	0.47403	0.62314	0.999995	530	2	-0.25081	0.09542	0.096967	0.977982	105	1	-0.25081
PAPSS1	4	0.47444	0.62352	0.999995	531	2	-0.212	0.80028	0.8014	0.999995	806	0	-0.212
CCNL2	4	0.47609	0.62511	0.999995	532	2	-0.18265	0.38687	0.38546	0.999995	401	0	-0.18265
ACACB	4	0.47774	0.62673	0.999995	533	2	-0.17851	0.61174	0.61084	0.999995	614	0	-0.17851
FXR1	4	0.47857	0.62762	0.999995	534	2	-0.10924	0.65968	0.65903	0.999995	663	0	-0.10924
TBR1	4	0.4794	0.62839	0.999995	535	2	-0.12082	0.41688	0.41549	0.999995	431	0	-0.12082
GRM4	4	0.48336	0.63247	0.999995	536	1	-0.094074	0.20894	0.20837	0.98744	221	0	-0.094074
ADAM19	4	0.48435	0.63342	0.999995	537	2	-0.20083	0.78736	0.78818	0.999995	792	0	-0.20083
PAPSS2	4	0.48508	0.6341	0.999995	538	1	-0.068976	0.39593	0.39431	0.999995	410	0	-0.068976
MAPK8IP3	4	0.48622	0.63503	0.999995	539	1	-0.069779	0.69885	0.69821	0.999995	696	0	-0.069779
HNRNPH3	4	0.48906	0.63778	0.999995	540	1	0.0090009	0.21444	0.21379	0.98744	227	0	0.0090009
UNC119B	4	0.4897	0.63824	0.999995	541	2	-0.26847	0.78706	0.78789	0.999995	791	0	-0.26847
MYCN	4	0.49011	0.63867	0.999995	542	2	-0.15707	0.051994	0.057064	0.977982	58	1	-0.15707
SIRPA	3	0.49038	0.56308	0.999995	543	1	-0.10953	0.013666	0.017544	0.977982	20	1	-0.10953
GDI1	4	0.49246	0.64101	0.999995	544	1	0.042319	0.034741	0.041516	0.977982	37	1	0.042319
S100A6	4	0.49258	0.64115	0.999995	545	2	-0.10628	0.17291	0.1732	0.98744	179	0	-0.10628
STRADA	4	0.4975	0.64593	0.999995	546	2	-0.18148	0.77991	0.78127	0.999995	779	0	-0.18148
TMEM30A	4	0.49808	0.64654	0.999995	547	1	-0.19495	0.61036	0.60965	0.999995	612	0	-0.19495
ZNF804B	4	0.49975	0.64817	0.999995	548	1	-0.095703	0.10496	0.10666	0.98744	113	1	-0.095703
NAA16	4	0.49997	0.64835	0.999995	549	2	-0.11018	0.61128	0.61043	0.999995	613	0	-0.11018
CADPS	4	0.50037	0.64881	0.999995	550	2	-0.17188	0.10582	0.10766	0.98744	114	1	-0.17188
ABL1	4	0.50119	0.6496	0.999995	551	2	-0.13396	0.40297	0.40106	0.999995	419	0	-0.13396
PRKAB1	4	0.50283	0.65118	0.999995	552	2	-0.11495	0.25288	0.25176	0.98744	270	0	-0.11495
TUBB2B	2	0.50314	0.51071	0.999995	553	1	-0.13475	0.34311	0.34203	0.995906	363	0	-0.13475
GJA8	4	0.50406	0.65231	0.999995	554	2	-0.26053	0.19147	0.19187	0.98744	199	0	-0.26053
CDS1	4	0.50421	0.65246	0.999995	555	1	0.011009	0.4601	0.45955	0.999995	472	0	0.011009
DMXL2	4	0.50529	0.65355	0.999995	556	2	-0.15196	0.79831	0.79973	0.999995	803	0	-0.15196
MED12L	4	0.50692	0.65515	0.999995	557	2	-0.15939	0.5977	0.59741	0.999995	594	0	-0.15939
DEGS1	4	0.50733	0.6557	0.999995	558	2	-0.16998	0.53189	0.53111	0.999995	535	0	-0.16998
CLTB	4	0.50753	0.65593	0.999995	559	1	0.071694	0.082288	0.084841	0.977982	90	1	0.071694
CEACAM1	4	0.50863	0.65695	0.999995	560	1	-0.089046	0.33038	0.32891	0.993657	349	0	-0.089046
EFR3B	4	0.50938	0.6576	0.999995	561	2	-0.21259	0.53718	0.53636	0.999995	540	0	-0.21259
G6PC	4	0.5106	0.65885	0.999995	562	2	-0.23348	0.55227	0.55153	0.999995	553	0	-0.23348
NCKAP1L	4	0.51305	0.66109	0.999995	563	2	-0.14811	0.73559	0.7353	0.999995	733	0	-0.14811
NRBP2	4	0.51346	0.66145	0.999995	564	2	-0.23913	0.94944	0.9496	0.999995	950	0	-0.23913
KHSRP	4	0.51427	0.66212	0.999995	565	2	-0.063725	0.098898	0.10047	0.983843	108	1	-0.063725
CNOT8	3	0.51469	0.57705	0.999995	566	1	0.049899	0.24643	0.24553	0.98744	262	0	0.049899
DGKI	4	0.51521	0.66298	0.999995	567	1	0.010785	0.29784	0.29579	0.993657	313	0	0.010785
MAK	4	0.51575	0.66357	0.999995	568	1	-0.11147	0.084926	0.087244	0.977982	93	1	-0.11147
CRX	4	0.5201	0.6655	0.999995	569	1	-0.15161	0.56649	0.56662	0.999995	567	0	-0.15161
GPSM2	4	0.52064	0.66574	0.999995	570	1	-0.14213	0.0060879	0.011579	0.977982	6	1	-0.14213
FAM126A	4	0.52549	0.66759	0.999995	571	1	-0.09786	0.36312	0.36156	0.999995	382	0	-0.09786
ASCL1	4	0.52763	0.6684	0.999995	572	1	0.0088328	0.33662	0.33515	0.995906	356	0	0.0088328
VANGL2	4	0.5287	0.66874	0.999995	573	1	-0.23045	0.86041	0.86155	0.999995	858	0	-0.23045
FLOT1	4	0.52923	0.66892	0.999995	574	1	-0.051715	0.56899	0.56945	0.999995	571	0	-0.051715
FKBP10	4	0.53136	0.66976	0.999995	575	1	-0.059619	0.29496	0.29315	0.993657	309	0	-0.059619
GOLT1B	4	0.53349	0.67042	0.999995	576	1	-0.10171	0.67408	0.67319	0.999995	674	0	-0.10171
ABCB1	4	0.53613	0.67148	0.999995	577	1	0.013226	0.085804	0.088057	0.977982	94	1	0.013226
NCKAP1	4	0.53666	0.6717	0.999995	578	1	-0.13735	0.25438	0.25331	0.989862	271	0	-0.13735
GBX1	4	0.53718	0.67194	0.999995	579	1	-0.028228	0.16964	0.16988	0.98744	176	0	-0.028228
SOAT1	4	0.54086	0.67339	0.999995	580	1	-0.13034	0.13228	0.13292	0.98744	138	1	-0.13034
EPHA2	4	0.54138	0.67355	0.999995	581	1	-0.11643	0.53771	0.5368	0.999995	541	0	-0.11643
PPP2CB	3	0.54157	0.59418	0.999995	582	1	-0.17196	0.66731	0.66682	0.999995	669	0	-0.17196
EPS15	4	0.54243	0.67397	0.999995	583	1	-0.13573	0.7844	0.78547	0.999995	786	0	-0.13573
CRNN	4	0.54711	0.67595	0.999995	584	1	-0.10979	0.79633	0.79778	0.999995	801	0	-0.10979
GALR3	4	0.54918	0.67682	0.999995	585	1	-0.1885	0.81946	0.82153	0.999995	827	0	-0.1885
ERO1A	4	0.55124	0.67767	0.999995	586	1	-0.020626	0.28187	0.28033	0.993657	294	0	-0.020626
CAP1	4	0.55176	0.67789	0.999995	587	1	-0.14341	0.60989	0.60902	0.999995	611	0	-0.14341
POU4F2	4	0.55227	0.67802	0.999995	588	1	-0.071351	0.45237	0.45168	0.999995	465	0	-0.071351
ATP7B	4	0.5533	0.67844	0.999995	589	1	-0.12224	0.45297	0.45241	0.999995	466	0	-0.12224
NUMBL	4	0.55381	0.67864	0.999995	590	1	-0.099853	0.21757	0.21694	0.98744	231	0	-0.099853
POLD1	4	0.55432	0.67887	0.999995	591	1	-0.063744	0.6692	0.66839	0.999995	671	0	-0.063744
COPS7B	4	0.55535	0.6794	0.999995	592	1	-0.16289	0.74244	0.74193	0.999995	738	0	-0.16289
TUBB4B	8	0.55705	0.76874	0.999995	593	3	-0.086599	0.94346	0.94307	0.999995	940	0	-0.086599
EXOC6B	4	0.56297	0.68273	0.999995	594	1	-0.02367	0.19786	0.198	0.98744	208	0	-0.02367
LIN28A	3	0.56462	0.60863	0.999995	595	1	-0.14857	0.81188	0.81193	0.999995	820	0	-0.14857
FSD1	4	0.56598	0.68381	0.999995	596	1	0.02765	0.20657	0.20612	0.98744	217	0	0.02765
GABPB2	4	0.56799	0.68485	0.999995	597	1	-0.031912	0.055596	0.060233	0.977982	62	1	-0.031912
BECN2	4	0.57148	0.68636	0.999995	598	1	-0.026602	0.59723	0.59698	0.999995	593	0	-0.026602
HMSD	4	0.57247	0.68679	0.999995	599	1	-0.049857	0.46657	0.46605	0.999995	478	0	-0.049857
SAMD4A	4	0.57297	0.68697	0.999995	600	1	-0.17331	0.80056	0.80165	0.999995	807	0	-0.17331
ERO1B	4	0.57347	0.68719	0.999995	601	1	-0.020182	0.007022	0.013197	0.977982	9	1	-0.020182
GIT2	4	0.57643	0.68833	0.999995	602	1	-0.12527	0.66673	0.66596	0.999995	668	0	-0.12527
S1PR4	4	0.58036	0.68997	0.999995	603	1	0.0016789	0.54034	0.53951	0.999995	543	0	0.0016789
SLC25A25	4	0.58183	0.6905	0.999995	604	1	-0.11718	0.56246	0.56267	0.999995	560	0	-0.11718
YIF1B	4	0.58669	0.69263	0.999995	605	1	-0.18213	0.51138	0.51027	0.999995	515	0	-0.18213
PLEK2	4	0.58862	0.6934	0.999995	606	1	-0.17582	0.37376	0.37253	0.999995	389	0	-0.17582
YBX3	4	0.5939	0.69563	0.999995	607	1	-0.026834	0.23461	0.23402	0.98744	249	0	-0.026834
AP2A2	4	0.5977	0.69724	0.999995	608	1	-0.13949	0.48164	0.48063	0.999995	492	0	-0.13949
STX4	4	0.59818	0.69738	0.999995	609	1	0.028504	0.23307	0.2325	0.98744	247	0	0.028504
MTA1	4	0.5996	0.69804	0.999995	610	1	-0.15074	0.027407	0.034738	0.977982	29	1	-0.15074
SLC17A2	4	0.60196	0.69897	0.999995	611	1	0.029428	0.030162	0.03714	0.977982	32	1	0.029428
DYNLT1	4	0.60524	0.70048	0.999995	612	1	-0.10372	0.098029	0.099576	0.983843	107	1	-0.10372
CLASP2	4	0.60757	0.70164	0.999995	613	1	-0.070975	0.11442	0.11553	0.98744	122	1	-0.070975
MYBPHL	4	0.60943	0.70242	0.999995	614	1	-0.13987	0.77443	0.77548	0.999995	773	0	-0.13987
FNIP1	4	0.60989	0.70263	0.999995	615	1	-0.19948	0.75115	0.75122	0.999995	749	0	-0.19948
H2AFX	4	0.61174	0.70339	0.999995	616	1	-0.19037	0.73036	0.73016	0.999995	730	0	-0.19037
POU5F2	4	0.61313	0.70404	0.999995	617	1	-0.13619	0.63078	0.63009	0.999995	639	0	-0.13619
GSDMD	4	0.61359	0.70426	0.999995	618	1	-0.22546	0.74447	0.74397	0.999995	741	0	-0.22546
HACD2	4	0.61496	0.70487	0.999995	619	1	-0.24229	0.6954	0.6947	0.999995	690	0	-0.24229
PDLIM5	4	0.61634	0.70543	0.999995	620	1	-0.11253	0.3269	0.32545	0.993657	345	0	-0.11253
SLC11A1	4	0.6168	0.70567	0.999995	621	1	-0.13845	0.19945	0.19934	0.98744	210	0	-0.13845
RP1	4	0.61725	0.70593	0.999995	622	1	-0.23135	0.91143	0.91157	0.999995	912	0	-0.23135
PGLS	4	0.61817	0.70641	0.999995	623	1	-0.036776	0.33108	0.32959	0.993657	351	0	-0.036776
CHMP1B	4	0.6209	0.70762	0.999995	624	1	-0.10575	0.44757	0.44701	0.999995	457	0	-0.10575
DYNC1LI2	4	0.62225	0.70829	0.999995	625	1	0.047522	0.29206	0.29034	0.993657	306	0	0.047522
PTPN6	4	0.62316	0.70883	0.999995	626	1	-0.099977	0.64652	0.64606	0.999995	651	0	-0.099977
CBLL2	4	0.62406	0.70918	0.999995	627	1	-0.029666	0.28989	0.28827	0.993657	304	0	-0.029666
PTCH1	4	0.62676	0.71049	0.999995	628	1	-0.16093	0.12211	0.12317	0.98744	130	1	-0.16093
G3BP1	4	0.62721	0.71062	0.999995	629	1	-0.17153	0.25212	0.25108	0.98744	269	0	-0.17153
IDH1	4	0.62944	0.71179	0.999995	630	1	-0.12285	0.56799	0.56835	0.999995	570	0	-0.12285
CCNE1	4	0.63078	0.7124	0.999995	631	1	-0.12626	0.84548	0.84746	0.999995	846	0	-0.12626
ATP5PB	4	0.63166	0.71276	0.999995	632	1	-0.028196	0.38492	0.38376	0.999995	400	0	-0.028196
SLC9A3R1	4	0.63344	0.71346	0.999995	633	1	-0.052	0.5579	0.5577	0.999995	557	0	-0.052
STAM	4	0.63476	0.71409	0.999995	634	1	-0.055344	0.079645	0.082382	0.977982	86	1	-0.055344
CREBBP	4	0.63828	0.71562	0.999995	635	1	-0.078931	0.38882	0.38714	0.999995	404	0	-0.078931
NBEAL2	4	0.64738	0.72025	0.999995	636	1	-0.13838	0.71603	0.71534	0.999995	711	0	-0.13838
FXR2	4	0.64824	0.72063	0.999995	637	1	-0.13117	0.44998	0.44923	0.999995	462	0	-0.13117
SLC10A2	4	0.65081	0.72186	0.999995	638	1	-0.17784	0.68959	0.68896	0.999995	686	0	-0.17784
HTR3D	4	0.65166	0.72231	0.999995	639	1	-0.029991	0.53929	0.53848	0.999995	542	0	-0.029991
HTR3E	4	0.65251	0.72278	0.999995	640	1	-0.15023	0.34759	0.3464	0.996189	367	0	-0.15023
EPHA3	4	0.65505	0.7239	0.999995	641	1	-0.03705	0.28698	0.28535	0.993657	301	0	-0.03705
CDNF	4	0.6559	0.72424	0.999995	642	1	-0.15025	0.63608	0.63514	0.999995	640	0	-0.15025
RBPJL	4	0.65716	0.72492	0.999995	643	1	-0.057643	0.43422	0.43343	0.999995	443	0	-0.057643
ZAP70	4	0.65758	0.72513	0.999995	644	1	-0.096347	0.2269	0.22666	0.98744	240	0	-0.096347
ZDHHC13	4	0.658	0.72537	0.999995	645	1	-0.10847	0.12381	0.12488	0.98744	131	1	-0.10847
PTCH2	4	0.65842	0.72562	0.999995	646	1	-0.096816	0.23614	0.23555	0.98744	250	0	-0.096816
GNB3	4	0.65884	0.7258	0.999995	647	1	-0.1387	0.60101	0.60056	0.999995	599	0	-0.1387
ARHGEF7	4	0.66218	0.72748	0.999995	648	1	-0.062483	0.68171	0.68081	0.999995	680	0	-0.062483
IMPDH2	4	0.66591	0.72913	0.999995	649	1	-0.28162	0.80528	0.80689	0.999995	814	0	-0.28162
PCDH1	4	0.66673	0.72972	0.999995	650	1	-0.036897	0.44637	0.44586	0.999995	455	0	-0.036897
YIPF5	4	0.66961	0.73102	0.999995	651	1	-0.15839	0.74916	0.749	0.999995	747	0	-0.15839
STRIP1	4	0.67042	0.73144	0.999995	652	1	-0.15454	0.71199	0.71126	0.999995	709	0	-0.15454
KCNT2	4	0.67083	0.73162	0.999995	653	1	-0.10824	0.55942	0.55956	0.999995	558	0	-0.10824
PXDN	4	0.67449	0.73348	0.999995	654	1	0.084879	0.091058	0.093078	0.977982	100	1	0.084879
TIMM23B	4	0.67489	0.7337	0.999995	655	1	-0.026169	0.33316	0.33178	0.99533	353	0	-0.026169
RBMX	3	0.67801	0.68949	0.999995	656	1	-0.1468	0.65845	0.65776	0.999995	661	0	-0.1468
ATAD2	4	0.67931	0.73603	0.999995	657	1	0.1278	0.26934	0.26798	0.993657	283	0	0.1278
CTPS1	4	0.67971	0.73626	0.999995	658	1	-0.10353	0.14571	0.14569	0.98744	155	1	-0.10353
EZH1	4	0.68171	0.7373	0.999995	659	1	-0.085957	0.7193	0.71859	0.999995	717	0	-0.085957
CDK19	8	0.68676	0.85325	0.999995	660	1	-0.078534	0.45959	0.45854	0.999995	471	0	-0.078534
ANXA1	4	0.68803	0.74066	0.999995	661	1	-0.076649	0.092805	0.094564	0.977982	102	1	-0.076649
RYBP	3	0.68881	0.69886	0.999995	662	1	-0.16666	0.55689	0.55531	0.999995	556	0	-0.16666
H2BFM	4	0.68881	0.74118	0.999995	663	1	0.041085	0.012613	0.021686	0.977982	18	1	0.041085
NLRP8	4	0.68959	0.74153	0.999995	664	1	-0.076368	0.38752	0.386	0.999995	402	0	-0.076368
PDGFC	4	0.69154	0.74256	0.999995	665	1	-0.1097	0.40234	0.40042	0.999995	418	0	-0.1097
GLIS3	4	0.69309	0.74356	0.999995	666	1	-0.080797	0.28479	0.2832	0.993657	298	0	-0.080797
TBC1D26	2	0.69519	0.69407	0.999995	667	0	-0.1516	0.6186	0.61742	0.999995	624	0	-0.1516
EAF1	4	0.69579	0.745	0.999995	668	1	-0.23846	0.83914	0.84094	0.999995	840	0	-0.23846
WRN	4	0.69885	0.7468	0.999995	669	1	-0.12969	0.61451	0.61335	0.999995	618	0	-0.12969
HUS1B	4	0.69962	0.74726	0.999995	670	1	-0.14447	0.36245	0.36096	0.999995	381	0	-0.14447
USP13	4	0.70152	0.74824	0.999995	671	1	-0.1366	0.047476	0.053184	0.977982	52	1	-0.1366
TOMM20L	4	0.70416	0.74971	0.999995	672	1	-0.15374	0.89994	0.90024	0.999995	895	0	-0.15374
KRT38	4	0.70529	0.75019	0.999995	673	1	0.001139	0.2826	0.281	0.993657	295	0	0.001139
UCHL5	4	0.70604	0.75064	0.999995	674	1	-0.13227	0.433	0.43207	0.999995	442	0	-0.13227
FCRL3	4	0.70791	0.75158	0.999995	675	1	-0.092883	0.70416	0.70363	0.999995	700	0	-0.092883
ZNF418	4	0.70865	0.75207	0.999995	676	1	0.0069847	0.30501	0.30317	0.993657	321	0	0.0069847
KRTAP10-10	4	0.70903	0.7523	0.999995	677	1	0.10091	0.39206	0.39035	0.999995	407	0	0.10091
RAP1GAP2	4	0.70977	0.75279	0.999995	678	1	-0.15905	0.75181	0.7518	0.999995	751	0	-0.15905
GRIP2	4	0.71199	0.75403	0.999995	679	1	-0.031204	0.22844	0.22795	0.98744	242	0	-0.031204
FNIP2	4	0.71273	0.75441	0.999995	680	1	-0.20012	0.51956	0.51855	0.999995	527	0	-0.20012
ADM	4	0.71457	0.75542	0.999995	681	1	-0.20376	0.57495	0.5751	0.999995	576	0	-0.20376
BATF3	4	0.71566	0.75604	0.999995	682	1	-0.16407	0.85186	0.85347	0.999995	851	0	-0.16407
TREM2	4	0.71676	0.75658	0.999995	683	1	-0.037196	0.3985	0.39688	0.999995	413	0	-0.037196
TLN2	4	0.72002	0.75856	0.999995	684	1	-0.16985	0.89327	0.8937	0.999995	887	0	-0.16985
GYS1	4	0.72075	0.75896	0.999995	685	1	-0.030845	0.32201	0.3203	0.993657	340	0	-0.030845
DMP1	4	0.72111	0.7592	0.999995	686	1	-0.1845	0.49527	0.49429	0.999995	501	0	-0.1845
CYP2A6	4	0.72183	0.75965	0.999995	687	1	-0.18413	0.74413	0.74361	0.999995	740	0	-0.18413
KRT74	4	0.7229	0.76037	0.999995	688	1	0.029967	0.045664	0.051548	0.977982	50	1	0.029967
MARCKS	4	0.72326	0.76057	0.999995	689	1	-0.050851	0.70076	0.7003	0.999995	698	0	-0.050851
CNOT6	4	0.72647	0.76242	0.999995	690	1	-0.10705	0.3199	0.31821	0.993657	338	0	-0.10705
BARHL1	4	0.72718	0.76283	0.999995	691	1	-0.016411	0.38817	0.38661	0.999995	403	0	-0.016411
CYFIP1	4	0.73	0.76454	0.999995	692	1	-0.12498	0.30358	0.30173	0.993657	320	0	-0.12498
PRG3	4	0.73246	0.76577	0.999995	693	1	-0.068481	0.13313	0.13382	0.98744	139	1	-0.068481
APH1A	4	0.73385	0.76682	0.999995	694	1	-0.12683	0.39077	0.3891	0.999995	406	0	-0.12683
HACD1	4	0.73628	0.7684	0.999995	695	1	-0.12092	0.60007	0.59982	0.999995	597	0	-0.12092
TRPC5	4	0.73731	0.76908	0.999995	696	1	-0.059006	0.50476	0.50363	0.999995	510	0	-0.059006
SEC31B	4	0.73869	0.76989	0.999995	697	1	-0.078572	0.20183	0.20153	0.98744	214	0	-0.078572
SUSD1	4	0.74006	0.77068	0.999995	698	1	-0.10717	0.51466	0.51368	0.999995	521	0	-0.10717
PPP3CC	4	0.7404	0.77084	0.999995	699	1	-0.1275	0.8039	0.80533	0.999995	812	0	-0.1275
TYMS	4	0.74108	0.77124	0.999995	700	1	-0.25889	0.84292	0.84481	0.999995	844	0	-0.25889
ESRP1	4	0.74142	0.77144	0.999995	701	1	-0.10853	0.77289	0.77391	0.999995	771	0	-0.10853
HMGCS2	4	0.74244	0.77205	0.999995	702	1	-0.20139	0.19067	0.19114	0.98744	198	0	-0.20139
MT2A	4	0.74278	0.77225	0.999995	703	1	-0.00060025	0.24378	0.24311	0.98744	258	0	-0.00060025
UNC45B	4	0.74312	0.77245	0.999995	704	1	-0.17532	0.90866	0.90879	0.999995	909	0	-0.17532
FMR1	4	0.74481	0.77349	0.999995	705	1	-0.011616	0.29928	0.2971	0.993657	315	0	-0.011616
PACS1	4	0.74515	0.77373	0.999995	706	1	0.017834	0.1365	0.1372	0.98744	144	1	0.017834
PRKAB2	4	0.74548	0.7738	0.999995	707	1	-0.10815	0.78202	0.78322	0.999995	781	0	-0.10815
TXNDC8	4	0.74916	0.77639	0.999995	708	1	-0.025356	0.084047	0.086533	0.977982	92	1	-0.025356
KLF5	4	0.7495	0.77664	0.999995	709	1	0.076494	0.17778	0.17778	0.98744	185	0	0.076494
SLC25A2	4	0.75082	0.77752	0.999995	710	1	0.050895	0.2964	0.29456	0.993657	311	0	0.050895
DEGS2	4	0.75148	0.77789	0.999995	711	1	-0.20748	0.9471	0.94713	0.999995	946	0	-0.20748
RPL6	1	0.75182	0.75331	0.999995	712	0	-0.0051277	0.24818	0.24867	0.98744	264	0	-0.0051277
BECN1	4	0.75346	0.77901	0.999995	713	1	-0.084156	0.44456	0.44396	0.999995	453	0	-0.084156
IKBKB	4	0.75444	0.77982	0.999995	714	1	-0.095134	0.11013	0.11136	0.98744	117	1	-0.095134
TGM6	4	0.75543	0.78037	0.999995	715	1	-0.031837	0.37442	0.37319	0.999995	390	0	-0.031837
APOBEC3C	4	0.75673	0.78115	0.999995	716	1	-0.12019	0.42992	0.42893	0.999995	439	0	-0.12019
SOS2	4	0.75705	0.78135	0.999995	717	1	-0.2093	0.6655	0.66461	0.999995	667	0	-0.2093
DYNC1LI1	3	0.75822	0.75928	0.999995	718	1	-0.085662	0.72243	0.7233	0.999995	721	0	-0.085662
ITSN1	4	0.75932	0.78275	0.999995	719	1	-0.12786	0.67851	0.67765	0.999995	678	0	-0.12786
LNX2	4	0.76029	0.78361	0.999995	720	1	-0.12748	0.24758	0.2469	0.98744	263	0	-0.12748
CDK16	4	0.76349	0.78578	0.999995	721	1	-0.071512	0.22921	0.22879	0.98744	243	0	-0.071512
IL6ST	4	0.7638	0.78596	0.999995	722	1	-0.18765	0.785	0.78601	0.999995	787	0	-0.18765
ENOX1	4	0.76476	0.78651	0.999995	723	1	-0.11255	0.67327	0.67238	0.999995	672	0	-0.11255
SLC35F3	4	0.76539	0.78702	0.999995	724	1	-0.16867	0.74816	0.74781	0.999995	746	0	-0.16867
MAT1A	4	0.76634	0.78756	0.999995	725	1	-0.035885	0.72362	0.72319	0.999995	722	0	-0.035885
PSMB9	4	0.7676	0.78866	0.999995	726	1	-0.20839	0.89309	0.89357	0.999995	886	0	-0.20839
FSD1L	4	0.76885	0.78946	0.999995	727	1	-0.069332	0.13144	0.13194	0.98744	137	1	-0.069332
GOLPH3	4	0.77041	0.79049	0.999995	728	1	-0.076	0.52495	0.52422	0.999995	532	0	-0.076
PDGFD	4	0.77135	0.79102	0.999995	729	1	0.11178	0.0061537	0.011701	0.977982	7	2	0.11178
YAF2	4	0.77166	0.79129	0.999995	730	1	-0.19067	0.46069	0.4601	0.999995	473	0	-0.19067
SS18	4	0.77228	0.79175	0.999995	731	1	-0.18362	0.7495	0.74937	0.999995	748	0	-0.18362
VPS26B	4	0.77289	0.79228	0.999995	732	1	-0.15728	0.74548	0.74488	0.999995	743	0	-0.15728
ATM	4	0.77413	0.79316	0.999995	733	1	-0.14816	0.77072	0.77152	0.999995	770	0	-0.14816
H1FOO	4	0.77443	0.79334	0.999995	734	1	0.067965	0.064557	0.06861	0.977982	72	1	0.067965
RANBP17	4	0.7784	0.79596	0.999995	735	1	-0.057052	0.46833	0.46787	0.999995	481	0	-0.057052
ABL2	4	0.77961	0.7969	0.999995	736	1	-0.12945	0.62225	0.62134	0.999995	629	0	-0.12945
SMC1B	4	0.78112	0.79787	0.999995	737	1	-0.15547	0.85629	0.85776	0.999995	856	0	-0.15547
RECK	4	0.78172	0.7984	0.999995	738	1	0.023631	0.17616	0.17632	0.98744	183	0	0.023631
SEC31A	4	0.78321	0.79934	0.999995	739	1	-0.17533	0.92065	0.9206	0.999995	916	0	-0.17533
TMEM185B	4	0.78381	0.79978	0.999995	740	1	-0.054403	0.20736	0.2068	0.98744	218	0	-0.054403
NDUFC1	4	0.7844	0.80012	0.999995	741	1	-0.11593	0.056495	0.061028	0.977982	64	1	-0.11593
CD163L1	4	0.7847	0.80035	0.999995	742	1	-0.15189	0.56397	0.56421	0.999995	563	0	-0.15189
SATB2	4	0.785	0.80052	0.999995	743	1	0.009617	0.24454	0.24377	0.98744	259	0	0.009617
VRTN	4	0.78529	0.80073	0.999995	744	1	-0.17729	0.87062	0.87122	0.999995	869	0	-0.17729
XPR1	4	0.78559	0.8009	0.999995	745	1	-0.14095	0.8659	0.86669	0.999995	864	0	-0.14095
GOLT1A	4	0.78648	0.8014	0.999995	746	1	0.013713	0.15898	0.15879	0.98744	166	1	0.013713
SS18L1	4	0.78824	0.80261	0.999995	747	1	-0.097769	0.013543	0.022621	0.977982	19	1	-0.097769
LARP1	4	0.78941	0.80347	0.999995	748	1	-0.062181	0.37837	0.37714	0.999995	394	0	-0.062181
AKAP11	4	0.78999	0.80398	0.999995	749	1	-0.12189	0.75575	0.75592	0.999995	757	0	-0.12189
MBP	4	0.79086	0.80469	0.999995	750	1	-0.11844	0.37111	0.36988	0.999995	386	0	-0.11844
MYD88	4	0.79173	0.80517	0.999995	751	1	-0.13736	0.33937	0.3381	0.995906	358	0	-0.13736
LATS1	4	0.79231	0.8056	0.999995	752	1	-0.14301	0.31496	0.31346	0.993657	332	0	-0.14301
FLOT2	4	0.7926	0.80586	0.999995	753	1	-0.14694	0.85119	0.85277	0.999995	850	0	-0.14694
SNX6	4	0.79375	0.80674	0.999995	754	1	-0.11645	0.77413	0.77516	0.999995	772	0	-0.11645
TANC2	3	0.79499	0.79584	0.999995	755	0	-0.14379	0.62067	0.62078	0.999995	626	0	-0.14379
ENOX2	4	0.79519	0.80773	0.999995	756	1	-0.10749	0.63871	0.6378	0.999995	644	0	-0.10749
TYROBP	4	0.79661	0.80882	0.999995	757	1	0.00055973	0.078762	0.08169	0.977982	84	1	0.00055973
FLT1	4	0.79689	0.80901	0.999995	758	1	-0.092192	0.4782	0.477	0.999995	490	0	-0.092192
TTC7B	4	0.79718	0.80922	0.999995	759	1	-0.0080179	0.3731	0.37198	0.999995	388	0	-0.0080179
ZNF284	4	0.79775	0.80966	0.999995	760	1	-0.11517	0.3276	0.32621	0.993657	346	0	-0.11517
TCF3	4	0.8	0.81113	0.999995	761	1	-0.064642	0.69425	0.69358	0.999995	689	0	-0.064642
NR5A2	4	0.80224	0.81265	0.999995	762	1	-0.11271	0.25061	0.24972	0.98744	267	0	-0.11271
TBC1D9	4	0.80363	0.8138	0.999995	763	1	-0.1395	0.36044	0.35903	0.999995	379	0	-0.1395
RANBP10	4	0.80501	0.81518	0.999995	764	1	-0.086291	0.60336	0.60279	0.999995	604	0	-0.086291
SERPINA12	8	0.80589	0.90159	0.999995	765	1	-0.099088	0.39267	0.39315	0.999995	408	0	-0.099088
CLIP4	4	0.80665	0.81665	0.999995	766	1	0.0051193	0.16801	0.16813	0.98744	174	0	0.0051193
GIT1	4	0.80911	0.81879	0.999995	767	1	0.05556	0.076996	0.080213	0.977982	82	1	0.05556
SUV39H2	3	0.80933	0.8096	0.999995	768	0	-0.073499	0.081798	0.082765	0.977982	89	1	-0.073499
TMEM185A	4	0.80938	0.8191	0.999995	769	1	0.0045848	0.21365	0.21296	0.98744	226	0	0.0045848
TBK1	4	0.81234	0.82137	0.999995	770	1	-0.12478	0.80335	0.80454	0.999995	810	0	-0.12478
BTG1	4	0.81261	0.8216	0.999995	771	1	-0.033135	0.21835	0.21777	0.98744	232	0	-0.033135
CSTF2T	4	0.81314	0.82197	0.999995	772	1	0.0077971	0.0095218	0.017825	0.977982	12	2	0.0077971
KCNT1	4	0.81367	0.82234	0.999995	773	1	-0.073269	0.34895	0.34782	0.996189	368	0	-0.073269
DLL4	4	0.81579	0.82392	0.999995	774	1	-0.028775	0.34349	0.34231	0.995906	364	0	-0.028775
FKBP4	4	0.81606	0.82414	0.999995	775	1	-0.15244	0.40869	0.40725	0.999995	424	0	-0.15244
IQCA1L	4	0.81658	0.82455	0.999995	776	1	-0.11944	0.30287	0.30109	0.993657	319	0	-0.11944
BRSK2	4	0.81711	0.825	0.999995	777	1	-0.099715	0.7286	0.72828	0.999995	728	0	-0.099715
SEC23B	4	0.81816	0.82579	0.999995	778	1	-0.039167	0.6448	0.64422	0.999995	649	0	-0.039167
MYH7	4	0.81868	0.82613	0.999995	779	1	-0.14846	0.60148	0.60101	0.999995	600	0	-0.14846
MOGAT2	4	0.82076	0.82767	0.999995	780	1	-0.025338	0.43728	0.43658	0.999995	448	0	-0.025338
TANC1	4	0.8223	0.82896	0.999995	781	1	-0.20639	0.89414	0.89449	0.999995	889	0	-0.20639
DPCR1	4	0.82282	0.82931	0.999995	782	1	-0.0053338	0.25739	0.25635	0.989865	274	0	-0.0053338
OSBPL6	4	0.82307	0.82956	0.999995	783	1	-0.19177	0.76602	0.76666	0.999995	765	0	-0.19177
MPC1	4	0.82359	0.82992	0.999995	784	1	-0.15042	0.54866	0.54782	0.999995	550	0	-0.15042
RAD17	3	0.82431	0.82442	0.999995	785	0	0.028392	0.044045	0.045742	0.977982	48	1	0.028392
PTPN14	4	0.82461	0.83066	0.999995	786	1	-0.16043	0.21678	0.21608	0.98744	230	0	-0.16043
ZIC3	4	0.82714	0.83268	0.999995	787	1	-0.18846	0.83505	0.83677	0.999995	835	0	-0.18846
CRY1	4	0.82739	0.83282	0.999995	788	1	-0.073434	0.2491	0.24836	0.98744	265	0	-0.073434
TCF12	4	0.82789	0.83331	0.999995	789	1	-0.028298	0.32899	0.32755	0.993657	347	0	-0.028298
NAT8L	4	0.82814	0.83353	0.999995	790	1	0.019028	0.22146	0.22111	0.98744	235	0	0.019028
HEATR5A	4	0.82914	0.83417	0.999995	791	1	-0.16675	0.15236	0.15246	0.98744	160	1	-0.16675
SEC14L3	4	0.83014	0.83519	0.999995	792	1	-0.13267	0.17697	0.17698	0.98744	184	0	-0.13267
TPBG	4	0.83187	0.83664	0.999995	793	1	-0.10955	0.60383	0.60324	0.999995	605	0	-0.10955
TOMM40L	4	0.83211	0.83682	0.999995	794	1	-0.095375	0.50031	0.4991	0.999995	506	0	-0.095375
HRH3	4	0.83236	0.83704	0.999995	795	1	-0.1062	0.020031	0.028118	0.977982	22	1	-0.1062
RBMXL2	4	0.83408	0.83835	0.999995	796	1	0.12259	0.032911	0.039908	0.977982	36	1	0.12259
AP1G2	4	0.83554	0.8395	0.999995	797	1	-0.039651	0.36111	0.35974	0.999995	380	0	-0.039651
ERH	4	0.83578	0.83968	0.999995	798	1	-0.14469	0.57347	0.57375	0.999995	575	0	-0.14469
KCNG4	4	0.83674	0.84041	0.999995	799	1	-0.1362	0.27378	0.27248	0.993657	287	0	-0.1362
KRT37	4	0.83747	0.84117	0.999995	800	1	-0.035333	0.50863	0.50755	0.999995	513	0	-0.035333
TOP2B	4	0.83795	0.84163	0.999995	801	1	-0.16841	0.51028	0.50925	0.999995	514	0	-0.16841
ZDHHC17	4	0.83866	0.84244	0.999995	802	1	-0.086623	0.11956	0.1203	0.98744	127	1	-0.086623
XDH	4	0.8389	0.84261	0.999995	803	1	-0.015534	0.16309	0.16304	0.98744	170	0	-0.015534
EAF2	4	0.84033	0.84381	0.999995	804	1	-0.028017	0.13481	0.13546	0.98744	141	1	-0.028017
PMM1	4	0.84104	0.84435	0.999995	805	1	-0.17743	0.89291	0.89334	0.999995	885	0	-0.17743
NBEAL1	4	0.84222	0.84544	0.999995	806	1	-0.10319	0.80363	0.80487	0.999995	811	0	-0.10319
RANBP6	3	0.84345	0.844	0.999995	807	0	0.044145	0.079135	0.080045	0.977982	85	1	0.044145
APOBEC1	4	0.84386	0.84707	0.999995	808	1	-0.14548	0.54243	0.54136	0.999995	545	0	-0.14548
TRIM25	4	0.84409	0.84738	0.999995	809	1	-0.074459	0.48222	0.48124	0.999995	493	0	-0.074459
CD44	4	0.84479	0.84796	0.999995	810	1	-0.19335	0.80168	0.80287	0.999995	809	0	-0.19335
TMEM9	4	0.84525	0.84837	0.999995	811	1	-0.090293	0.62765	0.62692	0.999995	635	0	-0.090293
ANKRD10	4	0.84571	0.84873	0.999995	812	1	-0.13339	0.52549	0.52484	0.999995	533	0	-0.13339
PSEN2	4	0.84664	0.84966	0.999995	813	1	0.06888	0.1794	0.17945	0.98744	187	0	0.06888
RUNX1	4	0.8471	0.85008	0.999995	814	1	-0.08128	0.52709	0.52633	0.999995	534	0	-0.08128
SERPINA9	4	0.84847	0.85114	0.999995	815	1	-0.043997	0.39914	0.39747	0.999995	414	0	-0.043997
ATAD2B	4	0.8487	0.85132	0.999995	816	1	-0.0066305	0.27008	0.26872	0.993657	284	0	-0.0066305
STRIP2	4	0.85029	0.85269	0.999995	817	1	-0.043537	0.31567	0.31412	0.993657	333	0	-0.043537
ATOH1	4	0.85051	0.85285	0.999995	818	1	-0.16075	0.65842	0.65773	0.999995	660	0	-0.16075
AXL	4	0.85096	0.85319	0.999995	819	1	-0.12053	0.14404	0.14427	0.98744	153	1	-0.12053
SLCO2B1	4	0.85119	0.85334	0.999995	820	1	-0.15206	0.24226	0.24176	0.98744	256	0	-0.15206
NRBP1	4	0.85186	0.854	0.999995	821	1	-0.043345	0.59533	0.59504	0.999995	592	0	-0.043345
CELA2A	4	0.85409	0.85591	0.999995	822	1	-0.16997	0.78142	0.78262	0.999995	780	0	-0.16997
UMPS	4	0.85497	0.85675	0.999995	823	1	-0.037949	0.33523	0.3339	0.995906	355	0	-0.037949
FRY	4	0.85541	0.85716	0.999995	824	1	-0.023943	0.26114	0.26009	0.993657	277	0	-0.023943
ACTL7A	4	0.85651	0.85817	0.999995	825	1	-0.23121	0.56498	0.56528	0.999995	564	0	-0.23121
HEATR5B	4	0.85673	0.85834	0.999995	826	1	-0.078519	0.6168	0.61561	0.999995	622	0	-0.078519
ARFGEF1	4	0.85695	0.85854	0.999995	827	1	-0.095637	0.014471	0.023285	0.977982	21	1	-0.095637
OSMR	4	0.85804	0.85961	0.999995	828	1	-0.12886	0.73731	0.73693	0.999995	734	0	-0.12886
NCK2	4	0.85998	0.86119	0.999995	829	1	-0.092153	0.29856	0.29645	0.993657	314	0	-0.092153
GBX2	4	0.8602	0.86135	0.999995	830	1	-0.12508	0.67691	0.67609	0.999995	676	0	-0.12508
CABP5	4	0.86084	0.86203	0.999995	831	1	-0.076273	0.32969	0.32824	0.993657	348	0	-0.076273
RCBTB2	4	0.86169	0.86291	0.999995	832	1	-0.017836	0.59294	0.59279	0.999995	588	0	-0.017836
EFR3A	4	0.86339	0.86448	0.999995	833	1	-0.068222	0.15733	0.15709	0.98744	164	1	-0.068222
SEC11C	4	0.8636	0.86464	0.999995	834	1	-0.16605	0.27525	0.27382	0.993657	289	0	-0.16605
KRTAP1-1	4	0.86381	0.86483	0.999995	835	1	-0.072361	0.44878	0.4482	0.999995	459	0	-0.072361
UAP1L1	4	0.86402	0.86507	0.999995	836	1	-0.081716	0.39722	0.39558	0.999995	411	0	-0.081716
PXDNL	4	0.86486	0.86581	0.999995	837	1	0.0047665	0.23153	0.23096	0.98744	245	0	0.0047665
IFIH1	4	0.86549	0.86628	0.999995	838	1	-0.058036	0.24073	0.24014	0.98744	254	0	-0.058036
CWF19L1	4	0.86569	0.86649	0.999995	839	1	-0.19766	0.28771	0.28606	0.993657	302	0	-0.19766
TPRX1	4	0.8659	0.86669	0.999995	840	1	-0.00076095	0.39978	0.39811	0.999995	415	0	-0.00076095
NETO2	4	0.86652	0.86727	0.999995	841	0	-0.045426	0.49752	0.4965	0.999995	503	0	-0.045426
DZIP1L	4	0.86673	0.86749	0.999995	842	0	-0.11938	0.33454	0.33319	0.995906	354	0	-0.11938
BCAP31	4	0.86859	0.8693	0.999995	843	0	-0.20856	0.42125	0.42025	0.999995	433	0	-0.20856
TRPM1	4	0.869	0.86959	0.999995	844	0	-0.20248	0.56749	0.56784	0.999995	569	0	-0.20248
ERC1	4	0.8694	0.86994	0.999995	845	0	-0.031407	0.59198	0.59186	0.999995	587	0	-0.031407
SPTLC3	4	0.86961	0.87018	0.999995	846	0	-0.22976	0.75148	0.75153	0.999995	750	0	-0.22976
ZFYVE19	4	0.87062	0.87122	0.999995	847	0	-0.10671	0.71821	0.7175	0.999995	715	0	-0.10671
CHML	4	0.87143	0.87204	0.999995	848	0	-0.094169	0.73141	0.731	0.999995	732	0	-0.094169
BICD2	4	0.87163	0.87221	0.999995	849	0	-0.11012	0.75444	0.75467	0.999995	755	0	-0.11012
SPHKAP	4	0.87284	0.87354	0.999995	850	0	-0.021856	0.021879	0.029754	0.977982	24	1	-0.021856
DUOX1	4	0.87304	0.87371	0.999995	851	0	-0.080169	0.37772	0.37643	0.999995	392	0	-0.080169
NDEL1	4	0.87324	0.87396	0.999995	852	0	-0.045409	0.5533	0.55273	0.999995	554	0	-0.045409
SMAP2	4	0.87363	0.8744	0.999995	853	0	0.020109	0.43115	0.4302	0.999995	440	0	0.020109
IL6R	4	0.87383	0.87464	0.999995	854	0	-0.11765	0.46481	0.46445	0.999995	477	0	-0.11765
ADARB1	4	0.87403	0.87485	0.999995	855	0	-0.042789	0.48622	0.48514	0.999995	496	0	-0.042789
PPP2R1B	4	0.87542	0.87622	0.999995	856	0	-0.19465	0.54659	0.54573	0.999995	549	0	-0.19465
JUP	4	0.87581	0.87661	0.999995	857	0	-0.014118	0.10237	0.10412	0.984486	112	1	-0.014118
TGFBR2	4	0.876	0.87686	0.999995	858	0	-0.1221	0.65123	0.65067	0.999995	655	0	-0.1221
CTPS2	4	0.87679	0.87754	0.999995	859	0	0.032992	0.11699	0.1177	0.98744	125	1	0.032992
DLL1	4	0.87737	0.87811	0.999995	860	0	-0.071079	0.53243	0.53165	0.999995	536	0	-0.071079
MTA3	4	0.87854	0.87915	0.999995	861	0	-0.1525	0.86569	0.86649	0.999995	863	0	-0.1525
VIM	4	0.87873	0.87928	0.999995	862	0	-0.097865	0.5891	0.58914	0.999995	585	0	-0.097865
LIM2	4	0.87892	0.8794	0.999995	863	0	-0.034964	0.3192	0.31751	0.993657	337	0	-0.034964
LIMK2	4	0.8795	0.87992	0.999995	864	0	-0.050653	0.34963	0.34849	0.996189	369	0	-0.050653
ZEB1	4	0.87988	0.88028	0.999995	865	0	-0.11806	0.32481	0.32337	0.993657	343	0	-0.11806
IL10RA	4	0.88007	0.88049	0.999995	866	0	-0.055132	0.20024	0.20001	0.98744	211	0	-0.055132
NXT2	4	0.88065	0.88102	0.999995	867	0	-0.10537	0.46716	0.46677	0.999995	479	0	-0.10537
IAPP	4	0.88141	0.8818	0.999995	868	0	0.0092022	0.16063	0.16051	0.98744	167	1	0.0092022
CAB39L	4	0.88273	0.88311	0.999995	869	0	-0.032836	0.27893	0.27743	0.993657	291	0	-0.032836
ZNF423	4	0.8831	0.88353	0.999995	870	0	-0.10422	0.5497	0.54882	0.999995	551	0	-0.10422
LNX1	4	0.8846	0.88466	0.999995	871	0	-0.079063	0.69809	0.69745	0.999995	695	0	-0.079063
GBP3	4	0.88497	0.88498	0.999995	872	0	0.007113	0.025567	0.033017	0.977982	28	1	0.007113
ZNF521	4	0.88718	0.88726	0.999995	873	0	-0.10219	0.62631	0.62553	0.999995	633	0	-0.10219
ALAS1	8	0.88728	0.94485	0.999995	874	1	-0.12156	0.516	0.51472	0.999995	523	0	-0.12156
CYFIP2	4	0.88754	0.88761	0.999995	875	0	-0.095314	0.5163	0.5152	0.999995	524	0	-0.095314
RNF144A	4	0.88809	0.88814	0.999995	876	0	-0.086038	0.60896	0.6081	0.999995	610	0	-0.086038
LRFN1	4	0.88863	0.8886	0.999995	877	0	-0.039898	0.091932	0.094022	0.977982	101	1	-0.039898
PLCG2	4	0.88936	0.88943	0.999995	878	0	-0.14731	0.39786	0.39621	0.999995	412	0	-0.14731
CLTCL1	4	0.8899	0.89007	0.999995	879	0	0.092404	0.35573	0.35422	0.996189	376	0	0.092404
AOX1	4	0.89007	0.89033	0.999995	880	0	-0.016448	0.44938	0.44871	0.999995	460	0	-0.016448
TREML4	3	0.8905	0.89041	0.999995	881	0	0.020496	0.39011	0.38836	0.999995	405	0	0.020496
TAF9	4	0.8915	0.89176	0.999995	882	0	0.14257	0.17859	0.17861	0.98744	186	0	0.14257
ERN2	4	0.89168	0.89194	0.999995	883	0	-0.10534	0.6435	0.6428	0.999995	648	0	-0.10534
RSPH1	4	0.89431	0.89466	0.999995	884	0	-0.11816	0.56145	0.56159	0.999995	559	0	-0.11816
NCK1	4	0.89518	0.89537	0.999995	885	0	0.039432	0.042942	0.049108	0.977982	47	1	0.039432
TBPL2	4	0.89535	0.8956	0.999995	886	0	0.02954	0.1187	0.11947	0.98744	126	1	0.02954
MMD2	4	0.8957	0.89595	0.999995	887	0	-0.071328	0.41876	0.4175	0.999995	432	0	-0.071328
NOX3	4	0.89656	0.89672	0.999995	888	0	-0.050162	0.56347	0.56375	0.999995	562	0	-0.050162
PRSS37	4	0.8969	0.89711	0.999995	889	0	-0.097633	0.69037	0.68971	0.999995	687	0	-0.097633
CAT	4	0.89809	0.8984	0.999995	890	0	-0.13395	0.31355	0.31207	0.993657	331	0	-0.13395
REG3A	4	0.89843	0.89872	0.999995	891	0	-0.031365	0.15319	0.15318	0.98744	161	1	-0.031365
CCT6B	4	0.89927	0.89958	0.999995	892	0	-0.14501	0.43544	0.43467	0.999995	444	0	-0.14501
STX7	4	0.89994	0.90024	0.999995	893	0	-0.064047	0.081408	0.083953	0.977982	88	1	-0.064047
PDCD4	4	0.90011	0.90039	0.999995	894	0	-0.1207	0.29568	0.29382	0.993657	310	0	-0.1207
FBLN1	4	0.90176	0.90186	0.999995	895	0	0.077336	0.30929	0.30746	0.993657	327	0	0.077336
SLC25A15	4	0.90193	0.90204	0.999995	896	0	-0.054583	0.57889	0.57891	0.999995	579	0	-0.054583
EPC1	4	0.90209	0.90218	0.999995	897	0	-0.11621	0.74582	0.7453	0.999995	744	0	-0.11621
PRDM13	4	0.90242	0.90247	0.999995	898	0	-0.048858	0.028326	0.035626	0.977982	30	1	-0.048858
CAV1	4	0.90291	0.90292	0.999995	899	0	-0.13061	0.43606	0.43535	0.999995	446	0	-0.13061
RHOT1	4	0.90307	0.90312	0.999995	900	0	-0.087669	0.18666	0.18704	0.98744	197	0	-0.087669
ALG14	4	0.90324	0.90328	0.999995	901	0	-0.086708	0.5356	0.5348	0.999995	538	0	-0.086708
SHMT1	4	0.90356	0.90358	0.999995	902	0	-0.0083129	0.037481	0.044115	0.977982	40	1	-0.0083129
TNKS	4	0.90389	0.90387	0.999995	903	0	-0.11651	0.20341	0.20321	0.98744	215	0	-0.11651
ZNRF4	4	0.9047	0.90469	0.999995	904	0	-0.018913	0.6071	0.60629	0.999995	607	0	-0.018913
TBC1D1	4	0.90502	0.90501	0.999995	905	0	-0.023557	0.47646	0.4754	0.999995	488	0	-0.023557
KCNMB3	4	0.9063	0.90616	0.999995	906	0	-0.068526	0.18183	0.18211	0.98744	190	0	-0.068526
TAS1R2	4	0.90756	0.9076	0.999995	907	0	-0.014958	0.19547	0.19572	0.98744	204	0	-0.014958
ALAS2	4	0.90897	0.90899	0.999995	908	0	-0.08339	0.58717	0.58718	0.999995	582	0	-0.08339
RAP1GAP	4	0.91051	0.91061	0.999995	909	0	-0.020814	0.30644	0.30448	0.993657	323	0	-0.020814
NSDHL	4	0.91234	0.91247	0.999995	910	0	-0.064787	0.43789	0.43715	0.999995	449	0	-0.064787
CYP2C8	4	0.91325	0.91335	0.999995	911	0	0.085966	0.30787	0.30601	0.993657	325	0	0.085966
PLD1	4	0.9134	0.91347	0.999995	912	0	-0.16108	0.92977	0.92977	0.999995	923	0	-0.16108
CLASP1	4	0.9137	0.91371	0.999995	913	0	0.030383	0.22457	0.22402	0.98744	238	0	0.030383
AQP8	4	0.91429	0.91425	0.999995	914	0	-0.064932	0.13734	0.13789	0.98744	145	1	-0.064932
AP3M1	4	0.91518	0.91517	0.999995	915	0	0.00085951	0.21051	0.20992	0.98744	223	0	0.00085951
UBQLN3	4	0.91592	0.91583	0.999995	916	0	-0.031697	0.34006	0.33886	0.995906	359	0	-0.031697
FZD8	4	0.9165	0.91639	0.999995	917	0	-0.0030926	0.57048	0.5708	0.999995	573	0	-0.0030926
PLCG1	4	0.91824	0.91817	0.999995	918	0	-0.12634	0.19387	0.19421	0.98744	202	0	-0.12634
RSC1A1	4	0.91852	0.9184	0.999995	919	0	-0.13675	0.8014	0.8025	0.999995	808	0	-0.13675
HMGCLL1	4	0.91867	0.91852	0.999995	920	0	-0.14029	0.46774	0.4673	0.999995	480	0	-0.14029
MYBL2	4	0.91895	0.91881	0.999995	921	0	0.10096	0.23384	0.23321	0.98744	248	0	0.10096
RNF2	3	0.91902	0.91838	0.999995	922	0	0.00012564	0.44982	0.44882	0.999995	461	0	0.00012564
ARFGEF2	4	0.9191	0.91891	0.999995	923	0	-0.080691	0.68646	0.68567	0.999995	684	0	-0.080691
RNF125	4	0.91938	0.91918	0.999995	924	0	-0.019459	0.37244	0.37125	0.999995	387	0	-0.019459
ZNF185	4	0.92009	0.91998	0.999995	925	0	-0.028918	0.59342	0.5933	0.999995	590	0	-0.028918
SOHLH1	4	0.92051	0.92046	0.999995	926	0	-0.1988	0.8179	0.8202	0.999995	826	0	-0.1988
HOXB1	4	0.92342	0.92339	0.999995	927	0	-0.14112	0.71858	0.71783	0.999995	716	0	-0.14112
GPR183	4	0.92383	0.92378	0.999995	928	0	-0.10454	0.65294	0.65239	0.999995	657	0	-0.10454
LMBR1L	4	0.92437	0.92441	0.999995	929	0	-0.072861	0.6209	0.61983	0.999995	627	0	-0.072861
DYNLT3	4	0.92478	0.92481	0.999995	930	0	0.020582	0.024646	0.032269	0.977982	27	1	0.020582
CHM	4	0.92505	0.9251	0.999995	931	0	-0.0014619	0.658	0.65735	0.999995	659	0	-0.0014619
KLK12	4	0.92518	0.92526	0.999995	932	0	0.0017492	0.49415	0.49317	0.999995	500	0	0.0017492
MECP2	4	0.92652	0.92645	0.999995	933	0	-0.0071837	0.26785	0.26661	0.993657	282	0	-0.0071837
ATP8B3	4	0.92731	0.92723	0.999995	934	0	-0.13694	0.61999	0.61898	0.999995	625	0	-0.13694
GMPR2	4	0.92861	0.92859	0.999995	935	0	-0.089483	0.5915	0.59146	0.999995	586	0	-0.089483
MTUS1	4	0.92913	0.92917	0.999995	936	0	-0.058072	0.7131	0.71245	0.999995	710	0	-0.058072
RNF130	4	0.93016	0.93027	0.999995	937	0	-0.070486	0.13902	0.13928	0.98744	147	1	-0.070486
GALNT2	4	0.93054	0.93072	0.999995	938	0	-0.085749	0.70303	0.70264	0.999995	699	0	-0.085749
ERC2	4	0.93067	0.93082	0.999995	939	0	-0.001628	0.25589	0.25484	0.989865	272	0	-0.001628
RPL3L	4	0.93079	0.93099	0.999995	940	0	-0.080679	0.80856	0.81058	0.999995	817	0	-0.080679
GPR50	4	0.93192	0.93192	0.999995	941	0	-0.016952	0.2723	0.27101	0.993657	285	0	-0.016952
DNAJC15	4	0.93217	0.9322	0.999995	942	0	-0.068954	0.57643	0.57653	0.999995	577	0	-0.068954
TMEM120B	4	0.93476	0.9349	0.999995	943	0	-0.057699	0.40042	0.39872	0.999995	416	0	-0.057699
KAT6B	4	0.93488	0.93502	0.999995	944	0	-0.11636	0.75346	0.75349	0.999995	754	0	-0.11636
CHSY3	4	0.93572	0.93587	0.999995	945	0	-0.038729	0.2415	0.24096	0.98744	255	0	-0.038729
SIX6	4	0.93596	0.93609	0.999995	946	0	-0.096802	0.21913	0.21859	0.98744	233	0	-0.096802
GYS2	4	0.93691	0.93687	0.999995	947	0	-0.077792	0.60196	0.60148	0.999995	601	0	-0.077792
LDB2	4	0.93808	0.93796	0.999995	948	0	-0.11689	0.34212	0.34084	0.995906	361	0	-0.11689
TOMM20	3	0.9406	0.94004	0.999995	949	0	-0.018139	0.2079	0.20701	0.98744	219	0	-0.018139
ULK2	4	0.94083	0.94063	0.999995	950	0	-0.029799	0.06277	0.066881	0.977982	71	1	-0.029799
RTP1	4	0.94294	0.94271	0.999995	951	0	-0.011995	0.088434	0.090497	0.977982	97	1	-0.011995
RC3H2	4	0.94305	0.94281	0.999995	952	0	0.071825	0.36713	0.36585	0.999995	384	0	0.071825
SPDEF	4	0.94479	0.9447	0.999995	953	0	-0.072516	0.56598	0.56608	0.999995	566	0	-0.072516
NAPB	4	0.94542	0.94538	0.999995	954	0	-0.074352	0.60571	0.60505	0.999995	606	0	-0.074352
UTRN	4	0.94553	0.94549	0.999995	955	0	0.00030279	0.51793	0.51675	0.999995	525	0	0.00030279
JAG2	4	0.94574	0.94568	0.999995	956	0	-0.063489	0.37969	0.37847	0.999995	395	0	-0.063489
MRGPRX2	4	0.94616	0.94607	0.999995	957	0	-0.049254	0.58814	0.58818	0.999995	583	0	-0.049254
DNAJC19	3	0.94671	0.94625	0.999995	958	0	-0.048935	0.48768	0.4859	0.999995	498	0	-0.048935
SPTAN1	4	0.94731	0.94734	0.999995	959	0	-0.13824	0.79576	0.79703	0.999995	800	0	-0.13824
COPZ2	4	0.94751	0.94757	0.999995	960	0	0.1099	0.19706	0.19725	0.98744	207	0	0.1099
ARHGEF6	4	0.94782	0.94792	0.999995	961	0	-0.028959	0.14821	0.14836	0.98744	157	1	-0.028959
FLNB	4	0.94843	0.94858	0.999995	962	0	-0.052602	0.3206	0.31898	0.993657	339	0	-0.052602
CAPN2	4	0.94984	0.95014	0.999995	963	0	-0.062282	0.4964	0.49543	0.999995	502	0	-0.062282
JAG1	4	0.95053	0.95088	0.999995	964	0	-0.064553	0.51521	0.51422	0.999995	522	0	-0.064553
TSPO2	4	0.95073	0.95105	0.999995	965	0	-0.11909	0.23691	0.23629	0.98744	251	0	-0.11909
CNOT6L	4	0.95257	0.95305	0.999995	966	0	-0.008525	0.31779	0.31628	0.993657	336	0	-0.008525
RNF113B	4	0.95398	0.95454	0.999995	967	0	-0.040445	0.31708	0.31563	0.993657	335	0	-0.040445
HTR2C	4	0.95408	0.95459	0.999995	968	0	-0.083218	0.42312	0.42219	0.999995	435	0	-0.083218
SP110	4	0.95417	0.95466	0.999995	969	0	-0.0943	0.77719	0.77827	0.999995	776	0	-0.0943
SEC11A	4	0.95555	0.95614	0.999995	970	0	-0.055638	0.21208	0.21151	0.98744	224	0	-0.055638
TEX45	4	0.956	0.95664	0.999995	971	0	0.013203	0.066342	0.070153	0.977982	74	1	0.013203
EXOC6	4	0.95821	0.95871	0.999995	972	0	-0.029277	0.35438	0.35299	0.996189	375	0	-0.029277
CHUK	8	0.95828	0.9663	0.999995	973	1	-0.10562	0.83892	0.83838	0.999995	839	0	-0.10562
PPP3R2	4	0.95882	0.95925	0.999995	974	0	-0.0084049	0.40488	0.40336	0.999995	421	0	-0.0084049
SHCBP1L	4	0.95916	0.95959	0.999995	975	0	0.0031699	0.19467	0.19494	0.98744	203	0	0.0031699
RPS7	1	0.95975	0.95994	0.999995	976	0	0.26954	0.040249	0.040216	0.977982	44	1	0.26954
SLC35F4	4	0.96084	0.96147	0.999995	977	0	-0.0044891	0.52064	0.51979	0.999995	528	0	-0.0044891
RALGPS1	4	0.961	0.96159	0.999995	978	0	-0.040312	0.051091	0.056222	0.977982	57	1	-0.040312
ARHGEF3	4	0.96182	0.96224	0.999995	979	0	0.1162	0.1289	0.12967	0.98744	135	1	0.1162
ESRP2	4	0.96223	0.96259	0.999995	980	0	-0.035684	0.11185	0.11319	0.98744	119	1	-0.035684
PDX1	4	0.96294	0.96336	0.999995	981	0	0.024485	0.2453	0.24448	0.98744	260	0	0.024485
SPOPL	4	0.96381	0.96428	0.999995	982	0	0.094312	0.069014	0.072659	0.977982	78	1	0.094312
DDX17	4	0.96458	0.96505	0.999995	983	0	-0.075821	0.72469	0.72429	0.999995	724	0	-0.075821
ERN1	4	0.96511	0.96551	0.999995	984	0	-0.039297	0.53666	0.53585	0.999995	539	0	-0.039297
KPNA3	4	0.96549	0.96587	0.999995	985	0	0.0027	0.47299	0.47223	0.999995	484	0	0.0027
DDI1	8	0.96665	0.97025	0.999995	986	1	0.023835	0.038172	0.067554	0.977982	41	2	0.023835
DST	4	0.96668	0.96706	0.999995	987	0	-0.081521	0.69771	0.69706	0.999995	694	0	-0.081521
NCBP2L	4	0.96755	0.96793	0.999995	988	0	-0.067498	0.13986	0.14023	0.98744	148	1	-0.067498
SMARCC1	4	0.96762	0.96805	0.999995	989	0	-0.027391	0.66756	0.66672	0.999995	670	0	-0.027391
ITGB1BP2	4	0.96951	0.96968	0.999995	990	0	0.0015751	0.43238	0.43145	0.999995	441	0	0.0015751
UAP1	4	0.97012	0.97029	0.999995	991	0	0.060664	0.19627	0.19639	0.98744	206	0	0.060664
CTCFL	4	0.97033	0.9705	0.999995	992	0	-0.088348	0.78351	0.78464	0.999995	785	0	-0.088348
GOLPH3L	4	0.97046	0.97064	0.999995	993	0	0.058555	0.35302	0.35183	0.996189	374	0	0.058555
SMAP1	4	0.97099	0.9712	0.999995	994	0	0.018274	0.11357	0.11472	0.98744	121	1	0.018274
DYNLRB2	4	0.97165	0.97178	0.999995	995	0	-0.005766	0.031079	0.038094	0.977982	34	1	-0.005766
AIPL1	4	0.97178	0.97188	0.999995	996	0	-0.030395	0.41625	0.4149	0.999995	430	0	-0.030395
LIF	4	0.97216	0.97222	0.999995	997	0	0.026033	0.11528	0.11618	0.98744	123	1	0.026033
TRAPPC3L	4	0.97427	0.97442	0.999995	998	0	0.0059582	0.28625	0.28468	0.993657	300	0	0.0059582
LRBA	4	0.97451	0.97464	0.999995	999	0	-0.035913	0.29134	0.28965	0.993657	305	0	-0.035913
OGDHL	4	0.97505	0.97512	0.999995	1000	0	0.037309	0.30858	0.30682	0.993657	326	0	0.037309
SYK	4	0.97534	0.97539	0.999995	1001	0	0.008513	0.046571	0.052445	0.977982	51	1	0.008513
SLC22A13	4	0.97609	0.97618	0.999995	1002	0	0.043756	0.099766	0.10137	0.983843	109	1	0.043756
DRD3	4	0.97632	0.97633	0.999995	1003	0	-0.087965	0.14237	0.14295	0.98744	151	1	-0.087965
RPRD1A	4	0.97699	0.97708	0.999995	1004	0	-0.08178	0.72895	0.72861	0.999995	729	0	-0.08178
MPC1L	4	0.97721	0.9773	0.999995	1005	0	0.063538	0.30215	0.30023	0.993657	318	0	0.063538
PPP3R1	4	0.97835	0.97843	0.999995	1006	0	0.027806	0.16145	0.16147	0.98744	168	0	0.027806
TBC1D4	4	0.97898	0.97898	0.999995	1007	0	-0.015633	0.090184	0.092292	0.977982	99	1	-0.015633
NR5A1	4	0.97929	0.97931	0.999995	1008	0	-0.030715	0.50365	0.50251	0.999995	508	0	-0.030715
DCAF4L2	4	0.97949	0.97947	0.999995	1009	0	0.098936	0.26189	0.26087	0.993657	278	0	0.098936
AP5M1	4	0.97984	0.97993	0.999995	1010	0	-0.071179	0.78321	0.78436	0.999995	784	0	-0.071179
DMXL1	4	0.98014	0.98025	0.999995	1011	0	-0.064624	0.66093	0.66008	0.999995	665	0	-0.064624
NR2E1	4	0.98024	0.98032	0.999995	1012	0	-0.0018678	0.044758	0.050753	0.977982	49	1	-0.0018678
MBD3L1	4	0.98083	0.98083	0.999995	1013	0	0.037996	0.40616	0.40464	0.999995	422	0	0.037996
MORF4L2	4	0.98102	0.98106	0.999995	1014	0	-0.02891	0.12126	0.12223	0.98744	129	1	-0.02891
TNKS2	4	0.9815	0.98144	0.999995	1015	0	-0.062513	0.26413	0.26297	0.993657	279	0	-0.062513
STAM2	4	0.98219	0.98209	0.999995	1016	0	-0.053494	0.16883	0.16888	0.98744	175	0	-0.053494
TAF1L	3	0.9823	0.98204	0.999995	1017	0	0.099242	0.056968	0.058607	0.977982	65	1	0.099242
DGAT2L6	4	0.98251	0.98246	0.999995	1018	0	0.01894	0.27967	0.27808	0.993657	292	0	0.01894
SAR1B	4	0.98292	0.98282	0.999995	1019	0	-0.076697	0.76253	0.76318	0.999995	763	0	-0.076697
HMGCL	4	0.98408	0.98429	0.999995	1020	0	0.05481	0.18344	0.18387	0.98744	193	0	0.05481
CCNT2	4	0.98412	0.98433	0.999995	1021	0	0.12329	0.035655	0.042283	0.977982	38	1	0.12329
NETO1	4	0.98417	0.98437	0.999995	1022	0	-0.0056317	0.65251	0.65187	0.999995	656	0	-0.0056317
FAM71B	4	0.98437	0.9846	0.999995	1023	0	0.034623	0.10063	0.10219	0.983843	110	1	0.034623
LBX1	4	0.9845	0.98477	0.999995	1024	0	-0.00043675	0.28333	0.28193	0.993657	296	0	-0.00043675
SATB1	4	0.98458	0.98487	0.999995	1025	0	0.064276	0.0059823	0.011402	0.977982	5	2	0.064276
CD72	4	0.98519	0.98551	0.999995	1026	0	-0.03026	0.70828	0.70746	0.999995	704	0	-0.03026
SLITRK1	4	0.9857	0.98592	0.999995	1027	0	-0.057134	0.74142	0.74093	0.999995	737	0	-0.057134
SMARCA1	4	0.98582	0.98601	0.999995	1028	0	0.063822	0.2042	0.2039	0.98744	216	0	0.063822
TFDP3	4	0.98597	0.98613	0.999995	1029	0	0.027941	0.47531	0.47442	0.999995	487	0	0.027941
SUV39H1	4	0.98627	0.98635	0.999995	1030	0	0.084369	0.20973	0.20922	0.98744	222	0	0.084369
CLCA1	4	0.98786	0.98794	0.999995	1031	0	-0.044007	0.14654	0.1466	0.98744	156	1	-0.044007
DENND5B	4	0.98806	0.98815	0.999995	1032	0	0.081242	0.14069	0.14113	0.98744	149	1	0.081242
TAF9B	2	0.98887	0.98913	0.999995	1033	0	0.16411	0.13607	0.13624	0.98744	143	0	0.16411
CDC34	4	0.99003	0.99008	0.999995	1034	0	0.081669	0.23997	0.23938	0.98744	253	0	0.081669
FAM50B	4	0.99023	0.99026	0.999995	1035	0	0.011793	0.1432	0.1437	0.98744	152	1	0.011793
CSTF2	4	0.99026	0.9903	0.999995	1036	0	0.21818	0.083168	0.085664	0.977982	91	1	0.21818
PMM2	4	0.99108	0.99104	0.999995	1037	0	-0.010073	0.62721	0.62652	0.999995	634	0	-0.010073
TRPC7	4	0.99138	0.99132	0.999995	1038	0	0.0024083	0.61267	0.61172	0.999995	616	0	0.0024083
MECOM	4	0.99217	0.9921	0.999995	1039	0	0.035271	0.45595	0.45538	0.999995	468	0	0.035271
PCBD1	4	0.9934	0.99325	0.999995	1040	0	0.064774	0.34075	0.33942	0.995906	360	0	0.064774
GDF15	4	0.99476	0.9948	0.999995	1041	0	0.14729	0.068124	0.071752	0.977982	77	1	0.14729
ZNF260	4	0.99497	0.99508	0.999995	1042	0	0.03478	0.042034	0.048388	0.977982	46	1	0.03478
ARFIP1	4	0.99511	0.99517	0.999995	1043	0	0.037134	0.13818	0.13867	0.98744	146	1	0.037134
HRH1	4	0.99529	0.99531	0.999995	1044	0	0.051707	0.16637	0.1664	0.98744	173	0	0.051707
CHSY1	4	0.99532	0.99533	0.999995	1045	0	0.045573	0.2782	0.2768	0.993657	290	0	0.045573
FAM126B	4	0.99691	0.99707	0.999995	1046	0	0.09352	0.31	0.30818	0.993657	328	0	0.09352
DCAF8L1	4	0.99695	0.99709	0.999995	1047	0	0.060969	0.061876	0.065965	0.977982	70	1	0.060969
CAB39	4	0.99744	0.99746	0.999995	1048	0	0.072696	0.13397	0.13475	0.98744	140	1	0.072696
GSX2	4	0.99761	0.99763	0.999995	1049	0	0.065191	0.17209	0.17218	0.98744	178	0	0.065191
COQ10B	4	0.99767	0.99769	0.999995	1050	0	0.052676	0.25137	0.25045	0.98744	268	0	0.052676
PCBD2	4	0.99816	0.99826	0.999995	1051	0	0.10365	0.12041	0.12114	0.98744	128	1	0.10365
RC3H1	4	0.99825	0.9984	0.999995	1052	0	0.19167	0.00061685	0.0016502	0.582508	3	2	0.19167
SBNO2	4	0.99887	0.99902	0.999995	1053	0	0.11956	0.077879	0.081008	0.977982	83	1	0.11956
RRAGD	4	0.99939	0.99947	0.999995	1054	0	0.13656	0.0062402	0.011869	0.977982	8	2	0.13656
AMELX	4	0.99954	0.99956	0.999995	1055	0	0.16827	0.086681	0.088842	0.977982	95	1	0.16827
FRYL	4	0.99956	0.99957	0.999995	1056	0	0.25667	0.0022443	0.0047822	0.977982	4	2	0.25667
ZNF146	4	0.99969	0.99967	0.999995	1057	0	0.12443	0.11614	0.11695	0.98744	124	1	0.12443
SIK2	4	0.99999	1.0	0.999995	1058	0	0.35931	1.1909e-06	1.4024e-05	0.007426	2	3	0.35931
TP53	4	1.0	1.0	0.999995	1059	0	0.89149	1.244e-12	4.6747e-06	0.00495	1	4	0.89149
