id	num	neg|score	neg|p-value	neg|fdr	neg|rank	neg|goodsgrna	neg|lfc	pos|score	pos|p-value	pos|fdr	pos|rank	pos|goodsgrna	pos|lfc
NAE1	16	8.4957e-14	4.6703e-06	0.000206	1	15	-0.74171	0.99901	0.99925	0.999995	990	0	-0.74171
MYC	16	6.2042e-12	4.6703e-06	0.000206	2	16	-1.1853	1.0	1.0	0.999995	1058	0	-1.1853
RRM1	16	1.0817e-11	4.6703e-06	0.000206	3	16	-1.7503	1.0	1.0	0.999995	1054	0	-1.7503
PRPF8	8	5.9183e-11	4.6703e-06	0.000206	4	8	-1.5615	1.0	1.0	0.999995	1060	0	-1.5615
CCND1	8	9.7278e-11	4.6703e-06	0.000206	5	8	-1.9201	1.0	1.0	0.999995	1059	0	-1.9201
BUB3	8	9.4183e-10	4.6703e-06	0.000206	6	8	-1.8638	1.0	1.0	0.999995	1057	0	-1.8638
PPP4C	8	2.343e-09	4.6703e-06	0.000206	7	8	-1.3119	1.0	1.0	0.999995	1046	0	-1.3119
RPL3	14	3.024e-09	4.6703e-06	0.000206	8	13	-1.3029	0.98835	0.98865	0.999995	933	0	-1.3029
COPA	8	1.1e-08	4.6703e-06	0.000206	9	8	-1.8598	1.0	1.0	0.999995	1056	0	-1.8598
POLR2L	8	1.7813e-08	4.6703e-06	0.000206	10	8	-1.9618	1.0	1.0	0.999995	1055	0	-1.9618
CDIPT	8	3.0046e-08	4.6703e-06	0.000206	11	8	-1.691	0.99676	0.99661	0.999995	965	0	-1.691
PPP2CA	16	2.0348e-07	1.4011e-05	0.000479	12	14	-1.0284	0.99906	0.99929	0.999995	992	0	-1.0284
SF3B1	8	2.246e-07	4.6703e-06	0.000206	13	8	-1.1974	0.99888	0.99887	0.999995	987	0	-1.1974
TOP2A	8	2.4929e-07	4.6703e-06	0.000206	14	8	-1.459	1.0	1.0	0.999995	1050	0	-1.459
MED18	16	2.5345e-07	1.4011e-05	0.000479	15	14	-1.1469	0.76714	0.76618	0.999995	672	0	-1.1469
KIF11	8	2.6223e-07	4.6703e-06	0.000206	16	8	-1.1253	1.0	1.0	0.999995	1053	0	-1.1253
SF3B3	8	2.8936e-07	4.6703e-06	0.000206	17	8	-1.4263	1.0	1.0	0.999995	1052	0	-1.4263
ATP6V1B2	8	3.2669e-07	4.6703e-06	0.000206	18	8	-1.6066	1.0	1.0	0.999995	1051	0	-1.6066
AHCYL1	8	3.6602e-07	4.6703e-06	0.000206	19	8	-1.1651	0.99997	0.99998	0.999995	1026	0	-1.1651
NKAP	8	4.5719e-07	4.6703e-06	0.000206	20	8	-0.73525	1.0	1.0	0.999995	1049	0	-0.73525
TOMM40	14	4.7655e-07	4.6703e-06	0.000206	21	12	-0.66526	0.99949	0.99951	0.999995	999	0	-0.66526
MAT2A	8	5.7255e-07	4.6703e-06	0.000206	22	8	-1.1457	1.0	1.0	0.999995	1044	0	-1.1457
ALDOA	8	6.0677e-07	4.6703e-06	0.000206	23	7	-1.6982	0.92719	0.92638	0.999995	830	0	-1.6982
MTHFD1	8	6.1734e-07	4.6703e-06	0.000206	24	8	-1.0099	1.0	1.0	0.999995	1048	0	-1.0099
ATP5F1B	8	6.4892e-07	4.6703e-06	0.000206	25	8	-0.86829	1.0	1.0	0.999995	1047	0	-0.86829
UQCRC1	8	1.0016e-06	4.6703e-06	0.000206	26	8	-0.75463	0.99987	0.99982	0.999995	1014	0	-0.75463
CKAP5	16	1.2225e-06	1.4011e-05	0.000479	27	15	-0.93501	0.99706	0.99753	0.999995	967	0	-0.93501
RPS19	8	1.4232e-06	1.4011e-05	0.000479	28	8	-1.5168	0.99999	1.0	0.999995	1040	0	-1.5168
NDUFB4	8	1.6012e-06	1.4011e-05	0.000479	29	8	-0.92925	1.0	1.0	0.999995	1045	0	-0.92925
RPA1	8	1.8666e-06	1.4011e-05	0.000479	30	8	-1.2414	0.99981	0.99972	0.999995	1012	0	-1.2414
ELL	8	2.0431e-06	1.4011e-05	0.000479	31	8	-1.0541	0.99996	0.99995	0.999995	1024	0	-1.0541
MRPL38	8	2.1622e-06	2.3351e-05	0.00075	32	8	-0.68984	1.0	1.0	0.999995	1043	0	-0.68984
VCP	8	3.1476e-06	3.2692e-05	0.001019	33	7	-2.0094	0.97083	0.97024	0.999995	878	0	-2.0094
VMP1	8	5.2431e-06	4.2033e-05	0.001204	34	8	-1.1566	0.99999	1.0	0.999995	1042	0	-1.1566
RPL13	6	5.8857e-06	2.3351e-05	0.00075	35	6	-1.322	0.99999	1.0	0.999995	1041	0	-1.322
KIF4A	8	5.9938e-06	5.1373e-05	0.00121	36	8	-1.1394	0.99999	1.0	0.999995	1037	0	-1.1394
MRPL41	8	6.231e-06	5.1373e-05	0.00121	37	8	-0.7558	0.99999	1.0	0.999995	1039	0	-0.7558
RPS5	8	6.3185e-06	5.1373e-05	0.00121	38	7	-1.2256	0.9852	0.98513	0.999995	926	0	-1.2256
HMGCS1	7	6.8172e-06	4.2033e-05	0.001204	39	7	-1.6944	0.99999	1.0	0.999995	1038	0	-1.6944
RIC8A	8	7.1745e-06	5.1373e-05	0.00121	40	8	-0.94457	0.99833	0.9983	0.999995	978	0	-0.94457
MED20	8	7.342e-06	5.1373e-05	0.00121	41	8	-0.94562	0.99947	0.99938	0.999995	997	0	-0.94562
CDK2	8	8.5987e-06	6.0714e-05	0.001369	42	7	-1.4275	0.93247	0.93165	0.999995	835	0	-1.4275
INTS6	6	8.6704e-06	4.2033e-05	0.001204	43	6	-1.282	0.99999	1.0	0.999995	1036	0	-1.282
PRKDC	16	9.3941e-06	0.00010742	0.002324	44	14	-0.5289	0.95557	0.95562	0.999995	865	0	-0.5289
RPL10A	7	1.0116e-05	5.1373e-05	0.00121	45	7	-1.2269	0.99624	0.99587	0.999995	960	0	-1.2269
TUFM	7	1.0327e-05	5.1373e-05	0.00121	46	7	-1.1799	0.99999	1.0	0.999995	1035	0	-1.1799
CDK7	7	1.2429e-05	5.1373e-05	0.00121	47	7	-1.4488	0.99997	0.99998	0.999995	1027	0	-1.4488
CLTC	8	1.2633e-05	0.00010742	0.002324	48	8	-1.1	0.99998	0.99999	0.999995	1028	0	-1.1
SMC1A	8	1.5623e-05	0.00013544	0.002871	49	8	-0.88429	0.99998	1.0	0.999995	1034	0	-0.88429
DYNLRB1	7	1.6273e-05	6.0714e-05	0.001369	50	7	-1.3987	0.99991	0.99993	0.999995	1017	0	-1.3987
ATP5F1A	8	1.7115e-05	0.00014478	0.003009	51	8	-0.9289	0.99904	0.99899	0.999995	991	0	-0.9289
TOP1	8	1.7397e-05	0.00015412	0.003082	52	8	-0.88318	0.99998	1.0	0.999995	1033	0	-0.88318
XAB2	8	1.7815e-05	0.00015412	0.003082	53	7	-1.3272	0.51745	0.51769	0.825184	258	0	-1.3272
COX6B1	16	1.8041e-05	0.00025687	0.004464	54	12	-0.8042	0.76714	0.76618	0.999995	674	0	-0.8042
ZNF407	8	1.8175e-05	0.00016346	0.00315	55	8	-0.8262	0.99985	0.99978	0.999995	1013	0	-0.8262
MTG2	8	1.8725e-05	0.00016346	0.00315	56	8	-0.51154	0.99998	1.0	0.999995	1031	0	-0.51154
RNF40	8	1.99e-05	0.0001728	0.003271	57	8	-1.1165	0.99998	1.0	0.999995	1032	0	-1.1165
POLR2A	8	2.1076e-05	0.00019148	0.003499	58	8	-0.88162	0.99998	0.99999	0.999995	1030	0	-0.88162
SMARCA4	8	2.1152e-05	0.00019148	0.003499	59	8	-0.81069	0.99998	0.99999	0.999995	1029	0	-0.81069
CAND1	8	2.3214e-05	0.00020082	0.003608	60	7	-0.9087	0.51745	0.51769	0.825184	490	0	-0.9087
MED12	8	2.5538e-05	0.00023818	0.004208	61	7	-1.0518	0.97288	0.97212	0.999995	883	0	-1.0518
NAA10	8	3.2229e-05	0.00029423	0.00495	62	8	-0.7834	0.99992	0.99991	0.999995	1020	0	-0.7834
UTP14A	8	3.2674e-05	0.00029423	0.00495	63	7	-0.76461	0.92794	0.92721	0.999995	831	0	-0.76461
TRRAP	8	3.4257e-05	0.00030357	0.005028	64	8	-1.1937	0.99997	0.99997	0.999995	1025	0	-1.1937
CDS2	8	5.0366e-05	0.00040631	0.006242	65	8	-0.9782	0.99955	0.99945	0.999995	1001	0	-0.9782
ACTL6A	8	5.0798e-05	0.00040631	0.006242	66	7	-1.1059	0.91271	0.91218	0.999995	813	0	-1.1059
PSMB3	7	6.1534e-05	0.00034093	0.00556	67	7	-1.7599	0.99994	0.99997	0.999995	1023	0	-1.7599
PRPF38A	8	6.3008e-05	0.00049972	0.007158	68	7	-1.2769	0.82038	0.8203	0.999995	713	0	-1.2769
ATR	8	6.3435e-05	0.00049972	0.007158	69	7	-0.89486	0.80266	0.80255	0.999995	705	0	-0.89486
INTS2	8	6.3979e-05	0.00049972	0.007158	70	8	-0.9033	0.99994	0.99994	0.999995	1022	0	-0.9033
PFAS	8	6.4242e-05	0.00049972	0.007158	71	8	-1.3198	0.99958	0.99948	0.999995	1002	0	-1.3198
TIMM10	8	6.636e-05	0.00049972	0.007158	72	8	-1.1164	0.99964	0.99955	0.999995	1005	0	-1.1164
PDCD6IP	8	6.7761e-05	0.00050906	0.007195	73	8	-0.68435	0.99862	0.99858	0.999995	983	0	-0.68435
DHX9	6	7.2255e-05	0.00040631	0.006242	74	6	-0.8767	0.99993	0.99996	0.999995	1021	0	-0.8767
MYBL2	8	7.6954e-05	0.00058378	0.007762	75	8	-0.60582	0.99992	0.99991	0.999995	1019	0	-0.60582
SNRPD3	8	7.7059e-05	0.00058378	0.007762	76	7	-1.715	0.99616	0.9961	0.999995	959	0	-1.715
RPS23	6	7.7605e-05	0.00040631	0.006242	77	6	-1.2621	0.99992	0.99995	0.999995	1018	0	-1.2621
AKIRIN2	8	7.9313e-05	0.00059313	0.007762	78	7	-0.80764	0.99189	0.99182	0.999995	943	0	-0.80764
CTR9	8	8.0052e-05	0.00059313	0.007762	79	7	-0.8456	0.51745	0.51769	0.825184	351	0	-0.8456
RRM2B	16	8.6603e-05	0.00095741	0.010796	80	13	-0.31947	0.76714	0.76618	0.999995	679	0	-0.31947
ILF3	8	9.2501e-05	0.00066785	0.008633	81	6	-1.0858	0.98296	0.98272	0.999995	921	0	-1.0858
CLNS1A	7	0.00010108	0.00052774	0.007361	82	7	-1.3847	0.9999	0.99992	0.999995	1016	0	-1.3847
RPL8	8	0.00010252	0.00073323	0.009364	83	8	-1.4194	0.9999	0.99987	0.999995	1015	0	-1.4194
LONP1	8	0.00010649	0.00074257	0.009371	84	7	-1.0023	0.86833	0.8678	0.999995	766	0	-1.0023
RRM2	7	0.00010685	0.00055576	0.007651	85	6	-0.68733	0.74821	0.74677	0.999995	669	0	-0.68733
UCHL5	8	0.00011324	0.00076126	0.009493	86	7	-0.69379	0.98766	0.98754	0.999995	932	0	-0.69379
GAPDH	8	0.00011498	0.0007706	0.009498	87	7	-1.1148	0.99091	0.99065	0.999995	939	0	-1.1148
EZH2	8	0.00011681	0.00078928	0.009616	88	7	-0.67303	0.98374	0.98357	0.999995	923	0	-0.67303
ATP6V1C1	8	0.00012082	0.00079862	0.00962	89	8	-0.66586	0.99889	0.99887	0.999995	988	0	-0.66586
MORF4L2	8	0.00013111	0.00082664	0.009845	90	7	-0.72448	0.97828	0.97769	0.999995	904	0	-0.72448
RPL36	8	0.00013208	0.00083598	0.009846	91	8	-1.0249	0.99979	0.99972	0.999995	1011	0	-1.0249
RNF113A	8	0.00014007	0.00087334	0.010173	92	7	-1.0724	0.96584	0.96532	0.999995	874	0	-1.0724
NXT1	8	0.00014809	0.00092939	0.010593	93	7	-0.76954	0.83515	0.83494	0.999995	729	0	-0.76954
ATP7A	8	0.00015338	0.00098543	0.010995	94	8	-0.59545	0.99826	0.99819	0.999995	977	0	-0.59545
ABT1	8	0.00015899	0.0010228	0.011177	95	7	-0.7558	0.95744	0.95666	0.999995	866	0	-0.7558
HNRNPK	7	0.00016615	0.00089202	0.010278	96	6	-1.6643	0.47143	0.4715	0.825184	36	0	-1.6643
GFM1	8	0.00016833	0.0010975	0.011871	97	7	-0.96858	0.88045	0.87968	0.999995	777	0	-0.96858
ARID1A	8	0.00017257	0.0011349	0.012151	98	8	-0.61258	0.99952	0.99943	0.999995	1000	0	-0.61258
RPL14	6	0.00018708	0.0010228	0.011177	99	5	-1.7084	0.9764	0.97618	0.999995	893	0	-1.7084
DYNC1LI2	8	0.00019442	0.001247	0.013185	100	8	-0.43678	0.99854	0.99847	0.999995	982	0	-0.43678
VPS37A	8	0.00019843	0.0012563	0.013185	101	7	-1.0184	0.90969	0.90895	0.999995	808	0	-1.0184
SF3B2	8	0.00020677	0.0012843	0.013313	102	7	-0.96969	0.97215	0.97137	0.999995	882	0	-0.96969
FANCF	8	0.00021595	0.0013404	0.013404	103	8	-0.4696	0.99978	0.99971	0.999995	1010	0	-0.4696
SOD1	8	0.00021638	0.0013404	0.013404	104	7	-1.1522	0.98237	0.98207	0.999995	916	0	-1.1522
SLC25A28	8	0.00023514	0.0014338	0.0141	105	8	-0.70885	0.99976	0.9997	0.999995	1009	0	-0.70885
RPL17	6	0.00023536	0.0012937	0.013313	106	5	-0.99957	0.94769	0.9481	0.999995	853	0	-0.99957
SNRPD2	6	0.00023736	0.0013217	0.013404	107	5	-1.5919	0.98138	0.98126	0.999995	913	0	-1.5919
BUB1B	8	0.0002387	0.0014618	0.0141	108	7	-0.87134	0.87958	0.87884	0.999995	775	0	-0.87134
RFC2	8	0.00023985	0.0014805	0.0141	109	6	-0.93413	0.51745	0.51769	0.825184	98	0	-0.93413
SF1	8	0.00024016	0.0014805	0.0141	110	8	-1.3484	0.99976	0.9997	0.999995	1008	0	-1.3484
ATP6V1D	8	0.00024038	0.0014805	0.0141	111	7	-1.084	0.51745	0.51769	0.825184	498	0	-1.084
SF3A1	8	0.00024685	0.0015085	0.014151	112	7	-0.9275	0.93378	0.93303	0.999995	836	0	-0.9275
GTF3C1	8	0.00025115	0.0015365	0.014287	113	8	-0.80024	0.99975	0.99969	0.999995	1007	0	-0.80024
TUBB	6	0.00027663	0.0014898	0.0141	114	5	-1.1657	0.42102	0.42159	0.825184	8	0	-1.1657
HSCB	8	0.00028312	0.0018354	0.016772	115	8	-0.7634	0.99972	0.99965	0.999995	1006	0	-0.7634
MED8	8	0.00028903	0.0018728	0.016967	116	6	-0.77322	0.90069	0.90038	0.999995	798	0	-0.77322
RPS3	6	0.00034451	0.0018074	0.016659	117	6	-1.2449	0.99178	0.99183	0.999995	942	0	-1.2449
TSG101	8	0.00035985	0.0024519	0.021479	118	8	-0.85424	0.9991	0.99901	0.999995	993	0	-0.85424
NDUFC1	8	0.00036564	0.0024799	0.021547	119	7	-0.5524	0.97112	0.97054	0.999995	879	0	-0.5524
RPL11	7	0.00038276	0.0021623	0.019424	120	7	-1.1271	0.99892	0.99891	0.999995	989	0	-1.1271
PSMA2	8	0.00038417	0.0026013	0.022237	121	6	-1.0156	0.51745	0.51769	0.825184	51	0	-1.0156
CPSF3	8	0.0003994	0.0026948	0.02257	122	8	-0.71984	0.9996	0.9995	0.999995	1004	0	-0.71984
SBNO1	8	0.00040913	0.0027601	0.022834	123	7	-0.95816	0.51745	0.51769	0.825184	302	0	-0.95816
AFG3L2	6	0.00042347	0.0022838	0.020343	124	6	-0.96505	0.99958	0.99961	0.999995	1003	0	-0.96505
WRN	8	0.00042483	0.0028816	0.023496	125	7	-0.69946	0.97408	0.9734	0.999995	885	0	-0.69946
PTPN11	7	0.00042564	0.0024145	0.021328	126	7	-0.70073	0.99627	0.99589	0.999995	961	0	-0.70073
MED31	8	0.00044909	0.0029843	0.023965	127	7	-1.0278	0.98847	0.98819	0.999995	934	0	-1.0278
SFPQ	8	0.00046545	0.0030123	0.024008	128	8	-0.7193	0.99743	0.99741	0.999995	970	0	-0.7193
CCT6A	7	0.00048009	0.0026948	0.02257	129	6	-0.96003	0.97671	0.97665	0.999995	895	0	-0.96003
CHORDC1	6	0.00048079	0.002536	0.021855	130	5	-1.0231	0.85997	0.86169	0.999995	757	0	-1.0231
XRCC6	7	0.00048319	0.0027041	0.02257	131	7	-0.88929	0.99914	0.99914	0.999995	994	0	-0.88929
MECP2	8	0.00049136	0.0030964	0.024494	132	7	-0.47185	0.9914	0.9912	0.999995	941	0	-0.47185
PFN1	7	0.00049537	0.0027788	0.022834	133	5	-0.98316	0.96617	0.96615	0.999995	875	0	-0.98316
TRAPPC3	8	0.00051665	0.0032458	0.025486	134	7	-0.59089	0.51745	0.51769	0.825184	187	0	-0.59089
E2F3	7	0.00052049	0.0029283	0.023694	135	7	-0.57019	0.99948	0.99947	0.999995	998	0	-0.57019
PMPCB	8	0.00052867	0.0033112	0.025808	136	6	-1.2885	0.51745	0.51769	0.825184	149	0	-1.2885
WASL	8	0.00058382	0.0036755	0.028438	137	8	-0.26676	0.99942	0.99927	0.999995	996	0	-0.26676
STT3B	8	0.00062391	0.0038717	0.029457	138	8	-0.45255	0.99882	0.99881	0.999995	986	0	-0.45255
EAF1	8	0.00062625	0.003881	0.029457	139	8	-0.95547	0.99685	0.99672	0.999995	966	0	-0.95547
SF3B5	8	0.00063155	0.003909	0.029457	140	6	-1.2068	0.83669	0.83641	0.999995	731	0	-1.2068
CAP1	8	0.00063324	0.0039184	0.029457	141	7	-0.80046	0.51745	0.51769	0.825184	475	0	-0.80046
SBNO2	8	0.00066129	0.0040678	0.030365	142	7	-0.90216	0.9942	0.99415	0.999995	951	0	-0.90216
LSM4	8	0.00069136	0.0042453	0.03125	143	8	-1.0862	0.99825	0.99818	0.999995	976	0	-1.0862
NUTF2	7	0.00069856	0.0041145	0.030499	144	7	-1.9814	0.99853	0.99857	0.999995	981	0	-1.9814
WDR12	8	0.00079809	0.0048431	0.034923	145	6	-0.74213	0.98034	0.97988	0.999995	909	0	-0.74213
EIF4A3	8	0.00083319	0.0050112	0.035891	146	8	-1.5232	0.99917	0.99906	0.999995	995	0	-1.5232
PKM	6	0.00087103	0.0044881	0.032721	147	5	-0.86359	0.42102	0.42159	0.825184	4	0	-0.86359
RPL19	6	0.00088579	0.0045068	0.032721	148	4	-0.96191	0.42102	0.42159	0.825184	7	0	-0.96191
EIF3B	8	0.00089679	0.0053942	0.038375	149	7	-0.7977	0.9936	0.99356	0.999995	948	0	-0.7977
POLR2B	8	0.00090911	0.0054689	0.038647	150	7	-1.1155	0.96208	0.96135	0.999995	869	0	-1.1155
PSMC3	8	0.00094479	0.005665	0.039768	151	7	-0.70919	0.51745	0.51769	0.825184	46	0	-0.70919
ISCA2	8	0.00096765	0.0057398	0.03996	152	7	-0.58695	0.51745	0.51769	0.825184	512	0	-0.58695
POLR2F	8	0.00097925	0.0057678	0.03996	153	6	-1.2009	0.88558	0.88529	0.999995	780	0	-1.2009
EP300	8	0.0010656	0.0063282	0.043277	154	7	-0.55645	0.97698	0.97641	0.999995	899	0	-0.55645
LDB1	16	0.0011314	0.0098963	0.061881	155	14	-0.28869	0.76714	0.76618	0.999995	685	0	-0.28869
RAN	7	0.0011323	0.0066551	0.045221	156	5	-1.2316	0.98222	0.9824	0.999995	915	0	-1.2316
COPG1	8	0.0011689	0.006842	0.046194	157	5	-0.74029	0.95093	0.95042	0.999995	859	0	-0.74029
ERH	8	0.0011918	0.0069447	0.046591	158	6	-1.0677	0.51745	0.51769	0.825184	405	0	-1.0677
RPS11	7	0.0012158	0.0071128	0.046891	159	5	-1.6033	0.97948	0.97977	0.999995	907	0	-1.6033
HNRNPH3	8	0.0012176	0.0070848	0.046891	160	8	-0.39715	0.99878	0.99877	0.999995	984	0	-0.39715
GATAD2A	8	0.0012221	0.0071222	0.046891	161	6	-0.70091	0.51745	0.51769	0.825184	602	0	-0.70091
HASPIN	8	0.0013236	0.0077573	0.050446	162	7	-0.38519	0.51745	0.51769	0.825184	646	0	-0.38519
FARS2	8	0.0013698	0.0079348	0.051286	163	7	-0.60944	0.81062	0.81065	0.999995	707	0	-0.60944
EIF3L	8	0.0014804	0.00857	0.055056	164	7	-0.58593	0.81513	0.8151	0.999995	711	0	-0.58593
PSMB6	8	0.0015155	0.0088408	0.056454	165	8	-0.79539	0.99848	0.99846	0.999995	980	0	-0.79539
NCBP2	8	0.0016334	0.0096815	0.061451	166	5	-0.61196	0.51745	0.51769	0.825184	137	0	-0.61196
RPS8	5	0.0016463	0.0076452	0.050024	167	5	-1.6281	0.99835	0.99841	0.999995	979	0	-1.6281
COX4I1	8	0.0016688	0.0099243	0.061881	168	7	-0.53754	0.51745	0.51769	0.825184	380	0	-0.53754
ADSS	7	0.0017285	0.0097469	0.061498	169	5	-0.62344	0.47143	0.4715	0.825184	29	0	-0.62344
RPP21	8	0.0019108	0.011381	0.070552	170	6	-0.68573	0.83205	0.83184	0.999995	725	0	-0.68573
SOS1	8	0.0019276	0.011475	0.070717	171	7	-0.48683	0.88697	0.88669	0.999995	784	0	-0.48683
MED26	8	0.0020456	0.012129	0.074315	172	6	-0.80918	0.98353	0.98332	0.999995	922	0	-0.80918
RPL18A	3	0.0020615	0.005992	0.041243	173	3	-1.2317	0.99794	0.99775	0.999995	975	0	-1.2317
RNF20	8	0.0021571	0.012736	0.077143	174	7	-0.63903	0.89396	0.89379	0.999995	794	0	-0.63903
SNRPB	8	0.002223	0.013119	0.079011	175	7	-0.67606	0.98898	0.98866	0.999995	936	0	-0.67606
RBBP4	7	0.0022432	0.012353	0.075253	176	6	-0.929	0.91916	0.91812	0.999995	818	0	-0.929
RPP14	8	0.0023309	0.01367	0.081865	177	8	-0.6048	0.99767	0.99764	0.999995	974	0	-0.6048
SEPHS2	8	0.0023644	0.013847	0.082102	178	6	-0.54844	0.97694	0.97637	0.999995	898	0	-0.54844
SIN3A	8	0.0023729	0.013875	0.082102	179	8	-0.4496	0.99763	0.99762	0.999995	973	0	-0.4496
CHMP1A	8	0.0024061	0.01395	0.082102	180	8	-0.44672	0.99759	0.99759	0.999995	972	0	-0.44672
RPRD1B	8	0.0024401	0.0141	0.082102	181	6	-0.66671	0.98001	0.97953	0.999995	908	0	-0.66671
SNAPC4	8	0.0024541	0.014174	0.082102	182	8	-0.65042	0.99755	0.99752	0.999995	971	0	-0.65042
SPTLC2	8	0.0026923	0.015351	0.087485	183	7	-0.63319	0.9715	0.97081	0.999995	880	0	-0.63319
TOMM22	7	0.002723	0.014875	0.085229	184	7	-0.73007	0.99728	0.99697	0.999995	969	0	-0.73007
TNPO1	6	0.0028888	0.014072	0.082102	185	6	-0.70403	0.99711	0.99715	0.999995	968	0	-0.70403
DYNC1LI1	7	0.0029741	0.016126	0.091412	186	6	-0.36998	0.98755	0.98741	0.999995	931	0	-0.36998
RPL5	7	0.0030275	0.016425	0.092611	187	6	-0.85883	0.79829	0.79683	0.999995	702	0	-0.85883
EEFSEC	8	0.0030375	0.017023	0.095474	188	7	-0.64399	0.99574	0.99566	0.999995	956	0	-0.64399
SKA1	8	0.0032546	0.018284	0.102006	189	6	-0.75426	0.51745	0.51769	0.825184	273	0	-0.75426
RPL31	5	0.003339	0.014837	0.085229	190	5	-1.554	0.99508	0.99519	0.999995	953	0	-1.554
CRKL	8	0.0034387	0.019274	0.106967	191	6	-0.54844	0.51745	0.51769	0.825184	353	0	-0.54844
IMPDH2	8	0.0035682	0.019975	0.109647	192	7	-0.50288	0.98878	0.98852	0.999995	935	0	-0.50288
SP110	8	0.0036059	0.020143	0.109647	193	6	-0.41156	0.84939	0.84931	0.999995	748	0	-0.41156
ATP5F1D	8	0.0036154	0.020171	0.109647	194	7	-0.66653	0.99579	0.99572	0.999995	957	0	-0.66653
ATP5PB	8	0.0037522	0.020759	0.11227	195	7	-0.49248	0.83303	0.83281	0.999995	726	0	-0.49248
KIF20A	16	0.0038228	0.028521	0.146761	196	13	-0.36819	0.76714	0.76618	0.999995	689	0	-0.36819
NRBP1	8	0.0039834	0.022067	0.118736	197	6	-0.64132	0.51745	0.51769	0.825184	123	0	-0.64132
USP5	8	0.0040604	0.022441	0.120137	198	6	-0.65177	0.51745	0.51769	0.825184	251	0	-0.65177
CCNE2	8	0.0041362	0.022824	0.121573	199	7	-0.55442	0.97934	0.97886	0.999995	905	0	-0.55442
DGKZ	6	0.0041804	0.020078	0.109647	200	6	-0.53575	0.99582	0.99576	0.999995	958	0	-0.53575
NMT1	8	0.0043958	0.024187	0.127555	201	7	-0.39496	0.9963	0.99624	0.999995	962	0	-0.39496
ATP6V1E1	7	0.0044682	0.023393	0.123985	202	5	-0.72647	0.98081	0.98106	0.999995	911	0	-0.72647
MED13	8	0.0046645	0.025327	0.132249	203	7	-0.51929	0.99401	0.99395	0.999995	950	0	-0.51929
INCENP	8	0.0047031	0.025551	0.132765	204	6	-0.5187	0.89461	0.89444	0.999995	795	0	-0.5187
EIF3J	7	0.0047274	0.024678	0.129497	205	7	-0.50693	0.99527	0.99495	0.999995	955	0	-0.50693
TMEM30A	8	0.0050396	0.027064	0.139942	206	7	-0.46025	0.9306	0.92979	0.999995	833	0	-0.46025
PAF1	8	0.0057149	0.030081	0.154039	207	7	-0.44612	0.51745	0.51769	0.825184	175	0	-0.44612
NAA15	8	0.0059848	0.031454	0.160296	208	6	-0.71179	0.51745	0.51769	0.825184	141	0	-0.71179
MRPL27	8	0.0062731	0.032818	0.165842	209	6	-0.54253	0.51745	0.51769	0.825184	133	0	-0.54253
HUS1	8	0.0062764	0.032855	0.165842	210	7	-0.50336	0.99649	0.99642	0.999995	964	0	-0.50336
DDX5	8	0.0063283	0.033108	0.166323	211	6	-0.65127	0.98267	0.98234	0.999995	919	0	-0.65127
TLN1	8	0.006568	0.034098	0.170489	212	7	-0.29826	0.99124	0.99103	0.999995	940	0	-0.29826
CAB39	8	0.0068218	0.035219	0.174632	213	6	-0.68952	0.51745	0.51769	0.825184	502	0	-0.68952
TYMS	8	0.0068306	0.035256	0.174632	214	7	-0.66287	0.51745	0.51769	0.825184	201	0	-0.66287
LSM14B	8	0.0068707	0.035443	0.174741	215	7	-0.19321	0.98253	0.98226	0.999995	918	0	-0.19321
RING1	8	0.0078927	0.039665	0.194651	216	7	-0.54377	0.95172	0.95127	0.999995	860	0	-0.54377
PPP2R1A	8	0.0080699	0.040365	0.197176	217	7	-0.70152	0.51745	0.51769	0.825184	162	0	-0.70152
BCAP31	8	0.008124	0.040608	0.197452	218	6	-0.29503	0.51745	0.51769	0.825184	495	0	-0.29503
APH1A	8	0.0082508	0.041084	0.198856	219	7	-0.30938	0.92285	0.92236	0.999995	822	0	-0.30938
ANAPC4	8	0.00866	0.042747	0.205031	220	7	-0.50024	0.99442	0.99436	0.999995	952	0	-0.50024
TCERG1	8	0.0089396	0.044036	0.210262	221	7	-0.32436	0.51745	0.51769	0.825184	320	0	-0.32436
HNRNPH1	8	0.0093808	0.045783	0.217622	222	6	-0.63035	0.92625	0.92546	0.999995	829	0	-0.63035
CYP7A1	8	0.0095918	0.046717	0.221071	223	7	-0.35377	0.97015	0.96953	0.999995	877	0	-0.35377
FDPS	8	0.0096557	0.046969	0.221276	224	6	-0.38905	0.51745	0.51769	0.825184	613	0	-0.38905
SPOP	8	0.010118	0.048818	0.228971	225	7	-0.58505	0.98531	0.98519	0.999995	927	0	-0.58505
CCNT1	8	0.010662	0.051378	0.239914	226	7	-0.24245	0.96565	0.9652	0.999995	873	0	-0.24245
RPL15	5	0.010826	0.042364	0.204118	227	3	-1.524	0.72048	0.72091	0.999995	667	0	-1.524
XRCC4	8	0.010935	0.05234	0.243334	228	7	-0.34922	0.94592	0.94521	0.999995	851	0	-0.34922
SAR1A	16	0.011421	0.072104	0.308188	229	12	-0.30994	0.76714	0.76618	0.999995	681	0	-0.30994
ZNF34	8	0.011662	0.055291	0.255934	230	7	-0.28451	0.51745	0.51769	0.825184	238	0	-0.28451
COPZ1	8	0.012217	0.057571	0.264176	231	6	-0.55161	0.94142	0.94059	0.999995	847	0	-0.55161
TAMM41	8	0.012385	0.058252	0.266153	232	7	-0.55182	0.98431	0.9842	0.999995	925	0	-0.55182
ATP8B3	8	0.012473	0.058701	0.267051	233	7	-0.20005	0.83649	0.83625	0.999995	730	0	-0.20005
SNRPB2	7	0.012537	0.055581	0.256156	234	4	-0.3515	0.75169	0.75045	0.999995	670	0	-0.3515
RBM22	8	0.012993	0.0607	0.274606	235	5	-0.37164	0.51745	0.51769	0.825184	86	0	-0.37164
TOP1MT	8	0.013065	0.06098	0.274606	236	6	-0.39614	0.92305	0.92248	0.999995	824	0	-0.39614
NDE1	8	0.013117	0.061139	0.274606	237	6	-0.63508	0.51745	0.51769	0.825184	112	0	-0.63508
NAPA	8	0.013663	0.063296	0.283097	238	5	-0.61537	0.51745	0.51769	0.825184	142	0	-0.61537
ARID4A	8	0.013812	0.063866	0.284445	239	7	-0.32554	0.95225	0.95169	0.999995	863	0	-0.32554
FANCM	8	0.014137	0.065118	0.287603	240	6	-0.5595	0.51745	0.51769	0.825184	612	0	-0.5595
CLASP1	8	0.014534	0.066584	0.290409	241	6	-0.43237	0.98199	0.98167	0.999995	914	0	-0.43237
COX4I2	8	0.014578	0.066734	0.290409	242	7	-0.33846	0.90433	0.90366	0.999995	802	0	-0.33846
BZW2	8	0.014754	0.067359	0.290409	243	7	-0.37187	0.99079	0.99054	0.999995	938	0	-0.37187
KPNA2	7	0.01496	0.064324	0.285285	244	6	-0.48803	0.47143	0.4715	0.825184	26	0	-0.48803
UNC119	8	0.016493	0.07401	0.315062	245	7	-0.27431	0.96526	0.96484	0.999995	872	0	-0.27431
RPA3	8	0.016712	0.074776	0.31705	246	5	-0.49864	0.51745	0.51769	0.825184	81	0	-0.49864
MRPL55	8	0.016924	0.075579	0.319179	247	5	-0.13547	0.51745	0.51769	0.825184	132	0	-0.13547
MTX1	6	0.01759	0.071339	0.306149	248	5	-0.49197	0.9128	0.91404	0.999995	814	0	-0.49197
FAM50A	8	0.017626	0.077952	0.326596	249	7	-0.31792	0.99208	0.99206	0.999995	945	0	-0.31792
RPL37A	5	0.017783	0.067163	0.290409	250	4	-0.73727	0.92304	0.92405	0.999995	823	0	-0.73727
CREBBP	8	0.01869	0.08194	0.341954	251	6	-0.33637	0.94348	0.94276	0.999995	849	0	-0.33637
SEPHS1	7	0.018796	0.07741	0.325613	252	6	-0.52642	0.83476	0.83323	0.999995	728	0	-0.52642
TBP	8	0.018883	0.082725	0.343875	253	7	-0.32013	0.51745	0.51769	0.825184	317	0	-0.32013
MTMR3	8	0.020212	0.087946	0.364151	254	7	-0.35896	0.98288	0.98265	0.999995	920	0	-0.35896
RPS15	4	0.021186	0.066229	0.290409	255	4	-0.90761	0.97503	0.97463	0.999995	890	0	-0.90761
DDX39B	8	0.021377	0.092121	0.378483	256	7	-0.28525	0.97943	0.97897	0.999995	906	0	-0.28525
RXFP3	8	0.022278	0.095446	0.389128	257	7	-0.27927	0.99523	0.99524	0.999995	954	0	-0.27927
RP1	8	0.022955	0.098146	0.3986	258	7	-0.33691	0.992	0.99195	0.999995	944	0	-0.33691
RBMX	7	0.022989	0.091654	0.378029	259	4	-0.38448	0.47143	0.4715	0.825184	27	0	-0.38448
IPO7	7	0.023351	0.092971	0.3805	260	6	-0.28674	0.97479	0.97472	0.999995	889	0	-0.28674
DGAT1	8	0.024431	0.10366	0.419375	261	5	-0.31357	0.51745	0.51769	0.825184	416	0	-0.31357
COQ10B	8	0.024664	0.10463	0.421696	262	7	-0.2309	0.92841	0.92766	0.999995	832	0	-0.2309
PMM2	8	0.024856	0.1053	0.422799	263	6	-0.34845	0.51745	0.51769	0.825184	147	0	-0.34845
NRBP2	8	0.026113	0.10958	0.436667	264	7	-0.29476	0.51745	0.51769	0.825184	122	0	-0.29476
RPS7	3	0.026997	0.067397	0.290409	265	3	-1.2645	0.973	0.97293	0.999995	884	0	-1.2645
SPAG9	8	0.027171	0.11314	0.447484	266	7	-0.24479	0.99634	0.99626	0.999995	963	0	-0.24479
GABPB1	8	0.028039	0.11601	0.455464	267	6	-0.30879	0.86786	0.86734	0.999995	765	0	-0.30879
SEC31A	8	0.028748	0.11854	0.463648	268	6	-0.37356	0.95218	0.95163	0.999995	862	0	-0.37356
G3BP1	7	0.029188	0.11209	0.445007	269	6	-0.24497	0.98641	0.98616	0.999995	929	0	-0.24497
POLD1	8	0.029392	0.12073	0.470497	270	7	-0.35622	0.93642	0.93566	0.999995	840	0	-0.35622
TIMM23	6	0.029671	0.10704	0.428152	271	5	-0.56993	0.96234	0.96245	0.999995	870	0	-0.56993
BECN1	8	0.029992	0.12268	0.476354	272	5	-0.4276	0.95012	0.94974	0.999995	857	0	-0.4276
EGFR	8	0.031245	0.1274	0.492863	273	7	-0.31097	0.95073	0.9502	0.999995	858	0	-0.31097
RC3H1	8	0.032182	0.13074	0.50396	274	7	-0.25466	0.91138	0.91078	0.999995	810	0	-0.25466
MT2A	6	0.032737	0.11575	0.455464	275	5	-0.3036	0.97423	0.97416	0.999995	887	0	-0.3036
DDI2	8	0.03385	0.13528	0.517693	276	6	-0.53049	0.8897	0.8894	0.999995	790	0	-0.53049
CCNE1	8	0.040802	0.15463	0.588612	277	6	-0.27071	0.91607	0.91541	0.999995	817	0	-0.27071
STX12	8	0.040915	0.15493	0.588612	278	6	-0.25775	0.98242	0.9821	0.999995	917	0	-0.25775
SHMT2	8	0.04185	0.15737	0.595774	279	6	-0.38447	0.91149	0.91085	0.999995	811	0	-0.38447
S1PR4	8	0.043721	0.16265	0.613562	280	5	-0.36563	0.51745	0.51769	0.825184	292	0	-0.36563
EPC2	8	0.044065	0.16363	0.615073	281	6	-0.37514	0.91315	0.91265	0.999995	815	0	-0.37514
TAF1	8	0.046173	0.1696	0.634552	282	4	-0.39596	0.51745	0.51769	0.825184	309	0	-0.39596
SNTA1	8	0.046689	0.17088	0.635557	283	6	-0.20547	0.51745	0.51769	0.825184	332	0	-0.20547
TBC1D28	7	0.047499	0.17001	0.634552	284	6	-0.22091	0.47143	0.4715	0.825184	31	0	-0.22091
MYL7	8	0.047519	0.17316	0.641781	285	6	-0.27101	0.97179	0.97108	0.999995	881	0	-0.27101
AKIRIN1	8	0.049294	0.17772	0.656302	286	6	-0.33641	0.51745	0.51769	0.825184	460	0	-0.33641
CFL1	8	0.049538	0.17832	0.656302	287	6	-0.45619	0.94111	0.9404	0.999995	845	0	-0.45619
RAMP2	8	0.05051	0.18103	0.66171	288	6	-0.20227	0.51745	0.51769	0.825184	52	0	-0.20227
PEF1	7	0.051063	0.17987	0.659718	289	6	-0.24559	0.47143	0.4715	0.825184	24	0	-0.24559
TCF3	8	0.054866	0.19251	0.698851	290	6	-0.17789	0.51745	0.51769	0.825184	212	0	-0.17789
RPL6	3	0.055656	0.13156	0.505255	291	2	-1.1848	0.84729	0.84764	0.999995	744	0	-1.1848
GXYLT1	8	0.057544	0.19913	0.72039	292	6	-0.26483	0.51745	0.51769	0.825184	638	0	-0.26483
NCKAP1	8	0.058268	0.20073	0.723732	293	6	-0.329	0.96123	0.96048	0.999995	868	0	-0.329
TOB1	8	0.061112	0.20845	0.749002	294	5	-0.33661	0.78993	0.78972	0.999995	696	0	-0.33661
KHSRP	8	0.062035	0.21082	0.754967	295	5	-0.30523	0.51745	0.51769	0.825184	525	0	-0.30523
APOBEC1	8	0.062671	0.21249	0.757908	296	6	-0.24011	0.51745	0.51769	0.825184	431	0	-0.24011
XPR1	8	0.062892	0.21307	0.757908	297	6	-0.37145	0.98717	0.987	0.999995	930	0	-0.37145
CLDN4	8	0.065509	0.21969	0.778817	298	6	-0.2145	0.51745	0.51769	0.825184	384	0	-0.2145
ALDOC	8	0.066238	0.22144	0.782426	299	6	-0.34298	0.51745	0.51769	0.825184	464	0	-0.34298
PCGF1	8	0.067354	0.22415	0.789365	300	4	-0.10509	0.51745	0.51769	0.825184	170	0	-0.10509
PACS1	8	0.068031	0.22587	0.792784	301	6	-0.24078	0.925	0.92429	0.999995	827	0	-0.24078
MED23	8	0.068849	0.2282	0.798337	302	6	-0.32064	0.90481	0.90414	0.999995	803	0	-0.32064
CCND3	8	0.070785	0.23295	0.809593	303	6	-0.29178	0.94917	0.94866	0.999995	854	0	-0.29178
SYK	8	0.071721	0.23537	0.815327	304	6	-0.18316	0.51745	0.51769	0.825184	308	0	-0.18316
PDS5A	8	0.074291	0.24163	0.831989	305	6	-0.20263	0.92325	0.92273	0.999995	825	0	-0.20263
RHBDF1	8	0.074388	0.24175	0.831989	306	6	-0.24091	0.51745	0.51769	0.825184	94	0	-0.24091
SUV39H1	8	0.077689	0.24983	0.857012	307	5	-0.2775	0.82529	0.82499	0.999995	716	0	-0.2775
DNAJC19	6	0.078372	0.23095	0.805286	308	4	-0.40404	0.42102	0.42159	0.825184	6	0	-0.40404
DUSP10	8	0.078852	0.25247	0.862093	309	6	-0.29014	0.85063	0.85049	0.999995	749	0	-0.29014
XPO7	8	0.079573	0.25423	0.862093	310	5	-0.31129	0.51745	0.51769	0.825184	259	0	-0.31129
ARPC5L	8	0.079832	0.25485	0.862093	311	6	-0.20694	0.97663	0.97603	0.999995	894	0	-0.20694
FLOT2	8	0.079934	0.25509	0.862093	312	6	-0.16591	0.51745	0.51769	0.825184	622	0	-0.16591
SIN3B	8	0.080341	0.25596	0.862093	313	6	-0.21359	0.98049	0.98001	0.999995	910	0	-0.21359
OSBPL6	8	0.080443	0.25619	0.862093	314	6	-0.22961	0.84065	0.84044	0.999995	737	0	-0.22961
RPL21	3	0.080945	0.18339	0.668011	315	2	-0.48766	0.68104	0.68052	0.999995	666	0	-0.48766
TOP2B	8	0.085661	0.26822	0.899721	316	6	-0.21591	0.83858	0.8382	0.999995	735	0	-0.21591
SMARCC1	8	0.086195	0.26939	0.900787	317	6	-0.33625	0.51745	0.51769	0.825184	280	0	-0.33625
VIM	8	0.089683	0.27714	0.923797	318	5	-0.23392	0.95889	0.95808	0.999995	867	0	-0.23392
CHMP1B	8	0.090891	0.28012	0.930678	319	6	-0.19062	0.97453	0.97381	0.999995	888	0	-0.19062
ZWILCH	8	0.091262	0.28096	0.930678	320	5	-0.34554	0.85291	0.85273	0.999995	751	0	-0.34554
ACACA	8	0.093569	0.28639	0.945699	321	5	-0.25393	0.51745	0.51769	0.825184	459	0	-0.25393
ESRP1	8	0.095096	0.28961	0.95337	322	5	-0.29435	0.84139	0.84105	0.999995	738	0	-0.29435
NMT2	8	0.09669	0.29313	0.959436	323	6	-0.25062	0.51745	0.51769	0.825184	113	0	-0.25062
GCM2	8	0.096807	0.29335	0.959436	324	6	-0.23376	0.51745	0.51769	0.825184	630	0	-0.23376
H2BFM	8	0.097156	0.29417	0.959436	325	6	-0.26275	0.98091	0.98051	0.999995	912	0	-0.26275
ZMIZ1	8	0.099947	0.30025	0.976265	326	4	-0.13741	0.88957	0.88935	0.999995	789	0	-0.13741
EZH1	8	0.10142	0.30333	0.983271	327	6	-0.24723	0.51745	0.51769	0.825184	617	0	-0.24723
PRG3	8	0.10294	0.30647	0.987406	328	5	-0.28956	0.51745	0.51769	0.825184	160	0	-0.28956
BICD2	8	0.10379	0.30841	0.990654	329	6	-0.23727	0.97752	0.97704	0.999995	901	0	-0.23727
STT3A	8	0.10469	0.31035	0.993883	330	6	-0.21245	0.51745	0.51769	0.825184	313	0	-0.21245
MYBPHL	8	0.10865	0.31886	0.999995	331	5	-0.29503	0.98396	0.98384	0.999995	924	0	-0.29503
DCAF4L2	8	0.10981	0.32142	0.999995	332	6	-0.2421	0.99319	0.99312	0.999995	946	0	-0.2421
RYBP	7	0.10989	0.30432	0.983473	333	4	-0.3366	0.47143	0.4715	0.825184	38	0	-0.3366
ZNF185	8	0.1125	0.32748	0.999995	334	6	-0.22487	0.97677	0.97616	0.999995	896	0	-0.22487
GJA8	8	0.11302	0.32859	0.999995	335	6	-0.24007	0.86433	0.86376	0.999995	762	0	-0.24007
MBTD1	8	0.11523	0.33321	0.999995	336	6	-0.30656	0.8893	0.88909	0.999995	788	0	-0.30656
CNOT7	7	0.11889	0.32061	0.999995	337	4	-0.38096	0.47143	0.4715	0.825184	41	0	-0.38096
CBLL1	8	0.11945	0.34185	0.999995	338	5	-0.30352	0.93096	0.93014	0.999995	834	0	-0.30352
ZAP70	8	0.12317	0.34948	0.999995	339	5	-0.25314	0.51745	0.51769	0.825184	228	0	-0.25314
CDC34	8	0.12379	0.35076	0.999995	340	5	-0.26118	0.51745	0.51769	0.825184	480	0	-0.26118
SS18	8	0.12398	0.35115	0.999995	341	6	-0.20411	0.51745	0.51769	0.825184	338	0	-0.20411
HRAS	8	0.12605	0.35536	0.999995	342	6	-0.1591	0.99359	0.99354	0.999995	947	0	-0.1591
GSDMD	8	0.12703	0.35761	0.999995	343	5	-0.25176	0.51745	0.51769	0.825184	637	0	-0.25176
POU4F2	8	0.13098	0.36559	0.999995	344	4	-0.20521	0.51745	0.51769	0.825184	148	0	-0.20521
ALG14	8	0.13127	0.36616	0.999995	345	5	-0.26454	0.97527	0.97465	0.999995	891	0	-0.26454
YIF1A	8	0.13505	0.37348	0.999995	346	6	-0.25781	0.51745	0.51769	0.825184	232	0	-0.25781
IRF4	8	0.13534	0.37401	0.999995	347	6	-0.24737	0.51745	0.51769	0.825184	518	0	-0.24737
LIN28A	7	0.1391	0.35863	0.999995	348	5	-0.2219	0.47143	0.4715	0.825184	44	0	-0.2219
UNC45B	8	0.1413	0.38273	0.999995	349	5	-0.20628	0.87707	0.87623	0.999995	771	0	-0.20628
BAP1	8	0.14242	0.3844	0.999995	350	5	-0.1496	0.51745	0.51769	0.825184	491	0	-0.1496
RSBN1	8	0.15009	0.3959	0.999995	351	5	-0.18859	0.8277	0.82737	0.999995	720	0	-0.18859
CABP5	8	0.15444	0.40212	0.999995	352	5	-0.26643	0.95192	0.95147	0.999995	861	0	-0.26643
RPL27A	4	0.15551	0.31869	0.999995	353	1	-0.07389	0.30534	0.30327	0.825184	2	0	-0.07389
SEC23A	8	0.16178	0.41276	0.999995	354	5	-0.26444	0.88642	0.88618	0.999995	783	0	-0.26444
RNF113B	8	0.16362	0.41522	0.999995	355	4	-0.1697	0.51745	0.51769	0.825184	74	0	-0.1697
XYLT2	8	0.16474	0.41686	0.999995	356	5	-0.21322	0.88875	0.88859	0.999995	786	0	-0.21322
FKBP9	7	0.16712	0.4061	0.999995	357	5	-0.24098	0.47143	0.4715	0.825184	39	0	-0.24098
SLC11A2	8	0.1672	0.42011	0.999995	358	5	-0.25722	0.92196	0.92144	0.999995	821	0	-0.25722
DHX29	7	0.16736	0.40648	0.999995	359	4	-0.28028	0.77805	0.77663	0.999995	691	0	-0.28028
CCNT2	8	0.17326	0.42866	0.999995	360	5	-0.18513	0.89782	0.89766	0.999995	796	0	-0.18513
MTMR4	8	0.1749	0.43106	0.999995	361	5	-0.2629	0.85669	0.8565	0.999995	754	0	-0.2629
TBC1D26	6	0.17715	0.39789	0.999995	362	4	-0.20595	0.82637	0.8279	0.999995	718	0	-0.20595
MYH7	8	0.17724	0.4346	0.999995	363	5	-0.15126	0.51745	0.51769	0.825184	134	0	-0.15126
SLC11A1	8	0.17915	0.43723	0.999995	364	5	-0.22581	0.90844	0.9077	0.999995	806	0	-0.22581
BARHL1	8	0.18017	0.43882	0.999995	365	5	-0.21052	0.51745	0.51769	0.825184	493	0	-0.21052
STX4	8	0.18174	0.44108	0.999995	366	4	-0.089259	0.51745	0.51769	0.825184	314	0	-0.089259
KLF4	8	0.18443	0.44505	0.999995	367	5	-0.19372	0.51745	0.51769	0.825184	578	0	-0.19372
ZMAT2	8	0.18623	0.44775	0.999995	368	4	-0.30656	0.51745	0.51769	0.825184	243	0	-0.30656
H2AFX	8	0.18719	0.44911	0.999995	369	3	-0.039512	0.51745	0.51769	0.825184	640	0	-0.039512
MMD2	8	0.19044	0.45367	0.999995	370	5	-0.24575	0.98547	0.98539	0.999995	928	0	-0.24575
DDX39A	8	0.19483	0.46011	0.999995	371	5	-0.23019	0.82326	0.823	0.999995	714	0	-0.23019
NSG1	8	0.19541	0.46076	0.999995	372	5	-0.1085	0.51745	0.51769	0.825184	114	0	-0.1085
NCOR2	8	0.19753	0.46362	0.999995	373	5	-0.18574	0.51745	0.51769	0.825184	110	0	-0.18574
PSMB9	8	0.19927	0.46585	0.999995	374	5	-0.17151	0.51745	0.51769	0.825184	49	0	-0.17151
MYD88	8	0.20025	0.4672	0.999995	375	5	-0.2031	0.82949	0.82922	0.999995	723	0	-0.2031
ZEB1	8	0.20338	0.4717	0.999995	376	5	-0.19355	0.51745	0.51769	0.825184	231	0	-0.19355
TMEM120B	8	0.20594	0.47521	0.999995	377	5	-0.18611	0.51745	0.51769	0.825184	223	0	-0.18611
SBF1	7	0.20676	0.47048	0.999995	378	3	-0.11005	0.47143	0.4715	0.825184	30	0	-0.11005
ZMIZ2	8	0.20832	0.47824	0.999995	379	5	-0.17521	0.51745	0.51769	0.825184	242	0	-0.17521
FUT5	8	0.20869	0.47873	0.999995	380	5	-0.225	0.51745	0.51769	0.825184	601	0	-0.225
PHLDA1	8	0.20912	0.47946	0.999995	381	5	-0.11155	0.51745	0.51769	0.825184	185	0	-0.11155
RPS28	3	0.21096	0.3565	0.999995	382	2	-0.18687	0.2391	0.23881	0.825184	1	0	-0.18687
TOMM20	6	0.21418	0.44896	0.999995	383	2	-0.050643	0.42102	0.42159	0.825184	15	0	-0.050643
MAK	8	0.2144	0.4865	0.999995	384	5	-0.20076	0.51745	0.51769	0.825184	561	0	-0.20076
ZNRF4	8	0.21705	0.49023	0.999995	385	4	-0.24363	0.81363	0.81373	0.999995	710	0	-0.24363
TUBB4B	16	0.219	0.57703	0.999995	386	9	-0.18281	0.76714	0.76618	0.999995	684	0	-0.18281
VRTN	8	0.22064	0.49538	0.999995	387	5	-0.20703	0.8289	0.82875	0.999995	722	0	-0.20703
FXR2	8	0.22208	0.49726	0.999995	388	5	-0.12968	0.51745	0.51769	0.825184	608	0	-0.12968
GIT2	8	0.22579	0.50173	0.999995	389	5	-0.23276	0.51745	0.51769	0.825184	655	0	-0.23276
MED13L	8	0.22808	0.50461	0.999995	390	5	-0.22854	0.94534	0.94457	0.999995	850	0	-0.22854
TUBB2B	6	0.23015	0.47148	0.999995	391	4	-0.21265	0.72528	0.72647	0.999995	668	0	-0.21265
GPSM2	8	0.23438	0.51299	0.999995	392	5	-0.20481	0.51745	0.51769	0.825184	659	0	-0.20481
RBPJL	8	0.23501	0.51394	0.999995	393	5	-0.19173	0.93421	0.93349	0.999995	838	0	-0.19173
SPATA21	8	0.23881	0.51894	0.999995	394	4	-0.18921	0.51745	0.51769	0.825184	329	0	-0.18921
CELA2A	8	0.23884	0.51897	0.999995	395	5	-0.21204	0.81192	0.81188	0.999995	709	0	-0.21204
SLC32A1	8	0.24131	0.52214	0.999995	396	4	-0.16693	0.51745	0.51769	0.825184	271	0	-0.16693
ARFGEF2	8	0.24136	0.5222	0.999995	397	5	-0.2308	0.90611	0.90543	0.999995	804	0	-0.2308
TUBB2A	6	0.24518	0.49186	0.999995	398	4	-0.14589	0.42102	0.42159	0.825184	9	0	-0.14589
TIMM23B	7	0.24716	0.51872	0.999995	399	4	-0.18757	0.47143	0.4715	0.825184	25	0	-0.18757
CDK5R2	8	0.24831	0.53091	0.999995	400	5	-0.16745	0.97592	0.97529	0.999995	892	0	-0.16745
SOX9	8	0.24853	0.53113	0.999995	401	5	-0.17529	0.97815	0.97755	0.999995	902	0	-0.17529
MMD	8	0.25024	0.53341	0.999995	402	4	-0.19121	0.51745	0.51769	0.825184	631	0	-0.19121
BTG1	8	0.25071	0.53397	0.999995	403	5	-0.16698	0.51745	0.51769	0.825184	509	0	-0.16698
S100A6	8	0.25202	0.53556	0.999995	404	5	-0.18496	0.51745	0.51769	0.825184	293	0	-0.18496
DMXL2	8	0.2571	0.54197	0.999995	405	5	-0.20891	0.51745	0.51769	0.825184	425	0	-0.20891
STAM	8	0.2573	0.54219	0.999995	406	5	-0.15546	0.51745	0.51769	0.825184	337	0	-0.15546
IPO5	8	0.25929	0.54476	0.999995	407	5	-0.1417	0.93733	0.93664	0.999995	841	0	-0.1417
ARID1B	8	0.25974	0.54543	0.999995	408	5	-0.15184	0.51745	0.51769	0.825184	447	0	-0.15184
ADAP1	8	0.26137	0.54749	0.999995	409	5	-0.19101	0.91227	0.91173	0.999995	812	0	-0.19101
RALGPS2	8	0.26359	0.55067	0.999995	410	4	-0.25016	0.51745	0.51769	0.825184	45	0	-0.25016
TRPC5	8	0.26375	0.55084	0.999995	411	5	-0.19198	0.51745	0.51769	0.825184	203	0	-0.19198
PLD1	8	0.2642	0.5513	0.999995	412	5	-0.1893	0.51745	0.51769	0.825184	152	0	-0.1893
PTPN6	8	0.26959	0.55785	0.999995	413	5	-0.14779	0.51745	0.51769	0.825184	56	0	-0.14779
TPST1	8	0.27007	0.55834	0.999995	414	4	-0.15755	0.85116	0.85115	0.999995	750	0	-0.15755
LBX1	8	0.27118	0.55961	0.999995	415	5	-0.18997	0.51745	0.51769	0.825184	585	0	-0.18997
CYFIP1	8	0.27231	0.56133	0.999995	416	5	-0.18959	0.51745	0.51769	0.825184	363	0	-0.18959
IMPDH1	8	0.27276	0.5619	0.999995	417	5	-0.16126	0.81148	0.81147	0.999995	708	0	-0.16126
HMGCLL1	8	0.2739	0.56327	0.999995	418	5	-0.16879	0.51745	0.51769	0.825184	641	0	-0.16879
FLNC	8	0.27413	0.5636	0.999995	419	5	-0.15155	0.96923	0.96865	0.999995	876	0	-0.15155
ABCC3	8	0.27481	0.56457	0.999995	420	5	-0.20145	0.80176	0.80153	0.999995	704	0	-0.20145
ERN1	8	0.27504	0.5648	0.999995	421	5	-0.13975	0.51745	0.51769	0.825184	407	0	-0.13975
PLXDC2	8	0.27786	0.56822	0.999995	422	4	-0.12685	0.51745	0.51769	0.825184	146	0	-0.12685
BZW1	6	0.27786	0.53505	0.999995	423	4	-0.19614	0.42102	0.42159	0.825184	17	0	-0.19614
OSMR	8	0.28008	0.57076	0.999995	424	5	-0.17989	0.86303	0.86245	0.999995	761	0	-0.17989
DMP1	8	0.28123	0.57208	0.999995	425	5	-0.18876	0.51745	0.51769	0.825184	413	0	-0.18876
FOSL1	6	0.28167	0.53951	0.999995	426	4	-0.15779	0.85875	0.86036	0.999995	756	0	-0.15779
FKBP5	8	0.28423	0.57582	0.999995	427	5	-0.18031	0.51745	0.51769	0.825184	628	0	-0.18031
RAD17	6	0.28536	0.54406	0.999995	428	2	-0.10937	0.42102	0.42159	0.825184	5	0	-0.10937
CSTF2T	8	0.28585	0.5779	0.999995	429	5	-0.22069	0.51745	0.51769	0.825184	348	0	-0.22069
EPS15	8	0.28631	0.5784	0.999995	430	5	-0.23449	0.51745	0.51769	0.825184	392	0	-0.23449
YIPF5	8	0.28817	0.58068	0.999995	431	5	-0.2105	0.51745	0.51769	0.825184	236	0	-0.2105
BRD8	8	0.28841	0.58092	0.999995	432	5	-0.18119	0.51745	0.51769	0.825184	506	0	-0.18119
LSM14A	8	0.28859	0.58113	0.999995	433	4	-0.1913	0.51745	0.51769	0.825184	569	0	-0.1913
KIAA0319L	8	0.28887	0.58153	0.999995	434	5	-0.20397	0.97745	0.97697	0.999995	900	0	-0.20397
MTUS2	8	0.28945	0.58233	0.999995	435	5	-0.12933	0.93832	0.93753	0.999995	843	0	-0.12933
SLC25A25	8	0.29004	0.58305	0.999995	436	5	-0.16001	0.85771	0.85759	0.999995	755	0	-0.16001
QSOX1	8	0.29566	0.58994	0.999995	437	5	-0.18701	0.51745	0.51769	0.825184	60	0	-0.18701
PPP3R1	8	0.29567	0.58994	0.999995	438	4	-0.18304	0.51745	0.51769	0.825184	164	0	-0.18304
YBX3	8	0.29592	0.59034	0.999995	439	4	-0.15029	0.51745	0.51769	0.825184	233	0	-0.15029
ADAP2	8	0.29692	0.59145	0.999995	440	4	-0.1752	0.51745	0.51769	0.825184	454	0	-0.1752
CTNNB1	8	0.29826	0.59307	0.999995	441	5	-0.12464	0.51745	0.51769	0.825184	347	0	-0.12464
RBPJ	8	0.29843	0.59328	0.999995	442	4	-0.20007	0.51745	0.51769	0.825184	88	0	-0.20007
AP1G2	8	0.29849	0.59335	0.999995	443	5	-0.19202	0.51745	0.51769	0.825184	438	0	-0.19202
NSG2	8	0.29853	0.5934	0.999995	444	3	-0.033757	0.51745	0.51769	0.825184	116	0	-0.033757
CAND2	8	0.30323	0.59863	0.999995	445	5	-0.18116	0.51745	0.51769	0.825184	476	0	-0.18116
CWF19L1	8	0.30371	0.59909	0.999995	446	5	-0.16143	0.88586	0.88555	0.999995	781	0	-0.16143
PXDNL	8	0.30657	0.60275	0.999995	447	5	-0.15816	0.51745	0.51769	0.825184	64	0	-0.15816
CDK5R1	8	0.30724	0.60349	0.999995	448	4	-0.20694	0.51745	0.51769	0.825184	483	0	-0.20694
RNF125	8	0.30777	0.60404	0.999995	449	5	-0.19562	0.51745	0.51769	0.825184	73	0	-0.19562
ZG16	8	0.30825	0.60461	0.999995	450	5	-0.24216	0.84343	0.84294	0.999995	740	0	-0.24216
PRSS37	8	0.31088	0.60794	0.999995	451	5	-0.20253	0.51745	0.51769	0.825184	59	0	-0.20253
ABTB2	8	0.31137	0.60861	0.999995	452	5	-0.16475	0.51745	0.51769	0.825184	457	0	-0.16475
UNC119B	8	0.31474	0.61261	0.999995	453	5	-0.14568	0.51745	0.51769	0.825184	247	0	-0.14568
FMR1	8	0.31614	0.61416	0.999995	454	4	-0.14416	0.51745	0.51769	0.825184	624	0	-0.14416
EPS15L1	8	0.31667	0.61481	0.999995	455	5	-0.15215	0.51745	0.51769	0.825184	391	0	-0.15215
COQ10A	8	0.31837	0.61676	0.999995	456	5	-0.18839	0.91048	0.90988	0.999995	809	0	-0.18839
NCK2	8	0.31934	0.61785	0.999995	457	5	-0.14753	0.51745	0.51769	0.825184	109	0	-0.14753
PIP4P2	8	0.31983	0.6184	0.999995	458	5	-0.15026	0.51745	0.51769	0.825184	181	0	-0.15026
ABCA3	8	0.32202	0.62094	0.999995	459	5	-0.12074	0.94341	0.94271	0.999995	848	0	-0.12074
CRY2	8	0.32511	0.62456	0.999995	460	4	-0.12655	0.51745	0.51769	0.825184	356	0	-0.12655
ASCL1	8	0.32617	0.62567	0.999995	461	5	-0.14592	0.51745	0.51769	0.825184	441	0	-0.14592
CTSZ	8	0.32625	0.62575	0.999995	462	4	-0.12722	0.51745	0.51769	0.825184	350	0	-0.12722
REG3A	8	0.32712	0.62673	0.999995	463	3	-0.15337	0.51745	0.51769	0.825184	101	0	-0.15337
AHCYL2	8	0.32764	0.62738	0.999995	464	5	-0.20392	0.51745	0.51769	0.825184	468	0	-0.20392
FOXK2	8	0.32801	0.62778	0.999995	465	4	-0.11858	0.51745	0.51769	0.825184	600	0	-0.11858
CCNL1	8	0.32887	0.62865	0.999995	466	5	-0.18782	0.51745	0.51769	0.825184	486	0	-0.18782
FOXE3	8	0.32936	0.6292	0.999995	467	5	-0.18848	0.95231	0.95177	0.999995	864	0	-0.18848
PGLS	8	0.33001	0.62993	0.999995	468	4	-0.10873	0.51745	0.51769	0.825184	186	0	-0.10873
SMARCC2	8	0.33053	0.63044	0.999995	469	4	-0.19046	0.83186	0.83167	0.999995	724	0	-0.19046
CTPS1	8	0.33208	0.63245	0.999995	470	4	-0.17829	0.92085	0.92024	0.999995	819	0	-0.17829
GALR3	8	0.33404	0.63479	0.999995	471	5	-0.14675	0.51745	0.51769	0.825184	603	0	-0.14675
ABL2	8	0.33578	0.63669	0.999995	472	5	-0.15658	0.79557	0.79526	0.999995	699	0	-0.15658
MBD3L1	8	0.33936	0.64091	0.999995	473	4	-0.20154	0.51745	0.51769	0.825184	574	0	-0.20154
GRIP1	8	0.34	0.64155	0.999995	474	5	-0.16133	0.51745	0.51769	0.825184	662	0	-0.16133
ZIC3	8	0.34099	0.64256	0.999995	475	5	-0.23842	0.8987	0.89854	0.999995	797	0	-0.23842
LIM2	8	0.34327	0.64529	0.999995	476	4	-0.096293	0.51745	0.51769	0.825184	560	0	-0.096293
PTCH2	8	0.34348	0.64556	0.999995	477	5	-0.18175	0.8806	0.87982	0.999995	778	0	-0.18175
GOLPH3	8	0.34431	0.64639	0.999995	478	4	-0.18323	0.86514	0.86451	0.999995	764	0	-0.18323
LIN28B	8	0.34448	0.64656	0.999995	479	5	-0.17869	0.51745	0.51769	0.825184	551	0	-0.17869
LMBR1L	8	0.34523	0.64745	0.999995	480	5	-0.1581	0.87737	0.87652	0.999995	772	0	-0.1581
RSBN1L	8	0.34552	0.64781	0.999995	481	3	-0.099889	0.88997	0.88965	0.999995	791	0	-0.099889
GMPR2	8	0.34641	0.64874	0.999995	482	4	-0.13515	0.51745	0.51769	0.825184	656	0	-0.13515
PSEN1	8	0.35904	0.65907	0.999995	483	4	-0.18851	0.86056	0.85993	0.999995	758	0	-0.18851
ALAS1	16	0.35951	0.73559	0.999995	484	8	-0.19481	0.76714	0.76618	0.999995	683	0	-0.19481
TBC1D9	8	0.367	0.6653	0.999995	485	4	-0.098915	0.51745	0.51769	0.825184	325	0	-0.098915
DDX17	8	0.37202	0.66933	0.999995	486	4	-0.1414	0.51745	0.51769	0.825184	359	0	-0.1414
GRM4	8	0.37282	0.66999	0.999995	487	4	-0.19416	0.51745	0.51769	0.825184	661	0	-0.19416
EPHA2	8	0.37415	0.67091	0.999995	488	4	-0.12509	0.51745	0.51769	0.825184	388	0	-0.12509
PTTG1	7	0.376	0.65109	0.999995	489	4	-0.23176	0.9018	0.90067	0.999995	799	0	-0.23176
ERBB3	16	0.37841	0.75407	0.999995	490	9	-0.117	0.97419	0.97473	0.999995	886	0	-0.117
ATP6V1E2	8	0.37869	0.67418	0.999995	491	4	-0.16229	0.51745	0.51769	0.825184	500	0	-0.16229
ADSSL1	8	0.37975	0.67514	0.999995	492	4	-0.16401	0.51745	0.51769	0.825184	469	0	-0.16401
RNF2	7	0.38115	0.65575	0.999995	493	4	-0.16658	0.77376	0.77222	0.999995	690	0	-0.16658
KCNT1	8	0.3827	0.67757	0.999995	494	4	-0.14175	0.51745	0.51769	0.825184	521	0	-0.14175
AP2A1	8	0.38537	0.67961	0.999995	495	4	-0.14512	0.51745	0.51769	0.825184	437	0	-0.14512
JUP	8	0.38603	0.68016	0.999995	496	4	-0.1265	0.51745	0.51769	0.825184	528	0	-0.1265
PXDN	8	0.38806	0.68184	0.999995	497	4	-0.11835	0.51745	0.51769	0.825184	63	0	-0.11835
LOR	8	0.38832	0.68201	0.999995	498	4	-0.19662	0.51745	0.51769	0.825184	567	0	-0.19662
GDI1	8	0.38889	0.68242	0.999995	499	3	-0.12397	0.51745	0.51769	0.825184	658	0	-0.12397
FAM71B	8	0.39101	0.68412	0.999995	500	4	-0.16843	0.51745	0.51769	0.825184	615	0	-0.16843
NBEAL1	8	0.39942	0.69075	0.999995	501	4	-0.11445	0.51745	0.51769	0.825184	136	0	-0.11445
GBX1	8	0.40043	0.69168	0.999995	502	4	-0.15531	0.51745	0.51769	0.825184	605	0	-0.15531
VPS26A	8	0.40669	0.69618	0.999995	503	3	-0.088128	0.51745	0.51769	0.825184	266	0	-0.088128
IDH3G	8	0.40936	0.69831	0.999995	504	4	-0.11367	0.51745	0.51769	0.825184	548	0	-0.11367
RIC8B	8	0.41341	0.7012	0.999995	505	4	-0.15374	0.82569	0.82543	0.999995	717	0	-0.15374
TRIM25	8	0.41351	0.70129	0.999995	506	3	-0.11492	0.51745	0.51769	0.825184	190	0	-0.11492
HACD1	8	0.41829	0.70481	0.999995	507	4	-0.12576	0.51745	0.51769	0.825184	647	0	-0.12576
FOXK1	8	0.42242	0.70801	0.999995	508	3	-0.18763	0.93625	0.93553	0.999995	839	0	-0.18763
BRSK2	8	0.42345	0.70881	0.999995	509	4	-0.13455	0.51745	0.51769	0.825184	510	0	-0.13455
FRS3	8	0.42481	0.71	0.999995	510	4	-0.15258	0.51745	0.51769	0.825184	596	0	-0.15258
GABPB2	8	0.42699	0.71162	0.999995	511	4	-0.14136	0.51745	0.51769	0.825184	609	0	-0.14136
GSTP1	8	0.42801	0.71249	0.999995	512	4	-0.10966	0.83764	0.83724	0.999995	733	0	-0.10966
VANGL2	8	0.43161	0.71567	0.999995	513	4	-0.15244	0.51745	0.51769	0.825184	264	0	-0.15244
HEATR5A	8	0.43515	0.71831	0.999995	514	4	-0.24079	0.51745	0.51769	0.825184	649	0	-0.24079
ASF1A	8	0.43909	0.72132	0.999995	515	4	-0.16269	0.51745	0.51769	0.825184	443	0	-0.16269
HNRNPF	8	0.44143	0.72293	0.999995	516	4	-0.15485	0.79347	0.79334	0.999995	697	0	-0.15485
CRYBB2	7	0.44616	0.71624	0.999995	517	3	-0.08011	0.47143	0.4715	0.825184	19	0	-0.08011
SUV39H2	7	0.45094	0.72038	0.999995	518	3	-0.11381	0.7561	0.755	0.999995	671	0	-0.11381
GOLPH3L	8	0.45207	0.73057	0.999995	519	4	-0.10183	0.51745	0.51769	0.825184	650	0	-0.10183
TAF1L	7	0.45335	0.72278	0.999995	520	3	-0.063164	0.47143	0.4715	0.825184	43	0	-0.063164
ATOH1	8	0.45371	0.73191	0.999995	521	4	-0.19707	0.51745	0.51769	0.825184	496	0	-0.19707
EPC1	8	0.45453	0.73252	0.999995	522	4	-0.11166	0.51745	0.51769	0.825184	389	0	-0.11166
ZFYVE19	8	0.45727	0.73427	0.999995	523	4	-0.099178	0.51745	0.51769	0.825184	230	0	-0.099178
CCT6B	8	0.46547	0.7403	0.999995	524	4	-0.10897	0.51745	0.51769	0.825184	487	0	-0.10897
TBPL2	8	0.47449	0.74674	0.999995	525	4	-0.15501	0.51745	0.51769	0.825184	319	0	-0.15501
FSD1	8	0.48079	0.75131	0.999995	526	4	-0.1411	0.51745	0.51769	0.825184	595	0	-0.1411
CTCFL	8	0.48625	0.75531	0.999995	527	4	-0.18251	0.99379	0.99379	0.999995	949	0	-0.18251
PSMB8	8	0.48849	0.75686	0.999995	528	4	-0.11318	0.51745	0.51769	0.825184	50	0	-0.11318
LIF	8	0.48893	0.75717	0.999995	529	2	-0.059149	0.51745	0.51769	0.825184	558	0	-0.059149
THRAP3	7	0.48978	0.75416	0.999995	530	2	0	0.47143	0.4715	0.825184	21	0	0
ERC2	8	0.49261	0.75995	0.999995	531	3	-0.11739	0.51745	0.51769	0.825184	403	0	-0.11739
KCNT2	8	0.49318	0.76039	0.999995	532	3	-0.020288	0.51745	0.51769	0.825184	523	0	-0.020288
IRF8	8	0.49418	0.76114	0.999995	533	4	-0.11504	0.51745	0.51769	0.825184	519	0	-0.11504
MEP1B	8	0.49636	0.76275	0.999995	534	4	-0.12251	0.51745	0.51769	0.825184	531	0	-0.12251
SPDEF	8	0.49668	0.76299	0.999995	535	3	-0.088937	0.51745	0.51769	0.825184	331	0	-0.088937
ISL1	8	0.50591	0.76936	0.999995	536	2	-0.049013	0.51745	0.51769	0.825184	511	0	-0.049013
PTCH1	8	0.5103	0.77247	0.999995	537	4	-0.12622	0.51745	0.51769	0.825184	61	0	-0.12622
MARCKS	8	0.51233	0.77384	0.999995	538	3	-0.080936	0.51745	0.51769	0.825184	570	0	-0.080936
GNB3	8	0.51409	0.77524	0.999995	539	4	-0.14668	0.51745	0.51769	0.825184	651	0	-0.14668
UTP14C	8	0.51523	0.776	0.999995	540	1	-0.0091911	0.51745	0.51769	0.825184	250	0	-0.0091911
CHUK	16	0.51993	0.8516	0.999995	541	8	-0.17794	0.97688	0.97734	0.999995	897	0	-0.17794
CADPS2	8	0.52102	0.78035	0.999995	542	4	-0.075767	0.51745	0.51769	0.825184	505	0	-0.075767
PLAU	8	0.52633	0.78412	0.999995	543	4	-0.1073	0.51745	0.51769	0.825184	180	0	-0.1073
RNF44	8	0.52672	0.78435	0.999995	544	3	-0.129	0.51745	0.51769	0.825184	68	0	-0.129
GPR50	8	0.52772	0.78499	0.999995	545	4	-0.1452	0.51745	0.51769	0.825184	665	0	-0.1452
ATAD2	8	0.52791	0.78512	0.999995	546	4	-0.16306	0.51745	0.51769	0.825184	442	0	-0.16306
IQCA1L	8	0.52877	0.78567	0.999995	547	4	-0.12495	0.51745	0.51769	0.825184	516	0	-0.12495
PUM1	8	0.53474	0.79034	0.999995	548	4	-0.14525	0.51745	0.51769	0.825184	55	0	-0.14525
SLC22A8	8	0.53528	0.79079	0.999995	549	4	-0.17756	0.96481	0.96439	0.999995	871	0	-0.17756
PRKAB2	8	0.53906	0.79348	0.999995	550	4	-0.13331	0.51745	0.51769	0.825184	54	0	-0.13331
IPO8	8	0.54105	0.7949	0.999995	551	3	-0.042951	0.51745	0.51769	0.825184	544	0	-0.042951
HMGCS2	8	0.5415	0.79524	0.999995	552	4	-0.16638	0.51745	0.51769	0.825184	644	0	-0.16638
TACC3	8	0.54304	0.79628	0.999995	553	3	-0.076414	0.51745	0.51769	0.825184	307	0	-0.076414
ARHGEF7	8	0.54609	0.79858	0.999995	554	4	-0.15386	0.88614	0.88595	0.999995	782	0	-0.15386
TPST2	8	0.54841	0.80027	0.999995	555	3	-0.093367	0.51745	0.51769	0.825184	188	0	-0.093367
PTF1A	8	0.54959	0.8011	0.999995	556	4	-0.12198	0.51745	0.51769	0.825184	62	0	-0.12198
PLXDC1	16	0.55022	0.86929	0.999995	557	8	-0.13429	0.76714	0.76618	0.999995	676	0	-0.13429
CLTCL1	8	0.55202	0.80252	0.999995	558	4	-0.11184	0.90253	0.90211	0.999995	800	0	-0.11184
INTS6L	8	0.55309	0.80333	0.999995	559	4	-0.16421	0.51745	0.51769	0.825184	545	0	-0.16421
CYP26C1	8	0.55408	0.80399	0.999995	560	3	-0.058403	0.51745	0.51769	0.825184	364	0	-0.058403
STAM2	8	0.55497	0.80466	0.999995	561	4	-0.12767	0.51745	0.51769	0.825184	339	0	-0.12767
IDH2	8	0.55524	0.80484	0.999995	562	4	-0.15529	0.94985	0.94944	0.999995	855	0	-0.15529
ATP6V1C2	16	0.55565	0.87266	0.999995	563	7	-0.12955	0.76714	0.76618	0.999995	682	0	-0.12955
MYBPH	8	0.55578	0.80528	0.999995	564	4	-0.11996	0.51745	0.51769	0.825184	128	0	-0.11996
FZR1	8	0.56099	0.80854	0.999995	565	2	-0.045672	0.51745	0.51769	0.825184	607	0	-0.045672
IAPP	8	0.56249	0.80957	0.999995	566	4	-0.20048	0.51745	0.51769	0.825184	535	0	-0.20048
RANBP9	8	0.56323	0.81014	0.999995	567	2	-0.043825	0.51745	0.51769	0.825184	91	0	-0.043825
HUS1B	8	0.56677	0.81264	0.999995	568	4	-0.11095	0.51745	0.51769	0.825184	533	0	-0.11095
GIT1	8	0.57023	0.81497	0.999995	569	3	-0.054427	0.89317	0.89298	0.999995	792	0	-0.054427
LRBA	8	0.5756	0.81895	0.999995	570	3	-0.094323	0.51745	0.51769	0.825184	566	0	-0.094323
AP1G1	8	0.58645	0.82666	0.999995	571	4	-0.13386	0.51745	0.51769	0.825184	436	0	-0.13386
DGKI	8	0.58901	0.82863	0.999995	572	2	-0.018538	0.51745	0.51769	0.825184	417	0	-0.018538
GOLT1B	8	0.58973	0.82913	0.999995	573	1	-0.051623	0.51745	0.51769	0.825184	653	0	-0.051623
YAF2	8	0.59019	0.82941	0.999995	574	3	-0.12588	0.51745	0.51769	0.825184	260	0	-0.12588
HOXB1	8	0.59058	0.82964	0.999995	575	2	-0.17497	0.51745	0.51769	0.825184	591	0	-0.17497
CLASP2	8	0.59067	0.82974	0.999995	576	4	-0.13513	0.84046	0.84025	0.999995	736	0	-0.13513
TPBG	8	0.59199	0.83072	0.999995	577	4	-0.096805	0.51745	0.51769	0.825184	194	0	-0.096805
MPC1	8	0.59429	0.83224	0.999995	578	3	-0.1396	0.93396	0.93321	0.999995	837	0	-0.1396
HTR3D	8	0.59728	0.8343	0.999995	579	3	-0.11573	0.51745	0.51769	0.825184	539	0	-0.11573
NHLRC1	8	0.59752	0.83448	0.999995	580	4	-0.089228	0.51745	0.51769	0.825184	107	0	-0.089228
RNF38	8	0.59778	0.83469	0.999995	581	4	-0.14941	0.51745	0.51769	0.825184	69	0	-0.14941
GOLT1A	8	0.59861	0.83519	0.999995	582	3	-0.10785	0.86073	0.86009	0.999995	759	0	-0.10785
UBQLN3	8	0.59909	0.83548	0.999995	583	4	-0.084702	0.51745	0.51769	0.825184	254	0	-0.084702
AP5M1	8	0.59962	0.83588	0.999995	584	4	-0.091197	0.93791	0.93722	0.999995	842	0	-0.091197
PUM2	8	0.60189	0.83739	0.999995	585	2	-0.077652	0.7988	0.79862	0.999995	703	0	-0.077652
SOS2	8	0.60249	0.83783	0.999995	586	3	-0.13588	0.51745	0.51769	0.825184	327	0	-0.13588
CRK	8	0.60405	0.83888	0.999995	587	3	-0.12648	0.51745	0.51769	0.825184	367	0	-0.12648
GRHL2	8	0.60643	0.84059	0.999995	588	3	-0.13715	0.84269	0.84226	0.999995	739	0	-0.13715
AIPL1	8	0.60694	0.84088	0.999995	589	4	-0.17406	0.89344	0.89326	0.999995	793	0	-0.17406
MCPH1	8	0.60917	0.84226	0.999995	590	3	-0.12628	0.51745	0.51769	0.825184	579	0	-0.12628
UTRN	8	0.61124	0.84378	0.999995	591	2	-0.011426	0.51745	0.51769	0.825184	263	0	-0.011426
ABCG2	8	0.61526	0.84665	0.999995	592	4	-0.057597	0.51745	0.51769	0.825184	456	0	-0.057597
RRAGC	8	0.61691	0.84777	0.999995	593	3	-0.052978	0.51745	0.51769	0.825184	82	0	-0.052978
TNR	8	0.61785	0.84832	0.999995	594	4	-0.12324	0.51745	0.51769	0.825184	219	0	-0.12324
SNRPN	7	0.61796	0.82458	0.999995	595	1	0	0.47143	0.4715	0.825184	23	0	0
RNF103	8	0.62047	0.85015	0.999995	596	3	-0.11839	0.84743	0.84709	0.999995	745	0	-0.11839
FZD8	8	0.62224	0.85096	0.999995	597	3	-0.065737	0.92135	0.92082	0.999995	820	0	-0.065737
SAP30	8	0.62346	0.85145	0.999995	598	2	-0.018837	0.51745	0.51769	0.825184	287	0	-0.018837
CHSY3	8	0.6246	0.85192	0.999995	599	3	-0.067758	0.51745	0.51769	0.825184	372	0	-0.067758
TPBGL	8	0.62461	0.85192	0.999995	600	3	-0.1119	0.51745	0.51769	0.825184	196	0	-0.1119
IRF6	8	0.62961	0.8539	0.999995	601	3	-0.12353	0.51745	0.51769	0.825184	520	0	-0.12353
CAVIN1	8	0.63171	0.85489	0.999995	602	3	-0.12264	0.51745	0.51769	0.825184	472	0	-0.12264
MDM4	8	0.63614	0.85684	0.999995	603	3	-0.16861	0.92606	0.92532	0.999995	828	0	-0.16861
CRY1	8	0.64004	0.85826	0.999995	604	3	-0.085083	0.51745	0.51769	0.825184	354	0	-0.085083
SMAP2	8	0.64054	0.85848	0.999995	605	2	-0.099231	0.51745	0.51769	0.825184	277	0	-0.099231
SUSD1	8	0.64168	0.85888	0.999995	606	1	-0.022639	0.51745	0.51769	0.825184	315	0	-0.022639
H1FOO	8	0.64319	0.85959	0.999995	607	1	-0.051392	0.51745	0.51769	0.825184	633	0	-0.051392
AKAP11	8	0.64546	0.86057	0.999995	608	3	-0.082047	0.51745	0.51769	0.825184	461	0	-0.082047
FOXB1	8	0.64624	0.86094	0.999995	609	3	-0.078835	0.51745	0.51769	0.825184	597	0	-0.078835
TFDP3	7	0.64738	0.84124	0.999995	610	3	-0.16367	0.94752	0.94692	0.999995	852	0	-0.16367
CYP2C8	8	0.64767	0.86152	0.999995	611	2	-0.067969	0.51745	0.51769	0.825184	365	0	-0.067969
TIMP2	8	0.64993	0.86246	0.999995	612	3	-0.11355	0.51745	0.51769	0.825184	207	0	-0.11355
SLC35F3	8	0.65493	0.86473	0.999995	613	3	-0.13035	0.51745	0.51769	0.825184	270	0	-0.13035
HTR3E	8	0.65777	0.86603	0.999995	614	2	-0.084208	0.51745	0.51769	0.825184	532	0	-0.084208
PRDM16	8	0.65916	0.86664	0.999995	615	3	-0.055825	0.51745	0.51769	0.825184	158	0	-0.055825
ASF1B	16	0.65961	0.91911	0.999995	616	5	-0.078272	0.76714	0.76618	0.999995	686	0	-0.078272
RNF130	8	0.66024	0.86705	0.999995	617	3	-0.043854	0.51745	0.51769	0.825184	70	0	-0.043854
LIMK2	8	0.6655	0.86914	0.999995	618	2	-0.038654	0.51745	0.51769	0.825184	552	0	-0.038654
HEATR5B	8	0.66652	0.86958	0.999995	619	3	-0.13634	0.51745	0.51769	0.825184	648	0	-0.13634
RGS19	8	0.6666	0.86961	0.999995	620	3	-0.03663	0.51745	0.51769	0.825184	95	0	-0.03663
FXR1	8	0.66702	0.86978	0.999995	621	3	-0.11158	0.86205	0.8615	0.999995	760	0	-0.11158
AP3M1	8	0.66769	0.86998	0.999995	622	2	-0.07081	0.86849	0.86792	0.999995	767	0	-0.07081
ITGB1BP2	8	0.66774	0.87001	0.999995	623	1	-0.039777	0.51745	0.51769	0.825184	513	0	-0.039777
LMBR1	8	0.66845	0.87023	0.999995	624	2	-0.071628	0.51745	0.51769	0.825184	553	0	-0.071628
GRHL3	8	0.67092	0.87116	0.999995	625	2	-0.10177	0.51745	0.51769	0.825184	660	0	-0.10177
MAPK8IP3	8	0.67177	0.87153	0.999995	626	3	-0.11979	0.51745	0.51769	0.825184	564	0	-0.11979
FKBP4	8	0.672	0.87165	0.999995	627	3	-0.077589	0.51745	0.51769	0.825184	629	0	-0.077589
KRT38	8	0.67528	0.87312	0.999995	628	3	-0.12899	0.97822	0.97762	0.999995	903	0	-0.12899
GPR151	8	0.67744	0.87403	0.999995	629	3	-0.14609	0.51745	0.51769	0.825184	652	0	-0.14609
FLOT1	8	0.67768	0.87409	0.999995	630	3	-0.05785	0.51745	0.51769	0.825184	625	0	-0.05785
ATP6V1B1	8	0.67928	0.87486	0.999995	631	3	-0.10499	0.88738	0.88716	0.999995	785	0	-0.10499
PPP3R2	8	0.68462	0.87713	0.999995	632	3	-0.086707	0.51745	0.51769	0.825184	157	0	-0.086707
SAFB2	8	0.68478	0.87721	0.999995	633	3	-0.076953	0.51745	0.51769	0.825184	294	0	-0.076953
ADARB2	8	0.6862	0.8779	0.999995	634	3	-0.1254	0.51745	0.51769	0.825184	466	0	-0.1254
TSPO2	8	0.6908	0.88004	0.999995	635	2	-0.10944	0.51745	0.51769	0.825184	206	0	-0.10944
FAM126A	8	0.69203	0.88053	0.999995	636	3	-0.11928	0.51745	0.51769	0.825184	616	0	-0.11928
CAPN2	8	0.69534	0.88183	0.999995	637	2	-0.084504	0.51745	0.51769	0.825184	479	0	-0.084504
LARP1	8	0.6961	0.88206	0.999995	638	3	-0.10262	0.51745	0.51769	0.825184	582	0	-0.10262
LIMK1	8	0.69997	0.88353	0.999995	639	3	-0.094598	0.51745	0.51769	0.825184	559	0	-0.094598
LGALS9	7	0.70111	0.87188	0.999995	640	2	-0.029764	0.47143	0.4715	0.825184	20	0	-0.029764
CCNL2	8	0.7018	0.88438	0.999995	641	3	-0.1089	0.51745	0.51769	0.825184	485	0	-0.1089
NUMBL	8	0.70201	0.88451	0.999995	642	3	-0.069438	0.51745	0.51769	0.825184	117	0	-0.069438
TNPO2	8	0.70421	0.88554	0.999995	643	2	-0.0445	0.51745	0.51769	0.825184	217	0	-0.0445
NSDHL	8	0.70683	0.88662	0.999995	644	3	-0.021011	0.51745	0.51769	0.825184	115	0	-0.021011
WAS	8	0.70708	0.88674	0.999995	645	3	-0.079918	0.8458	0.84563	0.999995	742	0	-0.079918
MTA1	8	0.70984	0.88787	0.999995	646	2	-0.013582	0.51745	0.51769	0.825184	125	0	-0.013582
EFR3A	8	0.71118	0.88842	0.999995	647	3	-0.18166	0.98946	0.98919	0.999995	937	0	-0.18166
ACACB	8	0.71327	0.88928	0.999995	648	3	-0.10558	0.51745	0.51769	0.825184	458	0	-0.10558
PPP3CA	8	0.71358	0.88944	0.999995	649	2	-0.056224	0.51745	0.51769	0.825184	163	0	-0.056224
ELL2	7	0.71495	0.87949	0.999995	650	2	-0.0037957	0.47143	0.4715	0.825184	28	0	-0.0037957
COPS7A	8	0.71581	0.89035	0.999995	651	3	-0.13096	0.85481	0.85472	0.999995	753	0	-0.13096
CNOT6L	6	0.71603	0.86423	0.999995	652	2	-0.13831	0.42102	0.42159	0.825184	18	0	-0.13831
TREML4	7	0.71647	0.88031	0.999995	653	3	-0.14483	0.47143	0.4715	0.825184	22	0	-0.14483
GLIS3	8	0.72017	0.89207	0.999995	654	2	-0.098398	0.79441	0.79416	0.999995	698	0	-0.098398
SNX2	8	0.72048	0.89219	0.999995	655	3	-0.087119	0.51745	0.51769	0.825184	334	0	-0.087119
GALNT5	8	0.72085	0.89228	0.999995	656	3	-0.19321	0.92432	0.92377	0.999995	826	0	-0.19321
NUMB	8	0.7217	0.89276	0.999995	657	2	-0.048114	0.51745	0.51769	0.825184	118	0	-0.048114
CEACAM1	8	0.72534	0.89444	0.999995	658	2	-0.088266	0.51745	0.51769	0.825184	377	0	-0.088266
BECN2	8	0.7254	0.89445	0.999995	659	3	-0.06221	0.51745	0.51769	0.825184	494	0	-0.06221
TOB2	8	0.72703	0.89518	0.999995	660	3	-0.072133	0.51745	0.51769	0.825184	221	0	-0.072133
DYNLT1	8	0.7272	0.89519	0.999995	661	3	-0.13585	0.51745	0.51769	0.825184	423	0	-0.13585
TMEM120A	8	0.72923	0.89612	0.999995	662	3	-0.043193	0.51745	0.51769	0.825184	210	0	-0.043193
PRDM13	8	0.73038	0.89665	0.999995	663	2	-0.058688	0.51745	0.51769	0.825184	156	0	-0.058688
RALGPS1	8	0.73124	0.89707	0.999995	664	3	-0.01278	0.51745	0.51769	0.825184	48	0	-0.01278
TGFBR2	8	0.73276	0.89778	0.999995	665	2	-0.07731	0.51745	0.51769	0.825184	215	0	-0.07731
ABL1	8	0.73325	0.89789	0.999995	666	3	-0.029669	0.51745	0.51769	0.825184	455	0	-0.029669
NCKAP1L	8	0.73654	0.89918	0.999995	667	1	-0.0055198	0.51745	0.51769	0.825184	108	0	-0.0055198
G6PC	8	0.7379	0.89984	0.999995	668	3	-0.14916	0.51745	0.51769	0.825184	610	0	-0.14916
SLC9A3R2	8	0.73922	0.90026	0.999995	669	3	-0.04951	0.51745	0.51769	0.825184	284	0	-0.04951
CASP4	8	0.7436	0.90212	0.999995	670	3	-0.13842	0.51745	0.51769	0.825184	478	0	-0.13842
FKBP10	8	0.74623	0.90349	0.999995	671	1	-0.0559	0.51745	0.51769	0.825184	626	0	-0.0559
HRH3	8	0.74674	0.90368	0.999995	672	2	-0.096158	0.51745	0.51769	0.825184	538	0	-0.096158
COPZ2	8	0.74834	0.90436	0.999995	673	2	-0.031831	0.51745	0.51769	0.825184	378	0	-0.031831
APOBEC3C	8	0.74902	0.90465	0.999995	674	2	-0.066714	0.51745	0.51769	0.825184	433	0	-0.066714
BICD1	8	0.7493	0.90474	0.999995	675	3	-0.14874	0.51745	0.51769	0.825184	507	0	-0.14874
SPHKAP	8	0.74966	0.90485	0.999995	676	3	-0.098071	0.51745	0.51769	0.825184	330	0	-0.098071
SMAP1	8	0.74971	0.90488	0.999995	677	3	-0.10358	0.51745	0.51769	0.825184	278	0	-0.10358
TSTD1	8	0.74993	0.90496	0.999995	678	3	-0.017714	0.51745	0.51769	0.825184	205	0	-0.017714
ANXA1	8	0.75016	0.90507	0.999995	679	2	-0.049836	0.51745	0.51769	0.825184	434	0	-0.049836
TRPC7	8	0.7503	0.90514	0.999995	680	3	-0.12544	0.51745	0.51769	0.825184	202	0	-0.12544
NLRP8	8	0.75094	0.9054	0.999995	681	3	-0.16894	0.8787	0.87795	0.999995	774	0	-0.16894
TMEM185B	8	0.75107	0.90544	0.999995	682	3	-0.12742	0.51745	0.51769	0.825184	224	0	-0.12742
LRFN1	8	0.75116	0.90549	0.999995	683	3	-0.062509	0.51745	0.51769	0.825184	568	0	-0.062509
SIX6	8	0.75242	0.90603	0.999995	684	2	-0.063482	0.51745	0.51769	0.825184	300	0	-0.063482
DBT	8	0.75287	0.90621	0.999995	685	3	-0.10911	0.51745	0.51769	0.825184	358	0	-0.10911
TMEM9B	8	0.75332	0.90632	0.999995	686	3	-0.0475	0.51745	0.51769	0.825184	218	0	-0.0475
MACF1	8	0.75393	0.90661	0.999995	687	3	-0.1586	0.51745	0.51769	0.825184	562	0	-0.1586
RCBTB1	8	0.75422	0.90675	0.999995	688	2	-0.093121	0.51745	0.51769	0.825184	100	0	-0.093121
CALY	8	0.75436	0.90683	0.999995	689	3	-0.067279	0.51745	0.51769	0.825184	504	0	-0.067279
GDF15	8	0.7548	0.90704	0.999995	690	2	-0.060652	0.78489	0.78497	0.999995	692	0	-0.060652
KRT25	8	0.75499	0.90708	0.999995	691	3	-0.14181	0.51745	0.51769	0.825184	575	0	-0.14181
AQP8	8	0.75711	0.90808	0.999995	692	3	-0.080604	0.51745	0.51769	0.825184	432	0	-0.080604
LHFPL5	8	0.75805	0.90861	0.999995	693	2	-0.081545	0.51745	0.51769	0.825184	556	0	-0.081545
SNX6	8	0.75934	0.90913	0.999995	694	3	-0.15116	0.51745	0.51769	0.825184	336	0	-0.15116
DCAF8L1	8	0.76006	0.9095	0.999995	695	3	-0.013157	0.51745	0.51769	0.825184	357	0	-0.013157
RRAGD	8	0.76027	0.90962	0.999995	696	3	-0.093213	0.51745	0.51769	0.825184	79	0	-0.093213
TAF9	7	0.76068	0.90563	0.999995	697	2	-0.055857	0.47143	0.4715	0.825184	33	0	-0.055857
UAP1L1	8	0.76194	0.91034	0.999995	698	3	-0.081969	0.94118	0.94044	0.999995	846	0	-0.081969
MANF	8	0.76298	0.91086	0.999995	699	3	-0.072726	0.51745	0.51769	0.825184	563	0	-0.072726
SLC25A24	8	0.76416	0.91135	0.999995	700	3	-0.068017	0.51745	0.51769	0.825184	267	0	-0.068017
TOMM20L	8	0.76548	0.91192	0.999995	701	3	-0.069292	0.51745	0.51769	0.825184	220	0	-0.069292
TBR1	8	0.76795	0.9131	0.999995	702	3	-0.12176	0.51745	0.51769	0.825184	321	0	-0.12176
PHLDA3	8	0.76914	0.91351	0.999995	703	2	-0.039679	0.51745	0.51769	0.825184	177	0	-0.039679
IQCA1	8	0.77171	0.91454	0.999995	704	3	-0.054162	0.51745	0.51769	0.825184	517	0	-0.054162
ACTL7A	8	0.77265	0.91501	0.999995	705	3	-0.13139	0.51745	0.51769	0.825184	450	0	-0.13139
TTC23	8	0.77386	0.9156	0.999995	706	3	-0.075709	0.51745	0.51769	0.825184	198	0	-0.075709
TAP1	8	0.77524	0.91611	0.999995	707	3	-0.029452	0.51745	0.51769	0.825184	323	0	-0.029452
RPRD1A	8	0.77548	0.91621	0.999995	708	3	-0.045928	0.51745	0.51769	0.825184	83	0	-0.045928
ARFGEF1	8	0.779	0.91786	0.999995	709	2	-0.09499	0.51745	0.51769	0.825184	445	0	-0.09499
CSTF2	8	0.77949	0.91805	0.999995	710	3	-0.10898	0.51745	0.51769	0.825184	355	0	-0.10898
FNIP2	8	0.78012	0.91827	0.999995	711	2	-0.026041	0.51745	0.51769	0.825184	598	0	-0.026041
FBLN1	8	0.78024	0.91834	0.999995	712	1	-0.04192	0.51745	0.51769	0.825184	611	0	-0.04192
NAA16	8	0.78048	0.91843	0.999995	713	1	-0.018749	0.51745	0.51769	0.825184	140	0	-0.018749
LARP1B	8	0.78168	0.91903	0.999995	714	3	-0.087217	0.87987	0.8791	0.999995	776	0	-0.087217
SATB2	8	0.78171	0.91904	0.999995	715	2	-0.0062839	0.51745	0.51769	0.825184	303	0	-0.0062839
SAMD9	8	0.78221	0.9192	0.999995	716	3	-0.0080077	0.51745	0.51769	0.825184	288	0	-0.0080077
RBBP7	8	0.78247	0.91934	0.999995	717	3	-0.13347	0.51745	0.51769	0.825184	89	0	-0.13347
GMPR	8	0.78322	0.91967	0.999995	718	2	-0.058589	0.51745	0.51769	0.825184	657	0	-0.058589
AOX1	8	0.78523	0.92052	0.999995	719	3	-0.085465	0.79765	0.79748	0.999995	701	0	-0.085465
SAMD4B	8	0.78621	0.92088	0.999995	720	3	-0.13765	0.51745	0.51769	0.825184	295	0	-0.13765
FLT1	8	0.7868	0.92128	0.999995	721	3	-0.05305	0.51745	0.51769	0.825184	621	0	-0.05305
SOAT1	8	0.78826	0.92189	0.999995	722	3	-0.088211	0.51745	0.51769	0.825184	335	0	-0.088211
HPS1	8	0.78892	0.92217	0.999995	723	2	-0.043773	0.51745	0.51769	0.825184	537	0	-0.043773
CADPS	8	0.78912	0.92225	0.999995	724	3	-0.04518	0.51745	0.51769	0.825184	503	0	-0.04518
ICK	8	0.79113	0.92313	0.999995	725	2	-0.050194	0.51745	0.51769	0.825184	534	0	-0.050194
MOGAT2	8	0.7923	0.92374	0.999995	726	2	-0.11727	0.51745	0.51769	0.825184	130	0	-0.11727
BTBD11	8	0.79534	0.92518	0.999995	727	2	-0.089842	0.83783	0.83743	0.999995	734	0	-0.089842
ESRP2	8	0.7965	0.92555	0.999995	728	2	-0.086829	0.51745	0.51769	0.825184	400	0	-0.086829
ZNF804B	8	0.79673	0.92564	0.999995	729	2	-0.056711	0.51745	0.51769	0.825184	240	0	-0.056711
IKBKE	8	0.80097	0.9277	0.999995	730	3	-0.067636	0.51745	0.51769	0.825184	549	0	-0.067636
FAM71A	8	0.80246	0.9285	0.999995	731	3	-0.13311	0.95006	0.94971	0.999995	856	0	-0.13311
SEC11A	7	0.8036	0.91871	0.999995	732	1	-0.047114	0.47143	0.4715	0.825184	32	0	-0.047114
MRGPRX2	8	0.80405	0.92919	0.999995	733	3	-0.021921	0.51745	0.51769	0.825184	131	0	-0.021921
RHOBTB2	8	0.80728	0.93096	0.999995	734	2	-0.048536	0.51745	0.51769	0.825184	96	0	-0.048536
CYFIP2	8	0.80778	0.93118	0.999995	735	2	-0.051167	0.51745	0.51769	0.825184	362	0	-0.051167
PDLIM5	8	0.80785	0.9312	0.999995	736	2	-0.010251	0.51745	0.51769	0.825184	183	0	-0.010251
DYNLT3	6	0.80791	0.90515	0.999995	737	2	-0.008254	0.42102	0.42159	0.825184	3	0	-0.008254
FEZ2	8	0.8082	0.93138	0.999995	738	3	-0.087834	0.51745	0.51769	0.825184	627	0	-0.087834
UMPS	8	0.80821	0.93139	0.999995	739	2	-0.032052	0.51745	0.51769	0.825184	248	0	-0.032052
NR5A2	8	0.80911	0.93179	0.999995	740	3	-0.078734	0.51745	0.51769	0.825184	121	0	-0.078734
SCN10A	8	0.8102	0.93233	0.999995	741	3	-0.10216	0.51745	0.51769	0.825184	304	0	-0.10216
COPG2	8	0.8104	0.93242	0.999995	742	2	-0.039345	0.51745	0.51769	0.825184	379	0	-0.039345
TRPM1	8	0.81093	0.93261	0.999995	743	3	-0.16412	0.51745	0.51769	0.825184	204	0	-0.16412
TMEM30B	8	0.81111	0.93267	0.999995	744	3	-0.13405	0.51745	0.51769	0.825184	226	0	-0.13405
ERO1B	8	0.81192	0.93308	0.999995	745	2	-0.036496	0.51745	0.51769	0.825184	398	0	-0.036496
CRNN	8	0.814	0.93405	0.999995	746	3	-0.12083	0.83688	0.83666	0.999995	732	0	-0.12083
KIT	16	0.81447	0.96819	0.999995	747	6	-0.074559	0.76714	0.76618	0.999995	688	0	-0.074559
FSD1L	8	0.81712	0.93543	0.999995	748	2	-0.047233	0.51745	0.51769	0.825184	594	0	-0.047233
CD44	8	0.81821	0.93593	0.999995	749	2	-0.15134	0.51745	0.51769	0.825184	488	0	-0.15134
IFIH1	8	0.82023	0.937	0.999995	750	3	-0.11012	0.85326	0.85306	0.999995	752	0	-0.11012
TREM2	8	0.82233	0.93805	0.999995	751	3	-0.048893	0.51745	0.51769	0.825184	191	0	-0.048893
RECK	8	0.82244	0.9381	0.999995	752	1	-0.052342	0.51745	0.51769	0.825184	102	0	-0.052342
CLTA	8	0.82394	0.93872	0.999995	753	2	-0.041969	0.51745	0.51769	0.825184	385	0	-0.041969
PAPSS2	8	0.82448	0.93904	0.999995	754	2	-0.10058	0.84921	0.84912	0.999995	747	0	-0.10058
GYS1	8	0.82476	0.93919	0.999995	755	3	-0.056188	0.51745	0.51769	0.825184	632	0	-0.056188
CCDC69	8	0.82528	0.93949	0.999995	756	3	-0.090261	0.51745	0.51769	0.825184	473	0	-0.090261
TLN2	8	0.82693	0.94035	0.999995	757	2	-0.085605	0.51745	0.51769	0.825184	211	0	-0.085605
SHCBP1L	8	0.82989	0.94164	0.999995	758	2	-0.10864	0.84814	0.84788	0.999995	746	0	-0.10864
RPL3L	8	0.83041	0.9419	0.999995	759	2	-0.048182	0.51745	0.51769	0.825184	80	0	-0.048182
CBLL2	8	0.83068	0.94197	0.999995	760	2	-0.063844	0.51745	0.51769	0.825184	474	0	-0.063844
MTUS1	8	0.83107	0.94219	0.999995	761	1	0	0.51745	0.51769	0.825184	126	0	0
VANGL1	8	0.83166	0.94255	0.999995	762	3	-0.081012	0.51745	0.51769	0.825184	262	0	-0.081012
STRIP1	8	0.83177	0.94262	0.999995	763	3	-0.10878	0.51745	0.51769	0.825184	341	0	-0.10878
HRH1	8	0.83213	0.94273	0.999995	764	3	-0.00079721	0.51745	0.51769	0.825184	536	0	-0.00079721
COX6B2	8	0.83328	0.94328	0.999995	765	3	-0.053673	0.51745	0.51769	0.825184	382	0	-0.053673
EFR3B	8	0.83429	0.94369	0.999995	766	3	-0.10816	0.90265	0.90219	0.999995	801	0	-0.10816
PMM1	8	0.83434	0.94373	0.999995	767	2	-0.057895	0.51745	0.51769	0.825184	145	0	-0.057895
NAA11	8	0.83445	0.94377	0.999995	768	3	-0.073982	0.87331	0.87254	0.999995	770	0	-0.073982
YIPF7	8	0.83462	0.9439	0.999995	769	3	-0.084476	0.51745	0.51769	0.825184	235	0	-0.084476
ARSJ	8	0.83495	0.94403	0.999995	770	3	-0.076854	0.51745	0.51769	0.825184	439	0	-0.076854
PACS2	8	0.83515	0.94411	0.999995	771	2	-0.030539	0.51745	0.51769	0.825184	173	0	-0.030539
EXOC6	8	0.83649	0.94478	0.999995	772	2	-0.067367	0.51745	0.51769	0.825184	402	0	-0.067367
RBMXL2	8	0.83661	0.94483	0.999995	773	3	-0.049729	0.51745	0.51769	0.825184	85	0	-0.049729
SRI	8	0.83669	0.94485	0.999995	774	2	-0.050181	0.51745	0.51769	0.825184	345	0	-0.050181
GBX2	8	0.83876	0.94576	0.999995	775	3	-0.025111	0.51745	0.51769	0.825184	604	0	-0.025111
GPSM1	8	0.83934	0.94604	0.999995	776	2	-0.029335	0.51745	0.51769	0.825184	663	0	-0.029335
G3BP2	8	0.8399	0.94625	0.999995	777	3	-0.18239	0.82367	0.82337	0.999995	715	0	-0.18239
ZNF284	8	0.84135	0.94688	0.999995	778	2	-0.037054	0.51745	0.51769	0.825184	245	0	-0.037054
TANK	8	0.84169	0.94707	0.999995	779	3	-0.092428	0.51745	0.51769	0.825184	310	0	-0.092428
PDGFC	8	0.84218	0.94727	0.999995	780	3	-0.077475	0.9404	0.93971	0.999995	844	0	-0.077475
SAR1B	8	0.8425	0.94742	0.999995	781	3	-0.11874	0.51745	0.51769	0.825184	291	0	-0.11874
KCNMB3	7	0.84277	0.93237	0.999995	782	2	-0.10508	0.8713	0.87029	0.999995	768	0	-0.10508
STRADA	8	0.84282	0.94758	0.999995	783	3	-0.10805	0.84416	0.84367	0.999995	741	0	-0.10805
NET1	8	0.84298	0.94761	0.999995	784	2	-0.020881	0.51745	0.51769	0.825184	104	0	-0.020881
ULK1	8	0.84314	0.94766	0.999995	785	2	-0.012653	0.51745	0.51769	0.825184	256	0	-0.012653
SERPINA12	16	0.84329	0.97507	0.999995	786	6	-0.10899	0.76714	0.76618	0.999995	678	0	-0.10899
SERPINA11	8	0.84331	0.94769	0.999995	787	2	-0.013313	0.51745	0.51769	0.825184	297	0	-0.013313
ERO1A	8	0.84361	0.9478	0.999995	788	1	0	0.51745	0.51769	0.825184	399	0	0
TMEM9	8	0.84379	0.94786	0.999995	789	2	-0.0495	0.51745	0.51769	0.825184	225	0	-0.0495
NOX3	8	0.84396	0.94792	0.999995	790	2	-0.091439	0.78562	0.78568	0.999995	693	0	-0.091439
SATB1	8	0.84475	0.94831	0.999995	791	3	-0.061975	0.51745	0.51769	0.825184	290	0	-0.061975
RTP1	8	0.84557	0.94864	0.999995	792	2	-0.12548	0.51745	0.51769	0.825184	78	0	-0.12548
L3MBTL2	8	0.84571	0.94874	0.999995	793	3	-0.085796	0.51745	0.51769	0.825184	589	0	-0.085796
ANKRD10	8	0.8467	0.949	0.999995	794	1	-0.00052827	0.51745	0.51769	0.825184	449	0	-0.00052827
NR2E1	8	0.8501	0.94969	0.999995	795	2	-0.068299	0.51745	0.51769	0.825184	120	0	-0.068299
MPC1L	8	0.85516	0.95099	0.999995	796	2	-0.0045496	0.51745	0.51769	0.825184	129	0	-0.0045496
MAT1A	8	0.85533	0.95104	0.999995	797	1	-0.031674	0.51745	0.51769	0.825184	584	0	-0.031674
NBEA	6	0.85799	0.93059	0.999995	798	2	-0.077695	0.91381	0.91494	0.999995	816	0	-0.077695
APH1B	8	0.86001	0.95214	0.999995	799	2	-0.047245	0.51745	0.51769	0.825184	429	0	-0.047245
GXYLT2	8	0.8653	0.95326	0.999995	800	2	-0.050009	0.51745	0.51769	0.825184	635	0	-0.050009
GDI2	16	0.86636	0.9805	0.999995	801	6	-0.089833	0.76714	0.76618	0.999995	680	0	-0.089833
UNC45A	8	0.86691	0.95365	0.999995	802	2	-0.10505	0.8645	0.86392	0.999995	763	0	-0.10505
TCF12	8	0.86738	0.95376	0.999995	803	1	-0.037929	0.51745	0.51769	0.825184	213	0	-0.037929
SBF2	7	0.86839	0.94191	0.999995	804	2	-0.0036525	0.47143	0.4715	0.825184	34	0	-0.0036525
TPRX1	8	0.86865	0.95407	0.999995	805	1	-0.03502	0.51745	0.51769	0.825184	195	0	-0.03502
ARHGEF3	8	0.86897	0.95411	0.999995	806	2	-0.075555	0.82017	0.82012	0.999995	712	0	-0.075555
ITSN1	8	0.86944	0.95427	0.999995	807	2	-0.044997	0.51745	0.51769	0.825184	515	0	-0.044997
SLC17A2	8	0.86975	0.95433	0.999995	808	2	-0.094723	0.51745	0.51769	0.825184	274	0	-0.094723
TTC7A	16	0.87036	0.98148	0.999995	809	6	-0.084286	0.76714	0.76618	0.999995	687	0	-0.084286
KIAA0319	8	0.87062	0.95456	0.999995	810	2	-0.0082178	0.51745	0.51769	0.825184	524	0	-0.0082178
CAV1	8	0.87439	0.95551	0.999995	811	2	-0.05743	0.51745	0.51769	0.825184	470	0	-0.05743
RSPH1	8	0.8759	0.95582	0.999995	812	2	-0.0082387	0.51745	0.51769	0.825184	75	0	-0.0082387
CDK8	8	0.87648	0.9559	0.999995	813	2	-0.049579	0.51745	0.51769	0.825184	374	0	-0.049579
TOMM40L	8	0.87973	0.95672	0.999995	814	2	-0.11826	0.51745	0.51769	0.825184	193	0	-0.11826
DMD	8	0.88022	0.95683	0.999995	815	2	-0.01346	0.51745	0.51769	0.825184	411	0	-0.01346
KRT37	8	0.88101	0.95705	0.999995	816	2	-0.075692	0.51745	0.51769	0.825184	587	0	-0.075692
HMGCL	8	0.88194	0.95725	0.999995	817	2	-0.11958	0.51745	0.51769	0.825184	642	0	-0.11958
NDEL1	8	0.88276	0.95749	0.999995	818	1	-0.086002	0.51745	0.51769	0.825184	111	0	-0.086002
STX7	8	0.8829	0.95751	0.999995	819	1	-0.046533	0.51745	0.51769	0.825184	316	0	-0.046533
PDGFD	8	0.88351	0.95766	0.999995	820	2	-0.0023578	0.51745	0.51769	0.825184	176	0	-0.0023578
EFNB1	8	0.88622	0.95838	0.999995	821	2	-0.069149	0.51745	0.51769	0.825184	395	0	-0.069149
STX17	8	0.88661	0.95849	0.999995	822	2	-0.079176	0.51745	0.51769	0.825184	312	0	-0.079176
TGM6	8	0.88762	0.95867	0.999995	823	2	-0.050216	0.51745	0.51769	0.825184	208	0	-0.050216
DUOX2	8	0.88766	0.95867	0.999995	824	2	-0.025552	0.51745	0.51769	0.825184	419	0	-0.025552
SLITRK1	8	0.88826	0.95882	0.999995	825	2	-0.027782	0.51745	0.51769	0.825184	285	0	-0.027782
KAT6B	8	0.89051	0.95949	0.999995	826	2	-0.034475	0.51745	0.51769	0.825184	529	0	-0.034475
ZNF521	8	0.89158	0.95978	0.999995	827	1	-0.053675	0.51745	0.51769	0.825184	241	0	-0.053675
GYS2	8	0.89175	0.95987	0.999995	828	2	-0.040638	0.51745	0.51769	0.825184	634	0	-0.040638
ADM	8	0.892	0.95989	0.999995	829	2	-0.065871	0.51745	0.51769	0.825184	467	0	-0.065871
FCRL3	8	0.89265	0.96	0.999995	830	1	-0.054729	0.51745	0.51769	0.825184	614	0	-0.054729
KLK12	8	0.89298	0.9601	0.999995	831	2	-0.059396	0.51745	0.51769	0.825184	571	0	-0.059396
KRT74	8	0.89461	0.96062	0.999995	832	2	-0.014018	0.51745	0.51769	0.825184	586	0	-0.014018
GRIP2	8	0.89612	0.96111	0.999995	833	2	-0.093542	0.80843	0.80845	0.999995	706	0	-0.093542
RCBTB2	8	0.89667	0.96125	0.999995	834	2	0	0.51745	0.51769	0.825184	99	0	0
ATM	8	0.89683	0.96131	0.999995	835	2	-0.044153	0.51745	0.51769	0.825184	497	0	-0.044153
PDX1	8	0.89755	0.96153	0.999995	836	2	-0.093369	0.51745	0.51769	0.825184	184	0	-0.093369
CNOT8	7	0.89875	0.95425	0.999995	837	1	-0.021414	0.47143	0.4715	0.825184	40	0	-0.021414
EPHA3	8	0.90081	0.96248	0.999995	838	2	-0.07444	0.51745	0.51769	0.825184	390	0	-0.07444
DEGS1	8	0.90143	0.96264	0.999995	839	2	-0.032961	0.51745	0.51769	0.825184	361	0	-0.032961
FAM50B	8	0.90216	0.96276	0.999995	840	1	-0.044104	0.51745	0.51769	0.825184	618	0	-0.044104
DUOX1	8	0.90253	0.96289	0.999995	841	2	-0.10672	0.51745	0.51769	0.825184	420	0	-0.10672
STRIP2	8	0.9054	0.96377	0.999995	842	1	0	0.51745	0.51769	0.825184	340	0	0
FOXA1	8	0.9059	0.96388	0.999995	843	2	-0.061197	0.78826	0.78814	0.999995	694	0	-0.061197
BRSK1	8	0.90935	0.96474	0.999995	844	2	-0.093428	0.51745	0.51769	0.825184	508	0	-0.093428
NCK1	8	0.90981	0.96487	0.999995	845	1	-0.12044	0.51745	0.51769	0.825184	138	0	-0.12044
NAPB	8	0.91071	0.96515	0.999995	846	1	-0.065449	0.51745	0.51769	0.825184	144	0	-0.065449
CNOT6	8	0.91173	0.96547	0.999995	847	2	-0.033403	0.51745	0.51769	0.825184	386	0	-0.033403
TBC1D4	8	0.91194	0.96552	0.999995	848	2	-0.055624	0.51745	0.51769	0.825184	326	0	-0.055624
RSC1A1	8	0.91511	0.96643	0.999995	849	2	-0.071919	0.51745	0.51769	0.825184	76	0	-0.071919
CAP2	8	0.91516	0.96647	0.999995	850	2	-0.055082	0.51745	0.51769	0.825184	477	0	-0.055082
PCBD2	8	0.91658	0.96694	0.999995	851	2	-0.045482	0.51745	0.51769	0.825184	166	0	-0.045482
DZIP3	8	0.91788	0.96737	0.999995	852	2	-0.0087716	0.51745	0.51769	0.825184	408	0	-0.0087716
CDNF	8	0.91878	0.96771	0.999995	853	2	-0.048756	0.51745	0.51769	0.825184	373	0	-0.048756
RHBDF2	8	0.91973	0.96796	0.999995	854	2	-0.061354	0.51745	0.51769	0.825184	97	0	-0.061354
TAS1R2	8	0.92055	0.96816	0.999995	855	2	-0.080812	0.51745	0.51769	0.825184	322	0	-0.080812
YIF1B	8	0.92208	0.96865	0.999995	856	2	-0.062194	0.51745	0.51769	0.825184	234	0	-0.062194
RAP1GAP	8	0.9263	0.97023	0.999995	857	2	-0.06626	0.51745	0.51769	0.825184	90	0	-0.06626
ARFIP1	8	0.92691	0.97043	0.999995	858	1	-0.012963	0.51745	0.51769	0.825184	444	0	-0.012963
SMARCA1	8	0.92721	0.97051	0.999995	859	2	0	0.51745	0.51769	0.825184	279	0	0
SMARCA2	8	0.92729	0.97054	0.999995	860	2	-0.091903	0.51745	0.51769	0.825184	281	0	-0.091903
CLCA1	8	0.92766	0.97065	0.999995	861	2	-0.12136	0.51745	0.51769	0.825184	371	0	-0.12136
ITSN2	8	0.92892	0.97117	0.999995	862	2	-0.042812	0.51745	0.51769	0.825184	514	0	-0.042812
PIP4P1	8	0.93033	0.97156	0.999995	863	1	-0.054368	0.51745	0.51769	0.825184	179	0	-0.054368
TEX45	8	0.93105	0.97181	0.999995	864	2	-0.12484	0.51745	0.51769	0.825184	216	0	-0.12484
SLC35F4	8	0.93163	0.97211	0.999995	865	2	-0.066455	0.51745	0.51769	0.825184	283	0	-0.066455
RIMKLB	6	0.93191	0.9569	0.999995	866	1	-0.044486	0.42102	0.42159	0.825184	10	0	-0.044486
FAM126B	8	0.93378	0.97277	0.999995	867	1	-0.038888	0.51745	0.51769	0.825184	619	0	-0.038888
RHOT2	8	0.93419	0.97292	0.999995	868	2	-0.056207	0.51745	0.51769	0.825184	72	0	-0.056207
ULK2	8	0.93507	0.97326	0.999995	869	1	-0.061313	0.51745	0.51769	0.825184	255	0	-0.061313
LATS2	8	0.93527	0.97337	0.999995	870	2	-0.023279	0.51745	0.51769	0.825184	583	0	-0.023279
SLC22A13	8	0.93618	0.97367	0.999995	871	2	-0.10909	0.51745	0.51769	0.825184	276	0	-0.10909
OGDHL	8	0.93634	0.97374	0.999995	872	2	0	0.51745	0.51769	0.825184	171	0	0
ANKRD37	8	0.93642	0.97376	0.999995	873	1	-0.011114	0.51745	0.51769	0.825184	435	0	-0.011114
VPS26B	8	0.93692	0.97391	0.999995	874	1	-0.077453	0.51745	0.51769	0.825184	265	0	-0.077453
HTR2C	8	0.93758	0.97413	0.999995	875	1	-0.01888	0.51745	0.51769	0.825184	540	0	-0.01888
NR5A1	8	0.93783	0.97423	0.999995	876	2	-0.080302	0.51745	0.51769	0.825184	119	0	-0.080302
DEGS2	8	0.93875	0.97462	0.999995	877	2	-0.088767	0.51745	0.51769	0.825184	360	0	-0.088767
SLC25A2	8	0.9393	0.9749	0.999995	878	2	-0.047891	0.51745	0.51769	0.825184	268	0	-0.047891
ADAM19	8	0.93952	0.975	0.999995	879	1	0	0.51745	0.51769	0.825184	452	0	0
SPATA16	8	0.93993	0.97519	0.999995	880	2	-0.12162	0.88132	0.88073	0.999995	779	0	-0.12162
DNAJC15	8	0.94132	0.97571	0.999995	881	2	-0.028928	0.51745	0.51769	0.825184	424	0	-0.028928
GSX2	8	0.94224	0.97606	0.999995	882	2	-0.072049	0.51745	0.51769	0.825184	639	0	-0.072049
FEZ1	8	0.94329	0.97649	0.999995	883	2	-0.077461	0.51745	0.51769	0.825184	620	0	-0.077461
SEC31B	8	0.94403	0.97683	0.999995	884	2	-0.078643	0.51745	0.51769	0.825184	298	0	-0.078643
JAG2	8	0.94571	0.97747	0.999995	885	1	-0.057988	0.51745	0.51769	0.825184	526	0	-0.057988
DMXL1	8	0.94713	0.97798	0.999995	886	2	-0.020911	0.51745	0.51769	0.825184	412	0	-0.020911
SLCO2B1	8	0.94727	0.97805	0.999995	887	2	-0.073893	0.51745	0.51769	0.825184	286	0	-0.073893
PLEK2	8	0.94734	0.97805	0.999995	888	2	-0.08791	0.51745	0.51769	0.825184	153	0	-0.08791
SEC23B	8	0.94841	0.97841	0.999995	889	1	-0.049456	0.90646	0.90573	0.999995	805	0	-0.049456
NKAPL	8	0.94867	0.97851	0.999995	890	2	-0.016706	0.51745	0.51769	0.825184	106	0	-0.016706
PAPSS1	8	0.9489	0.97863	0.999995	891	1	-0.010771	0.51745	0.51769	0.825184	174	0	-0.010771
ARHGEF6	8	0.94983	0.97906	0.999995	892	2	-0.05742	0.51745	0.51769	0.825184	448	0	-0.05742
ABCB1	8	0.95003	0.97915	0.999995	893	2	-0.041555	0.78898	0.7888	0.999995	695	0	-0.041555
DDI1	16	0.9505	0.99407	0.999995	894	4	-0.05584	0.76714	0.76618	0.999995	675	0	-0.05584
DST	8	0.95083	0.9794	0.999995	895	2	-0.045308	0.51745	0.51769	0.825184	427	0	-0.045308
USP13	8	0.95205	0.97989	0.999995	896	1	-0.069858	0.51745	0.51769	0.825184	249	0	-0.069858
CD163L1	8	0.95321	0.98048	0.999995	897	1	0	0.51745	0.51769	0.825184	489	0	0
NBEAL2	8	0.95388	0.9807	0.999995	898	2	-0.017518	0.51745	0.51769	0.825184	135	0	-0.017518
TRAPPC3L	8	0.95451	0.98104	0.999995	899	2	-0.01114	0.51745	0.51769	0.825184	189	0	-0.01114
ARPC5	8	0.95546	0.98142	0.999995	900	2	-0.075081	0.51745	0.51769	0.825184	440	0	-0.075081
PPP3CC	8	0.95551	0.98144	0.999995	901	2	-0.0070399	0.51745	0.51769	0.825184	165	0	-0.0070399
PCBD1	8	0.95563	0.9815	0.999995	902	2	-0.030314	0.51745	0.51769	0.825184	167	0	-0.030314
CHML	8	0.95587	0.98162	0.999995	903	2	-0.0073013	0.51745	0.51769	0.825184	369	0	-0.0073013
ALAS2	8	0.95654	0.9819	0.999995	904	2	-0.052298	0.51745	0.51769	0.825184	462	0	-0.052298
SMC1B	8	0.95672	0.98198	0.999995	905	2	-0.046081	0.51745	0.51769	0.825184	333	0	-0.046081
EAF2	8	0.95844	0.98274	0.999995	906	2	-0.041687	0.51745	0.51769	0.825184	393	0	-0.041687
SS18L1	8	0.95896	0.983	0.999995	907	2	-0.089792	0.87239	0.87166	0.999995	769	0	-0.089792
FRS2	8	0.95906	0.98308	0.999995	908	1	-0.11531	0.51745	0.51769	0.825184	599	0	-0.11531
XYLT1	8	0.95925	0.9832	0.999995	909	2	-0.04375	0.51745	0.51769	0.825184	261	0	-0.04375
CDK16	8	0.9593	0.98326	0.999995	910	2	-0.027815	0.51745	0.51769	0.825184	482	0	-0.027815
PTPN21	8	0.95934	0.98328	0.999995	911	1	-0.090005	0.51745	0.51769	0.825184	57	0	-0.090005
CTPS2	8	0.9597	0.98344	0.999995	912	2	-0.082371	0.51745	0.51769	0.825184	349	0	-0.082371
GLT6D1	8	0.96004	0.98359	0.999995	913	2	-0.088052	0.51745	0.51769	0.825184	654	0	-0.088052
ZNF146	8	0.96018	0.98367	0.999995	914	1	0	0.51745	0.51769	0.825184	244	0	0
LDB2	8	0.96027	0.9837	0.999995	915	2	-0.050221	0.51745	0.51769	0.825184	557	0	-0.050221
MED12L	8	0.96128	0.98423	0.999995	916	1	-0.0077031	0.51745	0.51769	0.825184	577	0	-0.0077031
FNIP1	8	0.96203	0.98448	0.999995	917	1	-0.029287	0.51745	0.51769	0.825184	623	0	-0.029287
CHM	8	0.96481	0.98492	0.999995	918	1	-0.010797	0.51745	0.51769	0.825184	376	0	-0.010797
TIRAP	8	0.9655	0.98499	0.999995	919	1	-0.055329	0.51745	0.51769	0.825184	209	0	-0.055329
KRTAP10-10	8	0.97027	0.98577	0.999995	920	1	-0.023426	0.51745	0.51769	0.825184	590	0	-0.023426
DENND5A	8	0.97062	0.98584	0.999995	921	1	-0.045082	0.51745	0.51769	0.825184	415	0	-0.045082
SEC14L3	8	0.97104	0.98588	0.999995	922	1	-0.072119	0.51745	0.51769	0.825184	305	0	-0.072119
SLC25A15	8	0.97223	0.98609	0.999995	923	1	-0.043745	0.51745	0.51769	0.825184	275	0	-0.043745
DENND5B	8	0.97252	0.98612	0.999995	924	1	-0.0045119	0.51745	0.51769	0.825184	414	0	-0.0045119
TANC1	8	0.97256	0.98614	0.999995	925	1	-0.089495	0.51745	0.51769	0.825184	311	0	-0.089495
SPOPL	8	0.97323	0.98626	0.999995	926	1	-0.086505	0.51745	0.51769	0.825184	343	0	-0.086505
IDH1	8	0.97416	0.98645	0.999995	927	1	-0.0014235	0.51745	0.51769	0.825184	547	0	-0.0014235
KPNA3	8	0.97582	0.98689	0.999995	928	1	-0.08645	0.51745	0.51769	0.825184	573	0	-0.08645
PSEN2	8	0.97589	0.98693	0.999995	929	1	-0.045529	0.51745	0.51769	0.825184	47	0	-0.045529
TMEM185A	8	0.97592	0.98695	0.999995	930	1	-0.04311	0.51745	0.51769	0.825184	222	0	-0.04311
PCDH1	8	0.97603	0.98698	0.999995	931	1	-0.040274	0.51745	0.51769	0.825184	168	0	-0.040274
CDS1	8	0.97635	0.98706	0.999995	932	1	-0.051122	0.51745	0.51769	0.825184	375	0	-0.051122
ERC1	8	0.97728	0.98732	0.999995	933	1	-0.019464	0.51745	0.51769	0.825184	404	0	-0.019464
PDCD4	8	0.97822	0.98753	0.999995	934	1	-0.011748	0.51745	0.51769	0.825184	169	0	-0.011748
RHOT1	8	0.97902	0.98772	0.999995	935	1	-0.04634	0.51745	0.51769	0.825184	84	0	-0.04634
SOHLH1	8	0.97968	0.98793	0.999995	936	1	-0.10276	0.51745	0.51769	0.825184	328	0	-0.10276
CDK19	16	0.9801	0.99784	0.999995	937	4	-0.057339	0.76714	0.76618	0.999995	677	0	-0.057339
CRX	8	0.98016	0.98803	0.999995	938	1	-0.017712	0.51745	0.51769	0.825184	352	0	-0.017712
PHLDA2	8	0.98079	0.98824	0.999995	939	1	-0.044865	0.51745	0.51769	0.825184	178	0	-0.044865
HACD2	8	0.98093	0.98832	0.999995	940	1	-0.071154	0.8283	0.82811	0.999995	721	0	-0.071154
SIRPA	6	0.98347	0.98346	0.999995	941	0	-0.04892	0.42102	0.42159	0.825184	12	0	-0.04892
LNX2	8	0.98356	0.98902	0.999995	942	1	-0.010966	0.51745	0.51769	0.825184	554	0	-0.010966
JAG1	8	0.98448	0.98939	0.999995	943	1	-0.0033898	0.51745	0.51769	0.825184	527	0	-0.0033898
CAB39L	8	0.98455	0.98942	0.999995	944	1	-0.072094	0.51745	0.51769	0.825184	501	0	-0.072094
GSX1	8	0.98484	0.98954	0.999995	945	1	-0.0096779	0.51745	0.51769	0.825184	636	0	-0.0096779
BATF3	8	0.98529	0.98963	0.999995	946	1	-0.089341	0.90889	0.90808	0.999995	807	0	-0.089341
DRD3	8	0.98545	0.98969	0.999995	947	1	-0.012028	0.51745	0.51769	0.825184	428	0	-0.012028
MBD4	16	0.9855	0.99844	0.999995	948	1	-0.020306	0.76714	0.76618	0.999995	673	0	-0.020306
CDK17	8	0.98566	0.98975	0.999995	949	1	-0.037431	0.51745	0.51769	0.825184	484	0	-0.037431
ZDHHC13	8	0.98579	0.98982	0.999995	950	1	-0.020886	0.51745	0.51769	0.825184	227	0	-0.020886
ADARB1	8	0.98637	0.99008	0.999995	951	1	-0.090471	0.51745	0.51769	0.825184	453	0	-0.090471
CLTB	8	0.98658	0.99017	0.999995	952	1	-0.029332	0.51745	0.51769	0.825184	387	0	-0.029332
PTPN14	8	0.98688	0.9903	0.999995	953	1	0	0.51745	0.51769	0.825184	58	0	0
MTA3	8	0.987	0.99036	0.999995	954	1	-0.034752	0.51745	0.51769	0.825184	124	0	-0.034752
EXOC6B	8	0.98707	0.99037	0.999995	955	1	-0.036796	0.51745	0.51769	0.825184	401	0	-0.036796
RANBP10	8	0.98721	0.9904	0.999995	956	1	-0.016557	0.51745	0.51769	0.825184	53	0	-0.016557
CLIP4	8	0.98764	0.99061	0.999995	957	1	-0.10243	0.51745	0.51769	0.825184	383	0	-0.10243
PLCG2	8	0.98772	0.99064	0.999995	958	1	0	0.51745	0.51769	0.825184	150	0	0
SPTA1	8	0.98783	0.99065	0.999995	959	1	-0.048838	0.51745	0.51769	0.825184	342	0	-0.048838
SLC10A2	8	0.98797	0.9907	0.999995	960	1	-0.095271	0.51745	0.51769	0.825184	272	0	-0.095271
MAP4K4	8	0.98803	0.99074	0.999995	961	1	-0.015151	0.51745	0.51769	0.825184	565	0	-0.015151
CD72	8	0.98889	0.99107	0.999995	962	1	-0.039181	0.51745	0.51769	0.825184	481	0	-0.039181
ADGRG7	8	0.98893	0.99108	0.999995	963	1	-0.029715	0.51745	0.51769	0.825184	465	0	-0.029715
SPTAN1	8	0.98902	0.9911	0.999995	964	1	-0.005218	0.51745	0.51769	0.825184	344	0	-0.005218
RUNX1	8	0.98913	0.99114	0.999995	965	1	-0.0036064	0.51745	0.51769	0.825184	77	0	-0.0036064
ENOX2	8	0.98968	0.99149	0.999995	966	1	-0.082286	0.51745	0.51769	0.825184	396	0	-0.082286
LNX1	8	0.98984	0.99159	0.999995	967	1	-0.07485	0.51745	0.51769	0.825184	555	0	-0.07485
SEC11C	8	0.99007	0.99172	0.999995	968	1	-0.012178	0.51745	0.51769	0.825184	306	0	-0.012178
CHRNB3	8	0.99023	0.9918	0.999995	969	1	-0.15648	0.51745	0.51769	0.825184	368	0	-0.15648
CAT	8	0.99025	0.9918	0.999995	970	1	-0.057089	0.51745	0.51769	0.825184	471	0	-0.057089
RANBP6	6	0.99047	0.99047	0.999995	971	0	-0.056944	0.42102	0.42159	0.825184	13	0	-0.056944
FRYL	8	0.99066	0.99195	0.999995	972	1	-0.055684	0.51745	0.51769	0.825184	592	0	-0.055684
E2F4	8	0.99069	0.99195	0.999995	973	1	0	0.51745	0.51769	0.825184	394	0	0
UAP1	8	0.99072	0.99196	0.999995	974	1	-0.06578	0.51745	0.51769	0.825184	253	0	-0.06578
SAMD4A	8	0.99092	0.99207	0.999995	975	1	-0.11924	0.51745	0.51769	0.825184	296	0	-0.11924
FLNB	7	0.99124	0.99089	0.999995	976	1	-0.0043604	0.47143	0.4715	0.825184	35	0	-0.0043604
MECOM	8	0.99137	0.99238	0.999995	977	1	0	0.51745	0.51769	0.825184	576	0	0
DGAT2L6	8	0.99163	0.99256	0.999995	978	1	-0.027409	0.51745	0.51769	0.825184	418	0	-0.027409
KRTAP1-1	8	0.99234	0.99299	0.999995	979	1	-0.055045	0.51745	0.51769	0.825184	588	0	-0.055045
TANC2	7	0.99241	0.99207	0.999995	980	0	-0.029085	0.47143	0.4715	0.825184	37	0	-0.029085
RNF144A	8	0.99268	0.99323	0.999995	981	1	-0.034167	0.51745	0.51769	0.825184	67	0	-0.034167
AXL	8	0.9927	0.99324	0.999995	982	1	-0.053887	0.51745	0.51769	0.825184	492	0	-0.053887
AMELX	8	0.99282	0.99334	0.999995	983	1	-0.027591	0.51745	0.51769	0.825184	463	0	-0.027591
MORF4L1	6	0.99294	0.99297	0.999995	984	0	0	0.42102	0.42159	0.825184	14	0	0
ATP7B	8	0.99298	0.99344	0.999995	985	1	-0.022515	0.51745	0.51769	0.825184	499	0	-0.022515
GBP3	8	0.99304	0.99349	0.999995	986	1	-0.092041	0.87796	0.8772	0.999995	773	0	-0.092041
DLL4	8	0.99334	0.99373	0.999995	987	1	-0.030982	0.51745	0.51769	0.825184	409	0	-0.030982
IL10RA	8	0.9936	0.99392	0.999995	988	1	-0.093651	0.51745	0.51769	0.825184	542	0	-0.093651
DZIP1L	8	0.9938	0.99411	0.999995	989	1	0	0.51745	0.51769	0.825184	422	0	0
HMG20B	8	0.99385	0.99414	0.999995	990	1	-0.058335	0.51745	0.51769	0.825184	645	0	-0.058335
NXT2	8	0.99391	0.99419	0.999995	991	1	-0.02725	0.51745	0.51769	0.825184	172	0	-0.02725
TCF4	8	0.99392	0.9942	0.999995	992	1	-0.047387	0.51745	0.51769	0.825184	214	0	-0.047387
TNKS	8	0.99399	0.99421	0.999995	993	1	-0.053356	0.7958	0.79546	0.999995	700	0	-0.053356
PAX4	8	0.99405	0.99425	0.999995	994	1	-0.076031	0.8275	0.82713	0.999995	719	0	-0.076031
ACTL6B	8	0.99412	0.9943	0.999995	995	1	-0.065598	0.51745	0.51769	0.825184	451	0	-0.065598
PPP2R1B	8	0.99417	0.99433	0.999995	996	1	-0.074322	0.51745	0.51769	0.825184	161	0	-0.074322
RAP1GAP2	8	0.99424	0.9944	0.999995	997	1	-0.038933	0.51745	0.51769	0.825184	93	0	-0.038933
ZDHHC17	8	0.99433	0.99444	0.999995	998	1	-0.040631	0.51745	0.51769	0.825184	229	0	-0.040631
ENOX1	8	0.99439	0.99452	0.999995	999	1	0	0.51745	0.51769	0.825184	397	0	0
KAT6A	8	0.99451	0.99466	0.999995	1000	1	0	0.51745	0.51769	0.825184	530	0	0
SAP30L	8	0.99459	0.99474	0.999995	1001	1	-0.023578	0.51745	0.51769	0.825184	289	0	-0.023578
MYCN	8	0.99469	0.99476	0.999995	1002	1	-0.025788	0.51745	0.51769	0.825184	127	0	-0.025788
NCBP2L	8	0.9947	0.99476	0.999995	1003	1	-0.012167	0.51745	0.51769	0.825184	139	0	-0.012167
HMSD	8	0.99473	0.99478	0.999995	1004	1	-0.03657	0.51745	0.51769	0.825184	643	0	-0.03657
TYROBP	8	0.9951	0.99515	0.999995	1005	1	-0.068109	0.51745	0.51769	0.825184	200	0	-0.068109
SLC9A3R1	8	0.99511	0.99517	0.999995	1006	1	0	0.51745	0.51769	0.825184	282	0	0
SLC25A37	8	0.99513	0.99518	0.999995	1007	1	-0.089563	0.51745	0.51769	0.825184	269	0	-0.089563
UBASH3B	8	0.99535	0.99533	0.999995	1008	1	-0.02181	0.51745	0.51769	0.825184	252	0	-0.02181
TAF9B	6	0.99551	0.99547	0.999995	1009	0	-0.010852	0.42102	0.42159	0.825184	11	0	-0.010852
TXNDC8	8	0.99568	0.99557	0.999995	1010	0	-0.021316	0.51745	0.51769	0.825184	199	0	-0.021316
NETO1	8	0.99573	0.99564	0.999995	1011	0	-0.032841	0.51745	0.51769	0.825184	103	0	-0.032841
TNKS2	8	0.99581	0.99575	0.999995	1012	0	-0.068061	0.84634	0.84614	0.999995	743	0	-0.068061
CYP2A6	8	0.99599	0.99593	0.999995	1013	0	-0.028568	0.51745	0.51769	0.825184	366	0	-0.028568
SERPINA9	8	0.99618	0.99614	0.999995	1014	0	-0.035966	0.51745	0.51769	0.825184	299	0	-0.035966
RNF144B	8	0.99626	0.99618	0.999995	1015	0	-0.048289	0.51745	0.51769	0.825184	66	0	-0.048289
RC3H2	8	0.99633	0.99626	0.999995	1016	0	-0.044048	0.51745	0.51769	0.825184	87	0	-0.044048
DYNLRB2	8	0.99649	0.99642	0.999995	1017	0	0	0.51745	0.51769	0.825184	421	0	0
POU5F2	8	0.99651	0.99644	0.999995	1018	0	-0.069615	0.51745	0.51769	0.825184	155	0	-0.069615
GALNT2	8	0.9966	0.99652	0.999995	1019	0	-0.051468	0.51745	0.51769	0.825184	606	0	-0.051468
RNF10	8	0.99663	0.99653	0.999995	1020	0	-0.021378	0.51745	0.51769	0.825184	71	0	-0.021378
IL6R	8	0.99671	0.99658	0.999995	1021	0	0	0.51745	0.51769	0.825184	541	0	0
TTC7B	8	0.99674	0.99661	0.999995	1022	0	-0.032427	0.51745	0.51769	0.825184	197	0	-0.032427
MBP	8	0.99678	0.99662	0.999995	1023	0	-0.036844	0.51745	0.51769	0.825184	572	0	-0.036844
PRKAB1	8	0.99685	0.99672	0.999995	1024	0	-0.018077	0.51745	0.51769	0.825184	159	0	-0.018077
PPP2CB	6	0.99687	0.99686	0.999995	1025	0	-0.037945	0.42102	0.42159	0.825184	16	0	-0.037945
GPR183	8	0.99698	0.99684	0.999995	1026	0	-0.0030724	0.51745	0.51769	0.825184	664	0	-0.0030724
TBC1D1	8	0.99713	0.99704	0.999995	1027	0	-0.05973	0.51745	0.51769	0.825184	324	0	-0.05973
ATAD2B	8	0.99719	0.99713	0.999995	1028	0	-0.066537	0.83322	0.83303	0.999995	727	0	-0.066537
SHMT1	7	0.9974	0.99719	0.999995	1029	0	0	0.47143	0.4715	0.825184	42	0	0
COPS7B	8	0.99748	0.99746	0.999995	1030	0	-0.087564	0.88889	0.88872	0.999995	787	0	-0.087564
PLCG1	8	0.99763	0.99762	0.999995	1031	0	-0.063035	0.51745	0.51769	0.825184	151	0	-0.063035
CPS1	8	0.99794	0.99793	0.999995	1032	0	-0.029946	0.51745	0.51769	0.825184	381	0	-0.029946
PLD2	8	0.998	0.99798	0.999995	1033	0	-0.00084307	0.51745	0.51769	0.825184	154	0	-0.00084307
TBK1	8	0.99803	0.998	0.999995	1034	0	-0.066509	0.51745	0.51769	0.825184	318	0	-0.066509
DPCR1	8	0.99805	0.99804	0.999995	1035	0	-0.031541	0.51745	0.51769	0.825184	426	0	-0.031541
CHSY1	8	0.99839	0.99836	0.999995	1036	0	-0.036995	0.51745	0.51769	0.825184	370	0	-0.036995
XDH	8	0.9985	0.99846	0.999995	1037	0	-0.06539	0.51745	0.51769	0.825184	257	0	-0.06539
ZNF423	8	0.99868	0.99865	0.999995	1038	0	-0.01995	0.51745	0.51769	0.825184	239	0	-0.01995
IKBKB	8	0.99882	0.99881	0.999995	1039	0	0	0.51745	0.51769	0.825184	550	0	0
NETO2	8	0.99895	0.99891	0.999995	1040	0	-0.0044553	0.51745	0.51769	0.825184	105	0	-0.0044553
PDS5B	8	0.999	0.99895	0.999995	1041	0	-0.0088859	0.51745	0.51769	0.825184	182	0	-0.0088859
AP2A2	8	0.99901	0.99895	0.999995	1042	0	0	0.51745	0.51769	0.825184	430	0	0
KCNG4	8	0.99904	0.99899	0.999995	1043	0	-0.014653	0.51745	0.51769	0.825184	522	0	-0.014653
DLL1	8	0.99909	0.99901	0.999995	1044	0	-0.017126	0.51745	0.51769	0.825184	410	0	-0.017126
ZNF418	8	0.99911	0.99902	0.999995	1045	0	-0.0057366	0.51745	0.51769	0.825184	237	0	-0.0057366
ZNF260	8	0.99944	0.9993	0.999995	1046	0	-0.037413	0.51745	0.51769	0.825184	246	0	-0.037413
IDH3B	8	0.99949	0.9994	0.999995	1047	0	-0.0077608	0.51745	0.51769	0.825184	546	0	-0.0077608
KLF5	8	0.99954	0.99945	0.999995	1048	0	0	0.51745	0.51769	0.825184	580	0	0
RANBP17	8	0.99959	0.9995	0.999995	1049	0	0	0.51745	0.51769	0.825184	65	0	0
ERN2	8	0.99964	0.99955	0.999995	1050	0	-0.0094965	0.51745	0.51769	0.825184	406	0	-0.0094965
FRY	8	0.9997	0.99962	0.999995	1051	0	-0.010854	0.51745	0.51769	0.825184	593	0	-0.010854
SPTLC3	8	0.99976	0.9997	0.999995	1052	0	0	0.51745	0.51769	0.825184	346	0	0
IL6ST	8	0.99988	0.99985	0.999995	1053	0	0	0.51745	0.51769	0.825184	543	0	0
NAT8L	8	0.99993	0.99992	0.999995	1054	0	0	0.51745	0.51769	0.825184	143	0	0
LATS1	8	0.99996	0.99997	0.999995	1055	0	0	0.51745	0.51769	0.825184	581	0	0
ARFIP2	8	0.99999	1.0	0.999995	1056	0	0	0.51745	0.51769	0.825184	446	0	0
SIK2	8	1.0	1.0	0.999995	1057	0	0	0.51745	0.51769	0.825184	301	0	0
safe_control	74	1.0	1.0	0.999995	1058	14	-0.0065976	0.99882	0.99874	0.999995	985	0	-0.0065976
TP53	8	1.0	1.0	0.999995	1059	0	0	0.51745	0.51769	0.825184	192	0	0
RB1	8	1.0	1.0	0.999995	1060	0	0	0.51745	0.51769	0.825184	92	0	0
