id	num	neg|score	neg|p-value	neg|fdr	neg|rank	neg|goodsgrna	neg|lfc	pos|score	pos|p-value	pos|fdr	pos|rank	pos|goodsgrna	pos|lfc
RRM1	8	7.9506e-10	4.6747e-06	0.00099	1	8	-2.7265	1.0	1.0	0.999995	1059	0	-2.7265
MTG2	4	1.1896e-08	4.6747e-06	0.00099	2	4	-2.2571	1.0	1.0	0.999995	1058	0	-2.2571
MYC	8	5.601e-08	4.6747e-06	0.00099	3	8	-1.2703	1.0	1.0	0.999995	1057	0	-1.2703
CKAP5	8	2.129e-07	4.6747e-06	0.00099	4	8	-1.318	1.0	1.0	0.999995	1056	0	-1.318
NAE1	8	7.1128e-07	4.6747e-06	0.00099	5	7	-0.86994	0.88361	0.9784	0.999995	901	1	-0.86994
BUB3	4	1.1488e-06	1.4024e-05	0.002122	6	4	-2.7784	1.0	1.0	0.999995	1055	0	-2.7784
PRPF8	4	2.1678e-06	1.4024e-05	0.002122	7	4	-2.4998	1.0	1.0	0.999995	1054	0	-2.4998
KIF11	4	3.7494e-06	2.3373e-05	0.003094	8	4	-3.0104	1.0	1.0	0.999995	1053	0	-3.0104
RPS19	4	8.2699e-06	4.2072e-05	0.00495	9	4	-2.2532	0.99999	1.0	0.999995	1052	0	-2.2532
RRM2	4	9.9794e-06	6.0771e-05	0.005776	10	2	-1.5123	0.4695	0.71228	0.999995	726	2	-1.5123
PPP4C	4	1.0245e-05	6.0771e-05	0.005776	11	4	-2.1961	0.99974	0.99972	0.999995	1026	0	-2.1961
POLR2L	4	1.6003e-05	7.947e-05	0.005776	12	4	-3.2044	0.99998	1.0	0.999995	1051	0	-3.2044
MED18	8	1.7547e-05	9.8168e-05	0.005776	13	6	-1.3068	0.71042	0.92775	0.999995	829	2	-1.3068
TOP2A	4	1.7731e-05	7.947e-05	0.005776	14	4	-1.7702	0.99998	1.0	0.999995	1050	0	-1.7702
RPP21	4	2.3763e-05	8.8819e-05	0.005776	15	4	-2.943	0.99998	1.0	0.999995	1049	0	-2.943
SF3B3	4	2.893e-05	8.8819e-05	0.005776	16	4	-1.9832	0.99997	1.0	0.999995	1048	0	-1.9832
NAA10	4	3.3637e-05	9.8168e-05	0.005776	17	4	-1.8371	0.99997	1.0	0.999995	1047	0	-1.8371
CDK7	4	3.4053e-05	9.8168e-05	0.005776	18	4	-2.0783	0.99997	1.0	0.999995	1046	0	-2.0783
MRPL38	4	4.3729e-05	0.00011687	0.006514	19	4	-1.2072	0.99996	0.99998	0.999995	1045	0	-1.2072
RIC8A	4	5.2382e-05	0.00018231	0.009653	20	4	-1.2391	0.99995	0.99998	0.999995	1044	0	-1.2391
VMP1	4	5.5938e-05	0.00019166	0.009665	21	4	-1.7316	0.99994	0.99997	0.999995	1043	0	-1.7316
CPSF3	4	6.4259e-05	0.00021971	0.010576	22	4	-1.7589	0.99994	0.99996	0.999995	1042	0	-1.7589
RPL36	4	9.0414e-05	0.00041605	0.017624	23	4	-1.3328	0.99991	0.99991	0.999995	1041	0	-1.3328
ISCA2	4	9.6663e-05	0.0004441	0.018088	24	4	-1.7084	0.9999	0.99991	0.999995	1040	0	-1.7084
CHORDC1	3	0.0001011	0.00026646	0.012269	25	3	-2.9146	0.9999	0.99988	0.999995	1039	0	-2.9146
COPA	4	0.00010614	0.00048149	0.018885	26	4	-2.7296	0.99989	0.99989	0.999995	1038	0	-2.7296
INTS6	3	0.00011716	0.0003319	0.014645	27	3	-2.8235	0.99988	0.99986	0.999995	1037	0	-2.8235
ATP6V1B2	4	0.0001474	0.00068718	0.025094	28	4	-1.4329	0.99985	0.99987	0.999995	1036	0	-1.4329
RPA1	4	0.00014866	0.00068718	0.025094	29	4	-1.6808	0.99985	0.99987	0.999995	1035	0	-1.6808
SMC1A	4	0.00015378	0.00072458	0.025578	30	4	-1.2596	0.99985	0.99987	0.999995	1034	0	-1.2596
ATP6V1C1	4	0.00016994	0.00081807	0.026186	31	4	-1.0629	0.99983	0.99985	0.999995	1033	0	-1.0629
ATP5F1A	4	0.00017134	0.00082742	0.026186	32	4	-1.2066	0.99983	0.99985	0.999995	1032	0	-1.2066
TOMM40	7	0.00018339	0.00093961	0.026186	33	5	-1.3525	0.35247	0.68783	0.999995	658	1	-1.3525
TRRAP	4	0.00018733	0.00087417	0.026186	34	4	-1.8268	0.99981	0.99983	0.999995	1031	0	-1.8268
RPL8	4	0.00018884	0.00087417	0.026186	35	4	-1.2635	0.99981	0.99982	0.999995	1030	0	-1.2635
SF3B1	4	0.00020773	0.00093026	0.026186	36	3	-1.9784	0.98994	0.98995	0.999995	959	0	-1.9784
ATP5F1B	4	0.00021925	0.00093961	0.026186	37	4	-1.3202	0.99978	0.99977	0.999995	1029	0	-1.3202
ZNF407	4	0.00023134	0.00099571	0.026609	38	4	-2.0037	0.99977	0.99976	0.999995	1028	0	-2.0037
SIN3A	4	0.0002331	0.0010051	0.026609	39	4	-1.0419	0.99977	0.99976	0.999995	1027	0	-1.0419
HMGCS1	3	0.00029142	0.00091156	0.026186	40	3	-2.1679	0.99971	0.99974	0.999995	1025	0	-2.1679
ELL	4	0.0002994	0.0013416	0.034091	41	4	-0.70249	0.9997	0.99968	0.999995	1024	0	-0.70249
CCND1	4	0.00030586	0.0013603	0.034091	42	4	-0.52542	0.99969	0.99968	0.999995	1023	0	-0.52542
EIF3B	4	0.00032588	0.0014164	0.034091	43	4	-1.7409	0.99967	0.99964	0.999995	1022	0	-1.7409
COX6B1	8	0.00032667	0.0015473	0.034864	44	4	-0.72434	0.91705	0.98682	0.999995	911	3	-0.72434
PAF1	4	0.00033976	0.0014632	0.034433	45	4	-0.55998	0.99966	0.99963	0.999995	1021	0	-0.55998
MED20	4	0.00039184	0.0016689	0.034928	46	4	-1.3605	0.99961	0.9996	0.999995	1020	0	-1.3605
SF3A1	4	0.00040204	0.0016782	0.034928	47	3	-2.1089	0.95707	0.97053	0.999995	932	1	-2.1089
RPS5	4	0.00041404	0.0016876	0.034928	48	3	-2.3204	0.99179	0.99176	0.999995	965	0	-2.3204
CDIPT	4	0.00042012	0.0017156	0.034928	49	3	-1.765	0.92757	0.96142	0.999995	914	1	-1.765
MRPL41	4	0.00042695	0.001725	0.034928	50	4	-2.0492	0.99957	0.99957	0.999995	1019	0	-2.0492
SF3B5	4	0.00043538	0.0017624	0.034928	51	4	-1.2487	0.99956	0.99957	0.999995	1018	0	-1.2487
STT3B	4	0.00044393	0.0017811	0.034928	52	4	-1.1608	0.99956	0.99957	0.999995	1017	0	-1.1608
RPL13	3	0.0004499	0.0014071	0.034091	53	3	-1.6574	0.99955	0.99955	0.999995	1016	0	-1.6574
AHCYL1	4	0.0004526	0.0018185	0.035014	54	4	-1.0459	0.99955	0.99957	0.999995	1015	0	-1.0459
UQCRC1	4	0.00047034	0.0019026	0.035979	55	4	-0.89498	0.99953	0.99956	0.999995	1014	0	-0.89498
ALDOA	4	0.00049168	0.0019774	0.036738	56	4	-1.7273	0.99951	0.99954	0.999995	1013	0	-1.7273
PSMB3	3	0.0005331	0.0015473	0.034864	57	3	-2.3944	0.99947	0.99947	0.999995	1012	0	-2.3944
TACC3	4	0.00056178	0.0023046	0.040172	58	2	-1.0172	0.3985	0.64916	0.999921	687	1	-1.0172
CTR9	4	0.00057736	0.0023046	0.040172	59	4	-1.036	0.99942	0.99948	0.999995	1011	0	-1.036
NDUFB4	4	0.00058438	0.002314	0.040172	60	4	-1.4884	0.99942	0.99948	0.999995	1010	0	-1.4884
COX4I1	4	0.00058792	0.002314	0.040172	61	4	-1.0157	0.99941	0.99948	0.999995	1009	0	-1.0157
NMT1	4	0.00062417	0.0023981	0.04061	62	4	-0.46668	0.99938	0.99946	0.999995	1008	0	-0.46668
ACACA	4	0.00063162	0.0024262	0.04061	63	4	-0.44102	0.99937	0.99946	0.999995	1007	0	-0.44102
NKAP	4	0.00063913	0.0024542	0.04061	64	4	-0.89054	0.99936	0.99945	0.999995	1006	0	-0.89054
CLNS1A	3	0.00095425	0.0027814	0.045316	65	3	-2.1199	0.99905	0.999	0.999995	998	0	-2.1199
BUB1B	4	0.0011906	0.0041277	0.066232	66	3	-1.6917	0.99205	0.99195	0.999995	966	0	-1.6917
TRAPPC3	4	0.0012522	0.0042306	0.066869	67	3	-1.3499	0.87423	0.94386	0.999995	892	1	-1.3499
XAB2	4	0.0013158	0.0044269	0.068943	68	3	-1.494	0.99914	0.99926	0.999995	1002	0	-1.494
RPL3	7	0.0013501	0.0057545	0.080185	69	4	-0.90429	0.85956	0.96796	0.999995	885	3	-0.90429
LONP1	4	0.001355	0.0045765	0.07024	70	3	-1.1738	0.23461	0.48662	0.901603	567	1	-1.1738
RAN	4	0.0013949	0.0047074	0.071216	71	3	-1.7304	0.88423	0.94915	0.999995	902	1	-1.7304
ACTL6A	4	0.0015479	0.0051375	0.074664	72	3	-1.9639	0.24226	0.49438	0.901603	577	1	-1.9639
RPL10A	4	0.0016062	0.0052497	0.075127	73	3	-1.6207	0.91867	0.95912	0.999995	912	1	-1.6207
DHX9	3	0.0018123	0.005044	0.074664	74	3	-1.0851	0.99819	0.99807	0.999995	989	0	-1.0851
RPL19	4	0.0018395	0.0058574	0.080558	75	2	-0.98989	0.12687	0.31416	0.814262	405	2	-0.98989
RPS3	3	0.0018429	0.0051468	0.074664	76	2	-3.0336	0.71579	0.84409	0.999995	831	1	-3.0336
RPS11	3	0.0020185	0.0056423	0.07967	77	3	-1.3959	0.99798	0.99789	0.999995	988	0	-1.3959
ATP6V1D	4	0.0021956	0.0066988	0.089542	78	3	-1.2649	0.053796	0.15319	0.73274	223	1	-1.2649
SBNO1	4	0.0022137	0.0067643	0.089542	79	3	-1.6138	0.31567	0.56844	0.964704	626	1	-1.6138
VCP	4	0.0023811	0.0072411	0.093463	80	3	-1.6536	0.85585	0.93433	0.999995	882	1	-1.6536
GAPDH	4	0.0024002	0.0073252	0.093463	81	3	-1.6238	0.97463	0.97826	0.999995	939	1	-1.6238
TUFM	3	0.002432	0.0067269	0.089542	82	2	-2.5153	0.99307	0.99301	0.999995	970	0	-2.5153
POLR2A	4	0.0024972	0.007587	0.094758	83	3	-1.6709	0.9989	0.99908	0.999995	995	0	-1.6709
CCT6A	3	0.0025514	0.0070822	0.092593	84	2	-1.7387	0.97819	0.97785	0.999995	946	0	-1.7387
NAA15	4	0.0025766	0.0077927	0.095959	85	3	-1.6781	0.7897	0.90223	0.999995	853	1	-1.6781
RPL11	3	0.0027711	0.0076057	0.094758	86	3	-2.0289	0.99723	0.99703	0.999995	981	0	-2.0289
XRCC6	4	0.0028458	0.0084191	0.101624	87	3	-1.2377	0.99756	0.99759	0.999995	985	0	-1.2377
POLR2B	4	0.0028888	0.0084846	0.101624	88	3	-2.0774	0.035655	0.10652	0.702632	159	1	-2.0774
HSCB	4	0.0029322	0.0085407	0.101624	89	3	-1.6782	0.94585	0.9664	0.999995	925	1	-1.6782
RPL14	3	0.0035591	0.0096626	0.112991	90	2	-2.7939	0.97003	0.9695	0.999995	937	0	-2.7939
TAMM41	4	0.004023	0.011504	0.131033	91	3	-1.0667	0.70903	0.86499	0.999995	828	1	-1.0667
CLTC	4	0.0040367	0.011532	0.131033	92	3	-1.2429	0.99892	0.99909	0.999995	996	0	-1.2429
ABT1	4	0.0041788	0.011794	0.131033	93	3	-1.2992	0.85497	0.93383	0.999995	881	1	-1.2992
RFC2	4	0.0042177	0.01186	0.131033	94	2	-0.89613	0.56218	0.78934	0.999995	781	2	-0.89613
MED8	4	0.0042407	0.011878	0.131033	95	3	-0.749	0.98535	0.98586	0.999995	952	1	-0.749
SNRPD3	4	0.0046398	0.01301	0.142033	96	3	-1.6456	0.68051	0.85229	0.999995	821	1	-1.6456
INTS2	4	0.0047582	0.013309	0.143764	97	3	-0.63061	0.99399	0.99396	0.999995	973	0	-0.63061
RPS23	2	0.0049735	0.0097093	0.112991	98	2	-2.5988	0.99503	0.99531	0.999995	977	0	-2.5988
MTHFD1	4	0.0053789	0.014936	0.158168	99	3	-0.69792	0.99915	0.99927	0.999995	1003	0	-0.69792
TUBB	3	0.005404	0.01344	0.143764	100	2	-2.4057	0.75327	0.86866	0.999995	842	1	-2.4057
CDS2	4	0.0060148	0.016516	0.171472	101	3	-0.85587	0.53981	0.7708	0.999995	766	1	-0.85587
KIF4A	4	0.0062252	0.016918	0.17394	102	3	-0.67254	0.99905	0.9992	0.999995	999	0	-0.67254
CDK2	4	0.0070753	0.018993	0.193403	103	3	-0.86399	0.94864	0.96734	0.999995	927	1	-0.86399
EIF4A3	4	0.0071913	0.019395	0.195615	104	3	-1.184	0.6559	0.84183	0.999995	811	1	-1.184
FARS2	4	0.00779	0.02076	0.2065	105	3	-0.60867	0.9921	0.99201	0.999995	967	0	-0.60867
PSMC3	4	0.007831	0.020901	0.2065	106	3	-1.0211	0.23767	0.48987	0.901603	571	1	-1.0211
MAT2A	4	0.0078721	0.021059	0.2065	107	3	-0.59906	0.99911	0.99925	0.999995	1001	0	-0.59906
RPL18A	2	0.0078906	0.015225	0.159641	108	2	-1.5466	0.99211	0.99252	0.999995	968	0	-1.5466
TOP1	4	0.0079548	0.021331	0.20724	109	3	-0.62356	0.99752	0.99758	0.999995	984	0	-0.62356
WDR12	4	0.008038	0.021546	0.207426	110	3	-0.88397	0.94679	0.96663	0.999995	926	1	-0.88397
NDUFC1	4	0.0094003	0.024678	0.233725	111	3	-0.5916	0.79289	0.90394	0.999995	854	1	-0.5916
TIMM10	4	0.0094466	0.024827	0.233725	112	3	-0.92903	0.99924	0.99933	0.999995	1005	0	-0.92903
RNF113A	4	0.0094929	0.024939	0.233725	113	3	-0.61714	0.56548	0.79167	0.999995	782	1	-0.61714
FAM50A	4	0.0096329	0.025313	0.234481	114	3	-0.57092	0.98792	0.98806	0.999995	954	1	-0.57092
TOMM22	4	0.0096799	0.025463	0.234481	115	3	-1.0824	0.99884	0.99897	0.999995	994	0	-1.0824
SF3B2	4	0.010109	0.026445	0.239662	116	3	-0.54767	0.99376	0.99367	0.999995	972	0	-0.54767
PDCD6IP	4	0.010206	0.026725	0.239662	117	3	-0.38244	0.9973	0.99732	0.999995	982	0	-0.38244
ATP5F1D	4	0.010278	0.026875	0.239662	118	2	-0.60031	0.49134	0.731	0.999995	740	2	-0.60031
MED23	4	0.010304	0.026931	0.239662	119	3	-0.71737	0.99883	0.99896	0.999995	993	0	-0.71737
EPC2	4	0.010451	0.027277	0.240718	120	3	-0.52834	0.76791	0.89199	0.999995	846	1	-0.52834
GSTP1	4	0.0108	0.02823	0.247075	121	3	-0.32225	0.935	0.9633	0.999995	919	1	-0.32225
AKIRIN2	4	0.011312	0.029633	0.257223	122	3	-0.58051	0.99909	0.99923	0.999995	1000	0	-0.58051
FDPS	4	0.011871	0.030923	0.264093	123	2	-0.70796	0.22224	0.47297	0.900857	555	2	-0.70796
RPL5	4	0.012326	0.03211	0.269881	124	3	-0.654	0.56145	0.78876	0.999995	780	1	-0.654
EP300	4	0.012883	0.033298	0.277657	125	3	-0.41198	0.4391	0.68567	0.999995	713	1	-0.41198
MED12	4	0.013198	0.033962	0.279185	126	2	-0.85042	0.99336	0.9932	0.999995	971	0	-0.85042
ATP7A	4	0.013224	0.034008	0.279185	127	3	-0.32542	0.9987	0.99883	0.999995	992	0	-0.32542
MRPL27	4	0.013396	0.03456	0.28044	128	3	-0.51682	0.99778	0.99783	0.999995	986	0	-0.51682
TSG101	4	0.013454	0.034691	0.28044	129	3	-0.45843	0.99896	0.99914	0.999995	997	0	-0.45843
PRKDC	8	0.013566	0.043171	0.333707	130	4	-0.29887	0.62805	0.89073	0.999995	804	2	-0.29887
SF1	4	0.013982	0.03586	0.287691	131	3	-0.82488	0.99918	0.99928	0.999995	1004	0	-0.82488
CCNL1	4	0.014524	0.037159	0.292739	132	3	-0.33688	0.99105	0.99103	0.999995	962	0	-0.33688
INCENP	4	0.01459	0.037318	0.292739	133	2	-0.69248	0.69579	0.85922	0.999995	824	1	-0.69248
RPS8	3	0.015443	0.030428	0.261974	134	2	-1.1466	0.99087	0.99086	0.999995	960	0	-1.1466
ATR	4	0.016454	0.040487	0.315266	135	2	-0.38534	0.52889	0.76221	0.999995	758	2	-0.38534
RPL37A	2	0.017059	0.031802	0.269426	136	1	-1.7245	0.54046	0.66103	0.999995	768	1	-1.7245
SNRPB	4	0.018565	0.043704	0.335378	137	2	-0.98748	0.95769	0.97074	0.999995	934	1	-0.98748
TNPO1	3	0.018974	0.036579	0.29126	138	2	-1.1159	0.9951	0.99498	0.999995	979	0	-1.1159
NCBP2	4	0.021879	0.048967	0.370403	139	1	0.28216	0.11892	0.29783	0.802093	392	2	0.28216
PMPCB	4	0.023937	0.05224	0.38959	140	2	-0.83626	0.94511	0.96619	0.999995	924	1	-0.83626
SNRPD2	3	0.026301	0.048462	0.369221	141	2	-1.0712	0.9014	0.92094	0.999995	906	1	-1.0712
PKM	3	0.027924	0.051015	0.383154	142	2	-0.81523	0.22584	0.43106	0.871164	558	1	-0.81523
POLR2F	4	0.030819	0.062926	0.462768	143	2	-0.24766	0.75599	0.88621	0.999995	843	2	-0.24766
SPTLC2	4	0.031996	0.064805	0.473301	144	2	-0.18171	0.95473	0.96963	0.999995	930	1	-0.18171
HNRNPK	4	0.032472	0.065506	0.474612	145	2	-0.51747	0.61542	0.82472	0.999995	801	2	-0.51747
RBBP4	3	0.032651	0.058541	0.433532	146	2	-1.1395	0.27351	0.49907	0.901603	602	1	-1.1395
ATP5PB	4	0.033032	0.066329	0.474612	147	2	-0.40338	0.97743	0.97988	0.999995	942	1	-0.40338
GFM1	4	0.035699	0.070275	0.499468	148	2	-0.66214	0.27156	0.52389	0.921063	600	1	-0.66214
AFG3L2	3	0.037279	0.066217	0.474612	149	2	-1.0911	0.97696	0.97656	0.999995	941	0	-1.0911
PSMA2	4	0.038057	0.073968	0.51534	150	2	-0.40935	0.37045	0.62337	0.985289	672	2	-0.40935
MED26	4	0.040072	0.076913	0.532356	151	2	-0.44585	0.77258	0.89425	0.999995	847	2	-0.44585
DYNLRB1	3	0.040218	0.071294	0.503333	152	2	-0.5473	0.99413	0.99405	0.999995	974	0	-0.5473
SOD1	4	0.04048	0.077698	0.5343	153	2	-0.75659	0.99849	0.99855	0.999995	991	0	-0.75659
SEPHS1	3	0.041271	0.073051	0.512327	154	2	-0.55372	0.86562	0.9049	0.999995	887	1	-0.55372
RPA3	4	0.042757	0.081185	0.551123	155	2	-0.79525	0.4805	0.7218	0.999995	734	1	-0.79525
E2F3	3	0.044189	0.078268	0.534749	156	2	-0.4375	0.99278	0.99276	0.999995	969	0	-0.4375
NAPA	4	0.045302	0.085028	0.573532	157	2	-1.0339	0.74616	0.88152	0.999995	840	1	-1.0339
PRPF38A	4	0.046164	0.086309	0.578487	158	2	-0.48038	0.012613	0.041123	0.672971	62	1	-0.48038
SFPQ	4	0.050188	0.092442	0.611617	159	1	0.29746	0.70866	0.86484	0.999995	827	2	0.29746
IPO7	3	0.053136	0.092984	0.611617	160	2	-0.53557	0.95754	0.95766	0.999995	933	1	-0.53557
CFL1	4	0.054463	0.098519	0.64238	161	2	-0.37836	0.98408	0.9847	0.999995	951	1	-0.37836
CAND1	4	0.054695	0.098874	0.64238	162	2	-0.54132	0.07168	0.19617	0.754141	275	1	-0.54132
PSMB6	4	0.056567	0.10142	0.654884	163	2	-0.59478	0.97216	0.97701	0.999995	938	1	-0.59478
GTF3C1	4	0.058227	0.10374	0.665797	164	2	-0.40271	0.95454	0.96956	0.999995	929	1	-0.40271
RNF20	4	0.061606	0.10881	0.694173	165	2	-0.40396	0.78232	0.89898	0.999995	852	1	-0.40396
COPZ1	4	0.06277	0.11055	0.701043	166	1	-0.10931	0.1794	0.41266	0.863646	504	1	-0.10931
EIF3J	4	0.065812	0.11477	0.719169	167	2	-0.50499	0.97598	0.97892	0.999995	940	1	-0.50499
EIF3L	4	0.071681	0.12355	0.769627	168	2	-0.38802	0.99429	0.9943	0.999995	975	0	-0.38802
CTPS1	4	0.072462	0.12467	0.772075	169	2	-0.16506	0.57742	0.80085	0.999995	789	1	-0.16506
RPS28	2	0.073012	0.088394	0.588735	170	1	-0.75008	0.96044	0.95991	0.999995	935	0	-0.75008
HNRNPH1	4	0.073769	0.12647	0.778696	171	2	-0.28826	0.87103	0.94208	0.999995	890	2	-0.28826
UTP14A	4	0.078017	0.13261	0.80878	172	2	-0.19739	0.27008	0.5225	0.921063	598	1	-0.19739
ILF3	4	0.078286	0.13289	0.80878	173	2	-0.094028	0.43971	0.68619	0.999995	714	2	-0.094028
SNAPC4	4	0.079093	0.13406	0.811231	174	2	-0.37266	0.7153	0.86765	0.999995	830	1	-0.37266
PPP2R1A	4	0.082632	0.13899	0.836324	175	2	-0.33989	0.61267	0.8236	0.999995	799	1	-0.33989
YIF1A	4	0.085116	0.14262	0.853303	176	2	-0.25529	0.99831	0.99842	0.999995	990	0	-0.25529
BRD8	4	0.088473	0.14768	0.873693	177	2	-0.3407	0.9837	0.98432	0.999995	950	1	-0.3407
HUS1	4	0.089603	0.14932	0.87852	178	2	-0.15626	0.73628	0.87715	0.999995	835	1	-0.15626
SEPHS2	4	0.091024	0.15148	0.886303	179	2	-0.11792	0.85773	0.93513	0.999995	883	2	-0.11792
PMM1	4	0.093314	0.15459	0.899494	180	2	-0.21631	0.98833	0.98836	0.999995	955	1	-0.21631
PFN1	4	0.095045	0.15736	0.910648	181	2	0.079466	0.24218	0.49434	0.901603	576	2	0.079466
TIMM23	4	0.098251	0.16231	0.934164	182	2	-0.18359	0.93464	0.96321	0.999995	918	1	-0.18359
LSM4	4	0.099766	0.16468	0.942431	183	1	0.01728	0.53454	0.76657	0.999995	759	1	0.01728
CRKL	4	0.10031	0.16553	0.942431	184	2	-0.0508	0.87793	0.94596	0.999995	896	2	-0.0508
RPS15	2	0.10082	0.11367	0.716555	185	1	-0.78076	0.87862	0.87893	0.999995	898	1	-0.78076
MMD	4	0.10179	0.16766	0.949463	186	2	-0.061661	0.48565	0.7263	0.999995	738	2	-0.061661
COQ10B	4	0.10448	0.17157	0.966426	187	2	-0.034454	0.83325	0.92304	0.999995	872	2	-0.034454
NSG2	4	0.10927	0.17836	0.999398	188	1	0.48787	0.2113	0.46133	0.88946	545	3	0.48787
IRF4	4	0.11024	0.17966	0.999995	189	2	-0.20419	0.52709	0.76102	0.999995	756	1	-0.20419
MED13	4	0.11116	0.1811	0.999995	190	2	-0.086844	0.7732	0.89451	0.999995	849	1	-0.086844
CAP1	4	0.11331	0.1843	0.999995	191	2	-0.19774	0.88007	0.94696	0.999995	900	1	-0.19774
RBM22	4	0.11486	0.18654	0.999995	192	2	-0.019196	0.9892	0.98912	0.999995	958	0	-0.019196
KAT6A	4	0.11579	0.18787	0.999995	193	2	-0.24022	0.99454	0.99457	0.999995	976	0	-0.24022
SAR1A	8	0.11872	0.24057	0.999995	194	3	0.056195	0.16103	0.45708	0.886826	470	3	0.056195
BECN1	4	0.11924	0.19284	0.999995	195	2	-0.11491	0.82102	0.91715	0.999995	867	2	-0.11491
CHMP1A	4	0.12176	0.19682	0.999995	196	2	-0.25886	0.93329	0.96276	0.999995	917	1	-0.25886
FANCM	4	0.1224	0.19795	0.999995	197	2	-0.10538	0.97866	0.98065	0.999995	947	1	-0.10538
DDX5	4	0.12272	0.19842	0.999995	198	2	-0.011497	0.83063	0.92191	0.999995	869	2	-0.011497
TLN1	4	0.12303	0.19891	0.999995	199	2	-0.012614	0.83403	0.9234	0.999995	873	2	-0.012614
CDK8	4	0.12495	0.20168	0.999995	200	2	-0.0812	0.97994	0.98163	0.999995	948	1	-0.0812
RPL31	2	0.13869	0.14688	0.873693	201	1	-0.80309	0.95681	0.95652	0.999995	931	0	-0.80309
TBP	4	0.14654	0.21609	0.999995	202	1	0.10069	0.98327	0.98382	0.999995	949	1	0.10069
NUTF2	4	0.17453	0.23527	0.999995	203	1	0.024201	0.90928	0.95697	0.999995	908	1	0.024201
TAF1	4	0.19547	0.24954	0.999995	204	1	0.62141	0.0278	0.085533	0.700389	130	3	0.62141
EEFSEC	4	0.22302	0.26872	0.999995	205	1	0.62702	0.052414	0.1497	0.73274	217	3	0.62702
RPS7	1	0.23293	0.23337	0.999995	206	0	0.031546	0.76707	0.76874	0.999995	844	0	0.031546
ARID1A	4	0.23691	0.27861	0.999995	207	1	0.12793	0.93691	0.96375	0.999995	921	1	0.12793
BAP1	4	0.23844	0.27964	0.999995	208	1	-0.15206	0.99788	0.99793	0.999995	987	0	-0.15206
RPL17	3	0.24176	0.25535	0.999995	209	1	0.26215	0.40965	0.61716	0.983034	697	2	0.26215
APOBEC3C	4	0.24834	0.28645	0.999995	210	1	0.25584	0.84121	0.92689	0.999995	877	2	0.25584
RPL15	2	0.25634	0.25595	0.999995	211	1	0.16099	0.54237	0.66202	0.999995	772	1	0.16099
RPL6	1	0.25874	0.25945	0.999995	212	0	0.086811	0.74126	0.74281	0.999995	837	0	0.086811
SNRPB2	3	0.25977	0.27082	0.999995	213	1	-0.097548	0.74993	0.86773	0.999995	841	1	-0.097548
MED31	4	0.26039	0.29485	0.999995	214	1	-0.033233	0.88954	0.95198	0.999995	905	1	-0.033233
SOAT1	4	0.27525	0.30586	0.999995	215	1	0.5572	0.3178	0.57063	0.965671	627	3	0.5572
DHX29	3	0.27862	0.28666	0.999995	216	1	0.16309	0.93019	0.93724	0.999995	916	1	0.16309
USP5	4	0.28333	0.31206	0.999995	217	1	0.31919	0.52816	0.76175	0.999995	757	2	0.31919
LDB1	8	0.29174	0.42099	0.999995	218	2	0.21637	0.82595	0.96353	0.999995	868	4	0.21637
GLIS3	4	0.29351	0.31944	0.999995	219	1	0.62973	0.060085	0.16895	0.735564	241	3	0.62973
COQ10A	4	0.29856	0.32312	0.999995	220	1	0.32215	0.53757	0.76899	0.999995	762	3	0.32215
SLC22A8	4	0.31708	0.33798	0.999995	221	1	0.22895	0.86873	0.94082	0.999995	889	2	0.22895
RNF40	4	0.31779	0.33849	0.999995	222	1	0.2627	0.48003	0.72137	0.999995	733	3	0.2627
GABPB2	4	0.3206	0.34062	0.999995	223	1	0.51815	0.34703	0.60037	0.977111	648	3	0.51815
RPL21	2	0.32395	0.32289	0.999995	224	0	0.4373	0.2203	0.34466	0.830376	554	1	0.4373
MORF4L1	3	0.32569	0.3283	0.999995	225	1	0.39997	0.096353	0.21481	0.754141	342	2	0.39997
MED13L	4	0.3269	0.34574	0.999995	226	1	-0.10928	0.99508	0.99516	0.999995	978	0	-0.10928
TOB2	4	0.32899	0.34751	0.999995	227	1	0.40783	0.49103	0.7308	0.999995	739	3	0.40783
ZMAT2	4	0.33593	0.35316	0.999995	228	1	0.69573	0.10499	0.2697	0.783265	362	3	0.69573
ASF1B	8	0.34605	0.47852	0.999995	229	2	0.087182	0.86805	0.97451	0.999995	888	2	0.087182
KIF20A	8	0.35125	0.48421	0.999995	230	2	0.33486	0.28062	0.62582	0.986364	608	4	0.33486
SPOP	4	0.35573	0.36929	0.999995	231	1	0.34014	0.36446	0.6173	0.983034	667	2	0.34014
DGKZ	3	0.35608	0.35599	0.999995	232	1	-0.20198	0.67934	0.81736	0.999995	819	1	-0.20198
IMPDH2	4	0.35708	0.37041	0.999995	233	1	0.066087	0.71966	0.86971	0.999995	833	1	0.066087
EZH1	4	0.36446	0.37651	0.999995	234	1	0.44441	0.24686	0.4991	0.901603	583	3	0.44441
H1FOO	4	0.36579	0.37778	0.999995	235	1	0.64471	0.18743	0.42656	0.870574	517	3	0.64471
ERH	4	0.36646	0.37838	0.999995	236	1	0.46549	0.32743	0.58069	0.973015	633	3	0.46549
RBMX	3	0.3717	0.37085	0.999995	237	1	0.44942	0.48452	0.67352	0.999995	737	2	0.44942
PDS5A	4	0.37178	0.3827	0.999995	238	1	0.22717	0.76783	0.89196	0.999995	845	2	0.22717
KPNA2	3	0.3748	0.37391	0.999995	239	1	-0.16609	0.34658	0.57083	0.965671	647	1	-0.16609
TBC1D28	3	0.37583	0.37482	0.999995	240	1	0.1026	0.94304	0.94582	0.999995	922	1	0.1026
POLD1	4	0.37706	0.38701	0.999995	241	1	0.46629	0.21365	0.46373	0.891062	548	2	0.46629
GATAD2A	4	0.37837	0.38799	0.999995	242	1	0.15448	0.53876	0.77004	0.999995	764	2	0.15448
HASPIN	4	0.38231	0.39154	0.999995	243	1	0.19327	0.23691	0.4891	0.901603	570	1	0.19327
ATP6V1E1	3	0.38605	0.3848	0.999995	244	1	0.544	0.40615	0.61474	0.983034	693	2	0.544
MANF	4	0.38882	0.39649	0.999995	245	1	0.14017	0.74244	0.88001	0.999995	838	2	0.14017
RIMKLB	3	0.39011	0.38865	0.999995	246	1	0.79556	0.0019472	0.005446	0.525013	12	2	0.79556
UTP14C	4	0.39077	0.39814	0.999995	247	1	0.29336	0.42875	0.67636	0.999995	704	2	0.29336
COX4I2	4	0.39335	0.40046	0.999995	248	1	0.29399	0.45418	0.69892	0.999995	718	3	0.29399
SAMD9	4	0.39464	0.40172	0.999995	249	1	0.73944	0.073769	0.20118	0.754141	280	3	0.73944
PTTG1	3	0.39567	0.39419	0.999995	250	1	-0.041702	0.98751	0.98755	0.999995	953	0	-0.041702
FOSL1	3	0.39968	0.39795	0.999995	251	1	-0.14359	0.66934	0.8096	0.999995	813	1	-0.14359
FZR1	4	0.40106	0.40698	0.999995	252	1	0.082534	0.97749	0.9799	0.999995	943	1	0.082534
SKA1	4	0.40297	0.4085	0.999995	253	1	0.23912	0.52387	0.75842	0.999995	753	2	0.23912
MYL7	4	0.40425	0.40975	0.999995	254	1	0.45829	0.27815	0.53068	0.925425	606	3	0.45829
ZWILCH	4	0.40616	0.41156	0.999995	255	1	0.5932	0.11486	0.28987	0.792474	385	3	0.5932
GRHL3	4	0.40742	0.41265	0.999995	256	1	0.462	0.39288	0.64389	0.996895	684	3	0.462
PRG3	4	0.41059	0.41544	0.999995	257	1	0.0091509	0.68998	0.8565	0.999995	823	1	0.0091509
TUBB2A	4	0.41311	0.41775	0.999995	258	1	0.27984	0.61363	0.82395	0.999995	800	2	0.27984
WASL	4	0.415	0.41942	0.999995	259	1	-0.1998	0.79375	0.90437	0.999995	855	1	-0.1998
CRY2	4	0.41938	0.42329	0.999995	260	1	0.21428	0.87483	0.94423	0.999995	893	2	0.21428
HACD2	4	0.42125	0.42522	0.999995	261	1	-0.13323	0.99742	0.99746	0.999995	983	0	-0.13323
ZAP70	4	0.42374	0.42745	0.999995	262	1	0.44945	0.29994	0.55282	0.94885	619	3	0.44945
AKIRIN1	4	0.42684	0.43006	0.999995	263	1	0.12987	0.77273	0.89434	0.999995	848	2	0.12987
MCPH1	4	0.43361	0.43627	0.999995	264	1	0.55997	0.14069	0.34088	0.829874	434	3	0.55997
MYBL2	4	0.4391	0.44149	0.999995	265	1	0.23279	0.67972	0.85195	0.999995	820	2	0.23279
XYLT2	4	0.43971	0.44202	0.999995	266	1	0.30434	0.4841	0.72507	0.999995	736	3	0.30434
ASF1A	4	0.44032	0.44254	0.999995	267	1	0.28959	0.17372	0.40273	0.85803	494	3	0.28959
FOXK1	4	0.44153	0.44374	0.999995	268	1	-0.13997	0.98846	0.98849	0.999995	956	0	-0.13997
BICD2	4	0.44275	0.44483	0.999995	269	1	0.31593	0.46585	0.70897	0.999995	724	3	0.31593
COPG2	4	0.44335	0.44555	0.999995	270	1	0.20125	0.7193	0.86962	0.999995	832	1	0.20125
APH1A	4	0.44516	0.44714	0.999995	271	1	-0.11664	0.81998	0.91665	0.999995	866	1	-0.11664
EPS15L1	4	0.44637	0.44834	0.999995	272	1	0.41518	0.39788	0.64851	0.999921	686	3	0.41518
TPBG	4	0.44998	0.45152	0.999995	273	1	0.58526	0.039301	0.11668	0.708282	174	3	0.58526
CCNT2	4	0.45297	0.45441	0.999995	274	1	-0.10138	0.99094	0.99095	0.999995	961	0	-0.10138
MBTD1	4	0.45356	0.45504	0.999995	275	1	-0.066784	0.47531	0.71723	0.999995	730	1	-0.066784
RCBTB1	4	0.45535	0.45664	0.999995	276	1	0.63558	0.21763	0.46803	0.896272	550	3	0.63558
ADSS	3	0.45735	0.45604	0.999995	277	0	0.94563	0.28694	0.51738	0.914701	613	2	0.94563
SOX9	4	0.45951	0.46061	0.999995	278	1	0.38324	0.27481	0.52729	0.923431	603	3	0.38324
TPBGL	4	0.46364	0.46454	0.999995	279	1	0.16462	0.62729	0.82974	0.999995	803	2	0.16462
BICD1	4	0.46716	0.46787	0.999995	280	1	0.10921	0.80133	0.9076	0.999995	860	2	0.10921
TOMM20L	4	0.46891	0.46936	0.999995	281	1	0.49981	0.09716	0.25325	0.781904	343	3	0.49981
ZMIZ2	4	0.47241	0.47254	0.999995	282	1	0.37245	0.38332	0.63528	0.990806	680	3	0.37245
ABCG2	4	0.47357	0.47357	0.999995	283	1	0.82603	0.0077084	0.025753	0.665177	40	3	0.82603
LARP1	4	0.47473	0.47463	0.999995	284	1	0.061244	0.79876	0.90668	0.999995	858	2	0.061244
COPG1	4	0.47589	0.47564	0.999995	285	1	0.031151	0.65123	0.83996	0.999995	810	2	0.031151
KCNG4	4	0.47646	0.47608	0.999995	286	1	0.3985	0.42399	0.67208	0.999995	703	3	0.3985
STT3A	4	0.47704	0.47665	0.999995	287	1	0.047475	0.98853	0.98859	0.999995	957	0	0.047475
EAF1	4	0.47762	0.47717	0.999995	288	1	0.10579	0.92505	0.96073	0.999995	913	1	0.10579
ALG14	4	0.47877	0.47822	0.999995	289	1	0.43637	0.10582	0.27132	0.783265	363	3	0.43637
CCNT1	4	0.47992	0.47938	0.999995	290	1	0.026959	0.62406	0.82834	0.999995	802	1	0.026959
VPS37A	4	0.48222	0.48173	0.999995	291	1	-0.055878	0.87911	0.94654	0.999995	899	1	-0.055878
SLC32A1	4	0.48336	0.4829	0.999995	292	1	0.23186	0.37706	0.62924	0.987202	676	2	0.23186
GALR3	4	0.48394	0.48355	0.999995	293	1	0.022015	0.88516	0.94968	0.999995	903	1	0.022015
RBPJL	4	0.48565	0.48497	0.999995	294	1	0.35334	0.18102	0.41532	0.864366	505	3	0.35334
POU4F2	4	0.48622	0.48553	0.999995	295	1	0.053521	0.97776	0.98006	0.999995	945	1	0.053521
UNC119	4	0.49415	0.49332	0.999995	296	1	-0.028737	0.90819	0.95679	0.999995	907	1	-0.028737
NAA11	4	0.49471	0.49386	0.999995	297	1	0.23562	0.67257	0.8489	0.999995	816	2	0.23562
DGKI	4	0.49527	0.49442	0.999995	298	1	0.62024	0.084839	0.22531	0.754141	312	3	0.62024
MPC1	4	0.4964	0.49553	0.999995	299	1	0.0041264	0.58475	0.80666	0.999995	792	1	0.0041264
CCND3	4	0.4992	0.4981	0.999995	300	1	-0.017921	0.99587	0.99587	0.999995	980	0	-0.017921
DDI2	4	0.50087	0.49967	0.999995	301	1	0.60086	0.0098205	0.032297	0.672971	44	2	0.60086
HMGCS2	4	0.50365	0.50252	0.999995	302	1	0.35018	0.24725	0.49946	0.901603	584	2	0.35018
KRT25	4	0.50421	0.50309	0.999995	303	1	0.56746	0.0042177	0.014683	0.569837	25	3	0.56746
DDX17	4	0.50531	0.50418	0.999995	304	1	0.16473	0.7335	0.87565	0.999995	834	2	0.16473
HNRNPF	4	0.50642	0.5053	0.999995	305	1	0.35357	0.51112	0.74836	0.999995	747	3	0.35357
UCHL5	4	0.50697	0.50586	0.999995	306	1	0.3283	0.13902	0.33753	0.829874	429	3	0.3283
DDX39B	4	0.50808	0.50711	0.999995	307	0	0.323	0.50414	0.74219	0.999995	745	3	0.323
SMARCA4	4	0.50863	0.50755	0.999995	308	0	-0.144	0.59533	0.81467	0.999995	795	1	-0.144
SOS2	4	0.50918	0.50813	0.999995	309	0	0.37816	0.23076	0.48231	0.901603	563	2	0.37816
PACS1	4	0.51083	0.5097	0.999995	310	0	0.0023493	0.63476	0.8329	0.999995	806	1	0.0023493
L3MBTL2	4	0.51138	0.51027	0.999995	311	0	0.16864	0.81367	0.91398	0.999995	865	2	0.16864
GJA8	4	0.51302	0.51197	0.999995	312	0	0.17024	0.80502	0.90952	0.999995	862	2	0.17024
CWF19L1	4	0.51357	0.51245	0.999995	313	0	0.085714	0.94349	0.96574	0.999995	923	1	0.085714
TCERG1	4	0.51411	0.51313	0.999995	314	0	0.21143	0.88591	0.95008	0.999995	904	2	0.21143
KHSRP	4	0.51738	0.5162	0.999995	315	0	0.26905	0.33887	0.59223	0.976905	643	2	0.26905
TNPO2	4	0.51847	0.51736	0.999995	316	0	0.066567	0.55891	0.78662	0.999995	778	2	0.066567
PRKAB2	4	0.51901	0.51794	0.999995	317	0	0.39302	0.42291	0.67114	0.999995	702	2	0.39302
APH1B	4	0.5201	0.51905	0.999995	318	0	0.4381	0.47527	0.7172	0.999995	729	3	0.4381
FUT5	4	0.52118	0.52034	0.999995	319	0	0.27094	0.34486	0.59813	0.977111	646	2	0.27094
RNF44	4	0.5228	0.522	0.999995	320	0	0.56349	0.044022	0.12904	0.725999	185	3	0.56349
GABPB1	4	0.52387	0.52306	0.999995	321	0	0.36554	0.19547	0.43979	0.875434	528	3	0.36554
ZNF804B	4	0.52441	0.52366	0.999995	322	0	0.50397	0.42083	0.66939	0.999995	701	3	0.50397
LMBR1L	4	0.52602	0.52531	0.999995	323	0	0.52924	0.28997	0.54262	0.93742	614	3	0.52924
ADAM19	4	0.52763	0.52682	0.999995	324	0	0.68017	0.06234	0.17425	0.735564	245	3	0.68017
PTPN11	4	0.52816	0.52731	0.999995	325	0	0.081015	0.83554	0.92421	0.999995	874	1	0.081015
ARPC5	4	0.53189	0.53111	0.999995	326	0	0.66946	0.24275	0.49506	0.901603	578	3	0.66946
PTCH1	4	0.53243	0.53165	0.999995	327	0	0.51018	0.3262	0.57934	0.972549	631	3	0.51018
IDH3G	4	0.53296	0.53214	0.999995	328	0	0.51961	0.18112	0.41557	0.864366	507	3	0.51961
TANC1	4	0.53402	0.53309	0.999995	329	0	0.16921	0.43422	0.68148	0.999995	709	2	0.16921
FLOT2	4	0.53613	0.53531	0.999995	330	0	0.38815	0.024646	0.076744	0.674781	119	3	0.38815
PFAS	4	0.53666	0.53585	0.999995	331	0	0.24335	0.2415	0.4936	0.901603	574	2	0.24335
SPOPL	4	0.53718	0.53636	0.999995	332	0	0.65945	0.35253	0.60555	0.977111	659	3	0.65945
NCOR2	4	0.53929	0.53848	0.999995	333	0	0.20671	0.40042	0.65086	0.999995	689	2	0.20671
HOXB1	4	0.54086	0.54004	0.999995	334	0	0.20501	0.081408	0.21769	0.754141	303	2	0.20501
CLASP1	4	0.54138	0.54043	0.999995	335	0	0.27739	0.36846	0.62164	0.985289	669	2	0.27739
RPRD1B	4	0.54243	0.54136	0.999995	336	0	0.48611	0.24378	0.49613	0.901603	579	3	0.48611
MOGAT2	4	0.54399	0.54289	0.999995	337	0	0.45043	0.34813	0.60138	0.977111	649	3	0.45043
LARP1B	4	0.54504	0.544	0.999995	338	0	0.14924	0.48279	0.72384	0.999995	735	1	0.14924
SIN3B	4	0.54555	0.54452	0.999995	339	0	0.069181	0.93524	0.96339	0.999995	920	1	0.069181
GPR151	4	0.54607	0.54516	0.999995	340	0	0.58242	0.3261	0.57925	0.972549	630	3	0.58242
CEACAM1	4	0.54659	0.54573	0.999995	341	0	0.32222	0.4707	0.71331	0.999995	727	3	0.32222
HMSD	4	0.54763	0.54678	0.999995	342	0	0.61989	0.1678	0.39167	0.854286	484	3	0.61989
E2F4	4	0.54815	0.54738	0.999995	343	0	0.30734	0.63652	0.83357	0.999995	807	2	0.30734
SYK	4	0.5497	0.54882	0.999995	344	0	0.64473	0.18716	0.42614	0.870574	516	3	0.64473
BZW1	3	0.55072	0.54921	0.999995	345	0	0.18205	0.92838	0.93618	0.999995	915	1	0.18205
MBD3L1	4	0.55176	0.55101	0.999995	346	0	0.31408	0.53666	0.76832	0.999995	761	2	0.31408
DNAJC15	4	0.55279	0.55217	0.999995	347	0	0.75542	0.028415	0.087412	0.700389	132	3	0.75542
CABP5	4	0.5533	0.55273	0.999995	348	0	0.20598	0.8766	0.94517	0.999995	894	2	0.20598
TPST2	4	0.55381	0.55324	0.999995	349	0	0.44251	0.2392	0.49135	0.901603	573	3	0.44251
FANCF	4	0.55432	0.55377	0.999995	350	0	0.2561	0.73901	0.87851	0.999995	836	2	0.2561
PDX1	4	0.55535	0.55498	0.999995	351	0	0.25543	0.81035	0.91225	0.999995	863	2	0.25543
RHOT1	4	0.55891	0.55894	0.999995	352	0	0.3612	0.37508	0.62752	0.987202	674	2	0.3612
ADSSL1	4	0.55942	0.55956	0.999995	353	0	0.21913	0.86082	0.93673	0.999995	886	2	0.21913
JUP	4	0.56145	0.56159	0.999995	354	0	0.48673	0.033596	0.10131	0.702632	148	3	0.48673
ANAPC4	4	0.56397	0.56421	0.999995	355	0	0.1826	0.9137	0.95806	0.999995	910	1	0.1826
KLF5	4	0.56498	0.56528	0.999995	356	0	0.31522	0.15863	0.37445	0.84759	464	2	0.31522
THRAP3	4	0.56548	0.56563	0.999995	357	0	-0.024948	0.99174	0.99167	0.999995	964	0	-0.024948
ARFGEF1	4	0.56749	0.56784	0.999995	358	0	0.51351	0.34838	0.60162	0.977111	651	3	0.51351
RNF10	4	0.56849	0.56886	0.999995	359	0	0.48337	0.4064	0.65653	0.999995	694	3	0.48337
SHMT1	4	0.56999	0.57034	0.999995	360	0	0.010404	0.97771	0.98003	0.999995	944	1	0.010404
SOS1	4	0.57048	0.5708	0.999995	361	0	0.15866	0.80162	0.90775	0.999995	861	2	0.15866
CRY1	4	0.57148	0.57168	0.999995	362	0	0.17554	0.67691	0.85081	0.999995	817	2	0.17554
ADGRG7	4	0.57198	0.57225	0.999995	363	0	0.31322	0.089309	0.23572	0.763512	324	2	0.31322
GYS1	4	0.57495	0.5751	0.999995	364	0	0.42995	0.52639	0.76037	0.999995	755	3	0.42995
GLT6D1	4	0.57594	0.57609	0.999995	365	0	0.53678	0.11177	0.28342	0.786675	380	3	0.53678
CLTA	4	0.57692	0.57701	0.999995	366	0	0.089461	0.33662	0.59003	0.976483	640	2	0.089461
CELA2A	4	0.5784	0.57841	0.999995	367	0	0.28452	0.52322	0.75789	0.999995	752	2	0.28452
LATS1	4	0.57938	0.5794	0.999995	368	0	0.48063	0.37687	0.62913	0.987202	675	3	0.48063
MYBPHL	4	0.57987	0.57989	0.999995	369	0	0.22773	0.22457	0.4754	0.901603	556	2	0.22773
IDH1	4	0.58085	0.58082	0.999995	370	0	0.71811	0.034728	0.10421	0.702632	154	3	0.71811
GSDMD	4	0.58231	0.58213	0.999995	371	0	0.44045	0.36333	0.61625	0.983034	666	3	0.44045
RBBP7	4	0.5828	0.58263	0.999995	372	0	0.31792	0.59461	0.81427	0.999995	794	3	0.31792
ERO1B	4	0.58329	0.58299	0.999995	373	0	0.48167	0.3818	0.63392	0.99015	679	3	0.48167
CLTCL1	4	0.58426	0.58416	0.999995	374	0	0.28535	0.47992	0.72123	0.999995	732	2	0.28535
TBC1D9	4	0.58523	0.58525	0.999995	375	0	0.33451	0.46128	0.70486	0.999995	719	2	0.33451
LSM14A	4	0.5862	0.58616	0.999995	376	0	0.78075	0.029381	0.090067	0.700389	136	3	0.78075
HNRNPH3	4	0.58669	0.5867	0.999995	377	0	0.52583	0.32635	0.57949	0.972549	632	3	0.52583
SLC25A24	4	0.58717	0.58718	0.999995	378	0	0.2733	0.63255	0.83203	0.999995	805	2	0.2733
UNC119B	4	0.58765	0.58774	0.999995	379	0	0.5171	0.343	0.59626	0.977111	645	3	0.5171
TLN2	4	0.5891	0.58914	0.999995	380	0	0.56212	0.10328	0.26632	0.783265	354	3	0.56212
TRPC5	4	0.59054	0.59046	0.999995	381	0	0.44706	0.43782	0.68452	0.999995	712	3	0.44706
PIP4P1	4	0.59102	0.59105	0.999995	382	0	0.40997	0.32857	0.58183	0.973386	634	2	0.40997
SEC31B	4	0.5915	0.59146	0.999995	383	0	0.42405	0.47473	0.71674	0.999995	728	3	0.42405
ATP8B3	4	0.59198	0.59186	0.999995	384	0	0.7547	0.066607	0.18381	0.736116	263	3	0.7547
ENOX1	4	0.59246	0.59234	0.999995	385	0	0.60355	0.23153	0.48316	0.901603	564	3	0.60355
SEC23A	4	0.59294	0.59279	0.999995	386	0	0.13935	0.65758	0.84248	0.999995	812	1	0.13935
GIT2	4	0.59342	0.5933	0.999995	387	0	0.23716	0.33247	0.58572	0.975271	637	2	0.23716
SPAG9	4	0.59437	0.59413	0.999995	388	0	0.24273	0.4654	0.70862	0.999995	723	3	0.24273
PSMB9	4	0.59533	0.59504	0.999995	389	0	0.47561	0.19549	0.43986	0.875434	529	2	0.47561
AXL	4	0.59676	0.59657	0.999995	390	0	0.30548	0.69694	0.85967	0.999995	825	2	0.30548
PSEN1	4	0.59723	0.59698	0.999995	391	0	0.31352	0.49185	0.73148	0.999995	741	3	0.31352
PHLDA1	4	0.59818	0.59784	0.999995	392	0	0.41763	0.24413	0.49642	0.901603	580	3	0.41763
PTF1A	4	0.59865	0.59837	0.999995	393	0	0.26081	0.83661	0.92465	0.999995	876	2	0.26081
VPS26A	4	0.59913	0.5988	0.999995	394	0	0.20488	0.3731	0.62591	0.986364	673	2	0.20488
BZW2	4	0.60007	0.59982	0.999995	395	0	0.12969	0.85868	0.93559	0.999995	884	2	0.12969
HMG20B	4	0.60101	0.60056	0.999995	396	0	0.3751	0.37837	0.63043	0.987616	677	3	0.3751
UTRN	4	0.60148	0.60101	0.999995	397	0	0.31902	0.35418	0.60727	0.977111	660	2	0.31902
SLC25A28	4	0.60196	0.60148	0.999995	398	0	0.02813	0.99164	0.99155	0.999995	963	0	0.02813
LSM14B	4	0.60243	0.60184	0.999995	399	0	0.34205	0.26413	0.51673	0.914701	597	3	0.34205
CCNE1	4	0.6029	0.60231	0.999995	400	0	0.40854	0.43385	0.68098	0.999995	708	3	0.40854
ARHGEF7	4	0.60336	0.60279	0.999995	401	0	0.34089	0.63871	0.83438	0.999995	808	2	0.34089
RAMP2	4	0.60383	0.60324	0.999995	402	0	0.55212	0.017706	0.056138	0.672971	82	2	0.55212
LATS2	4	0.6071	0.60629	0.999995	403	0	0.41007	0.40951	0.65919	0.999995	696	3	0.41007
NHLRC1	4	0.60757	0.6068	0.999995	404	0	0.49722	0.18854	0.4283	0.870574	520	3	0.49722
TANK	4	0.60804	0.60727	0.999995	405	0	0.40652	0.56138	0.78873	0.999995	779	2	0.40652
EXOC6B	4	0.60896	0.6081	0.999995	406	0	0.67111	0.023724	0.073996	0.672971	114	2	0.67111
FBLN1	4	0.60943	0.60856	0.999995	407	0	0.3336	0.52184	0.75676	0.999995	750	3	0.3336
BCAP31	4	0.60989	0.60902	0.999995	408	0	0.024104	0.9518	0.96845	0.999995	928	1	0.024104
IPO5	4	0.61036	0.60965	0.999995	409	0	0.17584	0.74312	0.8804	0.999995	839	2	0.17584
VRTN	4	0.6122	0.61129	0.999995	410	0	0.33444	0.18344	0.41974	0.869328	510	3	0.33444
AMELX	4	0.61267	0.61172	0.999995	411	0	0.57973	0.25432	0.50684	0.905957	590	3	0.57973
FOXK2	4	0.61313	0.61215	0.999995	412	0	0.12312	0.87815	0.94609	0.999995	897	1	0.12312
MYH7	4	0.61359	0.61262	0.999995	413	0	0.24006	0.57459	0.79865	0.999995	785	3	0.24006
DCAF8L1	4	0.61542	0.61426	0.999995	414	0	0.50954	0.35128	0.60443	0.977111	655	3	0.50954
TOP2B	4	0.61588	0.61469	0.999995	415	0	0.39913	0.43054	0.67792	0.999995	706	3	0.39913
PTCH2	4	0.61634	0.61509	0.999995	416	0	0.49685	0.18425	0.42112	0.869328	512	3	0.49685
NSDHL	4	0.61908	0.61805	0.999995	417	0	0.5159	0.047476	0.1378	0.725999	201	3	0.5159
UNC45A	4	0.61999	0.61898	0.999995	418	0	0.32604	0.60336	0.82011	0.999995	798	2	0.32604
CSTF2	4	0.62044	0.61934	0.999995	419	0	0.35259	0.47638	0.71804	0.999995	731	3	0.35259
SLCO2B1	4	0.6218	0.62082	0.999995	420	0	0.37914	0.46423	0.70761	0.999995	722	2	0.37914
ADM	4	0.62225	0.62134	0.999995	421	0	0.39996	0.098838	0.25698	0.783265	345	2	0.39996
NET1	4	0.62271	0.6219	0.999995	422	0	0.25675	0.01818	0.057541	0.672971	85	2	0.25675
SNX2	4	0.62361	0.62279	0.999995	423	0	0.31807	0.30644	0.55922	0.957593	620	2	0.31807
SPTAN1	4	0.62451	0.62376	0.999995	424	0	0.16266	0.8	0.90703	0.999995	859	1	0.16266
CDK5R1	4	0.62586	0.62519	0.999995	425	0	0.30543	0.051091	0.14648	0.728281	214	2	0.30543
YAF2	4	0.62631	0.62553	0.999995	426	0	0.4123	0.28257	0.53498	0.928753	610	2	0.4123
DMXL1	4	0.62721	0.62652	0.999995	427	0	0.40661	0.41379	0.66296	0.999995	700	3	0.40661
ZMIZ1	4	0.6281	0.62734	0.999995	428	0	0.45718	0.13533	0.3305	0.823611	422	3	0.45718
RRAGD	4	0.62944	0.6288	0.999995	429	0	0.45859	0.23402	0.48594	0.901603	565	3	0.45859
RIC8B	4	0.63033	0.62965	0.999995	430	0	0.53178	0.38162	0.63371	0.99015	678	3	0.53178
MRPL55	4	0.63078	0.63009	0.999995	431	0	0.25216	0.25589	0.50848	0.906532	592	3	0.25216
GNB3	4	0.63122	0.63045	0.999995	432	0	0.40128	0.10755	0.27456	0.783265	369	3	0.40128
RPP14	4	0.63166	0.63084	0.999995	433	0	0.62898	0.1838	0.42035	0.869328	511	3	0.62898
GMPR	4	0.63211	0.63127	0.999995	434	0	0.49	0.23481	0.48685	0.901603	568	3	0.49
NMT2	4	0.63255	0.63165	0.999995	435	0	0.26538	0.54088	0.77156	0.999995	769	3	0.26538
EPC1	4	0.63299	0.63212	0.999995	436	0	0.34447	0.34827	0.60152	0.977111	650	2	0.34447
EPHA2	4	0.63344	0.63254	0.999995	437	0	0.40468	0.2415	0.4936	0.901603	575	3	0.40468
TMEM120A	4	0.63476	0.63386	0.999995	438	0	0.23868	0.059188	0.16696	0.735564	239	3	0.23868
SPATA16	4	0.6352	0.63429	0.999995	439	0	0.22087	0.30787	0.56063	0.957593	622	2	0.22087
FLNC	4	0.63652	0.63558	0.999995	440	0	0.5899	0.12141	0.30305	0.809724	395	3	0.5899
RANBP9	4	0.6374	0.63642	0.999995	441	0	0.46869	0.22941	0.48078	0.901603	562	3	0.46869
G3BP1	4	0.63784	0.63688	0.999995	442	0	0.28244	0.87403	0.94378	0.999995	891	2	0.28244
PRKAB1	4	0.63915	0.63821	0.999995	443	0	0.67121	0.21436	0.46446	0.891062	549	3	0.67121
ARID4A	4	0.63959	0.63858	0.999995	444	0	0.35825	0.46222	0.70574	0.999995	720	3	0.35825
SHMT2	4	0.64046	0.63943	0.999995	445	0	0.70326	0.066918	0.18455	0.736116	264	3	0.70326
RNF2	3	0.6406	0.63987	0.999995	446	0	0.34103	0.57055	0.73691	0.999995	784	2	0.34103
ZNF418	4	0.64177	0.64083	0.999995	447	0	0.55359	0.016327	0.052473	0.672971	75	2	0.55359
NXT2	4	0.6422	0.64122	0.999995	448	0	0.44509	0.046571	0.13572	0.725999	196	3	0.44509
NCKAP1	4	0.64307	0.64232	0.999995	449	0	0.13221	0.83578	0.92429	0.999995	875	1	0.13221
STRIP1	4	0.64393	0.64333	0.999995	450	0	0.25934	0.64559	0.83752	0.999995	809	2	0.25934
LOR	4	0.64437	0.64368	0.999995	451	0	0.51623	0.25471	0.5073	0.905957	591	3	0.51623
AP1G1	4	0.64523	0.64475	0.999995	452	0	0.36547	0.3192	0.57202	0.966136	628	2	0.36547
GOLPH3L	4	0.64609	0.64561	0.999995	453	0	0.24531	0.19227	0.43445	0.874685	524	2	0.24531
NRBP2	4	0.64695	0.6465	0.999995	454	0	0.21369	0.91113	0.95743	0.999995	909	1	0.21369
SLC25A25	4	0.64738	0.64688	0.999995	455	0	0.36363	0.5442	0.77422	0.999995	774	3	0.36363
IFIH1	4	0.64781	0.64719	0.999995	456	0	0.46476	0.35501	0.60804	0.977111	662	3	0.46476
CYP26C1	4	0.64953	0.64882	0.999995	457	0	0.63515	0.10841	0.2766	0.783265	371	3	0.63515
PTPN21	4	0.64995	0.64928	0.999995	458	0	0.38498	0.67246	0.84887	0.999995	814	2	0.38498
CADPS2	4	0.65294	0.65239	0.999995	459	0	0.6588	0.0051531	0.017797	0.590192	30	3	0.6588
MTA1	4	0.65336	0.65293	0.999995	460	0	0.09066	0.77931	0.89725	0.999995	851	1	0.09066
IDH2	4	0.65421	0.65352	0.999995	461	0	0.60723	0.20789	0.45744	0.886826	543	3	0.60723
TYMS	4	0.65463	0.65387	0.999995	462	0	0.6929	0.15828	0.37374	0.84759	462	3	0.6929
MMD2	4	0.65505	0.65428	0.999995	463	0	0.10442	0.38947	0.64074	0.994948	681	1	0.10442
XYLT1	4	0.65548	0.65467	0.999995	464	0	0.5731	0.06039	0.16964	0.735564	242	3	0.5731
KRT74	4	0.65632	0.65564	0.999995	465	0	0.49194	0.13481	0.32947	0.823611	421	3	0.49194
KIAA0319L	4	0.65758	0.65693	0.999995	466	0	0.61425	0.19706	0.44241	0.875434	532	3	0.61425
LBX1	4	0.658	0.65735	0.999995	467	0	0.62551	0.16806	0.39205	0.854286	486	3	0.62551
PTPN6	4	0.65884	0.65813	0.999995	468	0	0.41919	0.24876	0.50107	0.901603	585	3	0.41919
TAP1	4	0.6601	0.65935	0.999995	469	0	0.47541	0.2119	0.46195	0.88946	547	3	0.47541
CYFIP2	4	0.66093	0.66008	0.999995	470	0	0.25908	0.31355	0.56627	0.962565	625	2	0.25908
RAP1GAP	4	0.66135	0.66053	0.999995	471	0	0.22696	0.55739	0.78531	0.999995	777	2	0.22696
AP5M1	4	0.66176	0.66091	0.999995	472	0	0.30157	0.33593	0.58921	0.976483	639	2	0.30157
BARHL1	4	0.66467	0.66376	0.999995	473	0	0.43464	0.28454	0.53715	0.929488	612	3	0.43464
TOB1	4	0.66508	0.66427	0.999995	474	0	0.35124	0.34075	0.59402	0.977111	644	3	0.35124
DMXL2	4	0.66714	0.6664	0.999995	475	0	0.17849	0.96255	0.97268	0.999995	936	1	0.17849
ABTB2	4	0.66838	0.66762	0.999995	476	0	0.54598	0.15601	0.36969	0.84759	456	3	0.54598
CAP2	4	0.66879	0.66802	0.999995	477	0	0.2182	0.5031	0.74134	0.999995	743	1	0.2182
NDEL1	4	0.6692	0.66839	0.999995	478	0	0.44591	0.12551	0.31179	0.814262	403	2	0.44591
RHBDF1	4	0.66961	0.66873	0.999995	479	0	0.25585	0.77908	0.89718	0.999995	850	2	0.25585
IMPDH1	4	0.67001	0.66909	0.999995	480	0	0.54908	0.30724	0.55997	0.957593	621	3	0.54908
MYBPH	4	0.67042	0.66949	0.999995	481	0	0.67708	0.031733	0.096275	0.702632	145	3	0.67708
STAM	4	0.67124	0.67031	0.999995	482	0	0.35466	0.38954	0.64077	0.994948	682	2	0.35466
DMP1	4	0.67287	0.67197	0.999995	483	0	0.56191	0.1187	0.29734	0.802093	391	3	0.56191
RING1	4	0.67327	0.67238	0.999995	484	0	0.18612	0.072568	0.19834	0.754141	277	2	0.18612
CASP4	4	0.67368	0.67281	0.999995	485	0	0.34303	0.35167	0.60478	0.977111	656	3	0.34303
GXYLT1	4	0.67489	0.67409	0.999995	486	0	0.4518	0.23442	0.48638	0.901603	566	3	0.4518
ULK2	4	0.67691	0.67609	0.999995	487	0	0.29277	0.28333	0.53587	0.928789	611	2	0.29277
UMPS	4	0.67731	0.67641	0.999995	488	0	0.76679	0.033974	0.10238	0.702632	151	3	0.76679
ARFGEF2	4	0.67811	0.67722	0.999995	489	0	0.67737	0.15201	0.36221	0.84759	448	3	0.67737
VPS26B	4	0.67851	0.67765	0.999995	490	0	0.52802	0.24496	0.49734	0.901603	581	3	0.52802
MTMR4	4	0.67931	0.67839	0.999995	491	0	0.2952	0.49997	0.7386	0.999995	742	2	0.2952
GCM2	4	0.67971	0.67878	0.999995	492	0	0.25396	0.846	0.9293	0.999995	878	2	0.25396
CD72	4	0.68051	0.67956	0.999995	493	0	0.31648	0.10841	0.27661	0.783265	372	2	0.31648
AIPL1	4	0.68091	0.68001	0.999995	494	0	0.58535	0.09542	0.24901	0.771047	340	3	0.58535
PAPSS1	4	0.68131	0.68041	0.999995	495	0	0.50501	0.4033	0.65359	0.999995	690	3	0.50501
SLC11A2	4	0.68211	0.68114	0.999995	496	0	0.2736	0.83089	0.92199	0.999995	870	2	0.2736
CAVIN1	4	0.6825	0.68155	0.999995	497	0	0.3331	0.19387	0.43713	0.875434	526	2	0.3331
MAT1A	4	0.6833	0.68233	0.999995	498	0	0.39853	0.43584	0.68279	0.999995	710	3	0.39853
FLOT1	4	0.68369	0.68271	0.999995	499	0	0.61293	0.050188	0.14453	0.728281	210	3	0.61293
KIAA0319	4	0.68409	0.68312	0.999995	500	0	0.2681	0.43177	0.67909	0.999995	707	3	0.2681
TGM6	4	0.68527	0.68444	0.999995	501	0	0.75301	0.0154	0.049482	0.672971	72	3	0.75301
IRF8	4	0.68567	0.68487	0.999995	502	0	0.2746	0.014471	0.046639	0.672971	68	3	0.2746
ABL2	4	0.68606	0.68533	0.999995	503	0	0.39334	0.31284	0.56542	0.962565	624	2	0.39334
PAX4	4	0.68724	0.68652	0.999995	504	0	0.29229	0.55584	0.78399	0.999995	776	3	0.29229
CDK17	4	0.68842	0.68786	0.999995	505	0	0.28325	0.79633	0.90554	0.999995	856	2	0.28325
GDF15	4	0.6892	0.68869	0.999995	506	0	0.76781	0.057989	0.16399	0.735564	236	3	0.76781
PLCG1	4	0.68998	0.68937	0.999995	507	0	0.47377	0.27599	0.52842	0.923431	605	3	0.47377
TGFBR2	4	0.69115	0.69037	0.999995	508	0	0.62866	0.057251	0.162	0.735564	234	3	0.62866
FOXE3	4	0.69154	0.69083	0.999995	509	0	0.4921	0.20848	0.45807	0.886826	544	3	0.4921
DBT	4	0.69231	0.69177	0.999995	510	0	0.44597	0.1041	0.26788	0.783265	358	3	0.44597
PLEK2	4	0.6927	0.69217	0.999995	511	0	0.31931	0.36979	0.62274	0.985289	671	2	0.31931
PAPSS2	4	0.69309	0.69258	0.999995	512	0	0.469	0.15449	0.36676	0.84759	452	2	0.469
G3BP2	4	0.69348	0.69299	0.999995	513	0	0.4476	0.50866	0.74617	0.999995	746	3	0.4476
JAG2	4	0.69463	0.69389	0.999995	514	0	0.21583	0.1432	0.346	0.830376	438	2	0.21583
DEGS2	4	0.6954	0.6947	0.999995	515	0	0.41756	0.45247	0.69734	0.999995	717	3	0.41756
NLRP8	4	0.69579	0.6951	0.999995	516	0	0.32384	0.58229	0.80462	0.999995	790	2	0.32384
CHML	4	0.69656	0.69596	0.999995	517	0	0.71641	0.051994	0.14869	0.73274	215	3	0.71641
SMC1B	4	0.69694	0.69639	0.999995	518	0	0.46436	0.23844	0.49053	0.901603	572	2	0.46436
RHOT2	4	0.69732	0.69676	0.999995	519	0	0.26562	0.59878	0.81716	0.999995	796	3	0.26562
CNOT7	4	0.69885	0.69821	0.999995	520	0	0.39219	0.16391	0.38437	0.853509	475	3	0.39219
FKBP4	4	0.69924	0.69873	0.999995	521	0	0.37409	0.41262	0.66216	0.999995	699	3	0.37409
BRSK2	4	0.70038	0.70004	0.999995	522	0	0.42055	0.50406	0.74212	0.999995	744	3	0.42055
GRHL2	4	0.70076	0.7003	0.999995	523	0	0.15913	0.59913	0.81746	0.999995	797	1	0.15913
RPL27A	2	0.70189	0.70092	0.999995	524	0	0.53816	0.26119	0.39628	0.856446	595	2	0.53816
MECOM	4	0.7019	0.7015	0.999995	525	0	0.8731	0.062345	0.17428	0.735564	246	3	0.8731
HEATR5A	4	0.70265	0.70236	0.999995	526	0	0.44705	0.18926	0.42965	0.871164	521	3	0.44705
TMEM30A	4	0.70378	0.70326	0.999995	527	0	0.35005	0.51689	0.75255	0.999995	748	3	0.35005
SEC31A	4	0.70416	0.70363	0.999995	528	0	0.40628	0.53507	0.76703	0.999995	760	3	0.40628
COPS7B	4	0.70454	0.70397	0.999995	529	0	0.30367	0.79818	0.90646	0.999995	857	2	0.30367
PDCD4	4	0.70491	0.70425	0.999995	530	0	0.69622	0.024351	0.07594	0.674781	117	3	0.69622
RAP1GAP2	4	0.70529	0.70452	0.999995	531	0	0.62702	0.011637	0.038216	0.672971	53	3	0.62702
ZNF34	4	0.70604	0.70523	0.999995	532	0	0.4104	0.22787	0.47899	0.901603	561	3	0.4104
ACTL6B	4	0.70679	0.70598	0.999995	533	0	0.3299	0.52597	0.76011	0.999995	754	3	0.3299
UNC45B	4	0.70716	0.70635	0.999995	534	0	0.20903	0.83273	0.92283	0.999995	871	2	0.20903
ZNF423	4	0.70828	0.70746	0.999995	535	0	0.46903	0.43029	0.67774	0.999995	705	3	0.46903
FAM71B	4	0.70865	0.70789	0.999995	536	0	0.55075	0.16545	0.38716	0.854286	478	3	0.55075
CBLL1	4	0.70903	0.7083	0.999995	537	0	0.58119	0.091058	0.23938	0.76699	328	3	0.58119
AP2A1	4	0.70977	0.7091	0.999995	538	0	0.42517	0.24985	0.50211	0.901603	587	3	0.42517
SNX6	4	0.71014	0.70954	0.999995	539	0	0.29897	0.51901	0.75453	0.999995	749	3	0.29897
MRGPRX2	4	0.71051	0.7098	0.999995	540	0	0.57541	0.33536	0.58872	0.976483	638	3	0.57541
CCNE2	4	0.71125	0.71058	0.999995	541	0	0.35374	0.58251	0.80482	0.999995	791	3	0.35374
EPS15	4	0.71162	0.7109	0.999995	542	0	0.46379	0.26023	0.51281	0.911182	594	3	0.46379
TOP1MT	4	0.71236	0.71173	0.999995	543	0	0.17417	0.29928	0.5522	0.94885	618	2	0.17417
YIPF5	4	0.71273	0.71201	0.999995	544	0	0.69626	0.077998	0.21065	0.754141	295	3	0.69626
RECK	4	0.7131	0.71245	0.999995	545	0	0.32978	0.36912	0.62223	0.985289	670	2	0.32978
LRFN1	4	0.71346	0.71278	0.999995	546	0	0.39416	0.33063	0.58397	0.973891	636	3	0.39416
USP13	4	0.71383	0.71319	0.999995	547	0	0.57158	0.080526	0.21594	0.754141	302	3	0.57158
AP1G2	4	0.7142	0.71356	0.999995	548	0	0.42898	0.40456	0.65485	0.999995	691	2	0.42898
PEF1	4	0.71457	0.71384	0.999995	549	0	0.25949	0.85168	0.93217	0.999995	879	2	0.25949
NRBP1	4	0.7153	0.71461	0.999995	550	0	0.60598	0.13336	0.32675	0.823611	418	3	0.60598
SAFB2	4	0.71566	0.71506	0.999995	551	0	0.3544	0.68644	0.85479	0.999995	822	2	0.3544
TMEM120B	4	0.71603	0.71534	0.999995	552	0	0.48679	0.22545	0.47639	0.901603	557	3	0.48679
CBLL2	4	0.71676	0.71604	0.999995	553	0	0.65164	0.065219	0.18082	0.735564	257	3	0.65164
PLCG2	4	0.71712	0.71634	0.999995	554	0	0.38386	0.12975	0.31997	0.814262	412	3	0.38386
COPZ2	4	0.71821	0.7175	0.999995	555	0	0.63256	0.055843	0.15837	0.735564	230	3	0.63256
SLC25A2	4	0.71966	0.71902	0.999995	556	0	0.45104	0.35438	0.60741	0.977111	661	3	0.45104
GBX2	4	0.72111	0.72047	0.999995	557	0	0.46319	0.39786	0.6485	0.999921	685	3	0.46319
HRAS	4	0.72147	0.7208	0.999995	558	0	0.32581	0.52241	0.75719	0.999995	751	3	0.32581
FOXB1	4	0.72219	0.72162	0.999995	559	0	0.26422	0.2491	0.50147	0.901603	586	2	0.26422
AHCYL2	4	0.72254	0.72199	0.999995	560	0	0.83017	0.022785	0.071387	0.672971	108	3	0.83017
PPP2CA	8	0.72348	0.7243	0.999995	561	1	0.5425	0.13593	0.40894	0.862678	424	6	0.5425
PPP3R2	4	0.72433	0.72392	0.999995	562	0	0.21811	0.69885	0.86066	0.999995	826	2	0.21811
CLCA1	4	0.72576	0.7255	0.999995	563	0	0.49192	0.36745	0.62063	0.985289	668	3	0.49192
CDS1	4	0.72647	0.72617	0.999995	564	0	0.3523	0.5413	0.77185	0.999995	770	3	0.3523
TNKS2	4	0.72718	0.7269	0.999995	565	0	0.4905	0.2021	0.45019	0.882866	538	3	0.4905
OSBPL6	4	0.72754	0.72722	0.999995	566	0	0.38566	0.5384	0.76962	0.999995	763	3	0.38566
CADPS	4	0.72789	0.72757	0.999995	567	0	0.32862	0.53939	0.77057	0.999995	765	2	0.32862
HUS1B	4	0.72824	0.72794	0.999995	568	0	0.37427	0.33731	0.59067	0.976483	641	3	0.37427
MT2A	4	0.7286	0.72828	0.999995	569	0	0.48625	0.106	0.27164	0.783265	364	3	0.48625
TPST1	4	0.7293	0.72894	0.999995	570	0	0.41814	0.27216	0.52446	0.921063	601	2	0.41814
MACF1	4	0.73071	0.73042	0.999995	571	0	0.52559	0.22667	0.47791	0.901603	559	3	0.52559
FEZ2	4	0.73106	0.73072	0.999995	572	0	0.43039	0.46707	0.71003	0.999995	725	3	0.43039
ISL1	4	0.73141	0.731	0.999995	573	0	0.58664	0.17174	0.39891	0.856506	491	3	0.58664
CRYBB2	4	0.73211	0.73166	0.999995	574	0	0.77323	0.0024614	0.0090736	0.525013	18	3	0.77323
TRPC7	4	0.73316	0.73262	0.999995	575	0	0.4308	0.40484	0.65515	0.999995	692	3	0.4308
NXT1	4	0.7335	0.7331	0.999995	576	0	0.56846	0.13427	0.32858	0.823611	419	3	0.56846
PTPN14	4	0.73385	0.7335	0.999995	577	0	0.49084	0.35182	0.60497	0.977111	657	3	0.49084
RSBN1	4	0.73524	0.73495	0.999995	578	0	0.30753	0.56833	0.79404	0.999995	783	3	0.30753
ZNF146	4	0.73559	0.7353	0.999995	579	0	0.75411	0.034415	0.10357	0.702632	152	3	0.75411
ATOH1	4	0.73662	0.73617	0.999995	580	0	0.72142	0.093026	0.24343	0.76699	333	3	0.72142
STX12	4	0.73766	0.73729	0.999995	581	0	0.31117	0.67891	0.85159	0.999995	818	2	0.31117
FKBP5	4	0.73835	0.73801	0.999995	582	0	0.5472	0.35087	0.60403	0.977111	654	3	0.5472
TTC23	4	0.73903	0.73871	0.999995	583	0	0.58643	0.21882	0.46938	0.896825	551	3	0.58643
EAF2	4	0.73972	0.73937	0.999995	584	0	0.50681	0.29549	0.54821	0.945448	616	3	0.50681
PXDN	4	0.74142	0.74093	0.999995	585	0	0.47548	0.12126	0.30277	0.809724	394	3	0.47548
RXFP3	4	0.7421	0.74163	0.999995	586	0	0.53251	0.20179	0.44968	0.882866	536	3	0.53251
APOBEC1	4	0.74278	0.7423	0.999995	587	0	0.33308	0.57495	0.79892	0.999995	786	2	0.33308
ESRP2	4	0.74312	0.74262	0.999995	588	0	0.43718	0.36035	0.61325	0.983034	663	3	0.43718
TBK1	4	0.74346	0.743	0.999995	589	0	0.21302	0.87776	0.94586	0.999995	895	1	0.21302
DENND5A	4	0.74413	0.74361	0.999995	590	0	0.35644	0.5422	0.77252	0.999995	771	2	0.35644
CLTB	4	0.74582	0.7453	0.999995	591	0	0.4664	0.2964	0.54906	0.945448	617	3	0.4664
TOMM20	3	0.746	0.74666	0.999995	592	0	0.77723	0.072581	0.1672	0.735564	278	3	0.77723
YBX3	4	0.74616	0.7456	0.999995	593	0	0.34752	0.54254	0.77291	0.999995	773	3	0.34752
ADAP1	4	0.74716	0.74672	0.999995	594	0	0.46152	0.11528	0.2907	0.792474	386	2	0.46152
IQCA1	4	0.74783	0.74752	0.999995	595	0	0.28628	0.58501	0.80676	0.999995	793	3	0.28628
ZNF284	4	0.74883	0.74864	0.999995	596	0	0.42572	0.34887	0.60209	0.977111	652	3	0.42572
FSD1L	4	0.74916	0.749	0.999995	597	0	0.63251	0.1565	0.37067	0.84759	457	3	0.63251
CRNN	4	0.75016	0.75003	0.999995	598	0	0.55336	0.2634	0.51608	0.914701	596	3	0.55336
ACTL7A	4	0.75148	0.75153	0.999995	599	0	0.25647	0.85241	0.93253	0.999995	880	2	0.25647
GOLT1B	4	0.75313	0.75315	0.999995	600	0	0.48601	0.25739	0.5099	0.907538	593	3	0.48601
ZDHHC17	4	0.75444	0.75467	0.999995	601	0	0.8452	0.0071373	0.02393	0.665177	38	3	0.8452
SERPINA12	8	0.75474	0.75425	0.999995	602	1	0.65846	0.18294	0.49671	0.901603	509	5	0.65846
NBEAL1	4	0.75575	0.75592	0.999995	603	0	0.60103	0.27136	0.52366	0.921063	599	3	0.60103
GALNT5	4	0.75608	0.7562	0.999995	604	0	0.46684	0.20341	0.45236	0.883864	540	3	0.46684
ABCC3	4	0.7564	0.75652	0.999995	605	0	0.34621	0.094549	0.24691	0.769059	338	3	0.34621
SLC11A1	4	0.75705	0.75715	0.999995	606	0	0.64879	0.12295	0.30654	0.813606	398	3	0.64879
CHUK	8	0.75747	0.75713	0.999995	607	0	0.45722	0.29084	0.63721	0.992363	615	6	0.45722
DST	4	0.7577	0.75773	0.999995	608	0	0.46793	0.15733	0.372	0.84759	460	3	0.46793
RSBN1L	4	0.75835	0.75853	0.999995	609	0	0.32884	0.81174	0.91292	0.999995	864	2	0.32884
BTBD11	4	0.75867	0.75885	0.999995	610	0	0.35673	0.46285	0.70631	0.999995	721	3	0.35673
LRBA	4	0.759	0.75919	0.999995	611	0	0.48401	0.33038	0.58371	0.973891	635	3	0.48401
NBEA	4	0.75996	0.76026	0.999995	612	0	0.58378	0.019106	0.060289	0.672971	94	3	0.58378
GDI2	8	0.76017	0.75985	0.999995	613	0	0.48752	0.077952	0.27805	0.783265	294	7	0.48752
SLITRK1	4	0.76029	0.76069	0.999995	614	0	0.2528	0.54034	0.77117	0.999995	767	2	0.2528
ERN1	4	0.76221	0.76275	0.999995	615	0	0.45291	0.21947	0.47001	0.896825	552	3	0.45291
PRDM16	4	0.76253	0.76318	0.999995	616	0	0.39842	0.28137	0.53385	0.928328	609	3	0.39842
CNOT6	4	0.76349	0.76411	0.999995	617	0	0.53366	0.075616	0.20529	0.754141	283	3	0.53366
TBR1	4	0.76539	0.766	0.999995	618	0	0.35868	0.41059	0.66017	0.999995	698	3	0.35868
SPDEF	4	0.76634	0.76694	0.999995	619	0	0.60521	0.11052	0.2808	0.784621	378	3	0.60521
XRCC4	4	0.76665	0.76738	0.999995	620	0	0.34845	0.575	0.79897	0.999995	787	3	0.34845
CYP7A1	4	0.76728	0.76808	0.999995	621	0	0.54168	0.27514	0.5277	0.923431	604	3	0.54168
IL10RA	4	0.76885	0.76965	0.999995	622	0	0.60194	0.147	0.35307	0.838332	443	3	0.60194
DDI1	8	0.76917	0.76855	0.999995	623	0	0.49375	0.048557	0.20107	0.754141	204	6	0.49375
PUM2	4	0.76948	0.77028	0.999995	624	0	0.30212	0.14237	0.34422	0.830376	436	2	0.30212
TAS1R2	4	0.76979	0.7706	0.999995	625	0	0.58738	0.27882	0.53131	0.925425	607	3	0.58738
FRS2	4	0.77072	0.77152	0.999995	626	0	0.34781	0.15898	0.37494	0.84759	466	3	0.34781
AP3M1	4	0.77197	0.77281	0.999995	627	0	0.30999	0.57625	0.80005	0.999995	788	3	0.30999
JAG1	4	0.77228	0.77315	0.999995	628	0	0.5529	0.39058	0.64169	0.994948	683	3	0.5529
HACD1	4	0.77289	0.77391	0.999995	629	0	0.48363	0.18523	0.42276	0.870574	513	3	0.48363
ZNF185	4	0.7732	0.77423	0.999995	630	0	0.3678	0.45058	0.6956	0.999995	716	3	0.3678
DUSP10	4	0.77351	0.77456	0.999995	631	0	0.42732	0.24559	0.49778	0.901603	582	3	0.42732
NOX3	4	0.77443	0.77548	0.999995	632	0	0.37187	0.017254	0.055016	0.672971	79	3	0.37187
FLT1	4	0.77505	0.77599	0.999995	633	0	0.50716	0.2365	0.48867	0.901603	569	3	0.50716
SMARCC2	4	0.77535	0.7764	0.999995	634	0	0.59944	0.16031	0.37746	0.848679	469	3	0.59944
STRIP2	4	0.77719	0.77827	0.999995	635	0	0.70257	0.11156	0.28295	0.786675	379	3	0.70257
TCF4	4	0.7784	0.77951	0.999995	636	0	0.59405	0.045449	0.13267	0.725999	190	3	0.59405
KAT6B	4	0.77931	0.78057	0.999995	637	0	0.53926	0.15727	0.37191	0.84759	459	3	0.53926
SERPINA11	4	0.77961	0.78086	0.999995	638	0	0.44811	0.39904	0.64962	0.999921	688	3	0.44811
TUBB2B	2	0.78002	0.77935	0.999995	639	0	0.41699	0.21998	0.34416	0.830376	553	2	0.41699
GBP3	4	0.78082	0.78203	0.999995	640	0	0.56064	0.25259	0.50494	0.904785	589	3	0.56064
IAPP	4	0.78112	0.78231	0.999995	641	0	0.71258	0.1635	0.38348	0.853509	474	3	0.71258
PPP3CC	4	0.78262	0.78374	0.999995	642	0	0.66926	0.085162	0.22598	0.754141	315	3	0.66926
TTC7B	4	0.78411	0.78518	0.999995	643	0	0.75694	0.058824	0.16612	0.735564	237	3	0.75694
ATP6V1B1	4	0.7847	0.78575	0.999995	644	0	0.43226	0.34997	0.6032	0.977111	653	3	0.43226
TRAPPC3L	4	0.78529	0.7863	0.999995	645	0	0.56346	0.20477	0.45416	0.885729	541	3	0.56346
PSMB8	4	0.78559	0.78649	0.999995	646	0	0.52635	0.10338	0.26649	0.783265	355	3	0.52635
XPO7	4	0.78648	0.78736	0.999995	647	0	0.62393	0.12945	0.31931	0.814262	411	3	0.62393
TFDP3	4	0.78677	0.78761	0.999995	648	0	0.4959	0.36221	0.6151	0.983034	665	3	0.4959
STX7	4	0.78765	0.78848	0.999995	649	0	0.45307	0.44998	0.69508	0.999995	715	3	0.45307
KRT37	4	0.78795	0.78881	0.999995	650	0	0.55898	0.31109	0.56379	0.96144	623	3	0.55898
ARSJ	4	0.78824	0.7891	0.999995	651	0	0.48797	0.33764	0.59105	0.976483	642	3	0.48797
AOX1	4	0.78882	0.78968	0.999995	652	0	0.43438	0.32341	0.57644	0.972055	629	3	0.43438
REG3A	4	0.7897	0.79069	0.999995	653	0	0.54496	0.20557	0.45499	0.885729	542	3	0.54496
ESRP1	4	0.78999	0.79113	0.999995	654	0	0.34935	0.55293	0.78144	0.999995	775	3	0.34935
LIN28B	4	0.79028	0.79142	0.999995	655	0	0.54071	0.011683	0.03829	0.672971	55	3	0.54071
IL6ST	4	0.79115	0.79234	0.999995	656	0	0.57682	0.15278	0.36355	0.84759	450	3	0.57682
ATP6V1E2	4	0.79173	0.79285	0.999995	657	0	0.44415	0.43708	0.68389	0.999995	711	3	0.44415
SLC25A15	4	0.79202	0.79316	0.999995	658	0	0.63414	0.098251	0.25572	0.783265	344	3	0.63414
CAND2	4	0.79231	0.79346	0.999995	659	0	0.50407	0.06277	0.17525	0.735564	247	3	0.50407
TMEM9B	4	0.79318	0.79451	0.999995	660	0	0.31403	0.16145	0.37975	0.85202	471	3	0.31403
ADAP2	4	0.79346	0.79478	0.999995	661	0	0.5841	0.25004	0.50231	0.901603	588	3	0.5841
KLK12	4	0.79404	0.79532	0.999995	662	0	0.67152	0.064607	0.17949	0.735564	254	3	0.67152
SMAP1	4	0.79433	0.79553	0.999995	663	0	0.52729	0.21141	0.4615	0.88946	546	3	0.52729
HTR3D	4	0.7949	0.79621	0.999995	664	0	0.40445	0.041124	0.12138	0.716419	180	3	0.40445
MTMR3	4	0.79604	0.79746	0.999995	665	0	0.34751	0.2269	0.47821	0.901603	560	3	0.34751
GPSM2	4	0.79661	0.79807	0.999995	666	0	0.67422	0.0088883	0.02938	0.672971	41	4	0.67422
PDS5B	4	0.79718	0.79859	0.999995	667	0	0.4622	0.20282	0.45134	0.883485	539	4	0.4622
CTCFL	4	0.79775	0.79915	0.999995	668	0	0.61807	0.023292	0.072677	0.672971	112	4	0.61807
VANGL2	4	0.79803	0.79948	0.999995	669	0	0.42574	0.20197	0.44991	0.882866	537	4	0.42574
RPL3L	4	0.79859	0.80002	0.999995	670	0	0.66333	0.050804	0.14597	0.728281	212	4	0.66333
SEC11C	4	0.79944	0.80068	0.999995	671	0	0.69645	0.064812	0.18	0.735564	255	4	0.69645
TXNDC8	4	0.8	0.80117	0.999995	672	0	0.80893	0.063999	0.17808	0.735564	251	4	0.80893
RNF144B	4	0.80084	0.80196	0.999995	673	0	0.34466	0.19916	0.44569	0.87893	535	4	0.34466
ACACB	4	0.80168	0.80287	0.999995	674	0	0.37839	0.1598	0.37651	0.848357	468	4	0.37839
DGAT1	4	0.80196	0.80313	0.999995	675	0	0.37766	0.082288	0.21953	0.754141	304	4	0.37766
CHSY3	4	0.80252	0.80371	0.999995	676	0	0.32515	0.19748	0.44309	0.875434	534	4	0.32515
HRH3	4	0.80279	0.80398	0.999995	677	0	0.69141	0.19721	0.44266	0.875434	533	4	0.69141
TRIM25	4	0.80363	0.80487	0.999995	678	0	0.46002	0.19637	0.44134	0.875434	531	4	0.46002
PDLIM5	4	0.8039	0.80533	0.999995	679	0	0.51983	0.11548	0.2911	0.792474	388	4	0.51983
ARFIP2	4	0.80445	0.80605	0.999995	680	0	0.42349	0.19555	0.43992	0.875434	530	4	0.42349
TSTD1	4	0.80473	0.80637	0.999995	681	0	0.62828	0.092739	0.24283	0.76699	331	4	0.62828
MAPK8IP3	4	0.80501	0.80658	0.999995	682	0	0.50399	0.19499	0.43906	0.875434	527	4	0.50399
SHCBP1L	4	0.80528	0.80689	0.999995	683	0	0.69505	0.12163	0.30355	0.809724	396	4	0.69505
SATB2	4	0.80611	0.8078	0.999995	684	0	0.43831	0.13962	0.3387	0.829874	431	4	0.43831
ZNRF4	4	0.80665	0.80849	0.999995	685	0	0.57951	0.17413	0.40342	0.85803	496	4	0.57951
GRIP1	4	0.80693	0.80874	0.999995	686	0	0.35365	0.19307	0.43573	0.875434	525	4	0.35365
MED12L	4	0.80802	0.81009	0.999995	687	0	0.58621	0.19198	0.43393	0.874685	523	4	0.58621
ARID1B	4	0.80883	0.81092	0.999995	688	0	0.55424	0.16754	0.39109	0.854286	483	4	0.55424
ERBB3	8	0.809	0.80847	0.999995	689	0	0.30677	0.40718	0.75366	0.999995	695	6	0.30677
SIX6	4	0.80992	0.81211	0.999995	690	0	0.39542	0.19008	0.43091	0.871164	522	4	0.39542
LIMK1	4	0.81046	0.81259	0.999995	691	0	0.74107	0.067855	0.1867	0.738838	266	4	0.74107
WRN	4	0.8118	0.81398	0.999995	692	0	0.49663	0.1882	0.42768	0.870574	519	4	0.49663
SAMD4B	4	0.81207	0.81418	0.999995	693	0	0.47821	0.18793	0.42725	0.870574	518	4	0.47821
BTG1	4	0.81234	0.8146	0.999995	694	0	0.44242	0.11699	0.29384	0.79788	389	4	0.44242
EFR3B	4	0.81287	0.81518	0.999995	695	0	0.37207	0.18713	0.42603	0.870574	515	4	0.37207
COPS7A	4	0.81367	0.81594	0.999995	696	0	0.54056	0.18633	0.42469	0.870574	514	4	0.54056
LDB2	4	0.81474	0.81708	0.999995	697	0	0.65431	0.1741	0.40335	0.85803	495	4	0.65431
CLIP4	4	0.81579	0.81803	0.999995	698	0	0.75443	0.075635	0.20532	0.754141	284	4	0.75443
ZFYVE19	4	0.81842	0.82068	0.999995	699	0	0.4035	0.18158	0.41627	0.864366	508	4	0.4035
ELL2	4	0.81894	0.82115	0.999995	700	0	0.37963	0.18106	0.41541	0.864366	506	4	0.37963
FAM50B	4	0.81946	0.82153	0.999995	701	0	0.78881	0.010752	0.035271	0.672971	50	4	0.78881
PMM2	4	0.82102	0.82311	0.999995	702	0	0.39134	0.17898	0.41196	0.863646	503	4	0.39134
ASCL1	4	0.82127	0.82339	0.999995	703	0	0.3796	0.039304	0.11668	0.708282	175	4	0.3796
CRX	4	0.82153	0.82358	0.999995	704	0	0.66601	0.17847	0.41088	0.863341	502	4	0.66601
TTC7A	8	0.82184	0.82115	0.999995	705	0	0.51679	0.053402	0.21556	0.754141	220	6	0.51679
CALY	4	0.82205	0.82416	0.999995	706	0	0.41354	0.17795	0.40988	0.862951	501	4	0.41354
TCF12	4	0.82256	0.82469	0.999995	707	0	0.86695	0.0070368	0.023603	0.665177	37	4	0.86695
NAA16	4	0.82282	0.82493	0.999995	708	0	0.49599	0.17718	0.40863	0.862678	500	4	0.49599
KCNT2	4	0.82307	0.82523	0.999995	709	0	0.73459	0.070233	0.19257	0.744291	274	4	0.73459
CYP2A6	4	0.82333	0.82544	0.999995	710	0	0.65964	0.13871	0.33688	0.829874	428	4	0.65964
SEC14L3	4	0.82359	0.82565	0.999995	711	0	0.77398	0.093677	0.2448	0.76699	336	4	0.77398
ERC1	4	0.82435	0.82635	0.999995	712	0	0.6391	0.047071	0.13704	0.725999	199	4	0.6391
TREM2	4	0.82486	0.8268	0.999995	713	0	0.50911	0.17514	0.40511	0.85803	499	4	0.50911
ITGB1BP2	4	0.82511	0.82699	0.999995	714	0	0.55204	0.17489	0.40465	0.85803	498	4	0.55204
SAMD4A	4	0.82537	0.82718	0.999995	715	0	0.43041	0.17463	0.40427	0.85803	497	4	0.43041
TIMP2	4	0.82562	0.82751	0.999995	716	0	0.55973	0.046816	0.13631	0.725999	197	4	0.55973
TYROBP	4	0.82663	0.8286	0.999995	717	0	0.66031	0.10993	0.27958	0.783265	377	4	0.66031
ULK1	4	0.82789	0.82992	0.999995	718	0	0.34107	0.17211	0.39954	0.856506	493	4	0.34107
BRSK1	4	0.82814	0.8302	0.999995	719	0	0.58293	0.17186	0.39915	0.856506	492	4	0.58293
STX17	4	0.82839	0.83036	0.999995	720	0	0.6417	0.082632	0.22043	0.754141	306	4	0.6417
CAPN2	4	0.82914	0.83096	0.999995	721	0	0.36202	0.17086	0.39733	0.856506	490	4	0.36202
SNRPN	4	0.82964	0.83161	0.999995	722	0	0.42562	0.10323	0.26619	0.783265	352	4	0.42562
BECN2	4	0.82989	0.83187	0.999995	723	0	0.47828	0.17011	0.39603	0.856446	489	4	0.47828
DNAJC19	3	0.82999	0.83021	0.999995	724	0	0.8786	0.096084	0.21424	0.754141	341	3	0.8786
NAT8L	4	0.83014	0.83216	0.999995	725	0	0.71536	0.03322	0.1003	0.702632	147	4	0.71536
MORF4L2	4	0.83038	0.83241	0.999995	726	0	0.32393	0.16962	0.39518	0.856446	488	4	0.32393
UAP1L1	4	0.83113	0.83313	0.999995	727	0	0.46657	0.16887	0.39368	0.85607	487	4	0.46657
CDC34	4	0.83137	0.83332	0.999995	728	0	0.62109	0.12463	0.3099	0.814262	400	4	0.62109
CTPS2	4	0.83162	0.83362	0.999995	729	0	0.46763	0.10927	0.27822	0.783265	374	4	0.46763
EXOC6	4	0.83211	0.8341	0.999995	730	0	0.62828	0.16789	0.39182	0.854286	485	4	0.62828
SLC10A2	4	0.83261	0.83462	0.999995	731	0	0.50375	0.16739	0.3908	0.854286	482	4	0.50375
PGLS	4	0.8331	0.83508	0.999995	732	0	0.69493	0.027408	0.084514	0.699219	128	4	0.69493
RPRD1A	4	0.83334	0.83525	0.999995	733	0	0.67156	0.16666	0.38947	0.854286	481	4	0.67156
DGAT2L6	4	0.83359	0.83541	0.999995	734	0	0.80976	0.085342	0.22646	0.754141	316	4	0.80976
RALGPS2	4	0.83408	0.83591	0.999995	735	0	0.46217	0.16592	0.38793	0.854286	480	4	0.46217
LIN28A	3	0.83449	0.83512	0.999995	736	0	0.43769	0.16551	0.33618	0.829874	479	3	0.43769
PDGFC	4	0.83505	0.83677	0.999995	737	0	0.35502	0.16495	0.38622	0.854286	477	4	0.35502
KLF4	4	0.83554	0.83726	0.999995	738	0	0.65894	0.039868	0.11809	0.708282	177	4	0.65894
AKAP11	4	0.83602	0.83763	0.999995	739	0	0.40329	0.16398	0.38444	0.853509	476	4	0.40329
CHMP1B	4	0.8365	0.83809	0.999995	740	0	0.50792	0.1635	0.38347	0.853509	473	4	0.50792
RNF38	4	0.83771	0.83941	0.999995	741	0	0.37721	0.16229	0.38111	0.853275	472	4	0.37721
PLXDC1	8	0.83816	0.83756	0.999995	742	0	0.58305	0.037958	0.16762	0.735564	169	7	0.58305
OGDHL	4	0.83962	0.84141	0.999995	743	0	0.62846	0.12806	0.31654	0.814262	408	4	0.62846
RGS19	4	0.8408	0.84251	0.999995	744	0	0.36049	0.1592	0.37537	0.84759	467	4	0.36049
DPCR1	4	0.84104	0.84279	0.999995	745	0	0.43896	0.15896	0.3749	0.84759	465	4	0.43896
SS18L1	4	0.84151	0.8433	0.999995	746	0	0.54417	0.15849	0.37417	0.84759	463	4	0.54417
PLXDC2	4	0.84175	0.84361	0.999995	747	0	0.56812	0.052849	0.15088	0.73274	219	4	0.56812
FNIP2	4	0.84222	0.8441	0.999995	748	0	0.49676	0.15778	0.37282	0.84759	461	4	0.49676
YIF1B	4	0.84292	0.84481	0.999995	749	0	0.55657	0.15708	0.37156	0.84759	458	4	0.55657
TUBB4B	8	0.84342	0.84312	0.999995	750	0	0.49331	0.069625	0.25795	0.783265	272	6	0.49331
IKBKE	4	0.84409	0.84623	0.999995	751	0	0.6403	0.049236	0.14217	0.728281	206	4	0.6403
S1PR4	4	0.84456	0.84658	0.999995	752	0	0.57979	0.15544	0.36858	0.84759	455	4	0.57979
ZEB1	4	0.84525	0.8473	0.999995	753	0	0.50522	0.15475	0.3673	0.84759	454	4	0.50522
SBF2	3	0.84548	0.846	0.999995	754	0	0.44523	0.15452	0.31788	0.814262	453	3	0.44523
PLAU	4	0.84664	0.8487	0.999995	755	0	0.64844	0.066297	0.18308	0.736116	262	4	0.64844
SMARCA2	4	0.84687	0.84887	0.999995	756	0	0.42022	0.15313	0.36418	0.84759	451	4	0.42022
TBC1D4	4	0.8471	0.84916	0.999995	757	0	0.64962	0.088473	0.23354	0.763275	322	4	0.64962
PCBD2	4	0.84733	0.84938	0.999995	758	0	0.53884	0.15267	0.36338	0.84759	449	4	0.53884
SRI	4	0.84801	0.85	0.999995	759	0	0.6153	0.028849	0.088627	0.700389	133	4	0.6153
PPP3CA	4	0.84892	0.85076	0.999995	760	0	0.84176	0.012547	0.040964	0.672971	61	4	0.84176
CD44	4	0.84938	0.85115	0.999995	761	0	0.58278	0.15062	0.35961	0.846282	447	4	0.58278
GPSM1	4	0.84983	0.85155	0.999995	762	0	0.32572	0.15017	0.35886	0.846282	446	4	0.32572
NETO1	4	0.85029	0.85205	0.999995	763	0	0.50779	0.14971	0.35795	0.846148	445	4	0.50779
GMPR2	4	0.85141	0.85294	0.999995	764	0	0.52467	0.14859	0.35596	0.843323	444	4	0.52467
RALGPS1	4	0.85231	0.85392	0.999995	765	0	0.84571	0.0003891	0.0016595	0.251061	7	4	0.84571
ATP6V1C2	8	0.85316	0.85277	0.999995	766	0	0.43756	0.36151	0.71059	0.999995	664	6	0.43756
LIF	4	0.8532	0.85474	0.999995	767	0	0.91726	0.0056079	0.01919	0.615812	33	4	0.91726
SAR1B	4	0.85365	0.85513	0.999995	768	0	0.57872	0.14635	0.35176	0.837101	442	4	0.57872
CDK5R2	4	0.85497	0.85644	0.999995	769	0	0.28072	0.14503	0.34932	0.833166	441	4	0.28072
ABCA3	4	0.85607	0.85759	0.999995	770	0	0.41076	0.14393	0.34736	0.830376	440	4	0.41076
CSTF2T	4	0.85629	0.85776	0.999995	771	0	0.51368	0.14371	0.34703	0.830376	439	4	0.51368
TCF3	4	0.85695	0.85836	0.999995	772	0	0.49215	0.14305	0.3457	0.830376	437	4	0.49215
CYFIP1	4	0.8576	0.85905	0.999995	773	0	0.52169	0.11271	0.28543	0.787657	382	4	0.52169
DEGS1	4	0.85847	0.85986	0.999995	774	0	0.66516	0.062831	0.17536	0.735564	248	4	0.66516
MBP	4	0.85869	0.86003	0.999995	775	0	0.51553	0.14131	0.34216	0.830376	435	4	0.51553
WAS	4	0.8589	0.8602	0.999995	776	0	0.96531	2.659e-05	8.8819e-05	0.031353	3	4	0.96531
RP1	4	0.85955	0.86078	0.999995	777	0	0.45768	0.14045	0.34044	0.829874	433	4	0.45768
PPP2R1B	4	0.85977	0.86096	0.999995	778	0	0.50532	0.14023	0.33999	0.829874	432	4	0.50532
CCT6B	4	0.86041	0.86155	0.999995	779	0	0.71928	0.10722	0.27391	0.783265	367	4	0.71928
KRTAP10-10	4	0.86084	0.86198	0.999995	780	0	0.38577	0.13916	0.33775	0.829874	430	4	0.38577
FNIP1	4	0.86127	0.86241	0.999995	781	0	0.83057	0.074295	0.2022	0.754141	282	4	0.83057
ATM	4	0.86318	0.86427	0.999995	782	0	0.60326	0.13682	0.33349	0.82708	427	4	0.60326
PIP4P2	4	0.8636	0.86464	0.999995	783	0	0.59182	0.1364	0.33268	0.827023	426	4	0.59182
TBC1D26	2	0.86398	0.8639	0.999995	784	0	0.58941	0.13602	0.22461	0.754141	425	2	0.58941
DLL4	4	0.86423	0.86526	0.999995	785	0	0.63116	0.13043	0.32109	0.814262	415	4	0.63116
ZG16	4	0.86465	0.86562	0.999995	786	0	0.56593	0.13535	0.33053	0.823611	423	4	0.56593
RRAGC	4	0.86507	0.86595	0.999995	787	0	0.5733	0.039463	0.1171	0.708282	176	4	0.5733
AP2A2	4	0.86528	0.86614	0.999995	788	0	0.63462	0.090184	0.23761	0.76699	326	4	0.63462
PDGFD	4	0.86549	0.86628	0.999995	789	0	0.49569	0.068124	0.1873	0.738838	268	4	0.49569
TMEM30B	4	0.86569	0.86649	0.999995	790	0	0.5113	0.13431	0.32864	0.823611	420	4	0.5113
RYBP	3	0.86618	0.86622	0.999995	791	0	0.81644	0.076503	0.17489	0.735564	285	3	0.81644
EFR3A	4	0.86735	0.86812	0.999995	792	0	0.50052	0.13265	0.32536	0.822337	417	4	0.50052
TPRX1	4	0.86879	0.86945	0.999995	793	0	0.59589	0.1306	0.3214	0.814262	416	4	0.59589
RSC1A1	4	0.8692	0.86979	0.999995	794	0	0.47229	0.099766	0.25901	0.783265	346	4	0.47229
ALDOC	4	0.87001	0.87053	0.999995	795	0	0.39074	0.12999	0.32037	0.814262	414	4	0.39074
RNF130	4	0.87022	0.87066	0.999995	796	0	0.42971	0.12978	0.32001	0.814262	413	4	0.42971
NCKAP1L	4	0.87083	0.87139	0.999995	797	0	0.48082	0.12917	0.31879	0.814262	410	4	0.48082
SEC23B	4	0.87143	0.87204	0.999995	798	0	0.44242	0.12857	0.31757	0.814262	409	4	0.44242
DZIP1L	4	0.87203	0.87265	0.999995	799	0	0.52286	0.12797	0.31631	0.814262	407	4	0.52286
NUMBL	4	0.87224	0.87289	0.999995	800	0	0.42631	0.12776	0.31591	0.814262	406	4	0.42631
ALAS1	8	0.87229	0.87179	0.999995	801	0	0.29754	0.67252	0.91139	0.999995	815	4	0.29754
DDX39A	4	0.87343	0.8742	0.999995	802	0	0.57613	0.12428	0.30926	0.814262	399	4	0.57613
FAM126B	4	0.87423	0.87502	0.999995	803	0	0.54887	0.12577	0.31222	0.814262	404	4	0.54887
TMEM9	4	0.87482	0.8756	0.999995	804	0	0.58838	0.12518	0.31121	0.814262	402	4	0.58838
RANBP10	4	0.87522	0.87599	0.999995	805	0	0.48311	0.12478	0.31031	0.814262	401	4	0.48311
ATAD2	4	0.87718	0.87791	0.999995	806	0	0.65111	0.12282	0.30624	0.813606	397	4	0.65111
RSPH1	4	0.87737	0.87811	0.999995	807	0	0.81117	0.0036245	0.012935	0.569837	21	4	0.81117
DMD	4	0.87854	0.87915	0.999995	808	0	0.69973	0.065312	0.18097	0.735564	258	4	0.69973
BATF3	4	0.87931	0.87974	0.999995	809	0	0.66993	0.076811	0.20797	0.754141	287	4	0.66993
CHSY1	4	0.88007	0.88049	0.999995	810	0	0.64482	0.063696	0.17751	0.735564	250	4	0.64482
RNF113B	4	0.88084	0.88129	0.999995	811	0	0.40491	0.11916	0.29842	0.802093	393	4	0.40491
FXR2	4	0.88179	0.88216	0.999995	812	0	0.33487	0.11821	0.29622	0.802093	390	4	0.33487
IPO8	4	0.88197	0.88234	0.999995	813	0	0.6407	0.079023	0.21285	0.754141	298	4	0.6407
CYP2C8	4	0.88216	0.88256	0.999995	814	0	0.88626	0.010109	0.033186	0.672971	46	4	0.88626
SMARCA1	4	0.88292	0.88335	0.999995	815	0	0.51921	0.022802	0.071406	0.672971	109	4	0.51921
RAD17	3	0.88376	0.88403	0.999995	816	0	0.95642	0.0055207	0.015067	0.569837	32	3	0.95642
RTP1	4	0.88423	0.8844	0.999995	817	0	0.56987	0.055394	0.15724	0.735564	228	4	0.56987
QSOX1	4	0.8846	0.88466	0.999995	818	0	0.47187	0.1154	0.29096	0.792474	387	4	0.47187
ICK	4	0.88645	0.88639	0.999995	819	0	0.53741	0.030162	0.092087	0.700389	138	4	0.53741
PLD2	4	0.88663	0.8866	0.999995	820	0	0.62035	0.11337	0.28677	0.7888	384	4	0.62035
DRD3	4	0.88718	0.88726	0.999995	821	0	0.56358	0.11282	0.28561	0.787657	383	4	0.56358
HRH1	4	0.88736	0.88745	0.999995	822	0	0.51254	0.033827	0.10198	0.702632	150	4	0.51254
SPTA1	4	0.88809	0.88814	0.999995	823	0	0.55223	0.11191	0.28377	0.786675	381	4	0.55223
PHLDA2	4	0.89025	0.89053	0.999995	824	0	0.45762	0.10975	0.27908	0.783265	376	4	0.45762
ARHGEF3	4	0.89061	0.89088	0.999995	825	0	0.41232	0.10939	0.27842	0.783265	375	4	0.41232
IQCA1L	4	0.89079	0.89098	0.999995	826	0	0.7136	0.034545	0.10389	0.702632	153	4	0.7136
CAV1	4	0.89097	0.89118	0.999995	827	0	0.5576	0.10903	0.27777	0.783265	373	4	0.5576
ERN2	4	0.89186	0.89212	0.999995	828	0	0.88257	0.0050624	0.017469	0.590192	29	4	0.88257
LIM2	4	0.89203	0.89234	0.999995	829	0	0.44415	0.10797	0.27544	0.783265	370	4	0.44415
STRADA	4	0.89256	0.89289	0.999995	830	0	0.42747	0.10744	0.27432	0.783265	368	4	0.42747
TIMM23B	4	0.89291	0.89334	0.999995	831	0	0.62122	0.10709	0.27373	0.783265	366	4	0.62122
SBNO2	4	0.89327	0.8937	0.999995	832	0	0.56594	0.077318	0.20906	0.754141	291	4	0.56594
FAM126A	4	0.89362	0.89401	0.999995	833	0	0.63758	0.10638	0.2724	0.783265	365	4	0.63758
CHRNB3	4	0.89518	0.89537	0.999995	834	0	0.76179	0.038181	0.11365	0.708282	170	4	0.76179
PCBD1	4	0.89535	0.8956	0.999995	835	0	0.52017	0.10465	0.26898	0.783265	361	4	0.52017
PUM1	4	0.8957	0.89595	0.999995	836	0	0.49945	0.1043	0.26824	0.783265	360	4	0.49945
KCNT1	4	0.89587	0.89608	0.999995	837	0	0.47712	0.10413	0.26794	0.783265	359	4	0.47712
NETO2	4	0.89604	0.89624	0.999995	838	0	0.7746	0.065812	0.18188	0.735564	260	4	0.7746
SLC17A2	4	0.89639	0.89651	0.999995	839	0	0.49616	0.10361	0.26702	0.783265	357	4	0.49616
CTSZ	4	0.89656	0.89672	0.999995	840	0	0.44404	0.10344	0.26667	0.783265	356	4	0.44404
ERC2	4	0.89673	0.89692	0.999995	841	0	0.53892	0.10327	0.26629	0.783265	353	4	0.53892
HMGCLL1	4	0.89707	0.89728	0.999995	842	0	0.41879	0.10293	0.26558	0.783265	351	4	0.41879
KPNA3	4	0.89741	0.89759	0.999995	843	0	0.43332	0.10259	0.26494	0.783265	350	4	0.43332
MTX1	3	0.8979	0.89745	0.999995	844	0	0.38985	0.1021	0.22613	0.754141	349	3	0.38985
LGALS9	4	0.89809	0.8984	0.999995	845	0	0.6011	0.10191	0.26353	0.783265	348	4	0.6011
SNTA1	4	0.8986	0.89888	0.999995	846	0	0.61648	0.05377	0.15314	0.73274	222	4	0.61648
FKBP10	4	0.89977	0.90007	0.999995	847	0	0.4534	0.10023	0.26008	0.783265	347	4	0.4534
GBX1	4	0.90011	0.90039	0.999995	848	0	0.71042	0.0032816	0.011729	0.569837	20	4	0.71042
PPP3R1	4	0.90027	0.90054	0.999995	849	0	0.83328	0.038515	0.11453	0.708282	172	4	0.83328
LNX2	4	0.90094	0.90117	0.999995	850	0	0.75014	0.055424	0.15733	0.735564	229	4	0.75014
NCK1	4	0.9034	0.9034	0.999995	851	0	0.7647	0.036568	0.10911	0.704872	164	4	0.7647
XPR1	4	0.9047	0.90469	0.999995	852	0	0.61534	0.095305	0.24875	0.771047	339	4	0.61534
HTR3E	4	0.90598	0.90583	0.999995	853	0	0.45096	0.094023	0.24588	0.768115	337	4	0.45096
LIMK2	4	0.90614	0.90602	0.999995	854	0	0.76573	0.011405	0.037477	0.672971	51	4	0.76573
CAT	4	0.90645	0.90637	0.999995	855	0	0.63841	0.093546	0.2445	0.76699	335	4	0.63841
DUOX2	4	0.90693	0.90679	0.999995	856	0	0.52249	0.09307	0.24349	0.76699	334	4	0.52249
FRS3	4	0.90709	0.90702	0.999995	857	0	0.48602	0.092912	0.24323	0.76699	332	4	0.48602
DYNC1LI2	4	0.90788	0.90801	0.999995	858	0	0.49368	0.092125	0.24166	0.76699	330	4	0.49368
CHM	4	0.90835	0.90849	0.999995	859	0	0.57727	0.091655	0.24076	0.76699	329	4	0.57727
RNF125	4	0.90944	0.90943	0.999995	860	0	0.64858	0.090565	0.23844	0.76699	327	4	0.64858
GDI1	4	0.90959	0.90961	0.999995	861	0	0.66586	0.085116	0.22591	0.754141	314	4	0.66586
TRPM1	4	0.91067	0.91072	0.999995	862	0	0.67613	0.089332	0.23576	0.763512	325	4	0.67613
PLD1	4	0.91128	0.91142	0.999995	863	0	0.63665	0.08872	0.23424	0.763275	323	4	0.63665
RANBP17	4	0.91174	0.91185	0.999995	864	0	0.60066	0.088263	0.23299	0.763275	321	4	0.60066
PRSS37	4	0.9125	0.91264	0.999995	865	0	0.49629	0.087505	0.23145	0.761192	320	4	0.49629
UAP1	4	0.91265	0.91281	0.999995	866	0	0.56375	0.087354	0.23108	0.761192	319	4	0.56375
SLC22A13	4	0.9128	0.91296	0.999995	867	0	0.49559	0.087203	0.23073	0.761192	318	4	0.49559
SOHLH1	4	0.91355	0.91357	0.999995	868	0	0.54329	0.086453	0.22898	0.760157	317	4	0.54329
INTS6L	4	0.91385	0.91384	0.999995	869	0	0.87733	0.01871	0.059158	0.672971	91	4	0.87733
ANKRD37	4	0.91459	0.91457	0.999995	870	0	0.61965	0.045696	0.13335	0.725999	192	4	0.61965
GSX1	4	0.91503	0.91502	0.999995	871	0	0.50199	0.084966	0.22561	0.754141	313	4	0.50199
LMBR1	4	0.91518	0.91517	0.999995	872	0	0.49897	0.054696	0.15545	0.734905	227	4	0.49897
SLC25A37	4	0.91533	0.91529	0.999995	873	0	0.5379	0.08467	0.22497	0.754141	311	4	0.5379
TANC2	3	0.91595	0.91567	0.999995	874	0	0.55945	0.084052	0.19089	0.741649	310	3	0.55945
TNR	4	0.91636	0.91622	0.999995	875	0	0.554	0.083644	0.22273	0.754141	309	4	0.554
SMARCC1	4	0.91679	0.91669	0.999995	876	0	0.6827	0.083207	0.22179	0.754141	308	4	0.6827
G6PC	4	0.91694	0.91684	0.999995	877	0	0.46556	0.083061	0.22147	0.754141	307	4	0.46556
CTNNB1	4	0.91723	0.91709	0.999995	878	0	0.68334	0.03512	0.10501	0.702632	156	4	0.68334
KCNMB3	4	0.91737	0.91723	0.999995	879	0	0.47252	0.082626	0.22039	0.754141	305	4	0.47252
CNOT6L	4	0.91838	0.91826	0.999995	880	0	0.7468	0.017424	0.055475	0.672971	80	4	0.7468
HPS1	4	0.91952	0.91931	0.999995	881	0	0.53225	0.080478	0.21584	0.754141	301	4	0.53225
VIM	4	0.92037	0.92032	0.999995	882	0	0.64619	0.07963	0.21412	0.754141	300	4	0.64619
CAB39L	4	0.92079	0.9207	0.999995	883	0	0.70004	0.079209	0.21321	0.754141	299	4	0.70004
CCNL2	4	0.92135	0.92121	0.999995	884	0	0.40656	0.078649	0.21186	0.754141	297	4	0.40656
LHFPL5	4	0.92191	0.92185	0.999995	885	0	0.54834	0.078093	0.21079	0.754141	296	4	0.54834
CREBBP	4	0.92218	0.92219	0.999995	886	0	0.56839	0.077816	0.21026	0.754141	293	4	0.56839
TBC1D1	4	0.92232	0.9223	0.999995	887	0	0.54471	0.077678	0.21003	0.754141	292	4	0.54471
ALAS2	4	0.92287	0.92297	0.999995	888	0	0.73316	0.077127	0.20863	0.754141	290	4	0.73316
MYCN	4	0.92301	0.92305	0.999995	889	0	0.61311	0.07699	0.20836	0.754141	289	4	0.61311
MTA3	4	0.92315	0.92312	0.999995	890	0	0.47384	0.076853	0.20808	0.754141	288	4	0.47384
MYD88	4	0.92328	0.92326	0.999995	891	0	0.56632	0.076716	0.20773	0.754141	286	4	0.56632
NBEAL2	4	0.92356	0.92347	0.999995	892	0	0.75025	0.038257	0.11384	0.708282	171	4	0.75025
DCAF4L2	4	0.92383	0.92378	0.999995	893	0	0.742	0.046164	0.13459	0.725999	194	4	0.742
ITSN2	4	0.92585	0.92593	0.999995	894	0	0.88	0.015328	0.049267	0.672971	71	4	0.88
GALNT2	4	0.92598	0.92602	0.999995	895	0	0.69908	0.074015	0.20163	0.754141	281	4	0.69908
MECP2	4	0.92612	0.92616	0.999995	896	0	0.5952	0.029244	0.089647	0.700389	135	4	0.5952
CRK	4	0.92665	0.92657	0.999995	897	0	0.60164	0.073351	0.2002	0.754141	279	4	0.60164
SUV39H1	4	0.92678	0.92672	0.999995	898	0	0.7564	0.018118	0.057335	0.672971	83	4	0.7564
HTR2C	4	0.92783	0.92776	0.999995	899	0	0.62587	0.072168	0.19739	0.754141	276	4	0.62587
FSD1	4	0.92887	0.92888	0.999995	900	0	0.7673	0.061898	0.17315	0.735564	244	4	0.7673
MBD4	8	0.92953	0.92928	0.999995	901	0	0.62432	0.016392	0.082307	0.696959	76	7	0.62432
FAM71A	4	0.93028	0.9304	0.999995	902	0	0.73666	0.069716	0.19119	0.741649	273	4	0.73666
SAP30L	4	0.93041	0.93056	0.999995	903	0	0.44196	0.069589	0.19085	0.741649	271	4	0.44196
NR5A2	4	0.9313	0.93141	0.999995	904	0	0.53585	0.068703	0.18863	0.739842	270	4	0.53585
MTUS2	4	0.93167	0.93171	0.999995	905	0	0.4054	0.068326	0.18767	0.738838	269	4	0.4054
ARHGEF6	4	0.93192	0.93192	0.999995	906	0	0.885	0.014463	0.046593	0.672971	67	4	0.885
CNOT8	3	0.93196	0.93127	0.999995	907	0	0.57025	0.068036	0.1586	0.735564	267	3	0.57025
SLC9A3R2	4	0.93292	0.93303	0.999995	908	0	0.4977	0.06708	0.1849	0.736116	265	4	0.4977
SLC35F4	4	0.93415	0.93423	0.999995	909	0	0.57219	0.065851	0.18198	0.735564	261	4	0.57219
TEX45	4	0.93439	0.93455	0.999995	910	0	0.71504	0.065607	0.18155	0.735564	259	4	0.71504
IRF6	4	0.935	0.93511	0.999995	911	0	0.53163	0.065001	0.18034	0.735564	256	4	0.53163
TSPO2	4	0.93512	0.93529	0.999995	912	0	0.99684	0.0017736	0.0067736	0.525013	10	4	0.99684
SP110	4	0.9356	0.93579	0.999995	913	0	0.71023	0.064399	0.17905	0.735564	253	4	0.71023
ADARB1	4	0.93584	0.93601	0.999995	914	0	0.62719	0.064159	0.1785	0.735564	252	4	0.62719
CCDC69	4	0.9362	0.93625	0.999995	915	0	0.53346	0.007022	0.023565	0.665177	36	4	0.53346
H2AFX	4	0.93679	0.93677	0.999995	916	0	0.58023	0.063207	0.17621	0.735564	249	4	0.58023
DYNLT3	4	0.93855	0.93835	0.999995	917	0	0.76018	0.032069	0.097285	0.702632	146	4	0.76018
TOMM40L	4	0.93867	0.93843	0.999995	918	0	0.53352	0.061335	0.17193	0.735564	243	4	0.53352
GRM4	4	0.93959	0.93941	0.999995	919	0	0.6565	0.025567	0.079325	0.688565	121	4	0.6565
ITSN1	4	0.94016	0.93997	0.999995	920	0	0.60094	0.059844	0.16844	0.735564	240	4	0.60094
NDE1	4	0.94038	0.94025	0.999995	921	0	0.91156	0.04582	0.13365	0.725999	193	4	0.91156
XDH	4	0.94083	0.94063	0.999995	922	0	0.62772	0.059166	0.16689	0.735564	238	4	0.62772
UBASH3B	4	0.9424	0.94223	0.999995	923	0	0.6233	0.021879	0.068648	0.672971	105	4	0.6233
ATP7B	4	0.94273	0.94252	0.999995	924	0	0.73248	0.057275	0.16205	0.735564	235	4	0.73248
CPS1	4	0.94294	0.94271	0.999995	925	0	0.6463	0.057055	0.16156	0.735564	233	4	0.6463
CD163L1	4	0.94305	0.94281	0.999995	926	0	0.75159	0.040214	0.11905	0.708282	179	4	0.75159
GPR183	4	0.94349	0.94335	0.999995	927	0	0.71772	0.056509	0.1602	0.735564	232	4	0.71772
RANBP6	3	0.94366	0.94306	0.999995	928	0	0.62365	0.056341	0.13373	0.725999	231	3	0.62365
FOXA1	4	0.94392	0.9438	0.999995	929	0	0.48865	0.044758	0.13087	0.725999	188	4	0.48865
GOLT1A	4	0.94542	0.94538	0.999995	930	0	0.49147	0.054576	0.15506	0.734905	226	4	0.49147
POU5F2	4	0.94553	0.94549	0.999995	931	0	0.71453	0.042426	0.12485	0.725999	182	4	0.71453
COX6B2	4	0.94564	0.94564	0.999995	932	0	0.53781	0.020955	0.065796	0.672971	101	4	0.53781
FLNB	4	0.94606	0.94594	0.999995	933	0	0.60568	0.053943	0.15361	0.73274	225	4	0.60568
FXR1	4	0.94616	0.94607	0.999995	934	0	0.54082	0.053838	0.15335	0.73274	224	4	0.54082
SCN10A	4	0.94627	0.94617	0.999995	935	0	0.71684	0.053733	0.15303	0.73274	221	4	0.71684
ZDHHC13	4	0.94731	0.94734	0.999995	936	0	0.662	0.052693	0.15048	0.73274	218	4	0.662
SEC11A	4	0.94751	0.94757	0.999995	937	0	0.77192	0.045664	0.13326	0.725999	191	4	0.77192
SBF1	4	0.94762	0.94769	0.999995	938	0	0.64285	0.049895	0.14383	0.728281	208	4	0.64285
S100A6	4	0.94772	0.9478	0.999995	939	0	0.70151	0.018565	0.058747	0.672971	88	4	0.70151
TAF9B	2	0.94791	0.94765	0.999995	940	0	0.86347	0.05209	0.092517	0.700389	216	2	0.86347
ADARB2	4	0.94894	0.94913	0.999995	941	0	0.54633	0.05106	0.14644	0.728281	213	4	0.54633
RNF103	4	0.94924	0.9494	0.999995	942	0	0.58959	0.050758	0.14588	0.728281	211	4	0.58959
PPP2CB	3	0.94993	0.94956	0.999995	943	0	0.87491	0.027671	0.069218	0.672971	129	3	0.87491
NSG1	4	0.94994	0.95026	0.999995	944	0	0.44327	0.050059	0.14415	0.728281	209	4	0.44327
PACS2	4	0.95024	0.95055	0.999995	945	0	0.60884	0.049762	0.14348	0.728281	207	4	0.60884
PRDM13	4	0.95053	0.95088	0.999995	946	0	0.86563	0.0036848	0.013066	0.569837	22	4	0.86563
NR5A1	4	0.95063	0.95098	0.999995	947	0	0.79802	0.038739	0.11505	0.708282	173	4	0.79802
EPHA3	4	0.95112	0.95145	0.999995	948	0	0.72164	0.048878	0.14122	0.728281	205	4	0.72164
SPATA21	4	0.95171	0.9521	0.999995	949	0	0.52732	0.048295	0.13969	0.728281	203	4	0.52732
SLC35F3	4	0.9518	0.9522	0.999995	950	0	0.89075	0.011626	0.038169	0.672971	52	4	0.89075
NUMB	4	0.95209	0.95248	0.999995	951	0	0.59952	0.047909	0.13877	0.727502	202	4	0.59952
MEP1B	4	0.95257	0.95305	0.999995	952	0	0.64572	0.04743	0.13768	0.725999	200	4	0.64572
DUOX1	4	0.95295	0.9535	0.999995	953	0	0.63149	0.04705	0.13696	0.725999	198	4	0.63149
SUV39H2	3	0.95357	0.95305	0.999995	954	0	0.72708	0.046432	0.11199	0.708282	195	3	0.72708
PXDNL	4	0.95482	0.95532	0.999995	955	0	0.56294	0.045182	0.13206	0.725999	189	4	0.56294
SUSD1	4	0.95537	0.95591	0.999995	956	0	0.75943	0.044632	0.13062	0.725999	187	4	0.75943
DZIP3	4	0.95555	0.95614	0.999995	957	0	0.7132	0.042967	0.12626	0.725999	183	4	0.7132
TMEM185B	4	0.95564	0.95625	0.999995	958	0	0.56872	0.044359	0.12987	0.725999	186	4	0.56872
TIRAP	4	0.95609	0.9567	0.999995	959	0	0.70342	0.019442	0.061262	0.672971	95	4	0.70342
SERPINA9	4	0.95654	0.9571	0.999995	960	0	0.63066	0.043459	0.12768	0.725999	184	4	0.63066
RCBTB2	4	0.95725	0.95785	0.999995	961	0	0.66919	0.024755	0.0771	0.674781	120	4	0.66919
RHOBTB2	4	0.95873	0.95916	0.999995	962	0	0.60994	0.041268	0.12177	0.716419	181	4	0.60994
CDK16	4	0.96001	0.96057	0.999995	963	0	0.60438	0.039994	0.11841	0.708282	178	4	0.60438
MARCKS	4	0.96206	0.96247	0.999995	964	0	0.55384	0.037936	0.11287	0.708282	168	4	0.55384
HMGCL	4	0.96215	0.96251	0.999995	965	0	0.63875	0.037855	0.11272	0.708282	167	4	0.63875
ERO1A	4	0.96239	0.9628	0.999995	966	0	0.70124	0.037614	0.11205	0.708282	166	4	0.70124
GXYLT2	4	0.96263	0.96301	0.999995	967	0	0.83775	0.021751	0.068162	0.672971	104	4	0.83775
FMR1	4	0.96342	0.96383	0.999995	968	0	0.59173	0.036582	0.10916	0.704872	165	4	0.59173
IL6R	4	0.96357	0.96399	0.999995	969	0	0.62952	0.036426	0.1087	0.704872	163	4	0.62952
SMAP2	4	0.9642	0.96469	0.999995	970	0	0.7582	0.035803	0.10682	0.702632	162	4	0.7582
MDM4	4	0.96427	0.96479	0.999995	971	0	0.58205	0.035726	0.10665	0.702632	161	4	0.58205
CDK19	8	0.96428	0.96416	0.999995	972	0	0.38702	0.035722	0.15949	0.735564	160	8	0.38702
SLC9A3R1	4	0.96435	0.9648	0.999995	973	0	0.52404	0.035649	0.10651	0.702632	158	4	0.52404
ENOX2	4	0.96443	0.9649	0.999995	974	0	0.6381	0.035572	0.10629	0.702632	157	4	0.6381
GSX2	4	0.96519	0.96554	0.999995	975	0	0.8231	0.034809	0.10441	0.702632	155	4	0.8231
MAK	4	0.96579	0.96618	0.999995	976	0	0.99154	0.0019689	0.0073346	0.525013	13	4	0.99154
GOLPH3	4	0.96631	0.96669	0.999995	977	0	0.67288	0.033688	0.1016	0.702632	149	4	0.67288
FZD8	4	0.96741	0.96779	0.999995	978	0	0.63464	0.018754	0.059308	0.672971	92	4	0.63464
MAP4K4	4	0.96812	0.96855	0.999995	979	0	0.95576	0.0098216	0.032297	0.672971	45	4	0.95576
CLDN4	4	0.96854	0.96892	0.999995	980	0	0.47429	0.031458	0.095602	0.702632	144	4	0.47429
STAM2	4	0.96861	0.96897	0.999995	981	0	0.89435	0.031388	0.095443	0.702632	143	4	0.89435
UBQLN3	4	0.96896	0.96925	0.999995	982	0	0.65597	0.031039	0.094527	0.702632	142	4	0.65597
TAF9	4	0.96917	0.96944	0.999995	983	0	0.61691	0.030831	0.093947	0.702632	141	4	0.61691
EFNB1	4	0.96965	0.96977	0.999995	984	0	0.64948	0.030351	0.092592	0.700389	140	4	0.64948
ATAD2B	4	0.96972	0.96988	0.999995	985	0	0.70562	0.030283	0.092395	0.700389	139	4	0.70562
GPR50	4	0.96992	0.97011	0.999995	986	0	0.66587	0.030079	0.0919	0.700389	137	4	0.66587
KRTAP1-1	4	0.97079	0.97097	0.999995	987	0	0.73563	0.029207	0.089581	0.700389	134	4	0.73563
GRIP2	4	0.97203	0.97207	0.999995	988	0	0.66276	0.027967	0.086066	0.700389	131	4	0.66276
ARPC5L	4	0.97286	0.97301	0.999995	989	0	0.60898	0.027142	0.083822	0.698955	127	4	0.60898
RRM2B	8	0.97303	0.97284	0.999995	990	0	0.43187	0.026969	0.12695	0.725999	126	8	0.43187
FRY	4	0.97317	0.97324	0.999995	991	0	0.69154	0.026829	0.082924	0.696959	125	4	0.69154
DLL1	4	0.97342	0.97349	0.999995	992	0	0.70884	0.026581	0.082251	0.696959	124	4	0.70884
ANKRD10	4	0.97415	0.97426	0.999995	993	0	0.61181	0.025847	0.080073	0.689407	123	4	0.61181
SIRPA	3	0.97424	0.97385	0.999995	994	0	0.74488	0.025765	0.064712	0.672971	122	3	0.74488
ABCB1	4	0.97487	0.97499	0.999995	995	0	0.68434	0.017632	0.056017	0.672971	81	4	0.68434
NKAPL	4	0.97563	0.9757	0.999995	996	0	0.54779	0.024367	0.075996	0.674781	118	4	0.54779
PSEN2	4	0.97615	0.9762	0.999995	997	0	0.8321	0.02385	0.074351	0.672971	116	4	0.8321
ZNF260	4	0.97626	0.97629	0.999995	998	0	0.89075	0.023737	0.074052	0.672971	115	4	0.89075
FCRL3	4	0.97638	0.97641	0.999995	999	0	0.70749	0.023623	0.073668	0.672971	113	4	0.70749
HEATR5B	4	0.97677	0.97683	0.999995	1000	0	0.64214	0.02323	0.072575	0.672971	111	4	0.64214
SAP30	4	0.9771	0.97719	0.999995	1001	0	0.57634	0.022896	0.071612	0.672971	110	4	0.57634
RHBDF2	4	0.97743	0.97755	0.999995	1002	0	0.56485	0.022567	0.070733	0.672971	107	4	0.56485
RBMXL2	4	0.97771	0.9778	0.999995	1003	0	0.52836	0.022295	0.069826	0.672971	106	4	0.52836
GYS2	4	0.97856	0.97859	0.999995	1004	0	0.73246	0.021441	0.067442	0.672971	103	4	0.73246
NCBP2L	4	0.97893	0.9789	0.999995	1005	0	0.76564	0.021075	0.066273	0.672971	102	4	0.76564
FKBP9	4	0.97918	0.97923	0.999995	1006	0	0.55514	0.020816	0.065385	0.672971	100	4	0.55514
LNX1	4	0.98004	0.98015	0.999995	1007	0	0.77516	0.019955	0.062804	0.672971	99	4	0.77516
ZIC3	4	0.98019	0.9803	0.999995	1008	0	0.64778	0.019806	0.062365	0.672971	98	4	0.64778
NCK2	4	0.98029	0.98036	0.999995	1009	0	0.6262	0.019707	0.062094	0.672971	97	4	0.6262
TBPL2	4	0.98044	0.98046	0.999995	1010	0	0.61508	0.01956	0.061701	0.672971	96	4	0.61508
DYNLRB2	4	0.98102	0.98106	0.999995	1011	0	0.72071	0.018977	0.059934	0.672971	93	4	0.72071
KRT38	4	0.98121	0.98122	0.999995	1012	0	0.81867	0.013396	0.043498	0.672971	64	4	0.81867
PCDH1	4	0.98131	0.98129	0.999995	1013	0	0.63412	0.018691	0.059083	0.672971	90	4	0.63412
IDH3B	4	0.9814	0.98136	0.999995	1014	0	0.64606	0.018596	0.058822	0.672971	89	4	0.64606
TNKS	4	0.98145	0.98142	0.999995	1015	0	0.69253	0.018549	0.058728	0.672971	87	4	0.69253
PHLDA3	4	0.98178	0.98169	0.999995	1016	0	0.62433	0.018221	0.057653	0.672971	86	4	0.62433
RNF144A	4	0.98183	0.98172	0.999995	1017	0	0.67649	0.018174	0.057522	0.672971	84	4	0.67649
ARFIP1	4	0.98278	0.98272	0.999995	1018	0	0.93111	0.0025766	0.0094195	0.525013	19	4	0.93111
H2BFM	4	0.98322	0.98314	0.999995	1019	0	0.64043	0.016776	0.053726	0.672971	78	4	0.64043
RC3H2	4	0.9834	0.98335	0.999995	1020	0	0.78964	0.016602	0.053128	0.672971	77	4	0.78964
TREML4	3	0.98392	0.984	0.999995	1021	0	0.96254	0.01608	0.041722	0.672971	74	3	0.96254
DENND5B	4	0.984	0.9842	0.999995	1022	0	0.77225	0.016002	0.05137	0.672971	73	4	0.77225
ABL1	4	0.98511	0.98537	0.999995	1023	0	0.60868	0.014892	0.047967	0.672971	70	4	0.60868
ZNF521	4	0.98547	0.98575	0.999995	1024	0	0.80378	0.014535	0.046901	0.672971	69	4	0.80378
OSMR	4	0.98612	0.98622	0.999995	1025	0	0.64912	0.013878	0.044975	0.672971	66	4	0.64912
KIT	8	0.98647	0.98652	0.999995	1026	0	0.54322	0.013533	0.069873	0.672971	65	8	0.54322
TAF1L	3	0.98705	0.98699	0.999995	1027	0	0.78554	0.012945	0.033896	0.672971	63	3	0.78554
CDNF	4	0.98751	0.98762	0.999995	1028	0	0.65755	0.012491	0.04074	0.672971	60	4	0.65755
VANGL1	4	0.98761	0.98769	0.999995	1029	0	0.64448	0.012386	0.040413	0.672971	59	4	0.64448
SATB1	4	0.98765	0.98776	0.999995	1030	0	0.66372	0.012351	0.040329	0.672971	58	4	0.66372
SPTLC3	4	0.98779	0.98788	0.999995	1031	0	0.83304	0.012213	0.039908	0.672971	57	4	0.83304
FEZ1	4	0.98806	0.98815	0.999995	1032	0	0.91222	0.011939	0.039179	0.672971	56	4	0.91222
FRYL	4	0.98836	0.98837	0.999995	1033	0	0.70992	0.011637	0.038216	0.672971	54	4	0.70992
NAPB	4	0.98942	0.98935	0.999995	1034	0	0.82412	0.010578	0.03471	0.672971	49	4	0.82412
EZH2	4	0.98958	0.98952	0.999995	1035	0	0.82097	0.010424	0.034177	0.672971	48	4	0.82097
AQP8	4	0.98982	0.98987	0.999995	1036	0	0.72306	0.010181	0.033419	0.672971	47	4	0.72306
EGFR	4	0.98997	0.99001	0.999995	1037	0	0.76546	0.0051602	0.017834	0.590192	31	4	0.76546
YIPF7	4	0.99032	0.99032	0.999995	1038	0	0.6985	0.009679	0.031821	0.672971	43	4	0.6985
DYNC1LI1	3	0.99072	0.99068	0.999995	1039	0	0.72733	0.0092824	0.024706	0.665177	42	3	0.72733
GIT1	4	0.99249	0.99239	0.999995	1040	0	0.63621	0.0075134	0.025136	0.665177	39	4	0.63621
SPHKAP	4	0.99265	0.99257	0.999995	1041	0	0.71741	0.0041856	0.014618	0.569837	24	4	0.71741
CAB39	4	0.99346	0.99334	0.999995	1042	0	0.89794	0.006535	0.02206	0.665177	35	4	0.89794
RBPJ	4	0.99407	0.99408	0.999995	1043	0	0.78247	0.0059314	0.020302	0.632353	34	4	0.78247
MTUS1	4	0.99476	0.9948	0.999995	1044	0	0.79253	0.0024387	0.0089988	0.525013	17	4	0.79253
SS18	4	0.99499	0.9951	0.999995	1045	0	0.76066	0.0050077	0.01732	0.590192	28	4	0.76066
IKBKB	4	0.99568	0.99571	0.999995	1046	0	0.86788	0.0043216	0.014926	0.569837	27	4	0.86788
TMEM185A	4	0.99574	0.9958	0.999995	1047	0	0.72445	0.0042586	0.014749	0.569837	26	4	0.72445
DYNLT1	4	0.99593	0.99593	0.999995	1048	0	0.89152	0.0040739	0.014375	0.569837	23	4	0.89152
NR2E1	4	0.99764	0.99763	0.999995	1049	0	0.66237	0.0023634	0.0086715	0.525013	16	4	0.66237
ANXA1	4	0.99766	0.99764	0.999995	1050	0	0.70723	0.0023434	0.0085968	0.525013	15	4	0.70723
PCGF1	4	0.9977	0.99771	0.999995	1051	0	0.65327	0.0022443	0.0082508	0.525013	14	4	0.65327
CLASP2	4	0.99813	0.99821	0.999995	1052	0	0.82704	0.0018736	0.0070448	0.525013	11	4	0.82704
MPC1L	4	0.99834	0.99846	0.999995	1053	0	0.90099	0.0016555	0.0063809	0.525013	9	4	0.90099
STX4	4	0.99938	0.99946	0.999995	1054	0	0.80128	0.00061679	0.0023888	0.316213	8	4	0.80128
SIK2	4	0.99985	0.99987	0.999995	1055	0	1.2322	5.1191e-07	4.6747e-06	0.002475	1	4	1.2322
RC3H1	4	0.99991	0.99991	0.999995	1056	0	0.89903	9.4846e-05	0.00043475	0.076733	6	4	0.89903
RB1	4	0.99991	0.99991	0.999995	1057	0	0.89591	8.614e-05	0.00037865	0.076733	5	4	0.89591
RUNX1	4	0.99994	0.99997	0.999995	1058	0	0.79671	6.0311e-05	0.00021036	0.055693	4	4	0.79671
TP53	4	0.99998	1.0	0.999995	1059	0	1.3937	7.432e-07	4.6747e-06	0.002475	2	4	1.3937
