id	num	neg|score	neg|p-value	neg|fdr	neg|rank	neg|goodsgrna	neg|lfc	pos|score	pos|p-value	pos|fdr	pos|rank	pos|goodsgrna	pos|lfc
MYC	8	3.7044e-11	4.6703e-06	0.000825	1	8	-1.651	1.0	1.0	0.999995	1060	0	-1.651
RRM1	8	1.1178e-07	4.6703e-06	0.000825	2	7	-1.4612	1.0	1.0	0.999995	1059	0	-1.4612
RPP21	4	2.0731e-07	4.6703e-06	0.000825	3	4	-1.6354	1.0	1.0	0.999995	1058	0	-1.6354
RRM2	4	7.1805e-07	4.6703e-06	0.000825	4	2	-1.2527	0.75124	0.75139	0.999995	730	0	-1.2527
POLR2L	4	1.0122e-06	4.6703e-06	0.000825	5	4	-1.6758	1.0	1.0	0.999995	1057	0	-1.6758
MTG2	4	1.2007e-06	4.6703e-06	0.000825	6	4	-0.99445	1.0	1.0	0.999995	1056	0	-0.99445
ALDOA	4	3.7416e-06	1.4011e-05	0.001856	7	3	-1.5514	0.99736	0.99742	0.999995	994	0	-1.5514
PRPF8	4	3.9698e-06	1.4011e-05	0.001856	8	4	-1.178	1.0	1.0	0.999995	1055	0	-1.178
BUB3	4	6.2684e-06	2.3351e-05	0.002475	9	4	-1.6662	0.99997	0.99998	0.999995	1047	0	-1.6662
CCND1	4	6.8161e-06	2.3351e-05	0.002475	10	4	-1.0005	0.99999	1.0	0.999995	1054	0	-1.0005
UQCRC1	4	1.2841e-05	5.1373e-05	0.00495	11	4	-0.81694	0.99999	0.99999	0.999995	1052	0	-0.81694
PDCD6IP	4	1.6792e-05	7.0054e-05	0.00495	12	4	-1.0768	0.99998	0.99999	0.999995	1051	0	-1.0768
NAA10	4	1.8813e-05	7.0054e-05	0.00495	13	4	-0.79611	0.99998	0.99999	0.999995	1050	0	-0.79611
COPA	4	2.1885e-05	7.0054e-05	0.00495	14	4	-1.0843	0.99998	0.99998	0.999995	1049	0	-1.0843
MRPL38	4	2.4026e-05	7.0054e-05	0.00495	15	4	-0.72501	0.99998	0.99998	0.999995	1048	0	-0.72501
SF3B3	4	3.1787e-05	7.9395e-05	0.00526	16	4	-0.92591	0.99997	0.99997	0.999995	1046	0	-0.92591
INTS6	3	4.1845e-05	8.8735e-05	0.005533	17	3	-1.6886	0.99996	0.99995	0.999995	1045	0	-1.6886
ZNF407	4	7.8852e-05	0.00026621	0.014851	18	4	-0.82189	0.99992	0.99991	0.999995	1044	0	-0.82189
TIMM10	4	8.3588e-05	0.00028489	0.015099	19	4	-0.78192	0.99992	0.99991	0.999995	1043	0	-0.78192
ATP6V1B2	4	8.9379e-05	0.00035961	0.018152	20	4	-0.86529	0.99991	0.9999	0.999995	1042	0	-0.86529
CHORDC1	3	9.601e-05	0.00025687	0.014851	21	3	-1.5862	0.9999	0.99989	0.999995	1041	0	-1.5862
NDUFB4	4	0.0002321	0.00085466	0.04025	22	3	-0.82692	0.99907	0.99924	0.999995	1022	0	-0.82692
SF3B1	4	0.00024033	0.00087334	0.04025	23	3	-0.84221	0.9979	0.99799	0.999995	1003	0	-0.84221
SNRPD3	4	0.00027534	0.0010415	0.045998	24	2	-1.1502	0.45831	0.45683	0.707957	335	0	-1.1502
RNF113A	4	0.00046661	0.0015832	0.064547	25	3	-0.92623	0.74797	0.74792	0.999995	724	0	-0.92623
E2F3	3	0.00048888	0.0014525	0.061584	26	3	-0.87999	0.99951	0.99951	0.999995	1029	0	-0.87999
RPS19	4	0.00049285	0.0016579	0.06509	27	3	-0.94707	0.99972	0.99973	0.999995	1033	0	-0.94707
HSCB	4	0.00063864	0.002097	0.079385	28	3	-0.94158	0.99772	0.99777	0.999995	998	0	-0.94158
SBNO1	4	0.00068732	0.0022744	0.079687	29	3	-0.99454	0.45831	0.45683	0.707957	295	0	-0.99454
TUFM	3	0.00080715	0.0023211	0.079687	30	2	-1.1973	0.90989	0.90948	0.999995	876	0	-1.1973
DYNLRB1	3	0.00081243	0.0023305	0.079687	31	3	-0.84397	0.99919	0.99918	0.999995	1023	0	-0.84397
RPL19	4	0.0011098	0.0035354	0.112447	32	2	-0.93385	0.83437	0.83482	0.999995	800	0	-0.93385
SLC11A2	4	0.0011432	0.0036195	0.112447	33	3	-0.74606	0.99755	0.99759	0.999995	996	0	-0.74606
RPL36	4	0.0011784	0.0037129	0.112447	34	3	-1.051	0.99978	0.99979	0.999995	1038	0	-1.051
PAF1	4	0.0013388	0.0041986	0.123625	35	3	-0.68405	0.99906	0.99923	0.999995	1021	0	-0.68405
RPL14	3	0.0014049	0.0035074	0.112447	36	2	-1.5384	0.9956	0.99538	0.999995	986	0	-1.5384
SF3A1	4	0.0014308	0.0044508	0.124153	37	3	-0.89769	0.98179	0.98222	0.999995	946	0	-0.89769
MRPL41	4	0.0015551	0.0048431	0.129332	38	3	-0.96499	0.99985	0.99986	0.999995	1039	0	-0.96499
LONP1	4	0.0015693	0.0048804	0.129332	39	3	-0.72794	0.92501	0.92437	0.999995	885	0	-0.72794
KIF11	4	0.0016861	0.005226	0.135112	40	3	-0.79572	0.99989	0.99989	0.999995	1040	0	-0.79572
RPL10A	4	0.001778	0.0054502	0.137553	41	2	-1.0359	0.98286	0.98311	0.999995	948	0	-1.0359
SMARCA4	4	0.0018559	0.0055997	0.138038	42	3	-0.73245	0.45831	0.45683	0.707957	278	0	-0.73245
TOMM22	4	0.001953	0.0057865	0.139401	43	3	-0.57102	0.99919	0.9993	0.999995	1024	0	-0.57102
CDIPT	4	0.0021184	0.0062161	0.146425	44	2	-0.78056	0.99937	0.99944	0.999995	1027	0	-0.78056
RPS23	2	0.0021392	0.0043574	0.124153	45	2	-1.1014	0.99786	0.99787	0.999995	1002	0	-1.1014
PPP4C	4	0.0022209	0.006487	0.148414	46	2	-0.87842	0.99976	0.99978	0.999995	1036	0	-0.87842
FDPS	4	0.0022731	0.0066925	0.148414	47	2	-0.69424	0.45831	0.45683	0.707957	648	0	-0.69424
ATP5F1B	4	0.0023048	0.0067579	0.148414	48	3	-0.57215	0.99977	0.99979	0.999995	1037	0	-0.57215
HUS1	4	0.0023372	0.0068606	0.148414	49	3	-0.76507	0.98938	0.98981	0.999995	961	0	-0.76507
SF3B5	4	0.0024498	0.0070755	0.15	50	3	-0.95861	0.99676	0.99679	0.999995	992	0	-0.95861
MED18	8	0.0025191	0.0087568	0.168767	51	4	-0.47379	0.70658	0.70671	0.999995	695	0	-0.47379
SPAG9	4	0.0026454	0.0076359	0.158707	52	3	-0.68924	0.98683	0.98727	0.999995	957	0	-0.68924
ABT1	4	0.0027881	0.0079815	0.15963	53	3	-0.79471	0.45831	0.45683	0.707957	458	0	-0.79471
MDM4	4	0.0029572	0.0084018	0.164925	54	3	-0.6238	0.99047	0.99099	0.999995	962	0	-0.6238
RPS3	3	0.0039128	0.0079068	0.15963	55	2	-1.1657	0.36859	0.36672	0.707957	5	0	-1.1657
NAE1	8	0.0042257	0.014184	0.259218	56	4	-0.38011	0.94489	0.94476	0.999995	907	0	-0.38011
EIF3B	4	0.0051435	0.012586	0.234063	57	2	-0.88327	0.9966	0.99662	0.999995	990	0	-0.88327
RPL37A	2	0.0057587	0.011372	0.215258	58	1	-1.2618	0.59185	0.59051	0.912443	686	0	-1.2618
RPS5	4	0.0063741	0.014725	0.264558	59	2	-0.76818	0.45831	0.45683	0.707957	56	0	-0.76818
MED12	4	0.0065476	0.014996	0.264934	60	2	-0.52071	0.97676	0.97689	0.999995	936	0	-0.52071
TOMM40	7	0.0080935	0.021974	0.348382	61	3	-0.49023	0.99816	0.99821	0.999995	1008	0	-0.49023
RPL18A	2	0.0084081	0.016407	0.2851	62	2	-1.2283	0.99159	0.99128	0.999995	964	0	-1.2283
RFC2	4	0.0096231	0.020311	0.341741	63	2	-0.55108	0.45831	0.45683	0.707957	77	0	-0.55108
CTR9	4	0.0099399	0.020899	0.34326	64	2	-0.747	0.99812	0.99821	0.999995	1006	0	-0.747
RBBP4	3	0.010012	0.018602	0.318029	65	2	-0.8906	0.89057	0.89047	0.999995	856	0	-0.8906
EIF3J	4	0.010047	0.021049	0.34326	66	2	-0.68889	0.94264	0.94189	0.999995	904	0	-0.68889
SFPQ	4	0.010569	0.02202	0.348382	67	1	-0.14797	0.45831	0.45683	0.707957	307	0	-0.14797
CLTC	4	0.01171	0.024085	0.371499	68	2	-0.69276	0.99971	0.99973	0.999995	1032	0	-0.69276
ATP5F1D	4	0.011941	0.024533	0.371499	69	2	-0.61248	0.86297	0.86313	0.999995	832	0	-0.61248
INTS2	4	0.012291	0.025149	0.375471	70	2	-0.61869	0.99285	0.99314	0.999995	969	0	-0.61869
POLR2B	4	0.013006	0.02628	0.385935	71	2	-0.7981	0.91818	0.91733	0.999995	880	0	-0.7981
NAA15	4	0.013248	0.026579	0.385935	72	2	-0.66951	0.9977	0.99776	0.999995	997	0	-0.66951
AFG3L2	3	0.013306	0.024384	0.371499	73	2	-0.7939	0.99608	0.99593	0.999995	988	0	-0.7939
COX6B1	8	0.013454	0.035723	0.465406	74	2	-0.33456	0.70658	0.70671	0.999995	698	0	-0.33456
FANCM	4	0.013493	0.027139	0.388748	75	2	-0.63684	0.99583	0.99598	0.999995	987	0	-0.63684
CDK7	4	0.015261	0.029857	0.42198	76	2	-0.73732	0.98066	0.98097	0.999995	943	0	-0.73732
HMGCS1	3	0.016845	0.03039	0.423854	77	2	-0.75987	0.99776	0.99771	0.999995	1001	0	-0.75987
GTF3C1	4	0.016993	0.032622	0.447258	78	2	-0.61059	0.99338	0.99363	0.999995	975	0	-0.61059
RBM22	4	0.017267	0.032911	0.447258	79	2	-0.42582	0.93575	0.93509	0.999995	896	0	-0.42582
RPL3	7	0.01822	0.044625	0.493038	80	2	-0.50752	0.65797	0.65952	0.999995	688	0	-0.50752
RPL17	3	0.018911	0.034154	0.456745	81	1	-0.47385	0.99334	0.99333	0.999995	974	0	-0.47385
PSMB3	3	0.019072	0.034471	0.456745	82	2	-0.69542	0.99324	0.9932	0.999995	971	0	-0.69542
NKAP	4	0.019386	0.036442	0.465406	83	2	-0.60922	0.99973	0.99974	0.999995	1034	0	-0.60922
RPL11	3	0.020128	0.036395	0.465406	84	2	-0.69662	0.99656	0.99646	0.999995	989	0	-0.69662
ISCA2	4	0.020413	0.038189	0.481907	85	2	-0.59908	0.99813	0.99821	0.999995	1007	0	-0.59908
TUBB	3	0.021641	0.038889	0.484974	86	1	-0.49436	0.74318	0.74395	0.999995	719	0	-0.49436
CLNS1A	3	0.022323	0.040066	0.493038	87	2	-0.64397	0.99882	0.99873	0.999995	1016	0	-0.64397
NCBP2	4	0.022416	0.041561	0.493038	88	1	-0.12486	0.45831	0.45683	0.707957	97	0	-0.12486
SLC25A37	4	0.02285	0.042355	0.493038	89	2	-0.57788	0.83746	0.83782	0.999995	805	0	-0.57788
VMP1	4	0.023006	0.04256	0.493038	90	2	-0.62526	0.99926	0.99935	0.999995	1025	0	-0.62526
GAPDH	4	0.023163	0.042915	0.493038	91	2	-0.49472	0.9809	0.98128	0.999995	944	0	-0.49472
SEPHS1	3	0.023338	0.041645	0.493038	92	2	-0.61006	0.96922	0.96856	0.999995	929	0	-0.61006
MAT2A	4	0.023479	0.043504	0.493038	93	2	-0.46998	0.99316	0.99341	0.999995	970	0	-0.46998
RPS8	3	0.023686	0.042336	0.493038	94	1	-0.40357	0.98885	0.98882	0.999995	959	0	-0.40357
RPL8	4	0.023955	0.044363	0.493038	95	2	-0.54532	0.96148	0.96128	0.999995	918	0	-0.54532
ILF3	4	0.024115	0.044653	0.493038	96	2	-0.59704	0.45831	0.45683	0.707957	526	0	-0.59704
APH1A	4	0.026236	0.048099	0.52562	97	2	-0.64514	0.45831	0.45683	0.707957	454	0	-0.64514
RPL5	4	0.02758	0.050341	0.544504	98	2	-0.51318	0.45831	0.45683	0.707957	62	0	-0.51318
EIF4A3	4	0.027921	0.051032	0.546405	99	2	-0.51338	0.84098	0.84142	0.999995	811	0	-0.51338
MTHFD1	4	0.029829	0.054115	0.573614	100	2	-0.50989	0.98401	0.98437	0.999995	952	0	-0.50989
SAR1A	8	0.032399	0.076887	0.662602	101	3	-0.29139	0.70658	0.70671	0.999995	697	0	-0.29139
SOX9	4	0.03252	0.058486	0.610804	102	2	-0.429	0.45831	0.45683	0.707957	333	0	-0.429
CCNL1	4	0.032703	0.058775	0.610804	103	2	-0.58855	0.99886	0.99901	0.999995	1018	0	-0.58855
TOP2A	4	0.034184	0.061176	0.623432	104	2	-0.57653	0.98004	0.98018	0.999995	939	0	-0.57653
SNRPB	4	0.034371	0.061568	0.623432	105	2	-0.53858	0.90086	0.90013	0.999995	865	0	-0.53858
COX4I1	4	0.034558	0.061755	0.623432	106	2	-0.54733	0.83533	0.83561	0.999995	802	0	-0.54733
ARID1A	4	0.035503	0.063184	0.631842	107	2	-0.3914	0.99222	0.99263	0.999995	967	0	-0.3914
CDS2	4	0.036266	0.064352	0.637503	108	2	-0.57582	0.45831	0.45683	0.707957	373	0	-0.57582
PRPF38A	4	0.037619	0.066453	0.65176	109	2	-0.54457	0.45831	0.45683	0.707957	37	0	-0.54457
CTPS1	4	0.038205	0.067322	0.65176	110	2	-0.37686	0.82054	0.82139	0.999995	790	0	-0.37686
WDR12	4	0.038402	0.067696	0.65176	111	2	-0.55512	0.98033	0.98057	0.999995	941	0	-0.55512
SOD1	4	0.038796	0.068443	0.65176	112	2	-0.40399	0.45831	0.45683	0.707957	337	0	-0.40399
CKAP5	8	0.039	0.088413	0.709983	113	2	-0.27545	0.99774	0.99771	0.999995	999	0	-0.27545
MED23	4	0.03939	0.069489	0.65176	114	2	-0.48033	0.45831	0.45683	0.707957	126	0	-0.48033
XRCC6	4	0.039538	0.069788	0.65176	115	1	-0.46947	0.99841	0.99849	0.999995	1012	0	-0.46947
RHBDF1	4	0.040389	0.071292	0.65176	116	2	-0.47776	0.99327	0.99351	0.999995	973	0	-0.47776
RAN	4	0.040433	0.071357	0.65176	117	1	-0.2958	0.45831	0.45683	0.707957	34	0	-0.2958
ATP6V1C1	4	0.041196	0.072515	0.65176	118	2	-0.58671	0.99974	0.99975	0.999995	1035	0	-0.58671
TRAPPC3	4	0.041327	0.072693	0.65176	119	1	-0.47309	0.45831	0.45683	0.707957	182	0	-0.47309
ACTL6A	4	0.041602	0.073169	0.65176	120	2	-0.47095	0.45831	0.45683	0.707957	462	0	-0.47095
MED20	4	0.04201	0.073888	0.652682	121	2	-0.56498	0.99879	0.99893	0.999995	1014	0	-0.56498
TOP1	4	0.04242	0.074626	0.653752	122	2	-0.50088	0.99549	0.99566	0.999995	983	0	-0.50088
NDUFC1	4	0.043037	0.075514	0.656103	123	2	-0.50739	0.97909	0.97938	0.999995	937	0	-0.50739
ELL	4	0.044912	0.078409	0.670273	124	2	-0.53245	0.99827	0.99838	0.999995	1010	0	-0.53245
TSG101	4	0.045545	0.07954	0.672371	125	2	-0.60162	0.99107	0.99153	0.999995	963	0	-0.60162
SIN3A	4	0.046181	0.080511	0.672371	126	2	-0.52398	0.98908	0.98952	0.999995	960	0	-0.52398
TRRAP	4	0.047465	0.0825	0.683207	127	2	-0.61609	0.99743	0.99746	0.999995	995	0	-0.61609
MANF	4	0.04833	0.083995	0.690191	128	2	-0.44282	0.99557	0.99573	0.999995	985	0	-0.44282
CPSF3	4	0.049201	0.08548	0.696992	129	2	-0.62053	0.99776	0.99779	0.999995	1000	0	-0.62053
SF1	4	0.050298	0.087105	0.704822	130	2	-0.4626	0.99495	0.99514	0.999995	980	0	-0.4626
SNRPD2	3	0.054681	0.071264	0.65176	131	1	-0.35622	0.97023	0.96964	0.999995	931	0	-0.35622
PMPCB	4	0.059082	0.09384	0.742316	132	1	-0.1903	0.45831	0.45683	0.707957	157	0	-0.1903
COPZ1	4	0.059963	0.094559	0.742464	133	1	-0.080581	0.45831	0.45683	0.707957	359	0	-0.080581
ATP5F1A	4	0.061724	0.095857	0.747124	134	1	-0.56053	0.99966	0.99969	0.999995	1031	0	-0.56053
TNPO1	3	0.065306	0.080558	0.672371	135	1	-0.3954	0.99548	0.99526	0.999995	982	0	-0.3954
DHX9	3	0.076508	0.0903	0.719683	136	1	-0.55407	0.96881	0.96821	0.999995	928	0	-0.55407
NUTF2	4	0.085251	0.11392	0.875054	137	1	-0.1523	0.45831	0.45683	0.707957	162	0	-0.1523
TBP	4	0.087837	0.11601	0.884714	138	1	-0.1916	0.45831	0.45683	0.707957	209	0	-0.1916
PSMC3	4	0.089558	0.11735	0.888508	139	1	-0.43222	0.45831	0.45683	0.707957	49	0	-0.43222
VCP	4	0.10239	0.12782	0.947483	140	1	-0.31633	0.77804	0.77854	0.999995	753	0	-0.31633
UTP14C	4	0.10494	0.12998	0.956786	141	1	-0.044386	0.45831	0.45683	0.707957	248	0	-0.044386
RPS15	2	0.11049	0.1123	0.868866	142	1	-0.49141	0.67258	0.67131	0.999995	690	0	-0.49141
RPS11	3	0.11597	0.12533	0.935539	143	1	-0.49786	0.99823	0.99811	0.999995	1009	0	-0.49786
PFAS	4	0.11677	0.13909	0.999995	144	1	-0.27827	0.45831	0.45683	0.707957	145	0	-0.27827
SF3B2	4	0.1218	0.14365	0.999995	145	1	-0.29629	0.94846	0.94799	0.999995	909	0	-0.29629
RPL31	2	0.1222	0.12309	0.925391	146	1	-0.72059	0.98771	0.98736	0.999995	958	0	-0.72059
CCT6A	3	0.12423	0.1327	0.970058	147	1	-0.30155	0.89845	0.89796	0.999995	861	0	-0.30155
TOP1MT	4	0.12931	0.14967	0.999995	148	1	-0.4456	0.88426	0.88425	0.999995	851	0	-0.4456
RHOT2	4	0.13014	0.1503	0.999995	149	1	-0.37379	0.99414	0.99445	0.999995	977	0	-0.37379
LSM4	4	0.13429	0.15382	0.999995	150	1	-0.15443	0.45831	0.45683	0.707957	586	0	-0.15443
DHX29	3	0.13621	0.14327	0.999995	151	1	-0.31071	0.98672	0.98671	0.999995	956	0	-0.31071
RNF40	4	0.14501	0.16219	0.999995	152	1	-0.21776	0.90738	0.90583	0.999995	874	0	-0.21776
AP2A1	4	0.15074	0.16695	0.999995	153	1	-0.50534	0.99883	0.99899	0.999995	1017	0	-0.50534
PTTG1	3	0.15118	0.15692	0.999995	154	1	-0.26458	0.77401	0.77491	0.999995	750	0	-0.26458
VPS37A	4	0.15318	0.16884	0.999995	155	1	-0.47303	0.74534	0.74495	0.999995	721	0	-0.47303
RPL27A	2	0.15856	0.15923	0.999995	156	1	-0.3634	0.26401	0.2636	0.707957	3	0	-0.3634
RRM2B	8	0.15857	0.24662	0.999995	157	2	-0.31736	0.93258	0.93288	0.999995	893	0	-0.31736
RPL13	3	0.16353	0.16779	0.999995	158	1	-0.54962	0.99795	0.99785	0.999995	1004	0	-0.54962
RPRD1B	4	0.16372	0.17752	0.999995	159	1	-0.47633	0.99552	0.99569	0.999995	984	0	-0.47633
ATP6V1D	4	0.16453	0.17817	0.999995	160	1	-0.36262	0.45831	0.45683	0.707957	505	0	-0.36262
TAMM41	4	0.16533	0.17881	0.999995	161	1	-0.32988	0.45831	0.45683	0.707957	326	0	-0.32988
SNAPC4	4	0.16775	0.18103	0.999995	162	1	-0.24463	0.45831	0.45683	0.707957	280	0	-0.24463
HNRNPH1	4	0.16855	0.18173	0.999995	163	1	-0.32719	0.98038	0.98064	0.999995	942	0	-0.32719
NRBP2	4	0.18292	0.19429	0.999995	164	1	-0.53259	0.99835	0.99844	0.999995	1011	0	-0.53259
RPL15	2	0.18334	0.18333	0.999995	165	1	-0.30472	0.26401	0.2636	0.707957	2	0	-0.30472
ZNF34	4	0.1853	0.19644	0.999995	166	1	-0.36945	0.83099	0.83159	0.999995	796	0	-0.36945
SPTLC2	4	0.18609	0.19706	0.999995	167	1	-0.098879	0.45831	0.45683	0.707957	341	0	-0.098879
CNOT7	4	0.18767	0.1985	0.999995	168	1	-0.29291	0.45831	0.45683	0.707957	386	0	-0.29291
HNRNPF	4	0.19082	0.20138	0.999995	169	1	-0.19911	0.45831	0.45683	0.707957	560	0	-0.19911
XAB2	4	0.19161	0.20198	0.999995	170	1	-0.4213	0.99172	0.99221	0.999995	966	0	-0.4213
THRAP3	4	0.19239	0.20258	0.999995	171	1	-0.41468	0.99811	0.9982	0.999995	1005	0	-0.41468
TCERG1	4	0.19475	0.20453	0.999995	172	1	-0.23421	0.45831	0.45683	0.707957	210	0	-0.23421
KAT6A	4	0.20023	0.20894	0.999995	173	1	-0.21299	0.88241	0.88255	0.999995	850	0	-0.21299
DDX5	4	0.20101	0.2095	0.999995	174	1	-0.36874	0.98665	0.98701	0.999995	955	0	-0.36874
MORF4L2	4	0.21032	0.21757	0.999995	175	1	-0.47361	0.99265	0.99296	0.999995	968	0	-0.47361
ZMAT2	4	0.21726	0.2236	0.999995	176	1	0	0.45831	0.45683	0.707957	241	0	0
BUB1B	4	0.21802	0.22438	0.999995	177	1	-0.4361	0.9853	0.98569	0.999995	953	0	-0.4361
COPG1	4	0.22109	0.22726	0.999995	178	1	-0.042374	0.45831	0.45683	0.707957	357	0	-0.042374
NSG2	4	0.22414	0.22981	0.999995	179	1	0	0.45831	0.45683	0.707957	168	0	0
ATR	4	0.22491	0.23059	0.999995	180	1	-0.27041	0.45831	0.45683	0.707957	517	0	-0.27041
POLR2F	4	0.22567	0.2315	0.999995	181	1	-0.20256	0.45831	0.45683	0.707957	151	0	-0.20256
SOS1	4	0.23174	0.23678	0.999995	182	1	-0.1688	0.45831	0.45683	0.707957	329	0	-0.1688
PPP2R1A	4	0.24079	0.24496	0.999995	183	1	-0.23327	0.45831	0.45683	0.707957	94	0	-0.23327
DGAT1	4	0.24304	0.24695	0.999995	184	1	-0.22098	0.45831	0.45683	0.707957	433	0	-0.22098
PFN1	4	0.24379	0.24759	0.999995	185	1	-0.19827	0.45831	0.45683	0.707957	147	0	-0.19827
UTP14A	4	0.24528	0.24887	0.999995	186	1	-0.45338	0.45831	0.45683	0.707957	249	0	-0.45338
DDI2	4	0.24752	0.25103	0.999995	187	1	-0.19475	0.45831	0.45683	0.707957	416	0	-0.19475
NXT1	4	0.24901	0.25226	0.999995	188	1	-0.25457	0.9083	0.90709	0.999995	875	0	-0.25457
ZMIZ1	4	0.25273	0.25552	0.999995	189	1	-0.087621	0.75189	0.75205	0.999995	732	0	-0.087621
DDX39B	4	0.2579	0.26022	0.999995	190	1	0	0.45831	0.45683	0.707957	419	0	0
GFM1	4	0.25864	0.26076	0.999995	191	1	-0.27991	0.45831	0.45683	0.707957	681	0	-0.27991
CFL1	4	0.26085	0.26282	0.999995	192	1	-0.32055	0.99365	0.99398	0.999995	976	0	-0.32055
RPA1	4	0.26306	0.26481	0.999995	193	1	-0.38418	0.99891	0.99908	0.999995	1019	0	-0.38418
SKA1	4	0.26379	0.26547	0.999995	194	1	-0.192	0.45831	0.45683	0.707957	300	0	-0.192
CDK2	4	0.26891	0.27011	0.999995	195	1	-0.51056	0.8699	0.87006	0.999995	839	0	-0.51056
RSBN1L	4	0.27037	0.27162	0.999995	196	1	-0.49507	0.98215	0.98258	0.999995	947	0	-0.49507
UNC45A	4	0.2711	0.27224	0.999995	197	1	-0.21049	0.87579	0.87619	0.999995	842	0	-0.21049
KIF4A	4	0.27473	0.27572	0.999995	198	1	-0.19549	0.98393	0.98431	0.999995	951	0	-0.19549
SMC1A	4	0.27545	0.27634	0.999995	199	1	-0.47075	0.99939	0.99944	0.999995	1028	0	-0.47075
PMM2	4	0.27762	0.27855	0.999995	200	1	-0.090574	0.45831	0.45683	0.707957	158	0	-0.090574
TAF1	4	0.27835	0.27916	0.999995	201	1	-0.021249	0.45831	0.45683	0.707957	325	0	-0.021249
IPO7	3	0.28104	0.27924	0.999995	202	0	-0.55274	0.98006	0.97977	0.999995	940	0	-0.55274
CLASP1	4	0.28123	0.28178	0.999995	203	1	-0.26262	0.45831	0.45683	0.707957	390	0	-0.26262
MED13L	4	0.28555	0.28596	0.999995	204	1	-0.55788	0.9988	0.99894	0.999995	1015	0	-0.55788
ACACA	4	0.28698	0.28725	0.999995	205	1	-0.20597	0.45831	0.45683	0.707957	460	0	-0.20597
GSDMD	4	0.28912	0.28936	0.999995	206	1	-0.42839	0.45831	0.45683	0.707957	669	0	-0.42839
AKIRIN2	4	0.29482	0.29473	0.999995	207	1	-0.4847	0.99902	0.9992	0.999995	1020	0	-0.4847
HASPIN	4	0.29624	0.29601	0.999995	208	1	-0.46802	0.45831	0.45683	0.707957	545	0	-0.46802
AHCYL1	4	0.29907	0.29848	0.999995	209	1	-0.34365	0.45831	0.45683	0.707957	477	0	-0.34365
SAMD9	4	0.3026	0.30216	0.999995	210	1	-0.050147	0.45831	0.45683	0.707957	68	0	-0.050147
KCNG4	4	0.30401	0.30338	0.999995	211	1	-0.026558	0.45831	0.45683	0.707957	594	0	-0.026558
MED31	4	0.30611	0.30532	0.999995	212	1	-0.081521	0.45831	0.45683	0.707957	125	0	-0.081521
GATAD2A	4	0.30682	0.30591	0.999995	213	1	-0.23038	0.45831	0.45683	0.707957	678	0	-0.23038
RALGPS2	4	0.3131	0.31255	0.999995	214	1	-0.41791	0.99877	0.99892	0.999995	1013	0	-0.41791
TYMS	4	0.3138	0.31339	0.999995	215	1	-0.26622	0.45831	0.45683	0.707957	195	0	-0.26622
ANAPC4	4	0.31588	0.31537	0.999995	216	1	-0.30517	0.45831	0.45683	0.707957	442	0	-0.30517
GJA8	4	0.31796	0.31749	0.999995	217	1	-0.059958	0.45831	0.45683	0.707957	684	0	-0.059958
RHBDF2	4	0.31866	0.31811	0.999995	218	1	-0.12376	0.45831	0.45683	0.707957	89	0	-0.12376
DGKZ	3	0.32136	0.31932	0.999995	219	0	-0.34093	0.81558	0.81548	0.999995	786	0	-0.34093
NMT1	4	0.32142	0.32089	0.999995	220	1	-0.29698	0.96687	0.96695	0.999995	923	0	-0.29698
ZNF804B	4	0.32349	0.32295	0.999995	221	1	-0.16065	0.45831	0.45683	0.707957	239	0	-0.16065
YIPF5	4	0.32555	0.32518	0.999995	222	1	-0.19566	0.45831	0.45683	0.707957	231	0	-0.19566
BAP1	4	0.32761	0.32734	0.999995	223	1	-0.37001	0.99954	0.99957	0.999995	1030	0	-0.37001
MYL7	4	0.32966	0.32928	0.999995	224	1	-0.25177	0.7548	0.75489	0.999995	736	0	-0.25177
PEF1	4	0.33239	0.33183	0.999995	225	1	-0.079241	0.45831	0.45683	0.707957	143	0	-0.079241
RPL21	2	0.33258	0.33102	0.999995	226	0	-0.22664	0.84138	0.84015	0.999995	812	0	-0.22664
EPS15	4	0.33375	0.33326	0.999995	227	1	-0.2976	0.97929	0.97948	0.999995	938	0	-0.2976
GDI2	8	0.33497	0.37482	0.999995	228	1	-0.13374	0.70658	0.70671	0.999995	699	0	-0.13374
UCHL5	4	0.33511	0.33465	0.999995	229	1	-0.3922	0.90691	0.90542	0.999995	872	0	-0.3922
PCGF1	4	0.33647	0.33586	0.999995	230	1	-0.068711	0.45831	0.45683	0.707957	173	0	-0.068711
RHOBTB2	4	0.33715	0.3365	0.999995	231	1	-0.20203	0.45831	0.45683	0.707957	91	0	-0.20203
IPO5	4	0.3385	0.3381	0.999995	232	1	-0.38112	0.93887	0.93819	0.999995	900	0	-0.38112
ERH	4	0.33985	0.33953	0.999995	233	0	-0.10443	0.45831	0.45683	0.707957	645	0	-0.10443
BZW2	4	0.34053	0.34009	0.999995	234	0	-0.3347	0.90566	0.90447	0.999995	871	0	-0.3347
YIF1B	4	0.34188	0.3414	0.999995	235	0	-0.0028745	0.45831	0.45683	0.707957	229	0	-0.0028745
COQ10B	4	0.34323	0.34266	0.999995	236	0	-0.45808	0.96018	0.95987	0.999995	915	0	-0.45808
KLF4	4	0.34726	0.34665	0.999995	237	0	-0.154	0.45831	0.45683	0.707957	591	0	-0.154
PKM	3	0.34774	0.34582	0.999995	238	0	-0.36057	0.6684	0.66802	0.999995	689	0	-0.36057
RIC8A	4	0.34793	0.34731	0.999995	239	0	-0.44547	0.99325	0.99349	0.999995	972	0	-0.44547
QSOX1	4	0.34926	0.3487	0.999995	240	0	-0.25473	0.98384	0.98421	0.999995	949	0	-0.25473
MRPL27	4	0.35193	0.35134	0.999995	241	0	-0.36741	0.98156	0.98194	0.999995	945	0	-0.36741
VANGL2	4	0.35327	0.35267	0.999995	242	0	-0.27624	0.93202	0.93119	0.999995	892	0	-0.27624
FANCF	4	0.35393	0.35322	0.999995	243	0	-0.31626	0.91916	0.9183	0.999995	881	0	-0.31626
DGKI	4	0.3546	0.35377	0.999995	244	0	-0.021802	0.45831	0.45683	0.707957	434	0	-0.021802
ZG16	4	0.35526	0.35433	0.999995	245	0	-0.060451	0.45831	0.45683	0.707957	227	0	-0.060451
HNRNPK	4	0.35725	0.3563	0.999995	246	0	-0.29136	0.76179	0.76202	0.999995	741	0	-0.29136
GIT2	4	0.35924	0.35828	0.999995	247	0	-0.19178	0.84051	0.84097	0.999995	809	0	-0.19178
PPP3CC	4	0.36056	0.35954	0.999995	248	0	-0.2624	0.83604	0.83633	0.999995	803	0	-0.2624
RPS7	1	0.3609	0.36129	0.999995	249	0	-0.13862	0.6391	0.6418	0.990265	687	0	-0.13862
H2AFX	4	0.36385	0.36275	0.999995	250	0	-0.19961	0.45831	0.45683	0.707957	551	0	-0.19961
SLC35F3	4	0.36582	0.36478	0.999995	251	0	-0.087687	0.45831	0.45683	0.707957	268	0	-0.087687
RNF10	4	0.36647	0.36542	0.999995	252	0	-0.23224	0.87867	0.87902	0.999995	845	0	-0.23224
SOAT1	4	0.36713	0.36598	0.999995	253	0	-0.07911	0.45831	0.45683	0.707957	338	0	-0.07911
CRK	4	0.36844	0.36743	0.999995	254	0	-0.45554	0.99669	0.99668	0.999995	991	0	-0.45554
CTPS2	4	0.36974	0.36888	0.999995	255	0	-0.086188	0.45831	0.45683	0.707957	364	0	-0.086188
ACTL6B	4	0.3704	0.36951	0.999995	256	0	-0.19307	0.78772	0.78804	0.999995	765	0	-0.19307
TBC1D28	3	0.37088	0.36893	0.999995	257	0	-0.35124	0.85518	0.85536	0.999995	824	0	-0.35124
PSMA2	4	0.37235	0.37125	0.999995	258	0	-0.28217	0.45831	0.45683	0.707957	50	0	-0.28217
RANBP9	4	0.37754	0.37646	0.999995	259	0	-0.28255	0.45831	0.45683	0.707957	30	0	-0.28255
TUBB2A	4	0.37948	0.37839	0.999995	260	0	-0.29197	0.45831	0.45683	0.707957	194	0	-0.29197
CAP1	4	0.38012	0.37899	0.999995	261	0	-0.077852	0.45831	0.45683	0.707957	481	0	-0.077852
MTX1	3	0.38048	0.37873	0.999995	262	0	-0.27724	0.36859	0.36672	0.707957	8	0	-0.27724
ATP5PB	4	0.38141	0.38039	0.999995	263	0	-0.20303	0.45831	0.45683	0.707957	501	0	-0.20303
TACC3	4	0.38526	0.38413	0.999995	264	0	-0.17219	0.45831	0.45683	0.707957	318	0	-0.17219
DGAT2L6	4	0.3859	0.38462	0.999995	265	0	0	0.45831	0.45683	0.707957	435	0	0
RPA3	4	0.39164	0.39005	0.999995	266	0	-0.33043	0.45831	0.45683	0.707957	63	0	-0.33043
ARID1B	4	0.39228	0.39062	0.999995	267	0	-0.21282	0.45831	0.45683	0.707957	479	0	-0.21282
POLR2A	4	0.39291	0.39133	0.999995	268	0	-0.39369	0.45831	0.45683	0.707957	149	0	-0.39369
EFR3A	4	0.39418	0.39263	0.999995	269	0	-0.27366	0.45831	0.45683	0.707957	411	0	-0.27366
RBMX	3	0.39545	0.39379	0.999995	270	0	-0.10778	0.36859	0.36672	0.707957	18	0	-0.10778
NET1	4	0.39671	0.39504	0.999995	271	0	-0.044251	0.45831	0.45683	0.707957	113	0	-0.044251
TIMM23	4	0.39734	0.39554	0.999995	272	0	-0.23189	0.45831	0.45683	0.707957	205	0	-0.23189
PRKAB1	4	0.39923	0.39753	0.999995	273	0	-0.23835	0.45831	0.45683	0.707957	38	0	-0.23835
CCND3	4	0.40426	0.40223	0.999995	274	0	-0.3757	0.99929	0.99941	0.999995	1026	0	-0.3757
ADAP1	4	0.40488	0.40298	0.999995	275	0	-0.44073	0.45831	0.45683	0.707957	468	0	-0.44073
NHLRC1	4	0.40613	0.40424	0.999995	276	0	-0.026624	0.45831	0.45683	0.707957	107	0	-0.026624
BRD8	4	0.40738	0.40547	0.999995	277	0	-0.40378	0.45831	0.45683	0.707957	512	0	-0.40378
ADSS	3	0.40969	0.40765	0.999995	278	0	-0.035088	0.36859	0.36672	0.707957	6	0	-0.035088
MBTD1	4	0.41173	0.40989	0.999995	279	0	-0.22505	0.90519	0.90404	0.999995	870	0	-0.22505
LARP1	4	0.41359	0.41164	0.999995	280	0	-0.097331	0.45831	0.45683	0.707957	600	0	-0.097331
MED13	4	0.41606	0.41424	0.999995	281	0	-0.15658	0.95072	0.95034	0.999995	910	0	-0.15658
PPP2CB	3	0.41648	0.41473	0.999995	282	0	-0.13252	0.75393	0.75408	0.999995	735	0	-0.13252
ZNF185	4	0.41667	0.41485	0.999995	283	0	0	0.45831	0.45683	0.707957	242	0	0
SMARCC1	4	0.41729	0.41554	0.999995	284	0	-0.22787	0.45831	0.45683	0.707957	277	0	-0.22787
FOXK2	4	0.4179	0.41623	0.999995	285	0	-0.36922	0.99547	0.99565	0.999995	981	0	-0.36922
MRPL55	4	0.41852	0.41677	0.999995	286	0	-0.27241	0.45831	0.45683	0.707957	134	0	-0.27241
CCT6B	4	0.42036	0.41857	0.999995	287	0	-0.10372	0.74896	0.74909	0.999995	727	0	-0.10372
RNF20	4	0.4222	0.42036	0.999995	288	0	-0.28866	0.45831	0.45683	0.707957	60	0	-0.28866
PIP4P2	4	0.42342	0.42167	0.999995	289	0	-0.32454	0.99472	0.99499	0.999995	979	0	-0.32454
WASL	4	0.42707	0.42518	0.999995	290	0	-0.39275	0.45831	0.45683	0.707957	257	0	-0.39275
FARS2	4	0.42829	0.4264	0.999995	291	0	-0.38193	0.82408	0.82484	0.999995	792	0	-0.38193
CCNE2	4	0.4301	0.42828	0.999995	292	0	-0.24691	0.45831	0.45683	0.707957	500	0	-0.24691
CRNN	4	0.43071	0.42884	0.999995	293	0	-0.23097	0.45831	0.45683	0.707957	368	0	-0.23097
POLD1	4	0.43252	0.43074	0.999995	294	0	-0.028153	0.45831	0.45683	0.707957	150	0	-0.028153
ABCG2	4	0.43373	0.43186	0.999995	295	0	-0.053155	0.45831	0.45683	0.707957	467	0	-0.053155
MYBL2	4	0.43493	0.43322	0.999995	296	0	-0.19746	0.45831	0.45683	0.707957	128	0	-0.19746
ZMIZ2	4	0.43553	0.43385	0.999995	297	0	-0.18662	0.92826	0.92742	0.999995	887	0	-0.18662
STT3B	4	0.43673	0.43509	0.999995	298	0	-0.21169	0.76492	0.76504	0.999995	745	0	-0.21169
GABPB2	4	0.43793	0.43639	0.999995	299	0	-0.20585	0.87961	0.87993	0.999995	848	0	-0.20585
XRCC4	4	0.44271	0.44114	0.999995	300	0	-0.35907	0.80935	0.8098	0.999995	779	0	-0.35907
ULK1	4	0.44686	0.44565	0.999995	301	0	-0.21907	0.9028	0.9019	0.999995	868	0	-0.21907
FRS3	4	0.44805	0.44688	0.999995	302	0	-0.13322	0.76617	0.76641	0.999995	747	0	-0.13322
MCPH1	4	0.44864	0.44741	0.999995	303	0	-0.24438	0.45831	0.45683	0.707957	350	0	-0.24438
ERO1B	4	0.45099	0.44972	0.999995	304	0	-0.1333	0.45831	0.45683	0.707957	638	0	-0.1333
COQ10A	4	0.45334	0.45233	0.999995	305	0	-0.14157	0.88018	0.88051	0.999995	849	0	-0.14157
DNAJC19	3	0.45429	0.45318	0.999995	306	0	-0.026076	0.36859	0.36672	0.707957	7	0	-0.026076
FLOT2	4	0.4551	0.45385	0.999995	307	0	-0.1366	0.77952	0.77996	0.999995	756	0	-0.1366
FOXB1	4	0.46035	0.45889	0.999995	308	0	-0.040098	0.45831	0.45683	0.707957	608	0	-0.040098
CLASP2	4	0.46151	0.46002	0.999995	309	0	-0.10226	0.45831	0.45683	0.707957	392	0	-0.10226
EPS15L1	4	0.46209	0.4607	0.999995	310	0	-0.2691	0.45831	0.45683	0.707957	408	0	-0.2691
MED8	4	0.4644	0.46326	0.999995	311	0	-0.23572	0.85512	0.85562	0.999995	823	0	-0.23572
ABL2	4	0.46498	0.4639	0.999995	312	0	-0.14135	0.45831	0.45683	0.707957	459	0	-0.14135
RNF2	3	0.46849	0.46705	0.999995	313	0	-0.18576	0.36859	0.36672	0.707957	14	0	-0.18576
TNPO2	4	0.46959	0.46803	0.999995	314	0	-0.17191	0.90199	0.90113	0.999995	867	0	-0.17191
LSM14A	4	0.47016	0.46857	0.999995	315	0	-0.068721	0.45831	0.45683	0.707957	584	0	-0.068721
INCENP	4	0.47245	0.47071	0.999995	316	0	-0.24867	0.90102	0.90028	0.999995	866	0	-0.24867
PDS5A	4	0.47302	0.47119	0.999995	317	0	-0.2577	0.88948	0.88932	0.999995	854	0	-0.2577
SRI	4	0.47473	0.47282	0.999995	318	0	-0.12929	0.45831	0.45683	0.707957	342	0	-0.12929
SLC25A25	4	0.47587	0.47393	0.999995	319	0	-0.25397	0.45831	0.45683	0.707957	267	0	-0.25397
IMPDH2	4	0.477	0.47498	0.999995	320	0	-0.11065	0.91546	0.91445	0.999995	879	0	-0.11065
CDK5R1	4	0.47757	0.47553	0.999995	321	0	-0.108	0.45831	0.45683	0.707957	377	0	-0.108
NAPA	4	0.47814	0.47598	0.999995	322	0	-0.17782	0.7954	0.79562	0.999995	768	0	-0.17782
ESRP1	4	0.47927	0.47716	0.999995	323	0	-0.26807	0.99427	0.99455	0.999995	978	0	-0.26807
PTPN11	4	0.48096	0.4789	0.999995	324	0	-0.22692	0.78453	0.78502	0.999995	762	0	-0.22692
AP1G1	4	0.48153	0.47958	0.999995	325	0	-0.071167	0.45831	0.45683	0.707957	437	0	-0.071167
MORF4L1	3	0.48244	0.48063	0.999995	326	0	0	0.36859	0.36672	0.707957	16	0	0
LIN28A	3	0.48289	0.48109	0.999995	327	0	-0.10388	0.73441	0.73513	0.999995	712	0	-0.10388
NAA16	4	0.48322	0.48135	0.999995	328	0	-0.15254	0.45831	0.45683	0.707957	100	0	-0.15254
PSMB6	4	0.4849	0.48294	0.999995	329	0	-0.20368	0.90487	0.90369	0.999995	869	0	-0.20368
NAA11	4	0.48658	0.48454	0.999995	330	0	-0.20778	0.45831	0.45683	0.707957	101	0	-0.20778
TNKS	4	0.4877	0.48563	0.999995	331	0	-0.12652	0.93029	0.92955	0.999995	889	0	-0.12652
MBD3L1	4	0.48937	0.48738	0.999995	332	0	-0.23892	0.45831	0.45683	0.707957	580	0	-0.23892
BRSK1	4	0.48993	0.48796	0.999995	333	0	-0.065429	0.45831	0.45683	0.707957	514	0	-0.065429
ASF1A	4	0.49049	0.48856	0.999995	334	0	-0.050467	0.45831	0.45683	0.707957	508	0	-0.050467
ERN1	4	0.49326	0.49114	0.999995	335	0	-0.16587	0.45831	0.45683	0.707957	635	0	-0.16587
FAM71A	4	0.49382	0.49164	0.999995	336	0	-0.099917	0.82508	0.82579	0.999995	794	0	-0.099917
RPL6	1	0.49423	0.49379	0.999995	337	0	-0.10746	0.50577	0.50575	0.782619	685	0	-0.10746
RING1	4	0.49437	0.49225	0.999995	338	0	-0.14453	0.45831	0.45683	0.707957	85	0	-0.14453
GCM2	4	0.49548	0.49336	0.999995	339	0	-0.17928	0.85029	0.85094	0.999995	818	0	-0.17928
FZR1	4	0.49603	0.49405	0.999995	340	0	-0.1952	0.86545	0.86561	0.999995	836	0	-0.1952
PMM1	4	0.50043	0.49856	0.999995	341	0	-0.25405	0.45831	0.45683	0.707957	156	0	-0.25405
COX4I2	4	0.50317	0.50145	0.999995	342	0	-0.12543	0.45831	0.45683	0.707957	351	0	-0.12543
TANK	4	0.50806	0.50648	0.999995	343	0	-0.075738	0.45831	0.45683	0.707957	327	0	-0.075738
GSTP1	4	0.5086	0.50697	0.999995	344	0	-0.14067	0.92991	0.92912	0.999995	888	0	-0.14067
NCOR2	4	0.50915	0.5075	0.999995	345	0	-0.14246	0.76336	0.7636	0.999995	742	0	-0.14246
RP1	4	0.51023	0.50846	0.999995	346	0	-0.35318	0.99723	0.99723	0.999995	993	0	-0.35318
SMC1B	4	0.51292	0.51141	0.999995	347	0	-0.025136	0.45831	0.45683	0.707957	281	0	-0.025136
XPR1	4	0.51346	0.512	0.999995	348	0	-0.16648	0.93516	0.93455	0.999995	895	0	-0.16648
KIF20A	8	0.51461	0.51716	0.999995	349	1	-0.37765	0.70658	0.70671	0.999995	708	0	-0.37765
AKIRIN1	4	0.51561	0.51429	0.999995	350	0	-0.14575	0.45831	0.45683	0.707957	471	0	-0.14575
CDK17	4	0.51775	0.51641	0.999995	351	0	-0.19878	0.88805	0.88802	0.999995	853	0	-0.19878
TMEM120A	4	0.51881	0.51756	0.999995	352	0	-0.20381	0.45831	0.45683	0.707957	219	0	-0.20381
ARPC5	4	0.51935	0.51807	0.999995	353	0	-0.25581	0.94122	0.94055	0.999995	902	0	-0.25581
EAF1	4	0.52041	0.51917	0.999995	354	0	-0.19385	0.96429	0.96411	0.999995	921	0	-0.19385
RRAGC	4	0.52094	0.51978	0.999995	355	0	-0.21503	0.45831	0.45683	0.707957	58	0	-0.21503
USP5	4	0.52147	0.52031	0.999995	356	0	-0.0098856	0.45831	0.45683	0.707957	247	0	-0.0098856
WRN	4	0.522	0.52075	0.999995	357	0	-0.23357	0.84167	0.84217	0.999995	813	0	-0.23357
ERBB3	8	0.52433	0.52574	0.999995	358	1	-0.12551	0.9317	0.93188	0.999995	891	0	-0.12551
DUSP10	4	0.52465	0.52364	0.999995	359	0	-0.18905	0.45831	0.45683	0.707957	401	0	-0.18905
ARFGEF2	4	0.52571	0.52492	0.999995	360	0	-0.016971	0.45831	0.45683	0.707957	448	0	-0.016971
CLTB	4	0.52623	0.52537	0.999995	361	0	-0.12345	0.45831	0.45683	0.707957	383	0	-0.12345
CELA2A	4	0.52834	0.52738	0.999995	362	0	-0.12513	0.45831	0.45683	0.707957	374	0	-0.12513
SNX2	4	0.52886	0.52789	0.999995	363	0	-0.15731	0.45831	0.45683	0.707957	336	0	-0.15731
ATAD2	4	0.52991	0.52887	0.999995	364	0	-0.2271	0.77474	0.77537	0.999995	751	0	-0.2271
MMD	4	0.53044	0.5293	0.999995	365	0	-0.22344	0.45831	0.45683	0.707957	117	0	-0.22344
LATS2	4	0.53148	0.5303	0.999995	366	0	-0.028437	0.45831	0.45683	0.707957	572	0	-0.028437
MTMR4	4	0.532	0.5309	0.999995	367	0	-0.11316	0.45831	0.45683	0.707957	136	0	-0.11316
PTF1A	4	0.53305	0.53187	0.999995	368	0	-0.064929	0.45831	0.45683	0.707957	48	0	-0.064929
RBMXL2	4	0.53357	0.53236	0.999995	369	0	-0.037863	0.45831	0.45683	0.707957	80	0	-0.037863
CYFIP1	4	0.53409	0.53286	0.999995	370	0	-0.087042	0.45831	0.45683	0.707957	366	0	-0.087042
GPSM2	4	0.53461	0.53356	0.999995	371	0	-0.016663	0.45831	0.45683	0.707957	660	0	-0.016663
SLC9A3R1	4	0.53513	0.53407	0.999995	372	0	-0.11101	0.45831	0.45683	0.707957	269	0	-0.11101
RIMKLB	3	0.53664	0.53514	0.999995	373	0	-0.11208	0.36859	0.36672	0.707957	11	0	-0.11208
BARHL1	4	0.53875	0.53765	0.999995	374	0	-0.021166	0.45831	0.45683	0.707957	521	0	-0.021166
CAT	4	0.53979	0.53867	0.999995	375	0	0	0.45831	0.45683	0.707957	484	0	0
IKBKE	4	0.54236	0.54095	0.999995	376	0	-0.096148	0.45831	0.45683	0.707957	523	0	-0.096148
YIF1A	4	0.54594	0.54469	0.999995	377	0	-0.28047	0.96259	0.96255	0.999995	919	0	-0.28047
HMSD	4	0.54645	0.5453	0.999995	378	0	-0.035751	0.45831	0.45683	0.707957	561	0	-0.035751
SNRPB2	3	0.54733	0.54618	0.999995	379	0	0	0.36859	0.36672	0.707957	17	0	0
RNF44	4	0.54849	0.54738	0.999995	380	0	-0.0017234	0.45831	0.45683	0.707957	61	0	-0.0017234
FUT5	4	0.549	0.54785	0.999995	381	0	-0.047464	0.45831	0.45683	0.707957	626	0	-0.047464
IRF6	4	0.5495	0.54835	0.999995	382	0	-0.12279	0.81644	0.81738	0.999995	787	0	-0.12279
BTG1	4	0.55102	0.5498	0.999995	383	0	-0.1801	0.81721	0.81819	0.999995	788	0	-0.1801
SIN3B	4	0.55153	0.55029	0.999995	384	0	-0.33892	0.96275	0.96268	0.999995	920	0	-0.33892
GALR3	4	0.55254	0.55134	0.999995	385	0	-0.075261	0.45831	0.45683	0.707957	679	0	-0.075261
FLOT1	4	0.55506	0.55411	0.999995	386	0	-0.0075512	0.45831	0.45683	0.707957	613	0	-0.0075512
CHMP1A	4	0.55657	0.55594	0.999995	387	0	-0.31349	0.9143	0.91318	0.999995	878	0	-0.31349
UNC119B	4	0.55707	0.55657	0.999995	388	0	-0.12308	0.77833	0.77886	0.999995	754	0	-0.12308
BICD1	4	0.55807	0.55759	0.999995	389	0	-0.24141	0.97407	0.97442	0.999995	933	0	-0.24141
PHLDA3	4	0.55957	0.55914	0.999995	390	0	-0.16329	0.86088	0.86102	0.999995	829	0	-0.16329
RBPJ	4	0.56007	0.55962	0.999995	391	0	-0.096502	0.45831	0.45683	0.707957	79	0	-0.096502
LGALS9	4	0.56106	0.5607	0.999995	392	0	-0.062778	0.45831	0.45683	0.707957	573	0	-0.062778
CRY2	4	0.56453	0.56431	0.999995	393	0	-0.22789	0.86401	0.86419	0.999995	834	0	-0.22789
RXFP3	4	0.567	0.56674	0.999995	394	0	-0.22375	0.45831	0.45683	0.707957	72	0	-0.22375
PHLDA2	4	0.56799	0.56783	0.999995	395	0	-0.17873	0.94371	0.94297	0.999995	905	0	-0.17873
SPATA16	4	0.57093	0.57058	0.999995	396	0	-0.085769	0.45831	0.45683	0.707957	339	0	-0.085769
PRKAB2	4	0.57191	0.57168	0.999995	397	0	-0.091997	0.85663	0.85696	0.999995	825	0	-0.091997
RPS28	2	0.57246	0.5713	0.999995	398	0	-0.19106	0.87158	0.8706	0.999995	841	0	-0.19106
CRY1	4	0.57288	0.57267	0.999995	399	0	-0.13305	0.45831	0.45683	0.707957	369	0	-0.13305
MED26	4	0.57386	0.57366	0.999995	400	0	-0.10701	0.90722	0.90567	0.999995	873	0	-0.10701
CTSZ	4	0.57483	0.5746	0.999995	401	0	-0.1502	0.86524	0.86542	0.999995	835	0	-0.1502
LOR	4	0.57531	0.57495	0.999995	402	0	-0.11316	0.85403	0.85443	0.999995	821	0	-0.11316
ALAS1	8	0.57567	0.57631	0.999995	403	0	-0.3397	0.9606	0.96047	0.999995	916	0	-0.3397
MTA1	4	0.57628	0.57584	0.999995	404	0	-0.17621	0.45831	0.45683	0.707957	135	0	-0.17621
GABPB1	4	0.57677	0.57631	0.999995	405	0	-0.1772	0.45831	0.45683	0.707957	622	0	-0.1772
MT2A	4	0.57725	0.57678	0.999995	406	0	-0.06949	0.45831	0.45683	0.707957	133	0	-0.06949
CLDN4	4	0.57967	0.57925	0.999995	407	0	-0.1495	0.94715	0.94658	0.999995	908	0	-0.1495
CDK8	4	0.58015	0.57979	0.999995	408	0	-0.23574	0.99162	0.99207	0.999995	965	0	-0.23574
PDS5B	4	0.58063	0.58025	0.999995	409	0	-0.24327	0.83002	0.8305	0.999995	795	0	-0.24327
AP5M1	4	0.58111	0.58068	0.999995	410	0	-0.14522	0.45831	0.45683	0.707957	447	0	-0.14522
PTCH1	4	0.58159	0.58115	0.999995	411	0	-0.11522	0.45831	0.45683	0.707957	46	0	-0.11522
CSTF2T	4	0.58303	0.58241	0.999995	412	0	-0.17946	0.45831	0.45683	0.707957	370	0	-0.17946
SLC9A3R2	4	0.58351	0.58297	0.999995	413	0	-0.085124	0.45831	0.45683	0.707957	276	0	-0.085124
KRTAP10-10	4	0.58398	0.58343	0.999995	414	0	-0.10934	0.89905	0.89833	0.999995	862	0	-0.10934
TREML4	3	0.58577	0.58458	0.999995	415	0	-0.084896	0.87894	0.87902	0.999995	847	0	-0.084896
RIC8B	4	0.59016	0.58968	0.999995	416	0	-0.12039	0.45831	0.45683	0.707957	92	0	-0.12039
SMARCA2	4	0.59064	0.59013	0.999995	417	0	-0.11466	0.93785	0.93708	0.999995	898	0	-0.11466
ACACB	4	0.59111	0.59077	0.999995	418	0	-0.17405	0.75026	0.75035	0.999995	728	0	-0.17405
RECK	4	0.59205	0.59162	0.999995	419	0	-0.12979	0.45831	0.45683	0.707957	76	0	-0.12979
UNC119	4	0.59252	0.59218	0.999995	420	0	-0.20937	0.95713	0.95694	0.999995	912	0	-0.20937
HRH3	4	0.59299	0.59264	0.999995	421	0	-0.066146	0.45831	0.45683	0.707957	555	0	-0.066146
FKBP4	4	0.59393	0.59348	0.999995	422	0	-0.1236	0.74863	0.74867	0.999995	726	0	-0.1236
ZWILCH	4	0.5944	0.59401	0.999995	423	0	-0.22464	0.45831	0.45683	0.707957	238	0	-0.22464
RPP14	4	0.59534	0.5948	0.999995	424	0	-0.13691	0.45831	0.45683	0.707957	55	0	-0.13691
MTUS1	4	0.59581	0.59534	0.999995	425	0	-0.16281	0.89638	0.89574	0.999995	860	0	-0.16281
STRADA	4	0.59674	0.59625	0.999995	426	0	-0.21813	0.93066	0.92989	0.999995	890	0	-0.21813
ATP6V1E1	3	0.59682	0.59635	0.999995	427	0	-0.0136	0.36859	0.36672	0.707957	20	0	-0.0136
ADGRG7	4	0.59721	0.59665	0.999995	428	0	-0.11464	0.45831	0.45683	0.707957	476	0	-0.11464
CAB39	4	0.6	0.59942	0.999995	429	0	-0.026258	0.45831	0.45683	0.707957	515	0	-0.026258
GXYLT2	4	0.60139	0.60058	0.999995	430	0	-0.12721	0.45831	0.45683	0.707957	665	0	-0.12721
CAP2	4	0.60278	0.60212	0.999995	431	0	-0.26098	0.45831	0.45683	0.707957	480	0	-0.26098
BZW1	3	0.60283	0.60241	0.999995	432	0	-0.096985	0.36859	0.36672	0.707957	12	0	-0.096985
CYP7A1	4	0.60324	0.60271	0.999995	433	0	-0.11986	0.78012	0.78056	0.999995	757	0	-0.11986
RAP1GAP	4	0.60508	0.6045	0.999995	434	0	-0.026791	0.45831	0.45683	0.707957	28	0	-0.026791
NDE1	4	0.60783	0.60728	0.999995	435	0	-0.15222	0.45831	0.45683	0.707957	112	0	-0.15222
SEC31A	4	0.6092	0.60853	0.999995	436	0	-0.093722	0.79792	0.79834	0.999995	769	0	-0.093722
LSM14B	4	0.60966	0.60907	0.999995	437	0	-0.17135	0.77863	0.77915	0.999995	755	0	-0.17135
ASCL1	4	0.61057	0.61015	0.999995	438	0	-0.081783	0.45831	0.45683	0.707957	506	0	-0.081783
PGLS	4	0.61102	0.61051	0.999995	439	0	-0.087565	0.45831	0.45683	0.707957	146	0	-0.087565
HTR3E	4	0.61148	0.61099	0.999995	440	0	-0.20315	0.45831	0.45683	0.707957	558	0	-0.20315
HMG20B	4	0.61193	0.61146	0.999995	441	0	-0.086202	0.45831	0.45683	0.707957	546	0	-0.086202
CRX	4	0.61238	0.61189	0.999995	442	0	0	0.45831	0.45683	0.707957	367	0	0
S1PR4	4	0.61329	0.61278	0.999995	443	0	-0.10648	0.45831	0.45683	0.707957	64	0	-0.10648
CCNT1	4	0.61374	0.61329	0.999995	444	0	-0.19396	0.45831	0.45683	0.707957	492	0	-0.19396
ACTL7A	4	0.61465	0.61417	0.999995	445	0	-0.18284	0.91164	0.91047	0.999995	877	0	-0.18284
CAND1	4	0.61555	0.61493	0.999995	446	0	-0.15522	0.95952	0.95908	0.999995	914	0	-0.15522
EIF3L	4	0.61645	0.61567	0.999995	447	0	-0.18317	0.8695	0.86967	0.999995	838	0	-0.18317
SEC11C	4	0.6169	0.61614	0.999995	448	0	-0.03525	0.45831	0.45683	0.707957	291	0	-0.03525
BECN1	4	0.61735	0.61655	0.999995	449	0	-0.1504	0.45831	0.45683	0.707957	520	0	-0.1504
TRPM1	4	0.61779	0.617	0.999995	450	0	-0.086752	0.45831	0.45683	0.707957	199	0	-0.086752
GBX2	4	0.61824	0.61752	0.999995	451	0	-0.12095	0.45831	0.45683	0.707957	675	0	-0.12095
RHOT1	4	0.61959	0.61884	0.999995	452	0	-0.069676	0.45831	0.45683	0.707957	93	0	-0.069676
SAMD4B	4	0.62048	0.61979	0.999995	453	0	-0.23807	0.97261	0.97292	0.999995	932	0	-0.23807
HRAS	4	0.62092	0.62034	0.999995	454	0	-0.16957	0.74301	0.74249	0.999995	718	0	-0.16957
FLNC	4	0.62182	0.62137	0.999995	455	0	-0.13812	0.74732	0.74713	0.999995	723	0	-0.13812
STX17	4	0.6227	0.62233	0.999995	456	0	-0.088638	0.45831	0.45683	0.707957	316	0	-0.088638
CWF19L1	4	0.62359	0.62322	0.999995	457	0	-0.21773	0.97437	0.9746	0.999995	934	0	-0.21773
TOB1	4	0.62404	0.62373	0.999995	458	0	-0.22157	0.78511	0.78546	0.999995	763	0	-0.22157
SLITRK1	4	0.62448	0.62419	0.999995	459	0	-0.13512	0.45831	0.45683	0.707957	282	0	-0.13512
SLC32A1	4	0.62492	0.62467	0.999995	460	0	-0.13627	0.93336	0.93258	0.999995	894	0	-0.13627
PRSS37	4	0.62625	0.62593	0.999995	461	0	-0.15874	0.95483	0.95466	0.999995	911	0	-0.15874
RAD17	3	0.62629	0.62577	0.999995	462	0	-0.12702	0.70015	0.7007	0.999995	694	0	-0.12702
ALDOC	4	0.62757	0.62726	0.999995	463	0	-0.1858	0.45831	0.45683	0.707957	472	0	-0.1858
SPTAN1	4	0.62889	0.62857	0.999995	464	0	-0.15438	0.7599	0.76006	0.999995	737	0	-0.15438
TAF9B	2	0.62898	0.62767	0.999995	465	0	-0.067805	0.26401	0.2636	0.707957	1	0	-0.067805
TSTD1	4	0.62932	0.6289	0.999995	466	0	-0.16075	0.45831	0.45683	0.707957	200	0	-0.16075
GMPR2	4	0.62976	0.6294	0.999995	467	0	-0.18562	0.45831	0.45683	0.707957	655	0	-0.18562
CNOT6	4	0.63064	0.63017	0.999995	468	0	-0.25002	0.82483	0.82553	0.999995	793	0	-0.25002
ARFGEF1	4	0.63107	0.63055	0.999995	469	0	-0.052318	0.45831	0.45683	0.707957	449	0	-0.052318
G3BP1	4	0.63195	0.6313	0.999995	470	0	-0.15304	0.97542	0.97571	0.999995	935	0	-0.15304
IL6R	4	0.63238	0.63173	0.999995	471	0	-0.14674	0.83485	0.83522	0.999995	801	0	-0.14674
VPS26A	4	0.63325	0.63264	0.999995	472	0	-0.20454	0.45831	0.45683	0.707957	263	0	-0.20454
ITSN1	4	0.63369	0.63298	0.999995	473	0	-0.11383	0.45831	0.45683	0.707957	536	0	-0.11383
DST	4	0.63412	0.63334	0.999995	474	0	-0.20476	0.87714	0.8775	0.999995	844	0	-0.20476
DEGS2	4	0.63672	0.63595	0.999995	475	0	-0.17163	0.45831	0.45683	0.707957	425	0	-0.17163
HNRNPH3	4	0.63715	0.63638	0.999995	476	0	-0.14675	0.45831	0.45683	0.707957	562	0	-0.14675
TIMM23B	4	0.63758	0.63685	0.999995	477	0	-0.079178	0.45831	0.45683	0.707957	207	0	-0.079178
CHRNB3	4	0.64187	0.64103	0.999995	478	0	-0.18342	0.45831	0.45683	0.707957	382	0	-0.18342
LDB1	8	0.6421	0.64263	0.999995	479	0	-0.16625	0.97009	0.96999	0.999995	930	0	-0.16625
MBP	4	0.644	0.64355	0.999995	480	0	-0.12846	0.80559	0.80561	0.999995	776	0	-0.12846
HOXB1	4	0.64485	0.64433	0.999995	481	0	-0.12125	0.45831	0.45683	0.707957	564	0	-0.12125
MMD2	4	0.64613	0.64571	0.999995	482	0	-0.21232	0.95901	0.95875	0.999995	913	0	-0.21232
PUM1	4	0.64655	0.64604	0.999995	483	0	-0.13235	0.94067	0.93999	0.999995	901	0	-0.13235
CSTF2	4	0.64697	0.64641	0.999995	484	0	-0.11684	0.8709	0.87104	0.999995	840	0	-0.11684
CDS1	4	0.64824	0.64753	0.999995	485	0	-0.10944	0.45831	0.45683	0.707957	380	0	-0.10944
KLK12	4	0.64866	0.64794	0.999995	486	0	-0.114	0.45831	0.45683	0.707957	597	0	-0.114
DDX39A	4	0.64908	0.64825	0.999995	487	0	-0.0068979	0.45831	0.45683	0.707957	417	0	-0.0068979
FOXE3	4	0.64992	0.64912	0.999995	488	0	-0.02387	0.45831	0.45683	0.707957	610	0	-0.02387
PPP2CA	8	0.65027	0.65052	0.999995	489	0	-0.023384	0.70658	0.70671	0.999995	702	0	-0.023384
CDK5R2	4	0.65034	0.64969	0.999995	490	0	-0.148	0.45831	0.45683	0.707957	379	0	-0.148
H1FOO	4	0.65118	0.65063	0.999995	491	0	-0.039382	0.45831	0.45683	0.707957	549	0	-0.039382
TRAPPC3L	4	0.65202	0.65146	0.999995	492	0	-0.018157	0.45831	0.45683	0.707957	184	0	-0.018157
VIM	4	0.65285	0.6523	0.999995	493	0	-0.021581	0.45831	0.45683	0.707957	261	0	-0.021581
ALG14	4	0.65327	0.6527	0.999995	494	0	-0.21776	0.83841	0.83883	0.999995	807	0	-0.21776
SHMT2	4	0.65368	0.65315	0.999995	495	0	-0.15396	0.93796	0.93716	0.999995	899	0	-0.15396
TREM2	4	0.6541	0.65345	0.999995	496	0	-0.11275	0.8141	0.81493	0.999995	784	0	-0.11275
ADSSL1	4	0.65452	0.65394	0.999995	497	0	-0.18826	0.45831	0.45683	0.707957	478	0	-0.18826
SLC10A2	4	0.65535	0.65471	0.999995	498	0	-0.056823	0.45831	0.45683	0.707957	302	0	-0.056823
SNX6	4	0.65576	0.65515	0.999995	499	0	-0.21889	0.92233	0.92162	0.999995	883	0	-0.21889
TOP2B	4	0.65618	0.65561	0.999995	500	0	-0.097851	0.45831	0.45683	0.707957	188	0	-0.097851
RSBN1	4	0.65701	0.65646	0.999995	501	0	-0.2041	0.98389	0.98428	0.999995	950	0	-0.2041
TRPC5	4	0.65783	0.65732	0.999995	502	0	-0.077256	0.45831	0.45683	0.707957	185	0	-0.077256
MYH7	4	0.65866	0.65798	0.999995	503	0	-0.20432	0.45831	0.45683	0.707957	116	0	-0.20432
RNF103	4	0.65948	0.65889	0.999995	504	0	-0.064052	0.45831	0.45683	0.707957	84	0	-0.064052
RBPJL	4	0.66112	0.66054	0.999995	505	0	-0.1213	0.45831	0.45683	0.707957	81	0	-0.1213
ANKRD37	4	0.66153	0.66092	0.999995	506	0	0	0.45831	0.45683	0.707957	446	0	0
NLRP8	4	0.66194	0.66132	0.999995	507	0	-0.10792	0.45831	0.45683	0.707957	108	0	-0.10792
DYNC1LI1	3	0.6634	0.66287	0.999995	508	0	-0.15551	0.84302	0.84358	0.999995	814	0	-0.15551
SEC23A	4	0.66357	0.66275	0.999995	509	0	-0.13848	0.45831	0.45683	0.707957	297	0	-0.13848
HEATR5A	4	0.66439	0.66353	0.999995	510	0	-0.22797	0.79875	0.79914	0.999995	771	0	-0.22797
KCNT2	4	0.66561	0.66495	0.999995	511	0	-0.20158	0.77774	0.77822	0.999995	752	0	-0.20158
GRM4	4	0.66682	0.66611	0.999995	512	0	-0.082354	0.45831	0.45683	0.707957	670	0	-0.082354
CLTA	4	0.66723	0.6666	0.999995	513	0	-0.14005	0.83365	0.83404	0.999995	799	0	-0.14005
LMBR1	4	0.66763	0.66705	0.999995	514	0	-0.15414	0.45831	0.45683	0.707957	570	0	-0.15414
TOB2	4	0.66804	0.66741	0.999995	515	0	-0.11658	0.45831	0.45683	0.707957	217	0	-0.11658
ITGB1BP2	4	0.66924	0.66879	0.999995	516	0	-0.012203	0.45831	0.45683	0.707957	534	0	-0.012203
SIX6	4	0.66965	0.66913	0.999995	517	0	0	0.45831	0.45683	0.707957	298	0	0
IMPDH1	4	0.67005	0.66956	0.999995	518	0	-0.15696	0.45831	0.45683	0.707957	533	0	-0.15696
AP2A2	4	0.67125	0.67071	0.999995	519	0	-0.077648	0.45831	0.45683	0.707957	441	0	-0.077648
CABP5	4	0.67205	0.67161	0.999995	520	0	-0.16121	0.91986	0.91904	0.999995	882	0	-0.16121
BCAP31	4	0.67405	0.67354	0.999995	521	0	-0.14552	0.87885	0.87918	0.999995	846	0	-0.14552
FBLN1	4	0.67445	0.674	0.999995	522	0	-0.052591	0.45831	0.45683	0.707957	647	0	-0.052591
FKBP9	4	0.67484	0.67441	0.999995	523	0	-0.062806	0.45831	0.45683	0.707957	643	0	-0.062806
KPNA2	3	0.67597	0.67576	0.999995	524	0	-0.14878	0.81197	0.81205	0.999995	780	0	-0.14878
SMAP1	4	0.67603	0.67568	0.999995	525	0	-0.05575	0.45831	0.45683	0.707957	284	0	-0.05575
E2F4	4	0.67643	0.67594	0.999995	526	0	-0.15989	0.76555	0.76581	0.999995	746	0	-0.15989
MED12L	4	0.67683	0.67638	0.999995	527	0	-0.055766	0.45831	0.45683	0.707957	124	0	-0.055766
BATF3	4	0.67801	0.67734	0.999995	528	0	-0.13902	0.89469	0.89417	0.999995	859	0	-0.13902
FNIP2	4	0.6784	0.67776	0.999995	529	0	-0.097111	0.84693	0.84766	0.999995	816	0	-0.097111
BICD2	4	0.67919	0.67853	0.999995	530	0	-0.071733	0.76987	0.7701	0.999995	748	0	-0.071733
SAMD4A	4	0.67998	0.67943	0.999995	531	0	-0.021724	0.45831	0.45683	0.707957	66	0	-0.021724
PAX4	4	0.68037	0.67976	0.999995	532	0	-0.16465	0.96701	0.96707	0.999995	924	0	-0.16465
SEC23B	4	0.68194	0.68139	0.999995	533	0	-0.11692	0.92541	0.92472	0.999995	886	0	-0.11692
NCKAP1L	4	0.68272	0.68217	0.999995	534	0	-0.090178	0.8577	0.85796	0.999995	828	0	-0.090178
NCKAP1	4	0.6835	0.68291	0.999995	535	0	-0.15791	0.81305	0.81386	0.999995	783	0	-0.15791
ADM	4	0.68389	0.68322	0.999995	536	0	-0.18171	0.86193	0.86204	0.999995	830	0	-0.18171
ARPC5L	4	0.68427	0.68357	0.999995	537	0	-0.12509	0.80315	0.80315	0.999995	773	0	-0.12509
ESRP2	4	0.68621	0.68568	0.999995	538	0	-0.080839	0.45831	0.45683	0.707957	637	0	-0.080839
TANC2	3	0.6863	0.68674	0.999995	539	0	-0.05481	0.6917	0.69225	0.999995	692	0	-0.05481
SS18	4	0.6866	0.686	0.999995	540	0	-0.16667	0.45831	0.45683	0.707957	344	0	-0.16667
ICK	4	0.68699	0.68639	0.999995	541	0	-0.1751	0.96821	0.96837	0.999995	926	0	-0.1751
SAR1B	4	0.68737	0.68682	0.999995	542	0	0	0.45831	0.45683	0.707957	293	0	0
FEZ1	4	0.68853	0.68791	0.999995	543	0	0	0.45831	0.45683	0.707957	641	0	0
YAF2	4	0.68968	0.68899	0.999995	544	0	-0.15191	0.45831	0.45683	0.707957	259	0	-0.15191
L3MBTL2	4	0.69159	0.69109	0.999995	545	0	-0.006341	0.45831	0.45683	0.707957	598	0	-0.006341
UNC45B	4	0.69198	0.69155	0.999995	546	0	-0.12914	0.45831	0.45683	0.707957	246	0	-0.12914
TIMP2	4	0.69274	0.6923	0.999995	547	0	-0.15602	0.89263	0.89222	0.999995	858	0	-0.15602
IKBKB	4	0.6935	0.69298	0.999995	548	0	-0.078457	0.45831	0.45683	0.707957	524	0	-0.078457
BTBD11	4	0.69464	0.69418	0.999995	549	0	-0.10064	0.85316	0.85352	0.999995	820	0	-0.10064
AHCYL2	4	0.69502	0.69465	0.999995	550	0	-0.017478	0.45831	0.45683	0.707957	470	0	-0.017478
IRF4	4	0.69766	0.69723	0.999995	551	0	-0.22124	0.45831	0.45683	0.707957	543	0	-0.22124
MYBPHL	4	0.69841	0.69811	0.999995	552	0	-0.03242	0.45831	0.45683	0.707957	132	0	-0.03242
GNB3	4	0.69954	0.69932	0.999995	553	0	-0.1033	0.45831	0.45683	0.707957	657	0	-0.1033
TBPL2	4	0.69991	0.69972	0.999995	554	0	-0.14037	0.83196	0.83252	0.999995	798	0	-0.14037
GYS2	4	0.70103	0.70087	0.999995	555	0	-0.032433	0.45831	0.45683	0.707957	550	0	-0.032433
YIPF7	4	0.7014	0.70119	0.999995	556	0	-0.089545	0.45831	0.45683	0.707957	233	0	-0.089545
APOBEC1	4	0.70326	0.7029	0.999995	557	0	-0.038138	0.45831	0.45683	0.707957	455	0	-0.038138
SLC25A28	4	0.70437	0.70399	0.999995	558	0	-0.13346	0.45831	0.45683	0.707957	266	0	-0.13346
NOX3	4	0.70474	0.70435	0.999995	559	0	-0.11241	0.45831	0.45683	0.707957	109	0	-0.11241
PRKDC	8	0.70499	0.70506	0.999995	560	0	-0.20465	0.98639	0.98666	0.999995	954	0	-0.20465
MTMR3	4	0.70585	0.70526	0.999995	561	0	-0.13805	0.84535	0.84605	0.999995	815	0	-0.13805
SPATA21	4	0.70622	0.70566	0.999995	562	0	-0.11223	0.85425	0.85469	0.999995	822	0	-0.11223
CLTCL1	4	0.70696	0.70638	0.999995	563	0	0	0.45831	0.45683	0.707957	385	0	0
CASP4	4	0.70732	0.70666	0.999995	564	0	-0.0099168	0.45831	0.45683	0.707957	482	0	-0.0099168
SERPINA12	8	0.70752	0.70768	0.999995	565	0	0	0.70658	0.70671	0.999995	709	0	0
PRDM16	4	0.70769	0.70695	0.999995	566	0	-0.098639	0.45831	0.45683	0.707957	36	0	-0.098639
MAK	4	0.70879	0.70813	0.999995	567	0	-0.04715	0.45831	0.45683	0.707957	578	0	-0.04715
SLC25A15	4	0.70915	0.70861	0.999995	568	0	-0.090277	0.83123	0.83177	0.999995	797	0	-0.090277
CCNL2	4	0.70988	0.70935	0.999995	569	0	-0.054015	0.45831	0.45683	0.707957	499	0	-0.054015
ATOH1	4	0.71025	0.70973	0.999995	570	0	-0.10038	0.45831	0.45683	0.707957	502	0	-0.10038
SAFB2	4	0.71134	0.71076	0.999995	571	0	-0.14696	0.96489	0.96473	0.999995	922	0	-0.14696
IDH2	4	0.71388	0.71321	0.999995	572	0	-0.053352	0.75351	0.75359	0.999995	734	0	-0.053352
TNR	4	0.71424	0.71354	0.999995	573	0	-0.19277	0.96737	0.96756	0.999995	925	0	-0.19277
LNX1	4	0.71568	0.71497	0.999995	574	0	-0.078486	0.45831	0.45683	0.707957	576	0	-0.078486
IQCA1	4	0.71604	0.71521	0.999995	575	0	-0.13358	0.45831	0.45683	0.707957	541	0	-0.13358
PLCG1	4	0.71675	0.71602	0.999995	576	0	-0.067498	0.45831	0.45683	0.707957	142	0	-0.067498
NBEA	4	0.71711	0.71637	0.999995	577	0	-0.085669	0.45831	0.45683	0.707957	103	0	-0.085669
TPST2	4	0.71747	0.71666	0.999995	578	0	-0.14985	0.82307	0.82386	0.999995	791	0	-0.14985
CRKL	4	0.71854	0.71775	0.999995	579	0	-0.12697	0.45831	0.45683	0.707957	361	0	-0.12697
NSG1	4	0.71925	0.71857	0.999995	580	0	-0.15479	0.8377	0.83808	0.999995	806	0	-0.15479
GRHL2	4	0.72032	0.71958	0.999995	581	0	-0.14057	0.88444	0.88432	0.999995	852	0	-0.14057
TPBGL	4	0.72067	0.71987	0.999995	582	0	-0.084955	0.45831	0.45683	0.707957	191	0	-0.084955
JAG2	4	0.72138	0.72063	0.999995	583	0	-0.049855	0.45831	0.45683	0.707957	565	0	-0.049855
RCBTB1	4	0.72174	0.72097	0.999995	584	0	-0.16266	0.45831	0.45683	0.707957	75	0	-0.16266
SAP30	4	0.72209	0.72139	0.999995	585	0	-0.0066262	0.45831	0.45683	0.707957	67	0	-0.0066262
SMARCC2	4	0.72244	0.72173	0.999995	586	0	-0.12797	0.45831	0.45683	0.707957	279	0	-0.12797
DMP1	4	0.72279	0.7221	0.999995	587	0	-0.036292	0.45831	0.45683	0.707957	428	0	-0.036292
DYNLT1	4	0.7242	0.72357	0.999995	588	0	-0.024776	0.45831	0.45683	0.707957	402	0	-0.024776
TEX45	4	0.72525	0.72479	0.999995	589	0	-0.040431	0.45831	0.45683	0.707957	204	0	-0.040431
PSMB9	4	0.72665	0.72617	0.999995	590	0	-0.19763	0.45831	0.45683	0.707957	52	0	-0.19763
CAPN2	4	0.72735	0.72676	0.999995	591	0	-0.12797	0.92461	0.92403	0.999995	884	0	-0.12797
COPG2	4	0.72839	0.72782	0.999995	592	0	-0.094785	0.45831	0.45683	0.707957	356	0	-0.094785
XYLT1	4	0.72874	0.72811	0.999995	593	0	-0.075394	0.45831	0.45683	0.707957	260	0	-0.075394
EXOC6B	4	0.72909	0.7284	0.999995	594	0	-0.10218	0.45831	0.45683	0.707957	630	0	-0.10218
DZIP1L	4	0.72978	0.72905	0.999995	595	0	-0.107	0.45831	0.45683	0.707957	394	0	-0.107
NSDHL	4	0.73012	0.72934	0.999995	596	0	-0.05951	0.45831	0.45683	0.707957	169	0	-0.05951
PSEN1	4	0.73116	0.73044	0.999995	597	0	-0.15984	0.45831	0.45683	0.707957	44	0	-0.15984
RBBP7	4	0.7315	0.73076	0.999995	598	0	-0.16448	0.96876	0.96903	0.999995	927	0	-0.16448
STRIP1	4	0.73185	0.7311	0.999995	599	0	-0.12769	0.8638	0.86395	0.999995	833	0	-0.12769
FKBP10	4	0.73253	0.73168	0.999995	600	0	-0.089947	0.45831	0.45683	0.707957	642	0	-0.089947
TMEM30A	4	0.73288	0.73198	0.999995	601	0	-0.20943	0.96108	0.96078	0.999995	917	0	-0.20943
ABCA3	4	0.73322	0.73226	0.999995	602	0	-0.096287	0.45831	0.45683	0.707957	464	0	-0.096287
CD72	4	0.73425	0.73355	0.999995	603	0	-0.017405	0.45831	0.45683	0.707957	494	0	-0.017405
XYLT2	4	0.73595	0.73527	0.999995	604	0	-0.18929	0.812	0.81257	0.999995	781	0	-0.18929
DBT	4	0.73798	0.7374	0.999995	605	0	-0.101	0.45831	0.45683	0.707957	422	0	-0.101
S100A6	4	0.73933	0.73885	0.999995	606	0	-0.048704	0.45831	0.45683	0.707957	65	0	-0.048704
SLC25A24	4	0.73967	0.73912	0.999995	607	0	-0.023684	0.45831	0.45683	0.707957	274	0	-0.023684
MAPK8IP3	4	0.74034	0.73975	0.999995	608	0	-0.028246	0.75059	0.7507	0.999995	729	0	-0.028246
NMT2	4	0.74135	0.74078	0.999995	609	0	-0.18625	0.45831	0.45683	0.707957	110	0	-0.18625
PCBD1	4	0.74168	0.74115	0.999995	610	0	-0.031457	0.45831	0.45683	0.707957	179	0	-0.031457
PIP4P1	4	0.74301	0.74249	0.999995	611	0	-0.14966	0.45831	0.45683	0.707957	138	0	-0.14966
EEFSEC	4	0.74401	0.74355	0.999995	612	0	-0.027241	0.45831	0.45683	0.707957	397	0	-0.027241
ATP8B3	4	0.74434	0.74392	0.999995	613	0	-0.13708	0.74201	0.74149	0.999995	715	0	-0.13708
AKAP11	4	0.74534	0.74495	0.999995	614	0	-0.16325	0.79315	0.79364	0.999995	767	0	-0.16325
NR5A1	4	0.74567	0.74534	0.999995	615	0	-0.11757	0.45831	0.45683	0.707957	165	0	-0.11757
CADPS2	4	0.746	0.74566	0.999995	616	0	-0.03329	0.45831	0.45683	0.707957	487	0	-0.03329
KIAA0319	4	0.74633	0.74596	0.999995	617	0	-0.10198	0.45831	0.45683	0.707957	587	0	-0.10198
SOS2	4	0.74666	0.74644	0.999995	618	0	-0.055231	0.45831	0.45683	0.707957	331	0	-0.055231
FZD8	4	0.74765	0.74756	0.999995	619	0	-0.030294	0.45831	0.45683	0.707957	619	0	-0.030294
TLN1	4	0.74863	0.74867	0.999995	620	0	-0.076062	0.45831	0.45683	0.707957	213	0	-0.076062
TANC1	4	0.75124	0.75139	0.999995	621	0	-0.12846	0.45831	0.45683	0.707957	328	0	-0.12846
RNF38	4	0.75189	0.75205	0.999995	622	0	-0.19714	0.45831	0.45683	0.707957	59	0	-0.19714
NAPB	4	0.75221	0.75234	0.999995	623	0	-0.08341	0.45831	0.45683	0.707957	102	0	-0.08341
TCF3	4	0.75254	0.75265	0.999995	624	0	-0.14362	0.73967	0.73912	0.999995	714	0	-0.14362
IRF8	4	0.75351	0.75359	0.999995	625	0	-0.13007	0.45831	0.45683	0.707957	542	0	-0.13007
SBF2	3	0.75366	0.75379	0.999995	626	0	-0.10067	0.69673	0.69721	0.999995	693	0	-0.10067
STT3A	4	0.75383	0.75393	0.999995	627	0	-0.049989	0.45831	0.45683	0.707957	317	0	-0.049989
FAM50A	4	0.75608	0.75605	0.999995	628	0	-0.034671	0.45831	0.45683	0.707957	632	0	-0.034671
AMELX	4	0.7564	0.75634	0.999995	629	0	0	0.45831	0.45683	0.707957	443	0	0
ARHGEF3	4	0.75736	0.75735	0.999995	630	0	-0.11963	0.85228	0.85264	0.999995	819	0	-0.11963
CBLL1	4	0.75863	0.75868	0.999995	631	0	-0.046263	0.45831	0.45683	0.707957	490	0	-0.046263
TMEM9B	4	0.75958	0.75973	0.999995	632	0	-0.10736	0.45831	0.45683	0.707957	216	0	-0.10736
CAVIN1	4	0.7599	0.76006	0.999995	633	0	-0.11404	0.84074	0.84115	0.999995	810	0	-0.11404
COX6B2	4	0.76022	0.76048	0.999995	634	0	-0.14464	0.45831	0.45683	0.707957	353	0	-0.14464
MEP1B	4	0.76053	0.76077	0.999995	635	0	-0.032956	0.45831	0.45683	0.707957	118	0	-0.032956
TUBB2B	2	0.76072	0.75884	0.999995	636	0	-0.097725	0.68746	0.68602	0.999995	691	0	-0.097725
FNIP1	4	0.76148	0.76169	0.999995	637	0	-0.079721	0.45831	0.45683	0.707957	616	0	-0.079721
CDC34	4	0.76368	0.76391	0.999995	638	0	-0.057186	0.45831	0.45683	0.707957	436	0	-0.057186
CDNF	4	0.76399	0.76417	0.999995	639	0	-0.040373	0.45831	0.45683	0.707957	381	0	-0.040373
MYBPH	4	0.7643	0.76452	0.999995	640	0	-0.12903	0.45831	0.45683	0.707957	130	0	-0.12903
ASF1B	8	0.76588	0.76493	0.999995	641	0	-0.23903	0.70658	0.70671	0.999995	710	0	-0.23903
SHCBP1L	4	0.76617	0.76641	0.999995	642	0	-0.090081	0.85727	0.85757	0.999995	826	0	-0.090081
ANKRD10	4	0.76772	0.7681	0.999995	643	0	-0.044415	0.45831	0.45683	0.707957	444	0	-0.044415
TBC1D9	4	0.76833	0.76869	0.999995	644	0	-0.0848	0.76148	0.76169	0.999995	740	0	-0.0848
CNOT8	3	0.76857	0.76931	0.999995	645	0	0	0.36859	0.36672	0.707957	10	0	0
JAG1	4	0.76864	0.76903	0.999995	646	0	-0.052247	0.45831	0.45683	0.707957	537	0	-0.052247
NRBP1	4	0.76895	0.7693	0.999995	647	0	-0.088293	0.80478	0.80483	0.999995	774	0	-0.088293
SPTA1	4	0.77018	0.77045	0.999995	648	0	-0.033369	0.45831	0.45683	0.707957	348	0	-0.033369
NBEAL2	4	0.77079	0.7711	0.999995	649	0	-0.08065	0.45831	0.45683	0.707957	95	0	-0.08065
GPSM1	4	0.77109	0.77146	0.999995	650	0	-0.099815	0.45831	0.45683	0.707957	653	0	-0.099815
SERPINA11	4	0.7717	0.77212	0.999995	651	0	-0.03836	0.45831	0.45683	0.707957	303	0	-0.03836
STAM	4	0.77353	0.77411	0.999995	652	0	-0.081779	0.45831	0.45683	0.707957	314	0	-0.081779
UTRN	4	0.77383	0.77441	0.999995	653	0	-0.015301	0.45831	0.45683	0.707957	255	0	-0.015301
GALNT5	4	0.77413	0.77476	0.999995	654	0	-0.1697	0.45831	0.45683	0.707957	676	0	-0.1697
TXNDC8	4	0.77474	0.77537	0.999995	655	0	0	0.45831	0.45683	0.707957	193	0	0
SEC14L3	4	0.77684	0.77724	0.999995	656	0	-0.061112	0.45831	0.45683	0.707957	290	0	-0.061112
COPS7B	4	0.77923	0.77973	0.999995	657	0	-0.10083	0.45831	0.45683	0.707957	360	0	-0.10083
DUOX1	4	0.77982	0.78031	0.999995	658	0	-0.032805	0.80694	0.80705	0.999995	777	0	-0.032805
PTPN21	4	0.78012	0.78056	0.999995	659	0	-0.098258	0.45831	0.45683	0.707957	25	0	-0.098258
TCF4	4	0.78071	0.7811	0.999995	660	0	-0.086643	0.45831	0.45683	0.707957	211	0	-0.086643
RPL3L	4	0.78218	0.78268	0.999995	661	0	-0.076748	0.77292	0.77355	0.999995	749	0	-0.076748
SPDEF	4	0.78248	0.78301	0.999995	662	0	-0.12877	0.45831	0.45683	0.707957	346	0	-0.12877
LIMK1	4	0.78277	0.78324	0.999995	663	0	-0.16255	0.45831	0.45683	0.707957	567	0	-0.16255
GOLT1B	4	0.78365	0.78414	0.999995	664	0	-0.050698	0.45831	0.45683	0.707957	651	0	-0.050698
SLC35F4	4	0.78424	0.78483	0.999995	665	0	-0.082664	0.45831	0.45683	0.707957	270	0	-0.082664
DMXL2	4	0.78656	0.78688	0.999995	666	0	-0.18208	0.85749	0.85779	0.999995	827	0	-0.18208
HMGCS2	4	0.78714	0.78758	0.999995	667	0	-0.10492	0.45831	0.45683	0.707957	554	0	-0.10492
TAP1	4	0.78858	0.78889	0.999995	668	0	-0.028748	0.45831	0.45683	0.707957	320	0	-0.028748
RANBP10	4	0.78887	0.78911	0.999995	669	0	-0.047451	0.80532	0.80532	0.999995	775	0	-0.047451
TOMM20L	4	0.78945	0.78966	0.999995	670	0	-0.11083	0.74235	0.7418	0.999995	716	0	-0.11083
GSX1	4	0.78973	0.79002	0.999995	671	0	-0.11321	0.45831	0.45683	0.707957	662	0	-0.11321
IDH1	4	0.79002	0.79035	0.999995	672	0	-0.0032521	0.45831	0.45683	0.707957	530	0	-0.0032521
RGS19	4	0.79116	0.79153	0.999995	673	0	-0.12385	0.45831	0.45683	0.707957	90	0	-0.12385
UAP1L1	4	0.79145	0.7918	0.999995	674	0	-0.084191	0.45831	0.45683	0.707957	251	0	-0.084191
IFIH1	4	0.79315	0.79364	0.999995	675	0	-0.13225	0.45831	0.45683	0.707957	531	0	-0.13225
PLCG2	4	0.79343	0.79398	0.999995	676	0	-0.10423	0.45831	0.45683	0.707957	141	0	-0.10423
HACD2	4	0.794	0.79438	0.999995	677	0	-0.15138	0.45831	0.45683	0.707957	552	0	-0.15138
SEPHS2	4	0.79456	0.79493	0.999995	678	0	-0.14018	0.89158	0.89128	0.999995	857	0	-0.14018
EP300	4	0.79484	0.79522	0.999995	679	0	0	0.45831	0.45683	0.707957	413	0	0
SOHLH1	4	0.79512	0.79542	0.999995	680	0	0	0.45831	0.45683	0.707957	330	0	0
CYP26C1	4	0.79569	0.79589	0.999995	681	0	-0.10057	0.45831	0.45683	0.707957	393	0	-0.10057
SPTLC3	4	0.79597	0.79627	0.999995	682	0	-0.054209	0.45831	0.45683	0.707957	340	0	-0.054209
ARFIP2	4	0.79625	0.79662	0.999995	683	0	-0.16504	0.76399	0.76417	0.999995	744	0	-0.16504
GOLPH3	4	0.79708	0.79752	0.999995	684	0	-0.15472	0.94253	0.94181	0.999995	903	0	-0.15472
CHUK	8	0.79751	0.79683	0.999995	685	0	-0.10425	0.70658	0.70671	0.999995	704	0	-0.10425
LIF	4	0.79792	0.79834	0.999995	686	0	-0.084738	0.80882	0.8093	0.999995	778	0	-0.084738
GXYLT1	4	0.79875	0.79914	0.999995	687	0	-0.097583	0.45831	0.45683	0.707957	663	0	-0.097583
PSMB8	4	0.79903	0.7994	0.999995	688	0	-0.1195	0.45831	0.45683	0.707957	53	0	-0.1195
CCDC69	4	0.79931	0.79962	0.999995	689	0	-0.064145	0.45831	0.45683	0.707957	496	0	-0.064145
ZNRF4	4	0.79958	0.79989	0.999995	690	0	-0.12123	0.89955	0.89879	0.999995	863	0	-0.12123
ELL2	4	0.80041	0.80062	0.999995	691	0	-0.12589	0.83888	0.8394	0.999995	808	0	-0.12589
PRG3	4	0.80178	0.80188	0.999995	692	0	-0.010491	0.45831	0.45683	0.707957	35	0	-0.010491
CADPS	4	0.80233	0.80239	0.999995	693	0	-0.12056	0.45831	0.45683	0.707957	485	0	-0.12056
NCK1	4	0.80261	0.80263	0.999995	694	0	0	0.45831	0.45683	0.707957	98	0	0
CCNT2	4	0.80342	0.80342	0.999995	695	0	-0.10432	0.45831	0.45683	0.707957	491	0	-0.10432
LNX2	4	0.80451	0.80461	0.999995	696	0	0	0.45831	0.45683	0.707957	583	0	0
HMGCLL1	4	0.80532	0.80532	0.999995	697	0	-0.059783	0.45831	0.45683	0.707957	547	0	-0.059783
GRIP1	4	0.80559	0.80561	0.999995	698	0	-0.10979	0.45831	0.45683	0.707957	666	0	-0.10979
FRYL	4	0.80667	0.8068	0.999995	699	0	-0.02677	0.74268	0.74215	0.999995	717	0	-0.02677
UMPS	4	0.80694	0.80705	0.999995	700	0	-0.064311	0.45831	0.45683	0.707957	253	0	-0.064311
MOGAT2	4	0.80775	0.80803	0.999995	701	0	-0.0024147	0.45831	0.45683	0.707957	119	0	-0.0024147
PDGFC	4	0.80828	0.80862	0.999995	702	0	-0.14638	0.45831	0.45683	0.707957	174	0	-0.14638
GLT6D1	4	0.80855	0.80894	0.999995	703	0	-0.034738	0.45831	0.45683	0.707957	671	0	-0.034738
KRT25	4	0.81068	0.81129	0.999995	704	0	-0.029994	0.45831	0.45683	0.707957	603	0	-0.029994
CAND2	4	0.81226	0.81297	0.999995	705	0	-0.13927	0.45831	0.45683	0.707957	488	0	-0.13927
ZEB1	4	0.81279	0.81352	0.999995	706	0	-0.096908	0.45831	0.45683	0.707957	226	0	-0.096908
TSPO2	4	0.81436	0.81521	0.999995	707	0	-0.094935	0.45831	0.45683	0.707957	198	0	-0.094935
NETO2	4	0.81488	0.81578	0.999995	708	0	-0.049285	0.45831	0.45683	0.707957	114	0	-0.049285
RSC1A1	4	0.81514	0.81598	0.999995	709	0	0	0.45831	0.45683	0.707957	70	0	0
FOSL1	3	0.81581	0.81569	0.999995	710	0	-0.1006	0.78759	0.7886	0.999995	764	0	-0.1006
SPOP	4	0.81618	0.81708	0.999995	711	0	-0.041742	0.45831	0.45683	0.707957	347	0	-0.041742
TBC1D1	4	0.81644	0.81738	0.999995	712	0	-0.090051	0.45831	0.45683	0.707957	321	0	-0.090051
XPO7	4	0.81695	0.81793	0.999995	713	0	-0.083367	0.45831	0.45683	0.707957	258	0	-0.083367
TTC23	4	0.81747	0.81841	0.999995	714	0	-0.039854	0.45831	0.45683	0.707957	202	0	-0.039854
AIPL1	4	0.81824	0.81915	0.999995	715	0	-0.0014174	0.45831	0.45683	0.707957	469	0	-0.0014174
DNAJC15	4	0.82029	0.82107	0.999995	716	0	0	0.45831	0.45683	0.707957	429	0	0
PTPN6	4	0.8208	0.82169	0.999995	717	0	-0.054487	0.45831	0.45683	0.707957	24	0	-0.054487
VRTN	4	0.82156	0.82241	0.999995	718	0	-0.066713	0.45831	0.45683	0.707957	264	0	-0.066713
TGM6	4	0.82257	0.82341	0.999995	719	0	-0.051361	0.86255	0.8627	0.999995	831	0	-0.051361
GSX2	4	0.82282	0.82365	0.999995	720	0	-0.1065	0.45831	0.45683	0.707957	661	0	-0.1065
EXOC6	4	0.82332	0.82413	0.999995	721	0	-0.093697	0.86627	0.86645	0.999995	837	0	-0.093697
MRGPRX2	4	0.82408	0.82484	0.999995	722	0	-0.067707	0.45831	0.45683	0.707957	127	0	-0.067707
GPR151	4	0.82433	0.8251	0.999995	723	0	0	0.45831	0.45683	0.707957	650	0	0
LBX1	4	0.82483	0.82553	0.999995	724	0	-0.055471	0.78041	0.78082	0.999995	758	0	-0.055471
G3BP2	4	0.82508	0.82579	0.999995	725	0	0	0.45831	0.45683	0.707957	621	0	0
CYP2A6	4	0.82533	0.82602	0.999995	726	0	-0.016121	0.45831	0.45683	0.707957	421	0	-0.016121
LIMK2	4	0.82632	0.82697	0.999995	727	0	-0.043201	0.45831	0.45683	0.707957	566	0	-0.043201
PLAU	4	0.82731	0.82785	0.999995	728	0	-0.069976	0.45831	0.45683	0.707957	140	0	-0.069976
GRHL3	4	0.82879	0.82927	0.999995	729	0	-0.072967	0.45831	0.45683	0.707957	667	0	-0.072967
GDI1	4	0.82928	0.82966	0.999995	730	0	-0.023595	0.45831	0.45683	0.707957	680	0	-0.023595
TTC7B	4	0.82977	0.83021	0.999995	731	0	-0.028746	0.45831	0.45683	0.707957	201	0	-0.028746
ATAD2B	4	0.83002	0.8305	0.999995	732	0	0	0.45831	0.45683	0.707957	510	0	0
APH1B	4	0.83026	0.83074	0.999995	733	0	-0.080525	0.45831	0.45683	0.707957	453	0	-0.080525
GMPR	4	0.83075	0.83124	0.999995	734	0	-0.11572	0.45831	0.45683	0.707957	656	0	-0.11572
STRIP2	4	0.83148	0.83207	0.999995	735	0	-0.056342	0.45831	0.45683	0.707957	315	0	-0.056342
PAPSS1	4	0.83196	0.83252	0.999995	736	0	-0.036452	0.45831	0.45683	0.707957	178	0	-0.036452
DYNC1LI2	4	0.83245	0.83302	0.999995	737	0	-0.089564	0.89018	0.89002	0.999995	855	0	-0.089564
ADAP2	4	0.83341	0.83388	0.999995	738	0	-0.090563	0.87637	0.87688	0.999995	843	0	-0.090563
CHMP1B	4	0.83389	0.83432	0.999995	739	0	-0.080187	0.75221	0.75234	0.999995	733	0	-0.080187
TLN2	4	0.83509	0.83537	0.999995	740	0	-0.023027	0.45831	0.45683	0.707957	220	0	-0.023027
HACD1	4	0.83604	0.83633	0.999995	741	0	-0.035841	0.75156	0.75172	0.999995	731	0	-0.035841
ENOX1	4	0.83675	0.83706	0.999995	742	0	-0.070043	0.45831	0.45683	0.707957	412	0	-0.070043
HUS1B	4	0.83699	0.8373	0.999995	743	0	-0.044249	0.45831	0.45683	0.707957	529	0	-0.044249
ZNF423	4	0.83746	0.83782	0.999995	744	0	-0.058305	0.45831	0.45683	0.707957	235	0	-0.058305
GOLPH3L	4	0.83911	0.83965	0.999995	745	0	-0.091977	0.45831	0.45683	0.707957	659	0	-0.091977
PUM2	4	0.84005	0.84056	0.999995	746	0	-0.025616	0.78916	0.78938	0.999995	766	0	-0.025616
TPST1	4	0.84051	0.84097	0.999995	747	0	-0.026977	0.45831	0.45683	0.707957	183	0	-0.026977
SLC17A2	4	0.84074	0.84115	0.999995	748	0	-0.029508	0.45831	0.45683	0.707957	272	0	-0.029508
FSD1	4	0.84121	0.84168	0.999995	749	0	-0.1192	0.45831	0.45683	0.707957	625	0	-0.1192
ZDHHC13	4	0.84144	0.84193	0.999995	750	0	-0.00088159	0.45831	0.45683	0.707957	225	0	-0.00088159
PDGFD	4	0.84214	0.84267	0.999995	751	0	-0.015671	0.74335	0.74287	0.999995	720	0	-0.015671
TRIM25	4	0.84306	0.84367	0.999995	752	0	0	0.45831	0.45683	0.707957	186	0	0
EZH1	4	0.84329	0.8439	0.999995	753	0	-0.079103	0.781	0.78141	0.999995	759	0	-0.079103
DDI1	8	0.84331	0.84247	0.999995	754	0	0	0.70658	0.70671	0.999995	707	0	0
PCBD2	4	0.84375	0.84437	0.999995	755	0	-0.018742	0.45831	0.45683	0.707957	172	0	-0.018742
POU4F2	4	0.84443	0.8451	0.999995	756	0	-0.12755	0.45831	0.45683	0.707957	153	0	-0.12755
RAMP2	4	0.84489	0.84555	0.999995	757	0	-0.087868	0.45831	0.45683	0.707957	31	0	-0.087868
CD44	4	0.8458	0.84645	0.999995	758	0	-0.039199	0.45831	0.45683	0.707957	495	0	-0.039199
KCNT1	4	0.84603	0.84667	0.999995	759	0	-0.056016	0.45831	0.45683	0.707957	595	0	-0.056016
SAP30L	4	0.84648	0.84713	0.999995	760	0	-0.12453	0.45831	0.45683	0.707957	181	0	-0.12453
TGFBR2	4	0.84738	0.84807	0.999995	761	0	-0.073816	0.76022	0.76048	0.999995	738	0	-0.073816
AOX1	4	0.84761	0.84827	0.999995	762	0	-0.15461	0.45831	0.45683	0.707957	438	0	-0.15461
PPP2R1B	4	0.84783	0.84852	0.999995	763	0	-0.096832	0.45831	0.45683	0.707957	41	0	-0.096832
EPC2	4	0.84873	0.84933	0.999995	764	0	0	0.45831	0.45683	0.707957	405	0	0
RANBP6	3	0.84898	0.8493	0.999995	765	0	-0.077458	0.36859	0.36672	0.707957	21	0	-0.077458
IPO8	4	0.8494	0.85003	0.999995	766	0	-0.074749	0.45831	0.45683	0.707957	539	0	-0.074749
FKBP5	4	0.84962	0.85025	0.999995	767	0	-0.023888	0.45831	0.45683	0.707957	644	0	-0.023888
MYCN	4	0.85074	0.85131	0.999995	768	0	-0.046943	0.45831	0.45683	0.707957	131	0	-0.046943
EPHA2	4	0.85184	0.85227	0.999995	769	0	-0.066301	0.45831	0.45683	0.707957	407	0	-0.066301
LARP1B	4	0.85272	0.85301	0.999995	770	0	-0.047704	0.45831	0.45683	0.707957	602	0	-0.047704
SNRPN	4	0.85294	0.8532	0.999995	771	0	-0.086261	0.45831	0.45683	0.707957	334	0	-0.086261
ABCC3	4	0.85338	0.85372	0.999995	772	0	-0.092726	0.45831	0.45683	0.707957	465	0	-0.092726
NBEAL1	4	0.85425	0.85469	0.999995	773	0	-0.0082528	0.45831	0.45683	0.707957	96	0	-0.0082528
CTNNB1	4	0.85555	0.85595	0.999995	774	0	-0.075826	0.45831	0.45683	0.707957	362	0	-0.075826
SLC11A1	4	0.8562	0.85655	0.999995	775	0	-0.073201	0.45831	0.45683	0.707957	301	0	-0.073201
GBX1	4	0.85663	0.85696	0.999995	776	0	-0.12396	0.45831	0.45683	0.707957	672	0	-0.12396
DMXL1	4	0.8594	0.8597	0.999995	777	0	-0.055945	0.45831	0.45683	0.707957	430	0	-0.055945
PLXDC2	4	0.86025	0.86042	0.999995	778	0	-0.036254	0.45831	0.45683	0.707957	154	0	-0.036254
EFR3B	4	0.86046	0.86062	0.999995	779	0	-0.14966	0.94467	0.94394	0.999995	906	0	-0.14966
NR5A2	4	0.86172	0.86183	0.999995	780	0	-0.059477	0.45831	0.45683	0.707957	167	0	-0.059477
SIRPA	3	0.86249	0.86258	0.999995	781	0	-0.075359	0.36859	0.36672	0.707957	9	0	-0.075359
OSMR	4	0.86297	0.86313	0.999995	782	0	-0.02621	0.45831	0.45683	0.707957	170	0	-0.02621
STX12	4	0.86359	0.8637	0.999995	783	0	-0.080652	0.7483	0.7483	0.999995	725	0	-0.080652
ZNF418	4	0.86442	0.86461	0.999995	784	0	-0.0057706	0.45831	0.45683	0.707957	236	0	-0.0057706
KPNA3	4	0.86463	0.86483	0.999995	785	0	-0.029046	0.45831	0.45683	0.707957	604	0	-0.029046
KIAA0319L	4	0.86483	0.86507	0.999995	786	0	-0.08154	0.45831	0.45683	0.707957	589	0	-0.08154
DUOX2	4	0.86504	0.86524	0.999995	787	0	-0.13122	0.79958	0.79989	0.999995	772	0	-0.13122
FLNB	4	0.86565	0.86583	0.999995	788	0	-0.049125	0.45831	0.45683	0.707957	614	0	-0.049125
SLC22A8	4	0.86586	0.86601	0.999995	789	0	-0.13515	0.45831	0.45683	0.707957	273	0	-0.13515
ABTB2	4	0.86708	0.86734	0.999995	790	0	-0.12806	0.93622	0.93555	0.999995	897	0	-0.12806
TPBG	4	0.86728	0.86753	0.999995	791	0	-0.056589	0.45831	0.45683	0.707957	189	0	-0.056589
STX4	4	0.86789	0.86813	0.999995	792	0	-0.095158	0.45831	0.45683	0.707957	309	0	-0.095158
APOBEC3C	4	0.86829	0.86853	0.999995	793	0	-0.010923	0.45831	0.45683	0.707957	457	0	-0.010923
KIT	8	0.86928	0.8686	0.999995	794	0	-0.011451	0.70658	0.70671	0.999995	706	0	-0.011451
G6PC	4	0.8701	0.87032	0.999995	795	0	-0.056322	0.45831	0.45683	0.707957	623	0	-0.056322
PDLIM5	4	0.8711	0.87125	0.999995	796	0	-0.032841	0.45831	0.45683	0.707957	159	0	-0.032841
POU5F2	4	0.87169	0.87182	0.999995	797	0	-0.023149	0.45831	0.45683	0.707957	152	0	-0.023149
SUV39H2	3	0.87186	0.87195	0.999995	798	0	0	0.36859	0.36672	0.707957	22	0	0
CALY	4	0.87327	0.87346	0.999995	799	0	-0.061374	0.45831	0.45683	0.707957	489	0	-0.061374
INTS6L	4	0.87366	0.87388	0.999995	800	0	-0.066037	0.45831	0.45683	0.707957	540	0	-0.066037
STAM2	4	0.87483	0.87517	0.999995	801	0	-0.0080031	0.45831	0.45683	0.707957	313	0	-0.0080031
LHFPL5	4	0.8756	0.87591	0.999995	802	0	-0.04552	0.45831	0.45683	0.707957	575	0	-0.04552
GALNT2	4	0.87579	0.87619	0.999995	803	0	-0.061424	0.45831	0.45683	0.707957	677	0	-0.061424
ZAP70	4	0.87637	0.87688	0.999995	804	0	0	0.45831	0.45683	0.707957	232	0	0
PLEK2	4	0.87695	0.87733	0.999995	805	0	-0.12548	0.81875	0.81958	0.999995	789	0	-0.12548
DCAF4L2	4	0.87771	0.87807	0.999995	806	0	-0.01475	0.45831	0.45683	0.707957	424	0	-0.01475
FOXK1	4	0.87829	0.87864	0.999995	807	0	-0.058559	0.45831	0.45683	0.707957	612	0	-0.058559
ALAS2	4	0.87904	0.87935	0.999995	808	0	-0.039954	0.45831	0.45683	0.707957	473	0	-0.039954
ERN2	4	0.88036	0.8807	0.999995	809	0	-0.051834	0.45831	0.45683	0.707957	634	0	-0.051834
FXR1	4	0.88204	0.88229	0.999995	810	0	-0.068703	0.45831	0.45683	0.707957	628	0	-0.068703
ARHGEF7	4	0.88334	0.88343	0.999995	811	0	-0.038181	0.45831	0.45683	0.707957	451	0	-0.038181
FAM126A	4	0.88462	0.88452	0.999995	812	0	-0.028893	0.45831	0.45683	0.707957	631	0	-0.028893
CHSY3	4	0.88481	0.88466	0.999995	813	0	-0.053507	0.45831	0.45683	0.707957	388	0	-0.053507
SUSD1	4	0.88517	0.88516	0.999995	814	0	-0.04583	0.45831	0.45683	0.707957	310	0	-0.04583
MECP2	4	0.88535	0.88531	0.999995	815	0	0	0.45831	0.45683	0.707957	122	0	0
RNF144B	4	0.8859	0.88576	0.999995	816	0	-0.0996	0.76368	0.76391	0.999995	743	0	-0.0996
FXR2	4	0.88644	0.88631	0.999995	817	0	-0.072954	0.45831	0.45683	0.707957	620	0	-0.072954
MPC1	4	0.8868	0.88669	0.999995	818	0	0	0.45831	0.45683	0.707957	121	0	0
NXT2	4	0.88698	0.88684	0.999995	819	0	-0.028949	0.45831	0.45683	0.707957	164	0	-0.028949
SBF1	4	0.8877	0.8876	0.999995	820	0	0	0.45831	0.45683	0.707957	296	0	0
SPOPL	4	0.88788	0.88788	0.999995	821	0	-0.0024835	0.45831	0.45683	0.707957	349	0	-0.0024835
CYFIP2	4	0.88894	0.88875	0.999995	822	0	-0.073449	0.45831	0.45683	0.707957	365	0	-0.073449
MACF1	4	0.88948	0.88932	0.999995	823	0	-0.040313	0.45831	0.45683	0.707957	585	0	-0.040313
FCRL3	4	0.89123	0.89101	0.999995	824	0	0	0.45831	0.45683	0.707957	649	0	0
ZIC3	4	0.89176	0.89146	0.999995	825	0	-0.021624	0.45831	0.45683	0.707957	234	0	-0.021624
ATP6V1C2	8	0.89219	0.89215	0.999995	826	0	-0.019661	0.70658	0.70671	0.999995	700	0	-0.019661
DLL4	4	0.89366	0.89331	0.999995	827	0	-0.085602	0.78365	0.78414	0.999995	761	0	-0.085602
STX7	4	0.89486	0.89429	0.999995	828	0	-0.025532	0.45831	0.45683	0.707957	308	0	-0.025532
TYROBP	4	0.89537	0.89474	0.999995	829	0	0	0.45831	0.45683	0.707957	197	0	0
EPC1	4	0.89588	0.89519	0.999995	830	0	-0.023384	0.45831	0.45683	0.707957	406	0	-0.023384
ZDHHC17	4	0.89621	0.89553	0.999995	831	0	-0.0021278	0.45831	0.45683	0.707957	224	0	-0.0021278
AP1G2	4	0.89638	0.89574	0.999995	832	0	-0.075793	0.45831	0.45683	0.707957	439	0	-0.075793
NKAPL	4	0.89689	0.89618	0.999995	833	0	-0.042741	0.45831	0.45683	0.707957	106	0	-0.042741
ZNF260	4	0.89706	0.89632	0.999995	834	0	-0.0068806	0.45831	0.45683	0.707957	244	0	-0.0068806
FSD1L	4	0.89722	0.89648	0.999995	835	0	-0.06396	0.45831	0.45683	0.707957	624	0	-0.06396
MECOM	4	0.89739	0.89662	0.999995	836	0	-0.036015	0.45831	0.45683	0.707957	123	0	-0.036015
IQCA1L	4	0.89772	0.89697	0.999995	837	0	-0.095338	0.90004	0.89924	0.999995	864	0	-0.095338
PRDM13	4	0.89806	0.89731	0.999995	838	0	-0.042	0.45831	0.45683	0.707957	39	0	-0.042
GOLT1A	4	0.89988	0.89909	0.999995	839	0	-0.072309	0.45831	0.45683	0.707957	658	0	-0.072309
NCK2	4	0.9002	0.89942	0.999995	840	0	-0.033798	0.45831	0.45683	0.707957	105	0	-0.033798
TMEM120B	4	0.90037	0.89963	0.999995	841	0	-0.0045901	0.45831	0.45683	0.707957	221	0	-0.0045901
ATP7B	4	0.90086	0.90013	0.999995	842	0	-0.037176	0.45831	0.45683	0.707957	518	0	-0.037176
TBR1	4	0.90135	0.90054	0.999995	843	0	-0.028346	0.45831	0.45683	0.707957	208	0	-0.028346
CNOT6L	4	0.90199	0.90113	0.999995	844	0	-0.0008364	0.45831	0.45683	0.707957	387	0	-0.0008364
CDK16	4	0.90216	0.90129	0.999995	845	0	-0.016304	0.45831	0.45683	0.707957	378	0	-0.016304
PHLDA1	4	0.90232	0.90143	0.999995	846	0	-0.050442	0.45831	0.45683	0.707957	139	0	-0.050442
REG3A	4	0.90264	0.90173	0.999995	847	0	0	0.45831	0.45683	0.707957	78	0	0
PTPN14	4	0.90328	0.90241	0.999995	848	0	-0.083831	0.45831	0.45683	0.707957	47	0	-0.083831
TBK1	4	0.9044	0.90334	0.999995	849	0	-0.058988	0.45831	0.45683	0.707957	322	0	-0.058988
DMD	4	0.90582	0.90458	0.999995	850	0	-0.036575	0.45831	0.45683	0.707957	426	0	-0.036575
RNF125	4	0.90597	0.90471	0.999995	851	0	-0.081707	0.84761	0.84827	0.999995	817	0	-0.081707
TMEM30B	4	0.90707	0.90561	0.999995	852	0	-0.013912	0.45831	0.45683	0.707957	215	0	-0.013912
TMEM9	4	0.90769	0.90631	0.999995	853	0	-0.042845	0.45831	0.45683	0.707957	214	0	-0.042845
VANGL1	4	0.90784	0.90653	0.999995	854	0	-0.060237	0.45831	0.45683	0.707957	262	0	-0.060237
FEZ2	4	0.90953	0.90832	0.999995	855	0	-0.02834	0.45831	0.45683	0.707957	640	0	-0.02834
TMEM185B	4	0.90968	0.90844	0.999995	856	0	-0.03184	0.45831	0.45683	0.707957	222	0	-0.03184
MYD88	4	0.91119	0.9099	0.999995	857	0	-0.060604	0.746	0.74566	0.999995	722	0	-0.060604
BECN2	4	0.91149	0.91026	0.999995	858	0	-0.06525	0.45831	0.45683	0.707957	513	0	-0.06525
ERC2	4	0.91223	0.9111	0.999995	859	0	-0.020616	0.45831	0.45683	0.707957	627	0	-0.020616
MTUS2	4	0.91238	0.91134	0.999995	860	0	-0.11685	0.45831	0.45683	0.707957	129	0	-0.11685
GYS1	4	0.91268	0.91162	0.999995	861	0	-0.022698	0.45831	0.45683	0.707957	664	0	-0.022698
TOMM40L	4	0.91298	0.9119	0.999995	862	0	-0.096759	0.83652	0.83687	0.999995	804	0	-0.096759
H2BFM	4	0.91312	0.91198	0.999995	863	0	-0.048646	0.45831	0.45683	0.707957	553	0	-0.048646
KRT37	4	0.91327	0.91216	0.999995	864	0	0	0.45831	0.45683	0.707957	605	0	0
CRYBB2	4	0.91342	0.91231	0.999995	865	0	0	0.45831	0.45683	0.707957	371	0	0
NUMBL	4	0.9143	0.91318	0.999995	866	0	-0.07754	0.45831	0.45683	0.707957	160	0	-0.07754
TAS1R2	4	0.91445	0.91333	0.999995	867	0	0	0.45831	0.45683	0.707957	319	0	0
SEC31B	4	0.91488	0.91384	0.999995	868	0	-0.091824	0.45831	0.45683	0.707957	304	0	-0.091824
KRT74	4	0.91517	0.91416	0.999995	869	0	-0.068689	0.45831	0.45683	0.707957	606	0	-0.068689
TRPC7	4	0.91575	0.91475	0.999995	870	0	0	0.45831	0.45683	0.707957	192	0	0
RPRD1A	4	0.9159	0.91492	0.999995	871	0	-0.029596	0.45831	0.45683	0.707957	54	0	-0.029596
WAS	4	0.9169	0.9159	0.999995	872	0	-0.059572	0.78159	0.78206	0.999995	760	0	-0.059572
ATP6V1E2	4	0.91704	0.91603	0.999995	873	0	-0.053166	0.45831	0.45683	0.707957	504	0	-0.053166
IAPP	4	0.91804	0.91718	0.999995	874	0	-0.0025117	0.45831	0.45683	0.707957	528	0	-0.0025117
GLIS3	4	0.91832	0.91747	0.999995	875	0	-0.0696	0.45831	0.45683	0.707957	683	0	-0.0696
RC3H2	4	0.9186	0.91772	0.999995	876	0	0	0.45831	0.45683	0.707957	82	0	0
CAV1	4	0.91888	0.918	0.999995	877	0	-0.006846	0.45831	0.45683	0.707957	483	0	-0.006846
CHML	4	0.91972	0.91891	0.999995	878	0	-0.0059402	0.45831	0.45683	0.707957	375	0	-0.0059402
CPS1	4	0.92041	0.91982	0.999995	879	0	-0.057635	0.45831	0.45683	0.707957	355	0	-0.057635
USP13	4	0.92301	0.92242	0.999995	880	0	-0.065846	0.45831	0.45683	0.707957	245	0	-0.065846
CLCA1	4	0.92314	0.92252	0.999995	881	0	-0.030574	0.45831	0.45683	0.707957	391	0	-0.030574
XDH	4	0.92395	0.92337	0.999995	882	0	0	0.45831	0.45683	0.707957	256	0	0
PXDN	4	0.92448	0.92394	0.999995	883	0	-0.078753	0.45831	0.45683	0.707957	32	0	-0.078753
IDH3B	4	0.92461	0.92403	0.999995	884	0	-0.035032	0.76053	0.76077	0.999995	739	0	-0.035032
CDK19	8	0.92471	0.92475	0.999995	885	0	-0.03951	0.70658	0.70671	0.999995	703	0	-0.03951
AQP8	4	0.92527	0.9246	0.999995	886	0	0	0.45831	0.45683	0.707957	456	0	0
PDX1	4	0.92554	0.92482	0.999995	887	0	-0.031554	0.45831	0.45683	0.707957	144	0	-0.031554
ITSN2	4	0.92697	0.92619	0.999995	888	0	-0.028011	0.45831	0.45683	0.707957	538	0	-0.028011
PPP3R1	4	0.92723	0.92644	0.999995	889	0	0	0.45831	0.45683	0.707957	43	0	0
UBQLN3	4	0.92775	0.92696	0.999995	890	0	0	0.45831	0.45683	0.707957	252	0	0
ERO1A	4	0.92813	0.92731	0.999995	891	0	0	0.45831	0.45683	0.707957	636	0	0
TUBB4B	8	0.92828	0.92852	0.999995	892	0	-0.1174	0.70658	0.70671	0.999995	711	0	-0.1174
SMAP2	4	0.92865	0.92772	0.999995	893	0	-0.039083	0.45831	0.45683	0.707957	286	0	-0.039083
TMEM185A	4	0.92877	0.92786	0.999995	894	0	-0.018038	0.45831	0.45683	0.707957	223	0	-0.018038
CD163L1	4	0.92915	0.92829	0.999995	895	0	-0.0080826	0.45831	0.45683	0.707957	493	0	-0.0080826
ERC1	4	0.92978	0.92896	0.999995	896	0	-0.029531	0.45831	0.45683	0.707957	522	0	-0.029531
UAP1	4	0.93016	0.9294	0.999995	897	0	-0.032915	0.45831	0.45683	0.707957	196	0	-0.032915
RYBP	3	0.93083	0.92996	0.999995	898	0	-0.033338	0.36859	0.36672	0.707957	19	0	-0.033338
RAP1GAP2	4	0.93091	0.93021	0.999995	899	0	-0.0059194	0.45831	0.45683	0.707957	27	0	-0.0059194
OSBPL6	4	0.93103	0.93031	0.999995	900	0	-0.043098	0.45831	0.45683	0.707957	163	0	-0.043098
PLXDC1	8	0.93117	0.93139	0.999995	901	0	-0.037122	0.70658	0.70671	0.999995	701	0	-0.037122
ADARB1	4	0.93312	0.93235	0.999995	902	0	-0.04132	0.45831	0.45683	0.707957	475	0	-0.04132
ATP7A	4	0.93324	0.93249	0.999995	903	0	-0.036366	0.45831	0.45683	0.707957	511	0	-0.036366
ATP6V1B1	4	0.93409	0.93338	0.999995	904	0	-0.036059	0.45831	0.45683	0.707957	503	0	-0.036059
DDX17	4	0.93433	0.93382	0.999995	905	0	-0.022139	0.45831	0.45683	0.707957	415	0	-0.022139
CTCFL	4	0.93492	0.93432	0.999995	906	0	-0.024994	0.45831	0.45683	0.707957	363	0	-0.024994
EPHA3	4	0.93575	0.93509	0.999995	907	0	-0.040595	0.45831	0.45683	0.707957	409	0	-0.040595
DRD3	4	0.93634	0.93564	0.999995	908	0	-0.033747	0.45831	0.45683	0.707957	399	0	-0.033747
CAB39L	4	0.93657	0.93583	0.999995	909	0	-0.035249	0.45831	0.45683	0.707957	486	0	-0.035249
KAT6B	4	0.93692	0.93623	0.999995	910	0	-0.042083	0.45831	0.45683	0.707957	592	0	-0.042083
PXDNL	4	0.93727	0.93654	0.999995	911	0	0	0.45831	0.45683	0.707957	33	0	0
ATM	4	0.93738	0.93666	0.999995	912	0	0	0.45831	0.45683	0.707957	509	0	0
SYK	4	0.93887	0.93819	0.999995	913	0	-0.0052715	0.45831	0.45683	0.707957	311	0	-0.0052715
SATB1	4	0.93899	0.93831	0.999995	914	0	-0.012176	0.45831	0.45683	0.707957	292	0	-0.012176
RNF144A	4	0.93933	0.93868	0.999995	915	0	-0.0028441	0.45831	0.45683	0.707957	87	0	-0.0028441
PTCH2	4	0.94022	0.93958	0.999995	916	0	-0.034385	0.45831	0.45683	0.707957	45	0	-0.034385
COPZ2	4	0.94078	0.9401	0.999995	917	0	-0.045409	0.45831	0.45683	0.707957	352	0	-0.045409
KHSRP	4	0.94089	0.94023	0.999995	918	0	0	0.45831	0.45683	0.707957	588	0	0
NCBP2L	4	0.94155	0.94079	0.999995	919	0	0	0.45831	0.45683	0.707957	99	0	0
COPS7A	4	0.94199	0.94129	0.999995	920	0	-0.088203	0.45831	0.45683	0.707957	358	0	-0.088203
LRBA	4	0.94221	0.94144	0.999995	921	0	-0.047154	0.81462	0.81547	0.999995	785	0	-0.047154
PPP3CA	4	0.94253	0.94181	0.999995	922	0	-0.060825	0.45831	0.45683	0.707957	40	0	-0.060825
TTC7A	8	0.94296	0.94293	0.999995	923	0	0	0.70658	0.70671	0.999995	705	0	0
ARSJ	4	0.94403	0.94335	0.999995	924	0	-0.079144	0.81252	0.81325	0.999995	782	0	-0.079144
RANBP17	4	0.94456	0.94378	0.999995	925	0	-0.0021019	0.45831	0.45683	0.707957	23	0	-0.0021019
CCNE1	4	0.94467	0.94394	0.999995	926	0	-0.0692	0.45831	0.45683	0.707957	498	0	-0.0692
PDCD4	4	0.94602	0.94549	0.999995	927	0	-0.034438	0.45831	0.45683	0.707957	175	0	-0.034438
CHM	4	0.94674	0.94619	0.999995	928	0	-0.024138	0.45831	0.45683	0.707957	376	0	-0.024138
PPP3R2	4	0.94684	0.94628	0.999995	929	0	-0.012053	0.45831	0.45683	0.707957	42	0	-0.012053
ISL1	4	0.94786	0.94731	0.999995	930	0	0	0.45831	0.45683	0.707957	535	0	0
GRIP2	4	0.94955	0.94914	0.999995	931	0	-0.021288	0.45831	0.45683	0.707957	668	0	-0.021288
ADAM19	4	0.95004	0.94962	0.999995	932	0	-0.0080366	0.45831	0.45683	0.707957	461	0	-0.0080366
PACS1	4	0.95043	0.95005	0.999995	933	0	-0.06014	0.45831	0.45683	0.707957	177	0	-0.06014
EGFR	4	0.95052	0.95019	0.999995	934	0	-0.03381	0.45831	0.45683	0.707957	410	0	-0.03381
YBX3	4	0.95062	0.95028	0.999995	935	0	-0.039895	0.45831	0.45683	0.707957	230	0	-0.039895
FOXA1	4	0.95072	0.95034	0.999995	936	0	-0.029967	0.45831	0.45683	0.707957	609	0	-0.029967
KRT38	4	0.95091	0.9505	0.999995	937	0	0	0.45831	0.45683	0.707957	607	0	0
PACS2	4	0.95129	0.95089	0.999995	938	0	-0.030997	0.45831	0.45683	0.707957	176	0	-0.030997
AP3M1	4	0.95158	0.95123	0.999995	939	0	-0.029912	0.45831	0.45683	0.707957	440	0	-0.029912
IL6ST	4	0.95187	0.95154	0.999995	940	0	-0.034709	0.45831	0.45683	0.707957	527	0	-0.034709
ANXA1	4	0.95196	0.95162	0.999995	941	0	0	0.45831	0.45683	0.707957	445	0	0
FRS2	4	0.95215	0.95189	0.999995	942	0	-0.013835	0.45831	0.45683	0.707957	611	0	-0.013835
MAT1A	4	0.95224	0.95203	0.999995	943	0	-0.032369	0.45831	0.45683	0.707957	581	0	-0.032369
PLD2	4	0.95299	0.95297	0.999995	944	0	-0.0080914	0.45831	0.45683	0.707957	155	0	-0.0080914
NAT8L	4	0.95346	0.95338	0.999995	945	0	-0.080384	0.45831	0.45683	0.707957	104	0	-0.080384
AXL	4	0.95355	0.95345	0.999995	946	0	-0.0218	0.45831	0.45683	0.707957	519	0	-0.0218
ENOX2	4	0.95364	0.95352	0.999995	947	0	-0.042095	0.45831	0.45683	0.707957	414	0	-0.042095
IL10RA	4	0.95373	0.9536	0.999995	948	0	-0.021591	0.45831	0.45683	0.707957	525	0	-0.021591
JUP	4	0.95383	0.95368	0.999995	949	0	0	0.45831	0.45683	0.707957	593	0	0
ARID4A	4	0.95401	0.9538	0.999995	950	0	-0.047518	0.45831	0.45683	0.707957	507	0	-0.047518
OGDHL	4	0.9541	0.95386	0.999995	951	0	-0.070523	0.79847	0.79897	0.999995	770	0	-0.070523
KRTAP1-1	4	0.95428	0.95404	0.999995	952	0	-0.020097	0.45831	0.45683	0.707957	599	0	-0.020097
CLIP4	4	0.95438	0.95412	0.999995	953	0	0	0.45831	0.45683	0.707957	384	0	0
LIM2	4	0.95447	0.95424	0.999995	954	0	-0.044945	0.45831	0.45683	0.707957	574	0	-0.044945
FLT1	4	0.95474	0.95456	0.999995	955	0	-0.038121	0.45831	0.45683	0.707957	615	0	-0.038121
MARCKS	4	0.95555	0.9553	0.999995	956	0	-0.0279	0.45831	0.45683	0.707957	579	0	-0.0279
EFNB1	4	0.95652	0.95632	0.999995	957	0	-0.0268	0.45831	0.45683	0.707957	404	0	-0.0268
SLC25A2	4	0.95679	0.95651	0.999995	958	0	-0.0079283	0.45831	0.45683	0.707957	275	0	-0.0079283
MBD4	8	0.95698	0.95677	0.999995	959	0	-0.075944	0.70658	0.70671	0.999995	696	0	-0.075944
ABL1	4	0.95713	0.95694	0.999995	960	0	-0.021143	0.45831	0.45683	0.707957	466	0	-0.021143
SLC22A13	4	0.95739	0.95723	0.999995	961	0	0	0.45831	0.45683	0.707957	271	0	0
SMARCA1	4	0.95791	0.95765	0.999995	962	0	-0.0091731	0.45831	0.45683	0.707957	285	0	-0.0091731
TCF12	4	0.95993	0.95957	0.999995	963	0	-0.015774	0.45831	0.45683	0.707957	212	0	-0.015774
DCAF8L1	4	0.96034	0.96006	0.999995	964	0	0	0.45831	0.45683	0.707957	423	0	0
NUMB	4	0.96059	0.96034	0.999995	965	0	0	0.45831	0.45683	0.707957	161	0	0
DZIP3	4	0.96067	0.96043	0.999995	966	0	-0.03804	0.45831	0.45683	0.707957	396	0	-0.03804
GPR50	4	0.96227	0.96209	0.999995	967	0	0	0.45831	0.45683	0.707957	654	0	0
ZNF284	4	0.9636	0.96349	0.999995	968	0	0	0.45831	0.45683	0.707957	243	0	0
DENND5B	4	0.96406	0.96387	0.999995	969	0	-0.0047336	0.45831	0.45683	0.707957	431	0	-0.0047336
DYNLRB2	4	0.96421	0.96403	0.999995	970	0	-0.029014	0.45831	0.45683	0.707957	403	0	-0.029014
RTP1	4	0.96429	0.96411	0.999995	971	0	-0.033544	0.45831	0.45683	0.707957	71	0	-0.033544
RSPH1	4	0.96459	0.96442	0.999995	972	0	-0.058071	0.45831	0.45683	0.707957	69	0	-0.058071
FAM71B	4	0.96481	0.96464	0.999995	973	0	-0.027907	0.45831	0.45683	0.707957	646	0	-0.027907
SNTA1	4	0.966	0.96613	0.999995	974	0	-0.03515	0.73832	0.73776	0.999995	713	0	-0.03515
KCNMB3	4	0.96614	0.96625	0.999995	975	0	-0.013427	0.45831	0.45683	0.707957	596	0	-0.013427
HPS1	4	0.96622	0.96632	0.999995	976	0	0	0.45831	0.45683	0.707957	563	0	0
SCN10A	4	0.96636	0.96647	0.999995	977	0	0	0.45831	0.45683	0.707957	287	0	0
FMR1	4	0.96687	0.96695	0.999995	978	0	-0.01117	0.45831	0.45683	0.707957	617	0	-0.01117
GDF15	4	0.96708	0.96718	0.999995	979	0	-0.021276	0.45831	0.45683	0.707957	674	0	-0.021276
ZNF521	4	0.96722	0.96741	0.999995	980	0	0	0.45831	0.45683	0.707957	237	0	0
PAPSS2	4	0.96779	0.96791	0.999995	981	0	0	0.45831	0.45683	0.707957	180	0	0
PLD1	4	0.96835	0.96847	0.999995	982	0	-0.016944	0.45831	0.45683	0.707957	148	0	-0.016944
RUNX1	4	0.9691	0.96936	0.999995	983	0	0	0.45831	0.45683	0.707957	73	0	0
TFDP3	4	0.96944	0.96966	0.999995	984	0	-0.0066752	0.45831	0.45683	0.707957	203	0	-0.0066752
LMBR1L	4	0.96991	0.9702	0.999995	985	0	0	0.45831	0.45683	0.707957	569	0	0
PSEN2	4	0.97141	0.97161	0.999995	986	0	0	0.45831	0.45683	0.707957	51	0	0
CBLL2	4	0.97192	0.97221	0.999995	987	0	-0.0098517	0.45831	0.45683	0.707957	497	0	-0.0098517
TNKS2	4	0.97218	0.97243	0.999995	988	0	-0.0033896	0.45831	0.45683	0.707957	218	0	-0.0033896
LRFN1	4	0.97224	0.97253	0.999995	989	0	0	0.45831	0.45683	0.707957	582	0	0
SLCO2B1	4	0.97329	0.97364	0.999995	990	0	0	0.45831	0.45683	0.707957	283	0	0
CYP2C8	4	0.97371	0.97403	0.999995	991	0	-0.01192	0.45831	0.45683	0.707957	420	0	-0.01192
RNF113B	4	0.97383	0.97421	0.999995	992	0	0	0.45831	0.45683	0.707957	86	0	0
RB1	4	0.97501	0.97522	0.999995	993	0	-0.011976	0.45831	0.45683	0.707957	26	0	-0.011976
TOMM20	3	0.9753	0.97492	0.999995	994	0	0	0.36859	0.36672	0.707957	13	0	0
SEC11A	4	0.97536	0.97565	0.999995	995	0	0	0.45831	0.45683	0.707957	289	0	0
MTA3	4	0.97736	0.97761	0.999995	996	0	-0.015609	0.45831	0.45683	0.707957	137	0	-0.015609
ZFYVE19	4	0.97747	0.97768	0.999995	997	0	-0.022024	0.45831	0.45683	0.707957	228	0	-0.022024
ADARB2	4	0.97752	0.97776	0.999995	998	0	0	0.45831	0.45683	0.707957	474	0	0
SUV39H1	4	0.97779	0.97804	0.999995	999	0	-0.0042677	0.45831	0.45683	0.707957	312	0	-0.0042677
HEATR5B	4	0.97842	0.97864	0.999995	1000	0	0	0.45831	0.45683	0.707957	544	0	0
SATB2	4	0.97863	0.97885	0.999995	1001	0	0	0.45831	0.45683	0.707957	294	0	0
TBC1D26	2	0.97981	0.97947	0.999995	1002	0	0	0.26401	0.2636	0.707957	4	0	0
LDB2	4	0.97989	0.98003	0.999995	1003	0	0	0.45831	0.45683	0.707957	571	0	0
ULK2	4	0.98013	0.98033	0.999995	1004	0	0	0.45831	0.45683	0.707957	254	0	0
UBASH3B	4	0.98038	0.98064	0.999995	1005	0	0	0.45831	0.45683	0.707957	250	0	0
ARHGEF6	4	0.98071	0.98102	0.999995	1006	0	-0.00068615	0.45831	0.45683	0.707957	452	0	-0.00068615
VPS26B	4	0.9809	0.98128	0.999995	1007	0	0	0.45831	0.45683	0.707957	265	0	0
GBP3	4	0.98109	0.98145	0.999995	1008	0	-0.014352	0.45831	0.45683	0.707957	673	0	-0.014352
FAM50B	4	0.98128	0.98168	0.999995	1009	0	0	0.45831	0.45683	0.707957	639	0	0
TPRX1	4	0.98174	0.98218	0.999995	1010	0	-0.0027819	0.45831	0.45683	0.707957	190	0	-0.0027819
RRAGD	4	0.98192	0.98236	0.999995	1011	0	-0.02443	0.45831	0.45683	0.707957	57	0	-0.02443
BRSK2	4	0.98215	0.98258	0.999995	1012	0	-0.019959	0.45831	0.45683	0.707957	516	0	-0.019959
SBNO2	4	0.98329	0.9836	0.999995	1013	0	0	0.45831	0.45683	0.707957	288	0	0
MAP4K4	4	0.98418	0.98454	0.999995	1014	0	0	0.45831	0.45683	0.707957	577	0	0
NETO1	4	0.9845	0.98482	0.999995	1015	0	-0.0013232	0.45831	0.45683	0.707957	115	0	-0.0013232
KLF5	4	0.98498	0.98529	0.999995	1016	0	0	0.45831	0.45683	0.707957	590	0	0
NR2E1	4	0.98502	0.98535	0.999995	1017	0	0	0.45831	0.45683	0.707957	166	0	0
SP110	4	0.98526	0.98564	0.999995	1018	0	0	0.45831	0.45683	0.707957	332	0	0
ZNF146	4	0.9853	0.98569	0.999995	1019	0	0	0.45831	0.45683	0.707957	240	0	0
RCBTB2	4	0.98545	0.98583	0.999995	1020	0	-0.0009394	0.45831	0.45683	0.707957	74	0	-0.0009394
SHMT1	4	0.98584	0.98618	0.999995	1021	0	-0.028731	0.45831	0.45683	0.707957	306	0	-0.028731
IDH3G	4	0.98606	0.9864	0.999995	1022	0	0	0.45831	0.45683	0.707957	532	0	0
SPHKAP	4	0.98629	0.98665	0.999995	1023	0	-0.0036924	0.45831	0.45683	0.707957	345	0	-0.0036924
PCDH1	4	0.98647	0.98686	0.999995	1024	0	-0.016327	0.45831	0.45683	0.707957	171	0	-0.016327
TAF9	4	0.98654	0.98693	0.999995	1025	0	-0.01021	0.45831	0.45683	0.707957	324	0	-0.01021
DEGS1	4	0.98701	0.9874	0.999995	1026	0	0	0.45831	0.45683	0.707957	418	0	0
LIN28B	4	0.98784	0.98837	0.999995	1027	0	0	0.45831	0.45683	0.707957	568	0	0
EAF2	4	0.98794	0.98845	0.999995	1028	0	0	0.45831	0.45683	0.707957	398	0	0
HRH1	4	0.98827	0.98876	0.999995	1029	0	-0.010767	0.45831	0.45683	0.707957	556	0	-0.010767
ARFIP1	4	0.98886	0.98934	0.999995	1030	0	0	0.45831	0.45683	0.707957	450	0	0
RNF130	4	0.98932	0.98972	0.999995	1031	0	0	0.45831	0.45683	0.707957	88	0	0
DLL1	4	0.98938	0.98981	0.999995	1032	0	-0.0075284	0.45831	0.45683	0.707957	427	0	-0.0075284
FRY	4	0.98941	0.98984	0.999995	1033	0	0	0.45831	0.45683	0.707957	618	0	0
CEACAM1	4	0.98972	0.9902	0.999995	1034	0	0	0.45831	0.45683	0.707957	372	0	0
TIRAP	4	0.99007	0.99059	0.999995	1035	0	0	0.45831	0.45683	0.707957	206	0	0
HTR3D	4	0.99038	0.99093	0.999995	1036	0	-0.0013187	0.45831	0.45683	0.707957	559	0	-0.0013187
NDEL1	4	0.99041	0.99094	0.999995	1037	0	-0.0033929	0.45831	0.45683	0.707957	111	0	-0.0033929
MPC1L	4	0.99088	0.99136	0.999995	1038	0	0	0.45831	0.45683	0.707957	120	0	0
EZH2	4	0.99142	0.9919	0.999995	1039	0	0	0.45831	0.45683	0.707957	629	0	0
DENND5A	4	0.99207	0.99245	0.999995	1040	0	0	0.45831	0.45683	0.707957	432	0	0
GPR183	4	0.99212	0.9925	0.999995	1041	0	0	0.45831	0.45683	0.707957	652	0	0
ABCB1	4	0.99338	0.99363	0.999995	1042	0	0	0.45831	0.45683	0.707957	463	0	0
TAF1L	3	0.99713	0.99695	0.999995	1043	0	0	0.36859	0.36672	0.707957	15	0	0
SERPINA9	4	0.99959	0.9996	0.999995	1044	0	0	0.45831	0.45683	0.707957	305	0	0
RALGPS1	4	0.99959	0.9996	0.999995	1045	0	0	0.45831	0.45683	0.707957	29	0	0
RC3H1	4	0.99959	0.9996	0.999995	1046	0	0	0.45831	0.45683	0.707957	83	0	0
SIK2	4	0.99959	0.9996	0.999995	1047	0	0	0.45831	0.45683	0.707957	299	0	0
TP53	4	0.99959	0.9996	0.999995	1048	0	0	0.45831	0.45683	0.707957	187	0	0
TBC1D4	4	0.99959	0.9996	0.999995	1049	0	0	0.45831	0.45683	0.707957	323	0	0
SS18L1	4	0.99959	0.9996	0.999995	1050	0	0	0.45831	0.45683	0.707957	343	0	0
LATS1	4	0.99959	0.9996	0.999995	1051	0	0	0.45831	0.45683	0.707957	601	0	0
DPCR1	4	0.99959	0.9996	0.999995	1052	0	0	0.45831	0.45683	0.707957	400	0	0
DYNLT3	4	0.99959	0.9996	0.999995	1053	0	0	0.45831	0.45683	0.707957	395	0	0
CHSY1	4	0.99959	0.9996	0.999995	1054	0	0	0.45831	0.45683	0.707957	389	0	0
CREBBP	4	0.99959	0.9996	0.999995	1055	0	0	0.45831	0.45683	0.707957	354	0	0
HTR2C	4	0.99959	0.9996	0.999995	1056	0	0	0.45831	0.45683	0.707957	557	0	0
HMGCL	4	0.99959	0.9996	0.999995	1057	0	0	0.45831	0.45683	0.707957	548	0	0
FAM126B	4	0.99959	0.9996	0.999995	1058	0	0	0.45831	0.45683	0.707957	633	0	0
GIT1	4	0.99959	0.9996	0.999995	1059	0	0	0.45831	0.45683	0.707957	682	0	0
safe_control	74	1.0	1.0	0.999995	1060	0	0	0.99999	0.99999	0.999995	1053	0	0
