id	num	neg|score	neg|p-value	neg|fdr	neg|rank	neg|goodsgrna	neg|lfc	pos|score	pos|p-value	pos|fdr	pos|rank	pos|goodsgrna	pos|lfc
RRM1	16	2.6842e-16	4.6703e-06	0.000183	1	16	-1.1905	1.0	1.0	0.999995	1060	0	-1.1905
MYC	16	1.4951e-12	4.6703e-06	0.000183	2	15	-1.2309	1.0	1.0	0.999995	1057	0	-1.2309
TUBB4B	16	2.1982e-11	4.6703e-06	0.000183	3	14	-1.0607	0.99906	0.99929	0.999995	984	0	-1.0607
RPL3	14	2.8009e-10	4.6703e-06	0.000183	4	11	-1.277	1.0	1.0	0.999995	1038	0	-1.277
PRPF8	8	5.5691e-10	4.6703e-06	0.000183	5	8	-1.26	1.0	1.0	0.999995	1055	0	-1.26
CKAP5	16	2.0992e-09	4.6703e-06	0.000183	6	14	-1.1013	1.0	1.0	0.999995	1054	0	-1.1013
POLR2L	8	9.5707e-09	4.6703e-06	0.000183	7	8	-1.1801	1.0	1.0	0.999995	1058	0	-1.1801
RPL8	8	1.2104e-08	4.6703e-06	0.000183	8	8	-1.2059	1.0	1.0	0.999995	1040	0	-1.2059
KIF11	8	2.3004e-08	4.6703e-06	0.000183	9	8	-1.1412	1.0	1.0	0.999995	1056	0	-1.1412
RPS19	8	6.5386e-08	4.6703e-06	0.000183	10	8	-1.0878	1.0	1.0	0.999995	1053	0	-1.0878
TOP2A	8	7.0178e-08	4.6703e-06	0.000183	11	8	-1.1436	1.0	1.0	0.999995	1052	0	-1.1436
RPL11	7	1.5357e-07	4.6703e-06	0.000183	12	7	-1.2726	1.0	1.0	0.999995	1051	0	-1.2726
TOMM40	14	1.6222e-07	4.6703e-06	0.000183	13	12	-0.79607	1.0	1.0	0.999995	1059	0	-0.79607
RPL36	8	1.647e-07	4.6703e-06	0.000183	14	8	-0.97832	1.0	1.0	0.999995	1050	0	-0.97832
DYNLRB1	7	1.883e-07	4.6703e-06	0.000183	15	7	-1.1179	1.0	1.0	0.999995	1049	0	-1.1179
SIN3A	8	2.2289e-07	4.6703e-06	0.000183	16	8	-1.005	1.0	1.0	0.999995	1048	0	-1.005
GAPDH	8	2.3885e-07	4.6703e-06	0.000183	17	8	-1.0075	1.0	1.0	0.999995	1047	0	-1.0075
CCND1	8	5.8427e-07	4.6703e-06	0.000183	18	8	-1.2812	1.0	1.0	0.999995	1044	0	-1.2812
MDM4	8	6.3472e-07	4.6703e-06	0.000183	19	8	-0.9759	1.0	1.0	0.999995	1046	0	-0.9759
HSCB	8	6.4892e-07	4.6703e-06	0.000183	20	8	-1.1287	1.0	1.0	0.999995	1045	0	-1.1287
RPL13	6	7.4193e-07	4.6703e-06	0.000183	21	6	-1.1893	1.0	1.0	0.999995	1043	0	-1.1893
RPS23	6	8.5772e-07	4.6703e-06	0.000183	22	6	-1.1558	1.0	1.0	0.999995	1042	0	-1.1558
ALDOA	8	8.9806e-07	4.6703e-06	0.000183	23	8	-1.1023	1.0	1.0	0.999995	1041	0	-1.1023
BUB3	8	9.7882e-07	4.6703e-06	0.000183	24	7	-1.1918	0.99998	0.99999	0.999995	1022	0	-1.1918
COPA	8	1.0647e-06	4.6703e-06	0.000183	25	7	-1.1049	0.99999	1.0	0.999995	1025	0	-1.1049
NAA10	8	1.1131e-06	4.6703e-06	0.000183	26	8	-1.1919	1.0	1.0	0.999995	1039	0	-1.1919
MED20	8	1.1922e-06	4.6703e-06	0.000183	27	7	-0.98767	1.0	1.0	0.999995	1034	0	-0.98767
SF3B1	8	1.3227e-06	1.4011e-05	0.000495	28	7	-1.1607	0.99995	0.99995	0.999995	1018	0	-1.1607
CCNL1	8	1.7577e-06	1.4011e-05	0.000495	29	8	-1.0952	1.0	1.0	0.999995	1037	0	-1.0952
CDK7	7	1.7813e-06	1.8681e-05	0.000639	30	7	-1.1302	1.0	1.0	0.999995	1036	0	-1.1302
PDS5A	8	2.0615e-06	1.4011e-05	0.000495	31	8	-0.92015	1.0	1.0	0.999995	1035	0	-0.92015
RPP21	8	2.3743e-06	2.3351e-05	0.000774	32	7	-1.1234	1.0	1.0	0.999995	1032	0	-1.1234
XAB2	8	2.8988e-06	3.2692e-05	0.001019	33	7	-1.0532	0.99949	0.9994	0.999995	996	0	-1.0532
ILF3	8	4.4091e-06	4.2033e-05	0.001142	34	7	-1.1747	0.99481	0.99477	0.999995	961	0	-1.1747
WDR12	8	4.5701e-06	4.2033e-05	0.001142	35	7	-1.0986	1.0	1.0	0.999995	1031	0	-1.0986
RPS11	7	4.7057e-06	4.2033e-05	0.001142	36	7	-0.86384	1.0	1.0	0.999995	1030	0	-0.86384
TRRAP	8	4.8623e-06	4.2033e-05	0.001142	37	7	-1.136	0.99999	1.0	0.999995	1029	0	-1.136
PPP2CA	16	6.2084e-06	4.2033e-05	0.001142	38	11	-0.95846	0.98262	0.98349	0.999995	928	0	-0.95846
TUBB	6	7.004e-06	3.2692e-05	0.001019	39	5	-1.203	0.99237	0.99252	0.999995	949	0	-1.203
TAMM41	8	7.5113e-06	5.1373e-05	0.001297	40	7	-1.0451	0.66703	0.66793	0.999995	606	0	-1.0451
SF3B3	8	7.6817e-06	5.1373e-05	0.001297	41	7	-1.2176	0.99972	0.99966	0.999995	1004	0	-1.2176
PSMB3	7	8.3341e-06	5.1373e-05	0.001297	42	6	-0.99486	0.9999	0.99992	0.999995	1017	0	-0.99486
SOD1	8	8.5943e-06	6.0714e-05	0.00143	43	6	-1.1289	0.97015	0.96953	0.999995	901	0	-1.1289
EIF3B	8	9.7104e-06	6.0714e-05	0.00143	44	7	-0.87772	0.99973	0.99968	0.999995	1005	0	-0.87772
VMP1	8	1.0311e-05	7.0054e-05	0.001614	45	7	-0.96039	0.14003	0.1406	0.999995	104	0	-0.96039
PPP4C	8	1.3992e-05	0.00010742	0.002372	46	7	-1.038	0.98157	0.98114	0.999995	922	0	-1.038
HMGCS1	7	1.4458e-05	6.0714e-05	0.00143	47	5	-1.1203	0.99965	0.9997	0.999995	999	0	-1.1203
NAA15	8	1.7726e-05	0.0001261	0.002728	48	7	-0.86474	0.99266	0.99262	0.999995	950	0	-0.86474
VCP	8	1.9757e-05	0.00014478	0.003069	49	6	-1.0533	0.53607	0.53635	0.999995	468	0	-1.0533
RPL5	7	2.1526e-05	7.9395e-05	0.001791	50	6	-1.0829	0.97028	0.97013	0.999995	902	0	-1.0829
ATP6V1B2	8	2.3891e-05	0.00016346	0.003332	51	7	-1.153	0.99999	1.0	0.999995	1026	0	-1.153
PDS5B	8	2.8852e-05	0.0002195	0.004155	52	7	-0.90473	0.99997	0.99999	0.999995	1021	0	-0.90473
RRM2	7	3.1235e-05	0.00015412	0.003203	53	4	-0.64749	0.79412	0.79244	0.999995	710	0	-0.64749
DHX9	6	3.2073e-05	0.0002195	0.004155	54	6	-0.83494	0.99997	0.99997	0.999995	1019	0	-0.83494
RPS3	6	3.6069e-05	0.00023818	0.004429	55	5	-1.1731	0.98212	0.98198	0.999995	925	0	-1.1731
RIC8A	8	3.7415e-05	0.00027555	0.004868	56	7	-0.84739	0.99999	1.0	0.999995	1028	0	-0.84739
RPL31	5	3.9151e-05	0.0001728	0.003456	57	4	-1.1493	0.98757	0.98781	0.999995	935	0	-1.1493
RPL10A	7	4.0625e-05	0.00020082	0.003942	58	5	-1.1679	0.91282	0.91157	0.999995	827	0	-1.1679
AFG3L2	6	4.6825e-05	0.00027555	0.004868	59	5	-1.071	0.99914	0.99915	0.999995	987	0	-1.071
CDK2	8	5.9586e-05	0.00041565	0.007223	60	6	-0.97282	0.84562	0.84543	0.999995	757	0	-0.97282
CLNS1A	7	6.0731e-05	0.00026621	0.004865	61	6	-0.92408	0.99981	0.99984	0.999995	1007	0	-0.92408
SMC1A	8	6.1132e-05	0.000425	0.007266	62	7	-0.82113	0.97765	0.97711	0.999995	915	0	-0.82113
AKIRIN2	8	6.7484e-05	0.00045302	0.007622	63	7	-0.8023	0.99988	0.99984	0.999995	1011	0	-0.8023
LONP1	8	7.0554e-05	0.00046236	0.007658	64	6	-1.1527	0.99997	0.99999	0.999995	1020	0	-1.1527
RBBP7	8	7.2901e-05	0.00048104	0.007677	65	7	-0.80921	1.0	1.0	0.999995	1033	0	-0.80921
ANAPC4	8	7.4088e-05	0.00049038	0.007677	66	7	-0.81462	0.99836	0.99834	0.999995	977	0	-0.81462
SF3B5	8	7.4978e-05	0.00049972	0.007677	67	6	-1.0312	0.99903	0.99898	0.999995	983	0	-1.0312
CTR9	8	7.5555e-05	0.00049972	0.007677	68	5	-1.1178	0.84379	0.84331	0.999995	755	0	-1.1178
SFPQ	8	8.5762e-05	0.00054642	0.008274	69	5	-0.70016	0.28406	0.28456	0.999995	240	0	-0.70016
SNRPD3	8	9.4944e-05	0.00060247	0.008748	70	6	-1.0593	0.86611	0.86549	0.999995	777	0	-1.0593
SF1	8	0.00010007	0.00062115	0.008898	71	6	-1.0451	0.97104	0.97042	0.999995	903	0	-1.0451
INTS6	6	0.00010044	0.00048104	0.007677	72	5	-1.0313	0.96372	0.96388	0.999995	888	0	-1.0313
TIMM10	8	0.00011126	0.00064917	0.009054	73	6	-1.1183	0.99298	0.9929	0.999995	951	0	-1.1183
ERH	8	0.00012451	0.00068653	0.009451	74	4	-0.89107	0.60361	0.60406	0.999995	537	0	-0.89107
RPS5	8	0.00012652	0.00069587	0.009457	75	6	-0.97645	0.84743	0.84709	0.999995	759	0	-0.97645
SEPHS1	7	0.00012939	0.0005651	0.008437	76	6	-0.94826	0.99998	1.0	0.999995	1024	0	-0.94826
RBMX	7	0.00013559	0.00059313	0.008732	77	5	-1.0558	0.98551	0.98519	0.999995	931	0	-1.0558
EIF4A3	8	0.00014244	0.00075191	0.010089	78	6	-0.96842	0.91414	0.91355	0.999995	829	0	-0.96842
RAN	7	0.00014603	0.00063983	0.009043	79	6	-1.1669	0.88874	0.88764	0.999995	801	0	-1.1669
NAE1	16	0.00015576	0.001275	0.01469	80	10	-0.81774	0.92731	0.92781	0.999995	848	0	-0.81774
MRPL38	8	0.00015767	0.00085466	0.011324	81	6	-0.80679	0.99896	0.99891	0.999995	981	0	-0.80679
MED8	8	0.00016854	0.00092939	0.012014	82	6	-0.94103	0.47901	0.47912	0.999995	427	0	-0.94103
SF3B2	8	0.00018116	0.0010041	0.012824	83	5	-0.98068	0.60937	0.60992	0.999995	543	0	-0.98068
RPL14	6	0.00018266	0.00089202	0.011673	84	4	-0.98335	0.97787	0.97777	0.999995	916	0	-0.98335
USP5	8	0.00019195	0.0010508	0.013221	85	5	-1.0839	0.84251	0.84204	0.999995	754	0	-1.0839
GDI2	16	0.00020286	0.0015832	0.017665	86	10	-0.67573	0.69982	0.69915	0.999995	636	0	-0.67573
PSMA2	8	0.00020303	0.0010602	0.013221	87	6	-0.92703	0.98182	0.98149	0.999995	924	0	-0.92703
ATP6V1E1	7	0.00021056	0.0010882	0.013412	88	6	-0.87219	0.44763	0.44732	0.999995	396	0	-0.87219
ARHGEF7	8	0.0002158	0.0011255	0.01367	89	5	-1.0083	0.0060779	0.010989	0.696273	16	2	-1.0083
ATP6V1C1	8	0.00022331	0.0011536	0.013696	90	6	-0.87908	0.68065	0.6815	0.999995	621	0	-0.87908
SKA1	8	0.00022508	0.0011629	0.013696	91	5	-0.70362	0.74228	0.74145	0.999995	672	0	-0.70362
RPS8	5	0.00022781	0.0011349	0.01367	92	5	-0.90408	0.99977	0.99975	0.999995	1006	0	-0.90408
CCT6A	7	0.00023013	0.0012096	0.01409	93	6	-0.92439	0.99968	0.99972	0.999995	1001	0	-0.92439
NXT1	8	0.0002737	0.0014431	0.016448	94	5	-1.0719	0.9999	0.99988	0.999995	1016	0	-1.0719
RFC2	8	0.00029681	0.0015832	0.017665	95	6	-0.97196	0.99998	0.99999	0.999995	1023	0	-0.97196
PRPF38A	8	0.00030353	0.0016206	0.017894	96	5	-1.07	0.87115	0.87046	0.999995	780	0	-1.07
CPSF3	8	0.00036432	0.0020035	0.021552	97	6	-0.87281	0.97656	0.97597	0.999995	914	0	-0.87281
RPL37A	5	0.00040272	0.0019288	0.021078	98	4	-1.0778	0.96789	0.96844	0.999995	897	0	-1.0778
RPL17	6	0.00042125	0.0020129	0.021552	99	5	-0.87044	0.99948	0.99949	0.999995	995	0	-0.87044
ATP6V1D	8	0.00043714	0.0023305	0.024556	100	5	-0.95354	0.99754	0.99752	0.999995	971	0	-0.95354
SEPHS2	8	0.00045355	0.0023772	0.024656	101	5	-1.0148	0.98251	0.98221	0.999995	927	0	-1.0148
TLN1	8	0.00046429	0.0023959	0.024656	102	5	-0.81701	0.99695	0.99683	0.999995	967	0	-0.81701
RPL19	6	0.00049476	0.0023398	0.024556	103	4	-1.101	0.17939	0.17757	0.999995	136	0	-1.101
ATP5F1B	8	0.00051269	0.002536	0.025388	104	6	-0.87606	0.99971	0.99964	0.999995	1003	0	-0.87606
ATP5F1A	8	0.00051931	0.002564	0.025388	105	5	-0.96383	0.95528	0.95446	0.999995	876	0	-0.96383
RPP14	8	0.00052646	0.0026013	0.025388	106	4	-0.84236	0.83068	0.83054	0.999995	742	0	-0.84236
SPTLC2	8	0.00052769	0.0026107	0.025388	107	5	-0.6503	0.98171	0.98134	0.999995	923	0	-0.6503
CHORDC1	6	0.00052776	0.0024426	0.024895	108	5	-0.98226	0.63013	0.63187	0.999995	566	0	-0.98226
NDE1	8	0.00053681	0.002648	0.025518	109	6	-0.8463	0.54222	0.54235	0.999995	473	0	-0.8463
KIF4A	8	0.00055255	0.0027601	0.026123	110	4	-0.83116	0.99982	0.99973	0.999995	1008	0	-0.83116
KIF20A	16	0.00055675	0.0038343	0.033205	111	9	-0.69785	0.33142	0.33019	0.999995	281	0	-0.69785
MRPL41	8	0.0005747	0.0028629	0.026855	112	6	-0.76642	0.99842	0.99841	0.999995	978	0	-0.76642
SNRPB2	7	0.00058289	0.0026854	0.025644	113	5	-0.91254	0.84126	0.8398	0.999995	751	0	-0.91254
MED18	16	0.00058676	0.0040865	0.034378	114	8	-0.68709	0.99757	0.99791	0.999995	972	0	-0.68709
MTG2	8	0.00063324	0.0031057	0.028878	115	6	-0.73734	0.99913	0.99902	0.999995	986	0	-0.73734
CRKL	8	0.00065941	0.0032085	0.029574	116	6	-0.88277	0.99859	0.99855	0.999995	979	0	-0.88277
SNRPB	8	0.00073336	0.0035728	0.032369	117	5	-0.97215	0.092402	0.092654	0.999995	60	1	-0.97215
TOMM22	7	0.00075353	0.0034233	0.031282	118	5	-1.0674	0.99984	0.99986	0.999995	1010	0	-1.0674
EAF1	8	0.00076243	0.0036942	0.033156	119	5	-0.96347	0.96219	0.96149	0.999995	885	0	-0.96347
RBM22	8	0.00076775	0.0037222	0.033156	120	5	-0.87249	0.99988	0.99985	0.999995	1012	0	-0.87249
RNF113A	8	0.00078407	0.0037876	0.033205	121	6	-0.86095	0.75316	0.75283	0.999995	682	0	-0.86095
HUS1	8	0.00078966	0.0037969	0.033205	122	6	-0.75862	0.99999	1.0	0.999995	1027	0	-0.75862
LSM4	8	0.00080385	0.003853	0.033205	123	5	-0.95445	0.86975	0.8692	0.999995	779	0	-0.95445
POLR2B	8	0.00086517	0.0040585	0.034378	124	6	-0.92428	0.97841	0.97781	0.999995	917	0	-0.92428
SNRPD2	6	0.00089163	0.0038997	0.033336	125	4	-1.0555	0.99947	0.99949	0.999995	994	0	-1.0555
SBNO1	8	0.00089263	0.0042079	0.035121	126	6	-0.89898	0.99232	0.99225	0.999995	948	0	-0.89898
RPL18A	3	0.00092282	0.0026013	0.025388	127	3	-1.0894	0.99908	0.99905	0.999995	985	0	-1.0894
PTPN11	7	0.0009595	0.0042453	0.035156	128	4	-1.0427	0.95748	0.95697	0.999995	880	0	-1.0427
MAT2A	8	0.00097261	0.0044881	0.036672	129	6	-0.67149	0.80445	0.80461	0.999995	721	0	-0.67149
CRK	8	0.00097925	0.0044975	0.036672	130	6	-0.70174	0.99471	0.99466	0.999995	959	0	-0.70174
DDI2	8	0.0010062	0.0045815	0.037072	131	6	-0.86702	0.98019	0.97972	0.999995	920	0	-0.86702
PPP2R1A	8	0.0010372	0.004731	0.037991	132	6	-0.89349	0.70644	0.70688	0.999995	643	0	-0.89349
NUTF2	7	0.0010887	0.0047964	0.038227	133	4	-1.0357	0.71277	0.71173	0.999995	649	0	-1.0357
ARID1A	8	0.0011424	0.0051887	0.040741	134	6	-0.66399	0.99154	0.99139	0.999995	946	0	-0.66399
RBBP4	7	0.0011462	0.0050019	0.039567	135	5	-0.96159	0.66556	0.66485	0.999995	603	0	-0.96159
PSMC3	8	0.0011652	0.0052541	0.040951	136	6	-0.75419	0.13758	0.13803	0.999995	101	0	-0.75419
CDIPT	8	0.0013835	0.0061134	0.047301	137	5	-0.95188	0.99486	0.99483	0.999995	962	0	-0.95188
XRCC6	7	0.0014935	0.006403	0.049182	138	4	-0.68008	0.99388	0.99355	0.999995	956	0	-0.68008
PSMB6	8	0.0015312	0.0067205	0.05125	139	3	-0.33379	0.97362	0.97291	0.999995	908	0	-0.33379
NRBP1	8	0.0016524	0.0072623	0.054986	140	3	-0.38185	0.15461	0.1554	0.999995	114	0	-0.38185
ELL	8	0.0016657	0.007337	0.055158	141	5	-0.85012	0.99983	0.99974	0.999995	1009	0	-0.85012
TRAPPC3	8	0.0018476	0.0080936	0.060417	142	5	-0.83786	0.99883	0.99882	0.999995	980	0	-0.83786
MED26	8	0.0018917	0.0082524	0.061172	143	5	-0.84795	0.97215	0.97137	0.999995	905	0	-0.84795
POLR2A	8	0.0023602	0.009887	0.072664	144	5	-0.84302	0.99734	0.99731	0.999995	969	0	-0.84302
FRS2	8	0.0023777	0.0099617	0.072664	145	5	-0.86629	0.9638	0.96329	0.999995	889	0	-0.86629
FANCF	8	0.0024043	0.010008	0.072664	146	5	-0.8029	0.99924	0.99913	0.999995	989	0	-0.8029
RPL15	5	0.0028639	0.010821	0.077569	147	3	-1.0775	0.99053	0.9904	0.999995	944	0	-1.0775
FOSL1	6	0.0029005	0.01083	0.077569	148	4	-0.88329	0.99952	0.99954	0.999995	997	0	-0.88329
PMPCB	8	0.0031456	0.012269	0.087282	149	5	-0.86986	0.99965	0.99955	0.999995	998	0	-0.86986
MED31	8	0.0032232	0.012624	0.089208	150	4	-0.78478	0.99703	0.99688	0.999995	968	0	-0.78478
GABPB1	8	0.0033234	0.012951	0.08972	151	5	-0.77533	0.97542	0.97476	0.999995	912	0	-0.77533
DDX5	8	0.0033347	0.012997	0.08972	152	5	-0.77479	0.99808	0.99805	0.999995	975	0	-0.77479
ATR	8	0.0033366	0.013007	0.08972	153	5	-0.65011	0.99928	0.99916	0.999995	990	0	-0.65011
ACACA	8	0.0033501	0.013035	0.08972	154	4	-0.69255	0.80266	0.80255	0.999995	718	0	-0.69255
HNRNPK	7	0.0033938	0.014137	0.096059	155	5	-0.72416	0.96228	0.96205	0.999995	886	0	-0.72416
IPO7	7	0.003473	0.014398	0.096848	156	5	-0.71719	0.86499	0.864	0.999995	773	0	-0.71719
ATP5PB	8	0.0036049	0.013978	0.095592	157	5	-0.78687	0.35514	0.35522	0.999995	305	0	-0.78687
TUFM	7	0.003702	0.015164	0.101096	158	4	-0.92294	0.98516	0.98484	0.999995	930	0	-0.92294
CDS2	8	0.0037521	0.014436	0.096848	159	5	-0.82889	0.71895	0.71863	0.999995	655	0	-0.82889
NCKAP1	8	0.0039427	0.015323	0.101516	160	5	-0.79973	0.99916	0.99905	0.999995	988	0	-0.79973
EEFSEC	8	0.004034	0.015678	0.103222	161	5	-0.83468	0.98781	0.98762	0.999995	936	0	-0.83468
ABT1	8	0.0043038	0.016855	0.110095	162	5	-0.74702	0.99897	0.99893	0.999995	982	0	-0.74702
ATP5F1D	8	0.00432	0.01693	0.110095	163	5	-0.80971	0.87376	0.87303	0.999995	783	0	-0.80971
RPA1	8	0.0046161	0.018013	0.116427	164	5	-0.71051	0.99989	0.99985	0.999995	1014	0	-0.71051
UTP14A	8	0.0050533	0.019564	0.125683	165	5	-0.71639	0.43143	0.43137	0.999995	380	0	-0.71639
TAF1	8	0.0051318	0.019769	0.126238	166	5	-0.73521	0.66021	0.66119	0.999995	594	0	-0.73521
AP1G1	8	0.0053237	0.020489	0.130047	167	5	-0.74241	0.99358	0.99352	0.999995	954	0	-0.74241
INCENP	8	0.0053756	0.020657	0.130334	168	4	-0.71909	0.98977	0.98956	0.999995	939	0	-0.71909
BUB1B	8	0.0056785	0.021899	0.137245	169	4	-0.78517	0.99676	0.99661	0.999995	966	0	-0.78517
ACTL6A	8	0.0057091	0.022011	0.137245	170	4	-0.75136	0.97431	0.97365	0.999995	909	0	-0.75136
EPC2	8	0.0061277	0.023664	0.146691	171	5	-0.76222	0.99061	0.99038	0.999995	945	0	-0.76222
NKAP	8	0.0064584	0.024766	0.152631	172	5	-0.75539	0.99765	0.99762	0.999995	973	0	-0.75539
POLD1	8	0.0065148	0.025019	0.153294	173	5	-0.7451	0.53892	0.53898	0.999995	471	0	-0.7451
TMEM30A	8	0.0067635	0.025962	0.157256	174	5	-0.78257	0.56249	0.56226	0.999995	495	0	-0.78257
COPG1	8	0.0073849	0.027989	0.16857	175	5	-0.73763	0.80579	0.80588	0.999995	722	0	-0.73763
TNPO1	6	0.0074369	0.025168	0.153323	176	4	-0.85578	0.99807	0.998	0.999995	974	0	-0.85578
RPRD1B	8	0.0077341	0.029138	0.173518	177	4	-0.73256	0.99387	0.99387	0.999995	955	0	-0.73256
FZR1	8	0.007887	0.029745	0.176144	178	4	-0.68497	0.91745	0.91673	0.999995	833	0	-0.68497
SLC25A28	8	0.007938	0.029932	0.176265	179	5	-0.674	0.72592	0.72572	0.999995	659	0	-0.674
ZNF407	8	0.0096737	0.035788	0.207786	180	4	-0.67562	0.90493	0.9043	0.999995	817	0	-0.67562
SUV39H1	8	0.009681	0.035807	0.207786	181	5	-0.63144	0.99988	0.99985	0.999995	1013	0	-0.63144
HNRNPH1	8	0.0097063	0.035872	0.207786	182	5	-0.72011	0.11105	0.11133	0.999995	77	1	-0.72011
ALG14	8	0.0099366	0.036657	0.211176	183	5	-0.69806	0.94173	0.94087	0.999995	866	0	-0.69806
RPA3	8	0.010324	0.037927	0.217313	184	4	-0.54591	0.83303	0.83281	0.999995	745	0	-0.54591
RPS15	4	0.011197	0.029007	0.173518	185	3	-0.92131	0.99439	0.99421	0.999995	957	0	-0.92131
CCNT1	8	0.011644	0.041281	0.235255	186	4	-0.68812	0.95552	0.9547	0.999995	877	0	-0.68812
GFM1	8	0.012952	0.044681	0.250589	187	4	-0.72654	0.91048	0.90988	0.999995	823	0	-0.72654
PFN1	7	0.013207	0.042383	0.238967	188	4	-0.74309	0.74796	0.74651	0.999995	681	0	-0.74309
DNAJC19	6	0.013441	0.042355	0.238967	189	3	-0.50921	0.24518	0.24394	0.999995	197	0	-0.50921
SF3A1	8	0.01392	0.047221	0.263445	190	4	-0.6809	0.99596	0.99589	0.999995	964	0	-0.6809
TIMM23	6	0.016536	0.051219	0.284252	191	3	-0.76131	0.68918	0.69037	0.999995	627	0	-0.76131
COPZ1	8	0.017096	0.055086	0.302545	192	3	-0.49946	0.89474	0.89452	0.999995	808	0	-0.49946
NCBP2	8	0.018339	0.057944	0.314978	193	3	-0.3737	0.95509	0.95431	0.999995	875	0	-0.3737
POLR2F	8	0.020993	0.064865	0.349022	194	4	-0.64425	0.9847	0.98465	0.999995	929	0	-0.64425
FANCM	8	0.026855	0.079754	0.422698	195	4	-0.64885	0.64658	0.64737	0.999995	579	0	-0.64885
RPS7	3	0.026898	0.051845	0.286226	196	2	-0.96246	0.60868	0.60853	0.999995	541	0	-0.96246
NSG2	8	0.02714	0.080249	0.423206	197	1	-0.029087	0.23468	0.23539	0.999995	189	0	-0.029087
TSG101	8	0.028956	0.084378	0.442775	198	2	-0.29661	0.8104	0.81049	0.999995	724	0	-0.29661
RPL21	3	0.029289	0.055917	0.305527	199	2	-0.94465	0.89531	0.89462	0.999995	810	0	-0.94465
CLASP1	8	0.031648	0.090823	0.474248	200	3	-0.6181	0.8261	0.82589	0.999995	740	0	-0.6181
BRD8	8	0.032172	0.092289	0.479543	201	4	-0.59592	0.90457	0.90396	0.999995	816	0	-0.59592
ISCA2	8	0.032548	0.093121	0.481502	202	4	-0.61479	0.75453	0.75427	0.999995	683	0	-0.61479
NAPA	8	0.033231	0.094522	0.486374	203	4	-0.63336	0.99033	0.99013	0.999995	943	0	-0.63336
GTF3C1	8	0.033695	0.095736	0.490243	204	4	-0.57539	0.99309	0.99306	0.999995	953	0	-0.57539
PRKDC	16	0.033855	0.12392	0.605306	205	6	-0.35119	0.99155	0.99228	0.999995	947	0	-0.35119
RPL27A	4	0.034819	0.076588	0.407956	206	2	-0.82323	0.078359	0.078241	0.999995	45	0	-0.82323
RPS28	3	0.034836	0.064716	0.349022	207	2	-0.91224	0.98033	0.98046	0.999995	921	0	-0.91224
ZWILCH	8	0.03529	0.099472	0.506926	208	3	-0.58908	0.9668	0.96624	0.999995	893	0	-0.58908
BICD2	8	0.03631	0.1017	0.515775	209	4	-0.62755	0.83515	0.83494	0.999995	746	0	-0.62755
RPL6	3	0.037306	0.068845	0.368562	210	2	-0.89408	0.94038	0.94008	0.999995	864	0	-0.89408
HASPIN	8	0.03859	0.10722	0.541231	211	3	-0.57613	0.98936	0.98905	0.999995	937	0	-0.57613
RNF20	8	0.041124	0.11298	0.564894	212	4	-0.55654	0.98692	0.98678	0.999995	932	0	-0.55654
EIF3J	7	0.042301	0.11234	0.56438	213	3	-0.56909	0.59564	0.5954	0.999995	529	0	-0.56909
TCERG1	8	0.042365	0.11609	0.575478	214	4	-0.62121	0.51026	0.51068	0.999995	449	0	-0.62121
NCK1	8	0.042455	0.11623	0.575478	215	4	-0.42535	0.36896	0.36884	0.999995	318	0	-0.42535
RNF40	8	0.042705	0.11672	0.575478	216	2	-0.43811	0.93006	0.92923	0.999995	853	0	-0.43811
RALGPS2	8	0.043903	0.11976	0.587711	217	4	-0.61317	0.99301	0.99291	0.999995	952	0	-0.61317
SNAPC4	8	0.046302	0.12559	0.610358	218	3	-0.44907	0.54829	0.54821	0.999995	477	0	-0.44907
CAP1	8	0.046513	0.1261	0.610358	219	4	-0.5319	0.57805	0.57817	0.999995	512	0	-0.5319
XRCC4	8	0.047564	0.12858	0.619509	220	4	-0.51691	0.69478	0.69559	0.999995	631	0	-0.51691
AKIRIN1	8	0.048532	0.13075	0.627145	221	4	-0.62915	0.95589	0.95504	0.999995	878	0	-0.62915
RBPJ	8	0.054599	0.14553	0.694876	222	4	-0.50366	0.73304	0.73256	0.999995	666	0	-0.50366
TACC3	8	0.058665	0.15216	0.723283	223	3	-0.57527	0.99652	0.99645	0.999995	965	0	-0.57527
RC3H1	8	0.071081	0.17232	0.815439	224	3	-0.53604	0.65657	0.65769	0.999995	590	0	-0.53604
E2F3	7	0.081336	0.17949	0.845611	225	1	-0.32252	0.87491	0.87391	0.999995	785	0	-0.32252
UCHL5	8	0.082289	0.19026	0.88845	226	3	-0.5275	0.93791	0.93722	0.999995	861	0	-0.5275
COX4I2	8	0.085616	0.19546	0.908698	227	3	-0.45725	0.93783	0.93717	0.999995	860	0	-0.45725
RAD17	6	0.085884	0.18228	0.854924	228	2	-0.30602	0.96751	0.9676	0.999995	896	0	-0.30602
PAF1	8	0.091548	0.20508	0.949263	229	3	-0.50043	0.97494	0.97432	0.999995	910	0	-0.50043
CNOT7	7	0.10201	0.21459	0.988958	230	3	-0.62432	0.98744	0.98726	0.999995	933	0	-0.62432
FARS2	8	0.10321	0.22316	0.999995	231	3	-0.52765	0.99968	0.99958	0.999995	1000	0	-0.52765
INTS2	8	0.11608	0.24303	0.999995	232	3	-0.52838	0.99945	0.99931	0.999995	993	0	-0.52838
CCNT2	8	0.11655	0.24381	0.999995	233	3	-0.52371	0.86579	0.8652	0.999995	776	0	-0.52371
BECN1	8	0.12026	0.24937	0.999995	234	3	-0.39335	0.9285	0.9278	0.999995	850	0	-0.39335
RBPJL	8	0.13213	0.26697	0.999995	235	3	-0.46044	0.90192	0.90159	0.999995	815	0	-0.46044
FDPS	8	0.13474	0.27099	0.999995	236	3	-0.36634	0.88516	0.88486	0.999995	795	0	-0.36634
SS18	8	0.14068	0.27973	0.999995	237	3	-0.41992	0.98212	0.98183	0.999995	926	0	-0.41992
CHRNB3	8	0.15336	0.29873	0.999995	238	3	-0.18907	0.094965	0.095101	0.999995	63	1	-0.18907
SLC25A25	8	0.15753	0.30463	0.999995	239	3	-0.25747	0.74511	0.74439	0.999995	676	0	-0.25747
CHMP1A	8	0.15975	0.30783	0.999995	240	2	-0.35738	0.9898	0.98961	0.999995	940	0	-0.35738
TBP	8	0.17291	0.32635	0.999995	241	2	-0.060963	0.57542	0.57524	0.999995	509	0	-0.060963
GMPR2	8	0.17368	0.32734	0.999995	242	3	-0.15325	0.56474	0.56459	0.999995	498	0	-0.15325
BCAP31	8	0.17563	0.33025	0.999995	243	3	-0.60409	0.99513	0.99516	0.999995	963	0	-0.60409
PRDM16	8	0.17831	0.33412	0.999995	244	3	-0.41271	0.99827	0.99821	0.999995	976	0	-0.41271
PPP3R2	8	0.17978	0.33644	0.999995	245	3	-0.39227	0.45867	0.45904	0.999995	407	0	-0.39227
MRPL27	8	0.18372	0.34235	0.999995	246	3	-0.52287	0.9669	0.96632	0.999995	894	0	-0.52287
YIPF5	8	0.18794	0.34847	0.999995	247	3	-0.22126	0.08295	0.082855	0.999995	51	1	-0.22126
ARPC5L	8	0.19069	0.35258	0.999995	248	3	-0.25923	0.68441	0.68511	0.999995	623	0	-0.25923
PRKAB1	8	0.19194	0.35428	0.999995	249	3	-0.37854	0.29853	0.299	0.999995	250	0	-0.37854
CCNE2	8	0.19547	0.35949	0.999995	250	3	-0.48029	0.90693	0.90626	0.999995	819	0	-0.48029
H2AFX	8	0.21455	0.37794	0.999995	251	2	-0.40156	0.74114	0.74033	0.999995	670	0	-0.40156
TOMM20	6	0.21499	0.33102	0.999995	252	2	-0.28986	0.48053	0.4818	0.999995	428	0	-0.28986
KCNT2	8	0.22941	0.39065	0.999995	253	2	-0.21377	0.13019	0.1307	0.999995	94	0	-0.21377
CNOT8	7	0.24104	0.37856	0.999995	254	2	-0.38284	0.54514	0.54492	0.999995	475	0	-0.38284
TAF9	7	0.24456	0.3821	0.999995	255	2	-0.25049	0.60308	0.60273	0.999995	535	0	-0.25049
SOS1	8	0.24893	0.40708	0.999995	256	2	-0.51911	0.96334	0.96277	0.999995	887	0	-0.51911
COQ10A	8	0.25257	0.41031	0.999995	257	2	-0.26992	0.55521	0.55517	0.999995	486	0	-0.26992
GABPB2	8	0.2573	0.41467	0.999995	258	2	-0.4396	0.95328	0.95261	0.999995	872	0	-0.4396
SLC32A1	8	0.2608	0.41764	0.999995	259	1	-0.082565	0.64957	0.65039	0.999995	583	0	-0.082565
MCPH1	8	0.28516	0.43835	0.999995	260	2	-0.49219	0.2903	0.29091	0.999995	243	0	-0.49219
VIM	8	0.29105	0.44388	0.999995	261	2	-0.25708	0.92044	0.91991	0.999995	838	0	-0.25708
ZMAT2	8	0.29511	0.44723	0.999995	262	2	-0.5316	0.611	0.61164	0.999995	546	0	-0.5316
NUMBL	8	0.29648	0.44844	0.999995	263	1	-0.32264	0.21305	0.21359	0.999995	172	0	-0.32264
GLIS3	8	0.29768	0.44947	0.999995	264	2	-0.11557	0.571	0.57119	0.999995	504	0	-0.11557
FOXK2	8	0.30194	0.45289	0.999995	265	1	0.10839	0.069923	0.070162	0.999995	40	1	0.10839
S1PR4	8	0.30397	0.45455	0.999995	266	1	-0.2329	0.14653	0.14717	0.999995	108	0	-0.2329
RIC8B	8	0.30938	0.45946	0.999995	267	1	-0.067229	0.73827	0.73768	0.999995	669	0	-0.067229
QSOX1	8	0.31133	0.46106	0.999995	268	2	-0.2382	0.83802	0.83762	0.999995	749	0	-0.2382
EFR3B	8	0.31392	0.4636	0.999995	269	2	-0.50604	0.95762	0.95684	0.999995	881	0	-0.50604
TGM6	8	0.31539	0.46506	0.999995	270	2	-0.29625	0.53702	0.53725	0.999995	470	0	-0.29625
SBF1	7	0.31956	0.45646	0.999995	271	2	-0.019396	0.038851	0.041112	0.999995	22	1	-0.019396
YIF1A	8	0.32056	0.46953	0.999995	272	2	-0.42998	0.41532	0.41517	0.999995	362	0	-0.42998
GOLT1B	8	0.32647	0.47482	0.999995	273	2	-0.26163	0.88697	0.88669	0.999995	797	0	-0.26163
DYNC1LI1	7	0.32906	0.46625	0.999995	274	2	-0.45395	0.53042	0.53066	0.999995	464	0	-0.45395
AP1G2	8	0.33456	0.48195	0.999995	275	1	-0.28797	0.93807	0.93734	0.999995	862	0	-0.28797
PRG3	8	0.3357	0.48305	0.999995	276	2	-0.16666	0.46085	0.46106	0.999995	409	0	-0.16666
SHMT2	8	0.34556	0.49192	0.999995	277	1	-0.25487	0.95422	0.9534	0.999995	874	0	-0.25487
APH1A	8	0.3486	0.49471	0.999995	278	2	-0.18852	0.43652	0.4369	0.999995	384	0	-0.18852
AHCYL1	8	0.35634	0.50167	0.999995	279	2	-0.12954	0.2295	0.22986	0.999995	185	0	-0.12954
ERC2	8	0.3567	0.50202	0.999995	280	2	-0.17584	0.32538	0.32577	0.999995	274	0	-0.17584
PTTG1	7	0.36145	0.49908	0.999995	281	2	-0.5458	0.2711	0.27066	0.999995	226	0	-0.5458
NR2E1	8	0.36259	0.50703	0.999995	282	2	-0.080916	0.23762	0.23831	0.999995	192	0	-0.080916
TOP1	8	0.36516	0.50962	0.999995	283	2	-0.29429	0.18311	0.18343	0.999995	139	0	-0.29429
LSM14B	8	0.36663	0.51084	0.999995	284	2	-0.24986	0.083813	0.083715	0.999995	52	1	-0.24986
KHSRP	8	0.36896	0.51303	0.999995	285	1	-0.28298	0.60028	0.60082	0.999995	533	0	-0.28298
LARP1	8	0.37066	0.51472	0.999995	286	2	-0.27597	0.21078	0.21131	0.999995	169	0	-0.27597
PMM2	8	0.37469	0.51841	0.999995	287	2	-0.53993	0.8645	0.86392	0.999995	771	0	-0.53993
DDX17	8	0.37701	0.5204	0.999995	288	1	-0.19025	0.76495	0.76485	0.999995	691	0	-0.19025
CFL1	8	0.38238	0.52534	0.999995	289	2	-0.34179	0.8212	0.82116	0.999995	736	0	-0.34179
COX4I1	8	0.3853	0.52788	0.999995	290	2	-0.46945	0.92374	0.92327	0.999995	841	0	-0.46945
CLIP4	8	0.3864	0.529	0.999995	291	2	0.11933	0.50122	0.50144	0.999995	440	0	0.11933
KLF4	8	0.38785	0.5303	0.999995	292	2	-0.37047	0.96416	0.96365	0.999995	890	0	-0.37047
SAMD9	8	0.38822	0.53069	0.999995	293	2	-0.13463	0.9343	0.93359	0.999995	857	0	-0.13463
TBC1D28	7	0.3901	0.52786	0.999995	294	2	-0.46722	0.4957	0.49483	0.999995	436	0	-0.46722
RXFP3	8	0.39223	0.53464	0.999995	295	2	-0.24472	0.87678	0.87596	0.999995	787	0	-0.24472
IPO5	8	0.39878	0.54066	0.999995	296	2	-0.51774	0.9701	0.96949	0.999995	900	0	-0.51774
ITSN1	8	0.41006	0.55143	0.999995	297	1	-0.1576	0.57762	0.57771	0.999995	511	0	-0.1576
CSTF2T	8	0.41182	0.55308	0.999995	298	2	-0.28402	0.71772	0.7175	0.999995	652	0	-0.28402
FSD1L	8	0.41507	0.55558	0.999995	299	2	-0.41979	0.89145	0.89109	0.999995	804	0	-0.41979
ZNF804B	8	0.41532	0.55591	0.999995	300	1	-0.31941	0.71275	0.71265	0.999995	648	0	-0.31941
SIK2	8	0.41651	0.55687	0.999995	301	2	-0.2071	0.2529	0.25336	0.999995	208	0	-0.2071
POU4F2	8	0.41975	0.56005	0.999995	302	2	-0.14258	0.22505	0.22537	0.999995	180	0	-0.14258
RNF38	8	0.42622	0.56615	0.999995	303	2	-0.31005	0.94134	0.94053	0.999995	865	0	-0.31005
SNX2	8	0.42658	0.56655	0.999995	304	2	-0.088023	0.89344	0.89326	0.999995	807	0	-0.088023
PFAS	8	0.42837	0.56817	0.999995	305	2	-0.22569	0.072541	0.072581	0.999995	42	1	-0.22569
ZEB1	8	0.43231	0.57215	0.999995	306	2	-0.21925	0.91682	0.91618	0.999995	832	0	-0.21925
PAPSS2	8	0.43267	0.57245	0.999995	307	2	-0.394	0.95334	0.95267	0.999995	873	0	-0.394
ADAP2	8	0.4341	0.5739	0.999995	308	2	-0.17805	0.79418	0.79391	0.999995	711	0	-0.17805
BICD1	8	0.43588	0.57544	0.999995	309	2	-0.38811	0.47743	0.47734	0.999995	425	0	-0.38811
STT3B	8	0.43624	0.57578	0.999995	310	2	-0.55789	0.99989	0.99986	0.999995	1015	0	-0.55789
CYFIP1	8	0.43766	0.57724	0.999995	311	2	-0.43499	0.40061	0.40083	0.999995	349	0	-0.43499
USP13	8	0.43944	0.57904	0.999995	312	2	-0.47518	0.30194	0.30233	0.999995	254	0	-0.47518
GRHL2	8	0.44016	0.57971	0.999995	313	2	-0.13423	0.88807	0.88781	0.999995	800	0	-0.13423
PTCH1	8	0.44265	0.58205	0.999995	314	2	-0.24297	0.84398	0.84348	0.999995	756	0	-0.24297
FEZ1	8	0.4462	0.58524	0.999995	315	2	-0.22762	0.62701	0.62756	0.999995	564	0	-0.22762
VANGL2	8	0.44797	0.58696	0.999995	316	2	-0.31311	0.9899	0.9898	0.999995	941	0	-0.31311
CTSZ	8	0.44832	0.58728	0.999995	317	2	-0.38028	0.86417	0.86359	0.999995	770	0	-0.38028
TBC1D26	6	0.44858	0.52707	0.999995	318	1	-0.11075	0.61463	0.61645	0.999995	550	0	-0.11075
RNF103	8	0.45009	0.58895	0.999995	319	2	-0.29868	0.33391	0.3338	0.999995	283	0	-0.29868
SCN10A	8	0.45151	0.59018	0.999995	320	2	-0.14207	0.86221	0.86166	0.999995	769	0	-0.14207
SOAT1	8	0.45211	0.59079	0.999995	321	1	-0.36995	0.47373	0.4739	0.999995	422	0	-0.36995
SAR1A	16	0.45489	0.6849	0.999995	322	3	-0.23686	0.3675	0.36685	0.999995	316	0	-0.23686
SOHLH1	8	0.45504	0.5937	0.999995	323	2	-0.33665	0.23688	0.23765	0.999995	191	0	-0.33665
FKBP9	7	0.45542	0.57344	0.999995	324	1	-0.23005	0.79993	0.79842	0.999995	716	0	-0.23005
CCND3	8	0.45821	0.59664	0.999995	325	2	-0.26564	0.23246	0.23287	0.999995	186	0	-0.26564
CSTF2	8	0.45997	0.59838	0.999995	326	2	-0.36083	0.71494	0.71474	0.999995	651	0	-0.36083
GSDMD	8	0.46172	0.60012	0.999995	327	2	-0.34692	0.84214	0.84171	0.999995	753	0	-0.34692
ADSSL1	8	0.46277	0.60113	0.999995	328	2	-0.033306	0.17528	0.17577	0.999995	131	0	-0.033306
CLTC	8	0.46418	0.60234	0.999995	329	2	-0.32449	0.97509	0.97446	0.999995	911	0	-0.32449
TUBB2B	6	0.46538	0.53725	0.999995	330	1	-0.18169	0.66608	0.66791	0.999995	605	0	-0.18169
ATP8B3	8	0.46838	0.60643	0.999995	331	2	-0.23942	0.42227	0.42182	0.999995	371	0	-0.23942
UTP14C	8	0.46893	0.60698	0.999995	332	1	-0.039781	0.078626	0.078718	0.999995	46	1	-0.039781
MRGPRX2	8	0.46977	0.60782	0.999995	333	2	-0.29626	0.97358	0.97287	0.999995	907	0	-0.29626
MED13L	8	0.47082	0.60884	0.999995	334	2	-0.21849	0.46247	0.46277	0.999995	411	0	-0.21849
OSMR	8	0.47152	0.60954	0.999995	335	2	-0.3271	0.74285	0.74205	0.999995	673	0	-0.3271
FOXB1	8	0.4743	0.61232	0.999995	336	2	0.0070961	0.40889	0.40894	0.999995	357	0	0.0070961
MRPL55	8	0.475	0.61288	0.999995	337	2	-0.10372	0.33781	0.33785	0.999995	287	0	-0.10372
FUT5	8	0.47708	0.61464	0.999995	338	2	0.014542	0.4159	0.41566	0.999995	363	0	0.014542
GIT2	8	0.47778	0.61525	0.999995	339	2	-0.48806	0.99933	0.99922	0.999995	991	0	-0.48806
RSBN1L	8	0.47916	0.61672	0.999995	340	2	-0.22534	0.92145	0.92091	0.999995	839	0	-0.22534
MMD	8	0.47951	0.61699	0.999995	341	2	-0.48246	0.98937	0.98908	0.999995	938	0	-0.48246
LSM14A	8	0.48193	0.6194	0.999995	342	2	-0.41961	0.92432	0.92377	0.999995	843	0	-0.41961
SAMD4B	8	0.48216	0.61966	0.999995	343	1	-0.45882	0.98746	0.98732	0.999995	934	0	-0.45882
RPL3L	8	0.48228	0.61978	0.999995	344	2	-0.1149	0.66202	0.66302	0.999995	599	0	-0.1149
PKM	6	0.48657	0.54944	0.999995	345	1	-0.19417	0.61777	0.61953	0.999995	553	0	-0.19417
GALR3	8	0.4878	0.62491	0.999995	346	2	-0.39205	0.30736	0.30774	0.999995	259	0	-0.39205
UNC119B	8	0.48814	0.62525	0.999995	347	2	-0.19587	0.61263	0.61332	0.999995	548	0	-0.19587
NAA16	8	0.50676	0.63478	0.999995	348	1	-0.3304	0.88103	0.88031	0.999995	790	0	-0.3304
TAF1L	7	0.50869	0.59844	0.999995	349	1	-0.25723	0.19523	0.19428	0.999995	151	0	-0.25723
CLTCL1	8	0.50877	0.63555	0.999995	350	1	-0.25717	0.57718	0.57721	0.999995	510	0	-0.25717
LDB2	8	0.51126	0.6365	0.999995	351	1	0.022765	0.56429	0.56413	0.999995	497	0	0.022765
ATP6V1E2	8	0.51225	0.63689	0.999995	352	1	-0.26923	0.19397	0.19432	0.999995	150	0	-0.26923
TPRX1	8	0.51374	0.63751	0.999995	353	1	-0.14014	0.4217	0.4213	0.999995	370	0	-0.14014
COX6B1	16	0.52206	0.7312	0.999995	354	3	-0.38261	0.99479	0.99536	0.999995	960	0	-0.38261
STX17	8	0.52599	0.64234	0.999995	355	1	-0.14856	0.42744	0.4272	0.999995	375	0	-0.14856
GRIP2	8	0.52841	0.64339	0.999995	356	1	-0.095478	0.34492	0.34481	0.999995	295	0	-0.095478
PLXDC2	8	0.52985	0.64402	0.999995	357	1	-0.12689	0.766	0.7658	0.999995	694	0	-0.12689
ERBB3	16	0.53156	0.73788	0.999995	358	3	0.0073554	0.59306	0.59098	0.999995	528	0	0.0073554
GRIP1	8	0.54222	0.64939	0.999995	359	1	-0.27615	0.43989	0.44028	0.999995	388	0	-0.27615
HMGCLL1	8	0.5455	0.65056	0.999995	360	1	-0.14545	0.88118	0.88047	0.999995	791	0	-0.14545
TOB1	8	0.56294	0.65779	0.999995	361	1	-0.25087	0.37947	0.37951	0.999995	329	0	-0.25087
ANKRD10	8	0.56878	0.66052	0.999995	362	1	-0.23345	0.59609	0.59655	0.999995	531	0	-0.23345
EIF3L	8	0.57366	0.66249	0.999995	363	1	-0.38772	0.74679	0.74618	0.999995	678	0	-0.38772
IRF8	8	0.57498	0.66313	0.999995	364	1	-0.20883	0.31742	0.31792	0.999995	269	0	-0.20883
STRADA	8	0.5763	0.6639	0.999995	365	1	-0.20072	0.959	0.95825	0.999995	883	0	-0.20072
ERO1B	8	0.58414	0.6677	0.999995	366	1	-0.2235	0.034387	0.036648	0.999995	18	1	-0.2235
SLCO2B1	8	0.58801	0.66968	0.999995	367	1	-0.36852	0.20546	0.20616	0.999995	165	0	-0.36852
IL6R	8	0.58844	0.6699	0.999995	368	1	-0.22024	0.96737	0.96672	0.999995	895	0	-0.22024
SPTAN1	8	0.5893	0.67024	0.999995	369	1	0.15401	0.055848	0.056459	0.999995	29	1	0.15401
PHLDA1	8	0.591	0.67117	0.999995	370	1	-0.12459	0.84975	0.84962	0.999995	762	0	-0.12459
FKBP5	8	0.59524	0.67299	0.999995	371	1	0.064414	0.22579	0.22606	0.999995	181	0	0.064414
TREML4	7	0.6016	0.64752	0.999995	372	1	-0.32258	0.87256	0.87152	0.999995	781	0	-0.32258
COPS7B	8	0.60814	0.67907	0.999995	373	1	-0.11476	0.64433	0.64518	0.999995	577	0	-0.11476
SAFB2	8	0.60896	0.67946	0.999995	374	1	-0.002608	0.56967	0.56987	0.999995	503	0	-0.002608
MTMR3	8	0.6106	0.68037	0.999995	375	1	-0.3701	0.89092	0.89049	0.999995	802	0	-0.3701
HEATR5B	8	0.61748	0.68374	0.999995	376	1	-0.32502	0.48111	0.48118	0.999995	429	0	-0.32502
CHUK	16	0.61982	0.7994	0.999995	377	2	-0.039854	0.79215	0.79164	0.999995	709	0	-0.039854
RAP1GAP2	8	0.62267	0.68638	0.999995	378	1	-0.19655	0.37516	0.37499	0.999995	325	0	-0.19655
ASF1B	16	0.62353	0.80204	0.999995	379	3	-0.28029	0.99941	0.99944	0.999995	992	0	-0.28029
CEACAM1	8	0.63092	0.69054	0.999995	380	1	-0.10371	0.72532	0.72513	0.999995	658	0	-0.10371
NBEAL1	8	0.63247	0.69138	0.999995	381	1	-0.21417	0.84868	0.84858	0.999995	760	0	-0.21417
MBTD1	8	0.63402	0.69221	0.999995	382	1	-0.25154	0.87782	0.87705	0.999995	788	0	-0.25154
SHCBP1L	8	0.64092	0.69591	0.999995	383	1	-0.24799	0.80311	0.80307	0.999995	719	0	-0.24799
ULK1	8	0.64206	0.69652	0.999995	384	1	-0.061496	0.079492	0.079493	0.999995	47	1	-0.061496
NMT1	8	0.64244	0.69674	0.999995	385	1	-0.4493	0.65985	0.66068	0.999995	593	0	-0.4493
TANK	8	0.64395	0.6974	0.999995	386	1	-0.17551	0.55383	0.55356	0.999995	484	0	-0.17551
IQCA1	8	0.65548	0.70331	0.999995	387	1	-0.11933	0.30397	0.30444	0.999995	255	0	-0.11933
LIN28B	8	0.65621	0.7036	0.999995	388	1	-0.081947	0.097522	0.097716	0.999995	65	1	-0.081947
BRSK2	8	0.6584	0.70477	0.999995	389	1	-0.26752	0.27918	0.27981	0.999995	234	0	-0.26752
MT2A	6	0.66299	0.67157	0.999995	390	1	-0.49787	0.89816	0.89943	0.999995	812	0	-0.49787
SLC11A1	8	0.6631	0.7075	0.999995	391	1	-0.084839	0.83688	0.83666	0.999995	748	0	-0.084839
GRHL3	8	0.66346	0.70765	0.999995	392	1	-0.10703	0.62068	0.62124	0.999995	557	0	-0.10703
PGLS	8	0.6688	0.71049	0.999995	393	1	-0.32037	0.85464	0.85453	0.999995	763	0	-0.32037
AP5M1	8	0.66916	0.71066	0.999995	394	1	-0.21664	0.12274	0.12373	0.999995	85	0	-0.21664
KPNA2	7	0.67	0.69014	0.999995	395	1	-0.40327	0.96495	0.96477	0.999995	892	0	-0.40327
HNRNPH3	8	0.67163	0.71228	0.999995	396	1	-0.27616	0.72742	0.72701	0.999995	661	0	-0.27616
CRY2	8	0.67547	0.71469	0.999995	397	1	-0.16813	0.41649	0.41619	0.999995	364	0	-0.16813
STAM	8	0.67617	0.71508	0.999995	398	1	-0.10356	0.20165	0.20246	0.999995	160	0	-0.10356
RHBDF1	8	0.67651	0.71519	0.999995	399	1	-0.18731	0.55199	0.55171	0.999995	481	0	-0.18731
S100A6	8	0.67893	0.71656	0.999995	400	1	-0.16913	0.34234	0.34221	0.999995	291	0	-0.16913
KRT74	8	0.67928	0.7167	0.999995	401	1	0.02632	0.25074	0.25118	0.999995	203	0	0.02632
BZW1	6	0.67984	0.68528	0.999995	402	1	-0.046288	0.087093	0.08577	0.999995	55	1	-0.046288
LGALS9	7	0.68086	0.69749	0.999995	403	1	-0.29801	0.088132	0.088245	0.999995	57	1	-0.29801
NAPB	8	0.68168	0.71817	0.999995	404	1	-0.21463	0.77574	0.77548	0.999995	700	0	-0.21463
CRY1	8	0.68236	0.71855	0.999995	405	1	-0.37531	0.7295	0.72897	0.999995	664	0	-0.37531
ADAM19	8	0.68373	0.71928	0.999995	406	1	-0.064004	0.15621	0.15684	0.999995	115	0	-0.064004
TUBB2A	6	0.68414	0.68879	0.999995	407	1	-0.10736	0.39417	0.39476	0.999995	343	0	-0.10736
ABCG2	8	0.68508	0.72016	0.999995	408	1	-0.0059854	0.16659	0.16729	0.999995	124	0	-0.0059854
CADPS	8	0.68542	0.72033	0.999995	409	1	-0.096299	0.22653	0.22689	0.999995	182	0	-0.096299
FNIP1	8	0.68846	0.72202	0.999995	410	1	0.053376	0.20012	0.20072	0.999995	158	0	0.053376
SPATA21	8	0.6898	0.72297	0.999995	411	1	-0.16841	0.49613	0.49643	0.999995	437	0	-0.16841
FLNC	8	0.69478	0.726	0.999995	412	1	-0.2274	0.38314	0.38323	0.999995	332	0	-0.2274
GPR50	8	0.69543	0.72622	0.999995	413	1	-0.23984	0.59015	0.59055	0.999995	524	0	-0.23984
CREBBP	8	0.69576	0.72648	0.999995	414	1	-0.37404	0.31675	0.31714	0.999995	268	0	-0.37404
KAT6A	8	0.69642	0.7268	0.999995	415	1	-0.019647	0.67547	0.67653	0.999995	615	0	-0.019647
DYNLT1	8	0.69675	0.72701	0.999995	416	1	-0.1895	0.64583	0.64677	0.999995	578	0	-0.1895
SLC11A2	8	0.69708	0.72714	0.999995	417	1	-0.11905	0.085537	0.085489	0.999995	54	1	-0.11905
GPR151	8	0.6974	0.72729	0.999995	418	1	-0.18111	0.40476	0.40467	0.999995	354	0	-0.18111
KAT6B	8	0.70033	0.72912	0.999995	419	1	-0.11045	0.47796	0.47793	0.999995	426	0	-0.11045
INTS6L	8	0.70066	0.72932	0.999995	420	1	-0.067228	0.46839	0.46884	0.999995	416	0	-0.067228
NMT2	8	0.70131	0.72977	0.999995	421	1	0.027433	0.64808	0.64895	0.999995	582	0	0.027433
EP300	8	0.70356	0.7312	0.999995	422	1	0.70341	6.6483e-07	4.6703e-06	0.000619	8	4	0.70341
AIPL1	8	0.70485	0.732	0.999995	423	1	0.055436	0.29098	0.29164	0.999995	245	0	0.055436
TRPC5	8	0.70708	0.7334	0.999995	424	1	-0.33224	0.62267	0.6233	0.999995	560	0	-0.33224
REG3A	8	0.71244	0.73644	0.999995	425	1	-0.21675	0.093257	0.093616	0.999995	61	1	-0.21675
TOP1MT	8	0.71369	0.73703	0.999995	426	1	-0.44265	0.2243	0.22463	0.999995	178	0	-0.44265
TFDP3	7	0.71444	0.72228	0.999995	427	1	0.03237	0.76519	0.76402	0.999995	692	0	0.03237
UBQLN3	8	0.71462	0.73769	0.999995	428	1	-0.31849	0.81766	0.81773	0.999995	732	0	-0.31849
IPO8	8	0.71679	0.73901	0.999995	429	1	-0.29523	0.95809	0.95731	0.999995	882	0	-0.29523
LIN28A	7	0.71832	0.72504	0.999995	430	1	-0.38998	0.25732	0.25693	0.999995	213	0	-0.38998
RHOT2	8	0.72017	0.741	0.999995	431	1	-0.52148	0.99969	0.99959	0.999995	1002	0	-0.52148
CYP26C1	8	0.72109	0.74144	0.999995	432	1	-0.13047	0.94585	0.94512	0.999995	868	0	-0.13047
CAND2	8	0.72291	0.74273	0.999995	433	1	-0.26037	0.098372	0.098576	0.999995	66	1	-0.26037
TAS1R2	8	0.72321	0.74289	0.999995	434	1	-0.32527	0.72622	0.72601	0.999995	660	0	-0.32527
DMXL1	8	0.72502	0.74421	0.999995	435	1	-0.12032	0.28753	0.2882	0.999995	242	0	-0.12032
MYD88	8	0.72592	0.74477	0.999995	436	1	0.12603	0.62108	0.62157	0.999995	558	0	0.12603
PLCG1	8	0.72682	0.74533	0.999995	437	1	-0.13373	0.063788	0.064455	0.999995	36	1	-0.13373
ARPC5	8	0.72742	0.74565	0.999995	438	1	-0.061637	0.66057	0.66157	0.999995	596	0	-0.061637
GBP3	8	0.72802	0.74607	0.999995	439	1	-0.1152	0.67824	0.67913	0.999995	620	0	-0.1152
MTMR4	8	0.72861	0.7464	0.999995	440	1	-0.37042	0.0061686	0.011167	0.696273	17	2	-0.37042
SLC10A2	8	0.72921	0.74689	0.999995	441	1	-0.018667	0.41123	0.41129	0.999995	359	0	-0.018667
G3BP1	7	0.72993	0.73392	0.999995	442	1	-0.14823	0.37801	0.37812	0.999995	328	0	-0.14823
LMBR1L	8	0.7301	0.74758	0.999995	443	1	0.1662	0.106	0.10609	0.999995	72	1	0.1662
SRI	8	0.73039	0.7477	0.999995	444	1	-0.022995	0.55153	0.55128	0.999995	480	0	-0.022995
APOBEC1	8	0.73128	0.74823	0.999995	445	1	-0.45235	0.68745	0.68823	0.999995	625	0	-0.45235
GYS2	8	0.73363	0.74983	0.999995	446	1	-0.13462	0.62504	0.62559	0.999995	562	0	-0.13462
EZH1	8	0.73392	0.75005	0.999995	447	1	-0.24298	0.87437	0.87364	0.999995	784	0	-0.24298
SP110	8	0.73509	0.75088	0.999995	448	1	-0.14812	0.74735	0.74677	0.999995	680	0	-0.14812
GSX2	8	0.73625	0.7517	0.999995	449	1	-0.42211	0.17842	0.17862	0.999995	134	0	-0.42211
MAT1A	8	0.73712	0.75239	0.999995	450	1	-0.41948	0.165	0.16571	0.999995	123	0	-0.41948
PEF1	7	0.73779	0.74064	0.999995	451	1	-0.14967	0.7987	0.79723	0.999995	715	0	-0.14967
MYCN	8	0.73798	0.7529	0.999995	452	1	-0.074145	0.54736	0.54737	0.999995	476	0	-0.074145
BAP1	8	0.73942	0.75375	0.999995	453	1	-0.34721	0.96958	0.96897	0.999995	899	0	-0.34721
MYBL2	8	0.73971	0.75391	0.999995	454	1	-0.51436	0.09069	0.090954	0.999995	58	1	-0.51436
GLT6D1	8	0.74342	0.75655	0.999995	455	1	-0.32526	0.94972	0.94934	0.999995	871	0	-0.32526
SEC11C	8	0.74426	0.75714	0.999995	456	1	-0.19709	0.2085	0.20912	0.999995	167	0	-0.19709
DRD3	8	0.74595	0.75856	0.999995	457	1	-0.12262	0.45376	0.45432	0.999995	402	0	-0.12262
VPS26B	8	0.74651	0.75894	0.999995	458	1	-0.36808	0.69838	0.69868	0.999995	634	0	-0.36808
DYNLT3	6	0.74734	0.74821	0.999995	459	0	-0.25022	0.12712	0.12561	0.999995	89	0	-0.25022
GCM2	8	0.74819	0.76026	0.999995	460	1	-0.22106	0.71803	0.71779	0.999995	653	0	-0.22106
CTCFL	8	0.74847	0.76051	0.999995	461	1	-0.281	0.48996	0.49021	0.999995	433	0	-0.281
GATAD2A	8	0.74875	0.76072	0.999995	462	1	-0.16317	0.50976	0.51019	0.999995	448	0	-0.16317
DGKZ	6	0.74933	0.75033	0.999995	463	0	-0.31237	0.67821	0.67948	0.999995	619	0	-0.31237
TRPC7	8	0.75041	0.76192	0.999995	464	1	-0.22541	0.50776	0.50823	0.999995	446	0	-0.22541
MED12L	8	0.75069	0.76209	0.999995	465	1	-0.29631	0.74342	0.7425	0.999995	674	0	-0.29631
PRKAB2	8	0.75096	0.76232	0.999995	466	1	-0.065055	0.55061	0.55031	0.999995	479	0	-0.065055
XPR1	8	0.75206	0.76299	0.999995	467	1	-0.21802	0.50626	0.50654	0.999995	445	0	-0.21802
ZNF34	8	0.75261	0.76335	0.999995	468	1	-0.26308	0.43821	0.43858	0.999995	387	0	-0.26308
LARP1B	8	0.75343	0.76403	0.999995	469	1	-0.13339	0.48216	0.48231	0.999995	430	0	-0.13339
IDH1	8	0.75425	0.76468	0.999995	470	1	-0.1986	0.88418	0.88389	0.999995	794	0	-0.1986
PSEN1	8	0.75507	0.76516	0.999995	471	1	-0.23696	0.92403	0.92352	0.999995	842	0	-0.23696
UQCRC1	8	0.7567	0.76654	0.999995	472	1	-0.3671	0.96918	0.96859	0.999995	898	0	-0.3671
GALNT5	8	0.75724	0.76702	0.999995	473	1	-0.023997	0.67755	0.67847	0.999995	618	0	-0.023997
ADAP1	8	0.75751	0.7672	0.999995	474	1	-0.20372	0.77474	0.77446	0.999995	699	0	-0.20372
CABP5	8	0.75831	0.76783	0.999995	475	1	-0.14259	0.52112	0.52131	0.999995	458	0	-0.14259
JAG1	8	0.76072	0.76964	0.999995	476	1	-0.19165	0.83839	0.83803	0.999995	750	0	-0.19165
HMGCS2	8	0.76152	0.77014	0.999995	477	1	0.052044	0.41996	0.41965	0.999995	367	0	0.052044
RBMXL2	8	0.76311	0.77144	0.999995	478	1	0.046648	0.037994	0.040094	0.999995	20	1	0.046648
RNF10	8	0.76574	0.77343	0.999995	479	1	-0.22389	0.9715	0.97081	0.999995	904	0	-0.22389
MBP	8	0.766	0.77366	0.999995	480	1	-0.25569	0.67582	0.67686	0.999995	616	0	-0.25569
TNR	8	0.76678	0.77436	0.999995	481	1	-0.026271	0.5741	0.57404	0.999995	508	0	-0.026271
CDK17	8	0.76704	0.77459	0.999995	482	1	-0.29053	0.79017	0.78999	0.999995	708	0	-0.29053
ARFGEF2	8	0.76834	0.77556	0.999995	483	1	-0.23813	0.64994	0.65068	0.999995	584	0	-0.23813
DGKI	8	0.76963	0.77648	0.999995	484	1	0.071746	0.27988	0.28052	0.999995	235	0	0.071746
TIMP2	8	0.77015	0.77684	0.999995	485	1	-0.22223	0.8363	0.83603	0.999995	747	0	-0.22223
VPS26A	8	0.77296	0.77903	0.999995	486	1	-0.28901	0.97974	0.9793	0.999995	919	0	-0.28901
UNC45A	8	0.77372	0.77965	0.999995	487	1	-0.35398	0.92672	0.92592	0.999995	846	0	-0.35398
PIP4P2	8	0.77524	0.78077	0.999995	488	1	-0.028784	0.70066	0.70109	0.999995	637	0	-0.028784
MOGAT2	8	0.77549	0.78104	0.999995	489	1	-0.34734	0.26152	0.26197	0.999995	217	0	-0.34734
ATAD2B	8	0.77574	0.78122	0.999995	490	1	-0.31392	0.7058	0.70634	0.999995	641	0	-0.31392
PPP3CC	8	0.7775	0.78275	0.999995	491	1	-0.055248	0.17449	0.17508	0.999995	130	0	-0.055248
IL10RA	8	0.7785	0.78352	0.999995	492	1	-0.21931	0.58154	0.58182	0.999995	513	0	-0.21931
ZAP70	8	0.7827	0.78717	0.999995	493	1	-0.16504	0.55795	0.55793	0.999995	489	0	-0.16504
VANGL1	8	0.78392	0.78822	0.999995	494	1	-0.14112	0.18389	0.18428	0.999995	140	0	-0.14112
HACD2	8	0.78513	0.78919	0.999995	495	1	-0.46002	0.99005	0.98989	0.999995	942	0	-0.46002
RANBP10	8	0.78537	0.78941	0.999995	496	1	-0.26465	0.29579	0.29647	0.999995	249	0	-0.26465
HRH3	8	0.7861	0.79001	0.999995	497	1	-0.22626	0.42112	0.42066	0.999995	369	0	-0.22626
FEZ2	8	0.78706	0.79065	0.999995	498	1	-0.12884	0.75643	0.75623	0.999995	686	0	-0.12884
DDI1	16	0.78783	0.88257	0.999995	499	2	-0.11169	0.064098	0.078176	0.999995	37	1	-0.11169
EPC1	8	0.78826	0.7917	0.999995	500	1	0.039376	0.50827	0.50872	0.999995	447	0	0.039376
DPCR1	8	0.78993	0.7931	0.999995	501	1	-0.3402	0.6613	0.6623	0.999995	597	0	-0.3402
FXR1	8	0.79136	0.79426	0.999995	502	1	-0.32526	0.84176	0.84144	0.999995	752	0	-0.32526
CLDN4	8	0.79159	0.79451	0.999995	503	1	-0.17356	0.78586	0.78586	0.999995	706	0	-0.17356
CYP2A6	8	0.79183	0.79471	0.999995	504	1	-0.14006	0.12771	0.12835	0.999995	90	0	-0.14006
TOMM40L	8	0.79324	0.79602	0.999995	505	1	-0.025922	0.35451	0.35462	0.999995	304	0	-0.025922
THRAP3	7	0.79412	0.79244	0.999995	506	0	-0.024244	0.66332	0.6625	0.999995	600	0	-0.024244
ZG16	8	0.79418	0.79663	0.999995	507	1	-0.044387	0.34363	0.34347	0.999995	293	0	-0.044387
HACD1	8	0.7958	0.79802	0.999995	508	1	0.23859	0.30126	0.30158	0.999995	253	0	0.23859
WRN	8	0.79673	0.79877	0.999995	509	1	-0.26732	0.87914	0.87839	0.999995	789	0	-0.26732
NHLRC1	8	0.79719	0.79925	0.999995	510	1	-0.026151	0.56699	0.56712	0.999995	502	0	-0.026151
ZDHHC17	8	0.79765	0.79973	0.999995	511	1	-0.07988	0.062909	0.063455	0.999995	35	1	-0.07988
MTHFD1	8	0.7988	0.8007	0.999995	512	1	0.0044619	0.5863	0.58651	0.999995	519	0	0.0044619
CYFIP2	8	0.79971	0.80156	0.999995	513	1	-0.19426	0.58457	0.58495	0.999995	516	0	-0.19426
SLC22A8	8	0.8004	0.80216	0.999995	514	1	-0.21687	0.41065	0.41072	0.999995	358	0	-0.21687
TPST1	8	0.8013	0.80297	0.999995	515	1	-0.38788	0.67686	0.67778	0.999995	617	0	-0.38788
PLCG2	8	0.80153	0.80311	0.999995	516	1	-0.22904	0.84957	0.84946	0.999995	761	0	-0.22904
ZIC3	8	0.80198	0.80348	0.999995	517	1	-0.13793	0.43313	0.43309	0.999995	381	0	-0.13793
ZDHHC13	8	0.80221	0.80368	0.999995	518	1	-0.014886	0.37454	0.37444	0.999995	323	0	-0.014886
YIPF7	8	0.80333	0.80473	0.999995	519	1	-0.38516	0.51523	0.51554	0.999995	453	0	-0.38516
RIMKLB	6	0.80399	0.80515	0.999995	520	0	-0.11769	0.89847	0.89986	0.999995	814	0	-0.11769
NKAPL	8	0.804	0.80547	0.999995	521	1	-0.15613	0.60896	0.60949	0.999995	542	0	-0.15613
ATAD2	8	0.80579	0.80708	0.999995	522	1	-0.1098	0.10853	0.10865	0.999995	74	1	-0.1098
CELA2A	8	0.80689	0.80823	0.999995	523	1	-0.10272	0.19705	0.19756	0.999995	154	0	-0.10272
ADGRG7	8	0.80711	0.80839	0.999995	524	1	-0.29703	0.32933	0.32963	0.999995	278	0	-0.29703
BTBD11	8	0.80756	0.80874	0.999995	525	1	-0.28929	0.48633	0.48662	0.999995	431	0	-0.28929
COPG2	8	0.80821	0.80928	0.999995	526	1	-0.04406	0.37083	0.37076	0.999995	320	0	-0.04406
ERC1	8	0.80909	0.80996	0.999995	527	1	-0.011546	0.12936	0.12995	0.999995	93	0	-0.011546
FAM71B	8	0.81083	0.81159	0.999995	528	1	-0.04783	0.49305	0.49317	0.999995	434	0	-0.04783
BZW2	8	0.8117	0.81239	0.999995	529	1	-0.026194	0.31073	0.3112	0.999995	262	0	-0.026194
EAF2	8	0.81363	0.81423	0.999995	530	1	-0.23924	0.67092	0.67183	0.999995	609	0	-0.23924
DZIP1L	8	0.81449	0.81498	0.999995	531	1	0.0012328	0.13183	0.13222	0.999995	96	0	0.0012328
PTCH2	8	0.81492	0.81533	0.999995	532	1	-0.46011	0.78392	0.78396	0.999995	704	0	-0.46011
TSPO2	8	0.81513	0.81548	0.999995	533	1	-0.11101	0.67408	0.67521	0.999995	613	0	-0.11101
SIN3B	8	0.81534	0.81574	0.999995	534	1	-0.32995	0.58801	0.58841	0.999995	522	0	-0.32995
RSC1A1	8	0.81766	0.81797	0.999995	535	1	-0.089494	0.31475	0.31503	0.999995	266	0	-0.089494
IRF4	8	0.8185	0.8186	0.999995	536	1	-0.12704	0.66987	0.67072	0.999995	608	0	-0.12704
E2F4	8	0.81871	0.81875	0.999995	537	1	-0.089965	0.66525	0.66617	0.999995	602	0	-0.089965
MORF4L1	6	0.81877	0.82041	0.999995	538	0	-0.33391	0.18706	0.18532	0.999995	143	0	-0.33391
AOX1	8	0.81892	0.819	0.999995	539	1	-0.16438	0.55841	0.55841	0.999995	490	0	-0.16438
DDX39A	8	0.81934	0.81942	0.999995	540	1	-0.013848	0.20088	0.20156	0.999995	159	0	-0.013848
RNF130	8	0.82058	0.82068	0.999995	541	1	-0.17741	0.16022	0.16093	0.999995	119	0	-0.17741
EFR3A	8	0.82141	0.82155	0.999995	542	1	-0.22897	0.59058	0.59101	0.999995	525	0	-0.22897
NR5A2	8	0.82162	0.82166	0.999995	543	1	-0.023637	0.10515	0.10523	0.999995	71	1	-0.023637
SNRPN	7	0.82236	0.82075	0.999995	544	0	-0.13317	0.038063	0.040272	0.999995	21	1	-0.13317
HMSD	8	0.82264	0.82253	0.999995	545	1	-0.20305	0.51818	0.51851	0.999995	455	0	-0.20305
ARID1B	8	0.82285	0.82268	0.999995	546	1	-0.42808	0.97968	0.97925	0.999995	918	0	-0.42808
NCKAP1L	8	0.82326	0.82309	0.999995	547	1	-0.30517	0.91071	0.91007	0.999995	824	0	-0.30517
SNTA1	8	0.82407	0.82382	0.999995	548	1	0.052345	0.17055	0.17118	0.999995	126	0	0.052345
PDCD6IP	8	0.82468	0.82445	0.999995	549	1	-0.31305	0.2332	0.23381	0.999995	187	0	-0.31305
ADM	8	0.82509	0.82479	0.999995	550	1	0.028011	0.41474	0.41454	0.999995	361	0	0.028011
HTR2C	8	0.82549	0.82528	0.999995	551	1	0.040705	0.087257	0.087563	0.999995	56	1	0.040705
GBX1	8	0.8259	0.82564	0.999995	552	1	-0.009824	0.12191	0.1228	0.999995	84	0	-0.009824
AHCYL2	8	0.8261	0.82591	0.999995	553	1	-0.073245	0.81321	0.81324	0.999995	727	0	-0.073245
TCF3	8	0.8279	0.82754	0.999995	554	1	0.038368	0.40653	0.40666	0.999995	356	0	0.038368
KPNA3	8	0.8281	0.8279	0.999995	555	1	-0.1549	0.76311	0.76293	0.999995	689	0	-0.1549
MTA1	8	0.8293	0.82911	0.999995	556	1	-0.069948	0.56113	0.56091	0.999995	493	0	-0.069948
PMM1	8	0.82949	0.82922	0.999995	557	0	-0.22863	0.86546	0.86492	0.999995	775	0	-0.22863
BTG1	8	0.83048	0.83037	0.999995	558	0	-0.21786	0.9392	0.93843	0.999995	863	0	-0.21786
NDUFC1	8	0.83088	0.83072	0.999995	559	0	-0.16762	0.62187	0.62241	0.999995	559	0	-0.16762
CDC34	8	0.83107	0.83089	0.999995	560	0	-0.22967	0.82448	0.82424	0.999995	739	0	-0.22967
PAX4	8	0.83205	0.83184	0.999995	561	0	0.20482	0.40298	0.40287	0.999995	352	0	0.20482
GXYLT1	8	0.83264	0.83244	0.999995	562	0	-0.033618	0.33129	0.33144	0.999995	280	0	-0.033618
ARFGEF1	8	0.83303	0.83281	0.999995	563	0	-0.27962	0.74426	0.74332	0.999995	675	0	-0.27962
DYNC1LI2	8	0.83342	0.8332	0.999995	564	0	-0.55469	0.99753	0.99751	0.999995	970	0	-0.55469
ABTB2	8	0.8338	0.83362	0.999995	565	0	-0.17745	0.8147	0.81475	0.999995	729	0	-0.17745
DNAJC15	8	0.834	0.83385	0.999995	566	0	-0.20768	0.9074	0.90671	0.999995	821	0	-0.20768
SLC35F4	8	0.83477	0.83464	0.999995	567	0	-0.18868	0.19088	0.1915	0.999995	148	0	-0.18868
RPRD1A	8	0.83535	0.83512	0.999995	568	0	-0.055677	0.55886	0.55878	0.999995	491	0	-0.055677
CCT6B	8	0.83554	0.83522	0.999995	569	0	-0.13368	0.20926	0.20992	0.999995	168	0	-0.13368
MYL7	8	0.83611	0.83585	0.999995	570	0	0.15522	0.27075	0.27151	0.999995	225	0	0.15522
RP1	8	0.83669	0.83641	0.999995	571	0	-0.21035	0.91607	0.91541	0.999995	831	0	-0.21035
DBT	8	0.83764	0.83724	0.999995	572	0	-0.046609	0.10684	0.10699	0.999995	73	1	-0.046609
KRTAP10-10	8	0.83802	0.83762	0.999995	573	0	-0.062803	0.19859	0.19899	0.999995	156	0	-0.062803
NETO1	8	0.83858	0.8382	0.999995	574	0	-0.19693	0.67233	0.67334	0.999995	611	0	-0.19693
AKAP11	8	0.83896	0.83878	0.999995	575	0	0.026714	0.51424	0.51452	0.999995	452	0	0.026714
RTP1	8	0.83952	0.83931	0.999995	576	0	-0.15312	0.50273	0.50283	0.999995	442	0	-0.15312
SPDEF	8	0.84139	0.84105	0.999995	577	0	-0.13762	0.5356	0.53587	0.999995	467	0	-0.13762
SYK	8	0.84158	0.84123	0.999995	578	0	0.20989	0.26579	0.26615	0.999995	220	0	0.20989
KLF5	8	0.84214	0.84171	0.999995	579	0	-0.2075	0.9306	0.92979	0.999995	854	0	-0.2075
SIRPA	6	0.84243	0.84395	0.999995	580	0	-0.2716	0.37459	0.37436	0.999995	324	0	-0.2716
TOB2	8	0.84361	0.84312	0.999995	581	0	-0.19494	0.63557	0.63646	0.999995	569	0	-0.19494
MECOM	8	0.84398	0.84348	0.999995	582	0	-0.40251	0.71338	0.71317	0.999995	650	0	-0.40251
ZNF418	8	0.84416	0.84367	0.999995	583	0	-0.24301	0.89513	0.89493	0.999995	809	0	-0.24301
LIMK1	8	0.84434	0.84384	0.999995	584	0	-0.30079	0.43483	0.43527	0.999995	382	0	-0.30079
EZH2	8	0.84453	0.84406	0.999995	585	0	-0.10579	0.93212	0.93126	0.999995	856	0	-0.10579
ZNF284	8	0.84471	0.84428	0.999995	586	0	-0.080943	0.74707	0.74647	0.999995	679	0	-0.080943
WASL	8	0.84526	0.8449	0.999995	587	0	-0.15417	0.64319	0.64416	0.999995	575	0	-0.15417
PTPN21	8	0.84544	0.84518	0.999995	588	0	0.12155	0.41938	0.41908	0.999995	366	0	0.12155
RSBN1	8	0.84562	0.84543	0.999995	589	0	-0.12606	0.18467	0.18514	0.999995	141	0	-0.12606
ADARB1	8	0.84598	0.84584	0.999995	590	0	0.01521	0.065544	0.066014	0.999995	39	1	0.01521
PUM2	8	0.84616	0.84601	0.999995	591	0	-0.33643	0.85737	0.85731	0.999995	765	0	-0.33643
IDH3B	8	0.8467	0.84642	0.999995	592	0	-0.073427	0.85906	0.85866	0.999995	766	0	-0.073427
MTX1	6	0.84745	0.84929	0.999995	593	0	-0.15645	0.78803	0.78917	0.999995	707	0	-0.15645
LBX1	8	0.84832	0.84807	0.999995	594	0	0.0008257	0.64696	0.64771	0.999995	580	0	0.0008257
CHSY3	8	0.8485	0.8483	0.999995	595	0	-0.11359	0.81724	0.81724	0.999995	731	0	-0.11359
RAP1GAP	8	0.84886	0.84879	0.999995	596	0	-0.092017	0.36459	0.36457	0.999995	312	0	-0.092017
MMD2	8	0.84903	0.84899	0.999995	597	0	-0.27015	0.90611	0.90543	0.999995	818	0	-0.27015
NSG1	8	0.84992	0.84976	0.999995	598	0	-0.14549	0.15862	0.15922	0.999995	117	0	-0.14549
MYH7	8	0.85028	0.85011	0.999995	599	0	-0.13262	0.424	0.42384	0.999995	373	0	-0.13262
SMARCC1	8	0.85081	0.85075	0.999995	600	0	-0.021066	0.39703	0.39716	0.999995	346	0	-0.021066
RRAGC	8	0.85098	0.851	0.999995	601	0	-0.18903	0.70292	0.70354	0.999995	638	0	-0.18903
ACACB	8	0.85133	0.85128	0.999995	602	0	-0.1691	0.60443	0.60485	0.999995	538	0	-0.1691
GJA8	8	0.85151	0.85142	0.999995	603	0	-0.32729	0.81954	0.8195	0.999995	735	0	-0.32729
SUSD1	8	0.85168	0.85164	0.999995	604	0	-0.19263	0.92275	0.92221	0.999995	840	0	-0.19263
NCOR2	8	0.85186	0.85184	0.999995	605	0	-0.21433	0.58198	0.58216	0.999995	514	0	-0.21433
BARHL1	8	0.85204	0.85206	0.999995	606	0	-0.21877	0.38921	0.38909	0.999995	339	0	-0.21877
IMPDH2	8	0.85238	0.85244	0.999995	607	0	-0.38991	0.91116	0.9106	0.999995	825	0	-0.38991
SAMD4A	8	0.85256	0.85258	0.999995	608	0	-0.29573	0.92859	0.92788	0.999995	851	0	-0.29573
SOS2	8	0.85378	0.85356	0.999995	609	0	-0.027091	0.7298	0.72932	0.999995	665	0	-0.027091
AMELX	8	0.85464	0.85453	0.999995	610	0	-0.23786	0.25579	0.25633	0.999995	211	0	-0.23786
DZIP3	8	0.85584	0.85564	0.999995	611	0	-0.0050004	0.27568	0.27656	0.999995	230	0	-0.0050004
POU5F2	8	0.85618	0.85597	0.999995	612	0	-0.16258	0.2442	0.24451	0.999995	195	0	-0.16258
GSX1	8	0.85652	0.85636	0.999995	613	0	-0.18021	0.55429	0.55428	0.999995	485	0	-0.18021
GPR183	8	0.85822	0.85798	0.999995	614	0	-0.078278	0.6656	0.66653	0.999995	604	0	-0.078278
HPS1	8	0.85839	0.85812	0.999995	615	0	-0.073709	0.6974	0.69788	0.999995	632	0	-0.073709
PSEN2	8	0.85889	0.85857	0.999995	616	0	-0.10071	0.63595	0.63697	0.999995	570	0	-0.10071
ERO1A	8	0.85939	0.85894	0.999995	617	0	-0.083315	0.25507	0.25552	0.999995	210	0	-0.083315
SLITRK1	8	0.85956	0.85916	0.999995	618	0	-0.23977	0.45101	0.45127	0.999995	400	0	-0.23977
TBC1D1	8	0.85989	0.85944	0.999995	619	0	-0.13964	0.11357	0.11383	0.999995	79	1	-0.13964
RECK	8	0.86056	0.85993	0.999995	620	0	-0.052476	0.50172	0.50194	0.999995	441	0	-0.052476
WAS	8	0.86073	0.86009	0.999995	621	0	0.011504	0.44714	0.44761	0.999995	395	0	0.011504
TIMM23B	7	0.86083	0.8596	0.999995	622	0	-0.20944	0.94299	0.94242	0.999995	867	0	-0.20944
ITGB1BP2	8	0.86139	0.86073	0.999995	623	0	0.0061559	0.68946	0.69011	0.999995	628	0	0.0061559
NCBP2L	8	0.86172	0.86119	0.999995	624	0	-0.047204	0.049632	0.050584	0.999995	26	1	-0.047204
ACTL7A	8	0.86188	0.86133	0.999995	625	0	-0.35563	0.65511	0.65617	0.999995	589	0	-0.35563
NRBP2	8	0.86221	0.86166	0.999995	626	0	-0.41667	0.85601	0.85581	0.999995	764	0	-0.41667
XDH	8	0.86238	0.86185	0.999995	627	0	-0.2149	0.72891	0.72835	0.999995	663	0	-0.2149
OSBPL6	8	0.86303	0.86245	0.999995	628	0	-0.25134	0.96421	0.96367	0.999995	891	0	-0.25134
CDK5R2	8	0.86368	0.86315	0.999995	629	0	-0.20901	0.46463	0.46509	0.999995	412	0	-0.20901
XYLT1	8	0.86417	0.86359	0.999995	630	0	-0.17776	0.39523	0.39546	0.999995	344	0	-0.17776
PCBD2	8	0.8645	0.86392	0.999995	631	0	-0.10946	0.29305	0.29363	0.999995	248	0	-0.10946
CLASP2	8	0.86466	0.86405	0.999995	632	0	-0.43101	0.9251	0.92436	0.999995	844	0	-0.43101
PDGFC	8	0.86482	0.86426	0.999995	633	0	0.19988	0.22131	0.22179	0.999995	176	0	0.19988
RHOBTB2	8	0.86579	0.8652	0.999995	634	0	-0.064733	0.36584	0.36588	0.999995	314	0	-0.064733
PRDM13	8	0.86611	0.86549	0.999995	635	0	-0.033214	0.45046	0.4508	0.999995	399	0	-0.033214
RGS19	8	0.86675	0.86618	0.999995	636	0	-0.23355	0.71119	0.71115	0.999995	646	0	-0.23355
COPS7A	8	0.86691	0.86633	0.999995	637	0	-0.024078	0.53655	0.53681	0.999995	469	0	-0.024078
LNX2	8	0.86754	0.86694	0.999995	638	0	-0.27214	0.92004	0.9194	0.999995	837	0	-0.27214
ARID4A	8	0.86897	0.86838	0.999995	639	0	-0.2225	0.60278	0.60326	0.999995	534	0	-0.2225
SAP30L	8	0.86928	0.86873	0.999995	640	0	-0.063149	0.26294	0.26353	0.999995	219	0	-0.063149
CAB39L	8	0.87022	0.8696	0.999995	641	0	0.17346	0.56339	0.56329	0.999995	496	0	0.17346
CRX	8	0.87053	0.86992	0.999995	642	0	-0.21061	0.93132	0.93044	0.999995	855	0	-0.21061
IFIH1	8	0.871	0.87034	0.999995	643	0	-0.35405	0.79487	0.79453	0.999995	712	0	-0.35405
LRFN1	8	0.87269	0.87198	0.999995	644	0	-0.16377	0.76704	0.76697	0.999995	695	0	-0.16377
MORF4L2	8	0.87285	0.87213	0.999995	645	0	-0.1365	0.52502	0.52501	0.999995	461	0	-0.1365
SPAG9	8	0.873	0.87224	0.999995	646	0	-0.059623	0.30871	0.30919	0.999995	260	0	-0.059623
TPST2	8	0.87346	0.87267	0.999995	647	0	-0.16394	0.39163	0.39172	0.999995	342	0	-0.16394
SLC9A3R1	8	0.87361	0.87293	0.999995	648	0	-0.23751	0.92729	0.92654	0.999995	847	0	-0.23751
IRF6	8	0.87376	0.87303	0.999995	649	0	-0.094577	0.14734	0.14797	0.999995	109	0	-0.094577
CAV1	8	0.87437	0.87364	0.999995	650	0	-0.16401	0.1343	0.13515	0.999995	98	0	-0.16401
SMAP2	8	0.87498	0.87437	0.999995	651	0	-0.27114	0.82223	0.82204	0.999995	737	0	-0.27114
PDX1	8	0.87573	0.87507	0.999995	652	0	0.080487	0.25146	0.2519	0.999995	204	0	0.080487
GPSM1	8	0.87618	0.8754	0.999995	653	0	-0.34772	0.81871	0.81857	0.999995	734	0	-0.34772
STX4	8	0.87633	0.87556	0.999995	654	0	-0.008274	0.873	0.87224	0.999995	782	0	-0.008274
TMEM9B	8	0.87692	0.87611	0.999995	655	0	-0.042613	0.55704	0.55706	0.999995	488	0	-0.042613
EXOC6B	8	0.87841	0.8777	0.999995	656	0	-0.17324	0.35387	0.35408	0.999995	303	0	-0.17324
TOMM20L	8	0.87899	0.87826	0.999995	657	0	-0.052376	0.65437	0.65539	0.999995	588	0	-0.052376
CHML	8	0.87914	0.87839	0.999995	658	0	-0.2391	0.91227	0.91173	0.999995	826	0	-0.2391
VPS37A	8	0.87943	0.87871	0.999995	659	0	-0.023612	0.74623	0.74559	0.999995	677	0	-0.023612
MYBPH	8	0.88031	0.8796	0.999995	660	0	-0.21944	0.97264	0.97185	0.999995	906	0	-0.21944
TPBG	8	0.88161	0.88106	0.999995	661	0	-0.090815	0.24929	0.24971	0.999995	201	0	-0.090815
FOXE3	8	0.88175	0.8813	0.999995	662	0	0.0047471	0.6413	0.64227	0.999995	574	0	0.0047471
PXDN	8	0.8819	0.88142	0.999995	663	0	-0.15464	0.86122	0.86055	0.999995	768	0	-0.15464
HOXB1	8	0.88218	0.88175	0.999995	664	0	-0.22961	0.33456	0.33453	0.999995	284	0	-0.22961
ALDOC	8	0.88247	0.88211	0.999995	665	0	-0.11889	0.77423	0.77403	0.999995	698	0	-0.11889
CNOT6	8	0.88347	0.88312	0.999995	666	0	-0.18852	0.83264	0.83244	0.999995	744	0	-0.18852
ATM	8	0.88389	0.88361	0.999995	667	0	-0.030704	0.56564	0.5656	0.999995	500	0	-0.030704
PHLDA2	8	0.88502	0.88476	0.999995	668	0	-0.067544	0.17134	0.17206	0.999995	127	0	-0.067544
KCNT1	8	0.88516	0.88486	0.999995	669	0	-0.17255	0.30058	0.30093	0.999995	252	0	-0.17255
DUOX2	8	0.88558	0.88529	0.999995	670	0	0.1792	0.38861	0.38845	0.999995	338	0	0.1792
SPOPL	8	0.88683	0.88659	0.999995	671	0	-0.22763	0.81083	0.81085	0.999995	725	0	-0.22763
TNKS2	8	0.88711	0.88682	0.999995	672	0	-0.18344	0.53273	0.53284	0.999995	466	0	-0.18344
CAT	8	0.8878	0.88744	0.999995	673	0	-0.15505	0.5927	0.59309	0.999995	527	0	-0.15505
TMEM120B	8	0.88793	0.88763	0.999995	674	0	0.050592	0.31942	0.31996	0.999995	271	0	0.050592
PRSS37	8	0.88834	0.88815	0.999995	675	0	0.071902	0.68542	0.68608	0.999995	624	0	0.071902
SIX6	8	0.88848	0.88826	0.999995	676	0	-0.31462	0.95619	0.95531	0.999995	879	0	-0.31462
YBX3	8	0.88875	0.88859	0.999995	677	0	0.042219	0.34105	0.34094	0.999995	289	0	0.042219
CYP2C8	8	0.88916	0.88895	0.999995	678	0	-0.22252	0.88711	0.88682	0.999995	798	0	-0.22252
NXT2	8	0.8893	0.88909	0.999995	679	0	-0.28908	0.5172	0.51737	0.999995	454	0	-0.28908
LIF	8	0.88943	0.88917	0.999995	680	0	-0.12429	0.16261	0.16328	0.999995	121	0	-0.12429
PHLDA3	8	0.8897	0.8894	0.999995	681	0	-0.0023914	0.29989	0.30034	0.999995	251	0	-0.0023914
CAND1	8	0.89011	0.8898	0.999995	682	0	-0.23554	0.54128	0.54128	0.999995	472	0	-0.23554
CDK8	8	0.89024	0.88986	0.999995	683	0	0.12563	0.095818	0.095923	0.999995	64	1	0.12563
RCBTB1	8	0.89051	0.89016	0.999995	684	0	0.024509	0.55567	0.55558	0.999995	487	0	0.024509
MAPK8IP3	8	0.89078	0.89037	0.999995	685	0	0.10327	0.27004	0.27072	0.999995	224	0	0.10327
ALAS2	8	0.89172	0.89139	0.999995	686	0	0.2074	0.23541	0.23611	0.999995	190	0	0.2074
FAM126B	8	0.89185	0.89152	0.999995	687	0	-0.10168	0.66489	0.6659	0.999995	601	0	-0.10168
GOLPH3L	8	0.89198	0.89166	0.999995	688	0	-0.094883	0.81449	0.81455	0.999995	728	0	-0.094883
UNC45B	8	0.89225	0.89197	0.999995	689	0	-0.041126	0.27216	0.27309	0.999995	227	0	-0.041126
APH1B	8	0.89251	0.89224	0.999995	690	0	-0.32249	0.8277	0.82737	0.999995	741	0	-0.32249
TTC23	8	0.89317	0.89298	0.999995	691	0	0.1957	0.153	0.15372	0.999995	112	0	0.1957
SEC23B	8	0.8933	0.89309	0.999995	692	0	-0.15306	0.36271	0.36235	0.999995	310	0	-0.15306
SAR1B	8	0.8937	0.89357	0.999995	693	0	-0.21414	0.10346	0.1034	0.999995	69	1	-0.21414
COX6B2	8	0.89409	0.89392	0.999995	694	0	-0.11436	0.56519	0.56509	0.999995	499	0	-0.11436
RC3H2	8	0.89461	0.89444	0.999995	695	0	-0.25393	0.71864	0.71838	0.999995	654	0	-0.25393
PUM1	8	0.89526	0.89508	0.999995	696	0	-0.2637	0.86106	0.86035	0.999995	767	0	-0.2637
STX7	8	0.8959	0.89572	0.999995	697	0	-0.17718	0.19782	0.19824	0.999995	155	0	-0.17718
DCAF4L2	8	0.89616	0.89589	0.999995	698	0	-0.14471	0.33651	0.33647	0.999995	286	0	-0.14471
MEP1B	8	0.89629	0.89609	0.999995	699	0	-0.14527	0.69113	0.69187	0.999995	629	0	-0.14527
TEX45	8	0.89642	0.89618	0.999995	700	0	-0.1548	0.18077	0.18112	0.999995	137	0	-0.1548
ASF1A	8	0.8968	0.8966	0.999995	701	0	-0.17927	0.65401	0.65497	0.999995	587	0	-0.17927
RANBP17	8	0.89756	0.89742	0.999995	702	0	-0.1411	0.70771	0.70802	0.999995	644	0	-0.1411
EXOC6	8	0.89857	0.89842	0.999995	703	0	-0.25814	0.92548	0.92471	0.999995	845	0	-0.25814
IL6ST	8	0.89895	0.89873	0.999995	704	0	-0.32771	0.99441	0.99436	0.999995	958	0	-0.32771
RANBP6	6	0.89899	0.90038	0.999995	705	0	-0.0044423	0.59596	0.59695	0.999995	530	0	-0.0044423
MYBPHL	8	0.89908	0.89888	0.999995	706	0	-0.20429	0.8653	0.86469	0.999995	774	0	-0.20429
MBD3L1	8	0.89958	0.89942	0.999995	707	0	-0.17385	0.76574	0.76553	0.999995	693	0	-0.17385
SPTA1	8	0.89995	0.89986	0.999995	708	0	-0.17521	0.67512	0.67615	0.999995	614	0	-0.17521
LIMK2	8	0.90143	0.90121	0.999995	709	0	-0.10387	0.50324	0.50331	0.999995	443	0	-0.10387
NDEL1	8	0.90168	0.90142	0.999995	710	0	0.0046842	0.45485	0.4553	0.999995	403	0	0.0046842
NAT8L	8	0.90192	0.90159	0.999995	711	0	-0.048772	0.88147	0.88086	0.999995	792	0	-0.048772
STRIP1	8	0.90216	0.90179	0.999995	712	0	-0.29017	0.63634	0.63738	0.999995	571	0	-0.29017
PACS1	8	0.90229	0.90188	0.999995	713	0	0.0093084	0.82264	0.82244	0.999995	738	0	0.0093084
SLC25A37	8	0.90277	0.90228	0.999995	714	0	-0.010988	0.47	0.47044	0.999995	418	0	-0.010988
NR5A1	8	0.90325	0.90272	0.999995	715	0	-0.31427	0.60691	0.60738	0.999995	539	0	-0.31427
RANBP9	8	0.90398	0.9034	0.999995	716	0	-0.17954	0.036192	0.03832	0.999995	19	1	-0.17954
TSTD1	8	0.90481	0.90414	0.999995	717	0	-0.057706	0.32801	0.32837	0.999995	277	0	-0.057706
TYMS	8	0.90564	0.90486	0.999995	718	0	0.16583	0.38679	0.38656	0.999995	335	0	0.16583
L3MBTL2	8	0.90588	0.90516	0.999995	719	0	-0.063891	0.43539	0.43583	0.999995	383	0	-0.063891
ZNRF4	8	0.90599	0.90528	0.999995	720	0	0.036184	0.27778	0.27853	0.999995	232	0	0.036184
CBLL2	8	0.90623	0.90555	0.999995	721	0	0.028925	0.79994	0.7998	0.999995	717	0	0.028925
CASP4	8	0.9074	0.90671	0.999995	722	0	-0.050215	0.062029	0.062614	0.999995	34	1	-0.050215
RNF144B	8	0.90821	0.90748	0.999995	723	0	-0.10555	0.19628	0.19674	0.999995	153	0	-0.10555
ULK2	8	0.90832	0.90756	0.999995	724	0	0.017511	0.81787	0.81797	0.999995	733	0	0.017511
MANF	8	0.90889	0.90808	0.999995	725	0	0.024166	0.61222	0.61293	0.999995	547	0	0.024166
CCNL2	8	0.90935	0.90861	0.999995	726	0	-0.051379	0.44436	0.44466	0.999995	393	0	-0.051379
DEGS1	8	0.90981	0.90909	0.999995	727	0	-0.012949	0.13101	0.13149	0.999995	95	0	-0.012949
DMP1	8	0.90992	0.90924	0.999995	728	0	-0.23256	0.074283	0.074589	0.999995	43	1	-0.23256
SLC25A24	8	0.91003	0.90941	0.999995	729	0	-0.15694	0.90716	0.9065	0.999995	820	0	-0.15694
TAF9B	6	0.91077	0.91217	0.999995	730	0	-0.0041509	0.12837	0.12694	0.999995	91	0	-0.0041509
APOBEC3C	8	0.91183	0.91121	0.999995	731	0	-0.13532	0.70993	0.71007	0.999995	645	0	-0.13532
ARFIP2	8	0.91194	0.91138	0.999995	732	0	-0.12209	0.61988	0.62043	0.999995	555	0	-0.12209
PAPSS1	8	0.9126	0.91204	0.999995	733	0	-0.20523	0.78098	0.78095	0.999995	702	0	-0.20523
SATB1	8	0.91326	0.91275	0.999995	734	0	-0.11953	0.11691	0.11732	0.999995	80	1	-0.11953
DGAT1	8	0.9137	0.91314	0.999995	735	0	0.13279	0.46678	0.46739	0.999995	414	0	0.13279
ABCC3	8	0.91392	0.91329	0.999995	736	0	-0.17398	0.34749	0.3477	0.999995	298	0	-0.17398
TMEM30B	8	0.91425	0.91367	0.999995	737	0	-0.11479	0.69903	0.69932	0.999995	635	0	-0.11479
MPC1	8	0.91457	0.91399	0.999995	738	0	-0.31641	0.93524	0.93452	0.999995	858	0	-0.31641
SAP30	8	0.91468	0.91404	0.999995	739	0	0.037625	0.57277	0.57283	0.999995	506	0	0.037625
RAMP2	8	0.915	0.91432	0.999995	740	0	-0.33494	0.90924	0.90848	0.999995	822	0	-0.33494
PACS2	8	0.91511	0.91441	0.999995	741	0	0.046252	0.54922	0.54895	0.999995	478	0	0.046252
RHOT1	8	0.91554	0.91482	0.999995	742	0	-0.13854	0.68879	0.68938	0.999995	626	0	-0.13854
CYP7A1	8	0.91565	0.91491	0.999995	743	0	-0.2565	0.97624	0.97565	0.999995	913	0	-0.2565
TGFBR2	8	0.91575	0.91502	0.999995	744	0	0.13173	0.66166	0.66267	0.999995	598	0	0.13173
ENOX1	8	0.91618	0.91547	0.999995	745	0	0.0089019	0.24784	0.24802	0.999995	200	0	0.0089019
KRT25	8	0.91745	0.91673	0.999995	746	0	-0.067118	0.24566	0.24593	0.999995	198	0	-0.067118
SMARCA2	8	0.91818	0.91749	0.999995	747	0	-0.16414	0.36772	0.36763	0.999995	317	0	-0.16414
CD72	8	0.91839	0.91771	0.999995	748	0	-0.28806	0.72109	0.72054	0.999995	656	0	-0.28806
STAM2	8	0.91942	0.91882	0.999995	749	0	-0.18296	0.46193	0.46224	0.999995	410	0	-0.18296
CTPS1	8	0.91973	0.91906	0.999995	750	0	-0.041853	0.56204	0.56175	0.999995	494	0	-0.041853
PSMB8	8	0.91983	0.91919	0.999995	751	0	-0.17251	0.91522	0.91451	0.999995	830	0	-0.17251
TBPL2	8	0.92014	0.91955	0.999995	752	0	0.23937	0.31408	0.31437	0.999995	265	0	0.23937
CDS1	8	0.92034	0.91976	0.999995	753	0	0.17531	0.081223	0.081193	0.999995	49	1	0.17531
FAM50A	8	0.92065	0.92004	0.999995	754	0	-0.21791	0.6317	0.63233	0.999995	568	0	-0.21791
PLD2	8	0.92075	0.92011	0.999995	755	0	0.11878	0.33586	0.33584	0.999995	285	0	0.11878
ISL1	8	0.92095	0.92035	0.999995	756	0	-0.20985	0.57144	0.57156	0.999995	505	0	-0.20985
DLL4	8	0.92226	0.92167	0.999995	757	0	-0.089985	0.88261	0.88224	0.999995	793	0	-0.089985
PTF1A	8	0.92245	0.92186	0.999995	758	0	-0.084619	0.61908	0.61957	0.999995	554	0	-0.084619
TYROBP	8	0.92265	0.92203	0.999995	759	0	0.011917	0.28128	0.28186	0.999995	236	0	0.011917
NDUFB4	8	0.92344	0.92295	0.999995	760	0	-0.20574	0.92804	0.9273	0.999995	849	0	-0.20574
TRPM1	8	0.92354	0.92309	0.999995	761	0	-0.16309	0.61506	0.61582	0.999995	551	0	-0.16309
SERPINA11	8	0.92374	0.92327	0.999995	762	0	-0.026186	0.39042	0.39051	0.999995	341	0	-0.026186
SEC23A	8	0.92383	0.92336	0.999995	763	0	-0.063439	0.14329	0.14376	0.999995	106	0	-0.063439
ADSS	7	0.92403	0.92323	0.999995	764	0	-0.19614	0.25795	0.25753	0.999995	215	0	-0.19614
OGDHL	8	0.92403	0.92352	0.999995	765	0	-0.073773	0.91766	0.91687	0.999995	834	0	-0.073773
TNKS	8	0.92423	0.92371	0.999995	766	0	-0.37579	0.94965	0.94925	0.999995	870	0	-0.37579
UBASH3B	8	0.92452	0.92389	0.999995	767	0	-0.33172	0.65327	0.6542	0.999995	586	0	-0.33172
FMR1	8	0.92461	0.924	0.999995	768	0	-0.057363	0.58759	0.58799	0.999995	521	0	-0.057363
SPTLC3	8	0.92481	0.92418	0.999995	769	0	-0.096414	0.35641	0.35643	0.999995	306	0	-0.096414
YIF1B	8	0.925	0.92429	0.999995	770	0	-0.041221	0.064666	0.065192	0.999995	38	1	-0.041221
GPSM2	8	0.92529	0.92454	0.999995	771	0	-0.0062027	0.14166	0.14219	0.999995	105	0	-0.0062027
ANXA1	8	0.92596	0.92523	0.999995	772	0	0.022567	0.58673	0.58697	0.999995	520	0	0.022567
TOP2B	8	0.92625	0.92546	0.999995	773	0	-0.023297	0.36522	0.36525	0.999995	313	0	-0.023297
DENND5B	8	0.92644	0.92562	0.999995	774	0	-0.15024	0.8933	0.89309	0.999995	806	0	-0.15024
GMPR	8	0.92682	0.92603	0.999995	775	0	-0.07281	0.63014	0.63069	0.999995	567	0	-0.07281
TBK1	8	0.927	0.92622	0.999995	776	0	-0.31165	0.4554	0.45578	0.999995	404	0	-0.31165
TPBGL	8	0.92729	0.92654	0.999995	777	0	-0.0066372	0.19243	0.19285	0.999995	149	0	-0.0066372
BECN2	8	0.92822	0.92747	0.999995	778	0	-0.10961	0.86482	0.86426	0.999995	772	0	-0.10961
DGAT2L6	8	0.92896	0.92828	0.999995	779	0	-0.14985	0.78343	0.78342	0.999995	703	0	-0.14985
CNOT6L	6	0.92957	0.93013	0.999995	780	0	-0.14083	0.25179	0.25061	0.999995	205	0	-0.14083
NSDHL	8	0.9296	0.92886	0.999995	781	0	-0.14496	0.31542	0.31575	0.999995	267	0	-0.14496
SLC9A3R2	8	0.92979	0.92902	0.999995	782	0	-0.15654	0.43708	0.43732	0.999995	385	0	-0.15654
LNX1	8	0.92988	0.92909	0.999995	783	0	-0.030747	0.50525	0.50544	0.999995	444	0	-0.030747
CDNF	8	0.93006	0.92923	0.999995	784	0	-0.10654	0.2665	0.26679	0.999995	221	0	-0.10654
FLOT1	8	0.93015	0.92929	0.999995	785	0	0.050108	0.45595	0.45629	0.999995	405	0	0.050108
AP3M1	8	0.93042	0.92961	0.999995	786	0	0.024512	0.51225	0.51268	0.999995	451	0	0.024512
SMC1B	8	0.93096	0.93014	0.999995	787	0	-0.019303	0.091546	0.091822	0.999995	59	1	-0.019303
ACTL6B	8	0.93114	0.93027	0.999995	788	0	-0.04762	0.13266	0.13314	0.999995	97	0	-0.04762
TTC7A	16	0.9318	0.94612	0.999995	789	1	-0.21371	0.25198	0.25138	0.999995	206	0	-0.21371
CCNE1	8	0.93185	0.93095	0.999995	790	0	0.10673	0.33846	0.33845	0.999995	288	0	0.10673
TBC1D4	8	0.93194	0.93102	0.999995	791	0	-0.14345	0.80953	0.8096	0.999995	723	0	-0.14345
CAVIN1	8	0.93221	0.9314	0.999995	792	0	-0.23058	0.88752	0.88725	0.999995	799	0	-0.23058
RHBDF2	8	0.93274	0.93191	0.999995	793	0	-0.14664	0.91983	0.91919	0.999995	836	0	-0.14664
KCNG4	8	0.93413	0.93338	0.999995	794	0	-0.079978	0.45976	0.46	0.999995	408	0	-0.079978
EPHA3	8	0.93464	0.93391	0.999995	795	0	-0.12984	0.91381	0.91317	0.999995	828	0	-0.12984
LHFPL5	8	0.93481	0.93402	0.999995	796	0	-0.2071	0.62858	0.62908	0.999995	565	0	-0.2071
SPATA16	8	0.93498	0.9342	0.999995	797	0	-0.16514	0.28198	0.28256	0.999995	237	0	-0.16514
SMARCA4	8	0.93575	0.93499	0.999995	798	0	-0.17136	0.26863	0.26903	0.999995	222	0	-0.17136
CHM	8	0.93583	0.93507	0.999995	799	0	-0.032009	0.059384	0.059775	0.999995	32	1	-0.032009
ELL2	7	0.93639	0.93557	0.999995	800	0	-0.029841	0.44222	0.44152	0.999995	390	0	-0.029841
HRAS	8	0.93692	0.93612	0.999995	801	0	-0.22868	0.93733	0.93664	0.999995	859	0	-0.22868
LOR	8	0.93717	0.93646	0.999995	802	0	-0.11062	0.61627	0.61696	0.999995	552	0	-0.11062
DLL1	8	0.9375	0.93681	0.999995	803	0	-0.13231	0.58328	0.58363	0.999995	515	0	-0.13231
KLK12	8	0.93799	0.93726	0.999995	804	0	-0.072364	0.81619	0.81618	0.999995	730	0	-0.072364
SEC11A	7	0.93806	0.93729	0.999995	805	0	0.0895	0.52227	0.52205	0.999995	459	0	0.0895
ALAS1	16	0.93812	0.94863	0.999995	806	1	-0.041705	0.77987	0.77978	0.999995	701	0	-0.041705
MACF1	8	0.9388	0.93808	0.999995	807	0	0.086285	0.13839	0.13882	0.999995	102	0	0.086285
UAP1	8	0.93904	0.93827	0.999995	808	0	-0.15889	0.5893	0.58972	0.999995	523	0	-0.15889
STT3A	8	0.93912	0.93838	0.999995	809	0	-0.082945	0.89185	0.89152	0.999995	805	0	-0.082945
DUOX1	8	0.9392	0.93843	0.999995	810	0	-0.15923	0.77092	0.77082	0.999995	696	0	-0.15923
GSTP1	8	0.93928	0.93853	0.999995	811	0	-0.17791	0.51966	0.51991	0.999995	456	0	-0.17791
CCDC69	8	0.93944	0.93867	0.999995	812	0	0.043346	0.40594	0.40601	0.999995	355	0	0.043346
MAK	8	0.9404	0.93971	0.999995	813	0	0.26928	0.46732	0.46789	0.999995	415	0	0.26928
ICK	8	0.94056	0.9399	0.999995	814	0	0.003172	0.44603	0.4463	0.999995	394	0	0.003172
ESRP1	8	0.94071	0.94003	0.999995	815	0	-0.11803	0.8677	0.86715	0.999995	778	0	-0.11803
IQCA1L	8	0.94079	0.94009	0.999995	816	0	-0.024548	0.52985	0.52979	0.999995	463	0	-0.024548
ZNF260	8	0.94095	0.94024	0.999995	817	0	-0.0041572	0.084675	0.084471	0.999995	53	1	-0.0041572
GIT1	8	0.94118	0.94044	0.999995	818	0	-0.070068	0.38981	0.3898	0.999995	340	0	-0.070068
SBNO2	8	0.94134	0.94053	0.999995	819	0	-0.14873	0.94924	0.94877	0.999995	869	0	-0.14873
SMARCC2	8	0.94165	0.9408	0.999995	820	0	-0.27286	0.89642	0.89618	0.999995	811	0	-0.27286
DDX39B	8	0.94181	0.94095	0.999995	821	0	0.075701	0.24493	0.24523	0.999995	196	0	0.075701
ATP6V1B1	8	0.94211	0.94131	0.999995	822	0	-0.22359	0.47479	0.47499	0.999995	423	0	-0.22359
STX12	8	0.94257	0.94189	0.999995	823	0	-0.14786	0.18623	0.18654	0.999995	142	0	-0.14786
NBEAL2	8	0.94265	0.94196	0.999995	824	0	-0.17346	0.35894	0.35872	0.999995	309	0	-0.17346
PPP2R1B	8	0.94311	0.94244	0.999995	825	0	-0.29849	0.20394	0.20454	0.999995	163	0	-0.29849
SEC31A	8	0.94408	0.94334	0.999995	826	0	-0.10559	0.43029	0.43015	0.999995	379	0	-0.10559
PXDNL	8	0.94475	0.94402	0.999995	827	0	0.1039	0.11189	0.11212	0.999995	78	1	0.1039
BATF3	8	0.94519	0.94443	0.999995	828	0	0.072351	0.18155	0.18189	0.999995	138	0	0.072351
SNX6	8	0.94541	0.94463	0.999995	829	0	0.10247	0.40239	0.40233	0.999995	351	0	0.10247
G6PC	8	0.94578	0.94505	0.999995	830	0	0.040656	0.4499	0.45023	0.999995	398	0	0.040656
PIP4P1	8	0.94621	0.94556	0.999995	831	0	0.10548	0.26934	0.26993	0.999995	223	0	0.10548
GNB3	8	0.94643	0.9458	0.999995	832	0	-0.013591	0.79811	0.79786	0.999995	714	0	-0.013591
RCBTB2	8	0.9465	0.94589	0.999995	833	0	-0.10256	0.21153	0.21216	0.999995	170	0	-0.10256
DYNLRB2	8	0.94665	0.94604	0.999995	834	0	-0.04943	0.45813	0.4585	0.999995	406	0	-0.04943
TTC7B	8	0.94693	0.94632	0.999995	835	0	-0.23991	0.96139	0.9607	0.999995	884	0	-0.23991
CHMP1B	8	0.94714	0.94647	0.999995	836	0	0.036165	0.30465	0.30509	0.999995	256	0	0.036165
TRIM25	8	0.94736	0.94671	0.999995	837	0	0.062059	0.4438	0.44414	0.999995	392	0	0.062059
DENND5A	8	0.94757	0.94696	0.999995	838	0	-0.12819	0.77169	0.77141	0.999995	697	0	-0.12819
GBX2	8	0.94785	0.94728	0.999995	839	0	-0.36258	0.92868	0.92796	0.999995	852	0	-0.36258
RNF125	8	0.94806	0.94752	0.999995	840	0	-0.27559	0.16976	0.17044	0.999995	125	0	-0.27559
CLTB	8	0.9482	0.94761	0.999995	841	0	-0.034734	0.51176	0.51212	0.999995	450	0	-0.034734
DHX29	7	0.94868	0.94809	0.999995	842	0	-0.07012	0.39886	0.39888	0.999995	348	0	-0.07012
SLC22A13	8	0.9489	0.9484	0.999995	843	0	-0.2445	0.52015	0.52031	0.999995	457	0	-0.2445
GALNT2	8	0.94917	0.94866	0.999995	844	0	0.25492	0.10937	0.10959	0.999995	75	1	0.25492
TMEM185A	8	0.94944	0.94901	0.999995	845	0	0.15104	0.10262	0.10267	0.999995	68	1	0.15104
CWF19L1	8	0.94985	0.94944	0.999995	846	0	-0.29572	0.83146	0.83127	0.999995	743	0	-0.29572
SLC35F3	8	0.95012	0.94974	0.999995	847	0	-0.24618	0.38253	0.38273	0.999995	331	0	-0.24618
COQ10B	8	0.95073	0.9502	0.999995	848	0	-0.32292	0.81256	0.81262	0.999995	726	0	-0.32292
AXL	8	0.9508	0.95028	0.999995	849	0	0.061534	0.74171	0.74089	0.999995	671	0	0.061534
CADPS2	8	0.95086	0.95035	0.999995	850	0	-0.011507	0.60814	0.60854	0.999995	540	0	-0.011507
ZMIZ2	8	0.951	0.95047	0.999995	851	0	-0.09003	0.3417	0.3416	0.999995	290	0	-0.09003
DEGS2	8	0.95212	0.95159	0.999995	852	0	-0.032662	0.14977	0.15048	0.999995	111	0	-0.032662
LATS1	8	0.95225	0.95169	0.999995	853	0	0.10136	0.0042448	0.0074958	0.60429	14	2	0.10136
HTR3E	8	0.95283	0.95224	0.999995	854	0	0.0048283	0.49817	0.49862	0.999995	439	0	0.0048283
HTR3D	8	0.95353	0.95279	0.999995	855	0	-0.068784	0.39822	0.39848	0.999995	347	0	-0.068784
HEATR5A	8	0.95378	0.95299	0.999995	856	0	-0.17112	0.52744	0.52733	0.999995	462	0	-0.17112
H1FOO	8	0.95391	0.95313	0.999995	857	0	0.002144	0.19935	0.19992	0.999995	157	0	0.002144
NCK2	8	0.95404	0.95322	0.999995	858	0	-0.11263	0.388	0.38786	0.999995	337	0	-0.11263
DMXL2	8	0.95422	0.9534	0.999995	859	0	-0.017981	0.25435	0.25482	0.999995	209	0	-0.017981
PPP2CB	6	0.95451	0.95447	0.999995	860	0	-0.036856	0.47197	0.47352	0.999995	420	0	-0.036856
ADARB2	8	0.95472	0.95391	0.999995	861	0	-0.053571	0.29236	0.29292	0.999995	247	0	-0.053571
RALGPS1	8	0.95485	0.954	0.999995	862	0	-0.060449	0.63902	0.64	0.999995	572	0	-0.060449
KRT38	8	0.95503	0.95424	0.999995	863	0	-0.23726	0.79696	0.79661	0.999995	713	0	-0.23726
SLC17A2	8	0.95559	0.95473	0.999995	864	0	-0.17721	0.38375	0.3837	0.999995	333	0	-0.17721
ZMIZ1	8	0.95577	0.95493	0.999995	865	0	0.13739	0.32604	0.32635	0.999995	275	0	0.13739
ZFYVE19	8	0.95589	0.95504	0.999995	866	0	-0.082996	0.67373	0.67479	0.999995	612	0	-0.082996
KCNMB3	7	0.95615	0.95559	0.999995	867	0	-0.27305	0.094886	0.094802	0.999995	62	1	-0.27305
CTPS2	8	0.95631	0.95541	0.999995	868	0	-0.094446	0.38069	0.38083	0.999995	330	0	-0.094446
ARHGEF3	8	0.95703	0.95616	0.999995	869	0	-0.096961	0.10431	0.10422	0.999995	70	1	-0.096961
RNF44	8	0.95797	0.95718	0.999995	870	0	-0.238	0.34428	0.34408	0.999995	294	0	-0.238
CLCA1	8	0.95855	0.95779	0.999995	871	0	-0.19798	0.25866	0.2592	0.999995	216	0	-0.19798
TREM2	8	0.9586	0.95783	0.999995	872	0	-0.090611	0.21455	0.21506	0.999995	173	0	-0.090611
VRTN	8	0.95929	0.95854	0.999995	873	0	-0.081341	0.41765	0.41722	0.999995	365	0	-0.081341
SEC14L3	8	0.9594	0.95866	0.999995	874	0	0.031014	0.56654	0.56664	0.999995	501	0	0.031014
NLRP8	8	0.95979	0.95914	0.999995	875	0	-0.032259	0.30938	0.30997	0.999995	261	0	-0.032259
PDCD4	8	0.96052	0.95977	0.999995	876	0	0.043161	0.27428	0.27509	0.999995	229	0	0.043161
RNF113B	8	0.96224	0.96153	0.999995	877	0	0.12521	0.20318	0.20386	0.999995	162	0	0.12521
SMAP1	8	0.9624	0.96171	0.999995	878	0	0.014219	0.73683	0.73624	0.999995	668	0	0.014219
KRTAP1-1	8	0.96251	0.96189	0.999995	879	0	0.081262	0.17921	0.17951	0.999995	135	0	0.081262
GRM4	8	0.96267	0.96207	0.999995	880	0	0.0095073	0.25794	0.25839	0.999995	214	0	0.0095073
NBEA	6	0.96306	0.96311	0.999995	881	0	-0.050566	0.59629	0.59724	0.999995	532	0	-0.050566
FOXK1	8	0.9637	0.96315	0.999995	882	0	0.15684	0.20241	0.20328	0.999995	161	0	0.15684
JAG2	8	0.96385	0.96335	0.999995	883	0	0.04152	0.23394	0.2347	0.999995	188	0	0.04152
MED23	8	0.96461	0.9642	0.999995	884	0	0.3038	0.057618	0.058131	0.999995	30	1	0.3038
PDLIM5	8	0.96521	0.96481	0.999995	885	0	-0.056971	0.37701	0.37702	0.999995	327	0	-0.056971
IDH3G	8	0.9654	0.96494	0.999995	886	0	-0.063139	0.57366	0.57356	0.999995	507	0	-0.063139
AP2A2	8	0.96575	0.96527	0.999995	887	0	0.073991	0.29167	0.29224	0.999995	246	0	0.073991
CAPN2	8	0.96599	0.96545	0.999995	888	0	-0.11114	0.34621	0.34621	0.999995	297	0	-0.11114
ARHGEF6	8	0.96609	0.96551	0.999995	889	0	-0.11374	0.34813	0.34837	0.999995	299	0	-0.11374
GDI1	8	0.96618	0.96562	0.999995	890	0	-0.061191	0.91839	0.91771	0.999995	835	0	-0.061191
UAP1L1	8	0.96623	0.96567	0.999995	891	0	-0.16088	0.88642	0.88618	0.999995	796	0	-0.16088
TMEM9	8	0.96628	0.96572	0.999995	892	0	-0.046899	0.19551	0.19593	0.999995	152	0	-0.046899
CDK16	8	0.96637	0.96582	0.999995	893	0	-0.23698	0.080358	0.080305	0.999995	48	1	-0.23698
ENOX2	8	0.96652	0.96598	0.999995	894	0	-0.09856	0.55291	0.55253	0.999995	483	0	-0.09856
DUSP10	8	0.96656	0.96602	0.999995	895	0	-0.11308	0.47266	0.47284	0.999995	421	0	-0.11308
NETO2	8	0.96685	0.96627	0.999995	896	0	-0.23556	0.60319	0.60365	0.999995	536	0	-0.23556
MTA3	8	0.96723	0.96659	0.999995	897	0	0.036524	0.38618	0.3861	0.999995	334	0	0.036524
PCDH1	8	0.96741	0.96677	0.999995	898	0	-0.0045957	0.21229	0.21277	0.999995	171	0	-0.0045957
UMPS	8	0.9676	0.96696	0.999995	899	0	-0.054997	0.53129	0.53125	0.999995	465	0	-0.054997
TAP1	8	0.96764	0.967	0.999995	900	0	0.033412	0.42972	0.42961	0.999995	378	0	0.033412
ZNF423	8	0.96769	0.96702	0.999995	901	0	0.0031426	0.37639	0.37627	0.999995	326	0	0.0031426
ESRP2	8	0.96774	0.96707	0.999995	902	0	-0.28996	0.20775	0.20847	0.999995	166	0	-0.28996
KRT37	8	0.96783	0.96717	0.999995	903	0	-0.19441	0.1642	0.16497	0.999995	122	0	-0.19441
CDK5R1	8	0.96856	0.96785	0.999995	904	0	-0.15531	0.49357	0.49379	0.999995	435	0	-0.15531
CRNN	8	0.96874	0.96812	0.999995	905	0	0.020626	0.27357	0.27428	0.999995	228	0	0.020626
HUS1B	8	0.96905	0.96844	0.999995	906	0	0.066099	0.585	0.58532	0.999995	517	0	0.066099
LRBA	8	0.96932	0.96872	0.999995	907	0	0.086142	0.62028	0.62086	0.999995	556	0	0.086142
TBR1	8	0.96962	0.96899	0.999995	908	0	-0.15827	0.70485	0.70538	0.999995	640	0	-0.15827
YAF2	8	0.96997	0.96937	0.999995	909	0	0.18209	0.16101	0.16171	0.999995	120	0	0.18209
NET1	8	0.9701	0.96949	0.999995	910	0	-0.09977	0.22876	0.22914	0.999995	184	0	-0.09977
RRM2B	16	0.97052	0.97112	0.999995	911	1	-0.18119	0.75572	0.75461	0.999995	684	0	-0.18119
FKBP4	8	0.97057	0.97002	0.999995	912	0	-0.080043	0.42858	0.42839	0.999995	377	0	-0.080043
TLN2	8	0.97095	0.97035	0.999995	913	0	0.052662	0.45156	0.45173	0.999995	401	0	0.052662
PPP3R1	8	0.97116	0.97054	0.999995	914	0	-0.20939	0.89132	0.89099	0.999995	803	0	-0.20939
SS18L1	8	0.97137	0.9707	0.999995	915	0	-0.18169	0.69773	0.6981	0.999995	633	0	-0.18169
LMBR1	8	0.97141	0.97072	0.999995	916	0	-0.069882	0.75589	0.75549	0.999995	685	0	-0.069882
TMEM185B	8	0.97183	0.9711	0.999995	917	0	0.0040402	0.43764	0.43792	0.999995	386	0	0.0040402
EFNB1	8	0.97223	0.97144	0.999995	918	0	0.042336	0.42457	0.42441	0.999995	374	0	0.042336
ATOH1	8	0.97236	0.97159	0.999995	919	0	-0.10025	0.72502	0.72486	0.999995	657	0	-0.10025
SMARCA1	8	0.97248	0.9717	0.999995	920	0	-0.074552	0.34556	0.34548	0.999995	296	0	-0.074552
PSMB9	8	0.97284	0.9721	0.999995	921	0	-0.12923	0.061148	0.061764	0.999995	33	1	-0.12923
FAM126A	8	0.97291	0.97217	0.999995	922	0	0.14417	0.22728	0.22754	0.999995	183	0	0.14417
ITSN2	8	0.97335	0.97261	0.999995	923	0	0.12382	0.12357	0.12452	0.999995	86	0	0.12382
CPS1	8	0.97346	0.97273	0.999995	924	0	-0.077594	0.87633	0.87556	0.999995	786	0	-0.077594
SUV39H2	7	0.97352	0.97351	0.999995	925	0	0.024591	0.47025	0.47031	0.999995	419	0	0.024591
EPS15	8	0.97408	0.9734	0.999995	926	0	0.018355	0.082087	0.082061	0.999995	50	1	0.018355
DST	8	0.9745	0.9738	0.999995	927	0	-0.040082	0.65253	0.65327	0.999995	585	0	-0.040082
IMPDH1	8	0.9748	0.97414	0.999995	928	0	0.09475	0.37207	0.3722	0.999995	321	0	0.09475
FLT1	8	0.97491	0.97429	0.999995	929	0	0.034167	0.18856	0.18903	0.999995	145	0	0.034167
FZD8	8	0.97502	0.97438	0.999995	930	0	0.1781	0.41357	0.41343	0.999995	360	0	0.1781
ABL2	8	0.97509	0.97446	0.999995	931	0	0.0028354	0.37331	0.37313	0.999995	322	0	0.0028354
KIAA0319	8	0.97546	0.97483	0.999995	932	0	-0.13507	0.80356	0.8035	0.999995	720	0	-0.13507
EGFR	8	0.97567	0.97508	0.999995	933	0	0.0031273	0.33195	0.33216	0.999995	282	0	0.0031273
ANKRD37	8	0.9761	0.97553	0.999995	934	0	0.081256	0.30533	0.30569	0.999995	257	0	0.081256
ATP6V1C2	16	0.97656	0.97696	0.999995	935	0	-0.099555	0.71222	0.71115	0.999995	647	0	-0.099555
ABCB1	8	0.97704	0.97647	0.999995	936	0	-0.14307	0.44045	0.44087	0.999995	389	0	-0.14307
BRSK1	8	0.97765	0.97711	0.999995	937	0	-0.16935	0.36958	0.36943	0.999995	319	0	-0.16935
ABCA3	8	0.97802	0.97745	0.999995	938	0	0.0001635	0.4018	0.40179	0.999995	350	0	0.0001635
NAA11	8	0.97828	0.97769	0.999995	939	0	-0.11769	0.59186	0.59227	0.999995	526	0	-0.11769
FCRL3	8	0.97861	0.97797	0.999995	940	0	0.02437	0.27848	0.27929	0.999995	233	0	0.02437
AQP8	8	0.9787	0.97809	0.999995	941	0	0.1231	0.31207	0.31241	0.999995	263	0	0.1231
CD44	8	0.97873	0.97811	0.999995	942	0	0.19493	0.04785	0.049089	0.999995	24	1	0.19493
LIM2	8	0.97918	0.97863	0.999995	943	0	-0.18655	0.24711	0.24735	0.999995	199	0	-0.18655
DCAF8L1	8	0.97921	0.97869	0.999995	944	0	0.048995	0.65767	0.65872	0.999995	592	0	0.048995
FAM71A	8	0.9793	0.97884	0.999995	945	0	-0.12896	0.73333	0.73279	0.999995	667	0	-0.12896
FBLN1	8	0.97995	0.97945	0.999995	946	0	-0.11482	0.36334	0.3631	0.999995	311	0	-0.11482
ERN1	8	0.98058	0.98011	0.999995	947	0	-0.063262	0.42801	0.42778	0.999995	376	0	-0.063262
SEC31B	8	0.98088	0.98048	0.999995	948	0	-0.088899	0.84725	0.84694	0.999995	758	0	-0.088899
IKBKB	8	0.98096	0.9806	0.999995	949	0	-0.076519	0.68305	0.68392	0.999995	622	0	-0.076519
PLAU	8	0.98111	0.98074	0.999995	950	0	-0.13922	0.25218	0.25268	0.999995	207	0	-0.13922
GOLT1A	8	0.98148	0.98107	0.999995	951	0	-0.11416	0.89845	0.89824	0.999995	813	0	-0.11416
PLXDC1	16	0.98159	0.9823	0.999995	952	0	-0.14698	0.544	0.54207	0.999995	474	0	-0.14698
MECP2	8	0.98174	0.98138	0.999995	953	0	-0.096432	0.76072	0.76063	0.999995	688	0	-0.096432
RSPH1	8	0.98196	0.98165	0.999995	954	0	0.14244	0.13921	0.13966	0.999995	103	0	0.14244
SPHKAP	8	0.98207	0.98174	0.999995	955	0	-0.039586	0.42285	0.42246	0.999995	372	0	-0.039586
UNC119	8	0.98215	0.98185	0.999995	956	0	-0.13466	0.1538	0.15467	0.999995	113	0	-0.13466
ERN2	8	0.98223	0.9819	0.999995	957	0	-0.11374	0.6688	0.66963	0.999995	607	0	-0.11374
XPO7	8	0.98314	0.98288	0.999995	958	0	0.061707	0.12108	0.12189	0.999995	83	0	0.061707
ARSJ	8	0.98356	0.98334	0.999995	959	0	0.058307	0.58587	0.5861	0.999995	518	0	0.058307
CDK19	16	0.98448	0.98527	0.999995	960	0	0.090326	0.48942	0.48759	0.999995	432	0	0.090326
EPS15L1	8	0.98453	0.98444	0.999995	961	0	0.23455	0.22281	0.22316	0.999995	177	0	0.23455
SLC25A15	8	0.9847	0.98465	0.999995	962	0	-0.19352	0.32274	0.32305	0.999995	272	0	-0.19352
G3BP2	8	0.98543	0.98536	0.999995	963	0	-0.0078353	0.28337	0.28388	0.999995	239	0	-0.0078353
CALY	8	0.98547	0.98539	0.999995	964	0	-0.031989	0.36647	0.36649	0.999995	315	0	-0.031989
COPZ2	8	0.98554	0.98542	0.999995	965	0	-0.018284	0.32998	0.33028	0.999995	279	0	-0.018284
RRAGD	8	0.98586	0.98578	0.999995	966	0	-0.14596	0.70612	0.70655	0.999995	642	0	-0.14596
TIRAP	8	0.98602	0.98598	0.999995	967	0	0.1019	0.31809	0.31859	0.999995	270	0	0.1019
RNF2	7	0.98639	0.98612	0.999995	968	0	0.29589	0.11782	0.11747	0.999995	81	0	0.29589
FOXA1	8	0.98656	0.98642	0.999995	969	0	-0.068149	0.75805	0.75794	0.999995	687	0	-0.068149
FXR2	8	0.9866	0.98645	0.999995	970	0	-0.019422	0.70388	0.70446	0.999995	639	0	-0.019422
CBLL1	8	0.98696	0.98682	0.999995	971	0	0.31032	0.004714	0.0085513	0.60429	15	2	0.31032
GXYLT2	8	0.98703	0.98687	0.999995	972	0	-0.18626	0.28476	0.28541	0.999995	241	0	-0.18626
SHMT1	7	0.98711	0.98692	0.999995	973	0	0.068227	0.6133	0.61285	0.999995	549	0	0.068227
ZNF146	8	0.9874	0.98725	0.999995	974	0	0.028435	0.67128	0.67224	0.999995	610	0	0.028435
PLEK2	8	0.98776	0.98759	0.999995	975	0	-0.015693	0.46571	0.46629	0.999995	413	0	-0.015693
SATB2	8	0.98789	0.98768	0.999995	976	0	0.12405	0.12854	0.12919	0.999995	92	0	0.12405
IDH2	8	0.98856	0.98831	0.999995	977	0	0.046457	0.14815	0.14872	0.999995	110	0	0.046457
STRIP2	8	0.98875	0.9885	0.999995	978	0	0.0092223	0.3234	0.32381	0.999995	273	0	0.0092223
TBC1D9	8	0.98968	0.98951	0.999995	979	0	-0.048143	0.15942	0.16005	0.999995	118	0	-0.048143
FRS3	8	0.98975	0.98954	0.999995	980	0	-0.15863	0.78562	0.78568	0.999995	705	0	-0.15863
ASCL1	8	0.98977	0.98956	0.999995	981	0	-0.005441	0.39583	0.39612	0.999995	345	0	-0.005441
CAP2	8	0.99054	0.99032	0.999995	982	0	-0.0078188	0.65694	0.65804	0.999995	591	0	-0.0078188
UTRN	8	0.99057	0.99036	0.999995	983	0	-0.11833	0.32736	0.3277	0.999995	276	0	-0.11833
H2BFM	8	0.99074	0.99047	0.999995	984	0	0.029066	0.64054	0.6415	0.999995	573	0	0.029066
DMD	8	0.99088	0.99064	0.999995	985	0	-0.037208	0.64357	0.64449	0.999995	576	0	-0.037208
SERPINA12	16	0.99105	0.99179	0.999995	986	0	0.012854	0.22457	0.22485	0.999995	179	0	0.012854
FLOT2	8	0.99127	0.99106	0.999995	987	0	0.095361	0.077759	0.077821	0.999995	44	1	0.095361
TCF12	8	0.99128	0.99108	0.999995	988	0	0.077644	0.30668	0.30708	0.999995	258	0	0.077644
PDGFD	8	0.99137	0.99116	0.999995	989	0	0.12693	0.61019	0.61091	0.999995	545	0	0.12693
CHSY1	8	0.99146	0.99127	0.999995	990	0	0.089557	0.3526	0.35295	0.999995	302	0	0.089557
IKBKE	8	0.99185	0.99178	0.999995	991	0	0.016629	0.47585	0.47591	0.999995	424	0	0.016629
TANC2	7	0.99196	0.99159	0.999995	992	0	0.13483	0.66043	0.6595	0.999995	595	0	0.13483
FSD1	8	0.99214	0.99207	0.999995	993	0	0.058352	0.34299	0.34284	0.999995	292	0	0.058352
MTUS1	8	0.99218	0.99212	0.999995	994	0	0.087015	0.25722	0.25777	0.999995	212	0	0.087015
TCF4	8	0.99224	0.99216	0.999995	995	0	0.20622	0.050523	0.051574	0.999995	27	1	0.20622
TANC1	8	0.99256	0.99251	0.999995	996	0	-0.025858	0.35132	0.35165	0.999995	301	0	-0.025858
ZNF185	8	0.9926	0.99255	0.999995	997	0	0.15697	0.13676	0.13721	0.999995	100	0	0.15697
HRH1	8	0.99287	0.99279	0.999995	998	0	0.013012	0.60978	0.61039	0.999995	544	0	0.013012
MARCKS	8	0.99329	0.99323	0.999995	999	0	0.26749	0.14572	0.14631	0.999995	107	0	0.26749
TRAPPC3L	8	0.99364	0.99362	0.999995	1000	0	-0.068259	0.40417	0.40413	0.999995	353	0	-0.068259
HMGCL	8	0.99373	0.99373	0.999995	1001	0	-0.11765	0.7639	0.76374	0.999995	690	0	-0.11765
ATP7A	8	0.99381	0.99381	0.999995	1002	0	0.010434	0.31341	0.31372	0.999995	264	0	0.010434
JUP	8	0.99395	0.99393	0.999995	1003	0	-0.061945	0.17764	0.17799	0.999995	133	0	-0.061945
TMEM120A	8	0.99434	0.9943	0.999995	1004	0	0.1288	0.18778	0.18817	0.999995	144	0	0.1288
FAM50B	8	0.99466	0.99464	0.999995	1005	0	0.021723	0.52405	0.52402	0.999995	460	0	0.021723
MED12	8	0.99467	0.99464	0.999995	1006	0	0.23322	0.00017305	0.000425	0.04505	10	3	0.23322
RB1	8	0.99501	0.99502	0.999995	1007	0	0.30161	0.12606	0.12671	0.999995	88	0	0.30161
ARFIP1	8	0.99521	0.99521	0.999995	1008	0	-0.0064908	0.1244	0.1253	0.999995	87	0	-0.0064908
HMG20B	8	0.99521	0.99522	0.999995	1009	0	0.037285	0.49766	0.49815	0.999995	438	0	0.037285
PLD1	8	0.99527	0.99528	0.999995	1010	0	-0.099871	0.69345	0.69424	0.999995	630	0	-0.099871
GOLPH3	8	0.99552	0.99543	0.999995	1011	0	0.076895	0.17292	0.17352	0.999995	128	0	0.076895
ATP7B	8	0.9957	0.9956	0.999995	1012	0	0.0403	0.42054	0.42013	0.999995	368	0	0.0403
SERPINA9	8	0.99575	0.99567	0.999995	1013	0	0.1157	0.18933	0.18979	0.999995	146	0	0.1157
ZNF521	8	0.996	0.99596	0.999995	1014	0	0.15136	0.13594	0.13652	0.999995	99	0	0.15136
CLTA	8	0.9962	0.99617	0.999995	1015	0	0.25219	0.051412	0.052396	0.999995	28	1	0.25219
CTNNB1	8	0.9963	0.99624	0.999995	1016	0	0.058244	0.0022533	0.0039837	0.383888	11	2	0.058244
RING1	8	0.99659	0.99651	0.999995	1017	0	0.080378	0.046958	0.048361	0.999995	23	1	0.080378
GDF15	8	0.99669	0.99657	0.999995	1018	0	0.22452	0.3583	0.35814	0.999995	308	0	0.22452
IAPP	8	0.99691	0.9968	0.999995	1019	0	0.19969	0.10092	0.10099	0.999995	67	1	0.19969
FKBP10	8	0.99691	0.99681	0.999995	1020	0	-0.0061184	0.38739	0.38725	0.999995	336	0	-0.0061184
XYLT2	8	0.99728	0.99722	0.999995	1021	0	-0.058511	0.25001	0.25044	0.999995	202	0	-0.058511
CD163L1	8	0.9974	0.99735	0.999995	1022	0	0.01456	0.17371	0.17427	0.999995	129	0	0.01456
NOX3	8	0.99765	0.99762	0.999995	1023	0	0.02372	0.62583	0.62635	0.999995	563	0	0.02372
TNPO2	8	0.99772	0.99766	0.999995	1024	0	0.062772	0.17607	0.17662	0.999995	132	0	0.062772
SLC25A2	8	0.99811	0.99806	0.999995	1025	0	0.19031	0.048742	0.049846	0.999995	25	1	0.19031
PCBD1	8	0.99819	0.99816	0.999995	1026	0	-0.075964	0.11858	0.11899	0.999995	82	0	-0.075964
SPOP	8	0.99823	0.99818	0.999995	1027	0	0.090411	0.15701	0.15764	0.999995	116	0	0.090411
KIAA0319L	8	0.99831	0.99827	0.999995	1028	0	-0.041359	0.28267	0.2832	0.999995	238	0	-0.041359
TXNDC8	8	0.9984	0.99837	0.999995	1029	0	-0.047926	0.35767	0.35758	0.999995	307	0	-0.047926
MPC1L	8	0.99841	0.9984	0.999995	1030	0	-0.032761	0.55977	0.55952	0.999995	492	0	-0.032761
PTPN6	8	0.99844	0.99844	0.999995	1031	0	0.12277	0.46946	0.46992	0.999995	417	0	0.12277
PCGF1	8	0.9985	0.99846	0.999995	1032	0	0.26636	0.21606	0.21657	0.999995	174	0	0.26636
MTUS2	8	0.99891	0.99889	0.999995	1033	0	0.04783	0.72831	0.72785	0.999995	662	0	0.04783
FNIP2	8	0.99895	0.9989	0.999995	1034	0	0.1358	0.27638	0.27714	0.999995	231	0	0.1358
SBF2	7	0.99899	0.99897	0.999995	1035	0	0.058259	0.23882	0.23796	0.999995	193	0	0.058259
GYS1	8	0.99904	0.99899	0.999995	1036	0	0.11062	0.34941	0.34959	0.999995	300	0	0.11062
FRY	8	0.99919	0.99908	0.999995	1037	0	0.058489	0.55245	0.55211	0.999995	482	0	0.058489
CRYBB2	7	0.99931	0.99931	0.999995	1038	0	0.059986	0.62399	0.62321	0.999995	561	0	0.059986
EPHA2	8	0.99938	0.99924	0.999995	1039	0	-0.022256	0.21907	0.21941	0.999995	175	0	-0.022256
RNF144A	8	0.99939	0.99925	0.999995	1040	0	0.013005	0.6477	0.64854	0.999995	581	0	0.013005
NUMB	8	0.99945	0.99933	0.999995	1041	0	0.0052797	0.4488	0.44935	0.999995	397	0	0.0052797
HNRNPF	8	0.99948	0.99939	0.999995	1042	0	0.11313	0.23909	0.23977	0.999995	194	0	0.11313
MBD4	16	0.99967	0.99966	0.999995	1043	0	-0.050653	0.29073	0.2897	0.999995	244	0	-0.050653
FLNB	7	0.99978	0.99983	0.999995	1044	0	0.19552	0.20465	0.20362	0.999995	164	0	0.19552
PPP3CA	8	0.99985	0.99977	0.999995	1045	0	0.097995	0.44325	0.4436	0.999995	391	0	0.097995
safe_control	74	0.99991	1.0	0.999995	1046	3	-0.026739	0.071943	0.15369	0.999995	41	3	-0.026739
MED13	8	0.99994	0.99994	0.999995	1047	0	0.80256	2.6857e-09	4.6703e-06	0.000619	6	5	0.80256
SOX9	8	0.99995	0.99995	0.999995	1048	0	0.5165	0.0036556	0.0062068	0.548267	12	2	0.5165
AP2A1	8	0.99998	0.99999	0.999995	1049	0	0.17863	0.19011	0.19071	0.999995	147	0	0.17863
KIT	16	0.99998	0.99996	0.999995	1050	0	0.15806	0.26185	0.2617	0.999995	218	0	0.15806
RYBP	7	0.99999	1.0	0.999995	1051	0	0.20406	0.11048	0.1105	0.999995	76	0	0.20406
ABL1	8	0.99999	1.0	0.999995	1052	0	0.13795	0.058501	0.058916	0.999995	31	1	0.13795
LDB1	16	1.0	1.0	0.999995	1053	0	0.12822	0.0039245	0.0084392	0.60429	13	2	0.12822
FRYL	8	1.0	1.0	0.999995	1054	0	1.4968	5.7712e-16	4.6703e-06	0.000619	3	7	1.4968
CAB39	8	1.0	1.0	0.999995	1055	0	0.59107	0.00016133	0.00038763	0.04505	9	3	0.59107
LATS2	8	1.0	1.0	0.999995	1056	0	0.99251	9.3955e-11	4.6703e-06	0.000619	5	6	0.99251
MAP4K4	8	1.0	1.0	0.999995	1057	0	0.75309	1.0774e-08	4.6703e-06	0.000619	7	5	0.75309
RUNX1	8	1.0	1.0	0.999995	1058	0	1.348	8.5668e-15	4.6703e-06	0.000619	4	7	1.348
TP53	8	1.0	1.0	0.999995	1059	0	2.2101	4.9746e-24	4.6703e-06	0.000619	1	8	2.2101
PTPN14	8	1.0	1.0	0.999995	1060	0	1.438	4.3168e-19	4.6703e-06	0.000619	2	8	1.438
