id	num	neg|score	neg|p-value	neg|fdr	neg|rank	neg|goodsgrna	neg|lfc	pos|score	pos|p-value	pos|fdr	pos|rank	pos|goodsgrna	pos|lfc
MYC	8	6.7457e-11	4.6747e-06	0.00495	1	8	-1.2604	1.0	1.0	0.999995	1059	0	-1.2604
RRM2	4	2.0638e-06	1.4024e-05	0.007426	2	3	-1.3455	0.58814	0.58818	0.999995	617	0	-1.3455
MTG2	4	3.292e-06	2.3373e-05	0.008251	3	4	-1.0689	1.0	1.0	0.999995	1058	0	-1.0689
PRKDC	8	1.1925e-05	6.0771e-05	0.016089	4	7	-0.81371	0.96778	0.96763	0.999995	981	0	-0.81371
NAE1	8	1.7547e-05	0.00010752	0.01768	5	7	-0.74661	0.38043	0.38069	0.973785	409	0	-0.74661
RRM1	8	2.3538e-05	0.00013557	0.017946	6	8	-1.4074	0.99968	0.9997	0.999995	1049	0	-1.4074
E2F3	3	2.555e-05	7.947e-05	0.016832	7	3	-1.6193	0.99997	0.99999	0.999995	1057	0	-1.6193
PRPF8	4	4.1744e-05	0.00011687	0.01768	8	4	-1.2602	0.99996	0.99998	0.999995	1056	0	-1.2602
BUB3	4	5.1555e-05	0.00017296	0.020352	9	4	-1.4375	0.99992	0.99992	0.999995	1054	0	-1.4375
POLR2L	4	6.6304e-05	0.00021971	0.023267	10	4	-1.3997	0.99993	0.99996	0.999995	1055	0	-1.3997
PPP4C	4	7.4088e-05	0.00030385	0.029253	11	3	-1.0102	0.87143	0.87204	0.999995	867	0	-1.0102
HRAS	4	9.3054e-05	0.0004254	0.037541	12	4	-0.74281	0.99991	0.99991	0.999995	1053	0	-0.74281
CCND1	4	0.00011227	0.00050019	0.040746	13	4	-1.304	0.99979	0.99978	0.999995	1052	0	-1.304
ALDOA	4	0.00013692	0.00062173	0.04703	14	3	-1.0111	0.71493	0.71427	0.999995	727	0	-1.0111
CCND3	4	0.00021092	0.00093026	0.065677	15	4	-0.81778	0.99979	0.99978	0.999995	1051	0	-0.81778
NMT1	4	0.0002331	0.0010051	0.066522	16	4	-0.93931	0.99977	0.99976	0.999995	1050	0	-0.93931
RPP21	4	0.00033741	0.0014538	0.085534	17	4	-1.3312	0.99966	0.99963	0.999995	1048	0	-1.3312
SOX9	4	0.0004214	0.0017156	0.095623	18	4	-0.66293	0.99958	0.99957	0.999995	1047	0	-0.66293
KIF11	4	0.00046437	0.0018559	0.098267	19	4	-1.0693	0.99954	0.99956	0.999995	1046	0	-1.0693
CHORDC1	3	0.00048379	0.0014538	0.085534	20	3	-1.0712	0.99952	0.99952	0.999995	1045	0	-1.0712
MRPL38	4	0.00053653	0.0022205	0.106974	21	4	-0.83528	0.99946	0.99952	0.999995	1044	0	-0.83528
TOP1MT	4	0.00056191	0.0023046	0.106974	22	3	-0.97546	0.54399	0.54289	0.991234	580	0	-0.97546
TIMM10	4	0.00059504	0.0023233	0.106974	23	4	-0.8352	0.9994	0.99947	0.999995	1043	0	-0.8352
LDB1	8	0.00068518	0.0043334	0.169967	24	7	-0.80202	0.95209	0.95219	0.999995	964	0	-0.80202
RHBDF1	4	0.00068563	0.0027066	0.119431	25	4	-0.72832	0.99931	0.9994	0.999995	1042	0	-0.72832
SLC25A37	4	0.00090231	0.0034546	0.146337	26	4	-1.0374	0.9991	0.99923	0.999995	1041	0	-1.0374
UQCRC1	4	0.0011143	0.0042212	0.169967	27	4	-0.76093	0.99889	0.99906	0.999995	1040	0	-0.76093
CLTC	4	0.0012273	0.0046233	0.174859	28	4	-0.95782	0.99499	0.9951	0.999995	1028	0	-0.95782
SF3B1	4	0.0012901	0.004829	0.17634	29	3	-0.83482	0.53771	0.5368	0.99071	573	0	-0.83482
PDCD6IP	4	0.0014432	0.0055115	0.194554	30	4	-0.87602	0.99856	0.99863	0.999995	1039	0	-0.87602
GTF3C1	4	0.0017339	0.0066614	0.227563	31	4	-0.80332	0.99827	0.99842	0.999995	1038	0	-0.80332
RPS5	4	0.0018395	0.0069326	0.228173	32	3	-0.81828	0.8899	0.89007	0.999995	889	0	-0.81828
SF3A1	4	0.001888	0.0071102	0.228173	33	3	-1.013	0.21287	0.21223	0.570425	161	0	-1.013
MED18	8	0.0018924	0.011439	0.302847	34	7	-0.78001	0.38043	0.38069	0.973785	411	0	-0.78001
AP2A1	4	0.0020575	0.0075683	0.235731	35	4	-0.58212	0.99794	0.99801	0.999995	1037	0	-0.58212
ERBB3	8	0.0021959	0.013309	0.335137	36	8	-0.4745	0.9978	0.99774	0.999995	1036	0	-0.4745
PHLDA2	4	0.0022161	0.0081667	0.241062	37	4	-0.60796	0.99778	0.99783	0.999995	1035	0	-0.60796
RPL10A	4	0.002232	0.0081947	0.241062	38	3	-1.0172	0.45297	0.45241	0.973785	490	0	-1.0172
MRPL41	4	0.0023433	0.0085968	0.241662	39	4	-1.0552	0.98387	0.98406	0.999995	1006	0	-1.0552
MDM4	4	0.0023634	0.0086715	0.241662	40	4	-0.85149	0.99764	0.99763	0.999995	1034	0	-0.85149
PLXDC1	8	0.0028648	0.017413	0.359331	41	8	-0.43669	0.99714	0.99704	0.999995	1033	0	-0.43669
FZR1	4	0.0029555	0.010588	0.28751	42	4	-0.51833	0.99704	0.99715	0.999995	1032	0	-0.51833
NSG1	4	0.0034209	0.012224	0.315745	43	4	-0.47516	0.99658	0.99667	0.999995	1031	0	-0.47516
RPL36	4	0.0038515	0.013608	0.335137	44	4	-1.0012	0.99615	0.99611	0.999995	1030	0	-1.0012
PCGF1	4	0.0042177	0.014683	0.343629	45	3	-0.19581	0.6085	0.60765	0.999995	633	0	-0.19581
ELL	4	0.0043216	0.014926	0.343629	46	4	-0.6604	0.99568	0.99571	0.999995	1029	0	-0.6604
HUS1	4	0.0043243	0.014926	0.343629	47	3	-0.99533	0.79944	0.80068	0.999995	804	0	-0.99533
TACC3	4	0.0046195	0.016048	0.359331	48	3	-0.75653	0.61451	0.61335	0.999995	638	0	-0.75653
MTHFD1	4	0.0050254	0.017376	0.359331	49	4	-0.66709	0.99497	0.99508	0.999995	1027	0	-0.66709
NAA10	4	0.0051506	0.017787	0.359331	50	4	-0.82589	0.99485	0.9949	0.999995	1026	0	-0.82589
NCBP2	4	0.0051531	0.017797	0.359331	51	1	-0.20629	0.21287	0.21223	0.570425	62	0	-0.20629
CKAP5	8	0.0051556	0.028754	0.482467	52	7	-0.57693	0.99191	0.99205	0.999995	1018	0	-0.57693
COPA	4	0.0052232	0.017984	0.359331	53	4	-0.91379	0.99478	0.99483	0.999995	1025	0	-0.91379
RRM2B	8	0.00523	0.028978	0.482467	54	7	-0.52189	0.99057	0.9907	0.999995	1017	0	-0.52189
STRADA	4	0.0053706	0.018535	0.363495	55	4	-0.65732	0.99463	0.99466	0.999995	1024	0	-0.65732
RPL13	3	0.0065563	0.017619	0.359331	56	3	-0.89311	0.99344	0.99343	0.999995	1023	0	-0.89311
NKAP	4	0.0070685	0.023668	0.453653	57	4	-0.67188	0.99293	0.99286	0.999995	1022	0	-0.67188
ZNF407	4	0.0073707	0.024678	0.453653	58	4	-0.78003	0.99263	0.99255	0.999995	1021	0	-0.78003
CHMP1A	4	0.0073943	0.024781	0.453653	59	4	-0.57156	0.99261	0.99253	0.999995	1020	0	-0.57156
TLN1	4	0.007418	0.024846	0.453653	60	4	-0.74859	0.99258	0.99251	0.999995	1019	0	-0.74859
RPL3	7	0.0078416	0.039197	0.521758	61	5	-0.44391	0.63922	0.64005	0.999995	659	0	-0.44391
INTS2	4	0.0083766	0.027969	0.482467	62	3	-0.77173	0.83456	0.83633	0.999995	833	0	-0.77173
HASPIN	4	0.008691	0.028857	0.482467	63	3	-0.73917	0.93378	0.93382	0.999995	938	0	-0.73917
VPS37A	4	0.0088883	0.02938	0.482467	64	3	-0.60964	0.90518	0.90519	0.999995	906	0	-0.60964
TRRAP	4	0.0090808	0.030016	0.482467	65	4	-1.0785	0.96084	0.96147	0.999995	971	0	-1.0785
H2AFX	4	0.0091019	0.030091	0.482467	66	2	-0.71189	0.21287	0.21223	0.570425	383	0	-0.71189
BRSK2	4	0.0096799	0.031821	0.482467	67	4	-0.65829	0.98417	0.98437	0.999995	1008	0	-0.65829
KIF4A	4	0.009708	0.031951	0.482467	68	4	-0.62253	0.99029	0.99031	0.999995	1016	0	-0.62253
SF3B5	4	0.0098425	0.032344	0.482467	69	3	-0.93473	0.9299	0.92999	0.999995	931	0	-0.93473
GSTP1	4	0.0098692	0.032456	0.482467	70	3	-0.56661	0.90582	0.90574	0.999995	908	0	-0.56661
CCNT1	4	0.0099168	0.032634	0.482467	71	3	-0.7007	0.49527	0.49429	0.974366	536	0	-0.7007
VANGL2	4	0.0099719	0.032802	0.482467	72	4	-0.58191	0.99003	0.99008	0.999995	1015	0	-0.58191
DGKZ	3	0.010118	0.026819	0.481373	73	3	-0.75734	0.9455	0.94498	0.999995	959	0	-0.75734
TRAPPC3	4	0.010353	0.033934	0.492269	74	3	-0.64047	0.21287	0.21223	0.570425	129	0	-0.64047
ATP5F1B	4	0.01065	0.034869	0.498997	75	4	-0.79128	0.98543	0.98574	0.999995	1009	0	-0.79128
CDK5R2	4	0.011106	0.036523	0.509184	76	3	-0.50013	0.77289	0.77391	0.999995	774	0	-0.50013
SF3B3	4	0.011114	0.036542	0.509184	77	4	-0.92344	0.98889	0.98893	0.999995	1013	0	-0.92344
NDUFB4	4	0.01167	0.038272	0.521758	78	4	-0.56231	0.98833	0.98836	0.999995	1012	0	-0.56231
RPL19	4	0.011989	0.0393	0.521758	79	2	-0.61962	0.21287	0.21223	0.570425	28	0	-0.61962
XRCC6	4	0.012213	0.039908	0.521758	80	4	-0.53111	0.98779	0.98788	0.999995	1011	0	-0.53111
TOP2A	4	0.012436	0.040572	0.523968	81	4	-0.70071	0.94251	0.94233	0.999995	955	0	-0.70071
XYLT2	4	0.012587	0.041067	0.523977	82	4	-0.57859	0.98242	0.98237	0.999995	1003	0	-0.57859
FRS3	4	0.013878	0.044975	0.5544	83	4	-0.5743	0.98612	0.98622	0.999995	1010	0	-0.5743
ABT1	4	0.014102	0.04548	0.5544	84	3	-0.76623	0.73524	0.73495	0.999995	743	0	-0.76623
FDPS	4	0.014204	0.045826	0.5544	85	3	-0.84624	0.21287	0.21223	0.570425	364	0	-0.84624
LSM14B	4	0.014332	0.046256	0.5544	86	3	-0.64128	0.92107	0.92092	0.999995	924	0	-0.64128
TUBB4B	8	0.014452	0.067105	0.637528	87	7	-0.66267	0.98933	0.98971	0.999995	1014	0	-0.66267
ZNF34	4	0.014463	0.046593	0.5544	88	3	-0.6552	0.21287	0.21223	0.570425	143	0	-0.6552
TNPO1	3	0.015347	0.039908	0.521758	89	3	-0.61597	0.9841	0.98421	0.999995	1007	0	-0.61597
CDK5R1	4	0.015966	0.051295	0.59348	90	3	-0.58409	0.45237	0.45168	0.973785	489	0	-0.58409
FZD8	4	0.016214	0.052062	0.59348	91	4	-0.33469	0.98379	0.98393	0.999995	1005	0	-0.33469
ASF1A	4	0.016327	0.052473	0.59348	92	2	-0.19439	0.21287	0.21223	0.570425	258	0	-0.19439
ATP6V1B2	4	0.016429	0.052679	0.59348	93	4	-0.83649	0.98357	0.9836	0.999995	1004	0	-0.83649
RPL14	3	0.016516	0.042787	0.539427	94	2	-1.2578	0.65361	0.6525	0.999995	678	0	-1.2578
CLTA	4	0.017291	0.055138	0.614643	95	3	-0.54821	0.87873	0.87928	0.999995	875	0	-0.54821
AKAP11	4	0.018455	0.05841	0.637528	96	4	-0.379	0.98155	0.98145	0.999995	1002	0	-0.379
TBC1D28	3	0.018478	0.047658	0.560781	97	3	-0.58924	0.98152	0.98135	0.999995	1001	0	-0.58924
RRAGC	4	0.018855	0.059616	0.637528	98	2	-0.59304	0.7131	0.71245	0.999995	725	0	-0.59304
ATP5F1D	4	0.019315	0.060963	0.637528	99	4	-0.6704	0.98068	0.98067	0.999995	1000	0	-0.6704
PSMB8	4	0.019624	0.06186	0.637528	100	3	-0.45606	0.21287	0.21223	0.570425	27	0	-0.45606
SF3B2	4	0.020031	0.063057	0.637528	101	2	-0.49782	0.21287	0.21223	0.570425	162	0	-0.49782
PUM1	4	0.020218	0.063562	0.637528	102	4	-0.96262	0.9631	0.96351	0.999995	974	0	-0.96262
ADM	4	0.020459	0.06431	0.637528	103	4	-0.54588	0.97954	0.97953	0.999995	999	0	-0.54588
ATP6V1C1	4	0.020611	0.064796	0.637528	104	4	-0.69554	0.97939	0.97943	0.999995	998	0	-0.69554
FLNC	4	0.020816	0.065385	0.637528	105	4	-0.42056	0.97918	0.97923	0.999995	997	0	-0.42056
MMD2	4	0.020919	0.065647	0.637528	106	4	-0.52191	0.97908	0.97915	0.999995	996	0	-0.52191
RANBP9	4	0.020944	0.065768	0.637528	107	3	-0.59822	0.21287	0.21223	0.570425	57	0	-0.59822
SNRPB	4	0.021594	0.06775	0.637528	108	3	-0.63119	0.41248	0.41112	0.973785	440	0	-0.63119
RNF40	4	0.021599	0.06775	0.637528	109	4	-0.36275	0.9784	0.97848	0.999995	995	0	-0.36275
QSOX1	4	0.021865	0.068601	0.637528	110	4	-0.63899	0.97814	0.97821	0.999995	994	0	-0.63899
SF1	4	0.02187	0.068629	0.637528	111	3	-0.62456	0.21287	0.21223	0.570425	169	0	-0.62456
PFAS	4	0.022802	0.071406	0.648176	112	3	-0.52862	0.92861	0.92859	0.999995	930	0	-0.52862
CDK7	4	0.022866	0.071546	0.648176	113	3	-0.96118	0.89553	0.8958	0.999995	898	0	-0.96118
SLC11A2	4	0.022896	0.071612	0.648176	114	4	-0.73838	0.9771	0.97719	0.999995	993	0	-0.73838
SBNO1	4	0.02311	0.072257	0.648473	115	3	-0.9881	0.4175	0.4161	0.973785	446	0	-0.9881
CLNS1A	3	0.023401	0.059252	0.637528	116	3	-0.56007	0.87918	0.87933	0.999995	876	0	-0.56007
MED12	4	0.0241	0.075146	0.66316	117	2	-0.53589	0.41374	0.41238	0.973785	442	0	-0.53589
LONP1	4	0.02452	0.076324	0.66714	118	3	-0.76858	0.56548	0.56563	0.999995	597	0	-0.76858
RPL8	4	0.025546	0.079269	0.673624	119	4	-0.75452	0.97445	0.97459	0.999995	992	0	-0.75452
DUSP10	4	0.025634	0.079465	0.673624	120	3	-0.41222	0.21287	0.21223	0.570425	245	0	-0.41222
HMG20B	4	0.025666	0.079512	0.673624	121	4	-0.56888	0.97433	0.97446	0.999995	991	0	-0.56888
DYNLRB1	3	0.026384	0.066161	0.637528	122	3	-1.0601	0.97362	0.97326	0.999995	990	0	-1.0601
PEF1	4	0.026396	0.081728	0.681492	123	4	-0.53745	0.9736	0.9737	0.999995	989	0	-0.53745
RPS3	3	0.026672	0.066759	0.637528	124	2	-1.0303	0.45077	0.44976	0.973785	487	0	-1.0303
ASCL1	4	0.026938	0.083214	0.688467	125	3	-0.54832	0.69386	0.69327	0.999995	715	0	-0.54832
MYBL2	4	0.027903	0.085888	0.699454	126	4	-0.51891	0.9721	0.97215	0.999995	988	0	-0.51891
SNRPD3	4	0.028148	0.086627	0.699454	127	4	-0.79462	0.9405	0.94037	0.999995	950	0	-0.79462
CCNT2	4	0.02935	0.089964	0.699454	128	4	-0.58517	0.96931	0.96953	0.999995	984	0	-0.58517
MED13	4	0.02973	0.090946	0.699454	129	3	-0.80066	0.76189	0.76244	0.999995	767	0	-0.80066
CTR9	4	0.029825	0.091245	0.699454	130	4	-0.64874	0.96557	0.96592	0.999995	979	0	-0.64874
MTUS2	4	0.029876	0.091357	0.699454	131	4	-0.4808	0.97012	0.97029	0.999995	987	0	-0.4808
NRBP2	4	0.030112	0.092003	0.699454	132	3	-0.89598	0.77961	0.78086	0.999995	779	0	-0.89598
RFC2	4	0.030162	0.092087	0.699454	133	2	-0.72666	0.44456	0.44396	0.973785	478	0	-0.72666
ADSS	3	0.030315	0.074903	0.66316	134	1	-0.023444	0.16433	0.16441	0.570425	18	0	-0.023444
EAF1	4	0.030351	0.092592	0.699454	135	4	-0.58357	0.96965	0.96977	0.999995	986	0	-0.58357
SIN3A	4	0.030401	0.092741	0.699454	136	3	-0.72441	0.79173	0.79285	0.999995	797	0	-0.72441
PFN1	4	0.030456	0.092909	0.699454	137	2	-0.45303	0.21287	0.21223	0.570425	94	0	-0.45303
THRAP3	4	0.030556	0.093162	0.699454	138	4	-0.59122	0.96944	0.96963	0.999995	985	0	-0.59122
INTS6	3	0.031171	0.076857	0.66714	139	3	-1.097	0.91404	0.91373	0.999995	917	0	-1.097
GAPDH	4	0.031183	0.094892	0.699454	140	3	-0.77971	0.21287	0.21223	0.570425	361	0	-0.77971
RPS19	4	0.031458	0.095602	0.699454	141	4	-0.88105	0.96854	0.96892	0.999995	983	0	-0.88105
PTPN6	4	0.031528	0.09577	0.699454	142	4	-0.57764	0.96847	0.9688	0.999995	982	0	-0.57764
RHOT2	4	0.032772	0.098996	0.718059	143	4	-0.61815	0.96182	0.96224	0.999995	973	0	-0.61815
DHX9	3	0.033347	0.081653	0.681492	144	3	-0.71282	0.96665	0.96616	0.999995	980	0	-0.71282
SFPQ	4	0.033827	0.10198	0.728569	145	2	-0.43257	0.60196	0.60148	0.999995	628	0	-0.43257
GATAD2A	4	0.034354	0.10341	0.728569	146	2	-0.41925	0.21287	0.21223	0.570425	362	0	-0.41925
TUFM	3	0.03472	0.084878	0.696792	147	2	-0.73424	0.16433	0.16441	0.570425	9	0	-0.73424
IPO5	4	0.034741	0.10425	0.728569	148	2	-0.6285	0.21287	0.21223	0.570425	304	0	-0.6285
RIC8A	4	0.035044	0.10484	0.728569	149	4	-0.6469	0.94061	0.94044	0.999995	951	0	-0.6469
CRY2	4	0.035573	0.10629	0.728569	150	3	-0.68697	0.83383	0.83567	0.999995	832	0	-0.68697
MED26	4	0.035726	0.10665	0.728569	151	4	-0.44369	0.96427	0.96479	0.999995	978	0	-0.44369
COX6B1	8	0.036119	0.14429	0.829676	152	5	-0.50778	0.38043	0.38069	0.973785	405	0	-0.50778
RP1	4	0.036269	0.10829	0.728569	153	4	-0.51179	0.96373	0.96413	0.999995	977	0	-0.51179
HSCB	4	0.036283	0.10833	0.728569	154	4	-1.0146	0.94262	0.94241	0.999995	956	0	-1.0146
BAP1	4	0.036426	0.1087	0.728569	155	4	-0.3025	0.96357	0.96399	0.999995	976	0	-0.3025
PPP3CC	4	0.036661	0.10939	0.728595	156	4	-0.64478	0.96334	0.96376	0.999995	975	0	-0.64478
AHCYL1	4	0.037849	0.11268	0.740466	157	3	-0.65379	0.91189	0.91201	0.999995	914	0	-0.65379
SIK2	4	0.03807	0.11327	0.740466	158	3	-0.60649	0.21287	0.21223	0.570425	158	0	-0.60649
TOB1	4	0.038585	0.11466	0.744913	159	4	-0.49884	0.96141	0.96194	0.999995	972	0	-0.49884
MAT2A	4	0.039189	0.1164	0.75166	160	3	-0.62451	0.90598	0.90583	0.999995	909	0	-0.62451
TUBB	3	0.039254	0.095593	0.699454	161	2	-0.53533	0.16433	0.16441	0.570425	4	0	-0.53533
EIF3J	4	0.041124	0.12138	0.779028	162	3	-0.53761	0.42807	0.42695	0.973785	456	0	-0.53761
COX6B2	4	0.041954	0.12353	0.781978	163	3	-0.61771	0.43971	0.43896	0.973785	472	0	-0.61771
PSMB3	3	0.042202	0.10251	0.728569	164	3	-0.91886	0.9578	0.95749	0.999995	970	0	-0.91886
AKIRIN2	4	0.042221	0.12428	0.781978	165	4	-0.64179	0.95778	0.95832	0.999995	969	0	-0.64179
SEPHS2	4	0.042925	0.12618	0.781978	166	4	-0.45652	0.95707	0.95763	0.999995	968	0	-0.45652
COPZ1	4	0.042942	0.1262	0.781978	167	1	-0.12461	0.21287	0.21223	0.570425	286	0	-0.12461
MED20	4	0.042967	0.12626	0.781978	168	4	-0.60468	0.94228	0.94209	0.999995	954	0	-0.60468
GSDMD	4	0.04302	0.12645	0.781978	169	3	-0.70917	0.21287	0.21223	0.570425	378	0	-0.70917
TOP1	4	0.043459	0.12768	0.781978	170	4	-0.75225	0.95654	0.9571	0.999995	967	0	-0.75225
DMXL2	4	0.043499	0.12775	0.781978	171	3	-0.52568	0.91355	0.91357	0.999995	915	0	-0.52568
EPS15	4	0.04459	0.13052	0.789844	172	3	-0.74402	0.83014	0.83216	0.999995	830	0	-0.74402
HMGCS1	3	0.044728	0.10836	0.728569	173	2	-0.72528	0.8718	0.8719	0.999995	868	0	-0.72528
BICD2	4	0.045088	0.13189	0.791827	174	3	-0.52966	0.91159	0.91173	0.999995	912	0	-0.52966
ATP5PB	4	0.045302	0.13235	0.791827	175	2	-0.45371	0.21287	0.21223	0.570425	259	0	-0.45371
RPS8	3	0.04625	0.11163	0.73883	176	3	-0.73294	0.95375	0.95325	0.999995	966	0	-0.73294
MYH7	4	0.046672	0.13597	0.808961	177	4	-0.36745	0.95333	0.95392	0.999995	965	0	-0.36745
KIF20A	8	0.046885	0.17386	0.885163	178	5	-0.39041	0.38043	0.38069	0.973785	414	0	-0.39041
PSMC3	4	0.047476	0.1378	0.813449	179	2	-0.57995	0.21287	0.21223	0.570425	53	0	-0.57995
IRF4	4	0.047704	0.13826	0.813449	180	3	-0.52501	0.21287	0.21223	0.570425	313	0	-0.52501
TCF3	4	0.048214	0.13945	0.815902	181	3	-0.39315	0.50031	0.4991	0.975184	542	0	-0.39315
RNF38	4	0.049269	0.14226	0.827793	182	4	-0.50047	0.95073	0.95105	0.999995	963	0	-0.50047
ISL1	4	0.050258	0.1447	0.829676	183	4	-0.41195	0.94974	0.94998	0.999995	962	0	-0.41195
GABPB2	4	0.050358	0.14494	0.829676	184	4	-0.37628	0.94964	0.94989	0.999995	961	0	-0.37628
FAM50A	4	0.050758	0.14588	0.830592	185	4	-0.51502	0.94924	0.9494	0.999995	960	0	-0.51502
KCNT1	4	0.052145	0.14902	0.839609	186	3	-0.63745	0.89449	0.89481	0.999995	897	0	-0.63745
DGAT1	4	0.052163	0.14905	0.839609	187	3	-0.53238	0.21287	0.21223	0.570425	206	0	-0.53238
EIF3B	4	0.053225	0.15185	0.85083	188	3	-0.79757	0.63871	0.6378	0.999995	657	0	-0.79757
TOMM22	4	0.054463	0.15487	0.861619	189	3	-0.54318	0.65758	0.65693	0.999995	681	0	-0.54318
MTX1	3	0.054669	0.12981	0.789844	190	2	-0.54544	0.16433	0.16441	0.570425	16	0	-0.54544
ISCA2	4	0.054682	0.1554	0.861619	191	4	-0.41444	0.94532	0.94528	0.999995	958	0	-0.41444
ATR	4	0.05516	0.15663	0.863887	192	3	-0.53378	0.21287	0.21223	0.570425	263	0	-0.53378
VMP1	4	0.055843	0.15837	0.869004	193	3	-0.72283	0.86084	0.86198	0.999995	857	0	-0.72283
ACTL7A	4	0.056183	0.15936	0.869935	194	4	-0.53178	0.94382	0.94367	0.999995	957	0	-0.53178
BZW2	4	0.057513	0.1628	0.883856	195	3	-0.48947	0.92424	0.92425	0.999995	927	0	-0.48947
PXDN	4	0.057937	0.16388	0.883856	196	4	-0.34467	0.94206	0.94182	0.999995	953	0	-0.34467
RPL37A	2	0.058494	0.10272	0.728569	197	1	-0.6784	0.30725	0.30624	0.818969	396	0	-0.6784
ATP5F1A	4	0.058705	0.16578	0.883856	198	2	-0.46384	0.80363	0.80487	0.999995	810	0	-0.46384
AP3M1	4	0.059166	0.16689	0.883856	199	4	-0.4961	0.94083	0.94063	0.999995	952	0	-0.4961
CDIPT	4	0.059665	0.16807	0.883856	200	3	-0.45676	0.54815	0.54738	0.996011	582	0	-0.45676
CNOT7	4	0.060085	0.16895	0.883856	201	2	-0.40962	0.40425	0.4025	0.973785	432	0	-0.40962
RBPJL	4	0.060186	0.16917	0.883856	202	4	-0.42858	0.93981	0.93965	0.999995	949	0	-0.42858
PRPF38A	4	0.06098	0.17111	0.883856	203	3	-0.5718	0.21287	0.21223	0.570425	25	0	-0.5718
HNRNPH3	4	0.061104	0.17145	0.883856	204	4	-0.4957	0.9389	0.93867	0.999995	948	0	-0.4957
POLR2B	4	0.061157	0.17155	0.883856	205	3	-0.80945	0.21287	0.21223	0.570425	24	0	-0.80945
RNF113B	4	0.061335	0.17193	0.883856	206	4	-0.37296	0.93867	0.93843	0.999995	947	0	-0.37296
PAF1	4	0.061915	0.17317	0.885163	207	4	-0.45984	0.93808	0.93796	0.999995	946	0	-0.45984
SMARCA4	4	0.063394	0.17613	0.890688	208	3	-0.53977	0.89309	0.89357	0.999995	894	0	-0.53977
VCP	4	0.063664	0.17662	0.890688	209	3	-0.5172	0.48849	0.48749	0.974366	529	0	-0.5172
YIF1A	4	0.064812	0.1786	0.892917	210	3	-0.61945	0.93738	0.9372	0.999995	945	0	-0.61945
CTPS1	4	0.065312	0.17937	0.892917	211	2	-0.41373	0.7949	0.79621	0.999995	800	0	-0.41373
WRN	4	0.065833	0.18005	0.892917	212	3	-0.53085	0.74074	0.74029	0.999995	748	0	-0.53085
TUBB2A	4	0.066063	0.18044	0.892917	213	2	-0.43912	0.21287	0.21223	0.570425	119	0	-0.43912
PACS1	4	0.067831	0.18323	0.900515	214	3	-0.45303	0.21287	0.21223	0.570425	106	0	-0.45303
MED13L	4	0.068327	0.1841	0.900515	215	3	-0.67021	0.89025	0.89053	0.999995	890	0	-0.67021
FANCM	4	0.069105	0.18544	0.900515	216	3	-0.62609	0.46599	0.46551	0.974366	505	0	-0.62609
TNPO2	4	0.069117	0.18545	0.900515	217	3	-0.47848	0.48394	0.48311	0.974366	524	0	-0.47848
GSX1	4	0.069594	0.18623	0.900515	218	3	-0.55455	0.91174	0.91185	0.999995	913	0	-0.55455
CLDN4	4	0.070646	0.18808	0.901146	219	3	-0.34594	0.67042	0.66949	0.999995	694	0	-0.34594
EPC2	4	0.070875	0.18844	0.901146	220	3	-0.71173	0.72362	0.72319	0.999995	733	0	-0.71173
ACTL6A	4	0.071163	0.18891	0.901146	221	3	-0.74509	0.54347	0.54236	0.991234	579	0	-0.74509
SPAG9	4	0.071941	0.19023	0.903365	222	3	-0.59672	0.76697	0.76768	0.999995	770	0	-0.59672
COX4I2	4	0.07315	0.19219	0.908615	223	3	-0.46253	0.21287	0.21223	0.570425	287	0	-0.46253
SLC9A3R2	4	0.074341	0.19389	0.91065	224	3	-0.38876	0.9323	0.93233	0.999995	934	0	-0.38876
XAB2	4	0.074635	0.19434	0.91065	225	3	-0.6259	0.88441	0.8845	0.999995	884	0	-0.6259
BTG1	4	0.075087	0.1952	0.910651	226	3	-0.40364	0.92518	0.92526	0.999995	928	0	-0.40364
SLC25A28	4	0.075802	0.19652	0.91278	227	3	-0.43558	0.55227	0.55153	0.998418	585	0	-0.43558
PRDM16	4	0.076642	0.19781	0.914761	228	3	-0.48473	0.93317	0.93327	0.999995	937	0	-0.48473
MRPL55	4	0.078168	0.20019	0.921761	229	3	-0.38605	0.21287	0.21223	0.570425	83	0	-0.38605
TOMM20L	4	0.080576	0.20383	0.933744	230	3	-0.39425	0.21287	0.21223	0.570425	127	0	-0.39425
MT2A	4	0.081098	0.20456	0.933744	231	3	-0.32579	0.85977	0.86096	0.999995	856	0	-0.32579
TSG101	4	0.082906	0.20753	0.94325	232	2	-0.48712	0.86981	0.87038	0.999995	865	0	-0.48712
COQ10A	4	0.083913	0.2092	0.94675	233	3	-0.59605	0.66384	0.66296	0.999995	685	0	-0.59605
UNC119	4	0.085881	0.21227	0.955718	234	3	-0.55657	0.90772	0.90781	0.999995	911	0	-0.55657
RGS19	4	0.08623	0.21298	0.955718	235	3	-0.6225	0.53981	0.53901	0.991001	576	0	-0.6225
CHUK	8	0.087153	0.27033	0.999995	236	6	-0.46764	0.38043	0.38069	0.973785	412	0	-0.46764
PUM2	4	0.088607	0.21703	0.969028	237	3	-0.8231	0.62044	0.61934	0.999995	647	0	-0.8231
UCHL5	4	0.089038	0.21778	0.969028	238	3	-0.5248	0.67931	0.67839	0.999995	702	0	-0.5248
YAF2	4	0.090184	0.21961	0.973093	239	2	-0.31699	0.47299	0.47223	0.974366	510	0	-0.31699
ASF1B	8	0.090972	0.27892	0.999995	240	5	-0.36356	0.93225	0.93193	0.999995	933	0	-0.36356
RHOBTB2	4	0.091569	0.22187	0.976069	241	3	-0.65488	0.64824	0.64758	0.999995	672	0	-0.65488
S1PR4	4	0.091756	0.22213	0.976069	242	3	-0.4832	0.21287	0.21223	0.570425	174	0	-0.4832
PMPCB	4	0.093677	0.22484	0.983901	243	2	-0.33686	0.61174	0.61084	0.999995	636	0	-0.33686
SPOP	4	0.094549	0.22642	0.986738	244	2	-0.33415	0.73835	0.73801	0.999995	745	0	-0.33415
SNX2	4	0.095159	0.2275	0.987401	245	3	-0.43043	0.21287	0.21223	0.570425	198	0	-0.43043
RSBN1L	4	0.096694	0.23011	0.994645	246	3	-0.62188	0.6753	0.6745	0.999995	699	0	-0.62188
RPL18A	2	0.0975	0.16585	0.883856	247	2	-0.74936	0.9025	0.90257	0.999995	904	0	-0.74936
ATP6V1C2	8	0.098874	0.29643	0.999995	248	4	-0.38261	0.38043	0.38069	0.973785	410	0	-0.38261
CDK2	4	0.099766	0.23545	0.999995	249	3	-0.6529	0.56094	0.56119	0.998827	595	0	-0.6529
ESRP1	4	0.1	0.23581	0.999995	250	3	-0.54829	0.90258	0.90261	0.999995	905	0	-0.54829
POLR2A	4	0.10198	0.239	0.999995	251	3	-0.57291	0.63696	0.63591	0.999995	655	0	-0.57291
XPR1	4	0.10238	0.23959	0.999995	252	3	-0.54099	0.93267	0.93279	0.999995	936	0	-0.54099
ERO1B	4	0.10298	0.2406	0.999995	253	3	-0.46333	0.48279	0.48194	0.974366	522	0	-0.46333
LMBR1	4	0.10323	0.24097	0.999995	254	1	-0.25163	0.21287	0.21223	0.570425	338	0	-0.25163
NAA15	4	0.10328	0.24107	0.999995	255	2	-0.46341	0.21287	0.21223	0.570425	72	0	-0.46341
HNRNPK	4	0.10388	0.24189	0.999995	256	2	-0.48729	0.21287	0.21223	0.570425	320	0	-0.48729
ABL2	4	0.10458	0.24285	0.999995	257	3	-0.53754	0.75412	0.75432	0.999995	759	0	-0.53754
KLF4	4	0.10478	0.24308	0.999995	258	2	-0.39464	0.21287	0.21223	0.570425	341	0	-0.39464
CCT6A	3	0.10633	0.23394	0.999995	259	2	-0.4998	0.16433	0.16441	0.570425	5	0	-0.4998
PPP2CA	8	0.10719	0.31536	0.999995	260	4	-0.24037	0.38043	0.38069	0.973785	404	0	-0.24037
MED23	4	0.1078	0.24754	0.999995	261	3	-0.60462	0.71088	0.71021	0.999995	724	0	-0.60462
EPS15L1	4	0.10784	0.24758	0.999995	262	3	-0.48746	0.66961	0.66873	0.999995	692	0	-0.48746
EIF3L	4	0.10928	0.24995	0.999995	263	3	-0.57886	0.87062	0.87122	0.999995	866	0	-0.57886
TAMM41	4	0.10932	0.25	0.999995	264	2	-0.37554	0.21287	0.21223	0.570425	182	0	-0.37554
CRK	4	0.10948	0.25013	0.999995	265	3	-0.47308	0.60007	0.59982	0.999995	626	0	-0.47308
UTP14A	4	0.1099	0.25086	0.999995	266	3	-0.55083	0.21287	0.21223	0.570425	150	0	-0.55083
PDS5A	4	0.11269	0.25541	0.999995	267	3	-0.55103	0.88608	0.88602	0.999995	885	0	-0.55103
NSG2	4	0.11331	0.25632	0.999995	268	2	-0.26625	0.21287	0.21223	0.570425	109	0	-0.26625
RING1	4	0.11548	0.25963	0.999995	269	3	-0.53209	0.21287	0.21223	0.570425	49	0	-0.53209
SNTA1	4	0.11579	0.2602	0.999995	270	3	-0.39371	0.69694	0.69639	0.999995	718	0	-0.39371
COPS7B	4	0.116	0.26052	0.999995	271	3	-0.55518	0.42312	0.42219	0.973785	453	0	-0.55518
FXR2	4	0.11642	0.26108	0.999995	272	3	-0.38137	0.88736	0.88745	0.999995	886	0	-0.38137
IL6R	4	0.11673	0.26142	0.999995	273	2	-0.33704	0.47589	0.47493	0.974366	514	0	-0.33704
MRPL27	4	0.1175	0.26268	0.999995	274	3	-0.63318	0.85825	0.85967	0.999995	854	0	-0.63318
RPL11	3	0.11758	0.25406	0.999995	275	3	-0.53637	0.88242	0.88262	0.999995	882	0	-0.53637
JUP	4	0.11772	0.26304	0.999995	276	3	-0.31794	0.21287	0.21223	0.570425	342	0	-0.31794
FOSL1	3	0.11841	0.2555	0.999995	277	2	-0.39817	0.81873	0.81856	0.999995	824	0	-0.39817
ARHGEF7	4	0.11861	0.26462	0.999995	278	2	-0.39629	0.42	0.41883	0.973785	449	0	-0.39629
SAP30L	4	0.11923	0.26563	0.999995	279	3	-0.47265	0.51193	0.51079	0.983981	549	0	-0.47265
RIMKLB	3	0.12065	0.25959	0.999995	280	3	-0.38884	0.87935	0.87952	0.999995	877	0	-0.38884
PTTG1	3	0.12134	0.26082	0.999995	281	3	-0.5913	0.87866	0.87873	0.999995	874	0	-0.5913
WASL	4	0.12272	0.27144	0.999995	282	3	-0.42768	0.91385	0.91384	0.999995	916	0	-0.42768
BZW1	3	0.12307	0.26411	0.999995	283	3	-0.38628	0.87693	0.87711	0.999995	872	0	-0.38628
MTUS1	4	0.12362	0.27279	0.999995	284	3	-0.39263	0.394	0.39244	0.973785	420	0	-0.39263
ULK1	4	0.12463	0.27423	0.999995	285	3	-0.51335	0.85208	0.85366	0.999995	847	0	-0.51335
LSM4	4	0.12786	0.27909	0.999995	286	3	-0.48697	0.21287	0.21223	0.570425	331	0	-0.48697
CAVIN1	4	0.12945	0.28159	0.999995	287	3	-0.46904	0.93242	0.93246	0.999995	935	0	-0.46904
SOD1	4	0.12975	0.28206	0.999995	288	3	-0.45929	0.93464	0.93482	0.999995	939	0	-0.45929
HEATR5B	4	0.13013	0.28247	0.999995	289	3	-0.48487	0.21287	0.21223	0.570425	382	0	-0.48487
PPP2R1A	4	0.1306	0.28305	0.999995	290	2	-0.41325	0.87463	0.87538	0.999995	870	0	-0.41325
ARID1A	4	0.13313	0.2868	0.999995	291	3	-0.37589	0.8991	0.89937	0.999995	900	0	-0.37589
PLXDC2	4	0.13357	0.28744	0.999995	292	3	-0.45912	0.49246	0.49159	0.974366	533	0	-0.45912
POU4F2	4	0.13467	0.28907	0.999995	293	2	-0.42243	0.759	0.75919	0.999995	764	0	-0.42243
CNOT6	4	0.13496	0.28944	0.999995	294	3	-0.38002	0.43238	0.43145	0.973785	463	0	-0.38002
GPSM1	4	0.13566	0.29061	0.999995	295	3	-0.48548	0.67287	0.67197	0.999995	697	0	-0.48548
CDS2	4	0.13683	0.29224	0.999995	296	3	-0.53938	0.21287	0.21223	0.570425	299	0	-0.53938
SPTLC2	4	0.13734	0.29291	0.999995	297	1	-0.027983	0.46305	0.46264	0.974366	502	0	-0.027983
TMEM120A	4	0.13764	0.29331	0.999995	298	2	-0.39009	0.44577	0.44521	0.973785	479	0	-0.39009
NAA11	4	0.13777	0.29353	0.999995	299	3	-0.46722	0.74006	0.7397	0.999995	747	0	-0.46722
E2F4	4	0.13895	0.29508	0.999995	300	3	-0.46848	0.9074	0.90736	0.999995	910	0	-0.46848
DDX5	4	0.13896	0.2951	0.999995	301	3	-0.54746	0.64002	0.63895	0.999995	660	0	-0.54746
ABTB2	4	0.13966	0.29627	0.999995	302	3	-0.40713	0.80335	0.80454	0.999995	809	0	-0.40713
TOMM40	7	0.13978	0.36059	0.999995	303	4	-0.49624	0.34222	0.34111	0.90762	398	0	-0.49624
ATP6V1D	4	0.14029	0.29728	0.999995	304	2	-0.54205	0.63388	0.63293	0.999995	654	0	-0.54205
CWF19L1	4	0.1406	0.29775	0.999995	305	3	-0.5329	0.78022	0.78152	0.999995	781	0	-0.5329
BATF3	4	0.14096	0.29836	0.999995	306	2	-0.39294	0.77072	0.77152	0.999995	772	0	-0.39294
GYS1	4	0.14132	0.29889	0.999995	307	3	-0.43414	0.86776	0.86852	0.999995	864	0	-0.43414
FANCF	4	0.14251	0.30066	0.999995	308	3	-0.57653	0.93726	0.93709	0.999995	944	0	-0.57653
RPA1	4	0.14397	0.30297	0.999995	309	3	-0.51288	0.57148	0.57168	0.999995	602	0	-0.51288
RNF113A	4	0.14404	0.30304	0.999995	310	3	-0.63388	0.9362	0.93625	0.999995	942	0	-0.63388
CAND1	4	0.14468	0.30378	0.999995	311	3	-0.52554	0.45714	0.45642	0.973785	495	0	-0.52554
IKBKB	4	0.14487	0.30411	0.999995	312	1	-0.1931	0.43606	0.43535	0.973785	468	0	-0.1931
RALGPS2	4	0.14632	0.30625	0.999995	313	3	-0.57982	0.78202	0.78322	0.999995	784	0	-0.57982
LOR	4	0.14783	0.30847	0.999995	314	3	-0.46382	0.81685	0.81917	0.999995	821	0	-0.46382
NCOR2	4	0.14881	0.3099	0.999995	315	3	-0.52193	0.87542	0.87622	0.999995	871	0	-0.52193
ZIC3	4	0.15039	0.31225	0.999995	316	2	-0.43446	0.90566	0.90566	0.999995	907	0	-0.43446
PKM	3	0.15114	0.29598	0.999995	317	2	-0.67171	0.84487	0.84527	0.999995	842	0	-0.67171
SAMD9	4	0.15153	0.31384	0.999995	318	1	-0.073303	0.21287	0.21223	0.570425	172	0	-0.073303
MYL7	4	0.15278	0.31548	0.999995	319	2	-0.36752	0.43483	0.43405	0.973785	467	0	-0.36752
CALY	4	0.15301	0.3158	0.999995	320	3	-0.32296	0.92585	0.92593	0.999995	929	0	-0.32296
ZNF423	4	0.15551	0.31951	0.999995	321	3	-0.39265	0.64046	0.63943	0.999995	661	0	-0.39265
RPL5	4	0.15733	0.32188	0.999995	322	2	-0.58749	0.91444	0.91438	0.999995	919	0	-0.58749
FOXB1	4	0.15752	0.32217	0.999995	323	3	-0.38224	0.86254	0.86368	0.999995	858	0	-0.38224
AKIRIN1	4	0.15777	0.32253	0.999995	324	3	-0.5226	0.75214	0.75217	0.999995	757	0	-0.5226
L3MBTL2	4	0.15828	0.32318	0.999995	325	3	-0.45571	0.86756	0.86835	0.999995	863	0	-0.45571
CPSF3	4	0.15929	0.32456	0.999995	326	3	-0.58448	0.89396	0.89433	0.999995	896	0	-0.58448
BICD1	4	0.15932	0.32459	0.999995	327	2	-0.47413	0.85541	0.85688	0.999995	851	0	-0.47413
PRDM13	4	0.16037	0.32628	0.999995	328	2	-0.2614	0.21287	0.21223	0.570425	39	0	-0.2614
GCM2	4	0.16106	0.32735	0.999995	329	3	-0.64359	0.21287	0.21223	0.570425	358	0	-0.64359
CHSY3	4	0.16176	0.32851	0.999995	330	3	-0.37682	0.75313	0.75315	0.999995	758	0	-0.37682
DHX29	3	0.16431	0.30942	0.999995	331	2	-0.50635	0.16433	0.16441	0.570425	13	0	-0.50635
ABCG2	4	0.16473	0.33315	0.999995	332	1	-0.052815	0.21287	0.21223	0.570425	270	0	-0.052815
SPATA21	4	0.16701	0.33663	0.999995	333	2	-0.27917	0.6448	0.64422	0.999995	668	0	-0.27917
SNAPC4	4	0.16701	0.33663	0.999995	334	3	-0.44835	0.50421	0.50307	0.978608	544	0	-0.44835
PHLDA3	4	0.16989	0.34087	0.999995	335	3	-0.35531	0.76317	0.76377	0.999995	768	0	-0.35531
SMARCC2	4	0.17054	0.34182	0.999995	336	2	-0.45159	0.51956	0.51855	0.985882	556	0	-0.45159
UNC45B	4	0.17148	0.34315	0.999995	337	3	-0.453	0.93596	0.93609	0.999995	941	0	-0.453
SS18L1	4	0.17227	0.34438	0.999995	338	3	-0.50695	0.92328	0.92326	0.999995	926	0	-0.50695
KAT6A	4	0.1728	0.3453	0.999995	339	3	-0.41589	0.79888	0.80011	0.999995	803	0	-0.41589
FOXK2	4	0.17372	0.34675	0.999995	340	3	-0.43766	0.93524	0.93545	0.999995	940	0	-0.43766
ARPC5L	4	0.1741	0.34728	0.999995	341	2	-0.44189	0.90077	0.90103	0.999995	902	0	-0.44189
SPDEF	4	0.17466	0.34813	0.999995	342	3	-0.33592	0.85387	0.85534	0.999995	850	0	-0.33592
PLAU	4	0.17517	0.34872	0.999995	343	2	-0.35776	0.82613	0.82816	0.999995	827	0	-0.35776
ACTL6B	4	0.17697	0.35129	0.999995	344	2	-0.41062	0.89097	0.89118	0.999995	892	0	-0.41062
HMGCLL1	4	0.17911	0.35477	0.999995	345	2	-0.43086	0.86569	0.86649	0.999995	861	0	-0.43086
SAMD4B	4	0.18055	0.35672	0.999995	346	2	-0.49787	0.86297	0.86412	0.999995	859	0	-0.49787
TMEM9B	4	0.18344	0.36112	0.999995	347	3	-0.36319	0.78912	0.79002	0.999995	792	0	-0.36319
RBM22	4	0.18505	0.36346	0.999995	348	2	-0.38763	0.48792	0.48684	0.974366	528	0	-0.38763
HOXB1	4	0.18598	0.36474	0.999995	349	2	-0.58868	0.67811	0.67722	0.999995	700	0	-0.58868
SLC9A3R1	4	0.18688	0.36601	0.999995	350	3	-0.38346	0.89079	0.89098	0.999995	891	0	-0.38346
ZMIZ2	4	0.1878	0.36723	0.999995	351	3	-0.42583	0.71966	0.71902	0.999995	732	0	-0.42583
FKBP4	4	0.18962	0.36986	0.999995	352	3	-0.42973	0.83674	0.83831	0.999995	835	0	-0.42973
CYP7A1	4	0.19161	0.3724	0.999995	353	3	-0.55465	0.80168	0.80287	0.999995	807	0	-0.55465
EPHA2	4	0.19365	0.37528	0.999995	354	3	-0.30539	0.21287	0.21223	0.570425	230	0	-0.30539
PLCG2	4	0.19623	0.37895	0.999995	355	2	-0.35961	0.21287	0.21223	0.570425	92	0	-0.35961
EZH1	4	0.19706	0.38011	0.999995	356	1	-0.30414	0.88827	0.88831	0.999995	887	0	-0.30414
LGALS9	4	0.19845	0.38208	0.999995	357	2	-0.21021	0.21287	0.21223	0.570425	332	0	-0.21021
CAPN2	4	0.19993	0.38393	0.999995	358	2	-0.46319	0.82537	0.82718	0.999995	826	0	-0.46319
SAFB2	4	0.2003	0.38443	0.999995	359	2	-0.53771	0.86339	0.86447	0.999995	860	0	-0.53771
ANKRD10	4	0.20067	0.3848	0.999995	360	3	-0.39128	0.73766	0.73729	0.999995	744	0	-0.39128
SNRPD2	3	0.20231	0.34974	0.999995	361	2	-0.58472	0.73191	0.73245	0.999995	739	0	-0.58472
FOXK1	4	0.20239	0.38716	0.999995	362	3	-0.41033	0.84175	0.84361	0.999995	839	0	-0.41033
MTA1	4	0.20297	0.38798	0.999995	363	3	-0.39753	0.51793	0.51675	0.985882	555	0	-0.39753
FOXE3	4	0.20328	0.38856	0.999995	364	2	-0.278	0.21287	0.21223	0.570425	355	0	-0.278
CLASP1	4	0.20586	0.39244	0.999995	365	3	-0.39967	0.69231	0.69177	0.999995	713	0	-0.39967
NHLRC1	4	0.20589	0.39252	0.999995	366	2	-0.35434	0.46128	0.46069	0.973785	501	0	-0.35434
GOLPH3	4	0.20776	0.395	0.999995	367	2	-0.37752	0.91852	0.9184	0.999995	922	0	-0.37752
INCENP	4	0.20789	0.3952	0.999995	368	3	-0.33581	0.72965	0.72933	0.999995	737	0	-0.33581
LARP1B	4	0.20894	0.3965	0.999995	369	2	-0.426	0.44938	0.44871	0.973785	484	0	-0.426
RNF103	4	0.21051	0.39877	0.999995	370	2	-0.24651	0.21287	0.21223	0.570425	45	0	-0.24651
SIN3B	4	0.21111	0.39969	0.999995	371	3	-0.45251	0.78589	0.78675	0.999995	788	0	-0.45251
RPS15	2	0.21148	0.33277	0.999995	372	2	-0.43385	0.78852	0.78772	0.999995	790	0	-0.43385
CAND2	4	0.212	0.40095	0.999995	373	3	-0.42939	0.21287	0.21223	0.570425	294	0	-0.42939
SLC35F3	4	0.21208	0.40111	0.999995	374	1	-0.26481	0.58183	0.58167	0.999995	611	0	-0.26481
CAP2	4	0.21259	0.40181	0.999995	375	3	-0.44453	0.72683	0.72652	0.999995	735	0	-0.44453
BTBD11	4	0.21377	0.40332	0.999995	376	3	-0.3451	0.82814	0.8302	0.999995	828	0	-0.3451
CTSZ	4	0.21406	0.40376	0.999995	377	3	-0.37806	0.84618	0.84806	0.999995	843	0	-0.37806
CABP5	4	0.21454	0.40442	0.999995	378	2	-0.41698	0.7564	0.75652	0.999995	762	0	-0.41698
PSMB9	4	0.21465	0.40458	0.999995	379	3	-0.47658	0.56044	0.5607	0.998827	594	0	-0.47658
EFR3B	4	0.21554	0.40575	0.999995	380	3	-0.43528	0.52064	0.51979	0.985882	557	0	-0.43528
ADAP1	4	0.216	0.40636	0.999995	381	3	-0.58354	0.21287	0.21223	0.570425	266	0	-0.58354
TEX45	4	0.21643	0.40688	0.999995	382	2	-0.2931	0.21287	0.21223	0.570425	157	0	-0.2931
CAP1	4	0.21757	0.40858	0.999995	383	1	-0.29516	0.40106	0.39931	0.973785	428	0	-0.29516
TSTD1	4	0.21763	0.40868	0.999995	384	3	-0.35541	0.21287	0.21223	0.570425	111	0	-0.35541
CRY1	4	0.21793	0.40912	0.999995	385	3	-0.50016	0.21287	0.21223	0.570425	222	0	-0.50016
PIP4P2	4	0.21913	0.41077	0.999995	386	3	-0.4741	0.77103	0.77181	0.999995	773	0	-0.4741
RSBN1	4	0.21985	0.41184	0.999995	387	3	-0.40792	0.91708	0.91694	0.999995	921	0	-0.40792
COPG2	4	0.21991	0.41186	0.999995	388	2	-0.34558	0.21287	0.21223	0.570425	285	0	-0.34558
PAX4	4	0.22061	0.41295	0.999995	389	2	-0.4559	0.49019	0.48928	0.974366	531	0	-0.4559
SMAP1	4	0.22175	0.41443	0.999995	390	3	-0.43656	0.87737	0.87811	0.999995	873	0	-0.43656
PRG3	4	0.22213	0.41493	0.999995	391	2	-0.45343	0.82153	0.82358	0.999995	825	0	-0.45343
MARCKS	4	0.22273	0.41573	0.999995	392	3	-0.32511	0.21287	0.21223	0.570425	322	0	-0.32511
PRSS37	4	0.22302	0.41608	0.999995	393	2	-0.21507	0.21287	0.21223	0.570425	23	0	-0.21507
ABCC3	4	0.22727	0.422	0.999995	394	3	-0.35433	0.80112	0.80218	0.999995	806	0	-0.35433
TCERG1	4	0.22749	0.42231	0.999995	395	2	-0.40363	0.21287	0.21223	0.570425	190	0	-0.40363
GBX2	4	0.22819	0.42309	0.999995	396	3	-0.29858	0.433	0.43207	0.973785	464	0	-0.29858
SBF1	4	0.22941	0.42496	0.999995	397	2	-0.39629	0.87203	0.87265	0.999995	869	0	-0.39629
CDK8	4	0.22941	0.42497	0.999995	398	3	-0.5557	0.91414	0.91412	0.999995	918	0	-0.5557
PSMB6	4	0.23125	0.4275	0.999995	399	3	-0.55433	0.89221	0.89253	0.999995	893	0	-0.55433
STX4	4	0.23156	0.42794	0.999995	400	3	-0.23476	0.68131	0.68041	0.999995	706	0	-0.23476
ZMIZ1	4	0.23172	0.42813	0.999995	401	2	-0.29192	0.47066	0.47009	0.974366	509	0	-0.29192
RNF44	4	0.2323	0.42891	0.999995	402	1	-0.15579	0.21287	0.21223	0.570425	54	0	-0.15579
ARID1B	4	0.2331	0.42998	0.999995	403	3	-0.38005	0.69656	0.69596	0.999995	717	0	-0.38005
TPST1	4	0.23384	0.43108	0.999995	404	3	-0.38256	0.64523	0.64475	0.999995	669	0	-0.38256
NXT1	4	0.23597	0.434	0.999995	405	2	-0.37939	0.68448	0.68351	0.999995	709	0	-0.37939
TAP1	4	0.23674	0.43508	0.999995	406	2	-0.33247	0.58862	0.5886	0.999995	618	0	-0.33247
TNR	4	0.23691	0.43529	0.999995	407	2	-0.43584	0.6833	0.68233	0.999995	708	0	-0.43584
SLC22A8	4	0.23713	0.43563	0.999995	408	2	-0.3595	0.39335	0.39174	0.973785	419	0	-0.3595
MAK	4	0.23767	0.43627	0.999995	409	1	-0.1398	0.21287	0.21223	0.570425	340	0	-0.1398
SEPHS1	3	0.23799	0.38724	0.999995	410	2	-0.47399	0.16433	0.16441	0.570425	21	0	-0.47399
UAP1L1	4	0.23931	0.43817	0.999995	411	3	-0.45922	0.56849	0.56886	0.999995	600	0	-0.45922
GXYLT1	4	0.23946	0.43828	0.999995	412	2	-0.23306	0.21287	0.21223	0.570425	377	0	-0.23306
RNF144B	4	0.24056	0.4398	0.999995	413	3	-0.4919	0.58572	0.58569	0.999995	614	0	-0.4919
NUTF2	4	0.24302	0.44327	0.999995	414	1	-0.10476	0.44214	0.44139	0.973785	475	0	-0.10476
MYBPH	4	0.24335	0.44374	0.999995	415	2	-0.36831	0.54659	0.54573	0.994709	581	0	-0.36831
RBMXL2	4	0.24374	0.44418	0.999995	416	2	-0.19623	0.21287	0.21223	0.570425	56	0	-0.19623
PXDNL	4	0.24608	0.44708	0.999995	417	3	-0.41382	0.68724	0.68652	0.999995	710	0	-0.41382
GJA8	4	0.24647	0.44757	0.999995	418	3	-0.40889	0.66714	0.6664	0.999995	689	0	-0.40889
TGM6	4	0.24654	0.44769	0.999995	419	3	-0.54155	0.88197	0.88234	0.999995	881	0	-0.54155
LIMK1	4	0.24686	0.44819	0.999995	420	3	-0.40224	0.21287	0.21223	0.570425	329	0	-0.40224
SERPINA11	4	0.24686	0.44819	0.999995	421	2	-0.25266	0.21287	0.21223	0.570425	177	0	-0.25266
ESRP2	4	0.24813	0.45002	0.999995	422	3	-0.31311	0.89944	0.89975	0.999995	901	0	-0.31311
TOMM40L	4	0.24908	0.45138	0.999995	423	3	-0.35127	0.75115	0.75122	0.999995	755	0	-0.35127
MCPH1	4	0.2491	0.45139	0.999995	424	2	-0.45291	0.21287	0.21223	0.570425	78	0	-0.45291
SEC23B	4	0.25131	0.45434	0.999995	425	3	-0.42967	0.71457	0.71384	0.999995	726	0	-0.42967
COPS7A	4	0.25291	0.45636	0.999995	426	3	-0.35333	0.8969	0.89711	0.999995	899	0	-0.35333
ARPC5	4	0.25388	0.45764	0.999995	427	3	-0.40973	0.55739	0.55721	0.998827	589	0	-0.40973
APOBEC3C	4	0.25613	0.46071	0.999995	428	3	-0.32559	0.77351	0.77456	0.999995	775	0	-0.32559
YBX3	4	0.25774	0.46289	0.999995	429	3	-0.30512	0.42063	0.41956	0.973785	450	0	-0.30512
KIT	8	0.25817	0.5453	0.999995	430	5	-0.25373	0.64356	0.6427	0.999995	665	0	-0.25373
LRFN1	4	0.25826	0.46359	0.999995	431	2	-0.27336	0.63915	0.63821	0.999995	658	0	-0.27336
HNRNPH1	4	0.25865	0.4641	0.999995	432	2	-0.25724	0.6029	0.60231	0.999995	630	0	-0.25724
TREM2	4	0.25871	0.46417	0.999995	433	3	-0.42216	0.67489	0.67409	0.999995	698	0	-0.42216
LIN28B	4	0.25905	0.4646	0.999995	434	2	-0.45516	0.21287	0.21223	0.570425	337	0	-0.45516
GDF15	4	0.26039	0.46625	0.999995	435	2	-0.1328	0.21287	0.21223	0.570425	359	0	-0.1328
SHMT1	4	0.26063	0.46656	0.999995	436	2	-0.32462	0.79689	0.7983	0.999995	801	0	-0.32462
POLR2F	4	0.26221	0.46882	0.999995	437	2	-0.26004	0.21287	0.21223	0.570425	37	0	-0.26004
TBP	4	0.26261	0.46927	0.999995	438	3	-0.34446	0.6692	0.66839	0.999995	691	0	-0.34446
ARFIP2	4	0.26425	0.47126	0.999995	439	3	-0.39987	0.78853	0.78945	0.999995	791	0	-0.39987
NCKAP1	4	0.26458	0.47169	0.999995	440	3	-0.40466	0.21287	0.21223	0.570425	71	0	-0.40466
DBT	4	0.26523	0.47258	0.999995	441	3	-0.36129	0.21287	0.21223	0.570425	223	0	-0.36129
GDI2	8	0.2659	0.55525	0.999995	442	5	-0.3914	0.38043	0.38069	0.973785	408	0	-0.3914
CCNL2	4	0.26654	0.47427	0.999995	443	3	-0.31336	0.55688	0.5567	0.998827	588	0	-0.31336
GNB3	4	0.26687	0.47475	0.999995	444	3	-0.30185	0.85782	0.85923	0.999995	853	0	-0.30185
COX4I1	4	0.26698	0.4749	0.999995	445	2	-0.44462	0.81553	0.81778	0.999995	818	0	-0.44462
LATS2	4	0.26857	0.47677	0.999995	446	2	-0.24625	0.40234	0.40042	0.973785	430	0	-0.24625
HNRNPF	4	0.26918	0.47749	0.999995	447	3	-0.38775	0.73316	0.73262	0.999995	741	0	-0.38775
UTP14C	4	0.27008	0.47866	0.999995	448	2	-0.2718	0.21287	0.21223	0.570425	148	0	-0.2718
TBC1D9	4	0.27182	0.4807	0.999995	449	3	-0.30424	0.85847	0.85986	0.999995	855	0	-0.30424
PDGFC	4	0.27248	0.48163	0.999995	450	3	-0.2879	0.21287	0.21223	0.570425	85	0	-0.2879
DLL4	4	0.27281	0.482	0.999995	451	3	-0.27793	0.63299	0.63212	0.999995	653	0	-0.27793
MED31	4	0.27455	0.48428	0.999995	452	3	-0.40719	0.65251	0.65187	0.999995	676	0	-0.40719
ALDOC	4	0.27495	0.48481	0.999995	453	2	-0.3665	0.81046	0.81259	0.999995	816	0	-0.3665
EFR3A	4	0.27581	0.48573	0.999995	454	3	-0.40418	0.21287	0.21223	0.570425	248	0	-0.40418
IMPDH2	4	0.27614	0.48624	0.999995	455	3	-0.42931	0.93632	0.93635	0.999995	943	0	-0.42931
IRF8	4	0.27681	0.48706	0.999995	456	3	-0.33658	0.21287	0.21223	0.570425	314	0	-0.33658
IFIH1	4	0.27816	0.48873	0.999995	457	2	-0.36177	0.21287	0.21223	0.570425	306	0	-0.36177
S100A6	4	0.27882	0.48952	0.999995	458	3	-0.26982	0.21287	0.21223	0.570425	173	0	-0.26982
IMPDH1	4	0.27896	0.48968	0.999995	459	2	-0.41588	0.6825	0.68155	0.999995	707	0	-0.41588
GMPR2	4	0.27915	0.48995	0.999995	460	3	-0.45429	0.61817	0.61717	0.999995	644	0	-0.45429
TPBGL	4	0.27936	0.49022	0.999995	461	2	-0.28192	0.78648	0.78736	0.999995	789	0	-0.28192
BCAP31	4	0.2805	0.49157	0.999995	462	3	-0.38121	0.21287	0.21223	0.570425	260	0	-0.38121
GPSM2	4	0.28177	0.49311	0.999995	463	2	-0.23456	0.21287	0.21223	0.570425	393	0	-0.23456
TPST2	4	0.28539	0.49783	0.999995	464	2	-0.34625	0.21287	0.21223	0.570425	128	0	-0.34625
CTPS2	4	0.28556	0.498	0.999995	465	3	-0.28273	0.67851	0.67765	0.999995	701	0	-0.28273
MORF4L2	4	0.28691	0.49967	0.999995	466	3	-0.35305	0.76571	0.76635	0.999995	769	0	-0.35305
CYP26C1	4	0.28781	0.50081	0.999995	467	2	-0.18115	0.21287	0.21223	0.570425	226	0	-0.18115
XRCC4	4	0.28895	0.50222	0.999995	468	3	-0.40924	0.69847	0.69781	0.999995	719	0	-0.40924
SEC11C	4	0.28963	0.50315	0.999995	469	3	-0.38581	0.9226	0.92268	0.999995	925	0	-0.38581
RAMP2	4	0.29032	0.50397	0.999995	470	3	-0.38672	0.53666	0.53585	0.99071	572	0	-0.38672
RBBP4	3	0.29242	0.44307	0.999995	471	2	-0.75084	0.67934	0.67924	0.999995	703	0	-0.75084
ARFGEF1	4	0.29351	0.50797	0.999995	472	1	-0.17818	0.21287	0.21223	0.570425	273	0	-0.17818
UNC119B	4	0.29374	0.50827	0.999995	473	3	-0.27625	0.8487	0.85053	0.999995	844	0	-0.27625
TIMP2	4	0.29614	0.51141	0.999995	474	3	-0.30119	0.57396	0.57422	0.999995	604	0	-0.30119
AFG3L2	3	0.29992	0.45072	0.999995	475	1	-0.24115	0.52205	0.52014	0.985882	559	0	-0.24115
HPS1	4	0.30132	0.51823	0.999995	476	3	-0.25401	0.21287	0.21223	0.570425	315	0	-0.25401
RAN	4	0.30501	0.52297	0.999995	477	1	-0.1479	0.21287	0.21223	0.570425	51	0	-0.1479
ANAPC4	4	0.30619	0.52455	0.999995	478	3	-0.42558	0.84938	0.85115	0.999995	845	0	-0.42558
WDR12	4	0.30644	0.52487	0.999995	479	2	-0.44768	0.21287	0.21223	0.570425	155	0	-0.44768
FLOT1	4	0.30724	0.52584	0.999995	480	3	-0.31922	0.21287	0.21223	0.570425	374	0	-0.31922
TOP2B	4	0.30768	0.52637	0.999995	481	2	-0.24529	0.21287	0.21223	0.570425	131	0	-0.24529
VIM	4	0.30787	0.52668	0.999995	482	1	-0.078921	0.47415	0.47325	0.974366	511	0	-0.078921
PMM2	4	0.3089	0.52796	0.999995	483	2	-0.2058	0.47704	0.476	0.974366	515	0	-0.2058
ZEB1	4	0.30929	0.52838	0.999995	484	2	-0.36688	0.21287	0.21223	0.570425	138	0	-0.36688
LARP1	4	0.30969	0.52893	0.999995	485	3	-0.36335	0.21287	0.21223	0.570425	346	0	-0.36335
SBF2	3	0.31068	0.46176	0.999995	486	2	-0.44722	0.85227	0.85239	0.999995	848	0	-0.44722
DST	4	0.31109	0.5306	0.999995	487	3	-0.31311	0.92009	0.91998	0.999995	923	0	-0.31311
MAPK8IP3	4	0.3118	0.53147	0.999995	488	3	-0.40055	0.9313	0.93141	0.999995	932	0	-0.40055
WAS	4	0.31284	0.53246	0.999995	489	1	-0.17565	0.84456	0.84658	0.999995	841	0	-0.17565
SLC25A25	4	0.31544	0.53435	0.999995	490	2	-0.33101	0.43728	0.43658	0.973785	469	0	-0.33101
BUB1B	4	0.31667	0.53529	0.999995	491	2	-0.38233	0.7926	0.79381	0.999995	798	0	-0.38233
SMARCC1	4	0.31708	0.5356	0.999995	492	2	-0.37935	0.45177	0.45112	0.973785	488	0	-0.37935
GIT2	4	0.31749	0.53588	0.999995	493	2	-0.33259	0.21287	0.21223	0.570425	388	0	-0.33259
TRPM1	4	0.3199	0.53745	0.999995	494	1	-0.25146	0.21287	0.21223	0.570425	112	0	-0.25146
ABCA3	4	0.32411	0.54076	0.999995	495	2	-0.19472	0.75996	0.76026	0.999995	765	0	-0.19472
MED8	4	0.32446	0.54099	0.999995	496	2	-0.35014	0.75444	0.75467	0.999995	760	0	-0.35014
CASP4	4	0.32528	0.5416	0.999995	497	2	-0.29426	0.21287	0.21223	0.570425	295	0	-0.29426
H2BFM	4	0.32693	0.54269	0.999995	498	2	-0.29006	0.21287	0.21223	0.570425	381	0	-0.29006
APOBEC1	4	0.32857	0.54402	0.999995	499	2	-0.39933	0.43177	0.43082	0.973785	462	0	-0.39933
DGKI	4	0.33177	0.54646	0.999995	500	2	-0.24456	0.21287	0.21223	0.570425	214	0	-0.24456
ADSSL1	4	0.33722	0.55055	0.999995	501	2	-0.38564	0.73489	0.73468	0.999995	742	0	-0.38564
BARHL1	4	0.33764	0.55088	0.999995	502	2	-0.27841	0.21287	0.21223	0.570425	265	0	-0.27841
MYD88	4	0.33805	0.55128	0.999995	503	2	-0.26238	0.21287	0.21223	0.570425	81	0	-0.26238
PTF1A	4	0.34507	0.55627	0.999995	504	2	-0.43336	0.62855	0.62785	0.999995	651	0	-0.43336
ARSJ	4	0.34838	0.55869	0.999995	505	2	-0.3409	0.8816	0.88194	0.999995	880	0	-0.3409
ZAP70	4	0.35167	0.56094	0.999995	506	2	-0.17624	0.21287	0.21223	0.570425	145	0	-0.17624
TMEM30A	4	0.35418	0.56272	0.999995	507	2	-0.39544	0.84198	0.84387	0.999995	840	0	-0.39544
SLC32A1	4	0.35501	0.56316	0.999995	508	2	-0.46951	0.83285	0.83489	0.999995	831	0	-0.46951
BRD8	4	0.35543	0.56349	0.999995	509	2	-0.41614	0.79746	0.7989	0.999995	802	0	-0.41614
FLOT2	4	0.3564	0.56434	0.999995	510	1	-0.12875	0.21287	0.21223	0.570425	375	0	-0.12875
GOLPH3L	4	0.35667	0.56453	0.999995	511	2	-0.21795	0.48164	0.48063	0.974366	520	0	-0.21795
SOS1	4	0.35709	0.56479	0.999995	512	2	-0.29858	0.58231	0.58213	0.999995	612	0	-0.29858
IKBKE	4	0.36178	0.56819	0.999995	513	2	-0.30601	0.8365	0.83809	0.999995	834	0	-0.30601
SEC31B	4	0.36207	0.56844	0.999995	514	2	-0.36823	0.80056	0.80165	0.999995	805	0	-0.36823
SMARCA2	4	0.3629	0.56914	0.999995	515	2	-0.27903	0.43054	0.42961	0.973785	460	0	-0.27903
IPO7	3	0.36424	0.51615	0.999995	516	2	-0.53037	0.56825	0.5669	0.999995	599	0	-0.53037
ICK	4	0.36446	0.5702	0.999995	517	2	-0.36971	0.7438	0.74335	0.999995	749	0	-0.36971
FLT1	4	0.36498	0.57071	0.999995	518	2	-0.24934	0.21287	0.21223	0.570425	370	0	-0.24934
MMD	4	0.36646	0.57194	0.999995	519	2	-0.34965	0.7787	0.77981	0.999995	778	0	-0.34965
TANC1	4	0.36747	0.57267	0.999995	520	2	-0.37394	0.88084	0.88129	0.999995	879	0	-0.37394
MACF1	4	0.36872	0.57355	0.999995	521	2	-0.25189	0.57889	0.57891	0.999995	608	0	-0.25189
SMC1A	4	0.3708	0.57509	0.999995	522	2	-0.46126	0.91548	0.91538	0.999995	920	0	-0.46126
COPZ2	4	0.37376	0.57711	0.999995	523	1	-0.20762	0.42187	0.42087	0.973785	451	0	-0.20762
GRM4	4	0.37508	0.57804	0.999995	524	2	-0.33094	0.21287	0.21223	0.570425	380	0	-0.33094
CCNE1	4	0.37621	0.57869	0.999995	525	2	-0.20278	0.48622	0.48514	0.974366	527	0	-0.20278
CYFIP1	4	0.37704	0.57919	0.999995	526	2	-0.28076	0.21287	0.21223	0.570425	219	0	-0.28076
RB1	4	0.37829	0.58008	0.999995	527	2	-0.31767	0.46716	0.46677	0.974366	506	0	-0.31767
ANKRD37	4	0.381	0.58217	0.999995	528	2	-0.20542	0.21287	0.21223	0.570425	268	0	-0.20542
FKBP9	4	0.38204	0.58295	0.999995	529	2	-0.29133	0.21287	0.21223	0.570425	373	0	-0.29133
NR5A2	4	0.38245	0.58327	0.999995	530	2	-0.22898	0.21287	0.21223	0.570425	107	0	-0.22898
FAM71A	4	0.38362	0.58406	0.999995	531	2	-0.40779	0.68011	0.67923	0.999995	705	0	-0.40779
RNF10	4	0.38427	0.58447	0.999995	532	2	-0.35869	0.21287	0.21223	0.570425	47	0	-0.35869
IRF6	4	0.38752	0.58654	0.999995	533	2	-0.38446	0.59628	0.59608	0.999995	623	0	-0.38446
IQCA1	4	0.38787	0.58677	0.999995	534	2	-0.26779	0.64738	0.64688	0.999995	671	0	-0.26779
TANC2	3	0.38992	0.54246	0.999995	535	2	-0.29048	0.62398	0.62369	0.999995	649	0	-0.29048
NDUFC1	4	0.39288	0.59044	0.999995	536	2	-0.3608	0.8072	0.80904	0.999995	814	0	-0.3608
UTRN	4	0.39496	0.59207	0.999995	537	2	-0.45291	0.21287	0.21223	0.570425	146	0	-0.45291
RPS23	2	0.39784	0.47112	0.999995	538	1	-0.57796	0.71631	0.7153	0.999995	728	0	-0.57796
PACS2	4	0.39786	0.59402	0.999995	539	1	-0.11721	0.21287	0.21223	0.570425	97	0	-0.11721
AP5M1	4	0.39788	0.59403	0.999995	540	2	-0.34804	0.21287	0.21223	0.570425	276	0	-0.34804
PSMA2	4	0.3983	0.59434	0.999995	541	2	-0.39631	0.21287	0.21223	0.570425	30	0	-0.39631
PTCH1	4	0.3985	0.59451	0.999995	542	2	-0.39484	0.21287	0.21223	0.570425	52	0	-0.39484
FUT5	4	0.40038	0.59591	0.999995	543	2	-0.34556	0.89379	0.89412	0.999995	895	0	-0.34556
GRHL3	4	0.4033	0.59793	0.999995	544	2	-0.33432	0.54138	0.54043	0.991015	577	0	-0.33432
TCF4	4	0.40456	0.59895	0.999995	545	2	-0.21255	0.21287	0.21223	0.570425	189	0	-0.21255
NAA16	4	0.40623	0.60035	0.999995	546	2	-0.40422	0.61588	0.61469	0.999995	641	0	-0.40422
KLK12	4	0.40679	0.60066	0.999995	547	1	-0.1931	0.21287	0.21223	0.570425	349	0	-0.1931
PDX1	4	0.40831	0.60169	0.999995	548	2	-0.32548	0.74983	0.7497	0.999995	752	0	-0.32548
OSMR	4	0.40873	0.602	0.999995	549	2	-0.34419	0.78351	0.78464	0.999995	786	0	-0.34419
ILF3	4	0.41123	0.60381	0.999995	550	2	-0.2559	0.21287	0.21223	0.570425	308	0	-0.2559
RPL6	1	0.41129	0.41166	0.999995	551	1	-0.34808	0.58871	0.58981	0.999995	619	0	-0.34808
GABPB1	4	0.41207	0.60438	0.999995	552	2	-0.25374	0.52816	0.52731	0.986755	565	0	-0.25374
NAPA	4	0.41688	0.60799	0.999995	553	2	-0.46743	0.21287	0.21223	0.570425	63	0	-0.46743
EEFSEC	4	0.41749	0.6085	0.999995	554	2	-0.23864	0.21287	0.21223	0.570425	252	0	-0.23864
DYNC1LI2	4	0.42708	0.61598	0.999995	555	2	-0.3437	0.44637	0.44586	0.973785	480	0	-0.3437
SIRPA	3	0.42806	0.58118	0.999995	556	2	-0.32613	0.16433	0.16441	0.570425	7	0	-0.32613
PAPSS1	4	0.42931	0.61776	0.999995	557	2	-0.40026	0.45476	0.45425	0.973785	492	0	-0.40026
CRYBB2	4	0.43333	0.62088	0.999995	558	2	-0.22563	0.7847	0.78575	0.999995	787	0	-0.22563
PTPN21	4	0.43458	0.62187	0.999995	559	2	-0.23096	0.66632	0.6654	0.999995	688	0	-0.23096
ATP8B3	4	0.43875	0.6248	0.999995	560	2	-0.24386	0.51684	0.51562	0.985882	553	0	-0.24386
HEATR5A	4	0.44208	0.62734	0.999995	561	2	-0.29673	0.51738	0.5162	0.985882	554	0	-0.29673
RECK	4	0.44499	0.62936	0.999995	562	2	-0.30303	0.39722	0.39558	0.973785	423	0	-0.30303
FARS2	4	0.44516	0.62948	0.999995	563	1	-0.29109	0.83795	0.83968	0.999995	837	0	-0.29109
EZH2	4	0.44697	0.631	0.999995	564	1	-0.019027	0.21287	0.21223	0.570425	238	0	-0.019027
SLC11A1	4	0.44748	0.63128	0.999995	565	2	-0.28482	0.65081	0.65018	0.999995	674	0	-0.28482
HTR3E	4	0.44938	0.63263	0.999995	566	1	-0.12328	0.43361	0.43266	0.973785	465	0	-0.12328
DENND5A	4	0.45663	0.63821	0.999995	567	2	-0.34264	0.70903	0.7083	0.999995	723	0	-0.34264
CCNE2	4	0.46036	0.64089	0.999995	568	2	-0.30144	0.21287	0.21223	0.570425	293	0	-0.30144
KPNA2	3	0.46063	0.61381	0.999995	569	2	-0.30102	0.64415	0.64312	0.999995	667	0	-0.30102
CDC34	4	0.46069	0.64115	0.999995	570	1	-0.27749	0.40869	0.40725	0.973785	437	0	-0.27749
PPP2CB	3	0.46109	0.61423	0.999995	571	1	-0.30772	0.8051	0.80548	0.999995	813	0	-0.30772
SOAT1	4	0.46326	0.6432	0.999995	572	2	-0.44053	0.48508	0.4841	0.974366	526	0	-0.44053
ZNF284	4	0.46364	0.64338	0.999995	573	1	-0.30228	0.85141	0.85294	0.999995	846	0	-0.30228
MANF	4	0.46423	0.64381	0.999995	574	2	-0.41956	0.4391	0.43837	0.973785	471	0	-0.41956
PPP3R2	4	0.46658	0.64554	0.999995	575	2	-0.38831	0.21287	0.21223	0.570425	38	0	-0.38831
KIAA0319	4	0.46699	0.64585	0.999995	576	2	-0.18378	0.21287	0.21223	0.570425	339	0	-0.18378
TAF1	4	0.46774	0.64649	0.999995	577	1	-0.01203	0.21287	0.21223	0.570425	184	0	-0.01203
RPS11	3	0.4699	0.62303	0.999995	578	2	-0.59661	0.16433	0.16441	0.570425	17	0	-0.59661
MTMR4	4	0.47299	0.65013	0.999995	579	1	-0.17173	0.21287	0.21223	0.570425	80	0	-0.17173
EGFR	4	0.47415	0.65097	0.999995	580	1	-0.16449	0.21287	0.21223	0.570425	249	0	-0.16449
SAR1A	8	0.47464	0.75103	0.999995	581	4	-0.26481	0.38043	0.38069	0.973785	407	0	-0.26481
MOGAT2	4	0.47531	0.65175	0.999995	582	1	-0.26985	0.77991	0.78127	0.999995	780	0	-0.26985
RXFP3	4	0.47568	0.65203	0.999995	583	2	-0.39821	0.77658	0.77759	0.999995	777	0	-0.39821
GMPR	4	0.47692	0.65291	0.999995	584	2	-0.29333	0.76093	0.76132	0.999995	766	0	-0.29333
UMPS	4	0.47935	0.65473	0.999995	585	1	-0.11115	0.39786	0.39621	0.973785	424	0	-0.11115
NAPB	4	0.47992	0.65517	0.999995	586	2	-0.27451	0.21287	0.21223	0.570425	64	0	-0.27451
YIF1B	4	0.48187	0.65665	0.999995	587	2	-0.30485	0.72576	0.7255	0.999995	734	0	-0.30485
RPL15	2	0.49183	0.53458	0.999995	588	1	-0.25805	0.1128	0.11311	0.570425	2	0	-0.25805
MORF4L1	3	0.4919	0.64514	0.999995	589	2	-0.48888	0.75603	0.75624	0.999995	761	0	-0.48888
SLC10A2	4	0.49299	0.66493	0.999995	590	2	-0.29583	0.61862	0.61763	0.999995	645	0	-0.29583
RCBTB1	4	0.4964	0.6674	0.999995	591	1	-0.26607	0.52441	0.52366	0.986063	562	0	-0.26607
SYK	4	0.49668	0.66764	0.999995	592	2	-0.19745	0.40552	0.40402	0.973785	434	0	-0.19745
CSTF2T	4	0.49874	0.66928	0.999995	593	2	-0.33117	0.21287	0.21223	0.570425	217	0	-0.33117
TBC1D1	4	0.49956	0.66989	0.999995	594	2	-0.38288	0.80418	0.80573	0.999995	811	0	-0.38288
SLCO2B1	4	0.49997	0.67017	0.999995	595	2	-0.20159	0.21287	0.21223	0.570425	164	0	-0.20159
ABL1	4	0.50201	0.6718	0.999995	596	2	-0.19882	0.58085	0.58082	0.999995	609	0	-0.19882
ATOH1	4	0.50242	0.67219	0.999995	597	2	-0.30042	0.52226	0.52134	0.985882	560	0	-0.30042
SATB2	4	0.50808	0.67659	0.999995	598	2	-0.25557	0.21287	0.21223	0.570425	175	0	-0.25557
H1FOO	4	0.51083	0.67855	0.999995	599	2	-0.31498	0.78142	0.78262	0.999995	782	0	-0.31498
RNF20	4	0.51264	0.67988	0.999995	600	2	-0.26552	0.9011	0.90127	0.999995	903	0	-0.26552
SKA1	4	0.51302	0.68013	0.999995	601	2	-0.25849	0.40616	0.40464	0.973785	435	0	-0.25849
ZWILCH	4	0.51346	0.68041	0.999995	602	2	-0.20043	0.21287	0.21223	0.570425	141	0	-0.20043
LSM14A	4	0.51357	0.68048	0.999995	603	1	-0.079962	0.21287	0.21223	0.570425	335	0	-0.079962
MBD4	8	0.5139	0.77909	0.999995	604	3	-0.20547	0.38043	0.38069	0.973785	402	0	-0.20547
CADPS	4	0.51549	0.68178	0.999995	605	2	-0.31212	0.57347	0.57375	0.999995	603	0	-0.31212
G3BP1	4	0.5163	0.68241	0.999995	606	2	-0.41073	0.75082	0.75078	0.999995	754	0	-0.41073
PTPN14	4	0.51712	0.68296	0.999995	607	2	-0.35192	0.67971	0.67878	0.999995	704	0	-0.35192
AP1G2	4	0.51738	0.6832	0.999995	608	1	-0.19726	0.47473	0.47385	0.974366	512	0	-0.19726
DEGS2	4	0.51834	0.68405	0.999995	609	2	-0.30397	0.65294	0.65239	0.999995	677	0	-0.30397
LIM2	4	0.51875	0.68434	0.999995	610	2	-0.2856	0.88863	0.8886	0.999995	888	0	-0.2856
GFM1	4	0.51956	0.68501	0.999995	611	1	-0.25782	0.21287	0.21223	0.570425	389	0	-0.25782
HACD1	4	0.5201	0.68543	0.999995	612	1	-0.13362	0.60617	0.60544	0.999995	631	0	-0.13362
SPTA1	4	0.52037	0.68566	0.999995	613	2	-0.25736	0.21287	0.21223	0.570425	199	0	-0.25736
NMT2	4	0.52484	0.68906	0.999995	614	2	-0.29394	0.51411	0.51313	0.984422	552	0	-0.29394
DUOX1	4	0.52549	0.68956	0.999995	615	1	-0.22384	0.39141	0.38975	0.973785	416	0	-0.22384
HUS1B	4	0.52768	0.69105	0.999995	616	2	-0.24503	0.66426	0.66333	0.999995	686	0	-0.24503
YIPF5	4	0.52808	0.6913	0.999995	617	2	-0.18943	0.21287	0.21223	0.570425	153	0	-0.18943
TSPO2	4	0.52889	0.69196	0.999995	618	2	-0.31229	0.21287	0.21223	0.570425	110	0	-0.31229
SOHLH1	4	0.5303	0.69303	0.999995	619	1	-0.21655	0.46481	0.46445	0.974366	504	0	-0.21655
ZNF804B	4	0.53051	0.69321	0.999995	620	2	-0.302	0.21287	0.21223	0.570425	140	0	-0.302
OSBPL6	4	0.53172	0.694	0.999995	621	2	-0.28965	0.48963	0.4886	0.974366	530	0	-0.28965
ZNRF4	4	0.53293	0.69478	0.999995	622	2	-0.25348	0.66467	0.66376	0.999995	687	0	-0.25348
TOB2	4	0.53349	0.69519	0.999995	623	1	-0.15411	0.3985	0.39688	0.973785	425	0	-0.15411
PDCD4	4	0.53374	0.69539	0.999995	624	2	-0.19012	0.69115	0.69037	0.999995	712	0	-0.19012
CFL1	4	0.53402	0.6956	0.999995	625	2	-0.30814	0.61496	0.61385	0.999995	639	0	-0.30814
RPP14	4	0.53495	0.69645	0.999995	626	2	-0.28632	0.60148	0.60101	0.999995	627	0	-0.28632
CAB39L	4	0.53778	0.69854	0.999995	627	2	-0.22745	0.44697	0.44643	0.973785	481	0	-0.22745
CCT6B	4	0.53818	0.69883	0.999995	628	2	-0.37095	0.415	0.4137	0.973785	443	0	-0.37095
DYNC1LI1	3	0.53864	0.66887	0.999995	629	1	-0.035708	0.35713	0.35515	0.942616	399	0	-0.035708
RNF130	4	0.53929	0.69977	0.999995	630	2	-0.28182	0.21287	0.21223	0.570425	41	0	-0.28182
APH1B	4	0.54034	0.7005	0.999995	631	1	-0.20962	0.21287	0.21223	0.570425	277	0	-0.20962
SS18	4	0.54059	0.70069	0.999995	632	2	-0.23091	0.4601	0.45955	0.973785	499	0	-0.23091
PRKAB2	4	0.541	0.70085	0.999995	633	2	-0.33079	0.8659	0.86669	0.999995	862	0	-0.33079
COPG1	4	0.54138	0.70111	0.999995	634	1	-0.1447	0.21287	0.21223	0.570425	290	0	-0.1447
STRIP1	4	0.5418	0.70142	0.999995	635	2	-0.26952	0.66756	0.66672	0.999995	690	0	-0.26952
LHFPL5	4	0.54295	0.70242	0.999995	636	1	-0.13468	0.21287	0.21223	0.570425	327	0	-0.13468
NCKAP1L	4	0.54541	0.70402	0.999995	637	2	-0.26613	0.21287	0.21223	0.570425	66	0	-0.26613
FSD1	4	0.54662	0.70513	0.999995	638	2	-0.37548	0.52172	0.52085	0.985882	558	0	-0.37548
GALR3	4	0.54702	0.70544	0.999995	639	2	-0.3497	0.88007	0.88049	0.999995	878	0	-0.3497
STRIP2	4	0.54918	0.70702	0.999995	640	1	-0.14005	0.21287	0.21223	0.570425	201	0	-0.14005
RANBP10	4	0.55022	0.70778	0.999995	641	2	-0.24883	0.45832	0.45772	0.973785	497	0	-0.24883
CDNF	4	0.55062	0.70803	0.999995	642	2	-0.30863	0.81632	0.81852	0.999995	820	0	-0.30863
CHMP1B	4	0.55142	0.70858	0.999995	643	2	-0.28562	0.78172	0.78297	0.999995	783	0	-0.28562
EPC1	4	0.55227	0.7093	0.999995	644	1	-0.32151	0.46069	0.4601	0.973785	500	0	-0.32151
CD44	4	0.55342	0.71029	0.999995	645	2	-0.26273	0.21287	0.21223	0.570425	300	0	-0.26273
COQ10B	4	0.55422	0.71085	0.999995	646	2	-0.33411	0.67001	0.66909	0.999995	693	0	-0.33411
GLIS3	4	0.55432	0.71093	0.999995	647	1	-0.043309	0.21287	0.21223	0.570425	386	0	-0.043309
CEACAM1	4	0.55484	0.71135	0.999995	648	1	-0.27309	0.69617	0.69555	0.999995	716	0	-0.27309
SNRPB2	3	0.55566	0.67643	0.999995	649	1	-0.17349	0.40068	0.39876	0.973785	427	0	-0.17349
HMGCS2	4	0.55891	0.71483	0.999995	650	1	-0.15349	0.21287	0.21223	0.570425	318	0	-0.15349
ADAP2	4	0.5594	0.71526	0.999995	651	2	-0.36783	0.69348	0.69299	0.999995	714	0	-0.36783
KRTAP10-10	4	0.56059	0.71616	0.999995	652	2	-0.32005	0.75016	0.75003	0.999995	753	0	-0.32005
NET1	4	0.56178	0.71714	0.999995	653	2	-0.24791	0.21287	0.21223	0.570425	101	0	-0.24791
RHBDF2	4	0.56258	0.7177	0.999995	654	2	-0.24013	0.21287	0.21223	0.570425	40	0	-0.24013
RUNX1	4	0.56337	0.7183	0.999995	655	2	-0.17959	0.61313	0.61215	0.999995	637	0	-0.17959
MED12L	4	0.56456	0.71922	0.999995	656	2	-0.22504	0.4964	0.49543	0.974366	537	0	-0.22504
STT3B	4	0.56498	0.71959	0.999995	657	2	-0.26344	0.67205	0.67115	0.999995	695	0	-0.26344
NETO1	4	0.56654	0.7207	0.999995	658	2	-0.34882	0.21287	0.21223	0.570425	102	0	-0.34882
TUBB2B	2	0.5668	0.59054	0.999995	659	1	-0.22553	0.45574	0.45405	0.973785	493	0	-0.22553
PGLS	4	0.56694	0.72108	0.999995	660	2	-0.20157	0.39593	0.39431	0.973785	422	0	-0.20157
DDI2	4	0.56849	0.72229	0.999995	661	1	0	0.21287	0.21223	0.570425	225	0	0
CSTF2	4	0.56892	0.72265	0.999995	662	2	-0.29768	0.48336	0.48244	0.974366	523	0	-0.29768
AP1G1	4	0.57048	0.7238	0.999995	663	1	-0.25694	0.59723	0.59698	0.999995	624	0	-0.25694
DMXL1	4	0.57523	0.72703	0.999995	664	2	-0.24838	0.21287	0.21223	0.570425	211	0	-0.24838
TIMM23	4	0.57791	0.72919	0.999995	665	2	-0.36513	0.64177	0.64083	0.999995	662	0	-0.36513
ATAD2	4	0.58073	0.73127	0.999995	666	2	-0.25027	0.65548	0.65467	0.999995	680	0	-0.25027
TAF9	4	0.58112	0.73157	0.999995	667	2	-0.30936	0.49302	0.49216	0.974366	534	0	-0.30936
TTC7A	8	0.58231	0.82541	0.999995	668	3	-0.24887	0.81722	0.81636	0.999995	822	0	-0.24887
XPO7	4	0.58378	0.73339	0.999995	669	2	-0.31148	0.21287	0.21223	0.570425	154	0	-0.31148
CD72	4	0.58425	0.73375	0.999995	670	2	-0.16173	0.21287	0.21223	0.570425	301	0	-0.16173
CLTB	4	0.58669	0.7355	0.999995	671	2	-0.34293	0.6168	0.61561	0.999995	642	0	-0.34293
KPNA3	4	0.58699	0.73576	0.999995	672	2	-0.21787	0.51302	0.51197	0.983981	551	0	-0.21787
TRAPPC3L	4	0.58765	0.73638	0.999995	673	1	0	0.21287	0.21223	0.570425	121	0	0
NBEAL2	4	0.58894	0.7373	0.999995	674	2	-0.22007	0.81579	0.81803	0.999995	819	0	-0.22007
CCNL1	4	0.5891	0.73746	0.999995	675	2	-0.30512	0.79086	0.79209	0.999995	796	0	-0.30512
BRSK1	4	0.59088	0.73879	0.999995	676	2	-0.28147	0.21287	0.21223	0.570425	261	0	-0.28147
TBPL2	4	0.59283	0.74034	0.999995	677	2	-0.18311	0.21287	0.21223	0.570425	191	0	-0.18311
SAP30	4	0.5936	0.74094	0.999995	678	2	-0.27707	0.8179	0.8202	0.999995	823	0	-0.27707
RPL17	3	0.59387	0.69365	0.999995	679	1	-0.31074	0.61919	0.61934	0.999995	646	0	-0.31074
TRPC5	4	0.59748	0.74373	0.999995	680	2	-0.16517	0.21287	0.21223	0.570425	114	0	-0.16517
RPRD1A	4	0.59825	0.74415	0.999995	681	2	-0.31443	0.58669	0.5867	0.999995	615	0	-0.31443
ERC1	4	0.59913	0.74478	0.999995	682	1	-0.16593	0.21287	0.21223	0.570425	232	0	-0.16593
GDI1	4	0.5998	0.74527	0.999995	683	2	-0.15182	0.21287	0.21223	0.570425	360	0	-0.15182
KRT25	4	0.60096	0.74614	0.999995	684	2	-0.35007	0.58426	0.58416	0.999995	613	0	-0.35007
SERPINA12	8	0.60115	0.83791	0.999995	685	2	-0.10668	0.38043	0.38069	0.973785	406	0	-0.10668
XDH	4	0.60243	0.74723	0.999995	686	2	-0.22167	0.21287	0.21223	0.570425	156	0	-0.22167
RAP1GAP	4	0.60289	0.74761	0.999995	687	2	-0.30292	0.76854	0.76934	0.999995	771	0	-0.30292
NCK2	4	0.6075	0.75099	0.999995	688	2	-0.18226	0.21287	0.21223	0.570425	70	0	-0.18226
DDX39B	4	0.60827	0.75168	0.999995	689	2	-0.28833	0.21287	0.21223	0.570425	210	0	-0.28833
RHOT1	4	0.60904	0.75216	0.999995	690	2	-0.34218	0.80501	0.80658	0.999995	812	0	-0.34218
PMM1	4	0.6098	0.75265	0.999995	691	2	-0.23992	0.52334	0.52258	0.986063	561	0	-0.23992
SAMD4A	4	0.61174	0.75409	0.999995	692	2	-0.37938	0.55124	0.55045	0.998161	584	0	-0.37938
G6PC	4	0.61401	0.75557	0.999995	693	2	-0.3733	0.85673	0.85817	0.999995	852	0	-0.3733
HACD2	4	0.61592	0.75719	0.999995	694	2	-0.37726	0.73141	0.731	0.999995	738	0	-0.37726
KIAA0319L	4	0.6168	0.75791	0.999995	695	2	-0.34534	0.60243	0.60184	0.999995	629	0	-0.34534
ZNF185	4	0.61858	0.75954	0.999995	696	2	-0.16358	0.21287	0.21223	0.570425	135	0	-0.16358
RPA3	4	0.61934	0.76005	0.999995	697	2	-0.29748	0.53824	0.53726	0.99071	574	0	-0.29748
GIT1	4	0.61999	0.76048	0.999995	698	2	-0.21789	0.21287	0.21223	0.570425	390	0	-0.21789
ARFGEF2	4	0.62048	0.76093	0.999995	699	2	-0.3192	0.65038	0.64973	0.999995	673	0	-0.3192
NLRP8	4	0.62162	0.76188	0.999995	700	2	-0.25359	0.53296	0.53214	0.986935	571	0	-0.25359
CRNN	4	0.62271	0.76291	0.999995	701	1	-0.24497	0.48222	0.48124	0.974366	521	0	-0.24497
USP5	4	0.62465	0.76456	0.999995	702	2	-0.22001	0.4805	0.4795	0.974366	518	0	-0.22001
NRBP1	4	0.62496	0.76476	0.999995	703	1	-0.14627	0.50808	0.50711	0.981764	547	0	-0.14627
EFNB1	4	0.62541	0.76513	0.999995	704	2	-0.1903	0.21287	0.21223	0.570425	253	0	-0.1903
TANK	4	0.62578	0.76545	0.999995	705	2	-0.227	0.21287	0.21223	0.570425	183	0	-0.227
MEP1B	4	0.62804	0.76711	0.999995	706	2	-0.2153	0.21287	0.21223	0.570425	75	0	-0.2153
CHRNB3	4	0.6281	0.76721	0.999995	707	1	-0.25602	0.21287	0.21223	0.570425	279	0	-0.25602
FXR1	4	0.6288	0.76783	0.999995	708	2	-0.27825	0.62496	0.62421	0.999995	650	0	-0.27825
PCDH1	4	0.62917	0.76804	0.999995	709	2	-0.26608	0.21287	0.21223	0.570425	90	0	-0.26608
CELA2A	4	0.63068	0.76921	0.999995	710	2	-0.26454	0.21287	0.21223	0.570425	282	0	-0.26454
MBD3L1	4	0.63105	0.76955	0.999995	711	2	-0.4484	0.80307	0.80425	0.999995	808	0	-0.4484
ACACB	4	0.63255	0.77059	0.999995	712	2	-0.20008	0.21287	0.21223	0.570425	271	0	-0.20008
UAP1	4	0.6333	0.77108	0.999995	713	2	-0.22819	0.21287	0.21223	0.570425	116	0	-0.22819
FAM71B	4	0.6348	0.77221	0.999995	714	2	-0.29009	0.21287	0.21223	0.570425	367	0	-0.29009
STAM	4	0.6352	0.77252	0.999995	715	1	-0.1057	0.21287	0.21223	0.570425	202	0	-0.1057
ADAM19	4	0.63742	0.77405	0.999995	716	2	-0.30223	0.70791	0.70701	0.999995	722	0	-0.30223
NBEA	4	0.64077	0.77655	0.999995	717	2	-0.27573	0.21287	0.21223	0.570425	60	0	-0.27573
FCRL3	4	0.64177	0.77747	0.999995	718	1	-0.11072	0.21287	0.21223	0.570425	369	0	-0.11072
CHML	4	0.64189	0.77761	0.999995	719	2	-0.19173	0.21287	0.21223	0.570425	284	0	-0.19173
FNIP2	4	0.64226	0.77785	0.999995	720	2	-0.28419	0.7475	0.74709	0.999995	751	0	-0.28419
IL10RA	4	0.64337	0.77873	0.999995	721	2	-0.17336	0.44998	0.44923	0.973785	485	0	-0.17336
IDH2	4	0.64393	0.77923	0.999995	722	1	-0.19334	0.21287	0.21223	0.570425	326	0	-0.19334
UBASH3B	4	0.64411	0.77942	0.999995	723	2	-0.13937	0.21287	0.21223	0.570425	117	0	-0.13937
DUOX2	4	0.6448	0.78001	0.999995	724	1	-0.23135	0.73211	0.73166	0.999995	740	0	-0.23135
KCNMB3	4	0.64609	0.78117	0.999995	725	1	-0.28693	0.49696	0.49592	0.974366	539	0	-0.28693
ZFYVE19	4	0.6491	0.78375	0.999995	726	1	-0.26896	0.78291	0.78403	0.999995	785	0	-0.26896
SNRPN	4	0.65166	0.78579	0.999995	727	1	-0.12264	0.21287	0.21223	0.570425	197	0	-0.12264
MYBPHL	4	0.65187	0.7859	0.999995	728	2	-0.25048	0.52656	0.52582	0.986755	564	0	-0.25048
CCDC69	4	0.65333	0.78713	0.999995	729	2	-0.25646	0.21287	0.21223	0.570425	292	0	-0.25646
RNF125	4	0.65443	0.78789	0.999995	730	2	-0.20137	0.21287	0.21223	0.570425	46	0	-0.20137
TNKS2	4	0.65517	0.78829	0.999995	731	2	-0.29501	0.39012	0.38852	0.973785	415	0	-0.29501
ERN1	4	0.65884	0.79123	0.999995	732	1	-0.096995	0.21287	0.21223	0.570425	239	0	-0.096995
NR5A1	4	0.65968	0.79199	0.999995	733	1	-0.079492	0.21287	0.21223	0.570425	100	0	-0.079492
DDX17	4	0.65992	0.79219	0.999995	734	2	-0.28116	0.21287	0.21223	0.570425	208	0	-0.28116
AXL	4	0.66028	0.79242	0.999995	735	2	-0.28667	0.21287	0.21223	0.570425	264	0	-0.28667
ADGRG7	4	0.66174	0.79353	0.999995	736	2	-0.26993	0.72789	0.72757	0.999995	736	0	-0.26993
SLC22A13	4	0.6621	0.7939	0.999995	737	2	-0.20529	0.21287	0.21223	0.570425	167	0	-0.20529
EIF4A3	4	0.66218	0.79396	0.999995	738	1	-0.34751	0.54191	0.54089	0.991015	578	0	-0.34751
SPATA16	4	0.66283	0.7944	0.999995	739	2	-0.38879	0.51083	0.5097	0.983981	548	0	-0.38879
STX12	4	0.66609	0.79695	0.999995	740	2	-0.26935	0.88348	0.88389	0.999995	883	0	-0.26935
NAT8L	4	0.66645	0.79728	0.999995	741	2	-0.16142	0.21287	0.21223	0.570425	65	0	-0.16142
EP300	4	0.66717	0.79799	0.999995	742	2	-0.21676	0.21287	0.21223	0.570425	235	0	-0.21676
DYNLT1	4	0.6692	0.79937	0.999995	743	1	-0.0078046	0.21287	0.21223	0.570425	247	0	-0.0078046
SIX6	4	0.67083	0.80071	0.999995	744	1	-0.089863	0.21287	0.21223	0.570425	159	0	-0.089863
NDEL1	4	0.67113	0.80102	0.999995	745	2	-0.17767	0.21287	0.21223	0.570425	68	0	-0.17767
IQCA1L	4	0.67124	0.8011	0.999995	746	1	-0.14693	0.65968	0.65903	0.999995	683	0	-0.14693
RPS28	2	0.6733	0.67674	0.999995	747	1	-0.2191	0.57846	0.57778	0.999995	607	0	-0.2191
PCBD1	4	0.67472	0.80386	0.999995	748	2	-0.29674	0.21287	0.21223	0.570425	88	0	-0.29674
ITGB1BP2	4	0.67579	0.80483	0.999995	749	2	-0.16923	0.21287	0.21223	0.570425	309	0	-0.16923
ERO1A	4	0.6761	0.80511	0.999995	750	1	-0.091664	0.21287	0.21223	0.570425	241	0	-0.091664
TTC23	4	0.67691	0.80568	0.999995	751	1	-0.23026	0.7577	0.75773	0.999995	763	0	-0.23026
KRTAP1-1	4	0.67811	0.8066	0.999995	752	1	-0.051966	0.21287	0.21223	0.570425	345	0	-0.051966
VPS26B	4	0.67971	0.80785	0.999995	753	1	-0.29686	0.21287	0.21223	0.570425	151	0	-0.29686
MBTD1	4	0.68131	0.8091	0.999995	754	1	-0.10039	0.21287	0.21223	0.570425	77	0	-0.10039
APH1A	4	0.68149	0.80922	0.999995	755	2	-0.2337	0.64393	0.64333	0.999995	666	0	-0.2337
CRKL	4	0.68171	0.80939	0.999995	756	1	-0.28181	0.21287	0.21223	0.570425	220	0	-0.28181
STX7	4	0.68185	0.80946	0.999995	757	2	-0.23396	0.21287	0.21223	0.570425	185	0	-0.23396
CREBBP	4	0.68256	0.80996	0.999995	758	2	-0.19098	0.41122	0.40986	0.973785	438	0	-0.19098
FBLN1	4	0.68503	0.81189	0.999995	759	2	-0.22317	0.21287	0.21223	0.570425	368	0	-0.22317
EAF2	4	0.68527	0.81213	0.999995	760	1	-0.064981	0.21287	0.21223	0.570425	251	0	-0.064981
DMP1	4	0.68646	0.81312	0.999995	761	1	-0.20207	0.21287	0.21223	0.570425	216	0	-0.20207
SLC25A24	4	0.68715	0.81378	0.999995	762	2	-0.29852	0.21287	0.21223	0.570425	168	0	-0.29852
IDH1	4	0.6927	0.81578	0.999995	763	1	-0.12045	0.39206	0.39035	0.973785	417	0	-0.12045
FMR1	4	0.69502	0.8165	0.999995	764	1	-0.22744	0.21287	0.21223	0.570425	371	0	-0.22744
ATP6V1B1	4	0.69579	0.81682	0.999995	765	1	-0.1643	0.57544	0.57551	0.999995	605	0	-0.1643
TGFBR2	4	0.69771	0.81741	0.999995	766	1	-0.27521	0.48107	0.48009	0.974366	519	0	-0.27521
ABCB1	4	0.69885	0.8179	0.999995	767	1	-0.010047	0.21287	0.21223	0.570425	269	0	-0.010047
PLEK2	4	0.7019	0.81872	0.999995	768	1	-0.30425	0.67246	0.67165	0.999995	696	0	-0.30425
CYFIP2	4	0.70491	0.81952	0.999995	769	1	-0.29864	0.81073	0.81282	0.999995	817	0	-0.29864
TIMM23B	4	0.7094	0.82097	0.999995	770	1	-0.15968	0.21287	0.21223	0.570425	125	0	-0.15968
GLT6D1	4	0.71346	0.82235	0.999995	771	1	-0.36451	0.59818	0.59784	0.999995	625	0	-0.36451
SLC17A2	4	0.7193	0.82425	0.999995	772	1	0	0.21287	0.21223	0.570425	163	0	0
DZIP3	4	0.72002	0.82449	0.999995	773	1	-0.14971	0.21287	0.21223	0.570425	244	0	-0.14971
LRBA	4	0.72111	0.82488	0.999995	774	1	-0.082163	0.52977	0.529	0.986755	567	0	-0.082163
VPS26A	4	0.72183	0.82518	0.999995	775	1	-0.066627	0.21287	0.21223	0.570425	147	0	-0.066627
GRIP2	4	0.72469	0.82612	0.999995	776	1	-0.23427	0.21287	0.21223	0.570425	379	0	-0.23427
USP13	4	0.7254	0.82636	0.999995	777	1	-0.20343	0.21287	0.21223	0.570425	149	0	-0.20343
PDGFD	4	0.72824	0.82724	0.999995	778	1	-0.16133	0.21287	0.21223	0.570425	86	0	-0.16133
ADARB2	4	0.73141	0.82826	0.999995	779	1	-0.18485	0.70114	0.70063	0.999995	720	0	-0.18485
REG3A	4	0.73662	0.83016	0.999995	780	1	-0.17645	0.52923	0.52834	0.986755	566	0	-0.17645
TBC1D4	4	0.7438	0.83266	0.999995	781	1	-0.057938	0.4017	0.39975	0.973785	429	0	-0.057938
SLC25A15	4	0.74548	0.83316	0.999995	782	1	-0.24435	0.55891	0.55894	0.998827	591	0	-0.24435
RPL27A	2	0.74552	0.745	0.999995	783	1	-0.21125	0.4965	0.49452	0.974366	538	0	-0.21125
SOS2	4	0.74616	0.83332	0.999995	784	1	-0.16423	0.21287	0.21223	0.570425	196	0	-0.16423
GBP3	4	0.74716	0.8338	0.999995	785	1	-0.1954	0.56397	0.56421	0.999995	596	0	-0.1954
LIN28A	3	0.74741	0.77662	0.999995	786	1	-0.23661	0.16433	0.16441	0.570425	20	0	-0.23661
MECP2	4	0.75313	0.83593	0.999995	787	1	-0.15414	0.21287	0.21223	0.570425	74	0	-0.15414
DDX39A	4	0.75608	0.83705	0.999995	788	1	-0.15466	0.21287	0.21223	0.570425	209	0	-0.15466
RBMX	3	0.75768	0.78289	0.999995	789	1	-0.057751	0.4484	0.44732	0.973785	482	0	-0.057751
PTCH2	4	0.75867	0.83793	0.999995	790	1	-0.24708	0.75148	0.75153	0.999995	756	0	-0.24708
RBPJ	4	0.759	0.83809	0.999995	791	1	-0.14287	0.21287	0.21223	0.570425	43	0	-0.14287
ELL2	4	0.75964	0.83836	0.999995	792	1	-0.2897	0.21287	0.21223	0.570425	250	0	-0.2897
BECN2	4	0.76093	0.839	0.999995	793	1	-0.16747	0.70529	0.70452	0.999995	721	0	-0.16747
SRI	4	0.76125	0.83916	0.999995	794	1	-0.16629	0.21287	0.21223	0.570425	204	0	-0.16629
EPHA3	4	0.76476	0.84038	0.999995	795	1	-0.16288	0.21287	0.21223	0.570425	231	0	-0.16288
CBLL2	4	0.76697	0.84136	0.999995	796	1	-0.22752	0.4385	0.43768	0.973785	470	0	-0.22752
EXOC6B	4	0.76728	0.84152	0.999995	797	1	-0.25016	0.21287	0.21223	0.570425	237	0	-0.25016
FOXA1	4	0.77072	0.84291	0.999995	798	1	-0.18941	0.71676	0.71604	0.999995	730	0	-0.18941
MYCN	4	0.77166	0.84324	0.999995	799	1	-0.17425	0.55942	0.55956	0.998827	592	0	-0.17425
MBP	4	0.77289	0.84382	0.999995	800	1	-0.22427	0.21287	0.21223	0.570425	76	0	-0.22427
DEGS1	4	0.77658	0.8451	0.999995	801	1	-0.088804	0.39914	0.39747	0.973785	426	0	-0.088804
KHSRP	4	0.77749	0.84552	0.999995	802	1	-0.255	0.21287	0.21223	0.570425	344	0	-0.255
AHCYL2	4	0.78022	0.84662	0.999995	803	1	-0.092796	0.21287	0.21223	0.570425	267	0	-0.092796
LNX2	4	0.78052	0.84672	0.999995	804	1	-0.017037	0.21287	0.21223	0.570425	334	0	-0.017037
POLD1	4	0.78202	0.84737	0.999995	805	1	-0.16075	0.21287	0.21223	0.570425	26	0	-0.16075
ACACA	4	0.7844	0.84823	0.999995	806	1	-0.28851	0.79028	0.79142	0.999995	794	0	-0.28851
DNAJC19	3	0.78453	0.8014	0.999995	807	1	0	0.16433	0.16441	0.570425	6	0	0
CDS1	4	0.7847	0.84838	0.999995	808	1	-0.19355	0.21287	0.21223	0.570425	298	0	-0.19355
SP110	4	0.78618	0.84883	0.999995	809	1	-0.15892	0.44396	0.44335	0.973785	477	0	-0.15892
TMEM120B	4	0.78795	0.8494	0.999995	810	1	-0.13268	0.5579	0.5577	0.998827	590	0	-0.13268
RPL3L	4	0.78999	0.85036	0.999995	811	1	-0.18936	0.6422	0.64122	0.999995	663	0	-0.18936
ENOX1	4	0.79115	0.85082	0.999995	812	1	-0.1241	0.21287	0.21223	0.570425	233	0	-0.1241
VRTN	4	0.7949	0.85234	0.999995	813	1	-0.19369	0.53876	0.53792	0.99071	575	0	-0.19369
CRX	4	0.79519	0.85244	0.999995	814	1	-0.078924	0.21287	0.21223	0.570425	221	0	-0.078924
ATM	4	0.79859	0.85392	0.999995	815	1	-0.13198	0.50254	0.50132	0.977709	543	0	-0.13198
BECN1	4	0.79916	0.85404	0.999995	816	1	-0.29065	0.62135	0.62027	0.999995	648	0	-0.29065
SPHKAP	4	0.8039	0.8561	0.999995	817	1	-0.036364	0.21287	0.21223	0.570425	194	0	-0.036364
CBLL1	4	0.80418	0.85631	0.999995	818	1	-0.24899	0.56598	0.56608	0.999995	598	0	-0.24899
RPL31	2	0.80647	0.80566	0.999995	819	0	-0.34132	0.51302	0.51136	0.983981	550	0	-0.34132
FNIP1	4	0.80693	0.85769	0.999995	820	1	-0.025854	0.21287	0.21223	0.570425	372	0	-0.025854
KRT38	4	0.80747	0.85795	0.999995	821	1	-0.21533	0.63255	0.63165	0.999995	652	0	-0.21533
DYNLT3	4	0.81261	0.86027	0.999995	822	1	-0.23082	0.21287	0.21223	0.570425	242	0	-0.23082
DPCR1	4	0.81367	0.86068	0.999995	823	1	-0.18518	0.21287	0.21223	0.570425	213	0	-0.18518
CAV1	4	0.81474	0.8611	0.999995	824	1	-0.1402	0.21287	0.21223	0.570425	291	0	-0.1402
SMARCA1	4	0.81685	0.86196	0.999995	825	1	-0.12166	0.45416	0.45369	0.973785	491	0	-0.12166
GBX1	4	0.81894	0.86273	0.999995	826	1	-0.19798	0.21287	0.21223	0.570425	363	0	-0.19798
LBX1	4	0.82076	0.86351	0.999995	827	1	-0.068764	0.21287	0.21223	0.570425	330	0	-0.068764
DCAF8L1	4	0.82537	0.86549	0.999995	828	1	-0.10005	0.45058	0.4498	0.973785	486	0	-0.10005
SLITRK1	4	0.82714	0.86634	0.999995	829	1	-0.24423	0.65926	0.65859	0.999995	682	0	-0.24423
RNF2	3	0.82825	0.83388	0.999995	830	1	-0.28849	0.16433	0.16441	0.570425	19	0	-0.28849
TMEM9	4	0.83211	0.86862	0.999995	831	1	-0.1693	0.21287	0.21223	0.570425	123	0	-0.1693
RPL21	2	0.83238	0.83206	0.999995	832	0	-0.16509	0.39528	0.39285	0.973785	421	0	-0.16509
DNAJC15	4	0.83359	0.86923	0.999995	833	1	-0.095285	0.21287	0.21223	0.570425	212	0	-0.095285
NUMBL	4	0.83408	0.86947	0.999995	834	1	-0.22425	0.79057	0.79183	0.999995	795	0	-0.22425
CNOT8	3	0.83427	0.83886	0.999995	835	1	-0.24666	0.16433	0.16441	0.570425	12	0	-0.24666
LATS1	4	0.83432	0.86962	0.999995	836	1	-0.063412	0.21287	0.21223	0.570425	347	0	-0.063412
FKBP10	4	0.83602	0.87025	0.999995	837	1	-0.15024	0.57594	0.57609	0.999995	606	0	-0.15024
HMGCL	4	0.8389	0.87174	0.999995	838	1	0	0.21287	0.21223	0.570425	351	0	0
TYMS	4	0.83962	0.87205	0.999995	839	1	-0.10236	0.21287	0.21223	0.570425	118	0	-0.10236
RALGPS1	4	0.83986	0.87218	0.999995	840	1	-0.054018	0.21287	0.21223	0.570425	50	0	-0.054018
ERC2	4	0.84198	0.87307	0.999995	841	1	-0.1738	0.61128	0.61043	0.999995	635	0	-0.1738
AOX1	4	0.84245	0.87325	0.999995	842	1	-0.16296	0.21287	0.21223	0.570425	275	0	-0.16296
IDH3G	4	0.84687	0.8756	0.999995	843	1	-0.089169	0.21287	0.21223	0.570425	323	0	-0.089169
PCBD2	4	0.84756	0.87597	0.999995	844	1	-0.14644	0.21287	0.21223	0.570425	89	0	-0.14644
NETO2	4	0.8532	0.87852	0.999995	845	1	0	0.21287	0.21223	0.570425	103	0	0
NOX3	4	0.85563	0.87987	0.999995	846	1	-0.24786	0.65123	0.65067	0.999995	675	0	-0.24786
GALNT2	4	0.85607	0.88001	0.999995	847	1	-0.14022	0.21287	0.21223	0.570425	354	0	-0.14022
PAPSS2	4	0.85629	0.88011	0.999995	848	1	-0.19944	0.60896	0.6081	0.999995	634	0	-0.19944
MTMR3	4	0.85825	0.88106	0.999995	849	1	-0.23847	0.21287	0.21223	0.570425	79	0	-0.23847
GPR151	4	0.85955	0.88174	0.999995	850	1	-0.055781	0.44093	0.4403	0.973785	474	0	-0.055781
PTPN11	4	0.85977	0.88186	0.999995	851	1	-0.27534	0.40679	0.40527	0.973785	436	0	-0.27534
NUMB	4	0.8602	0.88205	0.999995	852	1	-0.14239	0.61725	0.61614	0.999995	643	0	-0.14239
AQP8	4	0.86233	0.88328	0.999995	853	1	-0.065262	0.21287	0.21223	0.570425	272	0	-0.065262
PLCG1	4	0.86402	0.8842	0.999995	854	1	-0.22623	0.21287	0.21223	0.570425	91	0	-0.22623
ZG16	4	0.86632	0.88539	0.999995	855	1	-0.3576	0.77597	0.77695	0.999995	776	0	-0.3576
ALAS2	4	0.86673	0.88562	0.999995	856	1	-0.14487	0.45654	0.45592	0.973785	494	0	-0.14487
CD163L1	4	0.86838	0.88653	0.999995	857	1	-0.047848	0.49808	0.49698	0.974633	540	0	-0.047848
STT3A	4	0.86879	0.88676	0.999995	858	1	-0.26035	0.79318	0.79451	0.999995	799	0	-0.26035
PSEN2	4	0.86961	0.88712	0.999995	859	1	-0.21532	0.49358	0.49268	0.974366	535	0	-0.21532
UNC45A	4	0.86981	0.88723	0.999995	860	1	-0.18462	0.42931	0.42833	0.973785	458	0	-0.18462
GXYLT2	4	0.87403	0.88999	0.999995	861	1	-0.13349	0.21287	0.21223	0.570425	384	0	-0.13349
TMEM185B	4	0.87522	0.89069	0.999995	862	1	-0.13471	0.55073	0.54993	0.998161	583	0	-0.13471
MTA3	4	0.87561	0.89096	0.999995	863	1	-0.1136	0.21287	0.21223	0.570425	84	0	-0.1136
SERPINA9	4	0.87795	0.89232	0.999995	864	1	-0.030307	0.4225	0.4215	0.973785	452	0	-0.030307
PPP2R1B	4	0.87854	0.8926	0.999995	865	1	-0.031039	0.21287	0.21223	0.570425	34	0	-0.031039
INTS6L	4	0.88007	0.89343	0.999995	866	1	-0.063627	0.21287	0.21223	0.570425	303	0	-0.063627
CADPS2	4	0.88026	0.89356	0.999995	867	1	-0.1402	0.21287	0.21223	0.570425	278	0	-0.1402
CAB39	4	0.88084	0.89401	0.999995	868	1	-0.019989	0.21287	0.21223	0.570425	262	0	-0.019989
TRIM25	4	0.88197	0.89462	0.999995	869	1	-0.22163	0.21287	0.21223	0.570425	113	0	-0.22163
HRH1	4	0.88385	0.89577	0.999995	870	1	-0.01759	0.21287	0.21223	0.570425	316	0	-0.01759
KCNT2	4	0.88441	0.89601	0.999995	871	1	-0.087897	0.49133	0.49038	0.974366	532	0	-0.087897
ZNF418	4	0.88497	0.89625	0.999995	872	1	-0.15124	0.21287	0.21223	0.570425	144	0	-0.15124
TBC1D26	2	0.88603	0.8856	0.999995	873	0	-0.10906	0.27164	0.27094	0.726394	395	0	-0.10906
RNF144A	4	0.88608	0.89699	0.999995	874	1	-0.12083	0.21287	0.21223	0.570425	59	0	-0.12083
FAM126A	4	0.88663	0.89738	0.999995	875	1	-0.15801	0.41876	0.4175	0.973785	447	0	-0.15801
SEC23A	4	0.88718	0.89782	0.999995	876	1	-0.14903	0.50753	0.50655	0.981764	546	0	-0.14903
ERN2	4	0.88736	0.89796	0.999995	877	1	-0.15312	0.21287	0.21223	0.570425	240	0	-0.15312
FEZ2	4	0.88827	0.89849	0.999995	878	1	-0.13138	0.59485	0.59464	0.999995	621	0	-0.13138
PSEN1	4	0.89079	0.90029	0.999995	879	1	-0.24904	0.21287	0.21223	0.570425	29	0	-0.24904
XYLT1	4	0.89168	0.9009	0.999995	880	1	-0.2984	0.21287	0.21223	0.570425	152	0	-0.2984
NDE1	4	0.89309	0.90204	0.999995	881	1	-0.23836	0.21287	0.21223	0.570425	67	0	-0.23836
RYBP	3	0.89338	0.89302	0.999995	882	0	-0.31661	0.16433	0.16441	0.570425	22	0	-0.31661
PLD1	4	0.89553	0.90359	0.999995	883	1	-0.23135	0.46774	0.4673	0.974366	507	0	-0.23135
TREML4	3	0.89605	0.89569	0.999995	884	0	-0.0037905	0.16433	0.16441	0.570425	14	0	-0.0037905
JAG2	4	0.89621	0.90395	0.999995	885	1	-0.12455	0.21287	0.21223	0.570425	311	0	-0.12455
CAT	4	0.8969	0.90445	0.999995	886	1	-0.15461	0.21287	0.21223	0.570425	296	0	-0.15461
TAS1R2	4	0.89724	0.90468	0.999995	887	1	-0.093381	0.47877	0.4776	0.974366	517	0	-0.093381
DMD	4	0.89877	0.90584	0.999995	888	1	-0.25692	0.55993	0.56004	0.998827	593	0	-0.25692
ALG14	4	0.8996	0.90646	0.999995	889	1	-0.22185	0.40361	0.40173	0.973785	431	0	-0.22185
GALNT5	4	0.90242	0.90834	0.999995	890	1	-0.22827	0.74515	0.7447	0.999995	750	0	-0.22827
ZMAT2	4	0.90356	0.90918	0.999995	891	1	-0.067923	0.21287	0.21223	0.570425	136	0	-0.067923
PHLDA1	4	0.90645	0.91108	0.999995	892	1	0	0.21287	0.21223	0.570425	95	0	0
SUV39H1	4	0.90661	0.91113	0.999995	893	1	-0.15095	0.58765	0.58774	0.999995	616	0	-0.15095
TFDP3	4	0.90677	0.91123	0.999995	894	1	-0.23655	0.84057	0.84236	0.999995	838	0	-0.23655
SPTAN1	4	0.90725	0.91163	0.999995	895	1	-0.25413	0.41311	0.41179	0.973785	441	0	-0.25413
TYROBP	4	0.90835	0.91259	0.999995	896	1	-0.10394	0.48451	0.4837	0.974366	525	0	-0.10394
GRIP1	4	0.90944	0.9133	0.999995	897	1	-0.30889	0.83771	0.83941	0.999995	836	0	-0.30889
KRT74	4	0.90959	0.91345	0.999995	898	1	-0.22231	0.21287	0.21223	0.570425	350	0	-0.22231
TBK1	4	0.91021	0.91396	0.999995	899	1	-0.22351	0.21287	0.21223	0.570425	187	0	-0.22351
TBR1	4	0.91082	0.91437	0.999995	900	1	-0.17108	0.21287	0.21223	0.570425	192	0	-0.17108
RCBTB2	4	0.9125	0.91576	0.999995	901	1	-0.11134	0.53083	0.53001	0.986755	568	0	-0.11134
DLL1	4	0.91295	0.91611	0.999995	902	1	-0.13383	0.21287	0.21223	0.570425	215	0	-0.13383
YIPF7	4	0.91414	0.91683	0.999995	903	1	-0.15694	0.45773	0.45698	0.973785	496	0	-0.15694
CYP2A6	4	0.91459	0.91723	0.999995	904	1	-0.12698	0.21287	0.21223	0.570425	227	0	-0.12698
NKAPL	4	0.91737	0.91935	0.999995	905	1	-0.16705	0.21287	0.21223	0.570425	98	0	-0.16705
SCN10A	4	0.91766	0.9195	0.999995	906	1	-0.25424	0.21287	0.21223	0.570425	180	0	-0.25424
RSPH1	4	0.91881	0.92049	0.999995	907	1	-0.088236	0.21287	0.21223	0.570425	32	0	-0.088236
ULK2	4	0.91895	0.92059	0.999995	908	1	-0.22482	0.21287	0.21223	0.570425	133	0	-0.22482
TOMM20	3	0.91994	0.91924	0.999995	909	0	-0.084573	0.16433	0.16441	0.570425	15	0	-0.084573
DDI1	8	0.9206	0.97007	0.999995	910	1	-0.14389	0.38043	0.38069	0.973785	403	0	-0.14389
ATP6V1E2	4	0.92065	0.92199	0.999995	911	1	-0.18246	0.21287	0.21223	0.570425	254	0	-0.18246
CDK16	4	0.92205	0.92321	0.999995	912	1	-0.088712	0.21287	0.21223	0.570425	302	0	-0.088712
PDLIM5	4	0.92301	0.92409	0.999995	913	1	-0.20353	0.21287	0.21223	0.570425	87	0	-0.20353
ENOX2	4	0.92342	0.92435	0.999995	914	1	-0.11948	0.21287	0.21223	0.570425	234	0	-0.11948
CLCA1	4	0.92369	0.92451	0.999995	915	1	-0.23235	0.64695	0.6465	0.999995	670	0	-0.23235
ADARB1	4	0.92424	0.92512	0.999995	916	1	-0.087342	0.50476	0.50363	0.978608	545	0	-0.087342
KLF5	4	0.92451	0.92538	0.999995	917	1	-0.12609	0.21287	0.21223	0.570425	348	0	-0.12609
TIRAP	4	0.92464	0.92551	0.999995	918	1	-0.14073	0.53136	0.53054	0.986755	569	0	-0.14073
SBNO2	4	0.92545	0.92629	0.999995	919	1	-0.11471	0.21287	0.21223	0.570425	179	0	-0.11471
GOLT1A	4	0.92638	0.92699	0.999995	920	1	-0.086362	0.41185	0.41048	0.973785	439	0	-0.086362
DZIP1L	4	0.92678	0.9273	0.999995	921	1	-0.046769	0.21287	0.21223	0.570425	243	0	-0.046769
SMAP2	4	0.92691	0.92739	0.999995	922	1	-0.22947	0.21287	0.21223	0.570425	165	0	-0.22947
OGDHL	4	0.92704	0.92753	0.999995	923	1	-0.10546	0.21287	0.21223	0.570425	105	0	-0.10546
FRS2	4	0.92757	0.92809	0.999995	924	1	-0.13998	0.21287	0.21223	0.570425	356	0	-0.13998
FRYL	4	0.9277	0.9282	0.999995	925	1	-0.078811	0.21287	0.21223	0.570425	357	0	-0.078811
SNX6	4	0.92926	0.92964	0.999995	926	1	-0.20152	0.55381	0.55324	0.998827	586	0	-0.20152
TRPC7	4	0.92977	0.93006	0.999995	927	1	-0.22453	0.47762	0.47652	0.974366	516	0	-0.22453
CHSY1	4	0.9299	0.93026	0.999995	928	1	-0.07619	0.21287	0.21223	0.570425	280	0	-0.07619
GRHL2	4	0.93117	0.93152	0.999995	929	1	-0.26315	0.21287	0.21223	0.570425	394	0	-0.26315
ATAD2B	4	0.9313	0.93157	0.999995	930	1	-0.15707	0.41625	0.4149	0.973785	444	0	-0.15707
TPBG	4	0.93155	0.93176	0.999995	931	1	-0.1793	0.21287	0.21223	0.570425	130	0	-0.1793
ZNF146	4	0.93292	0.93311	0.999995	932	1	-0.060561	0.21287	0.21223	0.570425	134	0	-0.060561
PIP4P1	4	0.93488	0.93505	0.999995	933	1	-0.24042	0.21287	0.21223	0.570425	96	0	-0.24042
SHCBP1L	4	0.93596	0.93609	0.999995	934	1	-0.27969	0.78999	0.79113	0.999995	793	0	-0.27969
RRAGD	4	0.93644	0.93648	0.999995	935	1	-0.23963	0.85253	0.85415	0.999995	849	0	-0.23963
SUV39H2	3	0.93722	0.93657	0.999995	936	0	-0.10633	0.16433	0.16441	0.570425	10	0	-0.10633
ARHGEF3	4	0.9375	0.93733	0.999995	937	1	-0.19573	0.80992	0.81211	0.999995	815	0	-0.19573
LNX1	4	0.9389	0.93867	0.999995	938	0	-0.10821	0.44878	0.4482	0.973785	483	0	-0.10821
EXOC6	4	0.93993	0.93979	0.999995	939	0	-0.086104	0.21287	0.21223	0.570425	236	0	-0.086104
AP2A2	4	0.94117	0.94099	0.999995	940	0	-0.22914	0.82864	0.83057	0.999995	829	0	-0.22914
LMBR1L	4	0.94128	0.94109	0.999995	941	0	-0.12487	0.21287	0.21223	0.570425	333	0	-0.12487
RPS7	1	0.94192	0.94215	0.999995	942	0	0	0.058085	0.058541	0.570425	1	0	0
ARID4A	4	0.94195	0.94173	0.999995	943	0	-0.14799	0.42869	0.4277	0.973785	457	0	-0.14799
SEC11A	4	0.94273	0.94252	0.999995	944	0	-0.14008	0.45951	0.45899	0.973785	498	0	-0.14008
STX17	4	0.94305	0.94281	0.999995	945	0	-0.13542	0.21287	0.21223	0.570425	193	0	-0.13542
CDK19	8	0.94386	0.97756	0.999995	946	2	-0.17096	0.38043	0.38069	0.973785	413	0	-0.17096
RAD17	3	0.94397	0.94338	0.999995	947	0	-0.1688	0.3418	0.33982	0.906464	397	0	-0.1688
SEC14L3	4	0.94403	0.94384	0.999995	948	0	-0.033406	0.21287	0.21223	0.570425	178	0	-0.033406
KAT6B	4	0.94457	0.94449	0.999995	949	0	-0.22763	0.21287	0.21223	0.570425	343	0	-0.22763
RSC1A1	4	0.94606	0.94594	0.999995	950	0	-0.14577	0.21287	0.21223	0.570425	35	0	-0.14577
SATB1	4	0.94658	0.94654	0.999995	951	0	-0.10494	0.21287	0.21223	0.570425	171	0	-0.10494
JAG1	4	0.9471	0.94713	0.999995	952	0	-0.17638	0.63828	0.63732	0.999995	656	0	-0.17638
TNKS	4	0.94741	0.94745	0.999995	953	0	-0.21466	0.58134	0.5813	0.999995	610	0	-0.21466
NR2E1	4	0.94792	0.94805	0.999995	954	0	-0.088041	0.21287	0.21223	0.570425	99	0	-0.088041
IDH3B	4	0.94833	0.94852	0.999995	955	0	-0.17335	0.21287	0.21223	0.570425	321	0	-0.17335
HRH3	4	0.94994	0.95026	0.999995	956	0	-0.22071	0.21287	0.21223	0.570425	317	0	-0.22071
TAF9B	2	0.95118	0.95069	0.999995	957	0	-0.051553	0.1128	0.11311	0.570425	3	0	-0.051553
ATP7B	4	0.95314	0.95373	0.999995	958	0	-0.19992	0.21287	0.21223	0.570425	256	0	-0.19992
STAM2	4	0.95454	0.95512	0.999995	959	0	0	0.21287	0.21223	0.570425	200	0	0
GSX2	4	0.95537	0.95591	0.999995	960	0	-0.11054	0.21287	0.21223	0.570425	376	0	-0.11054
SHMT2	4	0.9576	0.95818	0.999995	961	0	-0.17882	0.21287	0.21223	0.570425	160	0	-0.17882
CHM	4	0.95795	0.95845	0.999995	962	0	-0.095741	0.21287	0.21223	0.570425	283	0	-0.095741
TMEM30B	4	0.95847	0.95889	0.999995	963	0	-0.19483	0.21287	0.21223	0.570425	122	0	-0.19483
CLTCL1	4	0.95899	0.95939	0.999995	964	0	-0.12179	0.21287	0.21223	0.570425	288	0	-0.12179
UBQLN3	4	0.95967	0.96018	0.999995	965	0	-0.11915	0.69076	0.68998	0.999995	711	0	-0.11915
TTC7B	4	0.95992	0.96047	0.999995	966	0	-0.15096	0.21287	0.21223	0.570425	115	0	-0.15096
GOLT1B	4	0.96001	0.96057	0.999995	967	0	-0.099906	0.21287	0.21223	0.570425	387	0	-0.099906
CPS1	4	0.96141	0.96194	0.999995	968	0	-0.13786	0.55484	0.55437	0.998827	587	0	-0.13786
FAM126B	4	0.96198	0.96238	0.999995	969	0	-0.17651	0.44275	0.44202	0.973785	476	0	-0.17651
ZNF521	4	0.96271	0.96307	0.999995	970	0	-0.14802	0.21287	0.21223	0.570425	142	0	-0.14802
MPC1	4	0.9631	0.96351	0.999995	971	0	-0.23648	0.71639	0.71569	0.999995	729	0	-0.23648
MRGPRX2	4	0.96396	0.96439	0.999995	972	0	-0.12542	0.59246	0.59234	0.999995	620	0	-0.12542
MAT1A	4	0.96404	0.96447	0.999995	973	0	-0.18835	0.73869	0.73834	0.999995	746	0	-0.18835
LIF	4	0.96412	0.96458	0.999995	974	0	-0.19252	0.21287	0.21223	0.570425	328	0	-0.19252
FSD1L	4	0.96458	0.96505	0.999995	975	0	-0.18098	0.21287	0.21223	0.570425	352	0	-0.18098
NCK1	4	0.96466	0.9651	0.999995	976	0	-0.14452	0.42684	0.42577	0.973785	455	0	-0.14452
FRY	4	0.96504	0.96541	0.999995	977	0	-0.043965	0.46423	0.4638	0.974366	503	0	-0.043965
DRD3	4	0.96572	0.96615	0.999995	978	0	-0.16396	0.21287	0.21223	0.570425	229	0	-0.16396
HMSD	4	0.96624	0.96661	0.999995	979	0	-0.078626	0.21287	0.21223	0.570425	319	0	-0.078626
ARFIP1	4	0.96668	0.96706	0.999995	980	0	-0.14882	0.21287	0.21223	0.570425	274	0	-0.14882
NBEAL1	4	0.96683	0.96717	0.999995	981	0	-0.092674	0.21287	0.21223	0.570425	61	0	-0.092674
SLC25A2	4	0.96712	0.96743	0.999995	982	0	-0.11875	0.61542	0.61426	0.999995	640	0	-0.11875
POU5F2	4	0.96762	0.96805	0.999995	983	0	-0.056012	0.21287	0.21223	0.570425	36	0	-0.056012
KRT37	4	0.96812	0.96855	0.999995	984	0	-0.22081	0.6626	0.66174	0.999995	684	0	-0.22081
CDK17	4	0.96826	0.96865	0.999995	985	0	-0.025863	0.21287	0.21223	0.570425	297	0	-0.025863
LDB2	4	0.9684	0.96873	0.999995	986	0	-0.1996	0.71858	0.71783	0.999995	731	0	-0.1996
SPOPL	4	0.96875	0.96906	0.999995	987	0	-0.16071	0.21287	0.21223	0.570425	195	0	-0.16071
GPR183	4	0.96889	0.96921	0.999995	988	0	-0.052392	0.21287	0.21223	0.570425	391	0	-0.052392
ZDHHC17	4	0.9691	0.96939	0.999995	989	0	-0.08903	0.44032	0.43957	0.973785	473	0	-0.08903
TAF1L	3	0.96942	0.96877	0.999995	990	0	0	0.16433	0.16441	0.570425	11	0	0
PDS5B	4	0.97019	0.9704	0.999995	991	0	-0.20545	0.49975	0.49852	0.975184	541	0	-0.20545
TLN2	4	0.97046	0.97064	0.999995	992	0	-0.092704	0.21287	0.21223	0.570425	126	0	-0.092704
ZNF260	4	0.97093	0.97111	0.999995	993	0	-0.0080491	0.21287	0.21223	0.570425	139	0	-0.0080491
HTR3D	4	0.97112	0.97131	0.999995	994	0	-0.15283	0.60664	0.60585	0.999995	632	0	-0.15283
ITSN1	4	0.97139	0.9715	0.999995	995	0	-0.2398	0.56899	0.56945	0.999995	601	0	-0.2398
RC3H1	4	0.97242	0.97254	0.999995	996	0	-0.088075	0.21287	0.21223	0.570425	44	0	-0.088075
FKBP5	4	0.97248	0.97257	0.999995	997	0	-0.16983	0.21287	0.21223	0.570425	366	0	-0.16983
RTP1	4	0.97254	0.97266	0.999995	998	0	-0.16535	0.5958	0.59561	0.999995	622	0	-0.16535
AMELX	4	0.97273	0.97283	0.999995	999	0	-0.14371	0.42992	0.42893	0.973785	459	0	-0.14371
RAP1GAP2	4	0.97348	0.97356	0.999995	1000	0	-0.14314	0.6435	0.6428	0.999995	664	0	-0.14314
CTCFL	4	0.97451	0.97464	0.999995	1001	0	-0.14155	0.40488	0.40336	0.973785	433	0	-0.14155
ZDHHC13	4	0.97481	0.97493	0.999995	1002	0	-0.11822	0.21287	0.21223	0.570425	137	0	-0.11822
FAM50B	4	0.97487	0.97499	0.999995	1003	0	-0.12738	0.39271	0.39104	0.973785	418	0	-0.12738
IAPP	4	0.97534	0.97539	0.999995	1004	0	-0.24526	0.21287	0.21223	0.570425	325	0	-0.24526
KCNG4	4	0.9754	0.97548	0.999995	1005	0	-0.24184	0.65378	0.65323	0.999995	679	0	-0.24184
CLIP4	4	0.97586	0.97588	0.999995	1006	0	-0.03464	0.21287	0.21223	0.570425	281	0	-0.03464
TCF12	4	0.97592	0.97594	0.999995	1007	0	-0.12667	0.21287	0.21223	0.570425	188	0	-0.12667
SMC1B	4	0.9771	0.97719	0.999995	1008	0	-0.095893	0.21287	0.21223	0.570425	181	0	-0.095893
FLNB	4	0.97727	0.97735	0.999995	1009	0	-0.15661	0.43115	0.4302	0.973785	461	0	-0.15661
TXNDC8	4	0.97738	0.97746	0.999995	1010	0	-0.00088818	0.21287	0.21223	0.570425	120	0	-0.00088818
PPP3CA	4	0.97792	0.97802	0.999995	1011	0	-0.12368	0.21287	0.21223	0.570425	33	0	-0.12368
CLASP2	4	0.97797	0.97808	0.999995	1012	0	-0.10045	0.41688	0.41549	0.973785	445	0	-0.10045
DCAF4L2	4	0.97803	0.97811	0.999995	1013	0	-0.051077	0.21287	0.21223	0.570425	224	0	-0.051077
SEC31A	4	0.97814	0.97821	0.999995	1014	0	-0.085179	0.21287	0.21223	0.570425	176	0	-0.085179
DENND5B	4	0.97845	0.97853	0.999995	1015	0	-0.064163	0.21287	0.21223	0.570425	205	0	-0.064163
SUSD1	4	0.97924	0.97928	0.999995	1016	0	-0.14752	0.21287	0.21223	0.570425	186	0	-0.14752
ITSN2	4	0.98024	0.98032	0.999995	1017	0	-0.12751	0.21287	0.21223	0.570425	310	0	-0.12751
TPRX1	4	0.98029	0.98036	0.999995	1018	0	-0.12286	0.52495	0.52422	0.986063	563	0	-0.12286
IPO8	4	0.98064	0.98063	0.999995	1019	0	-0.066413	0.21287	0.21223	0.570425	305	0	-0.066413
PPP3R1	4	0.98117	0.98118	0.999995	1020	0	-0.042236	0.43422	0.43343	0.973785	466	0	-0.042236
IL6ST	4	0.98233	0.98223	0.999995	1021	0	-0.071945	0.21287	0.21223	0.570425	307	0	-0.071945
RPRD1B	4	0.98247	0.98242	0.999995	1022	0	-0.12427	0.42374	0.42285	0.973785	454	0	-0.12427
AIPL1	4	0.98251	0.98246	0.999995	1023	0	-0.10436	0.41938	0.41814	0.973785	448	0	-0.10436
PRKAB1	4	0.98269	0.98261	0.999995	1024	0	-0.17701	0.21287	0.21223	0.570425	31	0	-0.17701
VANGL1	4	0.98348	0.98353	0.999995	1025	0	-0.1138	0.47531	0.47442	0.974366	513	0	-0.1138
LIMK2	4	0.98417	0.98437	0.999995	1026	0	-0.15722	0.21287	0.21223	0.570425	336	0	-0.15722
ERH	4	0.98612	0.98622	0.999995	1027	0	-0.062675	0.46891	0.46835	0.974366	508	0	-0.062675
MECOM	4	0.98639	0.98649	0.999995	1028	0	-0.099688	0.21287	0.21223	0.570425	73	0	-0.099688
DGAT2L6	4	0.98765	0.98776	0.999995	1029	0	-0.13036	0.21287	0.21223	0.570425	207	0	-0.13036
HTR2C	4	0.98796	0.98809	0.999995	1030	0	-0.14404	0.21287	0.21223	0.570425	324	0	-0.14404
RIC8B	4	0.9884	0.98842	0.999995	1031	0	-0.092155	0.21287	0.21223	0.570425	48	0	-0.092155
RBBP7	4	0.98843	0.98844	0.999995	1032	0	-0.08252	0.21287	0.21223	0.570425	55	0	-0.08252
CYP2C8	4	0.98866	0.98871	0.999995	1033	0	-0.0053681	0.21287	0.21223	0.570425	228	0	-0.0053681
ATP6V1E1	3	0.98897	0.98892	0.999995	1034	0	-0.074191	0.37583	0.37402	0.973785	400	0	-0.074191
TMEM185A	4	0.98914	0.98908	0.999995	1035	0	-0.013359	0.21287	0.21223	0.570425	124	0	-0.013359
NSDHL	4	0.98924	0.98913	0.999995	1036	0	-0.16329	0.21287	0.21223	0.570425	108	0	-0.16329
RANBP6	3	0.98955	0.98965	0.999995	1037	0	-0.037866	0.16433	0.16441	0.570425	8	0	-0.037866
SAR1B	4	0.98964	0.98957	0.999995	1038	0	-0.022691	0.21287	0.21223	0.570425	170	0	-0.022691
CNOT6L	4	0.99061	0.99057	0.999995	1039	0	-0.093986	0.21287	0.21223	0.570425	289	0	-0.093986
MAP4K4	4	0.99151	0.9914	0.999995	1040	0	0	0.21287	0.21223	0.570425	312	0	0
SPTLC3	4	0.99224	0.99214	0.999995	1041	0	-0.086752	0.21287	0.21223	0.570425	203	0	-0.086752
CTNNB1	4	0.99261	0.99253	0.999995	1042	0	-0.0025477	0.21287	0.21223	0.570425	218	0	-0.0025477
GYS2	4	0.99302	0.99294	0.999995	1043	0	-0.1232	0.21287	0.21223	0.570425	385	0	-0.1232
ANXA1	4	0.99366	0.99356	0.999995	1044	0	-0.068228	0.53189	0.53111	0.986755	570	0	-0.068228
SLC35F4	4	0.99368	0.99358	0.999995	1045	0	-0.04831	0.21287	0.21223	0.570425	166	0	-0.04831
PLD2	4	0.9937	0.99359	0.999995	1046	0	-0.062157	0.21287	0.21223	0.570425	93	0	-0.062157
ALAS1	8	0.99552	0.99547	0.999995	1047	1	-0.055608	0.38043	0.38069	0.973785	401	0	-0.055608
FEZ1	4	0.99561	0.99566	0.999995	1048	0	-0.036679	0.21287	0.21223	0.570425	365	0	-0.036679
MPC1L	4	0.99587	0.99587	0.999995	1049	0	-0.015278	0.21287	0.21223	0.570425	82	0	-0.015278
NXT2	4	0.99615	0.99611	0.999995	1050	0	-0.072936	0.21287	0.21223	0.570425	104	0	-0.072936
DYNLRB2	4	0.99716	0.99726	0.999995	1051	0	-0.055778	0.21287	0.21223	0.570425	246	0	-0.055778
NCBP2L	4	0.99734	0.99738	0.999995	1052	0	0	0.21287	0.21223	0.570425	69	0	0
RANBP17	4	0.99775	0.99776	0.999995	1053	0	-0.056444	0.21287	0.21223	0.570425	58	0	-0.056444
GPR50	4	0.99834	0.99845	0.999995	1054	0	-0.017079	0.21287	0.21223	0.570425	392	0	-0.017079
G3BP2	4	0.99855	0.99862	0.999995	1055	0	-0.051497	0.21287	0.21223	0.570425	353	0	-0.051497
RC3H2	4	0.99916	0.99928	0.999995	1056	0	0	0.21287	0.21223	0.570425	42	0	0
ARHGEF6	4	0.99964	0.99962	0.999995	1057	0	0	0.21287	0.21223	0.570425	257	0	0
TP53	4	0.99999	1.0	0.999995	1058	0	0	0.21287	0.21223	0.570425	132	0	0
ATP7A	4	0.99999	1.0	0.999995	1059	0	0	0.21287	0.21223	0.570425	255	0	0
