id	num	neg|score	neg|p-value	neg|fdr	neg|rank	neg|goodsgrna	neg|lfc	pos|score	pos|p-value	pos|fdr	pos|rank	pos|goodsgrna	pos|lfc
RRM1	16	2.474e-14	4.6703e-06	0.000225	1	16	-1.1905	1.0	1.0	0.999995	1060	0	-1.1905
MYC	16	2.3595e-12	4.6703e-06	0.000225	2	15	-1.2309	1.0	1.0	0.999995	1057	0	-1.2309
TUBB4B	16	1.7895e-11	4.6703e-06	0.000225	3	15	-1.0607	0.9855	0.98633	0.999995	934	0	-1.0607
PRPF8	8	1.1456e-10	4.6703e-06	0.000225	4	8	-1.26	1.0	1.0	0.999995	1052	0	-1.26
CKAP5	16	3.2869e-10	4.6703e-06	0.000225	5	16	-1.1013	1.0	1.0	0.999995	1058	0	-1.1013
TOMM40	14	5.0586e-10	4.6703e-06	0.000225	6	14	-0.79607	1.0	1.0	0.999995	1059	0	-0.79607
RPL3	14	9.0916e-10	4.6703e-06	0.000225	7	13	-1.277	0.99999	0.99999	0.999995	1030	0	-1.277
POLR2L	8	1.6185e-08	4.6703e-06	0.000225	8	8	-1.1801	1.0	1.0	0.999995	1056	0	-1.1801
TOP2A	8	1.6761e-08	4.6703e-06	0.000225	9	8	-1.1436	1.0	1.0	0.999995	1055	0	-1.1436
KIF11	8	6.5386e-08	4.6703e-06	0.000225	10	8	-1.1412	1.0	1.0	0.999995	1054	0	-1.1412
SF3B1	8	6.5611e-08	4.6703e-06	0.000225	11	8	-1.1607	0.99998	0.99999	0.999995	1024	0	-1.1607
RPL8	8	7.5085e-08	4.6703e-06	0.000225	12	8	-1.2059	1.0	1.0	0.999995	1043	0	-1.2059
DYNLRB1	7	7.8173e-08	4.6703e-06	0.000225	13	7	-1.1179	1.0	1.0	0.999995	1053	0	-1.1179
NAA10	8	1.3973e-07	4.6703e-06	0.000225	14	8	-1.1919	1.0	1.0	0.999995	1038	0	-1.1919
GAPDH	8	1.8519e-07	4.6703e-06	0.000225	15	8	-1.0075	1.0	1.0	0.999995	1051	0	-1.0075
SIN3A	8	1.9373e-07	4.6703e-06	0.000225	16	8	-1.005	1.0	1.0	0.999995	1050	0	-1.005
RPS19	8	3.7924e-07	4.6703e-06	0.000225	17	8	-1.0878	1.0	1.0	0.999995	1049	0	-1.0878
RPL36	8	3.8149e-07	4.6703e-06	0.000225	18	8	-0.97832	1.0	1.0	0.999995	1048	0	-0.97832
CCND1	8	4.5984e-07	4.6703e-06	0.000225	19	8	-1.2812	1.0	1.0	0.999995	1047	0	-1.2812
BUB3	8	5.1336e-07	4.6703e-06	0.000225	20	8	-1.1918	0.99997	0.99999	0.999995	1023	0	-1.1918
CCNL1	8	5.396e-07	4.6703e-06	0.000225	21	8	-1.0952	1.0	1.0	0.999995	1046	0	-1.0952
HSCB	8	5.6133e-07	4.6703e-06	0.000225	22	8	-1.1287	1.0	1.0	0.999995	1045	0	-1.1287
RPL11	7	1.0336e-06	1.4011e-05	0.00055	23	7	-1.2726	1.0	1.0	0.999995	1044	0	-1.2726
CDK7	7	1.6064e-06	1.4011e-05	0.00055	24	7	-1.1302	1.0	1.0	0.999995	1042	0	-1.1302
MED20	8	1.7152e-06	1.4011e-05	0.00055	25	8	-0.98767	1.0	1.0	0.999995	1041	0	-0.98767
MDM4	8	1.9181e-06	1.4011e-05	0.00055	26	8	-0.9759	1.0	1.0	0.999995	1040	0	-0.9759
WDR12	8	2.0713e-06	2.3351e-05	0.000798	27	8	-1.0986	1.0	1.0	0.999995	1039	0	-1.0986
ALDOA	8	2.7583e-06	3.2692e-05	0.001019	28	8	-1.1023	1.0	1.0	0.999995	1037	0	-1.1023
SOD1	8	2.9412e-06	3.2692e-05	0.001019	29	6	-1.1289	0.96618	0.96562	0.999995	902	0	-1.1289
RBBP7	8	3.1639e-06	3.2692e-05	0.001019	30	8	-0.80921	1.0	1.0	0.999995	1036	0	-0.80921
RPL13	6	3.437e-06	1.4011e-05	0.00055	31	6	-1.1893	1.0	1.0	0.999995	1035	0	-1.1893
PPP2CA	16	3.4538e-06	2.3351e-05	0.000798	32	12	-0.95846	0.96527	0.96583	0.999995	901	0	-0.95846
NAE1	16	3.6146e-06	2.3351e-05	0.000798	33	12	-0.81774	0.99779	0.99809	0.999995	977	0	-0.81774
ATP6V1B2	8	4.0802e-06	4.2033e-05	0.001114	34	8	-1.153	1.0	1.0	0.999995	1034	0	-1.153
PDS5A	8	4.3379e-06	4.2033e-05	0.001114	35	8	-0.92015	1.0	1.0	0.999995	1033	0	-0.92015
RPS23	6	4.5867e-06	2.3351e-05	0.000798	36	6	-1.1558	1.0	1.0	0.999995	1032	0	-1.1558
COPA	8	4.8919e-06	4.2033e-05	0.001114	37	8	-1.1049	0.99999	1.0	0.999995	1027	0	-1.1049
RIC8A	8	5.0455e-06	4.2033e-05	0.001114	38	8	-0.84739	0.99999	1.0	0.999995	1031	0	-0.84739
XAB2	8	5.1964e-06	4.2033e-05	0.001114	39	7	-1.0532	0.99755	0.99752	0.999995	973	0	-1.0532
SF3B3	8	5.3161e-06	4.2033e-05	0.001114	40	7	-1.2176	0.99948	0.99939	0.999995	1002	0	-1.2176
TRRAP	8	5.7546e-06	5.1373e-05	0.001238	41	8	-1.136	0.99999	1.0	0.999995	1029	0	-1.136
VMP1	8	5.8196e-06	5.1373e-05	0.001238	42	7	-0.96039	0.42829	0.42808	0.736635	231	0	-0.96039
ILF3	8	6.8533e-06	5.1373e-05	0.001238	43	7	-1.1747	0.97704	0.97647	0.999995	920	0	-1.1747
TAMM41	8	7.2171e-06	5.1373e-05	0.001238	44	7	-1.0451	0.86073	0.86009	0.999995	794	0	-1.0451
RPP21	8	9.729e-06	6.0714e-05	0.001399	45	8	-1.1234	0.99999	1.0	0.999995	1028	0	-1.1234
SEPHS1	7	1.4805e-05	6.0714e-05	0.001399	46	7	-0.94826	0.99999	1.0	0.999995	1026	0	-0.94826
EIF3B	8	1.4843e-05	0.00013544	0.002871	47	7	-0.87772	0.99917	0.99907	0.999995	992	0	-0.87772
PPP4C	8	1.6189e-05	0.00014478	0.003009	48	7	-1.038	0.91138	0.91078	0.999995	844	0	-1.038
RPL10A	7	1.8244e-05	7.0054e-05	0.00158	49	5	-1.1679	0.81957	0.81817	0.999995	750	0	-1.1679
HUS1	8	1.9972e-05	0.0001728	0.003392	50	8	-0.75862	0.99998	1.0	0.999995	1025	0	-0.75862
TUBB	6	2.0004e-05	0.0001261	0.002785	51	5	-1.203	0.9828	0.98276	0.999995	930	0	-1.203
VCP	8	2.0456e-05	0.0001728	0.003392	52	7	-1.0533	0.81724	0.81724	0.999995	747	0	-1.0533
NAA15	8	2.5417e-05	0.00023818	0.004429	53	7	-0.86474	0.98414	0.98405	0.999995	931	0	-0.86474
RPL5	7	2.6218e-05	0.00013544	0.002871	54	6	-1.0829	0.90012	0.89897	0.999995	838	0	-1.0829
NXT1	8	2.7092e-05	0.00025687	0.004615	55	8	-1.0719	0.99993	0.99994	0.999995	1017	0	-1.0719
PDS5B	8	3.0319e-05	0.00026621	0.004703	56	8	-0.90473	0.99997	0.99999	0.999995	1022	0	-0.90473
CTR9	8	3.1125e-05	0.00027555	0.004788	57	6	-1.1178	0.99414	0.99408	0.999995	961	0	-1.1178
LONP1	8	3.1585e-05	0.00028489	0.004871	58	8	-1.1527	0.99997	0.99998	0.999995	1021	0	-1.1527
RPS11	7	3.1975e-05	0.00016346	0.003332	59	7	-0.86384	0.99997	0.99998	0.999995	1020	0	-0.86384
MAT2A	8	3.3579e-05	0.00030357	0.005108	60	7	-0.67149	0.42829	0.42808	0.736635	528	0	-0.67149
RPS3	6	3.4305e-05	0.0002195	0.00423	61	5	-1.1731	0.93569	0.93653	0.999995	871	0	-1.1731
SMC1A	8	3.5774e-05	0.00031291	0.005183	62	7	-0.82113	0.95878	0.95803	0.999995	892	0	-0.82113
TIMM10	8	4.2508e-05	0.00035027	0.005626	63	6	-1.1183	0.97886	0.97825	0.999995	923	0	-1.1183
PSMB3	7	4.2587e-05	0.00022884	0.004332	64	6	-0.99486	0.99977	0.99982	0.999995	1008	0	-0.99486
DHX9	6	4.3049e-05	0.00025687	0.004615	65	6	-0.83494	0.99996	0.99997	0.999995	1019	0	-0.83494
AKIRIN2	8	4.5222e-05	0.00037829	0.005897	66	7	-0.8023	0.99982	0.99973	0.999995	1010	0	-0.8023
RFC2	8	5.4498e-05	0.00045302	0.006763	67	8	-0.97196	0.99995	0.99995	0.999995	1018	0	-0.97196
MRPL41	8	5.4831e-05	0.00045302	0.006763	68	7	-0.76642	0.99426	0.99419	0.999995	962	0	-0.76642
PPP2R1A	8	5.647e-05	0.00046236	0.006807	69	7	-0.89349	0.94972	0.94934	0.999995	885	0	-0.89349
HMGCS1	7	6.4371e-05	0.00035027	0.005626	70	6	-1.1203	0.99895	0.99895	0.999995	990	0	-1.1203
ANAPC4	8	6.5308e-05	0.00049972	0.007158	71	7	-0.81462	0.99189	0.99182	0.999995	951	0	-0.81462
RRM2	7	6.7933e-05	0.00037829	0.005897	72	4	-0.64749	0.99105	0.99075	0.999995	949	0	-0.64749
INTS6	6	6.9248e-05	0.00039697	0.006098	73	5	-1.0313	0.89032	0.89204	0.999995	828	0	-1.0313
SF1	8	7.2542e-05	0.00052774	0.007459	74	7	-1.0451	0.9701	0.96949	0.999995	909	0	-1.0451
CDK2	8	7.9619e-05	0.00057444	0.008012	75	7	-0.97282	0.42829	0.42808	0.736635	344	0	-0.97282
CLNS1A	7	9.3332e-05	0.00049038	0.007121	76	7	-0.92408	0.9999	0.99991	0.999995	1015	0	-0.92408
RPS5	8	0.00010432	0.00067719	0.009203	77	7	-0.97645	0.92822	0.92747	0.999995	865	0	-0.97645
SF3B5	8	0.00012716	0.00076126	0.010214	78	7	-1.0312	0.99601	0.99597	0.999995	967	0	-1.0312
RPL31	5	0.00012815	0.00063049	0.008679	79	4	-1.1493	0.95502	0.95556	0.999995	887	0	-1.1493
KIF20A	16	0.00013825	0.0013217	0.015115	80	12	-0.69785	0.67315	0.67251	0.999995	628	0	-0.69785
GDI2	16	0.00014206	0.0013404	0.015115	81	11	-0.67573	0.67315	0.67251	0.999995	623	0	-0.67573
MED8	8	0.00014383	0.00082664	0.010953	82	6	-0.94103	0.42829	0.42808	0.736635	58	0	-0.94103
SNRPD3	8	0.00015449	0.00092004	0.011869	83	7	-1.0593	0.89435	0.89416	0.999995	832	0	-1.0593
EIF4A3	8	0.00015673	0.00092939	0.011869	84	7	-0.96842	0.93326	0.93245	0.999995	869	0	-0.96842
MRPL38	8	0.00017176	0.0010415	0.012988	85	7	-0.80679	0.99768	0.99765	0.999995	976	0	-0.80679
CCT6A	7	0.00017193	0.00092004	0.011869	86	7	-0.92439	0.99983	0.99986	0.999995	1011	0	-0.92439
AFG3L2	6	0.00017435	0.00097609	0.012317	87	5	-1.071	0.99895	0.999	0.999995	989	0	-1.071
MED18	16	0.00018188	0.0016393	0.017552	88	11	-0.68709	0.99268	0.9934	0.999995	955	0	-0.68709
ATP5F1A	8	0.00019322	0.0011536	0.01385	89	7	-0.96383	0.88957	0.88935	0.999995	827	0	-0.96383
ATP6V1C1	8	0.00019481	0.0011536	0.01385	90	7	-0.87908	0.42829	0.42808	0.736635	455	0	-0.87908
SFPQ	8	0.00019812	0.0011629	0.01385	91	6	-0.70016	0.42829	0.42808	0.736635	269	0	-0.70016
TOMM22	7	0.00020144	0.0011442	0.01385	92	7	-1.0674	0.9998	0.99984	0.999995	1009	0	-1.0674
DDI2	8	0.00021049	0.0012096	0.01409	93	7	-0.86702	0.97666	0.97605	0.999995	918	0	-0.86702
ATP5F1B	8	0.00021057	0.0012096	0.01409	94	6	-0.87606	0.99974	0.99969	0.999995	1007	0	-0.87606
ATP6V1E1	7	0.00024487	0.0013871	0.01526	95	6	-0.87219	0.38691	0.38691	0.736635	36	0	-0.87219
RAN	7	0.00024697	0.0013964	0.01526	96	6	-1.1669	0.96922	0.96905	0.999995	908	0	-1.1669
MTG2	8	0.00025068	0.0013777	0.01526	97	7	-0.73734	0.99897	0.99894	0.999995	991	0	-0.73734
RPS8	5	0.00026	0.0013404	0.015115	98	5	-0.90408	0.99974	0.99972	0.999995	1006	0	-0.90408
SNRPB	8	0.00027038	0.0015645	0.016923	99	5	-0.97215	0.42829	0.42808	0.736635	263	0	-0.97215
ARHGEF7	8	0.00028903	0.0016766	0.017772	100	5	-1.0083	0.42829	0.42808	0.736635	407	0	-1.0083
NCKAP1	8	0.00032507	0.0019662	0.020433	101	7	-0.79973	0.99756	0.99753	0.999995	974	0	-0.79973
NKAP	8	0.00032822	0.0019942	0.020523	102	7	-0.75539	0.99058	0.99036	0.999995	948	0	-0.75539
FOSL1	6	0.00034234	0.0017981	0.018871	103	6	-0.88329	0.99966	0.99969	0.999995	1004	0	-0.88329
USP5	8	0.00034501	0.0021156	0.021563	104	6	-1.0839	0.93783	0.93717	0.999995	873	0	-1.0839
SF3B2	8	0.00035917	0.0021997	0.022207	105	5	-0.98068	0.42829	0.42808	0.736635	266	0	-0.98068
SEPHS2	8	0.00037599	0.0023118	0.023118	106	6	-1.0148	0.91607	0.91541	0.999995	848	0	-1.0148
TLN1	8	0.00039228	0.0023772	0.02355	107	7	-0.81701	0.99044	0.99023	0.999995	946	0	-0.81701
UTP14A	8	0.00043914	0.0026294	0.025453	108	7	-0.71639	0.42829	0.42808	0.736635	232	0	-0.71639
SPTLC2	8	0.00044926	0.0026667	0.025453	109	5	-0.6503	0.89383	0.89365	0.999995	829	0	-0.6503
EPC2	8	0.00045551	0.0026854	0.025453	110	7	-0.76222	0.95039	0.94998	0.999995	886	0	-0.76222
CRKL	8	0.00046163	0.0026948	0.025453	111	6	-0.88277	0.99341	0.99332	0.999995	960	0	-0.88277
DDX5	8	0.0004724	0.0027134	0.025453	112	7	-0.77479	0.99847	0.99846	0.999995	982	0	-0.77479
SNRPB2	7	0.0004976	0.0025546	0.025073	113	6	-0.91254	0.77307	0.7715	0.999995	714	0	-0.91254
PSMA2	8	0.00051072	0.0028722	0.026707	114	6	-0.92703	0.9989	0.99888	0.999995	986	0	-0.92703
ERH	8	0.00052646	0.0029469	0.026916	115	5	-0.89107	0.42829	0.42808	0.736635	473	0	-0.89107
CDIPT	8	0.00053939	0.0030123	0.026916	116	5	-0.95188	0.98854	0.98829	0.999995	943	0	-0.95188
RPA1	8	0.00054212	0.0030217	0.026916	117	7	-0.71051	0.99983	0.99974	0.999995	1012	0	-0.71051
CHORDC1	6	0.00057026	0.0030123	0.026916	118	5	-0.98226	0.34252	0.34224	0.736635	7	0	-0.98226
EAF1	8	0.00057642	0.0032552	0.028283	119	5	-0.96347	0.76652	0.7663	0.999995	707	0	-0.96347
RBMX	7	0.00058038	0.0029936	0.026916	120	6	-1.0558	0.99584	0.99547	0.999995	965	0	-1.0558
RPL19	6	0.00058243	0.0030777	0.027186	121	4	-1.101	0.34252	0.34224	0.736635	8	0	-1.101
RPL17	6	0.00058886	0.0031057	0.027207	122	6	-0.87044	0.99941	0.99943	0.999995	1000	0	-0.87044
AP1G1	8	0.0005921	0.0033206	0.028616	123	7	-0.74241	0.97049	0.96991	0.999995	910	0	-0.74241
ATP6V1D	8	0.00061295	0.0034233	0.029188	124	6	-0.95354	0.99716	0.99709	0.999995	972	0	-0.95354
SBNO1	8	0.00063507	0.0035074	0.029507	125	6	-0.89898	0.99293	0.99285	0.999995	959	0	-0.89898
SKA1	8	0.00064072	0.0035447	0.029586	126	6	-0.70362	0.42829	0.42808	0.736635	280	0	-0.70362
RPL14	6	0.00065967	0.003442	0.029188	127	4	-0.98335	0.89857	0.89998	0.999995	836	0	-0.98335
STT3B	8	0.00066855	0.0036475	0.030206	128	7	-0.55789	0.99985	0.99978	0.999995	1014	0	-0.55789
NDE1	8	0.00072738	0.0040305	0.032613	129	6	-0.8463	0.42829	0.42808	0.736635	128	0	-0.8463
PRPF38A	8	0.00074553	0.0040772	0.032741	130	5	-1.07	0.99766	0.99764	0.999995	975	0	-1.07
MED26	8	0.00078107	0.004264	0.033983	131	7	-0.84795	0.84139	0.84105	0.999995	775	0	-0.84795
RPL37A	5	0.00082719	0.0038903	0.031721	132	4	-1.0778	0.97099	0.97124	0.999995	912	0	-1.0778
PSMB6	8	0.00083704	0.0044788	0.035314	133	3	-0.35718	0.9489	0.9484	0.999995	884	0	-0.35718
FZR1	8	0.00084189	0.0044975	0.035314	134	7	-0.68497	0.98658	0.98644	0.999995	935	0	-0.68497
AKIRIN1	8	0.0008654	0.0045535	0.035491	135	7	-0.62915	0.9994	0.99926	0.999995	999	0	-0.62915
ABT1	8	0.00087729	0.0046563	0.036027	136	6	-0.74702	0.99849	0.99846	0.999995	983	0	-0.74702
RNF113A	8	0.00090443	0.0047964	0.036842	137	6	-0.86095	0.42829	0.42808	0.736635	83	0	-0.86095
ATR	8	0.00092714	0.0048898	0.037289	138	6	-0.65011	0.99936	0.99923	0.999995	997	0	-0.65011
CPSF3	8	0.00094317	0.0049925	0.037801	139	6	-0.87281	0.90069	0.90038	0.999995	839	0	-0.87281
CDS2	8	0.0010833	0.0056837	0.042729	140	6	-0.82889	0.42829	0.42808	0.736635	354	0	-0.82889
HNRNPH1	8	0.0011325	0.0059546	0.044139	141	7	-0.72011	0.42829	0.42808	0.736635	493	0	-0.72011
CRK	8	0.0011461	0.00602	0.044314	142	6	-0.70174	0.97624	0.97565	0.999995	917	0	-0.70174
HASPIN	8	0.0011779	0.0061508	0.044964	143	7	-0.57613	0.99875	0.99873	0.999995	985	0	-0.57613
SNRPD2	6	0.0012492	0.0058145	0.043404	144	5	-1.0555	0.99923	0.99926	0.999995	993	0	-1.0555
EEFSEC	8	0.0012539	0.0064777	0.04703	145	7	-0.83468	0.99617	0.99613	0.999995	968	0	-0.83468
TRAPPC3	8	0.0012815	0.0067299	0.048528	146	6	-0.83786	0.99926	0.99914	0.999995	994	0	-0.83786
RBM22	8	0.0013032	0.0068233	0.048741	147	6	-0.87249	0.9999	0.99988	0.999995	1016	0	-0.87249
RPL18A	3	0.0013032	0.0037876	0.031123	148	3	-1.0894	0.9987	0.99871	0.999995	984	0	-1.0894
POLR2B	8	0.0013098	0.0068513	0.048741	149	6	-0.92428	0.9251	0.92436	0.999995	860	0	-0.92428
BUB1B	8	0.0013958	0.0071876	0.050587	150	5	-0.78517	0.98758	0.98746	0.999995	938	0	-0.78517
ALG14	8	0.001405	0.0072062	0.050587	151	6	-0.69806	0.71024	0.71033	0.999995	660	0	-0.69806
RPP14	8	0.0014307	0.0073837	0.051492	152	5	-0.84236	0.89565	0.89545	0.999995	833	0	-0.84236
CLASP1	8	0.0015827	0.0082057	0.056481	153	6	-0.6181	0.42829	0.42808	0.736635	329	0	-0.6181
RBBP4	7	0.0016314	0.0080936	0.056073	154	5	-0.96159	0.70024	0.69931	0.999995	652	0	-0.96159
ATP5F1D	8	0.0016883	0.0087381	0.059757	155	6	-0.80971	0.91586	0.9152	0.999995	847	0	-0.80971
GABPB1	8	0.0017479	0.009037	0.061203	156	5	-0.77533	0.97854	0.97792	0.999995	922	0	-0.77533
KIF4A	8	0.0017522	0.009065	0.061203	157	5	-0.83116	0.99983	0.99974	0.999995	1013	0	-0.83116
LSM4	8	0.001783	0.0091864	0.061631	158	5	-0.95445	0.80423	0.80431	0.999995	735	0	-0.95445
ELL	8	0.0018622	0.0095414	0.063609	159	6	-0.85012	0.99972	0.99966	0.999995	1005	0	-0.85012
SUV39H1	8	0.0019337	0.0098029	0.064541	160	6	-0.63144	0.99952	0.99943	0.999995	1003	0	-0.63144
PTPN11	7	0.0019765	0.0096815	0.06414	161	5	-1.0427	0.98815	0.98796	0.999995	942	0	-1.0427
FANCF	8	0.002076	0.010345	0.066983	162	6	-0.8029	0.9982	0.99817	0.999995	980	0	-0.8029
BICD2	8	0.0020819	0.010363	0.066983	163	6	-0.62755	0.81213	0.8122	0.999995	743	0	-0.62755
TUFM	7	0.002092	0.010223	0.066893	164	5	-0.92294	0.93933	0.93857	0.999995	875	0	-0.92294
ARID1A	8	0.0022456	0.011027	0.070837	165	6	-0.66399	0.98696	0.98682	0.999995	936	0	-0.66399
FRS2	8	0.0024581	0.011848	0.075659	166	6	-0.86629	0.87737	0.87652	0.999995	814	0	-0.86629
PSMC3	8	0.0025316	0.012119	0.076762	167	6	-0.75419	0.42829	0.42808	0.736635	59	0	-0.75419
ATP5PB	8	0.0025406	0.012166	0.076762	168	5	-0.78687	0.42829	0.42808	0.736635	459	0	-0.78687
NUTF2	7	0.0030921	0.014688	0.091642	169	4	-1.0357	0.38691	0.38691	0.736635	31	0	-1.0357
XRCC6	7	0.0030956	0.014697	0.091642	170	4	-0.68008	0.9691	0.96892	0.999995	907	0	-0.68008
PFN1	7	0.0031704	0.015034	0.092764	171	6	-0.74309	0.87722	0.87645	0.999995	813	0	-0.74309
POLR2A	8	0.0032894	0.015052	0.092764	172	5	-0.84302	0.98269	0.9824	0.999995	929	0	-0.84302
NAPA	8	0.0033395	0.015267	0.093544	173	6	-0.63336	0.99829	0.99822	0.999995	981	0	-0.63336
TACC3	8	0.0033843	0.015463	0.094202	174	6	-0.57527	0.9923	0.99222	0.999995	952	0	-0.57527
IPO7	7	0.0035708	0.016855	0.102093	175	6	-0.71719	0.83142	0.82982	0.999995	765	0	-0.71719
INCENP	8	0.0038588	0.017425	0.104945	176	6	-0.71909	0.99632	0.99625	0.999995	969	0	-0.71909
POLD1	8	0.0039169	0.01777	0.106422	177	5	-0.7451	0.42829	0.42808	0.736635	136	0	-0.7451
POLR2F	8	0.0041573	0.01891	0.112404	178	6	-0.64425	0.99789	0.99788	0.999995	979	0	-0.64425
HNRNPK	7	0.0041582	0.019087	0.112404	179	5	-0.72416	0.92465	0.92394	0.999995	859	0	-0.72416
NRBP1	8	0.0041726	0.019022	0.112404	180	3	-0.38185	0.42829	0.42808	0.736635	99	0	-0.38185
COPG1	8	0.0043958	0.02004	0.117362	181	6	-0.73763	0.88418	0.88389	0.999995	823	0	-0.73763
MED31	8	0.0045759	0.020713	0.120634	182	6	-0.78478	0.98811	0.98791	0.999995	941	0	-0.78478
PMPCB	8	0.0049912	0.022338	0.128686	183	5	-0.86986	0.99705	0.99692	0.999995	971	0	-0.86986
ACACA	8	0.0051386	0.02288	0.131094	184	4	-0.69255	0.8572	0.85708	0.999995	792	0	-0.69255
SLC25A28	8	0.0052271	0.023151	0.131933	185	5	-0.674	0.88261	0.88224	0.999995	821	0	-0.674
TAF1	8	0.005343	0.023702	0.133637	186	6	-0.73521	0.42829	0.42808	0.736635	290	0	-0.73521
TNPO1	6	0.0054011	0.021806	0.126305	187	5	-0.85578	0.99893	0.99899	0.999995	988	0	-0.85578
INTS2	8	0.0056741	0.025215	0.141417	188	6	-0.52838	0.99938	0.99925	0.999995	998	0	-0.52838
PMM2	8	0.0067814	0.02995	0.166217	189	6	-0.53993	0.84725	0.84694	0.999995	780	0	-0.53993
TMEM30A	8	0.0069992	0.03081	0.170096	190	5	-0.78257	0.42829	0.42808	0.736635	195	0	-0.78257
RPS15	4	0.0070935	0.023384	0.132551	191	4	-0.92131	0.99291	0.99279	0.999995	958	0	-0.92131
RC3H1	8	0.0072298	0.031707	0.174139	192	6	-0.53604	0.87376	0.87303	0.999995	809	0	-0.53604
RPL15	5	0.0072767	0.025757	0.143695	193	4	-1.0775	0.97263	0.9725	0.999995	915	0	-1.0775
UCHL5	8	0.0080702	0.034938	0.189912	194	6	-0.5275	0.73421	0.73363	0.999995	682	0	-0.5275
RPRD1B	8	0.0081155	0.035116	0.189912	195	5	-0.73256	0.96661	0.96605	0.999995	903	0	-0.73256
TCERG1	8	0.0086026	0.036769	0.197844	196	6	-0.62121	0.42829	0.42808	0.736635	299	0	-0.62121
COX4I1	8	0.0087733	0.03746	0.200545	197	6	-0.4865	0.97207	0.97128	0.999995	914	0	-0.4865
DNAJC19	6	0.0088339	0.034135	0.186511	198	3	-0.62204	0.62183	0.62355	0.999995	619	0	-0.62204
RNF20	8	0.009005	0.03846	0.204332	199	6	-0.55654	0.92004	0.9194	0.999995	853	0	-0.55654
RHOT2	8	0.0090441	0.038553	0.204332	200	6	-0.52148	0.99935	0.99923	0.999995	996	0	-0.52148
BCAP31	8	0.0092017	0.03903	0.205827	201	6	-0.60409	0.97924	0.97876	0.999995	924	0	-0.60409
GFM1	8	0.0095551	0.040543	0.212749	202	5	-0.72654	0.98762	0.98749	0.999995	939	0	-0.72654
GIT2	8	0.0098331	0.041458	0.216481	203	6	-0.48806	0.9978	0.99781	0.999995	978	0	-0.48806
ACTL6A	8	0.010324	0.043569	0.226388	204	5	-0.75136	0.95738	0.95658	0.999995	891	0	-0.75136
SF3A1	8	0.010897	0.045783	0.235581	205	5	-0.6809	0.98774	0.98758	0.999995	940	0	-0.6809
PTTG1	7	0.0119	0.044886	0.232094	206	5	-0.5458	0.38691	0.38691	0.736635	20	0	-0.5458
CCNT1	8	0.012187	0.050042	0.255022	207	5	-0.68812	0.8285	0.82832	0.999995	761	0	-0.68812
FANCM	8	0.012774	0.051948	0.262211	208	5	-0.64885	0.42829	0.42808	0.736635	585	0	-0.64885
EIF3J	7	0.012785	0.047455	0.243005	209	5	-0.56909	0.38691	0.38691	0.736635	16	0	-0.56909
RALGPS2	8	0.013599	0.054404	0.27202	210	5	-0.61317	0.99553	0.99543	0.999995	964	0	-0.61317
ZNF407	8	0.013851	0.055039	0.273904	211	5	-0.67562	0.98719	0.98702	0.999995	937	0	-0.67562
TIMM23	6	0.015511	0.05375	0.270025	212	4	-0.76131	0.34252	0.34224	0.736635	2	0	-0.76131
ZWILCH	8	0.01587	0.060718	0.300754	213	5	-0.58908	0.83028	0.83012	0.999995	763	0	-0.58908
PRKDC	16	0.016554	0.080707	0.392429	214	8	-0.38081	0.91512	0.91544	0.999995	846	0	-0.38081
RPS28	3	0.019295	0.050388	0.255555	215	3	-0.91224	0.9807	0.98086	0.999995	925	0	-0.91224
SOS1	8	0.019522	0.071049	0.350288	216	5	-0.51911	0.96298	0.96236	0.999995	898	0	-0.51911
RPA3	8	0.021681	0.077204	0.378873	217	4	-0.54591	0.87315	0.87242	0.999995	806	0	-0.54591
CCNT2	8	0.022224	0.078848	0.385158	218	5	-0.52371	0.80601	0.80629	0.999995	738	0	-0.52371
ISCA2	8	0.024233	0.084957	0.411208	219	5	-0.61479	0.86482	0.86426	0.999995	800	0	-0.61479
DYNC1LI2	8	0.024382	0.085424	0.411589	220	5	-0.55469	0.99946	0.99935	0.999995	1001	0	-0.55469
COPZ1	8	0.02532	0.088142	0.422763	221	5	-0.49946	0.9041	0.90349	0.999995	841	0	-0.49946
NCBP2	8	0.026002	0.089777	0.428664	222	3	-0.3737	0.9898	0.98961	0.999995	945	0	-0.3737
COX6B1	16	0.027982	0.12306	0.557438	223	8	-0.43469	0.99589	0.99652	0.999995	966	0	-0.43469
MRPL27	8	0.028636	0.096483	0.452532	224	5	-0.52287	0.92325	0.92273	0.999995	857	0	-0.52287
GTF3C1	8	0.03062	0.10191	0.473793	225	4	-0.57539	0.96675	0.96617	0.999995	904	0	-0.57539
BRD8	8	0.030979	0.10293	0.476437	226	5	-0.59592	0.42829	0.42808	0.736635	464	0	-0.59592
CNOT7	7	0.031774	0.10365	0.47768	227	4	-0.62432	0.97095	0.97084	0.999995	911	0	-0.62432
MCPH1	8	0.033083	0.10871	0.498843	228	5	-0.49219	0.42829	0.42808	0.736635	521	0	-0.49219
NSG2	8	0.034387	0.11242	0.513635	229	1	-0.15038	0.42829	0.42808	0.736635	110	0	-0.15038
PAF1	8	0.035738	0.11601	0.527748	230	5	-0.50043	0.93274	0.93191	0.999995	867	0	-0.50043
NCK1	8	0.038712	0.12419	0.560164	231	4	-0.43032	0.42829	0.42808	0.736635	129	0	-0.43032
ZMAT2	8	0.039366	0.12599	0.565888	232	5	-0.5316	0.92577	0.92508	0.999995	861	0	-0.5316
RPL27A	4	0.0395	0.095007	0.449395	233	3	-0.82323	0.24389	0.24273	0.736635	1	0	-0.82323
SNAPC4	8	0.039763	0.12707	0.566707	234	4	-0.44907	0.42829	0.42808	0.736635	264	0	-0.44907
MYBL2	8	0.039854	0.12724	0.566707	235	5	-0.51436	0.42829	0.42808	0.736635	120	0	-0.51436
TSG101	8	0.041588	0.13197	0.585298	236	3	-0.29661	0.83438	0.83428	0.999995	769	0	-0.29661
XRCC4	8	0.042634	0.13477	0.595235	237	4	-0.51691	0.85618	0.85597	0.999995	790	0	-0.51691
RPL6	3	0.043774	0.092542	0.439884	238	2	-0.89408	0.91643	0.9158	0.999995	849	0	-0.89408
IPO5	8	0.043838	0.13819	0.607802	239	5	-0.51774	0.96256	0.96195	0.999995	897	0	-0.51774
RNF40	8	0.044063	0.13877	0.607827	240	5	-0.47381	0.94	0.93923	0.999995	876	0	-0.47381
FARS2	8	0.045199	0.14175	0.618323	241	5	-0.52765	0.9993	0.99917	0.999995	995	0	-0.52765
RPS7	3	0.045718	0.09539	0.449395	242	2	-0.96246	0.4124	0.41141	0.736635	38	0	-0.96246
FDPS	8	0.047564	0.14801	0.642976	243	4	-0.43436	0.77574	0.77548	0.999995	715	0	-0.43436
RPL21	3	0.048182	0.099201	0.463231	244	2	-0.94465	0.85523	0.85512	0.999995	788	0	-0.94465
MT2A	6	0.054822	0.14936	0.646211	245	4	-0.49787	0.97114	0.97138	0.999995	913	0	-0.49787
NMT1	8	0.054935	0.16749	0.721706	246	5	-0.4493	0.42829	0.42808	0.736635	105	0	-0.4493
CAP1	8	0.057151	0.1731	0.742875	247	4	-0.5319	0.87331	0.87254	0.999995	807	0	-0.5319
BECN1	8	0.059221	0.17743	0.758364	248	4	-0.4601	0.73275	0.73225	0.999995	680	0	-0.4601
RBPJ	8	0.060552	0.18027	0.767406	249	4	-0.50435	0.42829	0.42808	0.736635	50	0	-0.50435
EFR3B	8	0.065003	0.18894	0.799396	250	4	-0.50604	0.9965	0.99642	0.999995	970	0	-0.50604
TBC1D28	7	0.07169	0.18929	0.799396	251	4	-0.48925	0.64193	0.64107	0.999995	621	0	-0.48925
E2F3	7	0.079061	0.2039	0.854283	252	3	-0.37971	0.8727	0.87164	0.999995	805	0	-0.37971
RAD17	6	0.084227	0.20368	0.854283	253	2	-0.35172	0.89414	0.89554	0.999995	831	0	-0.35172
PTCH2	8	0.087899	0.23088	0.963495	254	4	-0.46011	0.42829	0.42808	0.736635	57	0	-0.46011
TBP	8	0.091897	0.23833	0.990701	255	2	-0.2991	0.76912	0.76899	0.999995	709	0	-0.2991
CYFIP1	8	0.096927	0.24717	0.999995	256	4	-0.45916	0.42829	0.42808	0.736635	385	0	-0.45916
TOP1MT	8	0.10246	0.25662	0.999995	257	4	-0.46195	0.42829	0.42808	0.736635	203	0	-0.46195
DYNC1LI1	7	0.10398	0.25312	0.999995	258	4	-0.45395	0.38691	0.38691	0.736635	22	0	-0.45395
COX4I2	8	0.11088	0.27111	0.999995	259	4	-0.45725	0.94048	0.9398	0.999995	877	0	-0.45725
MRPL55	8	0.1144	0.27713	0.999995	260	2	-0.28698	0.42829	0.42808	0.736635	168	0	-0.28698
PRDM16	8	0.11943	0.28558	0.999995	261	3	-0.41405	0.99052	0.99031	0.999995	947	0	-0.41405
FSD1L	8	0.11945	0.28562	0.999995	262	4	-0.41979	0.98472	0.98468	0.999995	933	0	-0.41979
USP13	8	0.12028	0.28703	0.999995	263	4	-0.47518	0.42829	0.42808	0.736635	235	0	-0.47518
COQ10A	8	0.12044	0.2874	0.999995	264	4	-0.38003	0.714	0.71374	0.999995	666	0	-0.38003
BICD1	8	0.12447	0.29385	0.999995	265	4	-0.39104	0.42829	0.42808	0.736635	465	0	-0.39104
PRKAB1	8	0.12497	0.29462	0.999995	266	4	-0.37854	0.42829	0.42808	0.736635	146	0	-0.37854
PGLS	8	0.12685	0.29809	0.999995	267	4	-0.4198	0.89908	0.89888	0.999995	837	0	-0.4198
CCNE2	8	0.12925	0.30212	0.999995	268	4	-0.48029	0.42829	0.42808	0.736635	347	0	-0.48029
SS18	8	0.1304	0.30397	0.999995	269	4	-0.4236	0.93856	0.93776	0.999995	874	0	-0.4236
RBPJL	8	0.13308	0.30823	0.999995	270	4	-0.46044	0.86385	0.86331	0.999995	799	0	-0.46044
NRBP2	8	0.13625	0.31351	0.999995	271	4	-0.41667	0.42829	0.42808	0.736635	112	0	-0.41667
LSM14A	8	0.13678	0.3143	0.999995	272	4	-0.4456	0.92065	0.92004	0.999995	856	0	-0.4456
GALR3	8	0.14	0.31953	0.999995	273	4	-0.39205	0.42829	0.42808	0.736635	606	0	-0.39205
MTMR4	8	0.14126	0.32132	0.999995	274	4	-0.38155	0.42829	0.42808	0.736635	121	0	-0.38155
MED12L	8	0.14472	0.32702	0.999995	275	4	-0.36994	0.42829	0.42808	0.736635	523	0	-0.36994
MECOM	8	0.14509	0.32765	0.999995	276	4	-0.40251	0.83477	0.83464	0.999995	770	0	-0.40251
PUM2	8	0.15195	0.33901	0.999995	277	4	-0.4102	0.86975	0.8692	0.999995	804	0	-0.4102
PAPSS2	8	0.15687	0.34689	0.999995	278	4	-0.40907	0.81534	0.81538	0.999995	745	0	-0.40907
MMD	8	0.15859	0.34947	0.999995	279	4	-0.48246	0.99891	0.99889	0.999995	987	0	-0.48246
CREBBP	8	0.16148	0.35411	0.999995	280	4	-0.40596	0.42829	0.42808	0.736635	338	0	-0.40596
ARID1B	8	0.16206	0.35497	0.999995	281	4	-0.42808	0.89731	0.89717	0.999995	834	0	-0.42808
GABPB2	8	0.16264	0.35587	0.999995	282	4	-0.4561	0.98226	0.98194	0.999995	927	0	-0.4561
MAT1A	8	0.16498	0.35934	0.999995	283	4	-0.41948	0.42829	0.42808	0.736635	529	0	-0.41948
HACD2	8	0.16753	0.36325	0.999995	284	4	-0.46002	0.92896	0.92828	0.999995	866	0	-0.46002
APOBEC1	8	0.1727	0.37107	0.999995	285	4	-0.45235	0.42829	0.42808	0.736635	413	0	-0.45235
BRSK2	8	0.1739	0.3727	0.999995	286	4	-0.35552	0.42829	0.42808	0.736635	466	0	-0.35552
CFL1	8	0.1749	0.37424	0.999995	287	4	-0.41642	0.42829	0.42808	0.736635	353	0	-0.41642
YIF1A	8	0.17591	0.37599	0.999995	288	4	-0.42998	0.42829	0.42808	0.736635	227	0	-0.42998
RANBP10	8	0.17976	0.38232	0.999995	289	4	-0.36551	0.42829	0.42808	0.736635	62	0	-0.36551
ARPC5L	8	0.18222	0.38613	0.999995	290	4	-0.37828	0.42829	0.42808	0.736635	409	0	-0.37828
TOMM20	6	0.18559	0.34986	0.999995	291	3	-0.3639	0.34252	0.34224	0.736635	4	0	-0.3639
VPS26B	8	0.18946	0.39754	0.999995	292	4	-0.39198	0.95503	0.95424	0.999995	888	0	-0.39198
CLASP2	8	0.18988	0.39821	0.999995	293	4	-0.43101	0.99181	0.99171	0.999995	950	0	-0.43101
CTSZ	8	0.19156	0.40073	0.999995	294	4	-0.40629	0.96723	0.96659	0.999995	905	0	-0.40629
GSX2	8	0.1924	0.40198	0.999995	295	4	-0.42211	0.42829	0.42808	0.736635	595	0	-0.42211
H2AFX	8	0.19551	0.40648	0.999995	296	3	-0.41854	0.80356	0.8035	0.999995	734	0	-0.41854
CHMP1A	8	0.19605	0.407	0.999995	297	3	-0.35738	0.98251	0.98221	0.999995	928	0	-0.35738
AHCYL1	8	0.198	0.4089	0.999995	298	3	-0.2364	0.42829	0.42808	0.736635	429	0	-0.2364
SLC25A25	8	0.20568	0.41677	0.999995	299	3	-0.30384	0.92766	0.92689	0.999995	864	0	-0.30384
CLTC	8	0.20619	0.41724	0.999995	300	3	-0.38221	0.88031	0.8796	0.999995	816	0	-0.38221
KPNA2	7	0.20836	0.39503	0.999995	301	3	-0.40327	0.88174	0.88097	0.999995	818	0	-0.40327
RNF103	8	0.21449	0.42559	0.999995	302	3	-0.3122	0.42829	0.42808	0.736635	80	0	-0.3122
TAF9	7	0.21508	0.40301	0.999995	303	2	-0.31659	0.38691	0.38691	0.736635	17	0	-0.31659
GMPR2	8	0.21606	0.4272	0.999995	304	3	-0.25735	0.42829	0.42808	0.736635	594	0	-0.25735
RPL3L	8	0.21737	0.42867	0.999995	305	3	-0.20928	0.42829	0.42808	0.736635	91	0	-0.20928
PPP3R2	8	0.22237	0.43379	0.999995	306	3	-0.39227	0.42829	0.42808	0.736635	145	0	-0.39227
VANGL2	8	0.22396	0.43522	0.999995	307	3	-0.40811	0.96741	0.96677	0.999995	906	0	-0.40811
VIM	8	0.22403	0.43529	0.999995	308	2	-0.26633	0.92757	0.92683	0.999995	863	0	-0.26633
APH1A	8	0.2298	0.44116	0.999995	309	3	-0.21846	0.42829	0.42808	0.736635	400	0	-0.21846
CHRNB3	8	0.23301	0.44441	0.999995	310	3	-0.27068	0.42829	0.42808	0.736635	328	0	-0.27068
SIRPA	6	0.23442	0.41693	0.999995	311	3	-0.31568	0.79762	0.7987	0.999995	729	0	-0.31568
KCNT2	8	0.23842	0.45012	0.999995	312	2	-0.31382	0.42829	0.42808	0.736635	485	0	-0.31382
YIPF5	8	0.23893	0.45074	0.999995	313	3	-0.33743	0.42829	0.42808	0.736635	214	0	-0.33743
ADSSL1	8	0.2392	0.45107	0.999995	314	3	-0.11661	0.42829	0.42808	0.736635	426	0	-0.11661
DYNLT3	6	0.23946	0.42391	0.999995	315	3	-0.26882	0.34252	0.34224	0.736635	9	0	-0.26882
SOHLH1	8	0.2479	0.45975	0.999995	316	3	-0.36253	0.42829	0.42808	0.736635	259	0	-0.36253
FOXK2	8	0.25579	0.46778	0.999995	317	2	-0.093973	0.42829	0.42808	0.736635	566	0	-0.093973
LIN28A	7	0.25687	0.45259	0.999995	318	3	-0.38998	0.38691	0.38691	0.736635	33	0	-0.38998
CSTF2	8	0.26304	0.47523	0.999995	319	3	-0.36083	0.42829	0.42808	0.736635	332	0	-0.36083
CNOT8	7	0.26645	0.46375	0.999995	320	2	-0.38284	0.38691	0.38691	0.736635	24	0	-0.38284
AP1G2	8	0.26721	0.47931	0.999995	321	1	-0.32144	0.86691	0.86633	0.999995	802	0	-0.32144
YIPF7	8	0.27111	0.4832	0.999995	322	3	-0.38516	0.42829	0.42808	0.736635	217	0	-0.38516
GRHL2	8	0.27287	0.48511	0.999995	323	2	-0.26458	0.8289	0.82875	0.999995	762	0	-0.26458
CTCFL	8	0.27476	0.48709	0.999995	324	3	-0.34026	0.42829	0.42808	0.736635	331	0	-0.34026
BAP1	8	0.277	0.48916	0.999995	325	3	-0.34721	0.9365	0.93572	0.999995	872	0	-0.34721
PTCH1	8	0.27813	0.49025	0.999995	326	3	-0.33304	0.74455	0.74376	0.999995	689	0	-0.33304
CRY1	8	0.2801	0.49205	0.999995	327	3	-0.40071	0.80843	0.80845	0.999995	741	0	-0.40071
TGM6	8	0.28123	0.49307	0.999995	328	3	-0.30997	0.42829	0.42808	0.736635	293	0	-0.30997
FEZ1	8	0.28151	0.49331	0.999995	329	3	-0.24247	0.42829	0.42808	0.736635	577	0	-0.24247
MBTD1	8	0.28745	0.49942	0.999995	330	3	-0.34969	0.74539	0.74469	0.999995	691	0	-0.34969
RNF38	8	0.29086	0.5031	0.999995	331	3	-0.34677	0.81871	0.81857	0.999995	748	0	-0.34677
MBP	8	0.29285	0.50486	0.999995	332	3	-0.25569	0.42829	0.42808	0.736635	522	0	-0.25569
GLIS3	8	0.29436	0.50639	0.999995	333	2	-0.22365	0.42829	0.42808	0.736635	613	0	-0.22365
SBF1	7	0.29472	0.49582	0.999995	334	2	-0.14557	0.38691	0.38691	0.736635	28	0	-0.14557
S1PR4	8	0.30126	0.5132	0.999995	335	2	-0.25968	0.42829	0.42808	0.736635	65	0	-0.25968
KLF4	8	0.30314	0.51497	0.999995	336	3	-0.41785	0.85378	0.85356	0.999995	786	0	-0.41785
KHSRP	8	0.3033	0.51509	0.999995	337	2	-0.32312	0.70676	0.70719	0.999995	656	0	-0.32312
ATP8B3	8	0.3063	0.51804	0.999995	338	3	-0.29368	0.42829	0.42808	0.736635	469	0	-0.29368
TUBB2A	6	0.30867	0.48768	0.999995	339	2	-0.23826	0.34252	0.34224	0.736635	5	0	-0.23826
NCOR2	8	0.31033	0.52192	0.999995	340	3	-0.26111	0.42829	0.42808	0.736635	125	0	-0.26111
ATAD2B	8	0.31234	0.52393	0.999995	341	3	-0.31392	0.42829	0.42808	0.736635	463	0	-0.31392
SAMD4B	8	0.31321	0.52493	0.999995	342	3	-0.45882	0.99265	0.99262	0.999995	953	0	-0.45882
LARP1	8	0.31429	0.52608	0.999995	343	3	-0.36873	0.42829	0.42808	0.736635	534	0	-0.36873
CSTF2T	8	0.32102	0.53275	0.999995	344	3	-0.32601	0.78392	0.78396	0.999995	719	0	-0.32601
PRG3	8	0.32204	0.53375	0.999995	345	2	-0.22298	0.42829	0.42808	0.736635	147	0	-0.22298
GOLT1B	8	0.32278	0.53457	0.999995	346	2	-0.36275	0.74483	0.7441	0.999995	690	0	-0.36275
SLC32A1	8	0.3234	0.53519	0.999995	347	1	-0.15651	0.42829	0.42808	0.736635	265	0	-0.15651
DDX17	8	0.32625	0.53786	0.999995	348	3	-0.30906	0.71772	0.7175	0.999995	671	0	-0.30906
ZEB1	8	0.32683	0.53846	0.999995	349	3	-0.33195	0.85343	0.85321	0.999995	785	0	-0.33195
PLXDC2	8	0.32801	0.53963	0.999995	350	1	-0.23618	0.91911	0.91864	0.999995	850	0	-0.23618
BTG1	8	0.32974	0.54139	0.999995	351	3	-0.27626	0.69806	0.69838	0.999995	648	0	-0.27626
CDK17	8	0.33178	0.5435	0.999995	352	3	-0.33274	0.42829	0.42808	0.736635	341	0	-0.33274
UTP14C	8	0.33846	0.55028	0.999995	353	1	-0.17162	0.42829	0.42808	0.736635	229	0	-0.17162
ERC2	8	0.33902	0.55092	0.999995	354	2	-0.22992	0.42829	0.42808	0.736635	371	0	-0.22992
PFAS	8	0.34049	0.55229	0.999995	355	2	-0.31729	0.42829	0.42808	0.736635	170	0	-0.31729
TOP1	8	0.34344	0.55514	0.999995	356	2	-0.36464	0.42829	0.42808	0.736635	200	0	-0.36464
EIF3L	8	0.35315	0.56506	0.999995	357	3	-0.38782	0.76285	0.76263	0.999995	704	0	-0.38782
LSM14B	8	0.35486	0.5667	0.999995	358	2	-0.28499	0.42829	0.42808	0.736635	513	0	-0.28499
ERBB3	16	0.35559	0.66289	0.999995	359	4	-0.21138	0.67315	0.67251	0.999995	637	0	-0.21138
BARHL1	8	0.35727	0.56914	0.999995	360	3	-0.27478	0.90325	0.90272	0.999995	840	0	-0.27478
SLC22A8	8	0.36081	0.57278	0.999995	361	3	-0.31281	0.42829	0.42808	0.736635	275	0	-0.31281
QSOX1	8	0.36199	0.57394	0.999995	362	3	-0.32223	0.7548	0.75448	0.999995	701	0	-0.32223
SNX2	8	0.36552	0.5779	0.999995	363	2	-0.23748	0.86254	0.86198	0.999995	798	0	-0.23748
NUMBL	8	0.37291	0.5855	0.999995	364	3	-0.34962	0.42829	0.42808	0.736635	106	0	-0.34962
LIMK1	8	0.37557	0.58794	0.999995	365	3	-0.37223	0.42829	0.42808	0.736635	543	0	-0.37223
UNC119B	8	0.37616	0.5886	0.999995	366	2	-0.29689	0.42829	0.42808	0.736635	233	0	-0.29689
SMAP2	8	0.37734	0.58966	0.999995	367	3	-0.35289	0.42829	0.42808	0.736635	248	0	-0.35289
TUBB2B	6	0.37883	0.54372	0.999995	368	2	-0.25956	0.82161	0.82337	0.999995	751	0	-0.25956
TBC1D26	6	0.38118	0.54565	0.999995	369	2	-0.23515	0.75328	0.75434	0.999995	700	0	-0.23515
GPSM1	8	0.38297	0.59527	0.999995	370	3	-0.34772	0.42829	0.42808	0.736635	603	0	-0.34772
LARP1B	8	0.38949	0.60199	0.999995	371	3	-0.18502	0.42829	0.42808	0.736635	533	0	-0.18502
MTHFD1	8	0.39008	0.60259	0.999995	372	3	-0.063324	0.42829	0.42808	0.736635	114	0	-0.063324
CNOT6	8	0.39245	0.60527	0.999995	373	3	-0.20638	0.42829	0.42808	0.736635	324	0	-0.20638
ASF1B	16	0.39353	0.69407	0.999995	374	5	-0.28029	0.97672	0.97719	0.999995	919	0	-0.28029
RIC8B	8	0.39703	0.60985	0.999995	375	1	-0.15988	0.42829	0.42808	0.736635	86	0	-0.15988
GSDMD	8	0.40194	0.61471	0.999995	376	3	-0.39121	0.81192	0.81188	0.999995	742	0	-0.39121
SCN10A	8	0.40277	0.61554	0.999995	377	2	-0.19099	0.42829	0.42808	0.736635	74	0	-0.19099
FKBP9	7	0.40567	0.59787	0.999995	378	1	-0.27763	0.88911	0.88802	0.999995	825	0	-0.27763
IFIH1	8	0.40639	0.61911	0.999995	379	3	-0.36554	0.80467	0.80481	0.999995	736	0	-0.36554
SLITRK1	8	0.40995	0.62268	0.999995	380	3	-0.25422	0.42829	0.42808	0.736635	251	0	-0.25422
MYL7	8	0.41411	0.62644	0.999995	381	3	-0.045694	0.42829	0.42808	0.736635	118	0	-0.045694
MTMR3	8	0.41435	0.62667	0.999995	382	3	-0.41259	0.42829	0.42808	0.736635	122	0	-0.41259
PKM	6	0.41457	0.57366	0.999995	383	2	-0.22736	0.60603	0.60736	0.999995	617	0	-0.22736
CLTCL1	8	0.41474	0.62697	0.999995	384	1	-0.26994	0.42829	0.42808	0.736635	325	0	-0.26994
ACTL7A	8	0.415	0.62722	0.999995	385	3	-0.35563	0.42829	0.42808	0.736635	419	0	-0.35563
CLIP4	8	0.41615	0.62835	0.999995	386	2	-0.016613	0.42829	0.42808	0.736635	326	0	-0.016613
ITSN1	8	0.41938	0.63165	0.999995	387	1	-0.19779	0.42829	0.42808	0.736635	488	0	-0.19779
SHMT2	8	0.4217	0.63399	0.999995	388	1	-0.31239	0.92044	0.91991	0.999995	854	0	-0.31239
OSMR	8	0.42371	0.6361	0.999995	389	2	-0.3722	0.71864	0.71838	0.999995	672	0	-0.3722
RGS19	8	0.42479	0.63719	0.999995	390	3	-0.23355	0.85686	0.85666	0.999995	791	0	-0.23355
HEATR5B	8	0.42657	0.63912	0.999995	391	3	-0.32502	0.42829	0.42808	0.736635	498	0	-0.32502
IRF8	8	0.43102	0.64388	0.999995	392	3	-0.25593	0.42829	0.42808	0.736635	477	0	-0.25593
SIK2	8	0.43195	0.64493	0.999995	393	2	-0.26825	0.42829	0.42808	0.736635	281	0	-0.26825
STRIP1	8	0.43428	0.64716	0.999995	394	3	-0.31118	0.42829	0.42808	0.736635	316	0	-0.31118
RXFP3	8	0.43802	0.65082	0.999995	395	2	-0.27865	0.82305	0.82275	0.999995	753	0	-0.27865
SMARCC1	8	0.43872	0.6515	0.999995	396	3	-0.18455	0.42829	0.42808	0.736635	262	0	-0.18455
NR2E1	8	0.43873	0.65151	0.999995	397	2	-0.1597	0.42829	0.42808	0.736635	98	0	-0.1597
MORF4L2	8	0.43902	0.6518	0.999995	398	3	-0.22924	0.42829	0.42808	0.736635	150	0	-0.22924
NR5A1	8	0.44553	0.65817	0.999995	399	3	-0.36506	0.42829	0.42808	0.736635	97	0	-0.36506
MED13L	8	0.4482	0.66075	0.999995	400	3	-0.35684	0.42829	0.42808	0.736635	88	0	-0.35684
ADGRG7	8	0.44849	0.66101	0.999995	401	3	-0.30476	0.42829	0.42808	0.736635	430	0	-0.30476
POU4F2	8	0.45009	0.66194	0.999995	402	2	-0.25003	0.42829	0.42808	0.736635	135	0	-0.25003
SP110	8	0.45504	0.6646	0.999995	403	2	-0.29111	0.73509	0.73448	0.999995	683	0	-0.29111
SAMD9	8	0.45609	0.66509	0.999995	404	2	-0.24205	0.84158	0.84123	0.999995	776	0	-0.24205
PEF1	7	0.45981	0.63423	0.999995	405	2	-0.22816	0.71052	0.70963	0.999995	661	0	-0.22816
ADAP2	8	0.47082	0.67298	0.999995	406	2	-0.27816	0.9137	0.91314	0.999995	845	0	-0.27816
SAR1A	16	0.47745	0.75853	0.999995	407	4	-0.30011	0.67315	0.67251	0.999995	634	0	-0.30011
SLCO2B1	8	0.48321	0.67953	0.999995	408	2	-0.36852	0.42829	0.42808	0.736635	254	0	-0.36852
UNC45A	8	0.49295	0.68515	0.999995	409	2	-0.35398	0.8275	0.82713	0.999995	759	0	-0.35398
FOXB1	8	0.49398	0.68578	0.999995	410	2	-0.10112	0.42829	0.42808	0.736635	565	0	-0.10112
S100A6	8	0.49877	0.68879	0.999995	411	2	-0.20419	0.42829	0.42808	0.736635	66	0	-0.20419
NAA16	8	0.50172	0.69053	0.999995	412	2	-0.36559	0.42829	0.42808	0.736635	130	0	-0.36559
SOAT1	8	0.50525	0.69231	0.999995	413	2	-0.3803	0.42829	0.42808	0.736635	256	0	-0.3803
ANKRD10	8	0.51126	0.69581	0.999995	414	2	-0.28456	0.42829	0.42808	0.736635	403	0	-0.28456
LGALS9	7	0.51466	0.67274	0.999995	415	2	-0.29801	0.38691	0.38691	0.736635	14	0	-0.29801
PHLDA1	8	0.51572	0.69849	0.999995	416	1	-0.24623	0.42829	0.42808	0.736635	167	0	-0.24623
FLNC	8	0.51905	0.70037	0.999995	417	2	-0.32332	0.42829	0.42808	0.736635	558	0	-0.32332
ZNF804B	8	0.51966	0.70071	0.999995	418	1	-0.31941	0.91963	0.91897	0.999995	851	0	-0.31941
CYFIP2	8	0.5307	0.70715	0.999995	419	2	-0.24887	0.42829	0.42808	0.736635	384	0	-0.24887
FKBP5	8	0.53129	0.70753	0.999995	420	1	-0.18857	0.42829	0.42808	0.736635	555	0	-0.18857
TRPC5	8	0.53169	0.70779	0.999995	421	2	-0.33484	0.94242	0.94163	0.999995	879	0	-0.33484
PLCG2	8	0.53565	0.71021	0.999995	422	2	-0.29993	0.8555	0.85535	0.999995	789	0	-0.29993
RSBN1L	8	0.53664	0.71078	0.999995	423	2	-0.33584	0.94541	0.94463	0.999995	882	0	-0.33584
TTC7A	16	0.53943	0.80504	0.999995	424	5	-0.27902	0.67315	0.67251	0.999995	627	0	-0.27902
WAS	8	0.54058	0.71333	0.999995	425	2	-0.16111	0.42829	0.42808	0.736635	242	0	-0.16111
GRIP1	8	0.5408	0.71346	0.999995	426	2	-0.32356	0.69871	0.6991	0.999995	649	0	-0.32356
CCND3	8	0.54124	0.71366	0.999995	427	2	-0.31305	0.42829	0.42808	0.736635	447	0	-0.31305
RSBN1	8	0.5432	0.71486	0.999995	428	2	-0.21344	0.42829	0.42808	0.736635	67	0	-0.21344
GRIP2	8	0.54362	0.71516	0.999995	429	1	-0.29984	0.42829	0.42808	0.736635	599	0	-0.29984
MTX1	6	0.54549	0.68749	0.999995	430	2	-0.26394	0.87475	0.87647	0.999995	810	0	-0.26394
TOB1	8	0.54646	0.71667	0.999995	431	2	-0.31054	0.42829	0.42808	0.736635	208	0	-0.31054
FUT5	8	0.54841	0.71782	0.999995	432	2	-0.1314	0.42829	0.42808	0.736635	562	0	-0.1314
LDB2	8	0.54922	0.71821	0.999995	433	1	-0.23314	0.42829	0.42808	0.736635	547	0	-0.23314
WRN	8	0.55036	0.71879	0.999995	434	2	-0.28085	0.81555	0.81555	0.999995	746	0	-0.28085
IDH1	8	0.5536	0.72059	0.999995	435	2	-0.27696	0.79696	0.79661	0.999995	728	0	-0.27696
ZNF34	8	0.55585	0.72199	0.999995	436	2	-0.26308	0.42829	0.42808	0.736635	219	0	-0.26308
SPATA21	8	0.55778	0.72295	0.999995	437	2	-0.26786	0.42829	0.42808	0.736635	311	0	-0.26786
ABTB2	8	0.55811	0.72314	0.999995	438	2	-0.30615	0.42829	0.42808	0.736635	418	0	-0.30615
CAND2	8	0.56195	0.72531	0.999995	439	2	-0.33845	0.42829	0.42808	0.736635	438	0	-0.33845
HMGCLL1	8	0.56294	0.72597	0.999995	440	1	-0.20516	0.71307	0.71293	0.999995	664	0	-0.20516
ATP6V1E2	8	0.56339	0.72622	0.999995	441	1	-0.26923	0.42829	0.42808	0.736635	458	0	-0.26923
CDC34	8	0.56387	0.7265	0.999995	442	2	-0.28581	0.92334	0.92284	0.999995	858	0	-0.28581
EAF2	8	0.56451	0.72679	0.999995	443	2	-0.30882	0.42829	0.42808	0.736635	361	0	-0.30882
NMT2	8	0.56833	0.72932	0.999995	444	2	-0.14951	0.42829	0.42808	0.736635	104	0	-0.14951
MYH7	8	0.57371	0.73237	0.999995	445	2	-0.1894	0.42829	0.42808	0.736635	119	0	-0.1894
TAF1L	7	0.57417	0.717	0.999995	446	2	-0.2588	0.38691	0.38691	0.736635	23	0	-0.2588
ABCG2	8	0.57542	0.7335	0.999995	447	1	-0.19967	0.42829	0.42808	0.736635	425	0	-0.19967
ADAM19	8	0.57591	0.73385	0.999995	448	2	-0.13487	0.42829	0.42808	0.736635	432	0	-0.13487
STX17	8	0.5763	0.73414	0.999995	449	2	-0.19131	0.69936	0.69972	0.999995	650	0	-0.19131
NAPB	8	0.57936	0.7359	0.999995	450	1	-0.29074	0.7171	0.71698	0.999995	670	0	-0.29074
XDH	8	0.57999	0.73635	0.999995	451	2	-0.31527	0.83244	0.83227	0.999995	766	0	-0.31527
TANK	8	0.58061	0.73678	0.999995	452	2	-0.28118	0.85308	0.85284	0.999995	784	0	-0.28118
MRGPRX2	8	0.58155	0.73745	0.999995	453	2	-0.336	0.8982	0.89797	0.999995	835	0	-0.336
SAMD4A	8	0.58186	0.73765	0.999995	454	2	-0.31143	0.81892	0.81884	0.999995	749	0	-0.31143
ADSS	7	0.58345	0.72395	0.999995	455	2	-0.19614	0.38691	0.38691	0.736635	27	0	-0.19614
INTS6L	8	0.58498	0.73965	0.999995	456	2	-0.1674	0.80756	0.80768	0.999995	740	0	-0.1674
SEC11C	8	0.59456	0.74538	0.999995	457	2	-0.29996	0.42829	0.42808	0.736635	73	0	-0.29996
CEACAM1	8	0.60485	0.75197	0.999995	458	1	-0.15221	0.42829	0.42808	0.736635	351	0	-0.15221
RAP1GAP2	8	0.60609	0.75279	0.999995	459	1	-0.27346	0.42829	0.42808	0.736635	40	0	-0.27346
RHBDF1	8	0.6106	0.75574	0.999995	460	1	-0.29205	0.42829	0.42808	0.736635	84	0	-0.29205
UBQLN3	8	0.61124	0.75619	0.999995	461	2	-0.31849	0.8279	0.82753	0.999995	760	0	-0.31849
SPTAN1	8	0.61222	0.75688	0.999995	462	2	-0.030954	0.42829	0.42808	0.736635	305	0	-0.030954
UQCRC1	8	0.61244	0.75695	0.999995	463	2	-0.37368	0.98424	0.98416	0.999995	932	0	-0.37368
ARID4A	8	0.61602	0.75931	0.999995	464	2	-0.27597	0.80556	0.80567	0.999995	737	0	-0.27597
ERO1B	8	0.61667	0.75969	0.999995	465	1	-0.28255	0.42829	0.42808	0.736635	575	0	-0.28255
CYP2C8	8	0.61691	0.75991	0.999995	466	2	-0.27656	0.74875	0.74848	0.999995	693	0	-0.27656
CAND1	8	0.6184	0.76085	0.999995	467	2	-0.31887	0.42829	0.42808	0.736635	439	0	-0.31887
TPRX1	8	0.61868	0.7611	0.999995	468	1	-0.1887	0.42829	0.42808	0.736635	180	0	-0.1887
HNRNPH3	8	0.61988	0.76195	0.999995	469	1	-0.35152	0.76495	0.76485	0.999995	706	0	-0.35152
IMPDH2	8	0.62283	0.76405	0.999995	470	2	-0.38991	0.42829	0.42808	0.736635	481	0	-0.38991
SAP30L	8	0.62401	0.76477	0.999995	471	2	-0.21183	0.42829	0.42808	0.736635	78	0	-0.21183
ALDOC	8	0.62665	0.76652	0.999995	472	2	-0.23146	0.75261	0.75223	0.999995	699	0	-0.23146
ULK1	8	0.62701	0.76669	0.999995	473	1	-0.12337	0.42829	0.42808	0.736635	184	0	-0.12337
GATAD2A	8	0.63132	0.76957	0.999995	474	2	-0.28659	0.42829	0.42808	0.736635	607	0	-0.28659
MMD2	8	0.63306	0.771	0.999995	475	2	-0.29129	0.78898	0.7888	0.999995	724	0	-0.29129
CADPS	8	0.63325	0.77114	0.999995	476	2	-0.19759	0.42829	0.42808	0.736635	440	0	-0.19759
REG3A	8	0.63335	0.7712	0.999995	477	2	-0.28308	0.42829	0.42808	0.736635	85	0	-0.28308
STAM	8	0.63364	0.77136	0.999995	478	2	-0.25766	0.42829	0.42808	0.736635	320	0	-0.25766
DYNLT1	8	0.64056	0.77573	0.999995	479	2	-0.30034	0.42829	0.42808	0.736635	365	0	-0.30034
SAFB2	8	0.6413	0.77611	0.999995	480	1	-0.17209	0.42829	0.42808	0.736635	76	0	-0.17209
TREML4	7	0.6416	0.76866	0.999995	481	1	-0.33113	0.6463	0.64534	0.999995	622	0	-0.33113
COPS7B	8	0.64508	0.77857	0.999995	482	1	-0.22665	0.71338	0.71317	0.999995	665	0	-0.22665
CCDC69	8	0.64512	0.77858	0.999995	483	2	-0.19804	0.42829	0.42808	0.736635	448	0	-0.19804
GRHL3	8	0.64845	0.78093	0.999995	484	1	-0.17649	0.72921	0.72872	0.999995	678	0	-0.17649
NDUFC1	8	0.64909	0.78127	0.999995	485	2	-0.18822	0.82182	0.82165	0.999995	752	0	-0.18822
TIMM23B	7	0.65355	0.77817	0.999995	486	2	-0.33288	0.83528	0.83373	0.999995	771	0	-0.33288
CYP26C1	8	0.65471	0.78492	0.999995	487	2	-0.25707	0.79136	0.79114	0.999995	727	0	-0.25707
NHLRC1	8	0.65861	0.78757	0.999995	488	2	-0.11813	0.42829	0.42808	0.736635	103	0	-0.11813
HTR2C	8	0.65888	0.78782	0.999995	489	2	-0.14885	0.42829	0.42808	0.736635	510	0	-0.14885
KCNT1	8	0.65944	0.78824	0.999995	490	2	-0.25429	0.42829	0.42808	0.736635	486	0	-0.25429
FNIP1	8	0.66057	0.78909	0.999995	491	2	-0.2212	0.42829	0.42808	0.736635	550	0	-0.2212
PPP3CC	8	0.66082	0.78925	0.999995	492	2	-0.21788	0.42829	0.42808	0.736635	151	0	-0.21788
STRADA	8	0.66166	0.78976	0.999995	493	1	-0.26935	0.8265	0.82626	0.999995	758	0	-0.26935
CDK5R2	8	0.6622	0.79008	0.999995	494	2	-0.2827	0.42829	0.42808	0.736635	356	0	-0.2827
TNKS2	8	0.66303	0.79056	0.999995	495	2	-0.25122	0.42829	0.42808	0.736635	193	0	-0.25122
NBEAL1	8	0.66489	0.79188	0.999995	496	1	-0.2742	0.79857	0.79831	0.999995	730	0	-0.2742
BZW1	6	0.66859	0.75176	0.999995	497	1	-0.091418	0.34252	0.34224	0.736635	6	0	-0.091418
GPR151	8	0.6696	0.79504	0.999995	498	2	-0.23075	0.42829	0.42808	0.736635	589	0	-0.23075
NR5A2	8	0.67042	0.79561	0.999995	499	2	-0.21925	0.42829	0.42808	0.736635	100	0	-0.21925
CRY2	8	0.67128	0.79617	0.999995	500	2	-0.26434	0.72017	0.71973	0.999995	673	0	-0.26434
MYD88	8	0.67232	0.79685	0.999995	501	2	-0.18727	0.42829	0.42808	0.736635	116	0	-0.18727
KRT74	8	0.67233	0.79687	0.999995	502	2	-0.079788	0.42829	0.42808	0.736635	535	0	-0.079788
NDUFB4	8	0.67259	0.79703	0.999995	503	2	-0.27372	0.96095	0.96025	0.999995	894	0	-0.27372
IL6R	8	0.67303	0.79738	0.999995	504	1	-0.32268	0.85822	0.85798	0.999995	793	0	-0.32268
FEZ2	8	0.67394	0.79799	0.999995	505	2	-0.14518	0.42829	0.42808	0.736635	580	0	-0.14518
UBASH3B	8	0.67448	0.79842	0.999995	506	2	-0.35969	0.42829	0.42808	0.736635	181	0	-0.35969
SLC11A1	8	0.67582	0.79941	0.999995	507	1	-0.12974	0.7861	0.78612	0.999995	721	0	-0.12974
ATM	8	0.67609	0.79963	0.999995	508	2	-0.2126	0.70708	0.70754	0.999995	657	0	-0.2126
TOB2	8	0.67717	0.80032	0.999995	509	2	-0.29678	0.42829	0.42808	0.736635	207	0	-0.29678
HRAS	8	0.67743	0.80048	0.999995	510	2	-0.35129	0.9927	0.99263	0.999995	956	0	-0.35129
KAT6A	8	0.67755	0.80051	0.999995	511	1	-0.22767	0.42829	0.42808	0.736635	484	0	-0.22767
SPAG9	8	0.6785	0.80121	0.999995	512	2	-0.18183	0.42829	0.42808	0.736635	309	0	-0.18183
IRF4	8	0.67877	0.80135	0.999995	513	2	-0.18171	0.79041	0.79023	0.999995	726	0	-0.18171
PLCG1	8	0.68011	0.80233	0.999995	514	2	-0.19391	0.42829	0.42808	0.736635	141	0	-0.19391
APH1B	8	0.68037	0.80257	0.999995	515	2	-0.32384	0.89396	0.89379	0.999995	830	0	-0.32384
IDH3B	8	0.68064	0.80281	0.999995	516	2	-0.12131	0.42829	0.42808	0.736635	492	0	-0.12131
SAR1B	8	0.6825	0.80408	0.999995	517	2	-0.22351	0.42829	0.42808	0.736635	77	0	-0.22351
RRAGC	8	0.68383	0.80493	0.999995	518	2	-0.25095	0.42829	0.42808	0.736635	79	0	-0.25095
CYP2A6	8	0.68515	0.80579	0.999995	519	2	-0.30172	0.42829	0.42808	0.736635	387	0	-0.30172
FMR1	8	0.68804	0.80765	0.999995	520	2	-0.15647	0.72261	0.72224	0.999995	674	0	-0.15647
TSPO2	8	0.68831	0.80779	0.999995	521	2	-0.28239	0.42829	0.42808	0.736635	187	0	-0.28239
PDCD6IP	8	0.68883	0.80811	0.999995	522	2	-0.37217	0.42829	0.42808	0.736635	155	0	-0.37217
MOGAT2	8	0.68913	0.80834	0.999995	523	2	-0.34734	0.42829	0.42808	0.736635	61	0	-0.34734
SIX6	8	0.69092	0.80983	0.999995	524	2	-0.33118	0.95685	0.95595	0.999995	889	0	-0.33118
LNX2	8	0.69118	0.80992	0.999995	525	2	-0.34487	0.82468	0.82441	0.999995	755	0	-0.34487
IL10RA	8	0.69144	0.81009	0.999995	526	2	-0.3102	0.42829	0.42808	0.736635	479	0	-0.3102
AP5M1	8	0.69378	0.81149	0.999995	527	2	-0.28925	0.42829	0.42808	0.736635	401	0	-0.28925
AIPL1	8	0.69379	0.81149	0.999995	528	2	-0.17424	0.42829	0.42808	0.736635	428	0	-0.17424
DPCR1	8	0.69456	0.81206	0.999995	529	2	-0.36593	0.83649	0.83625	0.999995	772	0	-0.36593
L3MBTL2	8	0.69508	0.81242	0.999995	530	2	-0.21198	0.73856	0.73789	0.999995	685	0	-0.21198
ACACB	8	0.69534	0.81258	0.999995	531	2	-0.21325	0.42829	0.42808	0.736635	417	0	-0.21325
EXOC6	8	0.69663	0.81346	0.999995	532	2	-0.2891	0.96013	0.9595	0.999995	893	0	-0.2891
KAT6B	8	0.69806	0.81443	0.999995	533	1	-0.23198	0.76678	0.76668	0.999995	708	0	-0.23198
LIN28B	8	0.69903	0.81506	0.999995	534	1	-0.13299	0.42829	0.42808	0.736635	542	0	-0.13299
PCBD2	8	0.69997	0.81569	0.999995	535	2	-0.3002	0.42829	0.42808	0.736635	159	0	-0.3002
GOLPH3L	8	0.7015	0.81684	0.999995	536	2	-0.26062	0.42829	0.42808	0.736635	586	0	-0.26062
SLC11A2	8	0.70226	0.81753	0.999995	537	2	-0.29102	0.42829	0.42808	0.736635	282	0	-0.29102
SNTA1	8	0.70379	0.81849	0.999995	538	2	-0.19008	0.42829	0.42808	0.736635	260	0	-0.19008
IQCA1	8	0.70453	0.81905	0.999995	539	1	-0.2443	0.42829	0.42808	0.736635	478	0	-0.2443
SHCBP1L	8	0.7074	0.8212	0.999995	540	1	-0.26848	0.42829	0.42808	0.736635	268	0	-0.26848
IPO8	8	0.70771	0.82141	0.999995	541	1	-0.3145	0.94196	0.94113	0.999995	878	0	-0.3145
G3BP1	7	0.70883	0.80381	0.999995	542	1	-0.24094	0.68452	0.68334	0.999995	640	0	-0.24094
CHUK	16	0.70901	0.8932	0.999995	543	2	-0.19041	0.67315	0.67251	0.999995	632	0	-0.19041
PMM1	8	0.70909	0.82227	0.999995	544	2	-0.33299	0.42829	0.42808	0.736635	139	0	-0.33299
KPNA3	8	0.70984	0.8228	0.999995	545	2	-0.21968	0.42829	0.42808	0.736635	537	0	-0.21968
FXR1	8	0.70993	0.82281	0.999995	546	2	-0.39806	0.834	0.83385	0.999995	768	0	-0.39806
PLXDC1	16	0.71039	0.89405	0.999995	547	4	-0.21129	0.67315	0.67251	0.999995	633	0	-0.21129
SEC23B	8	0.71059	0.82323	0.999995	548	2	-0.25383	0.42829	0.42808	0.736635	274	0	-0.25383
EFR3A	8	0.71159	0.82396	0.999995	549	2	-0.2951	0.42829	0.42808	0.736635	363	0	-0.2951
CABP5	8	0.71209	0.8242	0.999995	550	2	-0.26345	0.42829	0.42808	0.736635	443	0	-0.26345
SYK	8	0.71284	0.8248	0.999995	551	2	-0.078546	0.42829	0.42808	0.736635	302	0	-0.078546
MYCN	8	0.71307	0.82503	0.999995	552	1	-0.080442	0.42829	0.42808	0.736635	117	0	-0.080442
BTBD11	8	0.71754	0.82815	0.999995	553	2	-0.30649	0.42829	0.42808	0.736635	454	0	-0.30649
NAT8L	8	0.71877	0.82894	0.999995	554	2	-0.26522	0.82326	0.823	0.999995	754	0	-0.26522
TTC7B	8	0.7195	0.82941	0.999995	555	2	-0.23991	0.8485	0.8483	0.999995	781	0	-0.23991
GPR50	8	0.72291	0.83173	0.999995	556	1	-0.33623	0.42829	0.42808	0.736635	600	0	-0.33623
PACS2	8	0.72292	0.83173	0.999995	557	2	-0.19671	0.42829	0.42808	0.736635	108	0	-0.19671
ARPC5	8	0.72382	0.8324	0.999995	558	1	-0.13492	0.42829	0.42808	0.736635	410	0	-0.13492
GYS2	8	0.72472	0.83307	0.999995	559	1	-0.19289	0.42829	0.42808	0.736635	593	0	-0.19289
RAMP2	8	0.72631	0.8342	0.999995	560	2	-0.3771	0.97516	0.97454	0.999995	916	0	-0.3771
TSTD1	8	0.72655	0.83436	0.999995	561	2	-0.24495	0.42829	0.42808	0.736635	186	0	-0.24495
YBX3	8	0.72799	0.83538	0.999995	562	2	-0.22444	0.42829	0.42808	0.736635	239	0	-0.22444
EZH1	8	0.72891	0.83609	0.999995	563	1	-0.34522	0.86139	0.86073	0.999995	795	0	-0.34522
DCAF4L2	8	0.72967	0.83674	0.999995	564	2	-0.28663	0.42829	0.42808	0.736635	383	0	-0.28663
NXT2	8	0.73015	0.83715	0.999995	565	2	-0.32419	0.42829	0.42808	0.736635	109	0	-0.32419
EP300	8	0.73098	0.83768	0.999995	566	1	0	0.42829	0.42808	0.736635	377	0	0
EXOC6B	8	0.73158	0.83807	0.999995	567	2	-0.26649	0.42829	0.42808	0.736635	569	0	-0.26649
BZW2	8	0.73276	0.83898	0.999995	568	2	-0.11436	0.42829	0.42808	0.736635	442	0	-0.11436
TPST1	8	0.73347	0.83951	0.999995	569	2	-0.38788	0.42829	0.42808	0.736635	179	0	-0.38788
GLT6D1	8	0.73395	0.83989	0.999995	570	2	-0.33365	0.95703	0.95616	0.999995	890	0	-0.33365
VANGL1	8	0.73489	0.84056	0.999995	571	2	-0.26232	0.42829	0.42808	0.736635	228	0	-0.26232
SRI	8	0.73509	0.84074	0.999995	572	2	-0.10978	0.42829	0.42808	0.736635	317	0	-0.10978
ZMIZ2	8	0.73536	0.84098	0.999995	573	2	-0.1485	0.42829	0.42808	0.736635	223	0	-0.1485
RNF125	8	0.73584	0.84137	0.999995	574	2	-0.30936	0.42829	0.42808	0.736635	93	0	-0.30936
NSG1	8	0.73607	0.8415	0.999995	575	2	-0.19839	0.42829	0.42808	0.736635	113	0	-0.19839
TCF3	8	0.73631	0.84168	0.999995	576	2	-0.26951	0.42829	0.42808	0.736635	301	0	-0.26951
XPR1	8	0.73654	0.84188	0.999995	577	1	-0.3582	0.42829	0.42808	0.736635	241	0	-0.3582
TPST2	8	0.73701	0.84231	0.999995	578	2	-0.19589	0.42829	0.42808	0.736635	176	0	-0.19589
PHLDA2	8	0.73888	0.84348	0.999995	579	2	-0.12605	0.42829	0.42808	0.736635	164	0	-0.12605
MYBPH	8	0.73912	0.84366	0.999995	580	2	-0.31811	0.98102	0.98066	0.999995	926	0	-0.31811
PAPSS1	8	0.74051	0.84472	0.999995	581	2	-0.28881	0.8806	0.87982	0.999995	817	0	-0.28881
SMARCC2	8	0.74075	0.84487	0.999995	582	2	-0.27286	0.8893	0.88909	0.999995	826	0	-0.27286
AP3M1	8	0.74168	0.84558	0.999995	583	2	-0.093846	0.42829	0.42808	0.736635	398	0	-0.093846
PSEN1	8	0.742	0.8458	0.999995	584	1	-0.25674	0.88318	0.88289	0.999995	822	0	-0.25674
ZNF284	8	0.74306	0.84656	0.999995	585	2	-0.23692	0.42829	0.42808	0.736635	222	0	-0.23692
BECN2	8	0.7433	0.84671	0.999995	586	2	-0.29156	0.42829	0.42808	0.736635	468	0	-0.29156
CLDN4	8	0.7437	0.84705	0.999995	587	1	-0.26874	0.73827	0.73768	0.999995	684	0	-0.26874
VPS26A	8	0.74455	0.84772	0.999995	588	1	-0.35407	0.98934	0.98903	0.999995	944	0	-0.35407
MPC1	8	0.74514	0.84821	0.999995	589	2	-0.31641	0.74398	0.74302	0.999995	688	0	-0.31641
DGKZ	6	0.74556	0.78751	0.999995	590	1	-0.35592	0.63135	0.63286	0.999995	620	0	-0.35592
TFDP3	7	0.74871	0.81796	0.999995	591	1	-0.19602	0.38691	0.38691	0.736635	34	0	-0.19602
LMBR1L	8	0.74958	0.84961	0.999995	592	1	-0.065298	0.42829	0.42808	0.736635	518	0	-0.065298
ZAP70	8	0.75316	0.85051	0.999995	593	1	-0.16618	0.42829	0.42808	0.736635	216	0	-0.16618
GBP3	8	0.7548	0.85099	0.999995	594	1	-0.28089	0.42829	0.42808	0.736635	616	0	-0.28089
PRKAB2	8	0.75939	0.85238	0.999995	595	1	-0.12144	0.42829	0.42808	0.736635	96	0	-0.12144
TAS1R2	8	0.76258	0.85326	0.999995	596	1	-0.34343	0.87663	0.87585	0.999995	812	0	-0.34343
DMXL1	8	0.76364	0.85359	0.999995	597	1	-0.17003	0.42829	0.42808	0.736635	389	0	-0.17003
HMGCS2	8	0.76495	0.85394	0.999995	598	1	-0.080102	0.42829	0.42808	0.736635	500	0	-0.080102
DGKI	8	0.7686	0.85512	0.999995	599	1	-0.12564	0.42829	0.42808	0.736635	396	0	-0.12564
ARFGEF2	8	0.76937	0.85528	0.999995	600	1	-0.33823	0.93309	0.93231	0.999995	868	0	-0.33823
RBMXL2	8	0.77015	0.85546	0.999995	601	1	-0.11584	0.42829	0.42808	0.736635	49	0	-0.11584
DDX39A	8	0.77194	0.85595	0.999995	602	1	-0.1218	0.42829	0.42808	0.736635	380	0	-0.1218
E2F4	8	0.778	0.85804	0.999995	603	1	-0.19734	0.42829	0.42808	0.736635	364	0	-0.19734
ADAP1	8	0.77974	0.85862	0.999995	604	1	-0.22123	0.42829	0.42808	0.736635	431	0	-0.22123
WASL	8	0.78048	0.85878	0.999995	605	1	-0.2554	0.42829	0.42808	0.736635	245	0	-0.2554
JAG1	8	0.78221	0.85936	0.999995	606	1	-0.26309	0.84287	0.84246	0.999995	777	0	-0.26309
ZDHHC17	8	0.78537	0.86024	0.999995	607	1	-0.17568	0.42829	0.42808	0.736635	210	0	-0.17568
RNF10	8	0.78634	0.86053	0.999995	608	1	-0.24404	0.88175	0.8813	0.999995	819	0	-0.24404
TIMP2	8	0.78779	0.86095	0.999995	609	1	-0.27613	0.42829	0.42808	0.736635	296	0	-0.27613
FAM71B	8	0.78946	0.86152	0.999995	610	1	-0.20906	0.42829	0.42808	0.736635	582	0	-0.20906
GCM2	8	0.7897	0.86161	0.999995	611	1	-0.22106	0.75206	0.7517	0.999995	698	0	-0.22106
ADM	8	0.78993	0.86176	0.999995	612	1	-0.22728	0.42829	0.42808	0.736635	427	0	-0.22728
RRM2B	16	0.79087	0.92856	0.999995	613	3	-0.25653	0.67315	0.67251	0.999995	626	0	-0.25653
MTA1	8	0.79088	0.86206	0.999995	614	1	-0.098582	0.75096	0.75068	0.999995	697	0	-0.098582
DRD3	8	0.79112	0.86213	0.999995	615	1	-0.2739	0.96521	0.96481	0.999995	900	0	-0.2739
SNRPN	7	0.79621	0.83752	0.999995	616	1	-0.25094	0.38691	0.38691	0.736635	29	0	-0.25094
TRPC7	8	0.79627	0.86378	0.999995	617	1	-0.35286	0.42829	0.42808	0.736635	175	0	-0.35286
AKAP11	8	0.79788	0.86433	0.999995	618	1	-0.079768	0.69576	0.69648	0.999995	645	0	-0.079768
RSC1A1	8	0.7988	0.86465	0.999995	619	1	-0.1325	0.42829	0.42808	0.736635	70	0	-0.1325
NKAPL	8	0.80266	0.86595	0.999995	620	1	-0.17039	0.71275	0.71265	0.999995	663	0	-0.17039
CCT6B	8	0.80356	0.86629	0.999995	621	1	-0.22615	0.42829	0.42808	0.736635	349	0	-0.22615
THRAP3	7	0.8036	0.84073	0.999995	622	1	-0.14464	0.38691	0.38691	0.736635	19	0	-0.14464
PDGFC	8	0.80378	0.86644	0.999995	623	1	-0.059879	0.42829	0.42808	0.736635	157	0	-0.059879
GALNT5	8	0.80512	0.86709	0.999995	624	1	-0.14854	0.42829	0.42808	0.736635	605	0	-0.14854
GBX1	8	0.80821	0.86814	0.999995	625	1	-0.10773	0.42829	0.42808	0.736635	615	0	-0.10773
ATAD2	8	0.80909	0.86839	0.999995	626	1	-0.14214	0.42829	0.42808	0.736635	460	0	-0.14214
COPG2	8	0.81127	0.86904	0.999995	627	1	-0.26112	0.75069	0.75041	0.999995	696	0	-0.26112
TOMM40L	8	0.81299	0.86968	0.999995	628	1	-0.16538	0.42829	0.42808	0.736635	201	0	-0.16538
PIP4P2	8	0.81385	0.86997	0.999995	629	1	-0.21659	0.42829	0.42808	0.736635	165	0	-0.21659
EPC1	8	0.81406	0.87002	0.999995	630	1	-0.20488	0.42829	0.42808	0.736635	376	0	-0.20488
DZIP1L	8	0.81724	0.87112	0.999995	631	1	-0.10703	0.42829	0.42808	0.736635	368	0	-0.10703
ZIC3	8	0.81745	0.87121	0.999995	632	1	-0.13793	0.42829	0.42808	0.736635	211	0	-0.13793
AHCYL2	8	0.82038	0.87224	0.999995	633	1	-0.10814	0.83107	0.83089	0.999995	764	0	-0.10814
RNF130	8	0.82141	0.87264	0.999995	634	1	-0.28162	0.42829	0.42808	0.736635	92	0	-0.28162
CHSY3	8	0.82162	0.87267	0.999995	635	1	-0.16043	0.42829	0.42808	0.736635	330	0	-0.16043
HACD1	8	0.82264	0.87308	0.999995	636	1	-0.060666	0.42829	0.42808	0.736635	549	0	-0.060666
RECK	8	0.82468	0.87385	0.999995	637	1	-0.15077	0.42829	0.42808	0.736635	47	0	-0.15077
SLC10A2	8	0.82529	0.87409	0.999995	638	1	-0.2469	0.42829	0.42808	0.736635	283	0	-0.2469
TNR	8	0.8261	0.87445	0.999995	639	1	-0.18797	0.42829	0.42808	0.736635	205	0	-0.18797
DBT	8	0.8271	0.87491	0.999995	640	1	-0.1061	0.42829	0.42808	0.736635	386	0	-0.1061
AOX1	8	0.8273	0.87497	0.999995	641	1	-0.20854	0.42829	0.42808	0.736635	405	0	-0.20854
ERC1	8	0.8285	0.87555	0.999995	642	1	-0.13176	0.42829	0.42808	0.736635	372	0	-0.13176
STX4	8	0.8293	0.87584	0.999995	643	1	-0.19471	0.88233	0.88194	0.999995	820	0	-0.19471
SIN3B	8	0.83225	0.87698	0.999995	644	1	-0.32995	0.72622	0.72601	0.999995	677	0	-0.32995
HRH3	8	0.83322	0.87738	0.999995	645	1	-0.248	0.42829	0.42808	0.736635	507	0	-0.248
ARFGEF1	8	0.83477	0.87793	0.999995	646	1	-0.27962	0.7074	0.70782	0.999995	658	0	-0.27962
ERO1A	8	0.83515	0.87805	0.999995	647	1	-0.083315	0.42829	0.42808	0.736635	576	0	-0.083315
DDI1	16	0.83541	0.94391	0.999995	648	3	-0.19409	0.67315	0.67251	0.999995	630	0	-0.19409
DNAJC15	8	0.83821	0.87926	0.999995	649	1	-0.27669	0.94423	0.94347	0.999995	881	0	-0.27669
RIMKLB	6	0.83835	0.84535	0.999995	650	1	-0.30124	0.86226	0.86401	0.999995	797	0	-0.30124
SUSD1	8	0.83839	0.87936	0.999995	651	1	-0.2038	0.42829	0.42808	0.736635	314	0	-0.2038
ZNF418	8	0.83934	0.87975	0.999995	652	1	-0.29092	0.74028	0.73952	0.999995	686	0	-0.29092
NCKAP1L	8	0.8399	0.87998	0.999995	653	1	-0.30517	0.87346	0.87267	0.999995	808	0	-0.30517
MORF4L1	6	0.84108	0.84745	0.999995	654	1	-0.33391	0.34252	0.34224	0.736635	13	0	-0.33391
TPBG	8	0.84158	0.88056	0.999995	655	1	-0.17381	0.42829	0.42808	0.736635	178	0	-0.17381
FOXE3	8	0.84251	0.88086	0.999995	656	1	-0.16256	0.42829	0.42808	0.736635	564	0	-0.16256
GPR183	8	0.84306	0.88107	0.999995	657	1	-0.19865	0.42829	0.42808	0.736635	588	0	-0.19865
PHLDA3	8	0.84453	0.88176	0.999995	658	1	-0.12717	0.42829	0.42808	0.736635	163	0	-0.12717
COPS7A	8	0.84526	0.88214	0.999995	659	1	-0.085108	0.42829	0.42808	0.736635	337	0	-0.085108
TOMM20L	8	0.8467	0.88268	0.999995	660	1	-0.17921	0.42829	0.42808	0.736635	204	0	-0.17921
GXYLT1	8	0.84814	0.88329	0.999995	661	1	-0.10024	0.42829	0.42808	0.736635	596	0	-0.10024
CAV1	8	0.84975	0.88409	0.999995	662	1	-0.29075	0.42829	0.42808	0.736635	449	0	-0.29075
NETO1	8	0.85168	0.88492	0.999995	663	1	-0.30453	0.78802	0.78785	0.999995	723	0	-0.30453
RAP1GAP	8	0.85186	0.88502	0.999995	664	1	-0.11687	0.42829	0.42808	0.736635	39	0	-0.11687
ADARB1	8	0.85256	0.88536	0.999995	665	1	-0.13724	0.42829	0.42808	0.736635	434	0	-0.13724
DZIP3	8	0.85273	0.88538	0.999995	666	1	-0.22889	0.42829	0.42808	0.736635	367	0	-0.22889
ITGB1BP2	8	0.85291	0.88541	0.999995	667	1	-0.083642	0.42829	0.42808	0.736635	489	0	-0.083642
PXDN	8	0.85395	0.88587	0.999995	668	1	-0.23631	0.92055	0.91998	0.999995	855	0	-0.23631
CAB39L	8	0.85464	0.88617	0.999995	669	1	-0.11435	0.42829	0.42808	0.736635	444	0	-0.11435
SLC35F4	8	0.85567	0.88652	0.999995	670	1	-0.28218	0.42829	0.42808	0.736635	252	0	-0.28218
ELL2	7	0.8558	0.86872	0.999995	671	1	-0.1592	0.78073	0.77947	0.999995	717	0	-0.1592
HPS1	8	0.85788	0.88748	0.999995	672	1	-0.18319	0.42829	0.42808	0.736635	495	0	-0.18319
POU5F2	8	0.85805	0.88756	0.999995	673	1	-0.19839	0.42829	0.42808	0.736635	138	0	-0.19839
TMEM9B	8	0.85822	0.88764	0.999995	674	1	-0.1147	0.42829	0.42808	0.736635	194	0	-0.1147
GJA8	8	0.86221	0.88947	0.999995	675	1	-0.33958	0.8338	0.83362	0.999995	767	0	-0.33958
RPRD1A	8	0.86611	0.89122	0.999995	676	1	-0.27752	0.42829	0.42808	0.736635	90	0	-0.27752
RHOBTB2	8	0.86786	0.89215	0.999995	677	1	-0.11507	0.42829	0.42808	0.736635	87	0	-0.11507
CELA2A	8	0.86865	0.89248	0.999995	678	1	-0.22786	0.42829	0.42808	0.736635	350	0	-0.22786
SATB1	8	0.86881	0.89256	0.999995	679	1	-0.28065	0.42829	0.42808	0.736635	72	0	-0.28065
ZDHHC13	8	0.86897	0.89261	0.999995	680	1	-0.16528	0.42829	0.42808	0.736635	213	0	-0.16528
AMELX	8	0.86912	0.89273	0.999995	681	1	-0.2945	0.42829	0.42808	0.736635	404	0	-0.2945
KLF5	8	0.86959	0.89298	0.999995	682	1	-0.24928	0.90599	0.90528	0.999995	842	0	-0.24928
OSBPL6	8	0.87177	0.89389	0.999995	683	1	-0.28848	0.9425	0.94174	0.999995	880	0	-0.28848
TPBGL	8	0.87208	0.89405	0.999995	684	1	-0.20301	0.42829	0.42808	0.736635	177	0	-0.20301
SPTA1	8	0.87239	0.89425	0.999995	685	1	-0.22468	0.42829	0.42808	0.736635	306	0	-0.22468
DGAT1	8	0.87315	0.89462	0.999995	686	1	-0.081077	0.42829	0.42808	0.736635	393	0	-0.081077
PTPN21	8	0.87407	0.89502	0.999995	687	1	-0.096917	0.42829	0.42808	0.736635	54	0	-0.096917
SPDEF	8	0.87467	0.89535	0.999995	688	1	-0.28949	0.42829	0.42808	0.736635	310	0	-0.28949
LIMK2	8	0.87722	0.89674	0.999995	689	1	-0.24014	0.79994	0.7998	0.999995	732	0	-0.24014
SPOPL	8	0.87752	0.89689	0.999995	690	1	-0.22763	0.42829	0.42808	0.736635	303	0	-0.22763
KRTAP10-10	8	0.87855	0.89751	0.999995	691	1	-0.20276	0.42829	0.42808	0.736635	531	0	-0.20276
SLC9A3R1	8	0.87987	0.8981	0.999995	692	1	-0.26886	0.93464	0.93391	0.999995	870	0	-0.26886
XYLT1	8	0.88002	0.89817	0.999995	693	1	-0.26271	0.42829	0.42808	0.736635	238	0	-0.26271
LRFN1	8	0.88016	0.89831	0.999995	694	1	-0.25548	0.42829	0.42808	0.736635	516	0	-0.25548
LBX1	8	0.8806	0.89856	0.999995	695	1	-0.10737	0.42829	0.42808	0.736635	548	0	-0.10737
PRDM13	8	0.88074	0.89865	0.999995	696	1	-0.21822	0.42829	0.42808	0.736635	144	0	-0.21822
EZH2	8	0.88147	0.89907	0.999995	697	1	-0.15636	0.8261	0.82589	0.999995	757	0	-0.15636
TBC1D1	8	0.88204	0.89945	0.999995	698	1	-0.21864	0.42829	0.42808	0.736635	291	0	-0.21864
RANBP17	8	0.88233	0.89964	0.999995	699	1	-0.26823	0.70835	0.70864	0.999995	659	0	-0.26823
PAX4	8	0.88446	0.90076	0.999995	700	1	-0.079744	0.42829	0.42808	0.736635	134	0	-0.079744
ATP6V1C2	16	0.88449	0.96286	0.999995	701	3	-0.1948	0.67315	0.67251	0.999995	629	0	-0.1948
TGFBR2	8	0.88474	0.9009	0.999995	702	1	-0.1045	0.42829	0.42808	0.736635	294	0	-0.1045
CHML	8	0.88502	0.90106	0.999995	703	1	-0.3126	0.82569	0.82543	0.999995	756	0	-0.3126
ZG16	8	0.88516	0.90112	0.999995	704	1	-0.18355	0.42829	0.42808	0.736635	212	0	-0.18355
NCBP2L	8	0.8853	0.90119	0.999995	705	1	-0.2388	0.42829	0.42808	0.736635	132	0	-0.2388
KCNMB3	7	0.88687	0.89001	0.999995	706	1	-0.27305	0.38691	0.38691	0.736635	35	0	-0.27305
DEGS1	8	0.88711	0.90212	0.999995	707	1	-0.12864	0.42829	0.42808	0.736635	382	0	-0.12864
TTC23	8	0.88725	0.90223	0.999995	708	1	-0.21569	0.42829	0.42808	0.736635	189	0	-0.21569
ULK2	8	0.8897	0.90348	0.999995	709	1	-0.16638	0.79903	0.79888	0.999995	731	0	-0.16638
CBLL2	8	0.89078	0.90398	0.999995	710	1	-0.16347	0.81428	0.8143	0.999995	744	0	-0.16347
SEC23A	8	0.89105	0.90417	0.999995	711	1	-0.11091	0.42829	0.42808	0.736635	271	0	-0.11091
DUOX2	8	0.89145	0.90444	0.999995	712	1	-0.040712	0.42829	0.42808	0.736635	390	0	-0.040712
CRX	8	0.89278	0.90514	0.999995	713	1	-0.24505	0.86205	0.8615	0.999995	796	0	-0.24505
LIF	8	0.8937	0.90575	0.999995	714	1	-0.29976	0.42829	0.42808	0.736635	541	0	-0.29976
ANXA1	8	0.89409	0.90594	0.999995	715	1	-0.14837	0.42829	0.42808	0.736635	406	0	-0.14837
CCNL2	8	0.89769	0.90785	0.999995	716	1	-0.12409	0.42829	0.42808	0.736635	346	0	-0.12409
PRSS37	8	0.89845	0.9083	0.999995	717	1	-0.13639	0.42829	0.42808	0.736635	41	0	-0.13639
FBLN1	8	0.89895	0.90864	0.999995	718	1	-0.28933	0.42829	0.42808	0.736635	581	0	-0.28933
RTP1	8	0.89958	0.90907	0.999995	719	1	-0.18791	0.42829	0.42808	0.736635	64	0	-0.18791
COX6B2	8	0.90057	0.90951	0.999995	720	1	-0.25552	0.42829	0.42808	0.736635	339	0	-0.25552
CAVIN1	8	0.90168	0.91016	0.999995	721	1	-0.30651	0.42829	0.42808	0.736635	446	0	-0.30651
SAP30	8	0.90204	0.91033	0.999995	722	1	-0.146	0.42829	0.42808	0.736635	75	0	-0.146
GSTP1	8	0.90301	0.91085	0.999995	723	1	-0.33326	0.42829	0.42808	0.736635	597	0	-0.33326
RC3H2	8	0.90325	0.91101	0.999995	724	1	-0.31669	0.42829	0.42808	0.736635	45	0	-0.31669
ESRP1	8	0.90362	0.91129	0.999995	725	1	-0.16109	0.71494	0.71474	0.999995	667	0	-0.16109
CTPS1	8	0.90386	0.91143	0.999995	726	1	-0.16222	0.42829	0.42808	0.736635	333	0	-0.16222
TMEM120B	8	0.90398	0.91146	0.999995	727	1	-0.14902	0.42829	0.42808	0.736635	196	0	-0.14902
VPS37A	8	0.90493	0.91204	0.999995	728	1	-0.29582	0.42829	0.42808	0.736635	230	0	-0.29582
RCBTB1	8	0.90529	0.91223	0.999995	729	1	-0.12232	0.7775	0.77731	0.999995	716	0	-0.12232
FAM50A	8	0.90552	0.91236	0.999995	730	1	-0.3018	0.69478	0.69559	0.999995	644	0	-0.3018
MEP1B	8	0.90564	0.91242	0.999995	731	1	-0.23387	0.42829	0.42808	0.736635	52	0	-0.23387
FAM126B	8	0.90588	0.91259	0.999995	732	1	-0.17548	0.42829	0.42808	0.736635	571	0	-0.17548
DLL4	8	0.90611	0.91275	0.999995	733	1	-0.23753	0.96193	0.96126	0.999995	896	0	-0.23753
SOS2	8	0.90623	0.91282	0.999995	734	1	-0.11958	0.76443	0.76417	0.999995	705	0	-0.11958
SMARCA2	8	0.90635	0.91286	0.999995	735	1	-0.23315	0.42829	0.42808	0.736635	250	0	-0.23315
NDEL1	8	0.90705	0.91335	0.999995	736	1	-0.14996	0.42829	0.42808	0.736635	127	0	-0.14996
ICK	8	0.90716	0.9134	0.999995	737	1	-0.219	0.42829	0.42808	0.736635	505	0	-0.219
MAPK8IP3	8	0.90809	0.91396	0.999995	738	1	-0.010749	0.42829	0.42808	0.736635	527	0	-0.010749
PACS1	8	0.90832	0.91417	0.999995	739	1	-0.19383	0.83915	0.83896	0.999995	773	0	-0.19383
SLC25A37	8	0.90855	0.91438	0.999995	740	1	-0.23109	0.76963	0.76949	0.999995	710	0	-0.23109
GSX1	8	0.90981	0.91517	0.999995	741	1	-0.28445	0.80221	0.802	0.999995	733	0	-0.28445
OGDHL	8	0.91048	0.91572	0.999995	742	1	-0.18453	0.84324	0.84278	0.999995	778	0	-0.18453
CDK8	8	0.91116	0.91617	0.999995	743	1	-0.062813	0.42829	0.42808	0.736635	355	0	-0.062813
RNF144B	8	0.91127	0.91624	0.999995	744	1	-0.22389	0.42829	0.42808	0.736635	95	0	-0.22389
HMSD	8	0.91138	0.91629	0.999995	745	1	-0.22314	0.42829	0.42808	0.736635	497	0	-0.22314
TBPL2	8	0.91183	0.91661	0.999995	746	1	-0.0048911	0.42829	0.42808	0.736635	287	0	-0.0048911
LNX1	8	0.91216	0.91688	0.999995	747	1	-0.25449	0.42829	0.42808	0.736635	517	0	-0.25449
UNC45B	8	0.91249	0.91711	0.999995	748	1	-0.18923	0.42829	0.42808	0.736635	236	0	-0.18923
TEX45	8	0.91315	0.91762	0.999995	749	1	-0.16933	0.42829	0.42808	0.736635	297	0	-0.16933
CD72	8	0.91446	0.91842	0.999995	750	1	-0.32124	0.86675	0.86618	0.999995	801	0	-0.32124
TYMS	8	0.91457	0.91849	0.999995	751	1	-0.098534	0.42829	0.42808	0.736635	185	0	-0.098534
SLC25A24	8	0.91565	0.91909	0.999995	752	1	-0.32323	0.96511	0.9647	0.999995	899	0	-0.32323
IL6ST	8	0.91597	0.91937	0.999995	753	1	-0.40328	0.96171	0.96104	0.999995	895	0	-0.40328
IRF6	8	0.91682	0.91997	0.999995	754	1	-0.12535	0.42829	0.42808	0.736635	474	0	-0.12535
RANBP9	8	0.91724	0.92026	0.999995	755	1	-0.19831	0.42829	0.42808	0.736635	43	0	-0.19831
DLL1	8	0.9187	0.92154	0.999995	756	1	-0.24841	0.42829	0.42808	0.736635	395	0	-0.24841
ALAS2	8	0.9188	0.92166	0.999995	757	1	-0.054097	0.42829	0.42808	0.736635	416	0	-0.054097
DENND5A	8	0.91901	0.92181	0.999995	758	1	-0.1939	0.42829	0.42808	0.736635	394	0	-0.1939
ASF1A	8	0.91963	0.9221	0.999995	759	1	-0.21299	0.42829	0.42808	0.736635	461	0	-0.21299
RANBP6	6	0.92072	0.92154	0.999995	760	0	-0.16012	0.34252	0.34224	0.736635	10	0	-0.16012
HOXB1	8	0.92115	0.92325	0.999995	761	1	-0.27328	0.42829	0.42808	0.736635	496	0	-0.27328
PUM1	8	0.92135	0.92352	0.999995	762	1	-0.33926	0.88862	0.88844	0.999995	824	0	-0.33926
STAM2	8	0.92156	0.92373	0.999995	763	1	-0.19864	0.42829	0.42808	0.736635	319	0	-0.19864
UAP1	8	0.92206	0.92408	0.999995	764	1	-0.24974	0.85204	0.85206	0.999995	783	0	-0.24974
RP1	8	0.92235	0.92421	0.999995	765	1	-0.31771	0.92719	0.92638	0.999995	862	0	-0.31771
ALAS1	16	0.92255	0.97407	0.999995	766	1	-0.16471	0.67315	0.67251	0.999995	631	0	-0.16471
IQCA1L	8	0.92285	0.92465	0.999995	767	1	-0.18789	0.42829	0.42808	0.736635	475	0	-0.18789
ENOX1	8	0.92354	0.92523	0.999995	768	1	-0.062789	0.42829	0.42808	0.736635	375	0	-0.062789
EPHA3	8	0.92364	0.9253	0.999995	769	1	-0.24893	0.7827	0.78272	0.999995	718	0	-0.24893
AXL	8	0.92374	0.92539	0.999995	770	1	-0.11054	0.42829	0.42808	0.736635	472	0	-0.11054
SMARCA4	8	0.92393	0.92549	0.999995	771	1	-0.23634	0.42829	0.42808	0.736635	249	0	-0.23634
IDH3G	8	0.92413	0.92563	0.999995	772	1	-0.27265	0.71525	0.71503	0.999995	668	0	-0.27265
DUSP10	8	0.92471	0.92596	0.999995	773	1	-0.20912	0.42829	0.42808	0.736635	378	0	-0.20912
TBC1D4	8	0.925	0.92609	0.999995	774	1	-0.18408	0.42829	0.42808	0.736635	288	0	-0.18408
CASP4	8	0.92519	0.92619	0.999995	775	1	-0.19236	0.42829	0.42808	0.736635	453	0	-0.19236
DUOX1	8	0.92558	0.92648	0.999995	776	1	-0.22683	0.42829	0.42808	0.736635	391	0	-0.22683
SPTLC3	8	0.92567	0.92659	0.999995	777	1	-0.24579	0.42829	0.42808	0.736635	318	0	-0.24579
MANF	8	0.92596	0.92681	0.999995	778	1	-0.14617	0.69279	0.69357	0.999995	642	0	-0.14617
GIT1	8	0.92682	0.9275	0.999995	779	1	-0.17014	0.42829	0.42808	0.736635	612	0	-0.17014
MYBPHL	8	0.927	0.92768	0.999995	780	1	-0.25792	0.70001	0.70043	0.999995	651	0	-0.25792
RHBDF2	8	0.92766	0.92824	0.999995	781	1	-0.26829	0.91973	0.91906	0.999995	852	0	-0.26829
STX7	8	0.92776	0.92832	0.999995	782	1	-0.18129	0.42829	0.42808	0.736635	315	0	-0.18129
PDX1	8	0.92822	0.92874	0.999995	783	1	-0.087044	0.42829	0.42808	0.736635	171	0	-0.087044
PSMB8	8	0.92841	0.92891	0.999995	784	1	-0.23035	0.94707	0.94644	0.999995	883	0	-0.23035
FRS3	8	0.9285	0.92904	0.999995	785	1	-0.27887	0.71244	0.71241	0.999995	662	0	-0.27887
ISL1	8	0.92988	0.93014	0.999995	786	1	-0.33618	0.42829	0.42808	0.736635	476	0	-0.33618
RNF44	8	0.93006	0.93027	0.999995	787	1	-0.27199	0.42829	0.42808	0.736635	94	0	-0.27199
CYP7A1	8	0.93069	0.93091	0.999995	788	1	-0.34756	0.88016	0.87943	0.999995	815	0	-0.34756
PIP4P1	8	0.93078	0.93097	0.999995	789	1	-0.1018	0.42829	0.42808	0.736635	166	0	-0.1018
RHOT1	8	0.93096	0.93108	0.999995	790	1	-0.14541	0.69773	0.6981	0.999995	647	0	-0.14541
TYROBP	8	0.93114	0.93118	0.999995	791	1	-0.24343	0.42829	0.42808	0.736635	182	0	-0.24343
MBD3L1	8	0.93185	0.93171	0.999995	792	1	-0.24313	0.42829	0.42808	0.736635	525	0	-0.24313
CCNE1	8	0.93203	0.93186	0.999995	793	1	-0.17543	0.42829	0.42808	0.736635	397	0	-0.17543
CAT	8	0.93212	0.93198	0.999995	794	1	-0.23822	0.42829	0.42808	0.736635	452	0	-0.23822
FLOT1	8	0.93221	0.9321	0.999995	795	1	-0.16255	0.42829	0.42808	0.736635	557	0	-0.16255
DMP1	8	0.93326	0.93303	0.999995	796	1	-0.27708	0.42829	0.42808	0.736635	392	0	-0.27708
TMEM30B	8	0.93335	0.9331	0.999995	797	1	-0.19544	0.42829	0.42808	0.736635	192	0	-0.19544
PCDH1	8	0.93464	0.9343	0.999995	798	1	-0.1877	0.42829	0.42808	0.736635	162	0	-0.1877
DENND5B	8	0.93541	0.93505	0.999995	799	1	-0.26079	0.87633	0.87556	0.999995	811	0	-0.26079
PLD2	8	0.93549	0.93513	0.999995	800	1	-0.10739	0.42829	0.42808	0.736635	143	0	-0.10739
LHFPL5	8	0.93583	0.93535	0.999995	801	1	-0.33501	0.42829	0.42808	0.736635	544	0	-0.33501
SLC9A3R2	8	0.93659	0.93605	0.999995	802	1	-0.2834	0.42829	0.42808	0.736635	255	0	-0.2834
CDS1	8	0.93675	0.93618	0.999995	803	1	-0.11593	0.42829	0.42808	0.736635	357	0	-0.11593
YIF1B	8	0.937	0.93643	0.999995	804	1	-0.2073	0.42829	0.42808	0.736635	215	0	-0.2073
UAP1L1	8	0.93758	0.93708	0.999995	805	1	-0.29838	0.68711	0.68789	0.999995	641	0	-0.29838
NBEAL2	8	0.93848	0.93782	0.999995	806	1	-0.18124	0.42829	0.42808	0.736635	133	0	-0.18124
COQ10B	8	0.9388	0.93821	0.999995	807	1	-0.34916	0.8399	0.83966	0.999995	774	0	-0.34916
BATF3	8	0.93912	0.93848	0.999995	808	1	-0.1194	0.42829	0.42808	0.736635	471	0	-0.1194
NCK2	8	0.94008	0.93932	0.999995	809	1	-0.13543	0.42829	0.42808	0.736635	126	0	-0.13543
FXR2	8	0.94016	0.93938	0.999995	810	1	-0.16785	0.42829	0.42808	0.736635	561	0	-0.16785
TAF9B	6	0.94016	0.94091	0.999995	811	0	-0.096835	0.34252	0.34224	0.736635	11	0	-0.096835
APOBEC3C	8	0.94071	0.94005	0.999995	812	1	-0.17329	0.86959	0.86903	0.999995	803	0	-0.17329
TBC1D9	8	0.94111	0.9404	0.999995	813	1	-0.17133	0.42829	0.42808	0.736635	285	0	-0.17133
NSDHL	8	0.94118	0.94044	0.999995	814	1	-0.24276	0.42829	0.42808	0.736635	111	0	-0.24276
ZMIZ1	8	0.94157	0.94075	0.999995	815	1	-0.09081	0.42829	0.42808	0.736635	224	0	-0.09081
PSEN2	8	0.94196	0.94113	0.999995	816	1	-0.23604	0.42829	0.42808	0.736635	44	0	-0.23604
TOP2B	8	0.94219	0.94135	0.999995	817	1	-0.036308	0.42829	0.42808	0.736635	202	0	-0.036308
KRT25	8	0.94273	0.94205	0.999995	818	0	-0.1947	0.42829	0.42808	0.736635	536	0	-0.1947
SMC1B	8	0.94303	0.94239	0.999995	819	0	-0.18575	0.42829	0.42808	0.736635	261	0	-0.18575
ATP6V1B1	8	0.94333	0.94263	0.999995	820	0	-0.24157	0.42829	0.42808	0.736635	456	0	-0.24157
STX12	8	0.94364	0.94288	0.999995	821	0	-0.23586	0.42829	0.42808	0.736635	312	0	-0.23586
PTF1A	8	0.94394	0.94313	0.999995	822	0	-0.15836	0.42829	0.42808	0.736635	53	0	-0.15836
SEC31A	8	0.94475	0.94402	0.999995	823	0	-0.18322	0.42829	0.42808	0.736635	273	0	-0.18322
ACTL6B	8	0.94541	0.94463	0.999995	824	0	-0.225	0.42829	0.42808	0.736635	420	0	-0.225
ARFIP2	8	0.94556	0.94484	0.999995	825	0	-0.20924	0.42829	0.42808	0.736635	414	0	-0.20924
SERPINA11	8	0.94563	0.9449	0.999995	826	0	-0.14345	0.42829	0.42808	0.736635	270	0	-0.14345
SMAP1	8	0.94571	0.94493	0.999995	827	0	-0.11502	0.70163	0.70217	0.999995	654	0	-0.11502
PDLIM5	8	0.94585	0.94512	0.999995	828	0	-0.29884	0.42829	0.42808	0.736635	169	0	-0.29884
ABCC3	8	0.94592	0.94521	0.999995	829	0	-0.26577	0.42829	0.42808	0.736635	422	0	-0.26577
GPSM2	8	0.94636	0.94574	0.999995	830	0	-0.09213	0.42829	0.42808	0.736635	602	0	-0.09213
CHMP1B	8	0.94679	0.94616	0.999995	831	0	-0.14683	0.42829	0.42808	0.736635	340	0	-0.14683
DYNLRB2	8	0.94792	0.94734	0.999995	832	0	-0.21021	0.42829	0.42808	0.736635	366	0	-0.21021
ZFYVE19	8	0.9482	0.94761	0.999995	833	0	-0.26354	0.42829	0.42808	0.736635	209	0	-0.26354
GMPR	8	0.94855	0.94795	0.999995	834	0	-0.25194	0.42829	0.42808	0.736635	591	0	-0.25194
PDCD4	8	0.94869	0.9481	0.999995	835	0	-0.24938	0.42829	0.42808	0.736635	158	0	-0.24938
PPP2R1B	8	0.94883	0.9483	0.999995	836	0	-0.36598	0.42829	0.42808	0.736635	149	0	-0.36598
GBX2	8	0.9489	0.9484	0.999995	837	0	-0.37748	0.99281	0.99277	0.999995	957	0	-0.37748
TRPM1	8	0.9491	0.94863	0.999995	838	0	-0.31191	0.42829	0.42808	0.736635	174	0	-0.31191
SBNO2	8	0.94938	0.94891	0.999995	839	0	-0.27681	0.84453	0.84406	0.999995	779	0	-0.27681
RNF113B	8	0.94951	0.9491	0.999995	840	0	0	0.42829	0.42808	0.736635	82	0	0
CLTB	8	0.94972	0.94934	0.999995	841	0	-0.21998	0.42829	0.42808	0.736635	322	0	-0.21998
TNKS	8	0.94999	0.9496	0.999995	842	0	-0.3921	0.97775	0.97721	0.999995	921	0	-0.3921
FOXA1	8	0.95086	0.95035	0.999995	843	0	-0.1637	0.42829	0.42808	0.736635	552	0	-0.1637
KLK12	8	0.95133	0.95076	0.999995	844	0	-0.29844	0.69708	0.69759	0.999995	646	0	-0.29844
SPATA16	8	0.95179	0.95133	0.999995	845	0	-0.35877	0.42829	0.42808	0.736635	308	0	-0.35877
TRIM25	8	0.95212	0.95159	0.999995	846	0	-0.15724	0.42829	0.42808	0.736635	172	0	-0.15724
CHM	8	0.95263	0.95206	0.999995	847	0	-0.14573	0.42829	0.42808	0.736635	352	0	-0.14573
LOR	8	0.95315	0.9525	0.999995	848	0	-0.20535	0.42829	0.42808	0.736635	520	0	-0.20535
MECP2	8	0.95385	0.95308	0.999995	849	0	-0.17424	0.72532	0.72513	0.999995	676	0	-0.17424
ATP7A	8	0.95391	0.95313	0.999995	850	0	-0.045389	0.42829	0.42808	0.736635	457	0	-0.045389
DDX39B	8	0.95454	0.95373	0.999995	851	0	-0.013704	0.42829	0.42808	0.736635	379	0	-0.013704
RCBTB2	8	0.95466	0.95386	0.999995	852	0	-0.16121	0.42829	0.42808	0.736635	46	0	-0.16121
G6PC	8	0.95479	0.95397	0.999995	853	0	-0.074497	0.42829	0.42808	0.736635	609	0	-0.074497
STT3A	8	0.95503	0.95424	0.999995	854	0	-0.20441	0.90786	0.90711	0.999995	843	0	-0.20441
DEGS2	8	0.95509	0.95431	0.999995	855	0	-0.11928	0.42829	0.42808	0.736635	381	0	-0.11928
ANKRD37	8	0.95516	0.95437	0.999995	856	0	-0.15262	0.75885	0.75874	0.999995	702	0	-0.15262
CDK16	8	0.95552	0.9547	0.999995	857	0	-0.3	0.42829	0.42808	0.736635	342	0	-0.3
GNB3	8	0.95559	0.95473	0.999995	858	0	-0.15656	0.42829	0.42808	0.736635	590	0	-0.15656
SLC35F3	8	0.95565	0.95477	0.999995	859	0	-0.24618	0.42829	0.42808	0.736635	253	0	-0.24618
NETO2	8	0.95571	0.95484	0.999995	860	0	-0.28384	0.74114	0.74033	0.999995	687	0	-0.28384
PXDNL	8	0.95577	0.95493	0.999995	861	0	-0.10281	0.42829	0.42808	0.736635	51	0	-0.10281
TBK1	8	0.95613	0.95524	0.999995	862	0	-0.35737	0.42829	0.42808	0.736635	284	0	-0.35737
CWF19L1	8	0.95631	0.95541	0.999995	863	0	-0.30709	0.99267	0.99263	0.999995	954	0	-0.30709
CAP2	8	0.95673	0.95589	0.999995	864	0	-0.12611	0.42829	0.42808	0.736635	451	0	-0.12611
CALY	8	0.95715	0.95625	0.999995	865	0	-0.27237	0.42829	0.42808	0.736635	436	0	-0.27237
SLC22A13	8	0.95732	0.95652	0.999995	866	0	-0.32455	0.42829	0.42808	0.736635	276	0	-0.32455
PPP2CB	6	0.95736	0.95714	0.999995	867	0	-0.10994	0.34252	0.34224	0.736635	3	0	-0.10994
CNOT6L	6	0.95781	0.95776	0.999995	868	0	-0.21572	0.34252	0.34224	0.736635	12	0	-0.21572
STRIP2	8	0.95809	0.95731	0.999995	869	0	-0.22179	0.42829	0.42808	0.736635	313	0	-0.22179
DMXL2	8	0.95814	0.95733	0.999995	870	0	-0.12195	0.42829	0.42808	0.736635	388	0	-0.12195
KRT38	8	0.95837	0.95758	0.999995	871	0	-0.25048	0.42829	0.42808	0.736635	538	0	-0.25048
TMEM185A	8	0.95906	0.95831	0.999995	872	0	-0.039112	0.42829	0.42808	0.736635	199	0	-0.039112
LATS1	8	0.95917	0.95846	0.999995	873	0	-0.13767	0.42829	0.42808	0.736635	546	0	-0.13767
ZNF260	8	0.95923	0.95849	0.999995	874	0	-0.14283	0.42829	0.42808	0.736635	225	0	-0.14283
MAK	8	0.95963	0.95892	0.999995	875	0	0	0.42829	0.42808	0.736635	515	0	0
SNX6	8	0.95968	0.95897	0.999995	876	0	-0.065589	0.42829	0.42808	0.736635	257	0	-0.065589
SLC25A15	8	0.95974	0.95904	0.999995	877	0	-0.20537	0.42829	0.42808	0.736635	278	0	-0.20537
KCNG4	8	0.95991	0.95925	0.999995	878	0	-0.20678	0.42829	0.42808	0.736635	483	0	-0.20678
RALGPS1	8	0.96002	0.95934	0.999995	879	0	-0.12745	0.42829	0.42808	0.736635	60	0	-0.12745
HTR3D	8	0.96068	0.95993	0.999995	880	0	-0.20053	0.42829	0.42808	0.736635	509	0	-0.20053
ABL2	8	0.96085	0.96012	0.999995	881	0	-0.17991	0.42829	0.42808	0.736635	421	0	-0.17991
KIAA0319	8	0.96101	0.96034	0.999995	882	0	-0.22849	0.75041	0.75014	0.999995	695	0	-0.22849
SUV39H2	7	0.96109	0.96079	0.999995	883	0	-0.22855	0.38691	0.38691	0.736635	21	0	-0.22855
FLT1	8	0.96155	0.96089	0.999995	884	0	-0.21348	0.42829	0.42808	0.736635	551	0	-0.21348
GXYLT2	8	0.96166	0.961	0.999995	885	0	-0.23867	0.70195	0.70254	0.999995	655	0	-0.23867
TREM2	8	0.9624	0.96171	0.999995	886	0	-0.27044	0.42829	0.42808	0.736635	173	0	-0.27044
HUS1B	8	0.96251	0.96189	0.999995	887	0	-0.19262	0.42829	0.42808	0.736635	503	0	-0.19262
UMPS	8	0.96329	0.96273	0.999995	888	0	-0.14601	0.42829	0.42808	0.736635	183	0	-0.14601
ARHGEF3	8	0.96334	0.96277	0.999995	889	0	-0.19827	0.42829	0.42808	0.736635	411	0	-0.19827
CBLL1	8	0.96511	0.9647	0.999995	890	0	-0.005784	0.42829	0.42808	0.736635	445	0	-0.005784
ATOH1	8	0.96536	0.96491	0.999995	891	0	-0.17296	0.42829	0.42808	0.736635	462	0	-0.17296
FZD8	8	0.9655	0.96503	0.999995	892	0	-0.1507	0.42829	0.42808	0.736635	611	0	-0.1507
EGFR	8	0.96565	0.9652	0.999995	893	0	-0.079619	0.42829	0.42808	0.736635	362	0	-0.079619
TMEM185B	8	0.96637	0.96582	0.999995	894	0	-0.075706	0.42829	0.42808	0.736635	198	0	-0.075706
FAM126A	8	0.96652	0.96598	0.999995	895	0	-0.026903	0.42829	0.42808	0.736635	568	0	-0.026903
AP2A2	8	0.96656	0.96602	0.999995	896	0	-0.19284	0.42829	0.42808	0.736635	399	0	-0.19284
ZNRF4	8	0.96694	0.96634	0.999995	897	0	-0.1682	0.42829	0.42808	0.736635	220	0	-0.1682
DST	8	0.96699	0.96636	0.999995	898	0	-0.21514	0.78993	0.78972	0.999995	725	0	-0.21514
GOLT1A	8	0.9675	0.96686	0.999995	899	0	-0.17293	0.85481	0.85472	0.999995	787	0	-0.17293
BRSK1	8	0.96819	0.96751	0.999995	900	0	-0.29947	0.42829	0.42808	0.736635	467	0	-0.29947
CLCA1	8	0.96833	0.96764	0.999995	901	0	-0.2321	0.77194	0.77159	0.999995	713	0	-0.2321
VRTN	8	0.96856	0.96785	0.999995	902	0	-0.19248	0.42829	0.42808	0.736635	243	0	-0.19248
ADARB2	8	0.96869	0.96799	0.999995	903	0	-0.18611	0.42829	0.42808	0.736635	433	0	-0.18611
CDNF	8	0.96892	0.9683	0.999995	904	0	-0.25368	0.42829	0.42808	0.736635	358	0	-0.25368
RRAGD	8	0.9694	0.96882	0.999995	905	0	-0.23925	0.42829	0.42808	0.736635	68	0	-0.23925
H1FOO	8	0.9698	0.96914	0.999995	906	0	-0.16244	0.42829	0.42808	0.736635	592	0	-0.16244
MTUS1	8	0.96997	0.96937	0.999995	907	0	-0.081064	0.42829	0.42808	0.736635	124	0	-0.081064
CADPS2	8	0.9707	0.97016	0.999995	908	0	-0.14619	0.42829	0.42808	0.736635	437	0	-0.14619
ABCB1	8	0.97083	0.97024	0.999995	909	0	-0.23654	0.42829	0.42808	0.736635	423	0	-0.23654
TMEM9	8	0.97095	0.97035	0.999995	910	0	-0.1802	0.42829	0.42808	0.736635	191	0	-0.1802
MACF1	8	0.97108	0.97048	0.999995	911	0	-0.11633	0.42829	0.42808	0.736635	512	0	-0.11633
TAP1	8	0.97116	0.97054	0.999995	912	0	-0.044828	0.42829	0.42808	0.736635	292	0	-0.044828
SPHKAP	8	0.97125	0.97062	0.999995	913	0	-0.26057	0.42829	0.42808	0.736635	307	0	-0.26057
ERN1	8	0.97146	0.97074	0.999995	914	0	-0.24487	0.42829	0.42808	0.736635	574	0	-0.24487
DGAT2L6	8	0.97154	0.97084	0.999995	915	0	-0.23418	0.78706	0.78686	0.999995	722	0	-0.23418
FOXK1	8	0.97179	0.97108	0.999995	916	0	-0.10747	0.42829	0.42808	0.736635	567	0	-0.10747
IMPDH1	8	0.97183	0.9711	0.999995	917	0	-0.059931	0.42829	0.42808	0.736635	482	0	-0.059931
SLC17A2	8	0.97195	0.97121	0.999995	918	0	-0.2025	0.42829	0.42808	0.736635	279	0	-0.2025
SEC14L3	8	0.97199	0.97123	0.999995	919	0	-0.047623	0.42829	0.42808	0.736635	272	0	-0.047623
IKBKB	8	0.97211	0.9713	0.999995	920	0	-0.17244	0.73128	0.7308	0.999995	679	0	-0.17244
CDK5R1	8	0.97227	0.97153	0.999995	921	0	-0.21753	0.42829	0.42808	0.736635	343	0	-0.21753
PLD1	8	0.9724	0.97165	0.999995	922	0	-0.14172	0.42829	0.42808	0.736635	140	0	-0.14172
NET1	8	0.97272	0.97195	0.999995	923	0	-0.25011	0.42829	0.42808	0.736635	115	0	-0.25011
ABCA3	8	0.97288	0.97212	0.999995	924	0	-0.10485	0.42829	0.42808	0.736635	584	0	-0.10485
FCRL3	8	0.97319	0.97247	0.999995	925	0	-0.089517	0.42829	0.42808	0.736635	578	0	-0.089517
SEC11A	7	0.97341	0.97337	0.999995	926	0	-0.14531	0.38691	0.38691	0.736635	30	0	-0.14531
MED12	8	0.97366	0.97296	0.999995	927	0	-0.21451	0.42829	0.42808	0.736635	524	0	-0.21451
FKBP4	8	0.97385	0.97318	0.999995	928	0	-0.19467	0.42829	0.42808	0.736635	556	0	-0.19467
COPZ2	8	0.97389	0.97323	0.999995	929	0	-0.18265	0.42829	0.42808	0.736635	336	0	-0.18265
LMBR1	8	0.97435	0.97368	0.999995	930	0	-0.29399	0.42829	0.42808	0.736635	530	0	-0.29399
ARSJ	8	0.97442	0.97374	0.999995	931	0	-0.17513	0.42829	0.42808	0.736635	435	0	-0.17513
CAPN2	8	0.97476	0.97409	0.999995	932	0	-0.1854	0.42829	0.42808	0.736635	450	0	-0.1854
MTA3	8	0.97585	0.97519	0.999995	933	0	-0.1461	0.42829	0.42808	0.736635	154	0	-0.1461
PPP3R1	8	0.97592	0.97529	0.999995	934	0	-0.28522	0.42829	0.42808	0.736635	148	0	-0.28522
ARHGEF6	8	0.97628	0.97566	0.999995	935	0	-0.23941	0.42829	0.42808	0.736635	408	0	-0.23941
ZNF423	8	0.97639	0.97575	0.999995	936	0	-0.19829	0.42829	0.42808	0.736635	218	0	-0.19829
PLAU	8	0.97646	0.97581	0.999995	937	0	-0.22281	0.42829	0.42808	0.736635	153	0	-0.22281
JAG2	8	0.97725	0.97676	0.999995	938	0	-0.13833	0.42829	0.42808	0.736635	490	0	-0.13833
SS18L1	8	0.97765	0.97711	0.999995	939	0	-0.21801	0.71587	0.71558	0.999995	669	0	-0.21801
NLRP8	8	0.97908	0.97852	0.999995	940	0	-0.13115	0.42829	0.42808	0.736635	102	0	-0.13115
KRTAP1-1	8	0.97946	0.97899	0.999995	941	0	-0.11348	0.42829	0.42808	0.736635	532	0	-0.11348
ENOX2	8	0.97949	0.97903	0.999995	942	0	-0.16867	0.42829	0.42808	0.736635	374	0	-0.16867
EFNB1	8	0.97971	0.97927	0.999995	943	0	-0.20607	0.42829	0.42808	0.736635	360	0	-0.20607
ESRP2	8	0.98004	0.97958	0.999995	944	0	-0.28996	0.42829	0.42808	0.736635	572	0	-0.28996
XPO7	8	0.98007	0.97961	0.999995	945	0	-0.12862	0.42829	0.42808	0.736635	244	0	-0.12862
PCGF1	8	0.98055	0.9801	0.999995	946	0	-0.036957	0.42829	0.42808	0.736635	161	0	-0.036957
LRBA	8	0.98067	0.9802	0.999995	947	0	-0.1269	0.42829	0.42808	0.736635	519	0	-0.1269
DHX29	7	0.98073	0.98102	0.999995	948	0	-0.23613	0.38691	0.38691	0.736635	32	0	-0.23613
MED23	8	0.98076	0.98032	0.999995	949	0	-0.022545	0.42829	0.42808	0.736635	89	0	-0.022545
YAF2	8	0.98082	0.9804	0.999995	950	0	-0.089564	0.42829	0.42808	0.736635	240	0	-0.089564
MPC1L	8	0.98091	0.98051	0.999995	951	0	-0.19026	0.42829	0.42808	0.736635	137	0	-0.19026
TCF12	8	0.98096	0.9806	0.999995	952	0	-0.15586	0.42829	0.42808	0.736635	298	0	-0.15586
PDGFD	8	0.98111	0.98074	0.999995	953	0	-0.065996	0.42829	0.42808	0.736635	156	0	-0.065996
TLN2	8	0.98117	0.98076	0.999995	954	0	-0.13031	0.42829	0.42808	0.736635	246	0	-0.13031
MTUS2	8	0.98131	0.98093	0.999995	955	0	-0.01835	0.42829	0.42808	0.736635	123	0	-0.01835
DCAF8L1	8	0.9814	0.98101	0.999995	956	0	-0.22649	0.80711	0.80729	0.999995	739	0	-0.22649
JUP	8	0.98148	0.98107	0.999995	957	0	-0.23917	0.42829	0.42808	0.736635	487	0	-0.23917
TBR1	8	0.98179	0.98145	0.999995	958	0	-0.26653	0.42829	0.42808	0.736635	286	0	-0.26653
HTR3E	8	0.98218	0.98187	0.999995	959	0	-0.1786	0.42829	0.42808	0.736635	506	0	-0.1786
ZNF146	8	0.98221	0.98189	0.999995	960	0	-0.21911	0.84992	0.84976	0.999995	782	0	-0.21911
ITSN2	8	0.98237	0.98207	0.999995	961	0	-0.099612	0.42829	0.42808	0.736635	491	0	-0.099612
GALNT2	8	0.9824	0.98208	0.999995	962	0	-0.048559	0.42829	0.42808	0.736635	610	0	-0.048559
CTPS2	8	0.98275	0.98246	0.999995	963	0	-0.22901	0.42829	0.42808	0.736635	359	0	-0.22901
AQP8	8	0.98317	0.98289	0.999995	964	0	-0.028958	0.42829	0.42808	0.736635	412	0	-0.028958
GDI1	8	0.98369	0.9835	0.999995	965	0	-0.15853	0.74707	0.74647	0.999995	692	0	-0.15853
SLC25A2	8	0.98411	0.98403	0.999995	966	0	-0.047298	0.42829	0.42808	0.736635	277	0	-0.047298
CRNN	8	0.98426	0.98418	0.999995	967	0	-0.079042	0.42829	0.42808	0.736635	335	0	-0.079042
GRM4	8	0.98465	0.9846	0.999995	968	0	-0.086244	0.42829	0.42808	0.736635	598	0	-0.086244
HEATR5A	8	0.98475	0.98471	0.999995	969	0	-0.21652	0.42829	0.42808	0.736635	499	0	-0.21652
LIM2	8	0.98498	0.98493	0.999995	970	0	-0.20665	0.42829	0.42808	0.736635	540	0	-0.20665
DMD	8	0.98513	0.98504	0.999995	971	0	-0.13587	0.69412	0.69484	0.999995	643	0	-0.13587
KRT37	8	0.98572	0.98566	0.999995	972	0	-0.19441	0.42829	0.42808	0.736635	539	0	-0.19441
NBEA	6	0.98573	0.98564	0.999995	973	0	-0.23111	0.61051	0.61201	0.999995	618	0	-0.23111
TIRAP	8	0.98626	0.98612	0.999995	974	0	-0.09775	0.42829	0.42808	0.736635	295	0	-0.09775
EPS15	8	0.98632	0.98619	0.999995	975	0	-0.053408	0.42829	0.42808	0.736635	370	0	-0.053408
CPS1	8	0.98652	0.98638	0.999995	976	0	-0.23732	0.70066	0.70109	0.999995	653	0	-0.23732
SMARCA1	8	0.98752	0.9874	0.999995	977	0	-0.14667	0.42829	0.42808	0.736635	247	0	-0.14667
CHSY1	8	0.98797	0.98775	0.999995	978	0	-0.11184	0.42829	0.42808	0.736635	327	0	-0.11184
TANC2	7	0.98804	0.98786	0.999995	979	0	-0.14259	0.38691	0.38691	0.736635	37	0	-0.14259
HRH1	8	0.98805	0.98783	0.999995	980	0	-0.092073	0.42829	0.42808	0.736635	508	0	-0.092073
ERN2	8	0.98815	0.98793	0.999995	981	0	-0.25053	0.42829	0.42808	0.736635	573	0	-0.25053
TMEM120A	8	0.98834	0.98808	0.999995	982	0	-0.052222	0.42829	0.42808	0.736635	197	0	-0.052222
CDK19	16	0.98836	0.99306	0.999995	983	1	-0.073104	0.67315	0.67251	0.999995	635	0	-0.073104
PSMB9	8	0.98911	0.98875	0.999995	984	0	-0.12923	0.42829	0.42808	0.736635	42	0	-0.12923
TRAPPC3L	8	0.98913	0.98877	0.999995	985	0	-0.24403	0.76258	0.76232	0.999995	703	0	-0.24403
UTRN	8	0.98921	0.98889	0.999995	986	0	-0.12477	0.77117	0.77106	0.999995	712	0	-0.12477
UNC119	8	0.98955	0.98931	0.999995	987	0	-0.17832	0.42829	0.42808	0.736635	234	0	-0.17832
HMG20B	8	0.9896	0.98938	0.999995	988	0	-0.15255	0.42829	0.42808	0.736635	501	0	-0.15255
FRY	8	0.98963	0.98946	0.999995	989	0	-0.19023	0.42829	0.42808	0.736635	563	0	-0.19023
PLEK2	8	0.9899	0.9898	0.999995	990	0	-0.17098	0.42829	0.42808	0.736635	142	0	-0.17098
RSPH1	8	0.99044	0.99023	0.999995	991	0	-0.1521	0.42829	0.42808	0.736635	69	0	-0.1521
RING1	8	0.99072	0.99046	0.999995	992	0	-0.14677	0.42829	0.42808	0.736635	81	0	-0.14677
SATB2	8	0.99098	0.99073	0.999995	993	0	-0.069787	0.42829	0.42808	0.736635	71	0	-0.069787
HMGCL	8	0.99141	0.99123	0.999995	994	0	-0.1837	0.76989	0.76974	0.999995	711	0	-0.1837
TNPO2	8	0.99168	0.99153	0.999995	995	0	-0.020561	0.42829	0.42808	0.736635	206	0	-0.020561
FKBP10	8	0.99192	0.99187	0.999995	996	0	-0.093181	0.42829	0.42808	0.736635	579	0	-0.093181
NAA11	8	0.99221	0.99213	0.999995	997	0	-0.18298	0.42829	0.42808	0.736635	131	0	-0.18298
FAM71A	8	0.99254	0.9925	0.999995	998	0	-0.15754	0.42829	0.42808	0.736635	583	0	-0.15754
FSD1	8	0.99265	0.99262	0.999995	999	0	-0.22826	0.42829	0.42808	0.736635	559	0	-0.22826
G3BP2	8	0.99334	0.99327	0.999995	1000	0	-0.15567	0.42829	0.42808	0.736635	608	0	-0.15567
ARFIP1	8	0.99338	0.99332	0.999995	1001	0	-0.19959	0.42829	0.42808	0.736635	415	0	-0.19959
RB1	8	0.99382	0.99382	0.999995	1002	0	-0.058374	0.42829	0.42808	0.736635	48	0	-0.058374
SERPINA12	16	0.9942	0.99536	0.999995	1003	1	-0.15281	0.67315	0.67251	0.999995	636	0	-0.15281
SEC31B	8	0.99427	0.9942	0.999995	1004	0	-0.21355	0.72351	0.72319	0.999995	675	0	-0.21355
ATP7B	8	0.9944	0.99435	0.999995	1005	0	-0.091306	0.42829	0.42808	0.736635	470	0	-0.091306
AP2A1	8	0.99456	0.99455	0.999995	1006	0	0	0.42829	0.42808	0.736635	402	0	0
H2BFM	8	0.99459	0.99461	0.999995	1007	0	-0.14593	0.42829	0.42808	0.736635	604	0	-0.14593
ASCL1	8	0.99468	0.99465	0.999995	1008	0	-0.22554	0.78586	0.78586	0.999995	720	0	-0.22554
TCF4	8	0.99479	0.99476	0.999995	1009	0	-0.0041259	0.42829	0.42808	0.736635	300	0	-0.0041259
CRYBB2	7	0.995	0.99465	0.999995	1010	0	-0.18121	0.74896	0.74758	0.999995	694	0	-0.18121
EPS15L1	8	0.99509	0.99511	0.999995	1011	0	0	0.42829	0.42808	0.736635	369	0	0
PCBD1	8	0.99515	0.99517	0.999995	1012	0	-0.12935	0.42829	0.42808	0.736635	160	0	-0.12935
RNF144A	8	0.99548	0.9954	0.999995	1013	0	-0.14678	0.73304	0.73256	0.999995	681	0	-0.14678
CTNNB1	8	0.99573	0.99563	0.999995	1014	0	-0.091055	0.42829	0.42808	0.736635	334	0	-0.091055
NUMB	8	0.99646	0.99639	0.999995	1015	0	-0.13214	0.42829	0.42808	0.736635	107	0	-0.13214
SPOP	8	0.9965	0.99642	0.999995	1016	0	-0.18	0.42829	0.42808	0.736635	304	0	-0.18
GOLPH3	8	0.99651	0.99643	0.999995	1017	0	-0.047974	0.42829	0.42808	0.736635	587	0	-0.047974
SHMT1	7	0.99654	0.99617	0.999995	1018	0	-0.13964	0.67933	0.67806	0.999995	639	0	-0.13964
RNF2	7	0.99675	0.99639	0.999995	1019	0	-0.094496	0.38691	0.38691	0.736635	18	0	-0.094496
IAPP	8	0.99699	0.99685	0.999995	1020	0	-0.063596	0.42829	0.42808	0.736635	502	0	-0.063596
MBD4	16	0.99711	0.99757	0.999995	1021	0	-0.12323	0.67315	0.67251	0.999995	638	0	-0.12323
IDH2	8	0.99732	0.99727	0.999995	1022	0	-0.098544	0.42829	0.42808	0.736635	504	0	-0.098544
IKBKE	8	0.99756	0.99753	0.999995	1023	0	-0.11818	0.42829	0.42808	0.736635	480	0	-0.11818
CLTA	8	0.99761	0.99761	0.999995	1024	0	-0.047026	0.42829	0.42808	0.736635	323	0	-0.047026
CD44	8	0.99771	0.99765	0.999995	1025	0	-0.018033	0.42829	0.42808	0.736635	345	0	-0.018033
SBF2	7	0.99773	0.99762	0.999995	1026	0	-0.026196	0.38691	0.38691	0.736635	26	0	-0.026196
ZNF185	8	0.99784	0.99785	0.999995	1027	0	-0.087416	0.42829	0.42808	0.736635	226	0	-0.087416
GYS1	8	0.99793	0.99793	0.999995	1028	0	-0.13915	0.42829	0.42808	0.736635	601	0	-0.13915
EPHA2	8	0.9981	0.99806	0.999995	1029	0	-0.20635	0.42829	0.42808	0.736635	373	0	-0.20635
TANC1	8	0.99843	0.99844	0.999995	1030	0	-0.14016	0.42829	0.42808	0.736635	289	0	-0.14016
XYLT2	8	0.99844	0.99845	0.999995	1031	0	-0.14935	0.42829	0.42808	0.736635	237	0	-0.14935
MARCKS	8	0.99846	0.99845	0.999995	1032	0	-0.041316	0.42829	0.42808	0.736635	526	0	-0.041316
TXNDC8	8	0.99862	0.99858	0.999995	1033	0	-0.15745	0.42829	0.42808	0.736635	188	0	-0.15745
FLOT2	8	0.99865	0.99859	0.999995	1034	0	-0.056789	0.42829	0.42808	0.736635	554	0	-0.056789
PTPN6	8	0.99893	0.9989	0.999995	1035	0	-0.10741	0.42829	0.42808	0.736635	55	0	-0.10741
ZNF521	8	0.99895	0.9989	0.999995	1036	0	-0.045157	0.42829	0.42808	0.736635	221	0	-0.045157
GDF15	8	0.99895	0.99891	0.999995	1037	0	-0.030504	0.42829	0.42808	0.736635	614	0	-0.030504
SERPINA9	8	0.99902	0.99897	0.999995	1038	0	-0.086295	0.42829	0.42808	0.736635	267	0	-0.086295
FNIP2	8	0.99917	0.99907	0.999995	1039	0	-0.094144	0.42829	0.42808	0.736635	553	0	-0.094144
FAM50B	8	0.99923	0.99912	0.999995	1040	0	-0.15856	0.42829	0.42808	0.736635	570	0	-0.15856
RYBP	7	0.99945	0.99945	0.999995	1041	0	-0.032445	0.38691	0.38691	0.736635	15	0	-0.032445
HNRNPF	8	0.99948	0.9994	0.999995	1042	0	-0.07272	0.42829	0.42808	0.736635	494	0	-0.07272
PPP3CA	8	0.99956	0.99946	0.999995	1043	0	-0.12663	0.42829	0.42808	0.736635	152	0	-0.12663
CD163L1	8	0.9996	0.9995	0.999995	1044	0	-0.062764	0.42829	0.42808	0.736635	348	0	-0.062764
ABL1	8	0.99964	0.99955	0.999995	1045	0	-0.045567	0.42829	0.42808	0.736635	424	0	-0.045567
KIAA0319L	8	0.99966	0.99956	0.999995	1046	0	-0.13218	0.42829	0.42808	0.736635	511	0	-0.13218
SOX9	8	0.99966	0.99956	0.999995	1047	0	-0.041635	0.42829	0.42808	0.736635	258	0	-0.041635
KIT	16	0.99979	0.99978	0.999995	1048	0	-0.048768	0.67315	0.67251	0.999995	624	0	-0.048768
safe_control	74	0.99984	1.0	0.999995	1049	8	-0.14789	0.99433	0.99409	0.999995	963	0	-0.14789
FLNB	7	0.99987	0.9999	0.999995	1050	0	-0.065902	0.38691	0.38691	0.736635	25	0	-0.065902
NOX3	8	0.99987	0.99983	0.999995	1051	0	-0.055245	0.42829	0.42808	0.736635	101	0	-0.055245
MED13	8	0.99997	0.99999	0.999995	1052	0	0	0.42829	0.42808	0.736635	321	0	0
LDB1	16	0.99998	0.99998	0.999995	1053	0	-0.096018	0.67315	0.67251	0.999995	625	0	-0.096018
MAP4K4	8	1.0	1.0	0.999995	1054	0	0	0.42829	0.42808	0.736635	514	0	0
CAB39	8	1.0	1.0	0.999995	1055	0	0	0.42829	0.42808	0.736635	441	0	0
RUNX1	8	1.0	1.0	0.999995	1056	0	0	0.42829	0.42808	0.736635	63	0	0
TP53	8	1.0	1.0	0.999995	1057	0	0	0.42829	0.42808	0.736635	190	0	0
PTPN14	8	1.0	1.0	0.999995	1058	0	0	0.42829	0.42808	0.736635	56	0	0
FRYL	8	1.0	1.0	0.999995	1059	0	0	0.42829	0.42808	0.736635	560	0	0
LATS2	8	1.0	1.0	0.999995	1060	0	0	0.42829	0.42808	0.736635	545	0	0
