id	num	neg|score	neg|p-value	neg|fdr	neg|rank	neg|goodsgrna	neg|lfc	pos|score	pos|p-value	pos|fdr	pos|rank	pos|goodsgrna	pos|lfc
RRM1	8	2.3476e-09	4.6747e-06	0.001238	1	8	-1.4219	1.0	1.0	0.999995	1059	0	-1.4219
MYC	8	6.5956e-09	4.6747e-06	0.001238	2	8	-0.94653	1.0	1.0	0.999995	1058	0	-0.94653
NAE1	8	2.9892e-08	4.6747e-06	0.001238	3	7	-0.66732	0.98711	0.98721	0.999995	966	0	-0.66732
BUB3	4	7.2884e-07	4.6747e-06	0.001238	4	4	-1.5314	1.0	1.0	0.999995	1057	0	-1.5314
KIF11	4	6.4219e-06	3.2723e-05	0.00495	5	4	-1.295	0.99999	1.0	0.999995	1056	0	-1.295
CKAP5	8	6.4338e-06	3.2723e-05	0.00495	6	8	-0.8071	0.99993	0.99994	0.999995	1047	0	-0.8071
RRM2	4	6.6825e-06	3.2723e-05	0.00495	7	3	-0.80144	0.53296	0.53214	0.999995	515	0	-0.80144
CDK7	4	1.9049e-05	7.947e-05	0.008416	8	4	-1.164	0.99998	1.0	0.999995	1055	0	-1.164
RPP21	4	2.0439e-05	7.947e-05	0.008416	9	4	-1.3295	0.99998	1.0	0.999995	1054	0	-1.3295
MTG2	4	2.0726e-05	7.947e-05	0.008416	10	4	-0.82324	0.99998	1.0	0.999995	1053	0	-0.82324
SF3B3	4	2.608e-05	8.8819e-05	0.008551	11	4	-1.2932	0.99997	1.0	0.999995	1052	0	-1.2932
RPL36	4	4.5263e-05	0.00012622	0.011139	12	4	-0.99036	0.99995	0.99998	0.999995	1051	0	-0.99036
ATP5F1A	4	5.3548e-05	0.00018231	0.014851	13	4	-0.81986	0.99995	0.99997	0.999995	1050	0	-0.81986
PRPF8	4	6.4259e-05	0.00021971	0.01662	14	4	-1.196	0.99994	0.99996	0.999995	1049	0	-1.196
ALDOA	4	7.1997e-05	0.00027581	0.017181	15	4	-1.1728	0.99993	0.99995	0.999995	1048	0	-1.1728
POLR2L	4	7.216e-05	0.00027581	0.017181	16	4	-1.4378	0.99991	0.99991	0.999995	1043	0	-1.4378
INTS6	3	8.5206e-05	0.00023841	0.016832	17	3	-1.4699	0.99991	0.9999	0.999995	1046	0	-1.4699
SF3B1	4	8.6983e-05	0.000388	0.022827	18	4	-0.86703	0.99991	0.99991	0.999995	1045	0	-0.86703
TOP2A	4	8.8686e-05	0.00041605	0.023189	19	4	-1.1283	0.99991	0.99991	0.999995	1044	0	-1.1283
TOMM40	7	9.6852e-05	0.00065913	0.027228	20	6	-0.68298	0.54008	0.54151	0.999995	525	1	-0.68298
VMP1	4	0.00010227	0.00046279	0.02381	21	4	-0.94118	0.9999	0.9999	0.999995	1042	0	-0.94118
SF3A1	4	0.00010476	0.00047214	0.02381	22	3	-1.1949	0.92796	0.92792	0.999995	897	0	-1.1949
CCND1	4	0.00011422	0.00053759	0.025878	23	4	-0.75928	0.99989	0.99988	0.999995	1041	0	-0.75928
NAA10	4	0.00012556	0.00058434	0.026609	24	4	-1.0002	0.99943	0.99948	0.999995	1022	0	-1.0002
STT3B	4	0.00013059	0.00060303	0.026609	25	4	-0.69814	0.99987	0.99988	0.999995	1040	0	-0.69814
AKIRIN2	4	0.0001449	0.00066848	0.027228	26	4	-0.65659	0.99986	0.99987	0.999995	1039	0	-0.65659
PPP4C	4	0.00015639	0.00073393	0.028786	27	4	-0.91892	0.99984	0.99987	0.999995	1038	0	-0.91892
TOMM22	4	0.00018434	0.00086482	0.031779	28	4	-0.84085	0.99982	0.99983	0.999995	1037	0	-0.84085
ATP6V1C1	4	0.00019652	0.00092091	0.031779	29	4	-0.71972	0.9998	0.9998	0.999995	1036	0	-0.71972
COPA	4	0.00019965	0.00092091	0.031779	30	4	-1.551	0.9998	0.99979	0.999995	1035	0	-1.551
ATP5F1B	4	0.00021257	0.00093026	0.031779	31	4	-0.70486	0.99979	0.99977	0.999995	1034	0	-0.70486
MED20	4	0.00023666	0.0010238	0.033753	32	4	-0.76645	0.99976	0.99975	0.999995	1033	0	-0.76645
CTR9	4	0.00024391	0.0010518	0.033753	33	4	-0.82119	0.99976	0.99975	0.999995	1032	0	-0.82119
SNRPD3	4	0.00030418	0.001351	0.042079	34	3	-1.1299	0.30787	0.30751	0.999995	315	1	-1.1299
TIMM10	4	0.00034211	0.0014725	0.044554	35	4	-0.7035	0.99966	0.99963	0.999995	1031	0	-0.7035
TOP1	4	0.00037639	0.0016221	0.045062	36	4	-0.84067	0.99962	0.99962	0.999995	1030	0	-0.84067
CLTC	4	0.00038406	0.0016502	0.045062	37	4	-0.85666	0.99962	0.99961	0.999995	1029	0	-0.85666
CPSF3	4	0.00038664	0.0016595	0.045062	38	4	-1.0452	0.99961	0.99961	0.999995	1028	0	-1.0452
CDIPT	4	0.0003891	0.0016595	0.045062	39	3	-0.90298	0.65209	0.65149	0.999995	621	0	-0.90298
SMC1A	4	0.0004497	0.0018091	0.046969	40	4	-0.86396	0.99955	0.99957	0.999995	1027	0	-0.86396
ISCA2	4	0.0004526	0.0018185	0.046969	41	4	-0.62921	0.99955	0.99957	0.999995	1026	0	-0.62921
UQCRC1	4	0.00050104	0.0020241	0.050771	42	4	-0.4175	0.9995	0.99954	0.999995	1025	0	-0.4175
NKAP	4	0.00051054	0.0020615	0.050771	43	4	-0.69554	0.99949	0.99953	0.999995	1024	0	-0.69554
RIC8A	4	0.00056007	0.0022953	0.055243	44	4	-0.84173	0.99944	0.99949	0.999995	1023	0	-0.84173
MED18	8	0.00056759	0.0033705	0.062619	45	6	-0.60467	0.20045	0.302	0.999995	214	1	-0.60467
THRAP3	4	0.00062417	0.0023981	0.056436	46	4	-0.50086	0.99938	0.99946	0.999995	1021	0	-0.50086
RPL3	7	0.00064778	0.004081	0.070849	47	4	-0.72724	0.061559	0.11525	0.951291	112	1	-0.72724
ACACA	4	0.00067771	0.0026973	0.060495	48	4	-0.95286	0.99932	0.9994	0.999995	1020	0	-0.95286
PAF1	4	0.00070574	0.0027814	0.060495	49	4	-0.60738	0.99929	0.99939	0.999995	1019	0	-0.60738
TSG101	4	0.00073044	0.0028562	0.060495	50	4	-0.51708	0.99927	0.99938	0.999995	1018	0	-0.51708
NAA15	4	0.00076871	0.0029778	0.061024	51	4	-1.1514	0.99923	0.99933	0.999995	1017	0	-1.1514
EIF3B	4	0.00078619	0.0029965	0.061024	52	4	-0.83778	0.99921	0.99931	0.999995	1016	0	-0.83778
RPS19	4	0.00082205	0.0031554	0.061476	53	4	-0.89221	0.99918	0.99928	0.999995	1015	0	-0.89221
ZNF407	4	0.00082662	0.0031741	0.061476	54	4	-0.85729	0.99917	0.99928	0.999995	1014	0	-0.85729
ILF3	4	0.00083315	0.0031928	0.061476	55	3	-0.95963	0.85847	0.85986	0.999995	820	0	-0.95963
SBNO1	4	0.0008721	0.0033705	0.062619	56	3	-0.86764	0.93572	0.93587	0.999995	904	0	-0.86764
TNPO1	3	0.00095425	0.0027814	0.060495	57	3	-0.87682	0.99905	0.999	0.999995	1013	0	-0.87682
CHORDC1	3	0.00099578	0.0028562	0.060495	58	3	-1.2499	0.999	0.99895	0.999995	1012	0	-1.2499
ELL	4	0.0010041	0.0037444	0.067209	59	4	-0.55522	0.999	0.99917	0.999995	1011	0	-0.55522
NDUFB4	4	0.0010398	0.003866	0.068234	60	3	-0.71785	0.72183	0.72122	0.999995	695	0	-0.71785
WDR12	4	0.0012209	0.0046046	0.076191	61	4	-0.81516	0.99878	0.99891	0.999995	1010	0	-0.81516
PSMB3	3	0.0012623	0.0036603	0.066832	62	3	-1.6162	0.99874	0.99861	0.999995	1009	0	-1.6162
ATP6V1B2	4	0.0014356	0.0054834	0.089337	63	4	-0.8852	0.99329	0.99312	0.999995	985	0	-0.8852
CLNS1A	3	0.0015068	0.0043241	0.073858	64	3	-0.82778	0.99849	0.99832	0.999995	1008	0	-0.82778
DYNLRB1	3	0.0015916	0.0045485	0.076191	65	3	-0.94406	0.99841	0.99827	0.999995	1007	0	-0.94406
HUS1	4	0.0016632	0.0063903	0.101005	66	4	-0.50659	0.99834	0.99845	0.999995	1006	0	-0.50659
COX6B1	8	0.0017195	0.0092325	0.122215	67	6	-0.45603	0.6511	0.65034	0.999995	619	0	-0.45603
TRRAP	4	0.0017419	0.0066895	0.104179	68	4	-0.78906	0.99826	0.99841	0.999995	1005	0	-0.78906
HSCB	4	0.0018372	0.0069326	0.105954	69	3	-0.92431	0.66797	0.66706	0.999995	640	0	-0.92431
GAPDH	4	0.0018905	0.0071289	0.105954	70	4	-0.56485	0.99811	0.99818	0.999995	1004	0	-0.56485
SIN3A	4	0.0019076	0.0071569	0.105954	71	4	-0.53925	0.99809	0.99817	0.999995	1003	0	-0.53925
AHCYL1	4	0.0019595	0.0073065	0.105995	72	4	-0.68919	0.99804	0.99813	0.999995	1002	0	-0.68919
LONP1	4	0.0020198	0.0075216	0.10764	73	3	-0.75753	0.60571	0.60505	0.999995	578	0	-0.75753
MRPL41	4	0.002131	0.0078208	0.110429	74	4	-0.8589	0.99787	0.99792	0.999995	1001	0	-0.8589
HMGCS1	3	0.0022277	0.0062968	0.101005	75	3	-1.2855	0.99777	0.99772	0.999995	1000	0	-1.2855
BUB1B	4	0.0022977	0.0084659	0.11494	76	4	-0.78151	0.9921	0.99201	0.999995	981	0	-0.78151
TRAPPC3	4	0.0023622	0.0086622	0.116117	77	4	-0.62415	0.99565	0.99568	0.999995	995	0	-0.62415
RPS11	3	0.0026211	0.0072037	0.105954	78	3	-1.1925	0.99738	0.99727	0.999995	999	0	-1.1925
CCT6A	3	0.0029124	0.0079797	0.111191	79	3	-0.83953	0.99709	0.99694	0.999995	998	0	-0.83953
RPL13	3	0.0030732	0.0084098	0.11494	80	3	-0.86399	0.99693	0.99678	0.999995	997	0	-0.86399
POLR2B	4	0.0031326	0.01128	0.147476	81	3	-1.1058	0.042942	0.076548	0.932571	86	1	-1.1058
PRPF38A	4	0.0033181	0.011841	0.15108	82	3	-0.704	0.057393	0.09923	0.951291	110	1	-0.704
BAP1	4	0.0033656	0.012037	0.151756	83	3	-0.44936	0.98442	0.98465	0.999995	960	0	-0.44936
ACTL6A	4	0.0035579	0.012692	0.155628	84	3	-1.1936	0.32481	0.32401	0.999995	329	1	-1.1936
VCP	4	0.0035846	0.012785	0.155628	85	3	-0.73702	0.89994	0.90024	0.999995	867	0	-0.73702
COX4I1	4	0.0036384	0.012954	0.155884	86	4	-0.64724	0.99636	0.99641	0.999995	996	0	-0.64724
RPL10A	4	0.0039432	0.013954	0.164961	87	3	-0.84848	0.53718	0.53636	0.999995	519	0	-0.84848
INTS2	4	0.0039697	0.014019	0.164961	88	4	-0.58556	0.98942	0.98935	0.999995	976	0	-0.58556
DHX9	3	0.0042523	0.011654	0.150507	89	3	-1.0064	0.99304	0.993	0.999995	983	0	-1.0064
MRPL38	4	0.0044012	0.015225	0.177184	90	4	-0.67685	0.9956	0.99565	0.999995	994	0	-0.67685
E2F3	3	0.0045694	0.012505	0.155628	91	3	-0.42334	0.9877	0.98775	0.999995	967	0	-0.42334
RPL8	4	0.0046988	0.016319	0.187107	92	3	-0.87445	0.97342	0.97349	0.999995	943	0	-0.87445
RNF113A	4	0.0047284	0.016432	0.187107	93	3	-0.58538	0.5287	0.5278	0.999995	510	0	-0.58538
FZR1	4	0.0049199	0.016946	0.19091	94	4	-0.4126	0.99508	0.99516	0.999995	993	0	-0.4126
RAN	4	0.0051561	0.017806	0.196421	95	3	-0.85404	0.80965	0.81181	0.999995	765	0	-0.85404
XAB2	4	0.0053789	0.018563	0.200798	96	4	-0.69185	0.99089	0.99087	0.999995	979	0	-0.69185
KIF4A	4	0.0053893	0.018582	0.200798	97	4	-0.46183	0.99461	0.99463	0.999995	992	0	-0.46183
SLC25A28	4	0.0055022	0.018844	0.20157	98	4	-0.3004	0.9945	0.99453	0.999995	991	0	-0.3004
CCNL1	4	0.0056943	0.01961	0.207673	99	4	-0.63116	0.99431	0.99432	0.999995	990	0	-0.63116
FARS2	4	0.0060936	0.020779	0.216997	100	4	-0.39314	0.99391	0.99382	0.999995	989	0	-0.39314
FDPS	4	0.0061537	0.020901	0.216997	101	2	-0.62695	0.1507	0.17235	0.999995	177	1	-0.62695
RPA1	4	0.006259	0.021256	0.218441	102	4	-0.62651	0.99374	0.99362	0.999995	988	0	-0.62651
GTF3C1	4	0.0063321	0.021452	0.218441	103	4	-0.44491	0.99148	0.99139	0.999995	980	0	-0.44491
NAPA	4	0.0065135	0.022013	0.220644	104	4	-0.63726	0.99349	0.99338	0.999995	987	0	-0.63726
TUFM	3	0.0065609	0.017638	0.196421	105	3	-0.81242	0.9683	0.9678	0.999995	936	0	-0.81242
PRKDC	8	0.0065616	0.030577	0.264791	106	5	-0.30914	0.6563	0.65562	0.999995	627	0	-0.30914
SIN3B	4	0.0066	0.022294	0.220644	107	4	-0.27612	0.9934	0.99325	0.999995	986	0	-0.27612
RPS5	4	0.0066816	0.022555	0.221168	108	3	-0.71617	0.91429	0.91425	0.999995	884	0	-0.71617
MED8	4	0.0067978	0.022892	0.222409	109	4	-0.38731	0.9932	0.99306	0.999995	984	0	-0.38731
SOD1	4	0.007022	0.023565	0.22527	110	3	-0.76436	0.65294	0.65239	0.999995	622	0	-0.76436
SF3B5	4	0.007045	0.023612	0.22527	111	3	-0.67367	0.89843	0.89872	0.999995	865	0	-0.67367
PSMC3	4	0.0071913	0.024154	0.228386	112	3	-0.88433	0.89893	0.89918	0.999995	866	0	-0.88433
ATR	4	0.0078297	0.026202	0.241251	113	4	-0.36526	0.99217	0.9921	0.999995	982	0	-0.36526
KAT6A	4	0.0086802	0.028829	0.260938	114	3	-0.48882	0.95882	0.95925	0.999995	926	0	-0.48882
PPP2R1A	4	0.0087682	0.029081	0.260992	115	3	-0.51532	0.13818	0.16224	0.999995	169	1	-0.51532
SNRPB	4	0.0090808	0.030016	0.264791	116	3	-0.49211	0.37837	0.37714	0.999995	370	0	-0.49211
TUBB	3	0.0091895	0.024509	0.229694	117	3	-1.2343	0.99081	0.99078	0.999995	978	0	-1.2343
POLR2A	4	0.0093107	0.030652	0.264791	118	3	-0.88975	0.83554	0.83726	0.999995	787	0	-0.88975
RPL14	3	0.0093481	0.024921	0.231501	119	2	-1.5039	0.78881	0.78975	0.999995	749	0	-1.5039
ARID1A	4	0.0093543	0.030755	0.264791	120	3	-0.42455	0.92939	0.92944	0.999995	898	0	-0.42455
MRPL55	4	0.0095063	0.031278	0.265941	121	4	-0.19178	0.99049	0.99043	0.999995	977	0	-0.19178
SMARCA4	4	0.0095395	0.031391	0.265941	122	3	-0.5308	0.48906	0.488	0.999995	479	0	-0.5308
NMT1	4	0.0099168	0.032634	0.274281	123	3	-0.44234	0.98215	0.98204	0.999995	953	0	-0.44234
RBBP4	3	0.0099621	0.026426	0.241251	124	2	-1.134	0.11465	0.1268	0.951291	154	1	-1.134
RNF20	4	0.010013	0.032905	0.274382	125	3	-0.44605	0.056495	0.09779	0.951291	108	1	-0.44605
HACD2	4	0.010702	0.035074	0.290184	126	4	-0.58757	0.9893	0.98918	0.999995	975	0	-0.58757
MED12	4	0.01105	0.036271	0.294983	127	4	-0.53455	0.98895	0.98897	0.999995	974	0	-0.53455
NDUFC1	4	0.011082	0.036411	0.294983	128	4	-0.43211	0.98892	0.98896	0.999995	973	0	-0.43211
TACC3	4	0.011175	0.036692	0.294983	129	3	-0.63564	0.9318	0.93179	0.999995	900	0	-0.63564
ABCG2	4	0.011243	0.036916	0.294983	130	4	-0.28194	0.98876	0.98881	0.999995	972	0	-0.28194
SFPQ	4	0.01126	0.037047	0.294983	131	3	-0.45765	0.97499	0.97504	0.999995	948	0	-0.45765
VPS37A	4	0.011505	0.037767	0.298471	132	4	-0.2907	0.9885	0.98856	0.999995	971	0	-0.2907
RPL18A	2	0.011731	0.022284	0.220644	133	2	-1.0229	0.98827	0.98848	0.999995	970	0	-1.0229
HNRNPK	4	0.011771	0.038543	0.302347	134	4	-0.80908	0.98823	0.98827	0.999995	969	0	-0.80908
AKIRIN1	4	0.011872	0.038879	0.30259	135	4	-0.30163	0.98813	0.98822	0.999995	968	0	-0.30163
TIMM23	4	0.011946	0.039188	0.30259	136	3	-0.56468	0.083168	0.11925	0.951291	126	1	-0.56468
MED23	4	0.012436	0.040572	0.306895	137	3	-0.65816	0.86169	0.86288	0.999995	826	0	-0.65816
CDS2	4	0.012996	0.042198	0.316937	138	3	-0.69851	0.1041	0.1357	0.970999	146	1	-0.69851
RFC2	4	0.013198	0.042769	0.318958	139	2	-0.48493	0.76791	0.76874	0.999995	734	0	-0.48493
EIF4A3	4	0.013454	0.043666	0.321267	140	3	-0.96834	0.29496	0.29559	0.999995	305	1	-0.96834
XRCC6	4	0.013465	0.043685	0.321267	141	4	-0.3894	0.98653	0.98667	0.999995	965	0	-0.3894
FANCM	4	0.013652	0.044321	0.323694	142	4	-0.50325	0.98635	0.98647	0.999995	964	0	-0.50325
HNRNPH1	4	0.013916	0.04505	0.326767	143	4	-0.49141	0.98608	0.9862	0.999995	963	0	-0.49141
SF1	4	0.014161	0.045658	0.328922	144	3	-0.43693	0.92356	0.92347	0.999995	892	0	-0.43693
ANAPC4	4	0.014852	0.047836	0.342287	145	4	-0.47221	0.98515	0.98543	0.999995	962	0	-0.47221
SEPHS1	3	0.0152	0.039431	0.30259	146	3	-0.33117	0.9848	0.98481	0.999995	961	0	-0.33117
SF3B2	4	0.015391	0.049435	0.34934	147	3	-0.48442	0.97311	0.97319	0.999995	942	0	-0.48442
RPL19	4	0.0154	0.049482	0.34934	148	2	-0.52181	0.70491	0.70425	0.999995	680	0	-0.52181
RPS3	3	0.015443	0.04017	0.30604	149	2	-0.98907	0.45171	0.45053	0.999995	441	0	-0.98907
RPS23	2	0.01627	0.030549	0.264791	150	2	-1.0231	0.98373	0.98412	0.999995	958	0	-1.0231
ATP5F1D	4	0.017005	0.053072	0.372205	151	2	-0.40774	0.5891	0.58914	0.999995	568	0	-0.40774
ATP6V1D	4	0.018188	0.055428	0.384941	152	3	-0.67434	0.73141	0.731	0.999995	701	0	-0.67434
CAND1	4	0.018276	0.055615	0.384941	153	3	-0.53661	0.97445	0.97459	0.999995	947	0	-0.53661
MED26	4	0.020186	0.059794	0.41118	154	3	-0.57247	0.80856	0.81058	0.999995	763	0	-0.57247
CFL1	4	0.021439	0.062599	0.427691	155	3	-0.48979	0.98366	0.98374	0.999995	957	0	-0.48979
G3BP1	4	0.022225	0.06416	0.43281	156	3	-0.36769	0.9128	0.91296	0.999995	882	0	-0.36769
MANF	4	0.022304	0.064375	0.43281	157	3	-0.60509	0.98408	0.98429	0.999995	959	0	-0.60509
COPZ1	4	0.022544	0.064983	0.43281	158	3	-0.40596	0.95463	0.95521	0.999995	921	0	-0.40596
TBP	4	0.022802	0.065544	0.433818	159	3	-0.44523	0.22302	0.23234	0.999995	238	1	-0.44523
MTHFD1	4	0.0241	0.068171	0.448404	160	3	-0.33668	0.47124	0.47063	0.999995	457	0	-0.33668
ATP6V1C2	8	0.024382	0.093517	0.565783	161	6	-0.18197	0.93708	0.93658	0.999995	906	0	-0.18197
WASL	4	0.02452	0.069022	0.451198	162	3	-0.43283	0.44093	0.4403	0.999995	429	0	-0.43283
RPL5	4	0.024859	0.069742	0.453107	163	3	-0.67349	0.95171	0.9521	0.999995	917	0	-0.67349
IMPDH2	4	0.025202	0.070368	0.454389	164	3	-0.31517	0.97391	0.97402	0.999995	944	0	-0.31517
ASF1B	8	0.025771	0.098192	0.573142	165	6	-0.2178	0.59182	0.59067	0.999995	572	0	-0.2178
AFG3L2	3	0.025811	0.064852	0.43281	166	2	-1.1516	0.74288	0.74371	0.999995	713	0	-1.1516
ATP7A	4	0.027137	0.074529	0.477425	167	3	-0.40158	0.8846	0.88466	0.999995	853	0	-0.40158
RBM22	4	0.027281	0.074837	0.477425	168	3	-0.45665	0.98353	0.98355	0.999995	956	0	-0.45665
CHMP1A	4	0.032671	0.086056	0.529531	169	3	-0.32283	0.97165	0.97178	0.999995	940	0	-0.32283
CDK2	4	0.032874	0.08644	0.529531	170	3	-0.41323	0.88534	0.88533	0.999995	854	0	-0.41323
NCBP2	4	0.032911	0.086505	0.529531	171	2	-0.20559	0.7847	0.78575	0.999995	747	0	-0.20559
RPL11	3	0.035135	0.085757	0.529531	172	2	-0.72169	0.79228	0.79307	0.999995	752	0	-0.72169
TAMM41	4	0.036754	0.094321	0.565783	173	3	-0.42461	0.07168	0.11065	0.951291	120	1	-0.42461
MMD	4	0.036863	0.094564	0.565783	174	3	-0.33607	0.945	0.94496	0.999995	913	0	-0.33607
TBC1D28	3	0.037128	0.090366	0.549989	175	3	-0.15953	0.96287	0.96232	0.999995	931	0	-0.15953
PMPCB	4	0.038057	0.097014	0.573142	176	2	-0.53535	0.37508	0.37376	0.999995	368	0	-0.53535
EIF3J	4	0.038257	0.097453	0.573142	177	2	-0.44233	0.76221	0.76275	0.999995	730	0	-0.44233
YIF1A	4	0.039755	0.10041	0.581047	178	3	-0.36855	0.94083	0.94063	0.999995	909	0	-0.36855
PTTG1	3	0.039857	0.096864	0.573142	179	3	-0.16608	0.96014	0.95966	0.999995	928	0	-0.16608
SNRPB2	3	0.040668	0.0985	0.573142	180	2	-0.53456	0.82804	0.82838	0.999995	781	0	-0.53456
SPTLC2	4	0.041715	0.10441	0.60092	181	3	-0.44791	0.98327	0.98319	0.999995	955	0	-0.44791
RPL37A	2	0.042027	0.075557	0.478459	182	1	-0.77288	0.11191	0.11456	0.951291	151	1	-0.77288
RPS28	2	0.042217	0.075903	0.478459	183	2	-0.44697	0.95778	0.95742	0.999995	924	0	-0.44697
GFM1	4	0.042339	0.10569	0.605004	184	3	-0.38106	0.83383	0.83567	0.999995	786	0	-0.38106
COPS7A	4	0.043499	0.10814	0.612405	185	3	-0.27669	0.96712	0.96743	0.999995	934	0	-0.27669
MYL7	4	0.043982	0.10916	0.613992	186	3	-0.22856	0.79346	0.79478	0.999995	755	0	-0.22856
UCHL5	4	0.044224	0.10958	0.613992	187	3	-0.24325	0.086681	0.12182	0.951291	131	1	-0.24325
RPS8	3	0.044345	0.10702	0.60931	188	2	-0.71847	0.86283	0.86293	0.999995	827	0	-0.71847
RPL31	2	0.044366	0.079381	0.497422	189	2	-0.59475	0.95563	0.9552	0.999995	923	0	-0.59475
GDI2	8	0.044758	0.1465	0.749486	190	5	-0.21742	0.68334	0.68235	0.999995	658	0	-0.21742
RHBDF1	4	0.046193	0.11355	0.629594	191	3	-0.30626	0.91174	0.91185	0.999995	881	0	-0.30626
INCENP	4	0.046598	0.11447	0.631369	192	2	-0.36028	0.85717	0.8586	0.999995	815	0	-0.36028
IPO7	3	0.046876	0.11034	0.614982	193	2	-0.60312	0.84201	0.8426	0.999995	800	0	-0.60312
KIF20A	8	0.049186	0.15743	0.775432	194	5	-0.1974	0.11318	0.19113	0.999995	152	1	-0.1974
PUM2	4	0.049374	0.11996	0.654818	195	3	-0.33299	0.98196	0.98187	0.999995	952	0	-0.33299
MED13L	4	0.05161	0.12401	0.673496	196	3	-0.27581	0.96412	0.96458	0.999995	932	0	-0.27581
MORF4L1	3	0.051957	0.11731	0.643693	197	2	-0.69255	0.54533	0.54395	0.999995	531	0	-0.69255
XPR1	4	0.052818	0.12643	0.679625	198	3	-0.31494	0.84198	0.84387	0.999995	799	0	-0.31494
FAM50A	4	0.054869	0.13047	0.695681	199	3	-0.28022	0.84151	0.8433	0.999995	798	0	-0.28022
EIF3L	4	0.055008	0.13073	0.695681	200	3	-0.28221	0.92301	0.92305	0.999995	891	0	-0.28221
SAR1A	8	0.055131	0.17187	0.819887	201	5	-0.18265	0.21576	0.31379	0.999995	232	1	-0.18265
EPS15L1	4	0.056967	0.13444	0.709171	202	3	-0.24619	0.084047	0.1199	0.951291	128	1	-0.24619
SNAPC4	4	0.057039	0.13461	0.709171	203	2	-0.31435	0.85804	0.85948	0.999995	818	0	-0.31435
RYBP	3	0.057092	0.12489	0.674808	204	2	-0.41748	0.53864	0.53714	0.999995	521	0	-0.41748
APH1B	4	0.057393	0.13527	0.709171	205	3	-0.34924	0.89115	0.8914	0.999995	858	0	-0.34924
DDI2	4	0.05868	0.13781	0.718895	206	3	-0.26432	0.55021	0.5494	0.999995	536	0	-0.26432
PSMA2	4	0.059425	0.13917	0.722457	207	2	-0.38738	0.50973	0.50866	0.999995	496	0	-0.38738
NXT2	4	0.061305	0.14272	0.737286	208	3	-0.43374	0.87718	0.87791	0.999995	844	0	-0.43374
G3BP2	4	0.063244	0.14622	0.749486	209	3	-0.35217	0.92744	0.9274	0.999995	896	0	-0.35217
SEPHS2	4	0.063819	0.14743	0.750643	210	3	-0.34417	0.95257	0.95305	0.999995	920	0	-0.34417
FXR1	4	0.066297	0.15188	0.766717	211	3	-0.17469	0.90897	0.90899	0.999995	877	0	-0.17469
FOXK2	4	0.066452	0.15217	0.766717	212	3	-0.2157	0.68527	0.68444	0.999995	661	0	-0.2157
PFN1	4	0.066818	0.15276	0.766717	213	2	-0.25713	0.46069	0.4601	0.999995	449	0	-0.25713
ASF1A	4	0.067542	0.15415	0.769895	214	3	-0.24003	0.57098	0.57123	0.999995	549	0	-0.24003
FAM126A	4	0.068169	0.15526	0.769895	215	3	-0.20986	0.83674	0.83831	0.999995	789	0	-0.20986
ABT1	4	0.068339	0.15558	0.769895	216	3	-0.43381	0.90598	0.90583	0.999995	874	0	-0.43381
FANCF	4	0.069913	0.15864	0.777801	217	3	-0.31351	0.87561	0.87643	0.999995	842	0	-0.31351
MBD3L1	4	0.070875	0.16045	0.783022	218	3	-0.33876	0.90677	0.90658	0.999995	875	0	-0.33876
GRHL3	4	0.072496	0.16342	0.792102	219	3	-0.22018	0.97609	0.97618	0.999995	950	0	-0.22018
UTP14A	4	0.072722	0.16381	0.792102	220	2	-0.27193	0.34554	0.34444	0.999995	342	1	-0.27193
LARP1	4	0.073315	0.16499	0.794217	221	3	-0.27455	0.85934	0.86058	0.999995	822	0	-0.27455
BECN1	4	0.075802	0.16968	0.813068	222	3	-0.38543	0.70038	0.70004	0.999995	677	0	-0.38543
PSMB6	4	0.083181	0.18293	0.864812	223	2	-0.39673	0.83962	0.84141	0.999995	795	0	-0.39673
POLR2F	4	0.086509	0.18898	0.889483	224	2	-0.24723	0.57347	0.57375	0.999995	552	0	-0.24723
EPC2	4	0.088192	0.19213	0.900311	225	3	-0.30404	0.73036	0.73016	0.999995	700	0	-0.30404
IPO5	4	0.08879	0.19346	0.901876	226	3	-0.28714	0.86961	0.87018	0.999995	832	0	-0.28714
BATF3	4	0.089342	0.19445	0.901876	227	3	-0.18814	0.95933	0.95983	0.999995	927	0	-0.18814
SUSD1	4	0.089711	0.19502	0.901876	228	3	-0.24742	0.77072	0.77152	0.999995	736	0	-0.24742
PDS5A	4	0.091309	0.19794	0.911386	229	2	-0.26412	0.81153	0.81372	0.999995	766	0	-0.26412
NSG2	4	0.092805	0.20046	0.919013	230	1	-0.0275	0.15153	0.17303	0.999995	178	1	-0.0275
MED31	4	0.093677	0.20191	0.921667	231	2	-0.20342	0.91606	0.91595	0.999995	885	0	-0.20342
PKM	3	0.09413	0.17584	0.835035	232	2	-0.31699	0.45313	0.45201	0.999995	444	0	-0.31699
KHSRP	4	0.09535	0.2053	0.933094	233	3	-0.34565	0.83698	0.83857	0.999995	790	0	-0.34565
PMM2	4	0.098633	0.21165	0.957836	234	3	-0.14188	0.9691	0.96939	0.999995	938	0	-0.14188
SKA1	4	0.099415	0.2131	0.960291	235	3	-0.30928	0.89639	0.89651	0.999995	864	0	-0.30928
PDS5B	4	0.10059	0.21533	0.962172	236	3	-0.27477	0.86632	0.86708	0.999995	829	0	-0.27477
COPG1	4	0.10478	0.22231	0.985066	237	3	-0.31534	0.44275	0.44202	0.999995	431	0	-0.31534
RHOT1	4	0.10702	0.22625	0.995132	238	3	-0.29922	0.96026	0.96078	0.999995	929	0	-0.29922
DDX5	4	0.10719	0.22647	0.995132	239	2	-0.23168	0.82739	0.82934	0.999995	780	0	-0.23168
FOXK1	4	0.10948	0.23043	0.999995	240	3	-0.24358	0.93451	0.93466	0.999995	903	0	-0.24358
APH1A	4	0.11115	0.2335	0.999995	241	3	-0.24645	0.96255	0.96294	0.999995	930	0	-0.24645
MRPL27	4	0.11282	0.23647	0.999995	242	3	-0.2197	0.85119	0.85277	0.999995	810	0	-0.2197
ADSSL1	4	0.11345	0.23759	0.999995	243	3	-0.19508	0.89518	0.89537	0.999995	862	0	-0.19508
RPA3	4	0.11704	0.24375	0.999995	244	2	-0.34862	0.70679	0.70598	0.999995	682	0	-0.34862
SOAT1	4	0.11837	0.24619	0.999995	245	3	-0.23166	0.87062	0.87122	0.999995	835	0	-0.23166
SLC25A25	4	0.11955	0.24846	0.999995	246	2	-0.24506	0.68567	0.68487	0.999995	662	0	-0.24506
ATP5PB	4	0.12176	0.25261	0.999995	247	2	-0.13498	0.38752	0.386	0.999995	378	0	-0.13498
UTP14C	4	0.12211	0.2533	0.999995	248	1	0.20961	0.012346	0.025744	0.736821	38	2	0.20961
SPAG9	4	0.12295	0.25479	0.999995	249	3	-0.181	0.84915	0.85095	0.999995	808	0	-0.181
DGKZ	3	0.12368	0.21459	0.962172	250	2	-0.24357	0.42292	0.42127	0.999995	409	0	-0.24357
TCF12	4	0.12384	0.25627	0.999995	251	3	-0.14029	0.86084	0.86198	0.999995	825	0	-0.14029
GSTP1	4	0.1254	0.25892	0.999995	252	3	-0.13571	0.98292	0.98282	0.999995	954	0	-0.13571
ACTL6B	4	0.12651	0.26053	0.999995	253	3	-0.16537	0.43422	0.43343	0.999995	421	0	-0.16537
CLTA	4	0.12674	0.26087	0.999995	254	3	-0.18036	0.6761	0.67535	0.999995	649	0	-0.18036
DUSP10	4	0.12719	0.26169	0.999995	255	3	-0.12695	0.89431	0.89466	0.999995	860	0	-0.12695
KPNA2	3	0.12855	0.22105	0.983588	256	2	-0.28005	0.60836	0.60838	0.999995	582	0	-0.28005
USP5	4	0.13144	0.26719	0.999995	257	2	-0.06977	0.17778	0.19442	0.999995	198	1	-0.06977
LSM4	4	0.13336	0.26903	0.999995	258	2	-0.194	0.031079	0.056998	0.900916	67	1	-0.194
MBTD1	4	0.13664	0.27244	0.999995	259	2	-0.26539	0.86694	0.86769	0.999995	830	0	-0.26539
PMM1	4	0.13863	0.2742	0.999995	260	2	-0.19102	0.32411	0.32319	0.999995	328	1	-0.19102
ADAP1	4	0.14029	0.27604	0.999995	261	2	-0.21819	0.67165	0.67073	0.999995	643	0	-0.21819
AP2A1	4	0.14903	0.28535	0.999995	262	2	-0.22406	0.45117	0.45045	0.999995	440	0	-0.22406
DHX29	3	0.15107	0.24982	0.999995	263	2	-0.46198	0.8491	0.84939	0.999995	807	0	-0.46198
ZWILCH	4	0.15209	0.28851	0.999995	264	2	-0.21796	0.35099	0.3499	0.999995	346	1	-0.21796
RPL17	3	0.1543	0.25375	0.999995	265	1	-0.15123	0.83321	0.83378	0.999995	785	0	-0.15123
GPR151	4	0.15449	0.29093	0.999995	266	2	-0.33754	0.76125	0.76175	0.999995	729	0	-0.33754
LDB1	8	0.15572	0.35809	0.999995	267	4	-0.19092	0.66505	0.66429	0.999995	638	0	-0.19092
GABPB1	4	0.15725	0.29365	0.999995	268	2	-0.15875	0.42187	0.42087	0.999995	407	0	-0.15875
RNF40	4	0.16145	0.29816	0.999995	269	2	-0.16254	0.97421	0.97437	0.999995	945	0	-0.16254
SNRPD2	3	0.16539	0.26775	0.999995	270	2	-0.32969	0.90035	0.89994	0.999995	869	0	-0.32969
ITSN2	4	0.16596	0.30302	0.999995	271	2	-0.25654	0.94316	0.94294	0.999995	911	0	-0.25654
TMEM185A	4	0.16666	0.30367	0.999995	272	2	-0.073177	0.26189	0.26605	0.999995	275	1	-0.073177
GLIS3	4	0.17054	0.30784	0.999995	273	2	-0.11189	0.14487	0.16744	0.999995	174	1	-0.11189
CCNE1	4	0.17161	0.30891	0.999995	274	2	-0.12079	0.10669	0.13781	0.975379	147	1	-0.12079
ZMAT2	4	0.17209	0.30936	0.999995	275	1	0.063373	0.27008	0.27311	0.999995	280	1	0.063373
PSEN1	4	0.1766	0.31419	0.999995	276	2	-0.21775	0.35167	0.35055	0.999995	347	1	-0.21775
LMBR1	4	0.17767	0.31521	0.999995	277	2	-0.15432	0.0079555	0.018077	0.638119	30	1	-0.15432
TNPO2	4	0.17911	0.31714	0.999995	278	2	-0.19103	0.77566	0.77667	0.999995	740	0	-0.19103
CTPS1	4	0.18163	0.31991	0.999995	279	2	-0.19185	0.88385	0.88412	0.999995	851	0	-0.19185
CRKL	4	0.18344	0.32189	0.999995	280	2	-0.12062	0.26562	0.26936	0.999995	276	1	-0.12062
NAA11	4	0.18999	0.32869	0.999995	281	2	-0.24851	0.91159	0.91173	0.999995	880	0	-0.24851
NUTF2	4	0.19067	0.32932	0.999995	282	2	-0.23169	0.51411	0.51313	0.999995	501	0	-0.23169
PPP2CB	3	0.19113	0.30095	0.999995	283	2	-0.20861	0.76419	0.76508	0.999995	732	0	-0.20861
PLXDC1	8	0.19376	0.41169	0.999995	284	4	-0.1873	0.22782	0.32035	0.999995	242	1	-0.1873
TAF1	4	0.19547	0.33407	0.999995	285	1	0.032379	0.26785	0.27118	0.999995	277	1	0.032379
VANGL2	4	0.19808	0.33669	0.999995	286	2	-0.19517	0.67651	0.67573	0.999995	650	0	-0.19517
PHLDA1	4	0.20291	0.34176	0.999995	287	2	-0.046861	0.16145	0.18099	0.999995	185	1	-0.046861
RPS15	2	0.20405	0.26289	0.999995	288	1	-0.37117	0.63409	0.63357	0.999995	602	0	-0.37117
ATP6V1E1	3	0.20754	0.32092	0.999995	289	2	-0.24102	0.2073	0.20867	0.999995	221	1	-0.24102
CYFIP2	4	0.20776	0.34682	0.999995	290	2	-0.062049	0.16309	0.18228	0.999995	187	1	-0.062049
SLC11A2	4	0.20889	0.34794	0.999995	291	2	-0.22043	0.96951	0.96968	0.999995	939	0	-0.22043
SLCO2B1	4	0.21341	0.3527	0.999995	292	2	-0.16458	0.61771	0.61664	0.999995	590	0	-0.16458
RNF2	3	0.21458	0.32993	0.999995	293	2	-0.24207	0.53273	0.53119	0.999995	514	0	-0.24207
GYS2	4	0.21833	0.35793	0.999995	294	2	-0.27234	0.73211	0.73166	0.999995	702	0	-0.27234
ZNF804B	4	0.21871	0.35837	0.999995	295	2	-0.29627	0.40616	0.40464	0.999995	393	0	-0.29627
TLN1	4	0.22023	0.35988	0.999995	296	2	-0.15496	0.88254	0.88295	0.999995	849	0	-0.15496
DMXL2	4	0.22251	0.36213	0.999995	297	2	-0.18169	0.93054	0.93072	0.999995	899	0	-0.18169
EAF1	4	0.22404	0.36346	0.999995	298	2	-0.24094	0.97439	0.97451	0.999995	946	0	-0.24094
CLTB	4	0.22481	0.36418	0.999995	299	2	-0.14877	0.76885	0.76965	0.999995	735	0	-0.14877
RHBDF2	4	0.2271	0.36676	0.999995	300	2	-0.17051	0.68842	0.68786	0.999995	667	0	-0.17051
SOS2	4	0.23249	0.37221	0.999995	301	2	-0.1878	0.54451	0.54345	0.999995	529	0	-0.1878
BRD8	4	0.24179	0.38182	0.999995	302	2	-0.27176	0.785	0.78601	0.999995	748	0	-0.27176
RSBN1L	4	0.2453	0.38541	0.999995	303	2	-0.30549	0.96798	0.96839	0.999995	935	0	-0.30549
ERH	4	0.24647	0.38649	0.999995	304	2	-0.096653	0.26114	0.26529	0.999995	274	1	-0.096653
COPG2	4	0.24921	0.3894	0.999995	305	2	-0.14992	0.68685	0.6861	0.999995	665	0	-0.14992
RBMX	3	0.25121	0.3764	0.999995	306	2	-0.223	0.70718	0.7078	0.999995	683	0	-0.223
GABPB2	4	0.25137	0.3914	0.999995	307	1	-0.044681	0.20657	0.21813	0.999995	220	1	-0.044681
CBLL1	4	0.25212	0.39213	0.999995	308	1	-0.13957	0.29423	0.29488	0.999995	304	1	-0.13957
FOSL1	3	0.2537	0.37943	0.999995	309	2	-0.15123	0.91622	0.91593	0.999995	886	0	-0.15123
XPO7	4	0.25589	0.39593	0.999995	310	2	-0.12126	0.67083	0.66987	0.999995	642	0	-0.12126
SAMD9	4	0.25629	0.39619	0.999995	311	2	-0.20672	0.40042	0.39872	0.999995	389	0	-0.20672
BZW2	4	0.25668	0.39659	0.999995	312	2	-0.14359	0.87083	0.87139	0.999995	836	0	-0.14359
MTMR3	4	0.25739	0.39743	0.999995	313	2	-0.11226	0.084926	0.12049	0.951291	129	1	-0.11226
CDK5R1	4	0.25944	0.39937	0.999995	314	2	-0.063634	0.43606	0.43535	0.999995	424	0	-0.063634
NRBP2	4	0.26023	0.40021	0.999995	315	2	-0.21966	0.93913	0.93901	0.999995	908	0	-0.21966
MTA1	4	0.26103	0.40101	0.999995	316	2	-0.17244	0.10323	0.13503	0.970999	145	1	-0.17244
CRNN	4	0.26142	0.40146	0.999995	317	2	-0.14602	0.44637	0.44586	0.999995	435	0	-0.14602
EXOC6B	4	0.26698	0.40728	0.999995	318	2	-0.17388	0.74616	0.7456	0.999995	715	0	-0.17388
ADSS	3	0.2678	0.39585	0.999995	319	2	-0.16454	0.80862	0.80888	0.999995	764	0	-0.16454
VPS26A	4	0.26934	0.4097	0.999995	320	2	-0.15281	0.54086	0.54004	0.999995	526	0	-0.15281
TPBGL	4	0.27156	0.41187	0.999995	321	1	-0.068624	0.25964	0.26392	0.999995	272	1	-0.068624
CAND2	4	0.27295	0.41332	0.999995	322	2	-0.023532	0.049014	0.086327	0.938344	96	2	-0.023532
EEFSEC	4	0.27525	0.41585	0.999995	323	2	-0.13515	0.83866	0.84054	0.999995	793	0	-0.13515
PLEK2	4	0.27615	0.41664	0.999995	324	2	-0.16244	0.42869	0.4277	0.999995	416	0	-0.16244
RIMKLB	3	0.27748	0.40735	0.999995	325	1	0.11456	0.089756	0.10513	0.951291	135	1	0.11456
RPRD1B	4	0.27856	0.41913	0.999995	326	2	-0.17653	0.92612	0.92616	0.999995	895	0	-0.17653
DZIP1L	4	0.28378	0.42421	0.999995	327	2	-0.16325	0.90011	0.90039	0.999995	868	0	-0.16325
PFAS	4	0.28418	0.42469	0.999995	328	2	-0.063843	0.31213	0.31171	0.999995	318	1	-0.063843
MED12L	4	0.28539	0.42592	0.999995	329	2	-0.20766	0.43667	0.43594	0.999995	425	0	-0.20766
RNF38	4	0.2874	0.42779	0.999995	330	2	-0.18524	0.8816	0.88194	0.999995	848	0	-0.18524
CCT6B	4	0.28942	0.42999	0.999995	331	2	-0.13642	0.67449	0.67364	0.999995	647	0	-0.13642
TPST2	4	0.29104	0.43148	0.999995	332	2	-0.086146	0.59102	0.59105	0.999995	571	0	-0.086146
ZNF260	4	0.29589	0.43653	0.999995	333	2	-0.12835	0.59054	0.59046	0.999995	570	0	-0.12835
RHOT2	4	0.29792	0.43853	0.999995	334	2	-0.16594	0.73593	0.73556	0.999995	705	0	-0.16594
MDM4	4	0.29832	0.43895	0.999995	335	2	-0.16943	0.95482	0.95532	0.999995	922	0	-0.16943
CWF19L1	4	0.29914	0.43991	0.999995	336	2	-0.19117	0.84571	0.84767	0.999995	803	0	-0.19117
PIP4P1	4	0.30035	0.44119	0.999995	337	2	-0.15357	0.94349	0.94335	0.999995	912	0	-0.15357
MORF4L2	4	0.30198	0.44289	0.999995	338	2	-0.098748	0.48679	0.4857	0.999995	475	0	-0.098748
UNC119	4	0.30279	0.44374	0.999995	339	2	-0.18145	0.95228	0.95269	0.999995	919	0	-0.18145
SAP30L	4	0.3043	0.44516	0.999995	340	1	-0.00069864	0.48222	0.48124	0.999995	469	0	-0.00069864
RSC1A1	4	0.30442	0.4453	0.999995	341	2	-0.15441	0.60617	0.60544	0.999995	579	0	-0.15441
GCM2	4	0.30483	0.44578	0.999995	342	2	-0.15316	0.075226	0.11342	0.951291	123	1	-0.15316
SOX9	4	0.30573	0.44678	0.999995	343	1	-0.044371	0.59533	0.59504	0.999995	573	0	-0.044371
PPP2CA	8	0.30588	0.55614	0.999995	344	3	-0.12761	0.97562	0.97566	0.999995	949	0	-0.12761
IFIH1	4	0.30646	0.4475	0.999995	345	2	-0.17235	0.2782	0.28046	0.999995	287	1	-0.17235
FLNC	4	0.30809	0.44916	0.999995	346	2	-0.12435	0.20104	0.21339	0.999995	215	1	-0.12435
PPP3R1	4	0.3089	0.45005	0.999995	347	2	-0.12282	0.71088	0.71021	0.999995	686	0	-0.12282
ATP6V1B1	4	0.31054	0.45165	0.999995	348	2	-0.14986	0.67891	0.67794	0.999995	651	0	-0.14986
STAM	4	0.31094	0.45208	0.999995	349	2	-0.14014	0.74278	0.7423	0.999995	712	0	-0.14014
RNF130	4	0.31176	0.45296	0.999995	350	2	-0.13631	0.51083	0.5097	0.999995	498	0	-0.13631
PDLIM5	4	0.31667	0.45828	0.999995	351	2	-0.062049	0.061876	0.10317	0.951291	113	1	-0.062049
PSMB8	4	0.31913	0.46056	0.999995	352	2	-0.095188	0.67931	0.67839	0.999995	652	0	-0.095188
SAFB2	4	0.31995	0.46132	0.999995	353	2	-0.085008	0.53243	0.53165	0.999995	513	0	-0.085008
IRF6	4	0.32159	0.46314	0.999995	354	2	-0.1195	0.68646	0.68567	0.999995	663	0	-0.1195
CTSZ	4	0.32241	0.46406	0.999995	355	2	-0.17371	0.44938	0.44871	0.999995	437	0	-0.17371
RPL15	2	0.32395	0.35274	0.999995	356	1	-0.29416	0.84996	0.84914	0.999995	809	0	-0.29416
NRBP1	4	0.32528	0.46714	0.999995	357	2	-0.038517	0.35031	0.34912	0.999995	345	1	-0.038517
PTCH1	4	0.32651	0.46826	0.999995	358	2	-0.1793	0.50421	0.50307	0.999995	491	0	-0.1793
ALG14	4	0.32857	0.47052	0.999995	359	2	-0.13065	0.56246	0.56267	0.999995	543	0	-0.13065
GRIP1	4	0.32898	0.471	0.999995	360	2	-0.15167	0.85253	0.85415	0.999995	812	0	-0.15167
ATP6V1E2	4	0.33038	0.47262	0.999995	361	2	-0.19122	0.93415	0.93423	0.999995	902	0	-0.19122
GPSM1	4	0.33104	0.47327	0.999995	362	2	-0.12178	0.31355	0.31325	0.999995	319	1	-0.12178
BCAP31	4	0.33516	0.47784	0.999995	363	2	-0.13914	0.40806	0.40658	0.999995	395	0	-0.13914
CYP2C8	4	0.33599	0.47865	0.999995	364	2	-0.093453	0.29568	0.29617	0.999995	306	1	-0.093453
HOXB1	4	0.33846	0.48111	0.999995	365	2	-0.10966	0.16719	0.18566	0.999995	190	1	-0.10966
RPL6	1	0.33877	0.33959	0.999995	366	1	-0.17877	0.66123	0.66363	0.999995	633	0	-0.17877
TMEM30A	4	0.33887	0.48146	0.999995	367	2	-0.17961	0.73731	0.73693	0.999995	707	0	-0.17961
TYMS	4	0.34011	0.48259	0.999995	368	2	-0.11433	0.57938	0.5794	0.999995	559	0	-0.11433
COX4I2	4	0.34053	0.48302	0.999995	369	2	-0.15889	0.87482	0.8756	0.999995	841	0	-0.15889
MYBPHL	4	0.34094	0.48328	0.999995	370	2	-0.13619	0.38687	0.38546	0.999995	377	0	-0.13619
ULK2	4	0.34218	0.48467	0.999995	371	2	-0.16753	0.74074	0.74029	0.999995	711	0	-0.16753
TCERG1	4	0.34259	0.48517	0.999995	372	2	-0.18104	0.97203	0.97207	0.999995	941	0	-0.18104
KIT	8	0.34456	0.58715	0.999995	373	2	0.019982	0.037029	0.087113	0.938344	76	3	0.019982
TOMM20L	4	0.34466	0.48718	0.999995	374	2	-0.075217	0.21913	0.22892	0.999995	235	1	-0.075217
TOMM20	3	0.34552	0.44863	0.999995	375	1	-0.077177	0.015061	0.027482	0.75311	41	1	-0.077177
MAT1A	4	0.34673	0.48966	0.999995	376	2	-0.08326	0.29712	0.29735	0.999995	308	1	-0.08326
RBBP7	4	0.34691	0.48988	0.999995	377	1	0.034043	0.2415	0.24834	0.999995	251	1	0.034043
HMGCS2	4	0.34714	0.49019	0.999995	378	2	-0.10065	0.60943	0.60856	0.999995	583	0	-0.10065
SATB2	4	0.35302	0.49593	0.999995	379	1	-0.090251	0.77505	0.77599	0.999995	739	0	-0.090251
SAMD4B	4	0.3546	0.49737	0.999995	380	2	-0.12718	0.84456	0.84658	0.999995	802	0	-0.12718
GXYLT2	4	0.35842	0.50124	0.999995	381	1	-0.06491	0.8589	0.8602	0.999995	821	0	-0.06491
UNC45A	4	0.36041	0.50338	0.999995	382	2	-0.13607	0.88292	0.88335	0.999995	850	0	-0.13607
POLD1	4	0.36044	0.50341	0.999995	383	1	-0.034441	0.27304	0.27584	0.999995	283	1	-0.034441
FNIP2	4	0.36165	0.50464	0.999995	384	2	-0.13903	0.58814	0.58818	0.999995	567	0	-0.13903
HRAS	4	0.36248	0.50558	0.999995	385	2	-0.11667	0.66632	0.6654	0.999995	639	0	-0.11667
DDX39B	4	0.36312	0.50633	0.999995	386	1	0.048426	0.37111	0.36988	0.999995	364	0	0.048426
FEZ1	4	0.36456	0.50775	0.999995	387	2	-0.14023	0.86981	0.87038	0.999995	833	0	-0.14023
GIT2	4	0.36539	0.50884	0.999995	388	2	-0.12348	0.7577	0.75773	0.999995	727	0	-0.12348
SEC23A	4	0.36622	0.50965	0.999995	389	2	-0.14367	0.49019	0.48928	0.999995	481	0	-0.14367
ADM	4	0.36664	0.51016	0.999995	390	2	-0.041655	0.21208	0.22275	0.999995	227	1	-0.041655
CDS1	4	0.36705	0.5106	0.999995	391	2	-0.17498	0.92163	0.92155	0.999995	889	0	-0.17498
RGS19	4	0.3683	0.51191	0.999995	392	2	-0.15523	0.75214	0.75217	0.999995	720	0	-0.15523
FEZ2	4	0.36872	0.51232	0.999995	393	2	-0.08999	0.66051	0.65971	0.999995	631	0	-0.08999
RPL21	2	0.37058	0.38961	0.999995	394	1	-0.15968	0.61511	0.61386	0.999995	587	0	-0.15968
FKBP5	4	0.37288	0.51674	0.999995	395	2	-0.11822	0.68724	0.68652	0.999995	666	0	-0.11822
SNX6	4	0.37329	0.51719	0.999995	396	2	-0.11887	0.46774	0.4673	0.999995	453	0	-0.11887
CLASP2	4	0.37496	0.51878	0.999995	397	2	-0.11699	0.2964	0.29685	0.999995	307	1	-0.11699
RECK	4	0.37508	0.51892	0.999995	398	2	-0.12767	0.038393	0.068998	0.931116	77	1	-0.12767
CALY	4	0.37537	0.51914	0.999995	399	2	-0.12089	0.19227	0.20662	0.999995	207	1	-0.12089
MED13	4	0.37579	0.51944	0.999995	400	2	-0.19303	0.88663	0.8866	0.999995	856	0	-0.19303
NAA16	4	0.37704	0.52058	0.999995	401	2	-0.16851	0.97638	0.97641	0.999995	951	0	-0.16851
TBK1	4	0.37787	0.52137	0.999995	402	2	-0.19268	0.51793	0.51675	0.999995	504	0	-0.19268
DGAT1	4	0.37954	0.52306	0.999995	403	2	-0.074616	0.16801	0.18632	0.999995	191	1	-0.074616
TANK	4	0.38621	0.52976	0.999995	404	2	-0.092911	0.65716	0.6565	0.999995	629	0	-0.092911
BICD1	4	0.38912	0.53256	0.999995	405	2	-0.099877	0.77719	0.77827	0.999995	741	0	-0.099877
PDGFC	4	0.38947	0.53292	0.999995	406	2	-0.0065143	0.11699	0.14541	0.993453	156	1	-0.0065143
EXOC6	4	0.38954	0.53297	0.999995	407	2	-0.12709	0.8487	0.85053	0.999995	806	0	-0.12709
TPST1	4	0.39079	0.53418	0.999995	408	2	-0.095272	0.17372	0.19134	0.999995	196	1	-0.095272
ACACB	4	0.394	0.53779	0.999995	409	1	-0.092459	0.87143	0.87204	0.999995	838	0	-0.092459
CDNF	4	0.39529	0.53916	0.999995	410	1	-0.03652	0.39141	0.38975	0.999995	382	0	-0.03652
ZEB1	4	0.39538	0.53925	0.999995	411	2	-0.15659	0.81527	0.81752	0.999995	772	0	-0.15659
EFR3B	4	0.39621	0.54011	0.999995	412	2	-0.12457	0.43971	0.43896	0.999995	428	0	-0.12457
STX12	4	0.39746	0.54131	0.999995	413	2	-0.17768	0.75477	0.75494	0.999995	723	0	-0.17768
RANBP9	4	0.3983	0.54221	0.999995	414	2	-0.14601	0.89256	0.89289	0.999995	859	0	-0.14601
TMEM9B	4	0.40205	0.5462	0.999995	415	2	-0.06817	0.055596	0.096509	0.951291	106	1	-0.06817
PRKAB1	4	0.40372	0.54782	0.999995	416	2	-0.066119	0.25739	0.26184	0.999995	270	1	-0.066119
CLASP1	4	0.40456	0.5488	0.999995	417	2	-0.086073	0.65421	0.65352	0.999995	624	0	-0.086073
MAP4K4	4	0.40539	0.54977	0.999995	418	2	-0.049945	0.31	0.30953	0.999995	316	1	-0.049945
ARHGEF7	4	0.40956	0.55393	0.999995	419	2	-0.062251	0.45832	0.45772	0.999995	446	0	-0.062251
EZH1	4	0.40998	0.55433	0.999995	420	2	-0.15699	0.95083	0.95115	0.999995	916	0	-0.15699
STX4	4	0.41248	0.55712	0.999995	421	2	-0.094799	0.52334	0.52258	0.999995	508	0	-0.094799
TTC23	4	0.4129	0.55766	0.999995	422	2	-0.072631	0.6753	0.6745	0.999995	648	0	-0.072631
SPTAN1	4	0.41311	0.55784	0.999995	423	1	-0.0011696	0.79028	0.79142	0.999995	750	0	-0.0011696
MTUS2	4	0.41415	0.55895	0.999995	424	2	-0.114	0.74649	0.74605	0.999995	716	0	-0.114
EP300	4	0.415	0.55984	0.999995	425	1	-0.044364	0.15568	0.17637	0.999995	180	1	-0.044364
LARP1B	4	0.4154	0.56017	0.999995	426	2	-0.10199	0.71236	0.71173	0.999995	688	0	-0.10199
RANBP17	4	0.41832	0.56348	0.999995	427	2	-0.16867	0.47415	0.47325	0.999995	461	0	-0.16867
PRKAB2	4	0.41916	0.5644	0.999995	428	2	-0.12036	0.8408	0.84251	0.999995	796	0	-0.12036
MBD4	8	0.42206	0.6504	0.999995	429	3	0.0032886	0.43955	0.45903	0.999995	427	1	0.0032886
SLC22A8	4	0.42375	0.56947	0.999995	430	2	-0.17552	0.96896	0.96925	0.999995	937	0	-0.17552
UNC119B	4	0.42436	0.57035	0.999995	431	1	-0.012147	0.19467	0.20863	0.999995	209	1	-0.012147
CCND3	4	0.42625	0.57222	0.999995	432	2	-0.084884	0.81261	0.81489	0.999995	768	0	-0.084884
ITSN1	4	0.42745	0.57336	0.999995	433	1	-0.14231	0.24226	0.24904	0.999995	252	1	-0.14231
ARPC5	4	0.42833	0.57432	0.999995	434	2	-0.1398	0.76602	0.76666	0.999995	733	0	-0.1398
KIAA0319L	4	0.42875	0.57483	0.999995	435	2	-0.16876	0.95856	0.95898	0.999995	925	0	-0.16876
CRY2	4	0.42917	0.57531	0.999995	436	2	-0.12246	0.8957	0.89595	0.999995	863	0	-0.12246
PTF1A	4	0.43083	0.57713	0.999995	437	2	-0.12826	0.27893	0.28107	0.999995	288	1	-0.12826
NDE1	4	0.43292	0.57941	0.999995	438	2	-0.10491	0.61817	0.61717	0.999995	591	0	-0.10491
JAG2	4	0.43375	0.58032	0.999995	439	2	0.005408	0.0095218	0.020611	0.659435	32	2	0.005408
NET1	4	0.43606	0.58276	0.999995	440	1	0.019222	0.092805	0.12649	0.951291	138	1	0.019222
GOLT1B	4	0.43971	0.58639	0.999995	441	1	-0.14307	0.57692	0.57701	0.999995	555	0	-0.14307
EFR3A	4	0.44083	0.58763	0.999995	442	2	-0.14963	0.91143	0.91157	0.999995	879	0	-0.14963
GRHL2	4	0.44214	0.58831	0.999995	443	1	-0.19302	0.58329	0.58299	0.999995	565	0	-0.19302
HNRNPF	4	0.44396	0.58909	0.999995	444	1	-0.14414	0.68171	0.68081	0.999995	655	0	-0.14414
BZW1	3	0.44556	0.50783	0.999995	445	1	-0.087984	0.68654	0.6869	0.999995	664	0	-0.087984
ANXA1	4	0.44878	0.59111	0.999995	446	1	0.034535	0.41876	0.4175	0.999995	404	0	0.034535
RPL27A	2	0.45505	0.46109	0.999995	447	1	-0.050395	0.066221	0.071453	0.931116	116	1	-0.050395
PPP3CA	4	0.45654	0.59479	0.999995	448	1	0.059383	0.27967	0.28169	0.999995	289	1	0.059383
CLTCL1	4	0.45832	0.59558	0.999995	449	1	-0.05348	0.79859	0.80002	0.999995	757	0	-0.05348
LATS2	4	0.46246	0.59741	0.999995	450	1	-0.053218	0.6043	0.60373	0.999995	576	0	-0.053218
ATP8B3	4	0.48164	0.60583	0.999995	451	1	0.014588	0.21051	0.22144	0.999995	226	1	0.014588
PEF1	4	0.48451	0.60701	0.999995	452	1	-0.17303	0.9191	0.91891	0.999995	888	0	-0.17303
MOGAT2	4	0.48792	0.6085	0.999995	453	1	-0.088639	0.60524	0.60458	0.999995	577	0	-0.088639
LIF	4	0.49246	0.61048	0.999995	454	1	-0.086816	0.17859	0.19511	0.999995	199	1	-0.086816
GATAD2A	4	0.49696	0.61234	0.999995	455	1	0.011759	0.43483	0.43405	0.999995	422	0	0.011759
TOB2	4	0.50087	0.61407	0.999995	456	1	0.089975	0.10237	0.13431	0.970999	144	1	0.089975
CADPS2	4	0.50587	0.61651	0.999995	457	1	-0.075503	0.51028	0.50925	0.999995	497	0	-0.075503
FRS2	4	0.50753	0.61737	0.999995	458	1	-0.14035	0.45951	0.45899	0.999995	448	0	-0.14035
ZG16	4	0.51411	0.62023	0.999995	459	1	0.02271	0.64566	0.64524	0.999995	612	0	0.02271
G6PC	4	0.51575	0.62093	0.999995	460	1	-0.094462	0.65166	0.65112	0.999995	620	0	-0.094462
ALAS1	8	0.5194	0.72914	0.999995	461	2	0.0087853	0.010352	0.030278	0.775183	35	3	0.0087853
ERC2	4	0.52495	0.62549	0.999995	462	1	-0.10706	0.54763	0.54678	0.999995	533	0	-0.10706
RANBP6	3	0.52548	0.55999	0.999995	463	1	-0.018778	0.70563	0.7062	0.999995	681	0	-0.018778
CDK17	4	0.52602	0.62599	0.999995	464	1	-0.1603	0.90502	0.90501	0.999995	872	0	-0.1603
ABL2	4	0.52709	0.6265	0.999995	465	1	-0.14725	0.81234	0.8146	0.999995	767	0	-0.14725
SOS1	4	0.52763	0.6267	0.999995	466	1	-0.062511	0.40361	0.40173	0.999995	392	0	-0.062511
BRSK1	4	0.52977	0.62766	0.999995	467	1	0.007808	0.18987	0.20485	0.999995	205	1	0.007808
TUBB2A	4	0.53083	0.62815	0.999995	468	1	-0.023199	0.18183	0.19798	0.999995	201	1	-0.023199
TTC7A	8	0.53348	0.74021	0.999995	469	2	-0.098406	0.38902	0.42294	0.999995	381	1	-0.098406
RAMP2	4	0.53718	0.63113	0.999995	470	1	-0.022444	0.54866	0.54782	0.999995	534	0	-0.022444
ASCL1	4	0.53771	0.63136	0.999995	471	1	0.09753	0.041302	0.07379	0.932571	83	2	0.09753
NETO2	4	0.53929	0.63218	0.999995	472	1	-0.044974	0.3	0.29993	0.999995	311	1	-0.044974
DBT	4	0.53981	0.63236	0.999995	473	1	-0.10363	0.24302	0.24962	0.999995	254	1	-0.10363
LIMK2	4	0.54034	0.63264	0.999995	474	1	-0.098872	0.63255	0.63165	0.999995	599	0	-0.098872
KLF4	4	0.54086	0.63288	0.999995	475	1	-0.097178	0.8241	0.82605	0.999995	776	0	-0.097178
QSOX1	4	0.54243	0.6336	0.999995	476	1	-0.015951	0.66384	0.66296	0.999995	636	0	-0.015951
GALNT5	4	0.54399	0.63436	0.999995	477	1	-0.16186	0.25061	0.25597	0.999995	262	1	-0.16186
TANC1	4	0.54659	0.63577	0.999995	478	1	-0.091986	0.79231	0.79346	0.999995	753	0	-0.091986
RSBN1	4	0.54815	0.63653	0.999995	479	1	-0.083672	0.92191	0.92185	0.999995	890	0	-0.083672
BICD2	4	0.55021	0.63751	0.999995	480	1	-0.094828	0.87463	0.87538	0.999995	840	0	-0.094828
ARSJ	4	0.55279	0.63881	0.999995	481	1	-0.055625	0.13734	0.16165	0.999995	168	1	-0.055625
NUMBL	4	0.5579	0.64162	0.999995	482	1	0.023046	0.25814	0.26248	0.999995	271	1	0.023046
ESRP1	4	0.55891	0.64223	0.999995	483	1	-0.14764	0.66093	0.66008	0.999995	632	0	-0.14764
UAP1L1	4	0.56044	0.64306	0.999995	484	1	-0.056231	0.40996	0.40857	0.999995	396	0	-0.056231
TREM2	4	0.56094	0.64332	0.999995	485	1	0.12824	0.054231	0.094377	0.951291	105	2	0.12824
PRG3	4	0.56397	0.64479	0.999995	486	1	-0.017905	0.70977	0.7091	0.999995	685	0	-0.017905
YIPF7	4	0.56448	0.645	0.999995	487	1	0.035723	0.15815	0.17818	0.999995	182	1	0.035723
STT3A	4	0.56598	0.64567	0.999995	488	1	-0.15034	0.76412	0.76467	0.999995	731	0	-0.15034
DYNC1LI1	3	0.56664	0.58991	0.999995	489	1	-0.033565	0.24235	0.24199	0.999995	253	1	-0.033565
JAG1	4	0.56949	0.64765	0.999995	490	1	-0.020288	0.23997	0.24699	0.999995	250	1	-0.020288
KPNA3	4	0.57048	0.64824	0.999995	491	1	-0.0811	0.738	0.73763	0.999995	708	0	-0.0811
MPC1	4	0.57198	0.64906	0.999995	492	1	-0.11702	0.091058	0.12531	0.951291	137	1	-0.11702
SLC35F4	4	0.57396	0.64997	0.999995	493	1	-0.038963	0.79404	0.79532	0.999995	756	0	-0.038963
CABP5	4	0.5784	0.65218	0.999995	494	1	-0.024255	0.74312	0.74262	0.999995	714	0	-0.024255
RPP14	4	0.58378	0.65489	0.999995	495	1	0.036555	0.27451	0.27714	0.999995	284	1	0.036555
MAK	4	0.58523	0.65572	0.999995	496	1	-0.041948	0.38817	0.38661	0.999995	379	0	-0.041948
SHCBP1L	4	0.58572	0.6559	0.999995	497	1	-0.030776	0.48279	0.48194	0.999995	470	0	-0.030776
PDCD6IP	4	0.58717	0.65663	0.999995	498	1	-0.10503	0.94521	0.94522	0.999995	914	0	-0.10503
IQCA1	4	0.58765	0.65698	0.999995	499	1	0.12631	0.039665	0.071069	0.931116	81	2	0.12631
FMR1	4	0.5891	0.65767	0.999995	500	1	0.0084284	0.41437	0.41303	0.999995	400	0	0.0084284
PCGF1	4	0.58958	0.65788	0.999995	501	1	-0.032986	0.12041	0.14827	0.999995	158	1	-0.032986
CREBBP	4	0.59102	0.65871	0.999995	502	1	0.028401	0.057039	0.098697	0.951291	109	2	0.028401
CTNNB1	4	0.59246	0.65933	0.999995	503	1	-0.074749	0.16227	0.18157	0.999995	186	1	-0.074749
NCBP2L	4	0.59342	0.65986	0.999995	504	1	-0.045074	0.58378	0.58363	0.999995	566	0	-0.045074
SMC1B	4	0.5958	0.66103	0.999995	505	1	-0.058897	0.77228	0.77315	0.999995	738	0	-0.058897
RBPJL	4	0.59628	0.66131	0.999995	506	1	-0.038192	0.37969	0.37847	0.999995	372	0	-0.038192
ANKRD10	4	0.59723	0.66185	0.999995	507	1	0.06441	0.053078	0.092507	0.95112	103	2	0.06441
EGFR	4	0.5977	0.66206	0.999995	508	1	-0.056923	0.21522	0.22534	0.999995	230	1	-0.056923
MAT2A	4	0.60007	0.66323	0.999995	509	1	-0.01405	0.19307	0.20739	0.999995	208	1	-0.01405
MTA3	4	0.60054	0.66343	0.999995	510	1	-0.1075	0.88608	0.88602	0.999995	855	0	-0.1075
STX7	4	0.60196	0.66423	0.999995	511	1	0.087968	0.14904	0.17095	0.999995	176	1	0.087968
PIP4P2	4	0.60336	0.66495	0.999995	512	1	-0.11576	0.8223	0.82449	0.999995	775	0	-0.11576
XYLT2	4	0.60524	0.66607	0.999995	513	1	-0.10623	0.64695	0.6465	0.999995	615	0	-0.10623
RNF144A	4	0.6071	0.66713	0.999995	514	1	-0.042662	0.47589	0.47493	0.999995	463	0	-0.042662
DNAJC19	3	0.60799	0.62185	0.999995	515	1	-0.0090613	0.6543	0.65319	0.999995	625	0	-0.0090613
GALR3	4	0.60896	0.66811	0.999995	516	1	-0.023662	0.17291	0.19064	0.999995	195	1	-0.023662
CRX	4	0.60989	0.66861	0.999995	517	1	-0.094685	0.25363	0.25848	0.999995	265	1	-0.094685
APOBEC3C	4	0.61036	0.66893	0.999995	518	1	-0.084029	0.381	0.37986	0.999995	373	0	-0.084029
MTUS1	4	0.61451	0.67108	0.999995	519	1	-0.085981	0.25664	0.26113	0.999995	268	1	-0.085981
H1FOO	4	0.61634	0.672	0.999995	520	1	0.0053372	0.3283	0.32734	0.999995	332	1	0.0053372
CLDN4	4	0.6168	0.67229	0.999995	521	1	-0.13649	0.9518	0.9522	0.999995	918	0	-0.13649
TBC1D26	2	0.61976	0.61851	0.999995	522	0	0.06445	0.0077297	0.01487	0.630693	28	1	0.06445
TBC1D4	4	0.62044	0.67438	0.999995	523	1	-0.056143	0.35234	0.35109	0.999995	348	1	-0.056143
NCKAP1L	4	0.6209	0.67464	0.999995	524	1	-0.11337	0.91895	0.91881	0.999995	887	0	-0.11337
ABL1	4	0.62135	0.67483	0.999995	525	1	0.016324	0.47299	0.47223	0.999995	459	0	0.016324
PTCH2	4	0.6218	0.67517	0.999995	526	1	0.024261	0.04769	0.084177	0.938344	94	2	0.024261
FOXB1	4	0.62406	0.6765	0.999995	527	1	-0.025077	0.093677	0.12706	0.951291	139	1	-0.025077
CAV1	4	0.62496	0.67701	0.999995	528	1	-0.11641	0.90044	0.90069	0.999995	870	0	-0.11641
STAM2	4	0.62631	0.67783	0.999995	529	1	-0.11454	0.87581	0.87661	0.999995	843	0	-0.11454
ULK1	4	0.62721	0.67828	0.999995	530	1	-0.0028018	0.33731	0.336	0.999995	338	1	-0.0028018
LIN28A	3	0.62727	0.63701	0.999995	531	1	-0.15043	0.083792	0.099856	0.951291	127	1	-0.15043
MTX1	3	0.62763	0.63726	0.999995	532	1	-0.14417	0.85637	0.85667	0.999995	814	0	-0.14417
L3MBTL2	4	0.62855	0.67905	0.999995	533	1	-0.038785	0.34759	0.34646	0.999995	343	1	-0.038785
GOLPH3L	4	0.62899	0.67941	0.999995	534	1	-0.10469	0.8389	0.84074	0.999995	794	0	-0.10469
COQ10B	4	0.63166	0.6808	0.999995	535	1	-0.065577	0.085804	0.12114	0.951291	130	1	-0.065577
GRIP2	4	0.63211	0.68102	0.999995	536	1	-0.0044692	0.60757	0.6068	0.999995	580	0	-0.0044692
RAD17	3	0.63343	0.64204	0.999995	537	1	-0.11171	0.21571	0.21699	0.999995	231	1	-0.11171
LSM14A	4	0.63388	0.68193	0.999995	538	1	-0.031642	0.62631	0.62553	0.999995	597	0	-0.031642
DDX17	4	0.63608	0.68314	0.999995	539	1	0.03272	0.41248	0.41112	0.999995	398	0	0.03272
MYCN	4	0.63652	0.68338	0.999995	540	1	-0.034309	0.40234	0.40042	0.999995	390	0	-0.034309
GOLT1A	4	0.63784	0.68419	0.999995	541	1	-0.11271	0.10063	0.13277	0.969648	143	1	-0.11271
PTPN21	4	0.64046	0.68573	0.999995	542	1	-0.02473	0.28989	0.29113	0.999995	298	1	-0.02473
ARFIP1	4	0.6422	0.68674	0.999995	543	1	0.052379	0.20815	0.21951	0.999995	223	1	0.052379
COQ10A	4	0.64264	0.68709	0.999995	544	1	-0.024273	0.29351	0.29424	0.999995	303	1	-0.024273
ARFGEF1	4	0.64307	0.68736	0.999995	545	1	-0.074007	0.63388	0.63293	0.999995	601	0	-0.074007
ARID4A	4	0.64523	0.68886	0.999995	546	1	-0.082964	0.8576	0.85905	0.999995	817	0	-0.082964
SAP30	4	0.64566	0.68919	0.999995	547	1	0.031539	0.24682	0.25281	0.999995	258	1	0.031539
STRADA	4	0.64609	0.68941	0.999995	548	1	0.021669	0.42745	0.42635	0.999995	414	0	0.021669
ABCB1	4	0.64824	0.69068	0.999995	549	1	-0.068905	0.55381	0.55324	0.999995	537	0	-0.068905
SPATA16	4	0.64953	0.6914	0.999995	550	1	-0.010431	0.27156	0.27449	0.999995	281	1	-0.010431
SUV39H2	3	0.64977	0.655	0.999995	551	1	0.039527	0.15367	0.16104	0.999995	179	1	0.039527
CSTF2T	4	0.65081	0.6922	0.999995	552	1	-0.00064617	0.63696	0.63591	0.999995	605	0	-0.00064617
RANBP10	4	0.65123	0.69247	0.999995	553	1	0.089553	0.26039	0.26449	0.999995	273	1	0.089553
PTPN11	4	0.65209	0.693	0.999995	554	1	-0.109	0.84756	0.84957	0.999995	804	0	-0.109
EPHA3	4	0.65336	0.69387	0.999995	555	1	-0.13238	0.62451	0.62376	0.999995	596	0	-0.13238
EPHA2	4	0.65421	0.69423	0.999995	556	1	0.068274	0.42622	0.42518	0.999995	412	0	0.068274
SPOPL	4	0.6559	0.69518	0.999995	557	1	-0.091831	0.80363	0.80487	0.999995	761	0	-0.091831
UAP1	4	0.65632	0.69551	0.999995	558	1	-0.0021456	0.44577	0.44521	0.999995	434	0	-0.0021456
IMPDH1	4	0.65674	0.69577	0.999995	559	1	-0.13223	0.46833	0.46787	0.999995	454	0	-0.13223
IKBKE	4	0.65716	0.69604	0.999995	560	1	-0.0056947	0.41813	0.41685	0.999995	403	0	-0.0056947
ARFIP2	4	0.65884	0.69708	0.999995	561	1	-0.1171	0.84847	0.85034	0.999995	805	0	-0.1171
EPS15	4	0.66343	0.69978	0.999995	562	1	-0.034185	0.73662	0.73617	0.999995	706	0	-0.034185
RNF144B	4	0.66426	0.70018	0.999995	563	1	-0.078761	0.7787	0.77981	0.999995	745	0	-0.078761
ZNF418	4	0.6655	0.70098	0.999995	564	1	0.13245	0.033827	0.061589	0.902143	72	1	0.13245
CCDC69	4	0.66714	0.70217	0.999995	565	1	-0.041968	0.12466	0.15192	0.999995	160	1	-0.041968
POU4F2	4	0.66879	0.70305	0.999995	566	1	-0.022918	0.50198	0.50085	0.999995	488	0	-0.022918
CRK	4	0.66961	0.70352	0.999995	567	1	-0.081178	0.65632	0.65564	0.999995	628	0	-0.081178
SEC31B	4	0.67042	0.70402	0.999995	568	1	-0.14391	0.45891	0.45843	0.999995	447	0	-0.14391
FBLN1	4	0.67124	0.70452	0.999995	569	1	0.002144	0.46423	0.4638	0.999995	450	0	0.002144
CYP26C1	4	0.67246	0.70545	0.999995	570	1	0.055823	0.48963	0.4886	0.999995	480	0	0.055823
COPS7B	4	0.67449	0.70662	0.999995	571	1	-0.14207	0.71858	0.71783	0.999995	692	0	-0.14207
MRGPRX2	4	0.67651	0.70799	0.999995	572	1	0.012368	0.33523	0.33415	0.999995	337	1	0.012368
HNRNPH3	4	0.67691	0.70821	0.999995	573	1	-0.041852	0.1187	0.1469	0.997239	157	1	-0.041852
ZIC3	4	0.68051	0.71036	0.999995	574	1	-0.045897	0.48565	0.48457	0.999995	473	0	-0.045897
FLOT1	4	0.68171	0.71112	0.999995	575	1	0.014278	0.37706	0.37589	0.999995	369	0	0.014278
KRT37	4	0.68369	0.71225	0.999995	576	1	-0.049657	0.64393	0.64333	0.999995	611	0	-0.049657
PHLDA2	4	0.68409	0.71247	0.999995	577	1	-0.048724	0.57987	0.57989	0.999995	560	0	-0.048724
CNOT7	4	0.68448	0.71274	0.999995	578	1	-0.019058	0.81972	0.82176	0.999995	774	0	-0.019058
SPHKAP	4	0.68488	0.71303	0.999995	579	1	0.076558	0.066342	0.10655	0.951291	117	1	0.076558
RBPJ	4	0.68646	0.71424	0.999995	580	1	0.017554	0.47646	0.4754	0.999995	464	0	0.017554
MMD2	4	0.68724	0.71477	0.999995	581	1	-0.028457	0.67327	0.67238	0.999995	644	0	-0.028457
SMARCC1	4	0.68763	0.71505	0.999995	582	1	-0.11448	0.68131	0.68041	0.999995	654	0	-0.11448
DDX39A	4	0.68803	0.71534	0.999995	583	1	0.066576	0.32201	0.32103	0.999995	326	1	0.066576
SNRPN	4	0.69115	0.71735	0.999995	584	1	0.030252	0.37903	0.37774	0.999995	371	0	0.030252
EZH2	4	0.69154	0.7177	0.999995	585	1	0.023451	0.031917	0.05841	0.902143	68	2	0.023451
ERO1A	4	0.69193	0.71802	0.999995	586	1	-0.015567	0.13397	0.1592	0.999995	166	1	-0.015567
DGKI	4	0.69231	0.71837	0.999995	587	1	0.022827	0.20262	0.21477	0.999995	217	1	0.022827
AOX1	4	0.6927	0.71869	0.999995	588	1	-0.096167	0.81287	0.81518	0.999995	770	0	-0.096167
REG3A	4	0.69309	0.71898	0.999995	589	1	0.052812	0.099766	0.13214	0.969648	142	1	0.052812
LGALS9	4	0.69348	0.71927	0.999995	590	1	-0.1027	0.8602	0.8613	0.999995	824	0	-0.1027
HMG20B	4	0.69656	0.72128	0.999995	591	1	-0.08013	0.77749	0.77848	0.999995	742	0	-0.08013
IDH1	4	0.69962	0.72353	0.999995	592	1	-0.011401	0.21757	0.22748	0.999995	234	1	-0.011401
TMEM9	4	0.70076	0.7243	0.999995	593	1	-0.11898	0.50476	0.50363	0.999995	492	0	-0.11898
CYFIP1	4	0.70152	0.72477	0.999995	594	1	0.0065255	0.4805	0.4795	0.999995	467	0	0.0065255
ADGRG7	4	0.7019	0.72506	0.999995	595	1	-0.17451	0.15733	0.17745	0.999995	181	1	-0.17451
DPCR1	4	0.70341	0.7261	0.999995	596	1	-0.057305	0.8899	0.89007	0.999995	857	0	-0.057305
SBF2	3	0.70438	0.70541	0.999995	597	1	-0.096614	0.8128	0.813	0.999995	769	0	-0.096614
RNF10	4	0.70679	0.72812	0.999995	598	1	-0.10847	0.80829	0.81032	0.999995	762	0	-0.10847
SAR1B	4	0.70716	0.72835	0.999995	599	1	-0.14828	0.7781	0.7792	0.999995	743	0	-0.14828
AP3M1	4	0.70865	0.72934	0.999995	600	1	-0.064384	0.56699	0.56721	0.999995	545	0	-0.064384
KCNG4	4	0.70977	0.73018	0.999995	601	1	-0.027274	0.6209	0.61983	0.999995	594	0	-0.027274
XRCC4	4	0.71125	0.73115	0.999995	602	1	-0.12261	0.94606	0.94594	0.999995	915	0	-0.12261
FCRL3	4	0.71273	0.73212	0.999995	603	1	-0.077911	0.50031	0.4991	0.999995	486	0	-0.077911
CDC34	4	0.71346	0.7327	0.999995	604	1	-0.18011	0.93762	0.93742	0.999995	907	0	-0.18011
PACS2	4	0.71457	0.73341	0.999995	605	1	-0.06053	0.53771	0.5368	0.999995	520	0	-0.06053
TAP1	4	0.71493	0.73368	0.999995	606	1	0.066492	0.039059	0.070162	0.931116	79	2	0.066492
SEC31A	4	0.71566	0.73422	0.999995	607	1	-0.024622	0.63432	0.63336	0.999995	603	0	-0.024622
VPS26B	4	0.71676	0.73491	0.999995	608	1	-0.15297	0.61725	0.61614	0.999995	589	0	-0.15297
SPOP	4	0.7193	0.7367	0.999995	609	1	-0.069238	0.85208	0.85366	0.999995	811	0	-0.069238
PLXDC2	4	0.72183	0.73864	0.999995	610	1	-0.08394	0.58134	0.5813	0.999995	562	0	-0.08394
RNF125	4	0.7229	0.73951	0.999995	611	1	0.079721	0.28916	0.29052	0.999995	297	1	0.079721
PPP2R1B	4	0.72505	0.74106	0.999995	612	1	-0.090156	0.88045	0.8809	0.999995	847	0	-0.090156
NSDHL	4	0.72612	0.74192	0.999995	613	1	-0.085618	0.68369	0.68271	0.999995	659	0	-0.085618
CNOT6	4	0.72647	0.74216	0.999995	614	1	0.0060837	0.54138	0.54043	0.999995	527	0	0.0060837
HTR3E	4	0.73071	0.7453	0.999995	615	1	-0.060972	0.67971	0.67878	0.999995	653	0	-0.060972
SLC10A2	4	0.73281	0.74667	0.999995	616	1	-0.073311	0.50087	0.49964	0.999995	487	0	-0.073311
NETO1	4	0.73489	0.74859	0.999995	617	1	0.093191	0.007022	0.016413	0.637376	25	1	0.093191
CCNE2	4	0.73559	0.74908	0.999995	618	1	-0.071701	0.69076	0.68998	0.999995	670	0	-0.071701
PDCD4	4	0.73662	0.74972	0.999995	619	1	0.032451	0.66426	0.66333	0.999995	637	0	0.032451
NR2E1	4	0.73937	0.75183	0.999995	620	1	0.077415	0.19706	0.21052	0.999995	211	1	0.077415
ARHGEF6	4	0.74006	0.75232	0.999995	621	1	-0.042559	0.4385	0.43768	0.999995	426	0	-0.042559
SERPINA11	4	0.7421	0.75378	0.999995	622	1	0.05528	0.46891	0.46835	0.999995	455	0	0.05528
VRTN	4	0.74278	0.75425	0.999995	623	1	-0.072913	0.48394	0.48311	0.999995	471	0	-0.072913
RPS7	1	0.74314	0.7447	0.999995	624	0	0.060302	0.25686	0.25745	0.999995	269	0	0.060302
EAF2	4	0.74346	0.75479	0.999995	625	1	-0.00058432	0.16555	0.18432	0.999995	188	1	-0.00058432
GBP3	4	0.74515	0.75606	0.999995	626	1	0.050911	0.13566	0.16047	0.999995	167	1	0.050911
MCPH1	4	0.74582	0.7565	0.999995	627	1	-0.02574	0.3192	0.31836	0.999995	324	1	-0.02574
GDI1	4	0.74649	0.75709	0.999995	628	1	-0.031796	0.26934	0.27246	0.999995	279	1	-0.031796
VIM	4	0.74716	0.75763	0.999995	629	1	0.03291	0.026487	0.049313	0.87038	60	1	0.03291
TMEM30B	4	0.7475	0.75791	0.999995	630	1	0.15007	0.030276	0.055428	0.889364	66	2	0.15007
NHLRC1	4	0.74783	0.75824	0.999995	631	1	-0.044635	0.75608	0.7562	0.999995	724	0	-0.044635
DMD	4	0.74816	0.75846	0.999995	632	1	0.038328	0.1794	0.19578	0.999995	200	1	0.038328
ABTB2	4	0.75148	0.76126	0.999995	633	1	0.12127	0.22146	0.23109	0.999995	237	1	0.12127
NXT1	4	0.75444	0.76361	0.999995	634	1	0.1439	0.0026306	0.0075496	0.593824	10	2	0.1439
SHMT2	4	0.75575	0.7645	0.999995	635	1	-0.051312	0.88404	0.88426	0.999995	852	0	-0.051312
PGLS	4	0.75608	0.76471	0.999995	636	1	0.1196	0.011683	0.024547	0.722085	37	2	0.1196
CLIP4	4	0.75673	0.76524	0.999995	637	1	-0.078384	0.56749	0.56784	0.999995	546	0	-0.078384
GYS1	4	0.75803	0.76631	0.999995	638	1	-0.071695	0.64177	0.64083	0.999995	610	0	-0.071695
GJA8	4	0.75932	0.7673	0.999995	639	1	-0.028784	0.31638	0.31573	0.999995	322	1	-0.028784
MYBL2	4	0.76061	0.76853	0.999995	640	1	-0.11836	0.85541	0.85688	0.999995	813	0	-0.11836
CAB39L	4	0.76125	0.76918	0.999995	641	1	-0.076507	0.55942	0.55956	0.999995	541	0	-0.076507
IL6ST	4	0.76157	0.76942	0.999995	642	1	-0.10431	0.61082	0.61	0.999995	584	0	-0.10431
CAP1	4	0.76189	0.76971	0.999995	643	1	-0.12948	0.94228	0.94209	0.999995	910	0	-0.12948
IAPP	4	0.76221	0.76994	0.999995	644	1	-0.047646	0.73	0.72974	0.999995	699	0	-0.047646
ATP7B	4	0.76253	0.77022	0.999995	645	1	-0.092347	0.28479	0.28646	0.999995	293	1	-0.092347
CD72	4	0.76317	0.77067	0.999995	646	1	-0.085228	0.82537	0.82718	0.999995	778	0	-0.085228
TRAPPC3L	4	0.76412	0.7714	0.999995	647	1	-0.033374	0.58183	0.58167	0.999995	563	0	-0.033374
CDK8	4	0.76444	0.77166	0.999995	648	1	-0.15	0.83795	0.83968	0.999995	792	0	-0.15
AXL	4	0.76571	0.77276	0.999995	649	1	-0.031058	0.41311	0.41179	0.999995	399	0	-0.031058
HMSD	4	0.76634	0.77317	0.999995	650	1	-0.048391	0.39722	0.39558	0.999995	386	0	-0.048391
TMEM120A	4	0.76665	0.77357	0.999995	651	1	0.038874	0.25212	0.2572	0.999995	263	1	0.038874
JUP	4	0.76728	0.77415	0.999995	652	1	0.10322	0.0025736	0.0073907	0.593824	9	2	0.10322
GPSM2	4	0.7676	0.7745	0.999995	653	1	0.028278	0.0032816	0.0091671	0.593824	12	1	0.028278
SPATA21	4	0.76791	0.7747	0.999995	654	1	-0.046499	0.71603	0.71534	0.999995	690	0	-0.046499
RB1	4	0.76854	0.77524	0.999995	655	1	0.037557	0.57791	0.57792	0.999995	556	0	0.037557
SLC25A2	4	0.76948	0.77604	0.999995	656	1	-0.12	0.61128	0.61043	0.999995	585	0	-0.12
FAM71B	4	0.77135	0.77749	0.999995	657	1	0.091855	0.29784	0.29796	0.999995	309	1	0.091855
CHSY3	4	0.77166	0.77779	0.999995	658	1	0.083031	0.12551	0.15261	0.999995	161	1	0.083031
CDK16	4	0.77258	0.77877	0.999995	659	1	0.021895	0.40742	0.40591	0.999995	394	0	0.021895
KCNT1	4	0.7732	0.7793	0.999995	660	1	0.0096642	0.38557	0.38434	0.999995	375	0	0.0096642
SLC9A3R1	4	0.77443	0.78029	0.999995	661	1	-0.082689	0.55586	0.55561	0.999995	538	0	-0.082689
TLN2	4	0.77474	0.78051	0.999995	662	1	-0.049725	0.6825	0.68155	0.999995	656	0	-0.049725
GSX1	4	0.77566	0.78125	0.999995	663	1	0.028058	0.5031	0.50192	0.999995	489	0	0.028058
ENOX1	4	0.77597	0.78147	0.999995	664	1	0.025126	0.23153	0.23959	0.999995	244	1	0.025126
DGAT2L6	4	0.77658	0.78203	0.999995	665	1	-0.0004756	0.47531	0.47442	0.999995	462	0	-0.0004756
FLNB	4	0.77688	0.7823	0.999995	666	1	0.041368	0.12381	0.15137	0.999995	159	1	0.041368
AP2A2	4	0.77719	0.78258	0.999995	667	1	-0.002782	0.51357	0.51245	0.999995	500	0	-0.002782
SLC25A15	4	0.77749	0.78277	0.999995	668	1	0.025666	0.34486	0.3436	0.999995	341	1	0.025666
UTRN	4	0.77779	0.78308	0.999995	669	1	-0.091342	0.41688	0.41549	0.999995	402	0	-0.091342
GMPR2	4	0.77901	0.78418	0.999995	670	1	-0.092619	0.91113	0.91128	0.999995	878	0	-0.092619
RXFP3	4	0.77931	0.78449	0.999995	671	1	-0.091993	0.087558	0.12258	0.951291	132	1	-0.091993
CHUK	8	0.77966	0.87627	0.999995	672	2	-0.13239	0.61846	0.61781	0.999995	592	0	-0.13239
GMPR	4	0.78082	0.78563	0.999995	673	1	-0.024203	0.18746	0.20268	0.999995	203	1	-0.024203
RNF44	4	0.78112	0.78587	0.999995	674	1	0.020679	0.024646	0.0462	0.843547	58	1	0.020679
NLRP8	4	0.78262	0.7871	0.999995	675	1	0.016757	0.24454	0.25086	0.999995	255	1	0.016757
WRN	4	0.78291	0.78732	0.999995	676	1	-0.12887	0.52656	0.52582	0.999995	509	0	-0.12887
ABCA3	4	0.78351	0.78783	0.999995	677	1	0.032807	0.045517	0.080765	0.938344	91	2	0.032807
XYLT1	4	0.78381	0.78809	0.999995	678	1	-0.095465	0.20183	0.21405	0.999995	216	1	-0.095465
ATAD2	4	0.78411	0.78827	0.999995	679	1	-0.029498	0.042034	0.075108	0.932571	85	1	-0.029498
KCNT2	4	0.78529	0.78919	0.999995	680	1	-0.015603	0.82889	0.83077	0.999995	782	0	-0.015603
PCBD1	4	0.78618	0.78982	0.999995	681	1	0.004363	0.6409	0.63994	0.999995	609	0	0.004363
HASPIN	4	0.78648	0.79006	0.999995	682	1	-0.090662	0.74783	0.74752	0.999995	717	0	-0.090662
STRIP2	4	0.78736	0.79076	0.999995	683	1	0.023605	0.49864	0.49755	0.999995	485	0	0.023605
ARPC5L	4	0.78882	0.79209	0.999995	684	1	-0.14404	0.92397	0.92398	0.999995	893	0	-0.14404
TAS1R2	4	0.78941	0.7927	0.999995	685	1	-0.071873	0.42312	0.42219	0.999995	410	0	-0.071873
GLT6D1	4	0.79057	0.79394	0.999995	686	1	-0.045265	0.094549	0.12773	0.951291	140	1	-0.045265
BRSK2	4	0.79086	0.79421	0.999995	687	1	-0.034586	0.43054	0.42961	0.999995	418	0	-0.034586
SPTLC3	4	0.79202	0.79512	0.999995	688	1	-0.094933	0.13228	0.15776	0.999995	165	1	-0.094933
RIC8B	4	0.79231	0.79536	0.999995	689	1	-0.082745	0.9074	0.90736	0.999995	876	0	-0.082745
IL10RA	4	0.79346	0.79652	0.999995	690	1	-0.062436	0.51738	0.5162	0.999995	503	0	-0.062436
SP110	4	0.79404	0.797	0.999995	691	1	-0.088407	0.68409	0.68312	0.999995	660	0	-0.088407
CRYBB2	4	0.79461	0.79755	0.999995	692	1	0.12213	0.0043234	0.011776	0.593824	21	2	0.12213
LHFPL5	4	0.79661	0.79941	0.999995	693	1	0.029766	0.36513	0.36388	0.999995	357	0	0.029766
NCK1	4	0.79718	0.79988	0.999995	694	1	0.16369	0.0077992	0.017675	0.638119	29	2	0.16369
SBNO2	4	0.79831	0.80093	0.999995	695	1	0.052208	0.038456	0.069199	0.931116	78	2	0.052208
KRT25	4	0.79916	0.80151	0.999995	696	1	-0.069558	0.23461	0.24231	0.999995	247	1	-0.069558
SEC11C	4	0.79944	0.80178	0.999995	697	1	0.020887	0.09542	0.12846	0.951291	141	1	0.020887
AP1G1	4	0.79972	0.80203	0.999995	698	1	-0.12454	0.72965	0.72933	0.999995	698	0	-0.12454
GBX2	4	0.80084	0.80296	0.999995	699	1	0.019601	0.50587	0.50474	0.999995	493	0	0.019601
PLD2	4	0.8014	0.80348	0.999995	700	1	-0.066045	0.66838	0.66762	0.999995	641	0	-0.066045
FLOT2	4	0.80168	0.80382	0.999995	701	1	-0.037758	0.7926	0.79381	0.999995	754	0	-0.037758
VANGL1	4	0.80196	0.80406	0.999995	702	1	0.13244	0.013543	0.027735	0.75311	39	2	0.13244
NCOR2	4	0.80335	0.80532	0.999995	703	1	-0.069857	0.51901	0.51794	0.999995	505	0	-0.069857
STRIP1	4	0.80363	0.80563	0.999995	704	1	-0.11486	0.80056	0.80165	0.999995	758	0	-0.11486
HRH1	4	0.80501	0.80723	0.999995	705	1	-0.12174	0.0098205	0.021162	0.659435	33	1	-0.12174
ERO1B	4	0.80528	0.80752	0.999995	706	1	0.00078811	0.64995	0.64928	0.999995	617	0	0.00078811
TRIM25	4	0.80665	0.80902	0.999995	707	1	-0.10895	0.65884	0.65813	0.999995	630	0	-0.10895
PUM1	4	0.8072	0.80955	0.999995	708	1	-0.12047	0.93596	0.93609	0.999995	905	0	-0.12047
PTPN14	4	0.80747	0.80989	0.999995	709	1	0.023411	0.56999	0.57034	0.999995	548	0	0.023411
MTMR4	4	0.80802	0.81053	0.999995	710	1	-0.096463	0.90324	0.90328	0.999995	871	0	-0.096463
KLF5	4	0.80829	0.81075	0.999995	711	1	0.024067	0.31142	0.31102	0.999995	317	1	0.024067
DRD3	4	0.80856	0.81101	0.999995	712	1	-0.14137	0.3206	0.31976	0.999995	325	1	-0.14137
CDK5R2	4	0.80911	0.81157	0.999995	713	1	-0.10293	0.93192	0.93192	0.999995	901	0	-0.10293
CPS1	4	0.80938	0.81191	0.999995	714	1	0.03437	0.25288	0.25777	0.999995	264	1	0.03437
NDEL1	4	0.81046	0.81291	0.999995	715	1	-0.079824	0.78351	0.78464	0.999995	746	0	-0.079824
XDH	4	0.81073	0.81314	0.999995	716	1	0.057958	0.48164	0.48063	0.999995	468	0	0.057958
DST	4	0.81127	0.81368	0.999995	717	1	0.042953	0.28698	0.28844	0.999995	295	1	0.042953
PRDM13	4	0.81261	0.81509	0.999995	718	1	0.15723	0.0015617	0.0047355	0.593824	7	2	0.15723
INTS6L	4	0.81287	0.81537	0.999995	719	1	0.033635	0.040276	0.072098	0.931116	82	2	0.033635
CHMP1B	4	0.81341	0.8158	0.999995	720	1	0.057918	0.33454	0.33347	0.999995	336	1	0.057918
GXYLT1	4	0.81394	0.81649	0.999995	721	1	-0.033348	0.42807	0.42695	0.999995	415	0	-0.033348
BTBD11	4	0.81447	0.81705	0.999995	722	1	0.015491	0.42	0.41883	0.999995	405	0	0.015491
RHOBTB2	4	0.815	0.8175	0.999995	723	1	0.14209	0.019294	0.037094	0.818379	48	2	0.14209
ZAP70	4	0.81527	0.81766	0.999995	724	1	-0.010341	0.11185	0.14164	0.98681	150	1	-0.010341
CNOT6L	4	0.81553	0.8179	0.999995	725	1	0.027894	0.24758	0.2535	0.999995	259	1	0.027894
FKBP9	4	0.81579	0.81812	0.999995	726	1	-0.024741	0.41122	0.40986	0.999995	397	0	-0.024741
STX17	4	0.81685	0.81924	0.999995	727	1	-0.061815	0.71966	0.71902	0.999995	693	0	-0.061815
FRY	4	0.81711	0.81949	0.999995	728	1	0.012814	0.21365	0.22397	0.999995	228	1	0.012814
TUBB4B	8	0.81933	0.90112	0.999995	729	1	-0.048792	0.059409	0.12248	0.951291	111	2	-0.048792
TNR	4	0.81972	0.8218	0.999995	730	1	-0.092659	0.90582	0.90574	0.999995	873	0	-0.092659
ESRP2	4	0.81998	0.82207	0.999995	731	1	-0.060007	0.53507	0.53429	0.999995	518	0	-0.060007
MYH7	4	0.82102	0.82313	0.999995	732	1	-0.052009	0.54399	0.54289	0.999995	528	0	-0.052009
HMGCL	4	0.82127	0.8234	0.999995	733	1	0.039606	0.45058	0.4498	0.999995	439	0	0.039606
LIM2	4	0.82205	0.82417	0.999995	734	1	0.017484	0.51138	0.51027	0.999995	499	0	0.017484
ICK	4	0.82256	0.82469	0.999995	735	1	-0.11725	0.92545	0.92556	0.999995	894	0	-0.11725
TBR1	4	0.82307	0.82523	0.999995	736	1	-0.16307	0.96661	0.96698	0.999995	933	0	-0.16307
AP1G2	4	0.82333	0.82544	0.999995	737	1	-0.13387	0.8795	0.87992	0.999995	846	0	-0.13387
H2AFX	4	0.82359	0.82565	0.999995	738	1	-0.049587	0.62944	0.6288	0.999995	598	0	-0.049587
CRY1	4	0.8241	0.82605	0.999995	739	0	-0.060824	0.66176	0.66091	0.999995	634	0	-0.060824
NCKAP1	4	0.82435	0.82635	0.999995	740	0	-0.015583	0.76061	0.76099	0.999995	728	0	-0.015583
TANC2	3	0.82475	0.82497	0.999995	741	0	-0.035683	0.72003	0.72104	0.999995	694	0	-0.035683
MYBPH	4	0.82537	0.82718	0.999995	742	0	-0.012034	0.48736	0.48624	0.999995	476	0	-0.012034
MBP	4	0.82562	0.82751	0.999995	743	0	-0.058546	0.32899	0.32805	0.999995	333	1	-0.058546
ACTL7A	4	0.82587	0.82776	0.999995	744	0	-0.15612	0.62135	0.62027	0.999995	595	0	-0.15612
ITGB1BP2	4	0.82613	0.82816	0.999995	745	0	0.028467	0.60804	0.60727	0.999995	581	0	0.028467
RAP1GAP2	4	0.82638	0.82844	0.999995	746	0	0.042995	0.074341	0.11259	0.951291	122	1	0.042995
SRI	4	0.82663	0.8286	0.999995	747	0	-0.058753	0.5784	0.57841	0.999995	557	0	-0.058753
AKAP11	4	0.82764	0.82971	0.999995	748	0	-0.074296	0.87383	0.87464	0.999995	839	0	-0.074296
DDI1	8	0.82778	0.90676	0.999995	749	2	0.013825	0.13207	0.21506	0.999995	164	2	0.013825
DENND5A	4	0.82814	0.8302	0.999995	750	0	-0.095389	0.49415	0.49317	0.999995	483	0	-0.095389
GDF15	4	0.82864	0.83057	0.999995	751	0	-0.031893	0.87123	0.87185	0.999995	837	0	-0.031893
SMARCC2	4	0.82889	0.83077	0.999995	752	0	-0.057298	0.33177	0.3307	0.999995	335	1	-0.057298
SPTA1	4	0.82914	0.83096	0.999995	753	0	0.019682	0.56899	0.56945	0.999995	547	0	0.019682
TAF9	4	0.83063	0.83266	0.999995	754	0	0.032815	0.56094	0.56119	0.999995	542	0	0.032815
DMP1	4	0.83088	0.83295	0.999995	755	0	-0.20252	0.67408	0.67319	0.999995	646	0	-0.20252
CHM	4	0.83113	0.83313	0.999995	756	0	0.02528	0.37442	0.37319	0.999995	367	0	0.02528
PLD1	4	0.83162	0.83362	0.999995	757	0	-0.0055218	0.13144	0.15699	0.999995	163	1	-0.0055218
IRF4	4	0.83285	0.83489	0.999995	758	0	-0.041535	0.57198	0.57225	0.999995	550	0	-0.041535
NCK2	4	0.83505	0.83677	0.999995	759	0	0.019965	0.032911	0.059962	0.902143	70	1	0.019965
SLC25A24	4	0.83529	0.83701	0.999995	760	0	-0.077901	0.81579	0.81803	0.999995	773	0	-0.077901
SLC25A37	4	0.83554	0.83726	0.999995	761	0	-0.072998	0.61999	0.61898	0.999995	593	0	-0.072998
TOP2B	4	0.83578	0.83747	0.999995	762	0	-0.015533	0.73835	0.73801	0.999995	709	0	-0.015533
KRT74	4	0.83602	0.83763	0.999995	763	0	-0.033681	0.6892	0.68869	0.999995	668	0	-0.033681
NR5A1	4	0.83747	0.83916	0.999995	764	0	-0.0619	0.52172	0.52085	0.999995	506	0	-0.0619
FLT1	4	0.83771	0.83941	0.999995	765	0	0.0040804	0.31708	0.31657	0.999995	323	1	0.0040804
PSMB9	4	0.83843	0.84026	0.999995	766	0	-0.082918	0.73903	0.73871	0.999995	710	0	-0.082918
EFNB1	4	0.83866	0.84054	0.999995	767	0	0.10306	0.0037595	0.010429	0.593824	17	2	0.10306
SS18	4	0.83914	0.84094	0.999995	768	0	0.0037058	0.64652	0.64606	0.999995	614	0	0.0037058
CYP2A6	4	0.83938	0.84111	0.999995	769	0	-0.11386	0.86444	0.86545	0.999995	828	0	-0.11386
ADARB1	4	0.83962	0.84141	0.999995	770	0	-0.035448	0.44998	0.44923	0.999995	438	0	-0.035448
SMAP2	4	0.84057	0.84236	0.999995	771	0	-0.071065	0.74983	0.7497	0.999995	718	0	-0.071065
ATM	4	0.8408	0.84251	0.999995	772	0	-0.090008	0.85739	0.8588	0.999995	816	0	-0.090008
PDGFD	4	0.84151	0.8433	0.999995	773	0	0.040957	0.44456	0.44396	0.999995	433	0	0.040957
FAM71A	4	0.84175	0.84361	0.999995	774	0	-0.044692	0.71162	0.7109	0.999995	687	0	-0.044692
PXDN	4	0.84292	0.84481	0.999995	775	0	0.010747	0.0060879	0.014889	0.630693	24	1	0.010747
ERN1	4	0.84316	0.84511	0.999995	776	0	-0.0088721	0.11357	0.14291	0.989161	153	1	-0.0088721
PLCG1	4	0.84386	0.84589	0.999995	777	0	0.059452	0.1306	0.15634	0.999995	162	1	0.059452
CASP4	4	0.84409	0.84623	0.999995	778	0	0.091792	0.089309	0.12389	0.951291	134	1	0.091792
MACF1	4	0.84432	0.84639	0.999995	779	0	-0.028288	0.83285	0.83489	0.999995	784	0	-0.028288
MECOM	4	0.84618	0.84806	0.999995	780	0	0.023278	0.28113	0.28311	0.999995	290	1	0.023278
IRF8	4	0.84664	0.8487	0.999995	781	0	0.04875	0.044234	0.078708	0.934598	89	2	0.04875
AHCYL2	4	0.84687	0.84887	0.999995	782	0	-0.043815	0.44396	0.44335	0.999995	432	0	-0.043815
TOMM40L	4	0.84801	0.85	0.999995	783	0	-0.089434	0.77135	0.7721	0.999995	737	0	-0.089434
FKBP4	4	0.84824	0.85019	0.999995	784	0	-0.078553	0.87042	0.87095	0.999995	834	0	-0.078553
E2F4	4	0.84938	0.85115	0.999995	785	0	-0.0091223	0.69193	0.69127	0.999995	672	0	-0.0091223
CHRNB3	4	0.85096	0.85262	0.999995	786	0	0.009842	0.53454	0.53375	0.999995	517	0	0.009842
ISL1	4	0.85164	0.8532	0.999995	787	0	-0.075176	0.61588	0.61469	0.999995	588	0	-0.075176
NMT2	4	0.85208	0.85366	0.999995	788	0	-0.10887	0.70227	0.70185	0.999995	678	0	-0.10887
ATAD2B	4	0.85276	0.85429	0.999995	789	0	-0.12509	0.2453	0.25147	0.999995	256	1	-0.12509
CD44	4	0.85298	0.85448	0.999995	790	0	-0.050047	0.55739	0.55721	0.999995	539	0	-0.050047
CADPS	4	0.8532	0.85474	0.999995	791	0	0.0095497	0.36912	0.36803	0.999995	361	0	0.0095497
FXR2	4	0.85342	0.85494	0.999995	792	0	0.040942	0.44878	0.4482	0.999995	436	0	0.040942
SIK2	4	0.85497	0.85644	0.999995	793	0	0.090305	0.14153	0.16511	0.999995	171	1	0.090305
TCF4	4	0.85585	0.85737	0.999995	794	0	0.047934	0.020955	0.039983	0.836722	49	1	0.047934
ZMIZ1	4	0.85607	0.85759	0.999995	795	0	0.076399	0.37045	0.36934	0.999995	363	0	0.076399
DEGS2	4	0.85695	0.85836	0.999995	796	0	0.038301	0.415	0.4137	0.999995	401	0	0.038301
CEACAM1	4	0.85717	0.8586	0.999995	797	0	0.024901	0.024263	0.045658	0.843547	57	2	0.024901
PLCG2	4	0.85804	0.85948	0.999995	798	0	-0.082843	0.47241	0.47167	0.999995	458	0	-0.082843
DUOX1	4	0.85847	0.85986	0.999995	799	0	-0.017776	0.64609	0.64561	0.999995	613	0	-0.017776
ERBB3	8	0.85968	0.91712	0.999995	800	1	0.018886	0.1963	0.29646	0.999995	210	2	0.018886
HEATR5A	4	0.86041	0.86155	0.999995	801	0	-0.087904	0.18586	0.20156	0.999995	202	1	-0.087904
ABCC3	4	0.86169	0.86288	0.999995	802	0	-0.051249	0.51466	0.51368	0.999995	502	0	-0.051249
TAF9B	2	0.86189	0.86166	0.999995	803	0	0.00083609	0.53983	0.53856	0.999995	524	0	0.00083609
OSMR	4	0.86233	0.86349	0.999995	804	0	-0.065947	0.73455	0.7343	0.999995	703	0	-0.065947
FUT5	4	0.86297	0.86412	0.999995	805	0	0.094157	0.24606	0.252	0.999995	257	1	0.094157
ADAP2	4	0.86402	0.86507	0.999995	806	0	-0.17548	0.82688	0.82885	0.999995	779	0	-0.17548
CHML	4	0.86507	0.86595	0.999995	807	0	-0.093392	0.83236	0.83435	0.999995	783	0	-0.093392
RRAGD	4	0.86569	0.86649	0.999995	808	0	-0.014695	0.71639	0.71569	0.999995	691	0	-0.014695
AP5M1	4	0.86611	0.86689	0.999995	809	0	-0.10215	0.29134	0.29239	0.999995	300	1	-0.10215
SEC11A	4	0.86632	0.86708	0.999995	810	0	-0.010301	0.57446	0.57465	0.999995	553	0	-0.010301
IDH2	4	0.86735	0.86812	0.999995	811	0	-0.083107	0.6829	0.68196	0.999995	657	0	-0.083107
GALNT2	4	0.86818	0.86888	0.999995	812	0	0.019997	0.06277	0.10389	0.951291	114	1	0.019997
ZNF34	4	0.8694	0.86994	0.999995	813	0	-0.047331	0.82435	0.82635	0.999995	777	0	-0.047331
ALDOC	4	0.86981	0.87038	0.999995	814	0	-0.09389	0.72789	0.72757	0.999995	696	0	-0.09389
FOXE3	4	0.87001	0.87053	0.999995	815	0	-0.011139	0.1598	0.1795	0.999995	184	1	-0.011139
FOXA1	4	0.87083	0.87139	0.999995	816	0	0.13267	0.052391	0.09147	0.95112	101	2	0.13267
CAP2	4	0.87143	0.87204	0.999995	817	0	-0.043655	0.73559	0.7353	0.999995	704	0	-0.043655
NBEAL1	4	0.87224	0.87289	0.999995	818	0	-0.079435	0.69309	0.69258	0.999995	675	0	-0.079435
HTR2C	4	0.87244	0.87309	0.999995	819	0	0.17128	0.072568	0.1113	0.951291	121	1	0.17128
GPR183	4	0.87304	0.87371	0.999995	820	0	0.14081	0.023292	0.043928	0.836722	55	2	0.14081
YIF1B	4	0.87383	0.87464	0.999995	821	0	-0.063289	0.029244	0.053876	0.889364	62	1	-0.063289
PHLDA3	4	0.87423	0.87502	0.999995	822	0	-0.054591	0.46481	0.46445	0.999995	451	0	-0.054591
CTCFL	4	0.87502	0.87579	0.999995	823	0	0.12936	0.016046	0.031793	0.775183	43	2	0.12936
LNX1	4	0.87522	0.87599	0.999995	824	0	0.02013	0.3564	0.35497	0.999995	350	1	0.02013
KAT6B	4	0.87561	0.87643	0.999995	825	0	0.020628	0.42063	0.41956	0.999995	406	0	0.020628
TYROBP	4	0.8764	0.87718	0.999995	826	0	0.0093989	0.36646	0.36524	0.999995	359	0	0.0093989
EPC1	4	0.87698	0.87773	0.999995	827	0	0.01016	0.56498	0.56528	0.999995	544	0	0.01016
LIMK1	4	0.87718	0.87791	0.999995	828	0	-0.095618	0.8692	0.86979	0.999995	831	0	-0.095618
NUMB	4	0.87757	0.87829	0.999995	829	0	0.022777	0.22379	0.23294	0.999995	239	1	0.022777
COX6B2	4	0.87834	0.87898	0.999995	830	0	0.015151	0.47704	0.476	0.999995	465	0	0.015151
S100A6	4	0.87873	0.87928	0.999995	831	0	-0.047381	0.7153	0.71461	0.999995	689	0	-0.047381
TIMM23B	4	0.87931	0.87974	0.999995	832	0	0.094371	0.053999	0.094087	0.951291	104	2	0.094371
KIAA0319	4	0.88065	0.88102	0.999995	833	0	-0.039304	0.58036	0.58037	0.999995	561	0	-0.039304
ARFGEF2	4	0.8816	0.88194	0.999995	834	0	-0.011373	0.58231	0.58213	0.999995	564	0	-0.011373
IKBKB	4	0.88197	0.88234	0.999995	835	0	0.13912	0.15898	0.17884	0.999995	183	1	0.13912
FNIP1	4	0.88216	0.88256	0.999995	836	0	-0.098321	0.80252	0.80371	0.999995	760	0	-0.098321
BARHL1	4	0.88235	0.88274	0.999995	837	0	0.055836	0.38882	0.38714	0.999995	380	0	0.055836
FAM126B	4	0.88254	0.88295	0.999995	838	0	-0.033398	0.36579	0.36453	0.999995	358	0	-0.033398
RALGPS2	4	0.88367	0.88404	0.999995	839	0	-0.039532	0.53349	0.53265	0.999995	516	0	-0.039532
ZDHHC13	4	0.88608	0.88602	0.999995	840	0	-0.028483	0.45177	0.45112	0.999995	442	0	-0.028483
LDB2	4	0.88681	0.88682	0.999995	841	0	0.07074	0.0051531	0.013243	0.630693	23	1	0.07074
ALAS2	4	0.88773	0.88778	0.999995	842	0	-0.023412	0.5497	0.54882	0.999995	535	0	-0.023412
POU5F2	4	0.88791	0.88801	0.999995	843	0	0.07382	0.27599	0.27841	0.999995	286	1	0.07382
SLC11A1	4	0.88827	0.88831	0.999995	844	0	-0.040049	0.16883	0.18698	0.999995	192	1	-0.040049
PXDNL	4	0.88863	0.8886	0.999995	845	0	0.012846	0.069014	0.10865	0.951291	118	1	0.012846
ADARB2	4	0.89007	0.89033	0.999995	846	0	0.10397	0.30644	0.30605	0.999995	314	1	0.10397
DUOX2	4	0.89221	0.89253	0.999995	847	0	-0.092206	0.87795	0.87866	0.999995	845	0	-0.092206
ZNF521	4	0.89274	0.89307	0.999995	848	0	0.039375	0.19067	0.20542	0.999995	206	1	0.039375
CAPN2	4	0.89362	0.89401	0.999995	849	0	-0.0798	0.91385	0.91384	0.999995	883	0	-0.0798
APOBEC1	4	0.89396	0.89433	0.999995	850	0	-0.054619	0.29061	0.29175	0.999995	299	1	-0.054619
GSDMD	4	0.89449	0.89481	0.999995	851	0	0.018838	0.53929	0.53848	0.999995	523	0	0.018838
NAPB	4	0.89466	0.89497	0.999995	852	0	-0.050613	0.75379	0.75397	0.999995	721	0	-0.050613
ARID1B	4	0.89483	0.89509	0.999995	853	0	-0.0038982	0.22068	0.23042	0.999995	236	1	-0.0038982
ZMIZ2	4	0.89518	0.89537	0.999995	854	0	-0.068872	0.85977	0.86096	0.999995	823	0	-0.068872
PACS1	4	0.89604	0.89624	0.999995	855	0	-0.029437	0.63784	0.63688	0.999995	606	0	-0.029437
TTC7B	4	0.89656	0.89672	0.999995	856	0	-0.0064249	0.36446	0.36304	0.999995	356	0	-0.0064249
RC3H1	4	0.89673	0.89692	0.999995	857	0	-0.059494	0.85825	0.85967	0.999995	819	0	-0.059494
CSTF2	4	0.8969	0.89711	0.999995	858	0	0.1477	0.023453	0.044246	0.836722	56	2	0.1477
LSM14B	4	0.89758	0.89785	0.999995	859	0	-0.054174	0.52977	0.529	0.999995	511	0	-0.054174
ZFYVE19	4	0.8991	0.89937	0.999995	860	0	0.017873	0.69154	0.69083	0.999995	671	0	0.017873
CAVIN1	4	0.8996	0.89992	0.999995	861	0	0.036534	0.23384	0.24159	0.999995	246	1	0.036534
PSEN2	4	0.90061	0.90089	0.999995	862	0	0.012016	0.052895	0.092236	0.95112	102	1	0.012016
TXNDC8	4	0.90127	0.90142	0.999995	863	0	-0.041365	0.54607	0.54516	0.999995	532	0	-0.041365
TIMP2	4	0.90209	0.90218	0.999995	864	0	-0.032096	0.50918	0.50813	0.999995	495	0	-0.032096
RALGPS1	4	0.90226	0.90232	0.999995	865	0	0.035185	0.49808	0.49698	0.999995	484	0	0.035185
TFDP3	4	0.90258	0.90261	0.999995	866	0	0.013421	0.078762	0.11602	0.951291	124	1	0.013421
GNB3	4	0.90421	0.90422	0.999995	867	0	0.0066911	0.42436	0.42356	0.999995	411	0	0.0066911
ATOH1	4	0.90437	0.90437	0.999995	868	0	0.042057	0.046571	0.082429	0.938344	92	2	0.042057
ZNF423	4	0.90453	0.90446	0.999995	869	0	0.075173	0.35438	0.35301	0.999995	349	1	0.075173
CBLL2	4	0.90486	0.90485	0.999995	870	0	0.019637	0.030162	0.055288	0.889364	65	1	0.019637
RC3H2	4	0.90534	0.90538	0.999995	871	0	0.030384	0.36312	0.36156	0.999995	355	0	0.030384
TRPC5	4	0.90566	0.90566	0.999995	872	0	0.028765	0.60054	0.60009	0.999995	575	0	0.028765
PCBD2	4	0.90582	0.90574	0.999995	873	0	0.10316	0.36245	0.36096	0.999995	354	0	0.10316
SERPINA12	8	0.90652	0.93249	0.999995	874	1	0.071375	0.049467	0.10941	0.951291	98	2	0.071375
ERN2	4	0.90661	0.90646	0.999995	875	0	0.06858	0.28552	0.28712	0.999995	294	1	0.06858
MAPK8IP3	4	0.90693	0.90679	0.999995	876	0	-0.030912	0.66218	0.66144	0.999995	635	0	-0.030912
DZIP3	4	0.90709	0.90702	0.999995	877	0	-0.043296	0.20024	0.21282	0.999995	213	1	-0.043296
YIPF5	4	0.9074	0.90736	0.999995	878	0	-0.011346	0.33108	0.33003	0.999995	334	1	-0.011346
TBPL2	4	0.90803	0.90813	0.999995	879	0	0.045015	0.01498	0.030091	0.775183	40	2	0.045015
PTPN6	4	0.90835	0.90849	0.999995	880	0	0.035892	0.39657	0.395	0.999995	385	0	0.035892
DMXL1	4	0.90959	0.90961	0.999995	881	0	0.02739	0.036568	0.065965	0.931116	75	1	0.02739
SERPINA9	4	0.90974	0.90972	0.999995	882	0	0.05342	0.16637	0.18503	0.999995	189	1	0.05342
OSBPL6	4	0.91005	0.91011	0.999995	883	0	-0.071346	0.75016	0.75003	0.999995	719	0	-0.071346
PLAU	4	0.91021	0.91029	0.999995	884	0	0.025075	0.63344	0.63254	0.999995	600	0	0.025075
TOP1MT	4	0.91067	0.91072	0.999995	885	0	-0.00049749	0.69231	0.69177	0.999995	673	0	-0.00049749
SNTA1	4	0.91082	0.91091	0.999995	886	0	0.084699	0.0010364	0.003118	0.55033	6	2	0.084699
RCBTB1	4	0.91097	0.91113	0.999995	887	0	0.042694	0.48849	0.48749	0.999995	477	0	0.042694
AIPL1	4	0.91113	0.91128	0.999995	888	0	0.076673	0.18827	0.20345	0.999995	204	1	0.076673
FSD1L	4	0.91128	0.91142	0.999995	889	0	0.030502	0.38622	0.38489	0.999995	376	0	0.030502
HACD1	4	0.91257	0.91272	0.999995	890	0	-0.0074607	0.39335	0.39174	0.999995	383	0	-0.0074607
UNC45B	4	0.9128	0.91296	0.999995	891	0	0.02583	0.20973	0.22084	0.999995	225	1	0.02583
RAP1GAP	4	0.91355	0.91357	0.999995	892	0	-0.0078179	0.65548	0.65467	0.999995	626	0	-0.0078179
SLC32A1	4	0.9137	0.91371	0.999995	893	0	0.074076	0.38492	0.38376	0.999995	374	0	0.074076
YAF2	4	0.91444	0.91438	0.999995	894	0	-0.0041324	0.47357	0.47275	0.999995	460	0	-0.0041324
SS18L1	4	0.91503	0.91502	0.999995	895	0	-0.05377	0.36846	0.36731	0.999995	360	0	-0.05377
MECP2	4	0.91533	0.91529	0.999995	896	0	0.075365	0.23076	0.23896	0.999995	243	1	0.075365
LRBA	4	0.91636	0.91622	0.999995	897	0	0.050215	0.53136	0.53054	0.999995	512	0	0.050215
MT2A	4	0.9165	0.91639	0.999995	898	0	0.14674	0.0098425	0.021172	0.659435	34	2	0.14674
ZNF284	4	0.91708	0.91694	0.999995	899	0	-0.096488	0.815	0.81736	0.999995	771	0	-0.096488
USP13	4	0.91881	0.91869	0.999995	900	0	-0.060633	0.7784	0.77951	0.999995	744	0	-0.060633
DNAJC15	4	0.92009	0.91998	0.999995	901	0	-0.028661	0.3985	0.39688	0.999995	388	0	-0.028661
IL6R	4	0.92191	0.92185	0.999995	902	0	-0.0069301	0.65081	0.65018	0.999995	618	0	-0.0069301
HRH3	4	0.92205	0.92202	0.999995	903	0	0.21906	0.029559	0.054371	0.889364	64	2	0.21906
CAT	4	0.92246	0.92246	0.999995	904	0	-0.081206	0.83626	0.83786	0.999995	788	0	-0.081206
FSD1	4	0.92274	0.92277	0.999995	905	0	-0.051776	0.57495	0.5751	0.999995	554	0	-0.051776
PRDM16	4	0.92301	0.92305	0.999995	906	0	0.0054343	0.42931	0.42833	0.999995	417	0	0.0054343
PAPSS1	4	0.92356	0.92347	0.999995	907	0	-0.026516	0.43544	0.43467	0.999995	423	0	-0.026516
SLITRK1	4	0.92397	0.92398	0.999995	908	0	-0.058243	0.84245	0.84431	0.999995	801	0	-0.058243
SPDEF	4	0.92437	0.92441	0.999995	909	0	-0.060177	0.19865	0.21172	0.999995	212	1	-0.060177
NOX3	4	0.92505	0.9251	0.999995	910	0	-0.021981	0.68998	0.68937	0.999995	669	0	-0.021981
IQCA1L	4	0.92652	0.92645	0.999995	911	0	-0.022011	0.16964	0.18781	0.999995	193	1	-0.022011
NBEA	4	0.92704	0.92695	0.999995	912	0	-0.0408	0.6927	0.69217	0.999995	674	0	-0.0408
DENND5B	4	0.92718	0.92706	0.999995	913	0	-0.062905	0.10841	0.13908	0.975379	149	1	-0.062905
SIX6	4	0.92874	0.92875	0.999995	914	0	-0.085469	0.75705	0.75715	0.999995	726	0	-0.085469
TPRX1	4	0.92964	0.92966	0.999995	915	0	0.019265	0.75412	0.75432	0.999995	722	0	0.019265
SMARCA2	4	0.9299	0.92999	0.999995	916	0	-0.01407	0.64781	0.64719	0.999995	616	0	-0.01407
TOB1	4	0.93016	0.93027	0.999995	917	0	-0.021556	0.20499	0.2168	0.999995	219	1	-0.021556
TAF1L	3	0.93102	0.93018	0.999995	918	0	-0.024438	0.6737	0.67336	0.999995	645	0	-0.024438
RPL3L	4	0.93117	0.93134	0.999995	919	0	-0.01983	0.80112	0.80218	0.999995	759	0	-0.01983
ZNF185	4	0.93155	0.93161	0.999995	920	0	-0.013401	0.7564	0.75652	0.999995	725	0	-0.013401
TMEM120B	4	0.93167	0.93171	0.999995	921	0	-0.014494	0.47877	0.4776	0.999995	466	0	-0.014494
RING1	4	0.93192	0.93192	0.999995	922	0	-0.0046866	0.39786	0.39621	0.999995	387	0	-0.0046866
RNF103	4	0.93205	0.93204	0.999995	923	0	0.0017718	0.17697	0.19377	0.999995	197	1	0.0017718
RSPH1	4	0.93267	0.93279	0.999995	924	0	0.071247	0.2491	0.25478	0.999995	261	1	0.071247
TUBB2B	2	0.93281	0.93303	0.999995	925	0	0.065702	0.31504	0.31381	0.999995	320	0	0.065702
TSTD1	4	0.93524	0.93545	0.999995	926	0	0.038219	0.14654	0.16885	0.999995	175	1	0.038219
H2BFM	4	0.93536	0.93559	0.999995	927	0	0.05377	0.051481	0.089936	0.95112	100	2	0.05377
SMARCA1	4	0.93572	0.93587	0.999995	928	0	0.052451	0.36044	0.35903	0.999995	352	1	0.052451
HEATR5B	4	0.93596	0.93609	0.999995	929	0	0.024978	0.22612	0.23513	0.999995	240	1	0.024978
TEX45	4	0.93679	0.93677	0.999995	930	0	-0.043267	0.83747	0.83916	0.999995	791	0	-0.043267
RPRD1A	4	0.9375	0.93733	0.999995	931	0	-0.042953	0.25589	0.26055	0.999995	267	1	-0.042953
RRM2B	8	0.93808	0.94652	0.999995	932	1	0.050358	0.0046841	0.016198	0.637376	22	1	0.050358
ELL2	4	0.93808	0.93796	0.999995	933	0	-0.059235	0.89466	0.89497	0.999995	861	0	-0.059235
PPP3R2	4	0.9382	0.93803	0.999995	934	0	0.05929	0.54504	0.544	0.999995	530	0	0.05929
SHMT1	4	0.93959	0.93941	0.999995	935	0	-0.032584	0.33799	0.33692	0.999995	339	1	-0.032584
TSPO2	4	0.9397	0.93951	0.999995	936	0	0.16954	0.0035106	0.0097935	0.593824	14	3	0.16954
WAS	4	0.94162	0.94137	0.999995	937	0	-0.018537	0.13902	0.16276	0.999995	170	1	-0.018537
ANKRD37	4	0.94184	0.94166	0.999995	938	0	-0.016824	0.20341	0.21551	0.999995	218	1	-0.016824
OGDHL	4	0.94206	0.94182	0.999995	939	0	-0.024681	0.48451	0.4837	0.999995	472	0	-0.024681
CCNT2	4	0.94251	0.94233	0.999995	940	0	-0.012525	0.49076	0.48985	0.999995	482	0	-0.012525
DYNLT1	4	0.94294	0.94271	0.999995	941	0	0.11248	0.022655	0.042937	0.836722	53	2	0.11248
NAT8L	4	0.94327	0.94305	0.999995	942	0	0.013948	0.24834	0.2541	0.999995	260	1	0.013948
SNX2	4	0.94338	0.94318	0.999995	943	0	0.0095216	0.59006	0.59	0.999995	569	0	0.0095216
GRM4	4	0.94436	0.9442	0.999995	944	0	0.0092312	0.32341	0.32255	0.999995	327	1	0.0092312
NKAPL	4	0.94637	0.94631	0.999995	945	0	0.052615	0.32551	0.32467	0.999995	330	1	0.052615
LBX1	4	0.94679	0.94672	0.999995	946	0	0.14303	0.0072302	0.016852	0.637376	27	2	0.14303
ENOX2	4	0.9472	0.94723	0.999995	947	0	-0.013296	0.45297	0.45241	0.999995	443	0	-0.013296
SYK	4	0.94874	0.94897	0.999995	948	0	0.04173	0.047476	0.083841	0.938344	93	2	0.04173
TNKS	4	0.94964	0.94989	0.999995	949	0	-0.042461	0.63959	0.63858	0.999995	607	0	-0.042461
DYNC1LI2	4	0.95014	0.95043	0.999995	950	0	0.020113	0.63652	0.63558	0.999995	604	0	0.020113
CD163L1	4	0.95053	0.95088	0.999995	951	0	0.04693	0.40297	0.40106	0.999995	391	0	0.04693
CCNT1	4	0.95199	0.95242	0.999995	952	0	-0.021412	0.61174	0.61084	0.999995	586	0	-0.021412
IPO8	4	0.95228	0.95269	0.999995	953	0	0.1047	0.041923	0.074837	0.932571	84	2	0.1047
DCAF4L2	4	0.95333	0.95392	0.999995	954	0	0.17665	0.0038279	0.010607	0.593824	18	2	0.17665
DLL4	4	0.9537	0.95427	0.999995	955	0	0.024598	0.088434	0.1232	0.951291	133	1	0.024598
GOLPH3	4	0.95445	0.95498	0.999995	956	0	0.049859	0.5228	0.522	0.999995	507	0	0.049859
YBX3	4	0.95519	0.95568	0.999995	957	0	0.058009	0.069903	0.10932	0.951291	119	1	0.058009
LRFN1	4	0.95528	0.95583	0.999995	958	0	0.051842	0.04466	0.079428	0.934598	90	2	0.051842
LNX2	4	0.95645	0.95705	0.999995	959	0	-0.022503	0.022802	0.043189	0.836722	54	1	-0.022503
TGFBR2	4	0.95672	0.9573	0.999995	960	0	-0.031532	0.4225	0.4215	0.999995	408	0	-0.031532
ZNRF4	4	0.9569	0.95748	0.999995	961	0	0.025333	0.28406	0.2858	0.999995	292	1	0.025333
SATB1	4	0.95743	0.95804	0.999995	962	0	-0.0034848	0.31567	0.31513	0.999995	321	1	-0.0034848
TBC1D1	4	0.9576	0.95818	0.999995	963	0	0.018406	0.6954	0.6947	0.999995	676	0	0.018406
FKBP10	4	0.95804	0.9585	0.999995	964	0	-0.017998	0.39464	0.39316	0.999995	384	0	-0.017998
SLC9A3R2	4	0.95813	0.95859	0.999995	965	0	-0.013227	0.4654	0.46501	0.999995	452	0	-0.013227
SAMD4A	4	0.95821	0.95871	0.999995	966	0	0.032938	0.50365	0.50251	0.999995	490	0	0.032938
NR5A2	4	0.95856	0.95898	0.999995	967	0	0.075378	0.21444	0.22467	0.999995	229	1	0.075378
RP1	4	0.95925	0.95972	0.999995	968	0	0.044423	0.45654	0.45592	0.999995	445	0	0.044423
CNOT8	3	0.9594	0.95907	0.999995	969	0	0.10265	0.14355	0.15214	0.999995	173	1	0.10265
BTG1	4	0.96026	0.96078	0.999995	970	0	0.091448	0.0016519	0.005044	0.593824	8	2	0.091448
FRS3	4	0.9619	0.96227	0.999995	971	0	0.20784	0.00047096	0.0016221	0.343564	5	3	0.20784
DEGS1	4	0.96231	0.96269	0.999995	972	0	-0.028448	0.84104	0.84279	0.999995	797	0	-0.028448
RRAGC	4	0.96239	0.9628	0.999995	973	0	0.13103	0.029203	0.05382	0.889364	61	2	0.13103
BECN2	4	0.96279	0.96321	0.999995	974	0	-0.0097035	0.5579	0.5577	0.999995	540	0	-0.0097035
MPC1L	4	0.96373	0.96413	0.999995	975	0	0.15343	0.0033181	0.0092793	0.593824	13	3	0.15343
TRPM1	4	0.96427	0.96479	0.999995	976	0	0.039569	0.20894	0.22012	0.999995	224	1	0.039569
SEC23B	4	0.96443	0.9649	0.999995	977	0	0.026759	0.70341	0.70293	0.999995	679	0	0.026759
PAX4	4	0.96564	0.96606	0.999995	978	0	0.040954	0.70791	0.70701	0.999995	684	0	0.040954
LATS1	4	0.96616	0.96655	0.999995	979	0	0.019869	0.65378	0.65323	0.999995	623	0	0.019869
FAM50B	4	0.96653	0.96688	0.999995	980	0	0.099784	0.021879	0.041488	0.836722	51	1	0.099784
ARHGEF3	4	0.96712	0.96743	0.999995	981	0	0.095554	0.27525	0.27776	0.999995	285	1	0.095554
MEP1B	4	0.96762	0.96805	0.999995	982	0	0.039444	0.22767	0.23647	0.999995	241	1	0.039444
TRPC7	4	0.96889	0.96921	0.999995	983	0	0.18878	0.022026	0.04175	0.836722	52	2	0.18878
UBQLN3	4	0.96958	0.96971	0.999995	984	0	0.0087228	0.43177	0.43082	0.999995	419	0	0.0087228
RNF113B	4	0.97012	0.97029	0.999995	985	0	0.019318	0.23537	0.24295	0.999995	248	1	0.019318
CYP7A1	4	0.97019	0.9704	0.999995	986	0	0.079996	0.21678	0.2267	0.999995	233	1	0.079996
TPBG	4	0.97066	0.97082	0.999995	987	0	0.23316	2.3739e-05	8.8819e-05	0.04703	2	3	0.23316
NBEAL2	4	0.97073	0.97088	0.999995	988	0	0.074629	0.23767	0.245	0.999995	249	1	0.074629
SOHLH1	4	0.97086	0.97103	0.999995	989	0	0.095185	0.032845	0.059878	0.902143	69	2	0.095185
PRSS37	4	0.97106	0.97127	0.999995	990	0	0.052934	0.010752	0.022798	0.689816	36	1	0.052934
ZDHHC17	4	0.97248	0.97257	0.999995	991	0	0.15409	0.044022	0.078427	0.934598	88	2	0.15409
PPP3CC	4	0.97267	0.97277	0.999995	992	0	-0.014425	0.37376	0.37253	0.999995	366	0	-0.014425
S1PR4	4	0.9733	0.97337	0.999995	993	0	0.023249	0.50808	0.50711	0.999995	494	0	0.023249
CCNL2	4	0.97373	0.97385	0.999995	994	0	0.045437	0.29206	0.29305	0.999995	301	1	0.045437
LOR	4	0.97451	0.97464	0.999995	995	0	0.038011	0.57247	0.57286	0.999995	551	0	0.038011
SLC17A2	4	0.97469	0.97482	0.999995	996	0	0.038437	0.53876	0.53792	0.999995	522	0	0.038437
ERC1	4	0.97505	0.97512	0.999995	997	0	0.041493	0.43361	0.43266	0.999995	420	0	0.041493
ADAM19	4	0.97517	0.97525	0.999995	998	0	0.046291	0.59913	0.5988	0.999995	574	0	0.046291
IDH3B	4	0.97522	0.97529	0.999995	999	0	0.064273	0.1432	0.16643	0.999995	172	1	0.064273
KCNMB3	4	0.97546	0.97557	0.999995	1000	0	0.059996	0.10755	0.13845	0.975379	148	1	0.059996
SEC14L3	4	0.97604	0.97611	0.999995	1001	0	0.11177	0.049905	0.087721	0.938344	99	2	0.11177
RBMXL2	4	0.97694	0.97702	0.999995	1002	0	0.073736	0.30358	0.30341	0.999995	312	1	0.073736
LMBR1L	4	0.97814	0.97821	0.999995	1003	0	0.018107	0.57889	0.57891	0.999995	558	0	0.018107
TNKS2	4	0.97903	0.97908	0.999995	1004	0	0.046141	0.47066	0.47009	0.999995	456	0	0.046141
AMELX	4	0.98004	0.98015	0.999995	1005	0	0.12817	0.034164	0.062187	0.902143	73	2	0.12817
SLC35F3	4	0.98178	0.98169	0.999995	1006	0	0.0083647	0.36979	0.36879	0.999995	362	0	0.0083647
GBX1	4	0.98206	0.98193	0.999995	1007	0	0.14096	0.017254	0.033672	0.775183	46	2	0.14096
TREML4	3	0.98244	0.98218	0.999995	1008	0	0.069166	0.48904	0.48727	0.999995	478	0	0.069166
GSX2	4	0.98287	0.98276	0.999995	1009	0	0.040067	0.26859	0.27174	0.999995	278	1	0.040067
HUS1B	4	0.9837	0.98381	0.999995	1010	0	0.033942	0.28333	0.28525	0.999995	291	1	0.033942
DYNLRB2	4	0.98387	0.98406	0.999995	1011	0	0.045539	0.42684	0.42577	0.999995	413	0	0.045539
CLCA1	4	0.98442	0.98465	0.999995	1012	0	0.16316	0.042967	0.076613	0.932571	87	2	0.16316
NSG1	4	0.98462	0.98491	0.999995	1013	0	0.031533	0.2723	0.27519	0.999995	282	1	0.031533
CDK19	8	0.98463	0.98476	0.999995	1014	0	-0.027271	0.79158	0.79105	0.999995	751	0	-0.027271
DLL1	4	0.98483	0.98506	0.999995	1015	0	0.044963	0.33937	0.33826	0.999995	340	1	0.044963
AQP8	4	0.98507	0.98532	0.999995	1016	0	0.21935	0.0027402	0.0078114	0.593824	11	3	0.21935
SMAP1	4	0.98562	0.98584	0.999995	1017	0	0.080739	0.30573	0.30546	0.999995	313	1	0.080739
MARCKS	4	0.98578	0.98597	0.999995	1018	0	0.094639	0.35708	0.35559	0.999995	351	1	0.094639
IDH3G	4	0.98612	0.98622	0.999995	1019	0	0.14547	0.015776	0.031297	0.775183	42	2	0.14547
UMPS	4	0.98683	0.98696	0.999995	1020	0	0.079109	0.29928	0.29914	0.999995	310	1	0.079109
CELA2A	4	0.98712	0.98721	0.999995	1021	0	0.10781	0.3731	0.37198	0.999995	365	0	0.10781
TBC1D9	4	0.98869	0.98874	0.999995	1022	0	0.11113	0.17046	0.18853	0.999995	194	1	0.11113
KRTAP10-10	4	0.98901	0.98901	0.999995	1023	0	0.071688	0.064557	0.10529	0.951291	115	1	0.071688
HMGCLL1	4	0.98927	0.98916	0.999995	1024	0	0.067608	0.48622	0.48514	0.999995	474	0	0.067608
LIN28B	4	0.98933	0.98921	0.999995	1025	0	0.023657	0.72895	0.72861	0.999995	697	0	0.023657
MYD88	4	0.98991	0.98994	0.999995	1026	0	0.064293	0.28843	0.28976	0.999995	296	1	0.064293
SCN10A	4	0.99078	0.99068	0.999995	1027	0	0.051331	0.36178	0.36024	0.999995	353	0	0.051331
DYNLT3	4	0.99097	0.99096	0.999995	1028	0	0.1498	0.033596	0.06114	0.902143	71	2	0.1498
DCAF8L1	4	0.9913	0.99125	0.999995	1029	0	0.184	0.017144	0.033541	0.775183	45	2	0.184
HPS1	4	0.99143	0.99136	0.999995	1030	0	0.12312	0.056332	0.097519	0.951291	107	2	0.12312
PAPSS2	4	0.99169	0.99158	0.999995	1031	0	0.17751	0.03926	0.070471	0.931116	80	2	0.17751
SLC22A13	4	0.99187	0.99185	0.999995	1032	0	0.059001	0.29279	0.29362	0.999995	302	1	0.059001
PCDH1	4	0.99351	0.99339	0.999995	1033	0	0.12098	0.029381	0.054138	0.889364	63	2	0.12098
PDX1	4	0.9937	0.99359	0.999995	1034	0	0.053528	0.64046	0.63943	0.999995	608	0	0.053528
SIRPA	3	0.99376	0.99369	0.999995	1035	0	0.16374	0.0072133	0.013935	0.630693	26	2	0.16374
HTR3D	4	0.99376	0.99367	0.999995	1036	0	0.10455	0.3276	0.32675	0.999995	331	1	0.10455
CTPS2	4	0.99387	0.99378	0.999995	1037	0	0.17312	0.021097	0.040244	0.836722	50	2	0.17312
RCBTB2	4	0.99415	0.99418	0.999995	1038	0	0.11759	0.080526	0.11713	0.951291	125	1	0.11759
CHSY1	4	0.99421	0.99425	0.999995	1039	0	0.15248	0.035506	0.06416	0.918183	74	2	0.15248
RUNX1	4	0.9944	0.99441	0.999995	1040	0	0.065586	0.34827	0.34718	0.999995	344	1	0.065586
SBF1	4	0.99448	0.9945	0.999995	1041	0	0.10788	0.25514	0.25996	0.999995	266	1	0.10788
KLK12	4	0.99452	0.99456	0.999995	1042	0	0.13825	0.026258	0.048855	0.87038	59	2	0.13825
COPZ2	4	0.99505	0.99514	0.999995	1043	0	0.12113	0.01818	0.035252	0.794291	47	2	0.12113
TGM6	4	0.99709	0.9972	0.999995	1044	0	0.13809	0.20736	0.21875	0.999995	222	1	0.13809
UBASH3B	4	0.99723	0.9973	0.999995	1045	0	0.081684	0.048381	0.085318	0.938344	95	1	0.081684
CAB39	4	0.99753	0.99758	0.999995	1046	0	0.22913	0.00028494	0.0011359	0.300743	4	3	0.22913
FRYL	4	0.99763	0.99763	0.999995	1047	0	0.17968	0.016327	0.032316	0.775183	44	2	0.17968
SUV39H1	4	0.99766	0.99764	0.999995	1048	0	0.14888	0.11528	0.14414	0.991224	155	1	0.14888
ZNF146	4	0.99798	0.99804	0.999995	1049	0	0.1842	0.0084889	0.018928	0.646599	31	2	0.1842
TMEM185B	4	0.99806	0.99815	0.999995	1050	0	0.10423	0.049285	0.086776	0.938344	97	1	0.10423
KRT38	4	0.99812	0.99819	0.999995	1051	0	0.097423	0.2323	0.24027	0.999995	245	1	0.097423
GIT1	4	0.99841	0.9985	0.999995	1052	0	0.0833	0.44153	0.44087	0.999995	430	0	0.0833
TIRAP	4	0.99868	0.99881	0.999995	1053	0	0.15534	0.0036848	0.010261	0.593824	16	3	0.15534
TCF3	4	0.99872	0.99886	0.999995	1054	0	0.12873	0.0035598	0.0099431	0.593824	15	3	0.12873
GPR50	4	0.99915	0.99927	0.999995	1055	0	0.17344	0.090184	0.12468	0.951291	136	1	0.17344
FZD8	4	0.99916	0.99928	0.999995	1056	0	0.12422	0.0042177	0.011561	0.593824	20	2	0.12422
KRTAP1-1	4	0.9996	0.99959	0.999995	1057	0	0.23695	0.0041309	0.011364	0.593824	19	3	0.23695
RTP1	4	0.99992	0.99993	0.999995	1058	0	0.25461	7.8048e-05	0.00032255	0.113861	3	4	0.25461
TP53	4	1.0	1.0	0.999995	1059	0	0.49857	7.432e-07	4.6747e-06	0.00495	1	4	0.49857
