id	num	neg|score	neg|p-value	neg|fdr	neg|rank	neg|goodsgrna	neg|lfc	pos|score	pos|p-value	pos|fdr	pos|rank	pos|goodsgrna	pos|lfc
MYC	16	6.6927e-10	4.6703e-06	0.00495	1	14	-1.6433	1.0	1.0	0.999995	1060	0	-1.6433
RRM1	16	4.7066e-07	1.4011e-05	0.00495	2	13	-1.7213	0.9997	0.99969	0.999995	1054	0	-1.7213
RPL14	6	3.0336e-06	1.4011e-05	0.00495	3	5	-2.4822	0.89878	0.9002	0.999995	918	0	-2.4822
PSMB3	7	5.6993e-06	4.2033e-05	0.009076	4	6	-2.2635	0.99212	0.99176	0.999995	1030	0	-2.2635
POLR2L	8	6.6345e-06	5.1373e-05	0.009076	5	5	-2.4862	0.8281	0.8279	0.999995	833	0	-2.4862
DYNLRB1	7	9.9248e-06	5.1373e-05	0.009076	6	6	-1.9824	0.99454	0.99419	0.999995	1035	0	-1.9824
TSG101	8	1.4292e-05	0.0001261	0.014356	7	8	-0.88851	0.99999	1.0	0.999995	1059	0	-0.88851
RPL8	8	1.4842e-05	0.00013544	0.014356	8	6	-2.0964	0.42342	0.49505	0.999995	502	1	-2.0964
VCP	8	1.5734e-05	0.00013544	0.014356	9	6	-2.1568	0.98856	0.98831	0.999995	1022	0	-2.1568
RPL5	7	1.6492e-05	6.0714e-05	0.009194	10	7	-2.2895	0.99998	0.99999	0.999995	1058	0	-2.2895
CKAP5	16	2.182e-05	0.00022884	0.020215	11	10	-1.088	0.97847	0.97903	0.999995	1009	0	-1.088
RPL31	5	2.9697e-05	0.00015412	0.014851	12	5	-2.3459	0.99992	0.99992	0.999995	1055	0	-2.3459
PRPF38A	8	3.6296e-05	0.00032225	0.023824	13	6	-2.0665	0.11775	0.22054	0.999995	225	1	-2.0665
ATP6V1B2	8	3.7622e-05	0.00032225	0.023824	14	8	-1.5537	0.99996	0.99997	0.999995	1057	0	-1.5537
CCND1	8	4.329e-05	0.00035961	0.023824	15	7	-2.1189	0.99945	0.99931	0.999995	1053	0	-2.1189
EIF3B	8	6.0434e-05	0.00048104	0.028128	16	7	-2.0955	0.99992	0.9999	0.999995	1056	0	-2.0955
RPS11	7	6.2443e-05	0.00034093	0.023824	17	6	-1.386	0.96033	0.95992	0.999995	987	0	-1.386
ATP6V1D	8	7.4387e-05	0.0005651	0.028128	18	7	-1.2515	0.99941	0.99927	0.999995	1052	0	-1.2515
CLTC	8	7.4978e-05	0.00057444	0.028128	19	6	-1.7673	0.99119	0.99097	0.999995	1026	0	-1.7673
GSDMD	8	7.7059e-05	0.00058378	0.028128	20	6	-1.6264	0.99459	0.99461	0.999995	1036	0	-1.6264
RPL11	7	9.8522e-05	0.0005184	0.028128	21	5	-1.9361	0.053714	0.12225	0.989472	124	1	-1.9361
PRKDC	16	0.00010626	0.0010135	0.042841	22	11	-1.1821	0.49753	0.66038	0.999995	553	2	-1.1821
RAN	7	0.00011192	0.0005651	0.028128	23	4	-1.6943	0.41551	0.46392	0.999995	497	1	-1.6943
CHORDC1	6	0.00012042	0.00067719	0.03121	24	4	-2.3062	0.3467	0.39251	0.999995	465	1	-2.3062
BUB3	8	0.00015788	0.00095741	0.042285	25	6	-1.7356	0.90106	0.90074	0.999995	920	0	-1.7356
SNRPD3	8	0.0001813	0.0011255	0.044024	26	7	-1.6445	0.6348	0.64126	0.999995	653	1	-1.6445
SF3B3	8	0.00018948	0.0011629	0.044024	27	6	-1.557	0.96235	0.96166	0.999995	990	0	-1.557
EIF4A3	8	0.0002115	0.0012283	0.044896	28	4	-1.2675	0.91161	0.91097	0.999995	926	0	-1.2675
RPS15	4	0.00028509	0.0010508	0.042841	29	2	-1.7792	0.47819	0.47539	0.999995	535	0	-1.7792
CDS2	8	0.00031793	0.0019101	0.067492	30	6	-1.6305	0.92226	0.92167	0.999995	938	0	-1.6305
NRBP2	8	0.00043914	0.002648	0.08453	31	7	-1.0241	0.93015	0.92929	0.999995	950	0	-1.0241
RRM2	7	0.00047144	0.0024706	0.084478	32	5	-1.5429	0.23364	0.34559	0.999995	366	1	-1.5429
DDX5	8	0.00051948	0.0029283	0.08453	33	4	-0.73477	0.36083	0.46122	0.999995	469	1	-0.73477
CDK2	8	0.00052205	0.0029563	0.08453	34	5	-1.6643	0.76205	0.7618	0.999995	777	0	-1.6643
RPS8	5	0.00054161	0.0026761	0.08453	35	3	-2.3953	0.9736	0.97354	0.999995	1002	0	-2.3953
NAA10	8	0.00054437	0.0030777	0.08453	36	4	-0.36157	0.10437	0.20538	0.999995	209	2	-0.36157
POLR2F	8	0.00054712	0.0030964	0.08453	37	6	-1.2716	0.87376	0.87303	0.999995	894	0	-1.2716
TUBB	6	0.0005501	0.0028722	0.08453	38	4	-1.7957	0.99864	0.99865	0.999995	1047	0	-1.7957
MBTD1	8	0.00055972	0.0031711	0.08453	39	6	-1.4639	0.99157	0.99143	0.999995	1027	0	-1.4639
CTR9	8	0.00056184	0.0031898	0.08453	40	6	-1.1661	0.87269	0.87198	0.999995	891	0	-1.1661
MED13L	8	0.00060366	0.003386	0.085455	41	6	-1.5156	0.87037	0.86973	0.999995	886	0	-1.5156
CLNS1A	7	0.00062575	0.0032925	0.085124	42	6	-1.9247	0.99939	0.99941	0.999995	1051	0	-1.9247
DDI2	8	0.00073568	0.0040538	0.097997	43	3	-0.25961	0.93625	0.93553	0.999995	955	0	-0.25961
PPP4C	8	0.00074042	0.0040678	0.097997	44	4	-0.59463	0.58887	0.60426	0.999995	609	1	-0.59463
RPP21	8	0.00083254	0.0044881	0.102064	45	6	-1.3724	0.99639	0.99632	0.999995	1039	0	-1.3724
POLD1	8	0.00084783	0.0045255	0.102064	46	5	-1.092	0.72261	0.72224	0.999995	739	0	-1.092
E2F3	7	0.00085754	0.0044788	0.102064	47	6	-1.7331	0.92982	0.92943	0.999995	949	0	-1.7331
NAE1	16	0.00087936	0.0066738	0.12411	48	7	-0.48447	0.26604	0.46135	0.999995	405	2	-0.48447
ILF3	8	0.00095645	0.0050673	0.111033	49	5	-1.4079	0.064666	0.14341	0.989817	154	1	-1.4079
TACC3	8	0.00098258	0.0051326	0.111033	50	6	-1.5412	0.97535	0.97469	0.999995	1005	0	-1.5412
PMPCB	8	0.001017	0.0052914	0.11192	51	6	-1.66	0.21404	0.32775	0.999995	347	2	-1.66
NDUFB4	8	0.001027	0.0053848	0.11192	52	6	-1.2801	0.59482	0.6087	0.999995	616	1	-1.2801
PPP2CA	16	0.0010905	0.0080843	0.137339	53	10	-0.87616	0.65815	0.77529	0.999995	674	1	-0.87616
RPL36	8	0.0010916	0.0057678	0.11629	54	4	-1.0113	0.97908	0.97852	0.999995	1011	0	-1.0113
ACTL6A	8	0.0010983	0.0058145	0.11629	55	4	-1.124	0.20394	0.31598	0.999995	333	1	-1.124
GALNT5	8	0.0011311	0.0059639	0.11707	56	6	-1.0373	0.93832	0.93753	0.999995	956	0	-1.0373
AHCYL1	8	0.0012079	0.0062442	0.120342	57	6	-1.0085	0.95679	0.95594	0.999995	980	0	-1.0085
ALDOA	8	0.0013	0.0068233	0.124701	58	7	-1.2426	0.98799	0.98779	0.999995	1021	0	-1.2426
XRCC6	7	0.0013126	0.0065991	0.12411	59	6	-1.3724	0.33043	0.41279	0.999995	458	1	-1.3724
SFPQ	8	0.0013497	0.0070475	0.126615	60	4	-0.76495	0.16738	0.27513	0.999995	287	1	-0.76495
VMP1	8	0.0014109	0.007337	0.12962	61	7	-0.90877	0.99428	0.99421	0.999995	1034	0	-0.90877
COPA	8	0.0015105	0.007804	0.135611	62	6	-1.0603	0.97494	0.97432	0.999995	1003	0	-1.0603
EP300	8	0.0015951	0.0083645	0.137339	63	4	-1.2124	0.9285	0.9278	0.999995	945	0	-1.2124
POLR2B	8	0.0016353	0.0085513	0.137339	64	4	-0.94498	0.99174	0.99157	0.999995	1028	0	-0.94498
HMGCS1	7	0.0016616	0.0082617	0.137339	65	6	-1.129	0.99194	0.99157	0.999995	1029	0	-1.129
RBBP4	7	0.0017227	0.0085139	0.137339	66	5	-1.4412	0.059913	0.13455	0.989472	144	1	-1.4412
TRRAP	8	0.0020195	0.010205	0.158488	67	5	-1.3573	0.99775	0.99772	0.999995	1044	0	-1.3573
RBMX	7	0.0021083	0.010317	0.158488	68	6	-1.2518	0.3941	0.45097	0.999995	485	1	-1.2518
SMC1A	8	0.0021562	0.010765	0.161135	69	6	-1.3542	0.84398	0.84348	0.999995	852	0	-1.3542
RPP14	8	0.0021649	0.010793	0.161135	70	5	-1.3366	0.92887	0.92817	0.999995	946	0	-1.3366
ADSS	7	0.0022758	0.011036	0.162472	71	4	-0.62887	0.99546	0.99515	0.999995	1038	0	-0.62887
SNRPB	8	0.0022837	0.011316	0.164316	72	3	-0.20733	0.24784	0.36524	0.999995	382	1	-0.20733
INTS6	6	0.0023299	0.010279	0.158488	73	5	-1.6241	0.95316	0.95333	0.999995	975	0	-1.6241
NCBP2	8	0.0024566	0.011923	0.170792	74	4	-0.96438	0.37454	0.46845	0.999995	479	1	-0.96438
CAVIN1	8	0.0025688	0.012372	0.171427	75	4	-0.90101	0.98684	0.98669	0.999995	1019	0	-0.90101
RP1	8	0.0026036	0.012484	0.171427	76	5	-0.92277	0.72412	0.72396	0.999995	742	0	-0.92277
TOP1MT	8	0.0026251	0.012549	0.171427	77	6	-1.4657	0.27047	0.39103	0.999995	410	2	-1.4657
ATP5F1D	8	0.0027632	0.013091	0.174443	78	4	-0.99686	0.71617	0.71593	0.999995	730	0	-0.99686
DHX9	6	0.0029837	0.012614	0.171427	79	5	-1.0675	0.94162	0.94243	0.999995	961	0	-1.0675
SLC25A28	8	0.0030802	0.014128	0.182987	80	5	-1.2789	0.74958	0.74935	0.999995	768	0	-1.2789
AKIRIN2	8	0.0030891	0.014156	0.182987	81	6	-1.3031	0.7958	0.79546	0.999995	806	0	-1.3031
DGKZ	6	0.0031383	0.013166	0.174443	82	3	-1.0267	0.94678	0.9473	0.999995	967	0	-1.0267
DHX29	7	0.0031424	0.014856	0.187129	83	5	-1.3827	0.6334	0.63286	0.999995	650	1	-1.3827
RIC8A	8	0.0031995	0.014735	0.187129	84	6	-1.0703	0.98873	0.98849	0.999995	1023	0	-1.0703
FARS2	8	0.0032542	0.015006	0.187129	85	5	-1.1461	0.54269	0.5703	0.999995	582	1	-1.1461
PDS5A	8	0.0034177	0.015669	0.193127	86	5	-0.75222	0.11858	0.22142	0.999995	226	2	-0.75222
RNF113A	8	0.0040935	0.01863	0.226983	87	6	-1.3102	0.73538	0.73478	0.999995	756	0	-1.3102
RGS19	8	0.0046964	0.02132	0.256035	88	5	-1.2715	0.97792	0.97733	0.999995	1007	0	-1.2715
PDCD6IP	8	0.0047374	0.021497	0.256035	89	5	-1.119	0.9106	0.90998	0.999995	925	0	-1.119
SBNO1	8	0.0049669	0.02231	0.259874	90	4	-0.9399	0.95762	0.95684	0.999995	981	0	-0.9399
RPL10A	7	0.0049852	0.022273	0.259874	91	5	-1.4239	0.7733	0.77168	0.999995	786	0	-1.4239
MRPL38	8	0.0051603	0.022982	0.264798	92	5	-1.1979	0.67057	0.67269	0.999995	685	1	-1.1979
GRHL2	8	0.005343	0.023758	0.268004	93	6	-1.1778	0.13676	0.2413	0.999995	252	1	-1.1778
KIF11	8	0.005359	0.023842	0.268004	94	5	-1.2233	0.89883	0.89866	0.999995	919	0	-1.2233
RFC2	8	0.0054079	0.024019	0.268004	95	6	-0.89208	0.84065	0.84044	0.999995	847	0	-0.89208
SAP30	8	0.005521	0.024524	0.270782	96	5	-1.2105	0.68339	0.68454	0.999995	700	1	-1.2105
RSBN1L	8	0.0056201	0.024963	0.272788	97	6	-1.0872	0.99913	0.99902	0.999995	1049	0	-1.0872
PLXDC1	16	0.0058417	0.035153	0.335697	98	9	-0.88537	0.92667	0.92719	0.999995	942	0	-0.88537
MED13	8	0.0061086	0.027176	0.290347	99	5	-1.1196	0.99772	0.99768	0.999995	1043	0	-1.1196
TOP1	8	0.0061638	0.027391	0.290347	100	5	-1.1268	0.84046	0.84025	0.999995	846	0	-1.1268
PSMA2	8	0.0062492	0.027783	0.291589	101	4	-0.82738	0.10675	0.20805	0.999995	213	2	-0.82738
RPL19	6	0.0065543	0.026186	0.283239	102	3	-0.80391	0.80309	0.80415	0.999995	813	0	-0.80391
XAB2	8	0.0066096	0.029297	0.300695	103	5	-1.0823	0.17607	0.28478	0.999995	300	1	-1.0823
SF3B1	8	0.0066643	0.029502	0.300695	104	6	-1.1748	0.37083	0.4665	0.999995	477	1	-1.1748
ATP5F1A	8	0.0068197	0.030175	0.30462	105	5	-0.82145	0.73333	0.73279	0.999995	752	0	-0.82145
COX6B1	16	0.0068552	0.040347	0.359389	106	7	-0.23995	0.62546	0.75036	0.999995	641	1	-0.23995
PSMC3	8	0.0069619	0.030726	0.307258	107	3	-0.20349	0.88361	0.88337	0.999995	901	0	-0.20349
GATAD2A	8	0.0070899	0.031202	0.308168	108	5	-1.1319	0.1144	0.21684	0.999995	221	1	-1.1319
CDIPT	8	0.0071444	0.031398	0.308168	109	5	-1.0855	0.28479	0.4071	0.999995	426	2	-1.0855
EEFSEC	8	0.0080263	0.03477	0.335059	110	6	-1.0949	0.95347	0.95272	0.999995	976	0	-1.0949
NAPA	8	0.0087587	0.037442	0.3437	111	4	-0.95894	0.99886	0.99886	0.999995	1048	0	-0.95894
LATS2	8	0.0088113	0.037703	0.3437	112	1	0.19225	0.51473	0.55152	0.999995	568	1	0.19225
TNPO1	6	0.0089329	0.034462	0.335059	113	5	-1.0217	0.64864	0.65014	0.999995	666	0	-1.0217
USP5	8	0.0090141	0.038497	0.345821	114	5	-0.97375	0.43877	0.50446	0.999995	509	1	-0.97375
CNOT6L	6	0.0094522	0.036395	0.340672	115	3	-1.0286	0.71267	0.71398	0.999995	728	0	-1.0286
RPS23	6	0.0094527	0.036395	0.340672	116	5	-0.79831	0.9692	0.96937	0.999995	995	0	-0.79831
RPS3	6	0.0095238	0.036638	0.340672	117	5	-0.7967	0.88854	0.8902	0.999995	906	0	-0.7967
SF3B2	8	0.0097572	0.041206	0.363677	118	5	-1.0323	0.10467	0.20575	0.999995	210	2	-1.0323
RPA3	8	0.0098413	0.041514	0.363677	119	3	-0.36008	0.033484	0.083192	0.989472	81	1	-0.36008
RPL13	6	0.0099034	0.037937	0.3437	120	5	-0.98185	0.69546	0.69674	0.999995	712	0	-0.98185
TRAPPC3	8	0.010183	0.042971	0.370321	121	4	-0.88392	0.12357	0.22696	0.999995	235	1	-0.88392
ADAP1	8	0.010454	0.044167	0.377555	122	6	-0.88591	0.57762	0.59538	0.999995	602	1	-0.88591
GTF3C1	8	0.010586	0.044737	0.379366	123	6	-0.87469	0.58973	0.60487	0.999995	611	1	-0.87469
RPS7	3	0.010612	0.028549	0.29669	124	2	-1.4626	0.94197	0.9417	0.999995	963	0	-1.4626
RHOT1	8	0.011036	0.046278	0.386256	125	6	-0.68146	0.97524	0.97461	0.999995	1004	0	-0.68146
TBC1D26	6	0.011118	0.041925	0.364267	126	4	-1.2667	0.39921	0.43	0.999995	489	1	-1.2667
ZMAT2	8	0.011305	0.047343	0.389851	127	4	-0.75541	0.82223	0.82204	0.999995	827	0	-0.75541
ZWILCH	8	0.011592	0.048398	0.389851	128	4	-0.68173	0.16341	0.27088	0.999995	284	1	-0.68173
BECN1	8	0.011634	0.048548	0.389851	129	5	-0.967	0.83146	0.83127	0.999995	837	0	-0.967
ATP5PB	8	0.012031	0.050042	0.398072	130	4	-0.72188	0.52937	0.56079	0.999995	576	1	-0.72188
SIN3A	8	0.012103	0.050322	0.398072	131	6	-0.8597	0.9388	0.93808	0.999995	957	0	-0.8597
LIN28B	8	0.012501	0.051873	0.406414	132	4	-0.6151	0.84489	0.84448	0.999995	855	0	-0.6151
FANCM	8	0.0126	0.052144	0.406414	133	5	-0.83899	0.55383	0.57781	0.999995	587	1	-0.83899
HUS1	8	0.012748	0.052555	0.406627	134	4	-0.94276	0.7093	0.70955	0.999995	724	0	-0.94276
TREML4	7	0.012922	0.048062	0.389851	135	5	-1.21	0.99361	0.99333	0.999995	1033	0	-1.21
INTS2	8	0.013055	0.053507	0.410999	136	5	-0.929	0.74902	0.74884	0.999995	767	0	-0.929
PRPF8	8	0.013361	0.054385	0.414738	137	5	-0.88055	0.94303	0.94239	0.999995	964	0	-0.88055
COPZ1	8	0.013595	0.055095	0.41715	138	4	-0.65565	0.91797	0.91726	0.999995	934	0	-0.65565
MTG2	8	0.013791	0.055553	0.417632	139	4	-0.93325	0.59015	0.6052	0.999995	612	1	-0.93325
HNRNPH1	8	0.014194	0.056777	0.422246	140	5	-0.90892	0.87678	0.87596	0.999995	897	0	-0.90892
G6PC	8	0.014284	0.056963	0.422246	141	4	-0.39621	0.78802	0.78785	0.999995	797	0	-0.39621
WRN	8	0.0144	0.057365	0.42227	142	4	-0.90124	0.022136	0.061027	0.989472	62	2	-0.90124
MAT2A	8	0.014636	0.057935	0.423523	143	4	-0.72927	0.90878	0.90801	0.999995	924	0	-0.72927
RPL15	5	0.014809	0.047735	0.389851	144	4	-0.97693	0.97133	0.97148	0.999995	998	0	-0.97693
ANAPC4	8	0.01519	0.059429	0.431473	145	5	-0.94898	0.98645	0.98636	0.999995	1018	0	-0.94898
HSCB	8	0.01677	0.063717	0.45264	146	5	-1.0012	0.92125	0.92072	0.999995	936	0	-1.0012
MRPL41	8	0.016868	0.064053	0.45264	147	5	-1.0268	0.99681	0.99669	0.999995	1041	0	-1.0268
RPL18A	3	0.017495	0.045857	0.385785	148	3	-1.3083	0.9825	0.98258	0.999995	1015	0	-1.3083
NUTF2	7	0.017694	0.063091	0.451866	149	3	-0.44449	0.21728	0.32564	0.999995	349	2	-0.44449
FDPS	8	0.01792	0.066855	0.463207	150	4	-0.8743	0.92905	0.92837	0.999995	947	0	-0.8743
FANCF	8	0.018083	0.06721	0.463207	151	5	-0.88516	0.96123	0.96048	0.999995	989	0	-0.88516
AFG3L2	6	0.018172	0.060849	0.438776	152	4	-1.0393	0.99645	0.99648	0.999995	1040	0	-1.0393
SF3B5	8	0.018244	0.06763	0.463207	153	5	-0.85802	0.79719	0.79688	0.999995	808	0	-0.85802
LSM4	8	0.01828	0.067733	0.463207	154	4	-0.53509	0.025198	0.067668	0.989472	70	3	-0.53509
MBD3L1	8	0.018875	0.069554	0.469793	155	4	-0.66854	0.49357	0.53775	0.999995	551	1	-0.66854
MED20	8	0.019108	0.070395	0.472271	156	5	-0.75342	0.46839	0.5221	0.999995	529	1	-0.75342
WDR12	8	0.019499	0.071507	0.476711	157	3	-0.32687	0.95447	0.95368	0.999995	977	0	-0.32687
TAF1L	7	0.019884	0.069582	0.469793	158	4	-1.1068	0.6399	0.63929	0.999995	656	1	-1.1068
ATP5F1B	8	0.019896	0.072693	0.479044	159	3	-0.22653	0.87285	0.87213	0.999995	892	0	-0.22653
ATP6V1C1	8	0.020208	0.07358	0.479044	160	5	-0.94381	0.33391	0.44792	0.999995	460	1	-0.94381
KPNA2	7	0.020948	0.072842	0.479044	161	4	-0.70681	0.4907	0.51514	0.999995	550	1	-0.70681
SPAG9	8	0.020952	0.07557	0.486259	162	5	-0.90756	0.48944	0.53528	0.999995	549	1	-0.90756
E2F4	8	0.020997	0.075691	0.486259	163	5	-0.94451	0.87192	0.87115	0.999995	889	0	-0.94451
CCT6A	7	0.02119	0.073664	0.479044	164	4	-1.0853	0.89217	0.89107	0.999995	910	0	-1.0853
NBEAL1	8	0.021672	0.077653	0.495138	165	3	-0.31952	0.9787	0.97809	0.999995	1010	0	-0.31952
RNF40	8	0.021798	0.078008	0.495138	166	4	-0.86914	0.67651	0.6782	0.999995	693	1	-0.86914
PRDM16	8	0.022927	0.081445	0.513879	167	5	-0.83248	0.63402	0.64056	0.999995	651	1	-0.83248
MED31	8	0.024146	0.085153	0.534097	168	4	-0.81752	0.13101	0.23484	0.999995	242	1	-0.81752
GFM1	8	0.024409	0.085947	0.535906	169	2	0.04043	0.48216	0.5306	0.999995	542	1	0.04043
SNAPC4	8	0.024838	0.087302	0.541167	170	4	-0.66314	0.064634	0.14333	0.989817	153	3	-0.66314
SF3A1	8	0.02532	0.0886	0.546022	171	3	-0.35222	0.77143	0.77123	0.999995	783	0	-0.35222
RPL6	3	0.026474	0.066229	0.463207	172	2	-1.1662	0.4465	0.44515	0.999995	514	0	-1.1662
AOX1	8	0.027271	0.093279	0.571539	173	5	-0.8877	0.6492	0.65342	0.999995	667	1	-0.8877
ASF1B	16	0.027535	0.12273	0.676935	174	8	-0.55756	0.27711	0.47274	0.999995	417	2	-0.55756
TOMM40	14	0.028018	0.11801	0.676184	175	7	-0.4949	0.32064	0.51147	0.999995	451	2	-0.4949
CNOT7	7	0.028645	0.096399	0.58726	176	5	-0.73389	0.60492	0.60735	0.999995	623	1	-0.73389
THRAP3	7	0.029041	0.097576	0.591033	177	3	-0.57874	0.030155	0.073786	0.989472	78	2	-0.57874
ERH	8	0.030413	0.10177	0.612933	178	3	-0.38807	0.80085	0.80066	0.999995	812	0	-0.38807
EFR3A	8	0.030693	0.10251	0.613889	179	4	-0.71898	0.037994	0.091785	0.989472	88	1	-0.71898
ALDOC	8	0.031392	0.1046	0.6229	180	5	-0.79884	0.67338	0.67545	0.999995	689	1	-0.79884
S1PR4	8	0.033268	0.10965	0.645737	181	5	-0.77918	0.24711	0.36447	0.999995	381	1	-0.77918
SBNO2	8	0.034529	0.1131	0.662354	182	3	0.19687	0.47954	0.52895	0.999995	538	1	0.19687
CPSF3	8	0.03529	0.11516	0.670738	183	5	-0.8414	0.99922	0.99912	0.999995	1050	0	-0.8414
CBLL1	8	0.035999	0.11705	0.674317	184	5	-0.80053	0.87558	0.87494	0.999995	895	0	-0.80053
COX4I1	8	0.03712	0.12001	0.676935	185	5	-0.86806	0.64282	0.6482	0.999995	661	1	-0.86806
RPL17	6	0.0372	0.10842	0.642043	186	4	-0.80239	0.30084	0.36231	0.999995	440	1	-0.80239
CCNE1	8	0.037292	0.12053	0.676935	187	4	-0.78274	0.25507	0.37355	0.999995	390	1	-0.78274
TBP	8	0.037791	0.12181	0.676935	188	5	-0.78701	0.97812	0.97751	0.999995	1008	0	-0.78701
RAMP2	8	0.037858	0.12198	0.676935	189	5	-0.74069	0.98772	0.98757	0.999995	1020	0	-0.74069
FNIP1	8	0.037872	0.122	0.676935	190	4	-0.49332	0.64319	0.64841	0.999995	662	1	-0.49332
PSMB6	8	0.038242	0.12305	0.676935	191	4	-0.54375	0.09667	0.19717	0.999995	204	1	-0.54375
TIMM10	8	0.038315	0.12325	0.676935	192	4	-0.62134	0.27287	0.39375	0.999995	412	1	-0.62134
TCERG1	8	0.039549	0.12677	0.689134	193	3	0.17717	0.19186	0.30281	0.999995	314	2	0.17717
KRT25	8	0.04	0.12789	0.691544	194	5	-0.66835	0.99333	0.99326	0.999995	1032	0	-0.66835
SEPHS2	8	0.040425	0.129	0.691544	195	4	-0.67257	0.81534	0.81538	0.999995	826	0	-0.67257
CAP1	8	0.040488	0.12918	0.691544	196	5	-0.77742	0.28337	0.40552	0.999995	423	1	-0.77742
MED8	8	0.041653	0.13233	0.704886	197	5	-0.85923	0.61344	0.62364	0.999995	633	1	-0.85923
RNF10	8	0.042276	0.13414	0.710285	198	4	-0.71788	0.22009	0.3345	0.999995	352	2	-0.71788
SF1	8	0.042485	0.13469	0.710285	199	3	-0.30152	0.80953	0.8096	0.999995	823	0	-0.30152
SLC11A2	8	0.042799	0.13545	0.710788	200	5	-0.76891	0.89461	0.89444	0.999995	915	0	-0.76891
DZIP1L	8	0.043838	0.13842	0.71897	201	5	-0.85414	0.35323	0.45759	0.999995	467	1	-0.85414
SLC35F3	8	0.044276	0.13961	0.71897	202	2	0.23404	0.55841	0.58129	0.999995	590	1	0.23404
SOD1	8	0.044591	0.14037	0.71897	203	5	-0.73986	0.95929	0.95854	0.999995	984	0	-0.73986
INCENP	8	0.045047	0.14156	0.721416	204	5	-0.84204	0.15058	0.2569	0.999995	264	1	-0.84204
APOBEC3C	8	0.045662	0.14307	0.723267	205	4	-0.60289	0.98204	0.98172	0.999995	1013	0	-0.60289
RHBDF1	8	0.045736	0.14329	0.723267	206	5	-0.7598	0.89158	0.89126	0.999995	908	0	-0.7598
YBX3	8	0.046397	0.14521	0.726298	207	2	-0.14335	0.68542	0.68638	0.999995	701	1	-0.14335
TOMM22	7	0.046406	0.13866	0.71897	208	4	-0.89508	0.70399	0.70304	0.999995	718	0	-0.89508
CHMP1A	8	0.04643	0.14526	0.726298	209	3	-0.39793	0.84868	0.84858	0.999995	859	0	-0.39793
CFL1	8	0.046958	0.14656	0.72935	210	3	-0.49171	0.60526	0.61676	0.999995	624	1	-0.49171
RPS5	8	0.047953	0.14915	0.738084	211	4	-0.46771	0.9676	0.96696	0.999995	994	0	-0.46771
EAF1	8	0.048168	0.14971	0.738084	212	5	-0.82949	0.95315	0.9525	0.999995	974	0	-0.82949
TAF1	8	0.04889	0.15166	0.742232	213	5	-0.67887	0.64244	0.6479	0.999995	660	1	-0.67887
SAFB2	8	0.048971	0.15195	0.742232	214	5	-0.71545	0.51621	0.55241	0.999995	570	1	-0.71545
TOP2A	8	0.049442	0.15315	0.744686	215	3	-0.5835	0.91522	0.91451	0.999995	930	0	-0.5835
HMGCS2	8	0.049842	0.15422	0.74644	216	3	-0.54303	0.021013	0.058645	0.989472	59	2	-0.54303
RPL27A	4	0.050011	0.11667	0.674317	217	2	-0.77499	0.36512	0.36675	0.999995	472	1	-0.77499
PKM	6	0.050682	0.1404	0.71897	218	4	-0.75985	0.44046	0.46069	0.999995	511	1	-0.75985
ESRP1	8	0.051325	0.15825	0.762489	219	3	-0.59246	0.98028	0.97979	0.999995	1012	0	-0.59246
DCAF4L2	8	0.052276	0.16056	0.766948	220	3	-0.35277	0.060611	0.13555	0.989472	147	2	-0.35277
KRT38	8	0.052301	0.16062	0.766948	221	3	0.053785	0.25866	0.37781	0.999995	395	1	0.053785
RPS19	8	0.054848	0.16728	0.791615	222	5	-0.64385	0.95289	0.9523	0.999995	973	0	-0.64385
RPL3	14	0.055355	0.19597	0.868802	223	7	-0.61107	0.36211	0.53955	0.999995	471	2	-0.61107
EZH1	8	0.056186	0.17082	0.80117	224	4	-0.7657	0.40712	0.48602	0.999995	494	1	-0.7657
HRH3	8	0.057221	0.17332	0.80933	225	2	-0.21717	0.808	0.80808	0.999995	820	0	-0.21717
CDK5R1	8	0.0577	0.1743	0.81034	226	4	-0.61953	0.99717	0.99711	0.999995	1042	0	-0.61953
SKA1	8	0.058358	0.17585	0.813978	227	3	-0.47299	0.93042	0.92961	0.999995	951	0	-0.47299
TUFM	7	0.059073	0.16492	0.783932	228	3	-0.48865	0.86277	0.8616	0.999995	874	0	-0.48865
ZNF407	8	0.059111	0.17794	0.820082	229	4	-0.5963	0.6447	0.64957	0.999995	664	1	-0.5963
H2AFX	8	0.059442	0.17873	0.820132	230	4	-0.5071	0.87331	0.87254	0.999995	893	0	-0.5071
GIT2	8	0.060266	0.18099	0.826925	231	1	-0.25085	0.68846	0.68923	0.999995	706	1	-0.25085
ACACA	8	0.064074	0.18944	0.854498	232	4	-0.75569	0.021672	0.060055	0.989472	61	1	-0.75569
SIRPA	6	0.064443	0.17048	0.80117	233	4	-0.68205	0.82895	0.83063	0.999995	834	0	-0.68205
CRX	8	0.064666	0.19057	0.855953	234	3	-0.22145	0.48841	0.53462	0.999995	547	1	-0.22145
RPS28	3	0.065385	0.12461	0.680846	235	1	-0.12869	0.82624	0.82676	0.999995	831	0	-0.12869
LDB1	16	0.06553	0.23264	0.941218	236	5	-0.088135	0.48034	0.64886	0.999995	539	2	-0.088135
GPR183	8	0.068173	0.19704	0.868802	237	3	0.48587	0.26571	0.38558	0.999995	404	2	0.48587
PSMB8	8	0.068556	0.19788	0.868802	238	4	-0.67894	0.086278	0.18347	0.999995	190	2	-0.67894
HTR2C	8	0.069003	0.19873	0.868802	239	3	0.17608	0.067863	0.14943	0.989944	160	2	0.17608
RNF144B	8	0.069888	0.20032	0.868802	240	4	-0.68403	0.049529	0.11412	0.989472	111	2	-0.68403
VPS37A	8	0.069923	0.20035	0.868802	241	4	-0.65227	0.044276	0.10397	0.989472	100	2	-0.65227
ARFGEF1	8	0.070175	0.20081	0.868802	242	3	-0.044479	0.086397	0.18365	0.999995	191	1	-0.044479
HNRNPK	7	0.070379	0.18736	0.852356	243	4	-0.62225	0.71777	0.71636	0.999995	733	0	-0.62225
SNRPB2	7	0.070832	0.18853	0.854003	244	3	0.16884	0.74796	0.74651	0.999995	766	0	0.16884
RNF20	8	0.071243	0.20259	0.870946	245	4	-0.48495	0.29853	0.42264	0.999995	436	1	-0.48495
PFAS	8	0.071404	0.20295	0.870946	246	4	-0.64829	0.10515	0.20635	0.999995	211	2	-0.64829
FAM71A	8	0.072473	0.20479	0.875299	247	4	-0.65182	0.59186	0.60664	0.999995	615	1	-0.65182
LGALS9	7	0.076111	0.19868	0.868802	248	2	-0.43456	0.96448	0.96434	0.999995	991	0	-0.43456
SNRPD2	6	0.076731	0.19596	0.868802	249	3	-0.3838	0.30858	0.36729	0.999995	446	1	-0.3838
SPATA16	8	0.076891	0.21315	0.906887	250	2	-0.15198	0.84324	0.84278	0.999995	851	0	-0.15198
RALGPS2	8	0.077421	0.21416	0.906887	251	4	-0.73092	0.6613	0.66441	0.999995	678	1	-0.73092
UNC119B	8	0.077812	0.21474	0.906887	252	3	0.14046	0.28994	0.41333	0.999995	428	2	0.14046
EPS15L1	8	0.079027	0.21687	0.912028	253	3	-0.54679	0.86675	0.86618	0.999995	879	0	-0.54679
NAA15	8	0.080358	0.21927	0.912028	254	3	-0.51388	0.69312	0.69403	0.999995	711	1	-0.51388
TAMM41	8	0.081053	0.22054	0.912028	255	3	-0.49928	0.80579	0.80588	0.999995	816	0	-0.49928
COQ10A	8	0.081079	0.22056	0.912028	256	4	-0.5513	0.95814	0.95733	0.999995	983	0	-0.5513
ALG14	8	0.081223	0.22082	0.912028	257	4	-0.5184	0.077842	0.16825	0.999995	175	3	-0.5184
SOHLH1	8	0.081424	0.22112	0.912028	258	3	0.40388	0.0093701	0.029857	0.875167	36	4	0.40388
TOB1	8	0.083642	0.22527	0.9242	259	4	-0.70461	0.97223	0.97144	0.999995	1000	0	-0.70461
TYMS	8	0.084184	0.2261	0.9242	260	4	-0.41648	0.78658	0.78647	0.999995	794	0	-0.41648
ARID4A	8	0.084593	0.22669	0.9242	261	4	-0.74107	0.52551	0.55823	0.999995	575	1	-0.74107
RBM22	8	0.085537	0.22851	0.928057	262	2	-0.28489	0.9475	0.94689	0.999995	968	0	-0.28489
MORF4L2	8	0.091047	0.23839	0.960829	263	3	-0.17687	0.60732	0.61836	0.999995	625	1	-0.17687
RBPJ	8	0.092402	0.24105	0.967841	264	4	-0.66992	0.97199	0.97123	0.999995	999	0	-0.66992
ELL	8	0.093429	0.24278	0.96879	265	4	-0.59225	0.17921	0.28831	0.999995	304	1	-0.59225
NXT1	8	0.093573	0.24311	0.96879	266	4	-0.5513	0.88711	0.88682	0.999995	903	0	-0.5513
GAPDH	8	0.095818	0.24668	0.976633	267	3	-0.53385	0.99271	0.99264	0.999995	1031	0	-0.53385
UTP14C	8	0.095899	0.24692	0.976633	268	4	-0.62047	0.92245	0.92186	0.999995	939	0	-0.62047
CTPS1	8	0.097518	0.24971	0.982764	269	4	-0.66525	0.31274	0.43747	0.999995	449	1	-0.66525
DENND5B	8	0.098428	0.2513	0.982764	270	3	-0.14581	0.40061	0.48263	0.999995	491	1	-0.14581
IAPP	8	0.098555	0.25148	0.982764	271	4	-0.61465	0.59524	0.60919	0.999995	617	1	-0.61465
PTPN21	8	0.099002	0.25218	0.982764	272	4	-0.26789	0.075146	0.1631	0.999995	170	2	-0.26789
NDUFC1	8	0.1011	0.25565	0.987129	273	4	-0.42532	0.56429	0.58538	0.999995	593	1	-0.42532
MACF1	8	0.10407	0.26082	0.998981	274	2	-0.052207	0.15576	0.26261	0.999995	276	2	-0.052207
KHSRP	8	0.10418	0.26105	0.998981	275	3	-0.53561	0.93928	0.93853	0.999995	958	0	-0.53561
PTTG1	7	0.10534	0.25592	0.987129	276	4	-0.68011	0.94158	0.94084	0.999995	960	0	-0.68011
CSTF2T	8	0.106	0.26402	0.999986	277	1	0.14303	0.02532	0.06792	0.989472	71	2	0.14303
STX17	8	0.10615	0.26418	0.999986	278	4	-0.66002	0.8982	0.89797	0.999995	917	0	-0.66002
TMEM120B	8	0.10652	0.26485	0.999986	279	4	-0.45759	0.083813	0.17912	0.999995	187	2	-0.45759
ABT1	8	0.10677	0.26534	0.999986	280	4	-0.64527	0.99502	0.99502	0.999995	1037	0	-0.64527
ARPC5L	8	0.10768	0.26697	0.999986	281	1	0.3032	0.058503	0.13129	0.989472	139	3	0.3032
PPP2R1B	8	0.1085	0.26818	0.999986	282	3	-0.1694	0.8677	0.86715	0.999995	881	0	-0.1694
ATR	8	0.10974	0.27042	0.999986	283	4	-0.58682	0.89092	0.89049	0.999995	907	0	-0.58682
DMD	8	0.11088	0.27258	0.999986	284	3	-0.082574	0.58587	0.60185	0.999995	608	1	-0.082574
VANGL1	8	0.11197	0.27446	0.999986	285	4	-0.4317	0.30506	0.42982	0.999995	443	2	-0.4317
SBF1	7	0.11313	0.27041	0.999986	286	4	-0.65803	0.92358	0.92268	0.999995	940	0	-0.65803
SERPINA12	16	0.11358	0.33572	0.999986	287	5	0.12894	0.053055	0.15832	0.992999	120	5	0.12894
TBK1	8	0.11411	0.27805	0.999986	288	3	0.24614	0.44935	0.51055	0.999995	516	1	0.24614
SMARCC1	8	0.11428	0.2783	0.999986	289	3	-0.44512	0.7223	0.72188	0.999995	738	0	-0.44512
ZDHHC17	8	0.11682	0.28241	0.999986	290	4	-0.65455	0.92831	0.92757	0.999995	944	0	-0.65455
RIC8B	8	0.11691	0.28256	0.999986	291	4	-0.64677	0.60236	0.61461	0.999995	622	1	-0.64677
FOXA1	8	0.11757	0.28368	0.999986	292	3	-0.33952	0.94165	0.9408	0.999995	962	0	-0.33952
HASPIN	8	0.11764	0.28382	0.999986	293	3	-0.29146	0.42457	0.4958	0.999995	503	1	-0.29146
RAD17	6	0.11848	0.25609	0.987129	294	2	0.081973	0.56377	0.56655	0.999995	592	1	0.081973
PPP2R1A	8	0.11945	0.28693	0.999986	295	4	-0.69593	0.73509	0.73448	0.999995	755	0	-0.69593
FRYL	8	0.11964	0.28725	0.999986	296	3	-0.26177	0.69806	0.69838	0.999995	713	1	-0.26177
CDK7	7	0.12065	0.28425	0.999986	297	4	-0.64589	0.68814	0.6872	0.999995	705	0	-0.64589
FUT5	8	0.12108	0.2897	0.999986	298	3	0.14159	0.72891	0.72835	0.999995	747	0	0.14159
CRKL	8	0.12213	0.29144	0.999986	299	4	-0.26854	0.043994	0.10343	0.989472	99	2	-0.26854
SBF2	7	0.12332	0.28902	0.999986	300	4	-0.63591	0.23429	0.34643	0.999995	367	1	-0.63591
CADPS2	8	0.12603	0.29757	0.999986	301	3	-0.15761	0.59735	0.6108	0.999995	619	1	-0.15761
PIP4P2	8	0.12823	0.30157	0.999986	302	3	-0.5501	0.99023	0.99008	0.999995	1024	0	-0.5501
UMPS	8	0.12839	0.3018	0.999986	303	4	-0.28717	0.077505	0.16767	0.999995	173	3	-0.28717
APH1A	8	0.1289	0.30255	0.999986	304	4	-0.41911	0.7437	0.74282	0.999995	765	0	-0.41911
KAT6A	8	0.13183	0.30728	0.999986	305	3	-0.26588	0.85805	0.85786	0.999995	869	0	-0.26588
CD44	8	0.1343	0.31137	0.999986	306	2	-0.018418	0.060266	0.13478	0.989472	146	1	-0.018418
TLN1	8	0.13676	0.31517	0.999986	307	2	-0.33502	0.18155	0.2911	0.999995	308	1	-0.33502
BARHL1	8	0.13778	0.3168	0.999986	308	4	-0.19459	0.1317	0.23562	0.999995	243	2	-0.19459
IPO7	7	0.13807	0.31303	0.999986	309	3	-0.43205	0.53255	0.54703	0.999995	578	1	-0.43205
FRS3	8	0.13839	0.31772	0.999986	310	4	-0.59137	0.20318	0.3152	0.999995	332	1	-0.59137
ICK	8	0.13857	0.31796	0.999986	311	4	-0.6168	0.43821	0.5041	0.999995	508	1	-0.6168
IMPDH2	8	0.14084	0.32145	0.999986	312	3	-0.13593	0.38191	0.47234	0.999995	482	1	-0.13593
SLC17A2	8	0.14217	0.32373	0.999986	313	4	-0.64658	0.41182	0.48871	0.999995	495	1	-0.64658
PMM2	8	0.1429	0.32486	0.999986	314	4	-0.5768	0.14948	0.25575	0.999995	262	2	-0.5768
ACTL7A	8	0.14516	0.32852	0.999986	315	4	-0.33491	0.015516	0.047193	0.985689	48	3	-0.33491
COPG1	8	0.14697	0.33161	0.999986	316	4	-0.37666	0.87254	0.87181	0.999995	890	0	-0.37666
CLASP1	8	0.15015	0.33679	0.999986	317	3	-0.31859	0.97083	0.97024	0.999995	996	0	-0.31859
MT2A	6	0.15176	0.30348	0.999986	318	1	-0.02764	0.10888	0.18301	0.999995	217	1	-0.02764
MED18	16	0.15245	0.40898	0.999986	319	6	-0.47664	0.64144	0.7623	0.999995	658	1	-0.47664
MRPL27	8	0.15313	0.34149	0.999986	320	3	-0.30813	0.87146	0.87075	0.999995	888	0	-0.30813
GDI2	16	0.15563	0.41486	0.999986	321	7	-0.38595	0.57756	0.71427	0.999995	601	1	-0.38595
NBEA	6	0.15574	0.30915	0.999986	322	3	-0.42088	0.82621	0.82778	0.999995	830	0	-0.42088
POLR2A	8	0.15742	0.34834	0.999986	323	3	-0.45925	0.73971	0.73896	0.999995	760	0	-0.45925
XPR1	8	0.15783	0.34886	0.999986	324	4	-0.62786	0.30194	0.42623	0.999995	441	1	-0.62786
RC3H1	8	0.1584	0.3498	0.999986	325	4	-0.645	0.67997	0.68132	0.999995	698	1	-0.645
ABCC3	8	0.15846	0.3499	0.999986	326	3	-0.22047	0.50425	0.5446	0.999995	560	1	-0.22047
CLCA1	8	0.15859	0.35008	0.999986	327	4	-0.52208	0.082087	0.17598	0.999995	182	2	-0.52208
EIF3J	7	0.15909	0.33857	0.999986	328	2	-0.57411	0.86673	0.86582	0.999995	878	0	-0.57411
RPRD1B	8	0.15936	0.35137	0.999986	329	4	-0.62944	0.87618	0.8754	0.999995	896	0	-0.62944
YAF2	8	0.1601	0.35254	0.999986	330	3	0.40359	0.015928	0.048351	0.985689	50	2	0.40359
RIMKLB	6	0.16025	0.31557	0.999986	331	2	-0.13105	0.080337	0.14582	0.989817	178	2	-0.13105
NOX3	8	0.1609	0.35376	0.999986	332	4	-0.53951	0.46625	0.52086	0.999995	527	1	-0.53951
KIF20A	16	0.16371	0.42836	0.999986	333	7	-0.42789	0.91494	0.9153	0.999995	929	0	-0.42789
PCGF1	8	0.16635	0.36189	0.999986	334	4	-0.50474	0.38981	0.47661	0.999995	483	1	-0.50474
ZNF418	8	0.16734	0.3634	0.999986	335	4	-0.39725	0.46301	0.51866	0.999995	525	1	-0.39725
MBP	8	0.16872	0.36542	0.999986	336	4	-0.48276	0.65511	0.65887	0.999995	671	1	-0.48276
RBPJL	8	0.1703	0.36783	0.999986	337	4	-0.55515	0.45595	0.51448	0.999995	521	1	-0.55515
ZG16	8	0.17055	0.36822	0.999986	338	3	0.31245	0.41416	0.48979	0.999995	496	1	0.31245
RNF38	8	0.17223	0.37076	0.999986	339	3	-0.38068	0.95649	0.95553	0.999995	979	0	-0.38068
SLITRK1	8	0.17292	0.37167	0.999986	340	3	0.077827	0.081597	0.17503	0.999995	181	2	0.077827
EIF3L	8	0.1731	0.37193	0.999986	341	4	-0.59417	0.85652	0.85636	0.999995	867	0	-0.59417
ATP6V1C2	16	0.17337	0.44557	0.999986	342	5	-0.2448	0.98237	0.98324	0.999995	1014	0	-0.2448
ENOX2	8	0.1739	0.37306	0.999986	343	4	-0.41048	0.0077032	0.025234	0.829133	32	2	-0.41048
TSPO2	8	0.1747	0.37433	0.999986	344	4	-0.55476	0.86287	0.86229	0.999995	875	0	-0.55476
RBBP7	8	0.17834	0.3801	0.999986	345	4	-0.13824	0.29031	0.41374	0.999995	430	2	-0.13824
FOXK2	8	0.17895	0.38113	0.999986	346	4	-0.60392	0.50877	0.54759	0.999995	563	1	-0.60392
NHLRC1	8	0.1801	0.38302	0.999986	347	2	0.11029	0.29142	0.41497	0.999995	431	2	0.11029
TBPL2	8	0.18037	0.38347	0.999986	348	4	-0.5892	0.2951	0.41903	0.999995	432	2	-0.5892
TOB2	8	0.1815	0.38521	0.999986	349	3	-0.45898	0.37392	0.46813	0.999995	478	1	-0.45898
CAND1	8	0.18324	0.38782	0.999986	350	4	-0.5761	0.54503	0.57187	0.999995	583	1	-0.5761
ADGRG7	8	0.18492	0.39065	0.999986	351	2	-0.16912	0.70033	0.70078	0.999995	715	1	-0.16912
DGAT2L6	8	0.18613	0.39262	0.999986	352	4	-0.62942	0.14896	0.25508	0.999995	261	1	-0.62942
EPHA3	8	0.18819	0.39568	0.999986	353	3	-0.28373	0.62306	0.63133	0.999995	636	1	-0.28373
ULK2	8	0.18839	0.39605	0.999986	354	2	0.40187	0.39523	0.47959	0.999995	486	1	0.40187
GXYLT1	8	0.19011	0.39868	0.999986	355	2	-0.26121	0.88821	0.88804	0.999995	904	0	-0.26121
MED23	8	0.19051	0.39932	0.999986	356	4	-0.39083	0.8467	0.84642	0.999995	856	0	-0.39083
SLC25A15	8	0.19156	0.40083	0.999986	357	4	-0.51392	0.046618	0.10859	0.989472	103	2	-0.51392
IL10RA	8	0.19186	0.40131	0.999986	358	2	0.090966	0.14166	0.24681	0.999995	257	1	0.090966
LMBR1	8	0.19535	0.40672	0.999986	359	4	-0.23128	0.10768	0.20915	0.999995	214	1	-0.23128
TNKS2	8	0.19551	0.40694	0.999986	360	1	0.18102	0.18077	0.29019	0.999995	307	1	0.18102
CCT6B	8	0.19599	0.40756	0.999986	361	4	-0.23642	0.39942	0.48186	0.999995	490	1	-0.23642
SIN3B	8	0.19641	0.40837	0.999986	362	4	-0.3889	0.73157	0.73101	0.999995	749	0	-0.3889
MPC1	8	0.19833	0.41118	0.999986	363	4	-0.37571	0.65621	0.65981	0.999995	672	1	-0.37571
RHOT2	8	0.19876	0.41189	0.999986	364	4	-0.58913	0.78416	0.78419	0.999995	792	0	-0.58913
AKIRIN1	8	0.19877	0.4119	0.999986	365	3	-0.4085	0.60773	0.61875	0.999995	626	1	-0.4085
NR5A1	8	0.19955	0.41301	0.999986	366	3	-0.022914	0.91755	0.91678	0.999995	932	0	-0.022914
CYP2C8	8	0.20012	0.41377	0.999986	367	3	-0.0821	0.78779	0.78758	0.999995	796	0	-0.0821
NKAPL	8	0.20025	0.41401	0.999986	368	4	-0.5948	0.30395	0.4286	0.999995	442	2	-0.5948
TMEM120A	8	0.20088	0.41506	0.999986	369	2	-0.05598	0.057618	0.12967	0.989472	134	1	-0.05598
UAP1	8	0.2009	0.41508	0.999986	370	4	-0.59126	0.040691	0.097044	0.989472	93	1	-0.59126
SOX9	8	0.20111	0.41535	0.999986	371	4	-0.24306	0.7923	0.79214	0.999995	804	0	-0.24306
CCND3	8	0.20165	0.41618	0.999986	372	2	0.30599	0.16344	0.27091	0.999995	285	2	0.30599
NMT1	8	0.20645	0.42174	0.999986	373	3	-0.37318	0.27778	0.3992	0.999995	418	1	-0.37318
TRIM25	8	0.20774	0.42309	0.999986	374	3	0.072862	0.33846	0.45035	0.999995	462	1	0.072862
ALAS2	8	0.20926	0.42468	0.999986	375	2	0.20322	0.058212	0.13073	0.989472	137	3	0.20322
ARPC5	8	0.21111	0.42636	0.999986	376	3	-0.43584	0.17292	0.2814	0.999995	294	1	-0.43584
BZW2	8	0.21397	0.42913	0.999986	377	3	-0.47915	0.85989	0.85944	0.999995	872	0	-0.47915
TSTD1	8	0.21455	0.42968	0.999986	378	2	-0.035734	0.84725	0.84694	0.999995	857	0	-0.035734
ATAD2	8	0.21724	0.43244	0.999986	379	2	-0.33059	0.57936	0.59665	0.999995	603	1	-0.33059
FKBP10	8	0.21907	0.43443	0.999986	380	3	-0.23758	0.95595	0.95509	0.999995	978	0	-0.23758
MTX1	6	0.22137	0.39917	0.999986	381	3	-0.20708	0.77303	0.77378	0.999995	785	0	-0.20708
COX6B2	8	0.22331	0.43839	0.999986	382	2	-0.056508	0.1932	0.30427	0.999995	316	2	-0.056508
RANBP9	8	0.2251	0.44017	0.999986	383	2	-0.31007	0.56744	0.58789	0.999995	594	1	-0.31007
PRG3	8	0.22802	0.443	0.999986	384	1	0.46072	0.1753	0.28385	0.999995	298	2	0.46072
GDF15	8	0.23087	0.44593	0.999986	385	3	-0.41962	0.97112	0.97054	0.999995	997	0	-0.41962
RING1	8	0.23221	0.44716	0.999986	386	3	-0.3348	0.16261	0.27019	0.999995	283	1	-0.3348
TOMM40L	8	0.23382	0.44899	0.999986	387	3	-0.44777	0.78826	0.78814	0.999995	798	0	-0.44777
IDH2	8	0.23462	0.44994	0.999986	388	3	-0.0044465	0.45156	0.51177	0.999995	517	1	-0.0044465
HEATR5A	8	0.23517	0.45053	0.999986	389	3	-0.017059	0.27848	0.39999	0.999995	419	2	-0.017059
CELA2A	8	0.23732	0.45265	0.999986	390	3	-0.10778	0.81213	0.8122	0.999995	824	0	-0.10778
KCNT2	8	0.23842	0.45355	0.999986	391	3	-0.0055671	0.71648	0.71632	0.999995	731	0	-0.0055671
CYFIP1	8	0.24023	0.45541	0.999986	392	2	0.17733	0.4438	0.50729	0.999995	513	1	0.17733
RPA1	8	0.24128	0.45653	0.999986	393	3	0.052261	0.75965	0.75956	0.999995	774	0	0.052261
SNX6	8	0.24272	0.45803	0.999986	394	3	-0.15067	0.55795	0.58092	0.999995	589	1	-0.15067
KIF4A	8	0.24347	0.45876	0.999986	395	2	0.013955	0.2679	0.38819	0.999995	406	2	0.013955
CDNF	8	0.2442	0.45943	0.999986	396	2	-0.089263	0.12108	0.22429	0.999995	230	1	-0.089263
PTPN6	8	0.24639	0.46158	0.999986	397	1	0.29347	0.09069	0.19066	0.999995	198	2	0.29347
CAT	8	0.25173	0.46687	0.999986	398	3	0.11586	0.081597	0.17503	0.999995	180	3	0.11586
AHCYL2	8	0.25475	0.46971	0.999986	399	3	-0.43241	0.91849	0.91788	0.999995	935	0	-0.43241
USP13	8	0.25502	0.47004	0.999986	400	3	-0.14992	0.69113	0.69196	0.999995	709	1	-0.14992
POU5F2	8	0.25557	0.47065	0.999986	401	3	0.13602	0.61222	0.62264	0.999995	631	1	0.13602
CHMP1B	8	0.25722	0.47254	0.999986	402	2	-0.053799	0.74086	0.74006	0.999995	761	0	-0.053799
CRY1	8	0.25944	0.47467	0.999986	403	3	-0.34631	0.91304	0.91255	0.999995	928	0	-0.34631
KRT74	8	0.26152	0.47663	0.999986	404	2	0.021502	0.072539	0.1581	0.992999	168	3	0.021502
ZNF804B	8	0.26248	0.47774	0.999986	405	3	-0.11087	0.048742	0.11256	0.989472	108	2	-0.11087
FEZ1	8	0.26276	0.47806	0.999986	406	3	-0.027618	0.41649	0.49103	0.999995	499	1	-0.027618
XPO7	8	0.26331	0.47863	0.999986	407	3	0.019492	0.90493	0.9043	0.999995	922	0	0.019492
MCPH1	8	0.26437	0.47971	0.999986	408	3	-0.39569	0.49969	0.54187	0.999995	554	1	-0.39569
NAA16	8	0.26498	0.48032	0.999986	409	2	-0.44876	0.53986	0.5681	0.999995	579	1	-0.44876
CCNT2	8	0.26498	0.48032	0.999986	410	3	-0.45232	0.93447	0.93373	0.999995	953	0	-0.45232
CADPS	8	0.26804	0.48313	0.999986	411	3	-0.50083	0.14572	0.25133	0.999995	259	1	-0.50083
UCHL5	8	0.26863	0.48369	0.999986	412	2	0.035744	0.6371	0.64333	0.999995	654	1	0.035744
ESRP2	8	0.26934	0.48438	0.999986	413	2	0.27171	0.038358	0.092514	0.989472	89	3	0.27171
SEPHS1	7	0.26936	0.46841	0.999986	414	2	-0.052072	0.72458	0.72281	0.999995	744	0	-0.052072
SS18	8	0.27167	0.48674	0.999986	415	3	-0.38464	0.054076	0.12309	0.989472	125	2	-0.38464
IRF4	8	0.27307	0.48804	0.999986	416	3	-0.52556	0.3526	0.45733	0.999995	466	1	-0.52556
AP3M1	8	0.27428	0.48926	0.999986	417	1	0.20165	0.23698	0.35354	0.999995	370	2	0.20165
STT3B	8	0.28198	0.49643	0.999986	418	2	-0.40459	0.61748	0.62682	0.999995	635	1	-0.40459
PRKAB1	8	0.28369	0.49821	0.999986	419	3	0.45253	0.13329	0.23749	0.999995	246	2	0.45253
PRKAB2	8	0.28479	0.49927	0.999986	420	2	0.26401	0.1985	0.31001	0.999995	324	2	0.26401
LDB2	8	0.28626	0.50079	0.999986	421	2	-0.19115	0.9041	0.90349	0.999995	921	0	-0.19115
CYP2A6	8	0.28859	0.50309	0.999986	422	3	-0.17876	0.48581	0.53292	0.999995	545	1	-0.17876
RANBP10	8	0.29399	0.50841	0.999986	423	2	0.48502	0.029706	0.076018	0.989472	76	3	0.48502
SLC11A1	8	0.29741	0.51189	0.999986	424	3	-0.30456	0.12352	0.2269	0.999995	234	2	-0.30456
RECK	8	0.29805	0.51239	0.999986	425	2	0.20076	0.61587	0.62565	0.999995	634	1	0.20076
LBX1	8	0.30171	0.51589	0.999986	426	3	-0.082741	0.052301	0.11942	0.989472	119	2	-0.082741
TMEM185B	8	0.30314	0.51719	0.999986	427	3	-0.2	0.40417	0.48428	0.999995	492	1	-0.2
ARFIP2	8	0.3033	0.51731	0.999986	428	2	0.51269	0.046958	0.10916	0.989472	105	2	0.51269
UNC45A	8	0.30358	0.51756	0.999986	429	2	0.027071	0.31005	0.43577	0.999995	447	1	0.027071
H1FOO	8	0.304	0.51791	0.999986	430	3	0.01563	0.053671	0.12238	0.989472	123	2	0.01563
ATP7B	8	0.30515	0.519	0.999986	431	3	-0.2572	0.26508	0.38495	0.999995	403	1	-0.2572
SAMD4B	8	0.30764	0.52139	0.999986	432	3	-0.57446	0.83745	0.83711	0.999995	841	0	-0.57446
HNRNPF	8	0.30803	0.52174	0.999986	433	3	0.10274	0.27708	0.39838	0.999995	416	1	0.10274
NRBP1	8	0.3114	0.52502	0.999986	434	3	-0.094213	0.50071	0.54251	0.999995	556	1	-0.094213
TTC23	8	0.31207	0.52569	0.999986	435	3	-0.22825	0.89422	0.89407	0.999995	913	0	-0.22825
PLCG1	8	0.31321	0.52697	0.999986	436	3	-0.17158	0.032385	0.081193	0.989472	80	2	-0.17158
CCNE2	8	0.3135	0.52725	0.999986	437	3	0.14898	0.17685	0.28559	0.999995	301	2	0.14898
CHUK	16	0.31405	0.62116	0.999986	438	3	0.25568	0.051685	0.15474	0.992999	117	3	0.25568
FKBP5	8	0.31494	0.52877	0.999986	439	3	-0.081253	0.36522	0.46368	0.999995	473	1	-0.081253
NKAP	8	0.31539	0.52925	0.999986	440	2	-0.29079	0.50976	0.54832	0.999995	564	1	-0.29079
STAM2	8	0.31687	0.53074	0.999986	441	3	-0.16231	0.67721	0.6788	0.999995	694	1	-0.16231
BRD8	8	0.31742	0.53134	0.999986	442	3	0.11614	0.20201	0.31399	0.999995	330	2	0.11614
ASF1A	8	0.31761	0.53146	0.999986	443	2	-0.43184	0.83934	0.83911	0.999995	845	0	-0.43184
TOP2B	8	0.32015	0.53385	0.999986	444	3	0.031338	0.62897	0.63616	0.999995	645	1	0.031338
TNPO2	8	0.32141	0.53513	0.999986	445	1	0.24345	0.69013	0.69103	0.999995	708	1	0.24345
ZNF260	8	0.32247	0.53613	0.999986	446	3	-0.39152	0.1538	0.26062	0.999995	271	1	-0.39152
TXNDC8	8	0.32741	0.54088	0.999986	447	3	0.043312	0.79788	0.79766	0.999995	809	0	0.043312
CASP4	8	0.3277	0.54118	0.999986	448	3	0.21296	0.076891	0.16642	0.999995	172	1	0.21296
NR5A2	8	0.32858	0.54193	0.999986	449	3	-0.1291	0.36208	0.46185	0.999995	470	1	-0.1291
HTR3E	8	0.32945	0.54287	0.999986	450	3	-0.36963	0.58154	0.59861	0.999995	605	1	-0.36963
COX4I2	8	0.33032	0.54374	0.999986	451	3	0.030955	0.4543	0.51355	0.999995	519	1	0.030955
ERN2	8	0.3309	0.54428	0.999986	452	3	-0.34089	0.6274	0.6348	0.999995	643	1	-0.34089
SPDEF	8	0.33129	0.54471	0.999986	453	2	-0.088142	0.18631	0.29663	0.999995	311	2	-0.088142
HRH1	8	0.33195	0.54545	0.999986	454	1	0.051089	0.054845	0.12445	0.989472	128	2	0.051089
TPBG	8	0.3326	0.54606	0.999986	455	1	0.51532	0.035299	0.086741	0.989472	83	3	0.51532
XYLT1	8	0.33265	0.54611	0.999986	456	3	-0.29784	0.99784	0.99785	0.999995	1045	0	-0.29784
CTSZ	8	0.33295	0.54643	0.999986	457	3	-0.16521	0.67233	0.67438	0.999995	688	1	-0.16521
CD72	8	0.33391	0.54724	0.999986	458	2	0.13077	0.051412	0.1178	0.989472	116	1	0.13077
SS18L1	8	0.33496	0.5484	0.999986	459	2	0.18154	0.28405	0.40622	0.999995	424	2	0.18154
DDX17	8	0.33528	0.54878	0.999986	460	3	-0.17999	0.10854	0.20995	0.999995	216	2	-0.17999
ARHGEF7	8	0.3357	0.54927	0.999986	461	3	-0.057619	0.63247	0.63918	0.999995	649	1	-0.057619
XYLT2	8	0.33616	0.54973	0.999986	462	3	0.016179	0.84992	0.84976	0.999995	861	0	0.016179
BUB1B	8	0.33828	0.55177	0.999986	463	3	-0.045905	0.062029	0.13838	0.989472	150	1	-0.045905
KCNG4	8	0.33937	0.55296	0.999986	464	3	0.040364	0.66525	0.66785	0.999995	680	1	0.040364
TPST2	8	0.34054	0.55398	0.999986	465	3	-0.11165	0.70098	0.70148	0.999995	717	0	-0.11165
CHSY1	8	0.3417	0.55515	0.999986	466	2	0.52157	0.071669	0.15654	0.992999	165	2	0.52157
IMPDH1	8	0.34288	0.55615	0.999986	467	3	-0.36666	0.041588	0.098828	0.989472	94	1	-0.36666
SLC35F4	8	0.34299	0.55624	0.999986	468	2	-0.085262	0.80778	0.80783	0.999995	819	0	-0.085262
VRTN	8	0.34381	0.55707	0.999986	469	2	0.10747	0.19745	0.30901	0.999995	323	2	0.10747
ATP7A	8	0.34435	0.55752	0.999986	470	3	-0.23884	0.86818	0.86762	0.999995	882	0	-0.23884
KIAA0319L	8	0.34581	0.55895	0.999986	471	3	0.21386	0.70676	0.70719	0.999995	720	0	0.21386
CABP5	8	0.34621	0.55925	0.999986	472	1	-0.36139	0.51818	0.5537	0.999995	572	1	-0.36139
TAP1	8	0.34749	0.56067	0.999986	473	1	-0.030401	0.73363	0.73306	0.999995	753	0	-0.030401
DRD3	8	0.34941	0.56262	0.999986	474	2	0.45401	0.10319	0.20413	0.999995	207	2	0.45401
DGAT1	8	0.3508	0.56424	0.999986	475	3	-0.040237	0.44825	0.51001	0.999995	515	1	-0.040237
NCKAP1L	8	0.35198	0.56541	0.999986	476	3	-0.065349	0.88132	0.88073	0.999995	899	0	-0.065349
WASL	8	0.35286	0.56624	0.999986	477	3	-0.061453	0.67547	0.67734	0.999995	692	1	-0.061453
PRSS37	8	0.35374	0.56708	0.999986	478	3	-0.073797	0.17872	0.28769	0.999995	303	2	-0.073797
UTRN	8	0.35376	0.56712	0.999986	479	3	-0.33068	0.48893	0.53489	0.999995	548	1	-0.33068
SPOPL	8	0.35514	0.56839	0.999986	480	1	0.14448	0.061593	0.13749	0.989472	149	2	0.14448
TIMM23	6	0.35546	0.52738	0.999986	481	1	0.0048968	0.39692	0.42831	0.999995	488	1	0.0048968
RPL21	3	0.35711	0.41992	0.999986	482	1	-0.37717	0.84428	0.8447	0.999995	853	0	-0.37717
PUM1	8	0.35727	0.57056	0.999986	483	3	-0.25131	0.96699	0.96636	0.999995	992	0	-0.25131
GALR3	8	0.3602	0.57353	0.999986	484	1	-0.20301	0.36958	0.4658	0.999995	476	1	-0.20301
RRM2B	16	0.36049	0.67114	0.999986	485	4	-0.14182	0.55196	0.69665	0.999995	586	2	-0.14182
RNF130	8	0.36146	0.5748	0.999986	486	2	-0.24308	0.75992	0.75988	0.999995	775	0	-0.24308
PCBD1	8	0.36208	0.57536	0.999986	487	2	-0.04825	0.056733	0.12819	0.989472	131	1	-0.04825
SHMT1	7	0.36296	0.57581	0.999986	488	3	0.069741	0.72404	0.7223	0.999995	741	0	0.069741
CRY2	8	0.36369	0.57723	0.999986	489	2	-0.10152	0.23121	0.34672	0.999995	364	2	-0.10152
PAF1	8	0.36818	0.58183	0.999986	490	3	-0.14374	0.85939	0.85894	0.999995	871	0	-0.14374
COPG2	8	0.37143	0.58526	0.999986	491	3	-0.28949	0.13512	0.23957	0.999995	249	1	-0.28949
PGLS	8	0.37145	0.58527	0.999986	492	2	0.24476	0.3234	0.44295	0.999995	454	1	0.24476
TNKS	8	0.37173	0.58555	0.999986	493	3	0.21344	0.028515	0.073776	0.989472	75	3	0.21344
ZDHHC13	8	0.37176	0.58558	0.999986	494	2	0.139	0.12523	0.22871	0.999995	237	2	0.139
GRM4	8	0.3735	0.58719	0.999986	495	3	-0.24255	0.077759	0.16806	0.999995	174	1	-0.24255
EZH2	8	0.37396	0.58766	0.999986	496	2	0.17255	0.74313	0.74225	0.999995	764	0	0.17255
ZNF521	8	0.37439	0.58805	0.999986	497	3	-0.3156	0.67198	0.67404	0.999995	687	1	-0.3156
SMARCA4	8	0.37454	0.58824	0.999986	498	2	-0.43582	0.60814	0.61902	0.999995	627	1	-0.43582
OSBPL6	8	0.37527	0.58891	0.999986	499	3	-0.53149	0.92432	0.92377	0.999995	941	0	-0.53149
KRTAP10-10	8	0.37705	0.59049	0.999986	500	3	-0.53622	0.16884	0.27686	0.999995	289	2	-0.53622
S100A6	8	0.37909	0.59261	0.999986	501	2	-0.049225	0.043381	0.10219	0.989472	98	2	-0.049225
SEC23B	8	0.3809	0.59437	0.999986	502	3	-0.31304	0.22582	0.34068	0.999995	356	2	-0.31304
ANKRD10	8	0.38253	0.59602	0.999986	503	1	-0.040265	0.63787	0.64401	0.999995	655	1	-0.040265
AP1G2	8	0.38267	0.59618	0.999986	504	3	-0.24372	0.83166	0.8315	0.999995	838	0	-0.24372
CDK5R2	8	0.38711	0.6006	0.999986	505	3	-0.50794	0.15245	0.25899	0.999995	268	2	-0.50794
SPTAN1	8	0.388	0.60151	0.999986	506	3	-0.17794	0.013421	0.041551	0.985689	43	1	-0.17794
NLRP8	8	0.39004	0.6035	0.999986	507	2	0.010708	0.2047	0.31693	0.999995	335	1	0.010708
GDI1	8	0.39042	0.60396	0.999986	508	2	0.049145	0.29805	0.42222	0.999995	434	2	0.049145
TPRX1	8	0.39186	0.60556	0.999986	509	3	0.088286	0.1229	0.22624	0.999995	233	2	0.088286
STRADA	8	0.39223	0.60596	0.999986	510	2	-0.33197	0.023498	0.064044	0.989472	66	3	-0.33197
MTUS1	8	0.39423	0.60797	0.999986	511	3	-0.085552	0.6317	0.6385	0.999995	648	1	-0.085552
IPO5	8	0.39478	0.60853	0.999986	512	2	-0.24998	0.25579	0.3745	0.999995	391	1	-0.24998
DUOX2	8	0.39541	0.60923	0.999986	513	3	-0.362	0.56788	0.58823	0.999995	595	1	-0.362
SEC31A	8	0.39805	0.61194	0.999986	514	2	0.056648	0.087257	0.18541	0.999995	194	2	0.056648
ITSN1	8	0.39822	0.61215	0.999986	515	1	-0.10135	0.23172	0.34725	0.999995	365	1	-0.10135
TUBB4B	16	0.39865	0.70085	0.999986	516	4	-0.038657	0.9984	0.99858	0.999995	1046	0	-0.038657
GPSM1	8	0.39927	0.61311	0.999986	517	3	-0.37248	0.89448	0.89429	0.999995	914	0	-0.37248
SCN10A	8	0.40239	0.61601	0.999986	518	1	0.12691	0.18311	0.29277	0.999995	309	1	0.12691
HUS1B	8	0.40241	0.61605	0.999986	519	2	-0.12321	0.32406	0.4432	0.999995	455	1	-0.12321
PTCH1	8	0.40476	0.61831	0.999986	520	1	-0.064711	0.76125	0.76103	0.999995	776	0	-0.064711
CTCFL	8	0.40521	0.61873	0.999986	521	3	0.23827	0.22977	0.34519	0.999995	362	2	0.23827
VANGL2	8	0.40676	0.62031	0.999986	522	2	-0.15705	0.59058	0.60557	0.999995	613	1	-0.15705
CLTCL1	8	0.40712	0.62066	0.999986	523	2	0.4512	0.73712	0.73657	0.999995	758	0	0.4512
CCNL2	8	0.40847	0.62197	0.999986	524	3	-0.48263	0.76311	0.76293	0.999995	778	0	-0.48263
NAPB	8	0.41074	0.62435	0.999986	525	2	-0.031271	0.73245	0.73194	0.999995	750	0	-0.031271
RPL3L	8	0.41173	0.62533	0.999986	526	3	-0.30177	0.93524	0.93452	0.999995	954	0	-0.30177
SUV39H1	8	0.41254	0.62593	0.999986	527	2	-0.029335	0.9054	0.90468	0.999995	923	0	-0.029335
RCBTB1	8	0.41299	0.62632	0.999986	528	1	0.47334	0.0027353	0.010111	0.590151	17	4	0.47334
GOLT1A	8	0.41322	0.62642	0.999986	529	3	0.53086	0.083158	0.17782	0.999995	185	3	0.53086
GABPB1	8	0.41416	0.62725	0.999986	530	2	0.30048	0.026685	0.070358	0.989472	72	3	0.30048
CYP7A1	8	0.41579	0.62883	0.999986	531	2	0.01661	0.5741	0.59262	0.999995	599	1	0.01661
RPL37A	5	0.41583	0.56287	0.999986	532	2	-0.17619	0.78914	0.79037	0.999995	800	0	-0.17619
SMC1B	8	0.41823	0.63128	0.999986	533	1	0.48684	0.30727	0.4325	0.999995	444	2	0.48684
MTHFD1	8	0.41975	0.63286	0.999986	534	3	-0.48431	0.9851	0.98503	0.999995	1017	0	-0.48431
COQ10B	8	0.41996	0.633	0.999986	535	2	-0.22043	0.94541	0.94463	0.999995	965	0	-0.22043
CAND2	8	0.42093	0.63376	0.999986	536	3	-0.23714	0.88089	0.88018	0.999995	898	0	-0.23714
GRIP2	8	0.42182	0.63473	0.999986	537	3	-0.16979	0.8293	0.82911	0.999995	835	0	-0.16979
L3MBTL2	8	0.42242	0.63529	0.999986	538	3	-0.1357	0.60855	0.61935	0.999995	628	1	-0.1357
PSEN2	8	0.42443	0.63739	0.999986	539	3	-0.052097	0.47743	0.52752	0.999995	533	1	-0.052097
FAM126A	8	0.42538	0.63848	0.999986	540	3	-0.11614	0.26152	0.38102	0.999995	399	1	-0.11614
ISCA2	8	0.42586	0.63893	0.999986	541	2	-0.32943	0.83361	0.8334	0.999995	839	0	-0.32943
GBP3	8	0.42629	0.63942	0.999986	542	1	0.28649	0.50475	0.54486	0.999995	561	1	0.28649
DYNLT3	6	0.42654	0.58573	0.999986	543	1	0.37033	0.059014	0.11785	0.989472	140	2	0.37033
CHSY3	8	0.42694	0.63997	0.999986	544	2	-0.13416	0.15219	0.25868	0.999995	267	1	-0.13416
CLTA	8	0.43029	0.64368	0.999986	545	2	0.095641	0.17462	0.28318	0.999995	297	2	0.095641
IDH3G	8	0.43161	0.645	0.999986	546	3	0.031347	0.27568	0.39689	0.999995	414	1	0.031347
PFN1	7	0.4329	0.62024	0.999986	547	2	-0.33875	0.76589	0.76472	0.999995	779	0	-0.33875
UTP14A	8	0.43458	0.64785	0.999986	548	3	-0.15438	0.33521	0.44867	0.999995	461	1	-0.15438
RBMXL2	8	0.43821	0.65136	0.999986	549	1	0.14572	0.48111	0.52995	0.999995	541	1	0.14572
CDS1	8	0.44021	0.6533	0.999986	550	3	0.057521	0.20978	0.32304	0.999995	342	2	0.057521
CDC34	8	0.44109	0.65403	0.999986	551	3	-0.49617	0.96746	0.96684	0.999995	993	0	-0.49617
SUV39H2	7	0.44118	0.6257	0.999986	552	2	0.11527	0.78838	0.78694	0.999995	799	0	0.11527
NDEL1	8	0.44524	0.65813	0.999986	553	3	-0.53316	0.73885	0.73818	0.999995	759	0	-0.53316
DMP1	8	0.44849	0.66114	0.999986	554	3	-0.22868	0.20241	0.31447	0.999995	331	1	-0.22868
PUM2	8	0.4499	0.66236	0.999986	555	2	-0.28085	0.76652	0.7663	0.999995	780	0	-0.28085
FLOT2	8	0.45156	0.66377	0.999986	556	2	0.19372	0.64621	0.65088	0.999995	665	1	0.19372
LONP1	8	0.45263	0.66486	0.999986	557	3	-0.20253	0.071471	0.15612	0.992999	163	2	-0.20253
FOSL1	6	0.45457	0.60954	0.999986	558	2	0.12833	0.096117	0.16624	0.999995	203	1	0.12833
GMPR	8	0.45499	0.6673	0.999986	559	3	-0.11552	0.11949	0.22233	0.999995	229	2	-0.11552
TNR	8	0.45529	0.6676	0.999986	560	3	-0.46728	0.86991	0.86933	0.999995	885	0	-0.46728
GYS1	8	0.45595	0.66819	0.999986	561	1	-0.221	0.20801	0.32106	0.999995	340	2	-0.221
ATP8B3	8	0.4575	0.6697	0.999986	562	2	0.10439	0.84251	0.84204	0.999995	850	0	0.10439
SLC25A25	8	0.45813	0.67036	0.999986	563	2	-0.10381	0.057922	0.13017	0.989472	136	3	-0.10381
STRIP1	8	0.45997	0.6721	0.999986	564	2	0.62234	0.014936	0.045643	0.985689	46	4	0.62234
SLC9A3R2	8	0.46067	0.67273	0.999986	565	2	0.2921	0.080781	0.17352	0.999995	179	2	0.2921
SUSD1	8	0.46139	0.6732	0.999986	566	2	0.37117	0.48059	0.52968	0.999995	540	1	0.37117
GOLPH3	8	0.46409	0.67455	0.999986	567	2	-0.31716	0.12854	0.23228	0.999995	240	1	-0.31716
RNF103	8	0.46942	0.67728	0.999986	568	2	-0.39168	0.51126	0.54931	0.999995	566	1	-0.39168
MDM4	8	0.46946	0.6773	0.999986	569	1	-0.21057	0.78147	0.78152	0.999995	790	0	-0.21057
GOLPH3L	8	0.46977	0.67744	0.999986	570	2	0.0038888	0.67478	0.67672	0.999995	690	1	0.0038888
UQCRC1	8	0.47012	0.67759	0.999986	571	2	-0.18435	0.71275	0.71265	0.999995	729	0	-0.18435
SPHKAP	8	0.47117	0.67814	0.999986	572	2	0.26616	0.041854	0.099267	0.989472	95	2	0.26616
AP2A1	8	0.47152	0.67834	0.999986	573	2	-0.084635	0.2138	0.32745	0.999995	346	1	-0.084635
INTS6L	8	0.4743	0.67975	0.999986	574	2	0.17217	0.071211	0.15547	0.992999	162	2	0.17217
LOR	8	0.47951	0.68224	0.999986	575	2	-0.29821	0.65985	0.66293	0.999995	676	1	-0.29821
FNIP2	8	0.4802	0.68259	0.999986	576	2	0.22888	0.722	0.72148	0.999995	737	0	0.22888
BTBD11	8	0.48164	0.68344	0.999986	577	2	0.30988	0.78221	0.78227	0.999995	791	0	0.30988
GSX1	8	0.48685	0.6864	0.999986	578	2	-0.062486	0.77169	0.77141	0.999995	784	0	-0.062486
YIF1B	8	0.48918	0.6877	0.999986	579	2	0.3128	0.43143	0.50008	0.999995	506	1	0.3128
RXFP3	8	0.48986	0.68817	0.999986	580	2	0.0031214	0.19395	0.30506	0.999995	318	2	0.0031214
NR2E1	8	0.49021	0.68834	0.999986	581	2	0.012141	0.17291	0.2814	0.999995	293	2	0.012141
CAP2	8	0.49055	0.68846	0.999986	582	2	-0.29969	0.57542	0.59356	0.999995	600	1	-0.29969
ALAS1	16	0.4914	0.77054	0.999986	583	3	0.05429	0.80859	0.84054	0.999995	821	1	0.05429
CREBBP	8	0.49295	0.6898	0.999986	584	2	0.3558	0.053189	0.12123	0.989472	121	2	0.3558
RHOBTB2	8	0.4951	0.69109	0.999986	585	2	-0.18801	0.20623	0.31886	0.999995	336	1	-0.18801
NCKAP1	8	0.49664	0.6919	0.999986	586	1	-0.025652	0.14003	0.24513	0.999995	256	1	-0.025652
G3BP1	7	0.49841	0.66442	0.999986	587	2	-0.33675	0.85642	0.85509	0.999995	866	0	-0.33675
TMEM9	8	0.50047	0.69443	0.999986	588	2	-0.29191	0.51424	0.55116	0.999995	567	1	-0.29191
TMEM9B	8	0.50726	0.69796	0.999986	589	1	0.27768	0.01411	0.043466	0.985689	44	3	0.27768
AMELX	8	0.50827	0.69854	0.999986	590	1	0.23272	0.0021973	0.0087288	0.57828	16	2	0.23272
IQCA1	8	0.50895	0.69883	0.999986	591	2	0.87871	0.0019365	0.007804	0.560066	14	5	0.87871
IDH3B	8	0.50963	0.69919	0.999986	592	2	0.23252	0.15543	0.26229	0.999995	275	2	0.23252
RNF2	7	0.51223	0.67398	0.999986	593	1	-0.12425	0.77055	0.7692	0.999995	782	0	-0.12425
MECP2	8	0.51225	0.7006	0.999986	594	2	0.23947	0.75316	0.75283	0.999995	770	0	0.23947
EFR3B	8	0.51502	0.70228	0.999986	595	2	-0.24682	0.66417	0.66685	0.999995	679	1	-0.24682
MYCN	8	0.51737	0.70353	0.999986	596	2	0.12082	0.46517	0.52008	0.999995	526	1	0.12082
JAG1	8	0.51818	0.70404	0.999986	597	1	0.30218	0.13594	0.24039	0.999995	250	1	0.30218
LATS1	8	0.52172	0.70592	0.999986	598	2	-0.051455	0.591	0.60598	0.999995	614	1	-0.051455
GIT1	8	0.5221	0.7062	0.999986	599	2	0.063435	0.023951	0.064912	0.989472	68	3	0.063435
ZNF34	8	0.52339	0.70704	0.999986	600	2	-0.027578	0.84176	0.84144	0.999995	849	0	-0.027578
STX7	8	0.52454	0.7077	0.999986	601	1	0.09217	0.002914	0.010578	0.590151	19	2	0.09217
KLF4	8	0.52599	0.70846	0.999986	602	2	0.44438	0.02103	0.058673	0.989472	60	3	0.44438
SEC31B	8	0.52705	0.70907	0.999986	603	2	-0.20232	0.82428	0.82407	0.999995	829	0	-0.20232
ADARB1	8	0.52793	0.70952	0.999986	604	2	-0.30577	0.39343	0.47851	0.999995	484	1	-0.30577
CNOT6	8	0.52841	0.70977	0.999986	605	1	0.18937	0.51026	0.54865	0.999995	565	1	0.18937
STRIP2	8	0.52871	0.70992	0.999986	606	2	-0.082282	0.049076	0.11331	0.989472	109	2	-0.082282
SAR1A	16	0.52998	0.79867	0.999986	607	5	-0.30606	0.022682	0.080894	0.989472	63	3	-0.30606
KPNA3	8	0.53004	0.71069	0.999986	608	2	-0.22318	0.77499	0.77468	0.999995	787	0	-0.22318
PPP3R2	8	0.53081	0.71122	0.999986	609	2	0.23003	0.46193	0.51803	0.999995	524	1	0.23003
H2BFM	8	0.53136	0.71153	0.999986	610	2	0.26765	0.049976	0.11495	0.989472	112	3	0.26765
SRI	8	0.53434	0.7133	0.999986	611	2	-0.13255	0.64957	0.65378	0.999995	668	1	-0.13255
HOXB1	8	0.5356	0.71413	0.999986	612	1	0.074486	0.12274	0.22606	0.999995	232	2	0.074486
MYD88	8	0.53565	0.71415	0.999986	613	2	-0.10004	0.17134	0.27969	0.999995	292	1	-0.10004
TREM2	8	0.53607	0.71435	0.999986	614	2	0.080185	0.28773	0.41054	0.999995	427	2	0.080185
SOS2	8	0.53796	0.71553	0.999986	615	2	-0.31764	0.05746	0.12946	0.989472	133	2	-0.31764
STT3A	8	0.53829	0.71575	0.999986	616	2	-0.0015788	0.059384	0.13295	0.989472	141	2	-0.0015788
CCNT1	8	0.53861	0.7159	0.999986	617	2	-0.19426	0.28185	0.40376	0.999995	422	2	-0.19426
MANF	8	0.53892	0.71615	0.999986	618	2	-0.43436	0.59651	0.61011	0.999995	618	1	-0.43436
FRY	8	0.54124	0.71748	0.999986	619	2	-0.33888	0.79926	0.79911	0.999995	810	0	-0.33888
PCDH1	8	0.54255	0.71831	0.999986	620	2	-0.0097139	0.13649	0.24101	0.999995	251	2	-0.0097139
EPS15	8	0.54548	0.71997	0.999986	621	2	0.10675	0.86188	0.86133	0.999995	873	0	0.10675
MOGAT2	8	0.55199	0.72334	0.999986	622	1	0.03773	0.066644	0.14699	0.989817	157	3	0.03773
CCNL1	8	0.55295	0.72383	0.999986	623	2	-0.020798	0.5408	0.5688	0.999995	580	1	-0.020798
BRSK1	8	0.55424	0.72461	0.999986	624	2	-0.20945	0.9905	0.99029	0.999995	1025	0	-0.20945
GPR151	8	0.55456	0.72479	0.999986	625	2	0.21719	0.69871	0.6991	0.999995	714	1	0.21719
IKBKB	8	0.55932	0.72735	0.999986	626	2	0.14481	0.15461	0.26145	0.999995	273	2	0.14481
ATP6V1E2	8	0.55971	0.72759	0.999986	627	2	-0.03293	0.2066	0.3193	0.999995	339	2	-0.03293
ARFIP1	8	0.56035	0.72789	0.999986	628	2	-0.28251	0.46732	0.52154	0.999995	528	1	-0.28251
TTC7B	8	0.56227	0.72897	0.999986	629	2	0.26375	0.013158	0.040645	0.985689	42	4	0.26375
DMXL2	8	0.56291	0.72939	0.999986	630	2	-0.15581	0.89304	0.89281	0.999995	911	0	-0.15581
TEX45	8	0.56564	0.73084	0.999986	631	1	0.17072	0.84139	0.84105	0.999995	848	0	0.17072
UNC45B	8	0.56674	0.73161	0.999986	632	2	-0.015067	0.51523	0.55191	0.999995	569	1	-0.015067
NCK1	8	0.56706	0.73176	0.999986	633	2	0.3128	0.15782	0.26478	0.999995	277	1	0.3128
MECOM	8	0.56737	0.7319	0.999986	634	2	0.64369	0.016624	0.050098	0.985689	53	4	0.64369
MED12	8	0.56878	0.73289	0.999986	635	2	-0.41771	0.36647	0.46434	0.999995	474	1	-0.41771
RHBDF2	8	0.571	0.73414	0.999986	636	2	-0.13478	0.094965	0.19518	0.999995	201	2	-0.13478
AP2A2	8	0.57213	0.73486	0.999986	637	2	0.15516	0.010254	0.0325	0.906592	38	3	0.15516
GALNT2	8	0.57277	0.7352	0.999986	638	2	0.37752	0.38008	0.4713	0.999995	481	1	0.37752
DNAJC15	8	0.5741	0.73584	0.999986	639	1	-0.14826	0.12886	0.23265	0.999995	241	2	-0.14826
FKBP9	7	0.57456	0.71909	0.999986	640	2	-0.039948	0.069477	0.14718	0.989817	161	2	-0.039948
DDX39A	8	0.5778	0.73822	0.999986	641	2	0.43943	0.065867	0.14556	0.989817	155	3	0.43943
ZEB1	8	0.58241	0.74123	0.999986	642	1	0.014372	0.67022	0.67241	0.999995	684	1	0.014372
SLC9A3R1	8	0.58249	0.74126	0.999986	643	2	-0.074522	0.67512	0.67698	0.999995	691	1	-0.074522
DNAJC19	6	0.58306	0.72043	0.999986	644	2	0.11581	0.34375	0.39063	0.999995	464	1	0.11581
RSBN1	8	0.58311	0.74161	0.999986	645	2	0.023356	0.95205	0.95156	0.999995	972	0	0.023356
COPZ2	8	0.58467	0.74254	0.999986	646	2	-0.19957	0.92979	0.92902	0.999995	948	0	-0.19957
STX4	8	0.58591	0.74331	0.999986	647	2	-0.011524	0.20624	0.3189	0.999995	337	2	-0.011524
TTC7A	16	0.5866	0.83378	0.999986	648	4	-0.087115	0.34261	0.54237	0.999995	463	3	-0.087115
BRSK2	8	0.58963	0.74556	0.999986	649	2	0.22852	0.023849	0.064669	0.989472	67	3	0.22852
PLCG2	8	0.58973	0.74561	0.999986	650	1	0.25631	0.4554	0.51416	0.999995	520	1	0.25631
TOMM20L	8	0.59143	0.74665	0.999986	651	1	0.1414	0.25435	0.37265	0.999995	389	1	0.1414
IKBKE	8	0.59486	0.74854	0.999986	652	2	-0.085339	0.65031	0.65443	0.999995	669	1	-0.085339
SLC25A24	8	0.59762	0.75049	0.999986	653	2	0.14775	0.48321	0.5313	0.999995	544	1	0.14775
SPOP	8	0.59861	0.75112	0.999986	654	2	-0.44663	0.71024	0.71033	0.999995	725	0	-0.44663
TANK	8	0.60067	0.75231	0.999986	655	2	-0.00091653	0.88432	0.88411	0.999995	902	0	-0.00091653
HACD1	8	0.60567	0.75529	0.999986	656	1	0.34019	0.24675	0.36411	0.999995	380	2	0.34019
DYNLRB2	8	0.60613	0.75556	0.999986	657	2	0.056808	0.018844	0.05432	0.989472	55	2	0.056808
GCM2	8	0.60703	0.75609	0.999986	658	2	-0.3374	0.84796	0.84775	0.999995	858	0	-0.3374
CYFIP2	8	0.60764	0.75646	0.999986	659	2	-0.056829	0.86944	0.86889	0.999995	884	0	-0.056829
GSTP1	8	0.60794	0.75661	0.999986	660	2	-0.28881	0.86466	0.86405	0.999995	877	0	-0.28881
FXR1	8	0.60974	0.75786	0.999986	661	2	-0.055036	0.26437	0.38425	0.999995	402	1	-0.055036
TPST1	8	0.61154	0.75906	0.999986	662	2	-0.14647	0.054963	0.12467	0.989472	129	1	-0.14647
ULK1	8	0.61244	0.75961	0.999986	663	2	0.053808	0.85669	0.8565	0.999995	868	0	0.053808
SAMD9	8	0.61334	0.76019	0.999986	664	2	0.036653	0.72078	0.72028	0.999995	736	0	0.036653
UAP1L1	8	0.61364	0.76044	0.999986	665	2	-0.24096	0.98419	0.98411	0.999995	1016	0	-0.24096
KLK12	8	0.61483	0.76118	0.999986	666	2	0.30219	0.11489	0.21724	0.999995	222	2	0.30219
SPTLC2	8	0.61899	0.76383	0.999986	667	2	0.17697	0.020759	0.058215	0.989472	58	2	0.17697
RPRD1A	8	0.62267	0.76641	0.999986	668	1	0.40151	0.0065306	0.02189	0.829133	27	3	0.40151
SLC32A1	8	0.62544	0.7681	0.999986	669	2	-0.075993	0.78993	0.78972	0.999995	801	0	-0.075993
OSMR	8	0.62548	0.76815	0.999986	670	2	0.0038962	0.045518	0.10641	0.989472	101	2	0.0038962
CEACAM1	8	0.62607	0.76851	0.999986	671	2	0.21581	0.11942	0.22224	0.999995	228	2	0.21581
NETO2	8	0.62819	0.76969	0.999986	672	2	0.0024686	0.58198	0.59888	0.999995	606	1	0.0024686
TMEM185A	8	0.6317	0.77216	0.999986	673	1	0.12052	0.71679	0.71664	0.999995	732	0	0.12052
XDH	8	0.63286	0.77309	0.999986	674	2	-0.11298	0.22281	0.33739	0.999995	353	1	-0.11298
SLCO2B1	8	0.63711	0.77575	0.999986	675	2	-0.12451	0.23541	0.35167	0.999995	368	2	-0.12451
MTMR4	8	0.63749	0.77594	0.999986	676	1	0.09756	0.67893	0.68043	0.999995	697	1	0.09756
MYBL2	8	0.63797	0.77623	0.999986	677	2	0.34387	0.047284	0.10983	0.989472	106	2	0.34387
PHLDA1	8	0.64016	0.77762	0.999986	678	2	0.011722	0.47053	0.52339	0.999995	530	1	0.011722
HRAS	8	0.64168	0.77847	0.999986	679	1	-0.079191	0.17701	0.28575	0.999995	302	2	-0.079191
CHML	8	0.64256	0.77919	0.999986	680	2	0.16561	0.59819	0.6114	0.999995	620	1	0.16561
PAX4	8	0.64282	0.77935	0.999986	681	1	-0.12042	0.0069619	0.023281	0.829133	29	1	-0.12042
NUMBL	8	0.64395	0.78002	0.999986	682	1	0.14281	0.17371	0.28212	0.999995	296	1	0.14281
SMARCA1	8	0.64882	0.78317	0.999986	683	1	-0.023411	0.53225	0.56287	0.999995	577	1	-0.023411
TBC1D1	8	0.6519	0.78512	0.999986	684	2	0.1348	0.18545	0.29561	0.999995	310	2	0.1348
CAPN2	8	0.65415	0.78641	0.999986	685	2	0.23422	0.12191	0.22517	0.999995	231	1	0.23422
LNX2	8	0.65443	0.78661	0.999986	686	2	0.13227	0.12571	0.22918	0.999995	238	2	0.13227
EPC1	8	0.65471	0.78685	0.999986	687	2	-0.033797	0.6278	0.63513	0.999995	644	1	-0.033797
RCBTB2	8	0.6584	0.78924	0.999986	688	1	0.43306	0.059878	0.13392	0.989472	143	3	0.43306
SP110	8	0.65985	0.79034	0.999986	689	1	0.091921	0.62544	0.63326	0.999995	640	1	0.091921
ELL2	7	0.66011	0.78342	0.999986	690	2	0.32644	0.20633	0.31233	0.999995	338	2	0.32644
ZAP70	8	0.6613	0.79138	0.999986	691	2	-0.16066	0.27854	0.40004	0.999995	420	2	-0.16066
CYP26C1	8	0.66193	0.79167	0.999986	692	2	0.039935	0.55061	0.57562	0.999995	585	1	0.039935
NCOR2	8	0.66346	0.79258	0.999986	693	1	0.86164	0.00074553	0.0031244	0.406436	8	4	0.86164
PMM1	8	0.66453	0.79335	0.999986	694	1	0.1198	0.093257	0.19358	0.999995	199	1	0.1198
SHCBP1L	8	0.66468	0.7935	0.999986	695	2	-0.29562	0.56833	0.58853	0.999995	596	1	-0.29562
FKBP4	8	0.66703	0.79498	0.999986	696	1	-0.091488	0.11105	0.21305	0.999995	220	1	-0.091488
STX12	8	0.6681	0.79561	0.999986	697	1	0.38428	0.24274	0.3599	0.999995	373	1	0.38428
HMGCLL1	8	0.66824	0.79567	0.999986	698	2	-0.22768	0.10794	0.2094	0.999995	215	2	-0.22768
SLC22A8	8	0.66906	0.79626	0.999986	699	2	-0.42153	0.71833	0.71809	0.999995	735	0	-0.42153
CAV1	8	0.67042	0.79719	0.999986	700	2	0.17146	0.2903	0.41373	0.999995	429	1	0.17146
ZNF146	8	0.67069	0.79731	0.999986	701	2	-0.003068	0.071732	0.15664	0.992999	167	2	-0.003068
SEC14L3	8	0.67198	0.79818	0.999986	702	2	0.10711	0.062806	0.13986	0.989472	151	3	0.10711
DYNC1LI1	7	0.67407	0.79442	0.999986	703	1	0.16542	0.80641	0.80495	0.999995	817	0	0.16542
KRT37	8	0.67555	0.80073	0.999986	704	2	0.05971	0.27357	0.39448	0.999995	413	2	0.05971
COPS7B	8	0.67617	0.80117	0.999986	705	1	0.69539	0.086858	0.18463	0.999995	192	3	0.69539
FAM126B	8	0.6769	0.80166	0.999986	706	2	-0.36839	0.95946	0.95875	0.999995	985	0	-0.36839
RTP1	8	0.67755	0.80199	0.999986	707	1	0.81098	0.0012387	0.0048524	0.467597	11	4	0.81098
MRGPRX2	8	0.67859	0.8027	0.999986	708	1	-0.023975	0.47901	0.52863	0.999995	537	1	-0.023975
RNF44	8	0.67928	0.80315	0.999986	709	1	0.066609	0.58024	0.5974	0.999995	604	1	0.066609
UNC119	8	0.68236	0.80535	0.999986	710	1	0.41778	0.016069	0.048809	0.985689	52	3	0.41778
TRAPPC3L	8	0.6825	0.80546	0.999986	711	2	0.1334	0.074882	0.16259	0.999995	169	2	0.1334
CBLL2	8	0.68305	0.80588	0.999986	712	1	0.22303	0.29989	0.424	0.999995	438	2	0.22303
POU4F2	8	0.68356	0.80611	0.999986	713	2	0.032144	0.23661	0.35305	0.999995	369	2	0.032144
RNF144A	8	0.68407	0.80644	0.999986	714	1	0.25705	0.72382	0.72351	0.999995	740	0	0.25705
MORF4L1	6	0.68414	0.76255	0.999986	715	1	-0.15072	0.50278	0.51161	0.999995	559	1	-0.15072
NSG1	8	0.68441	0.80666	0.999986	716	1	0.41125	0.066177	0.14618	0.989817	156	3	0.41125
LIMK2	8	0.68647	0.80798	0.999986	717	2	0.22874	0.5002	0.54222	0.999995	555	1	0.22874
MAP4K4	8	0.68745	0.80857	0.999986	718	1	-0.16223	0.099223	0.19993	0.999995	205	1	-0.16223
DUSP10	8	0.68778	0.80876	0.999986	719	1	-0.32086	0.33326	0.44767	0.999995	459	1	-0.32086
YIF1A	8	0.68831	0.80906	0.999986	720	2	-0.28053	0.062909	0.14002	0.989472	152	1	-0.28053
VPS26A	8	0.68846	0.80912	0.999986	721	1	-0.011772	0.87084	0.87023	0.999995	887	0	-0.011772
IPO8	8	0.68909	0.80957	0.999986	722	2	0.40619	0.088511	0.18786	0.999995	196	2	0.40619
AIPL1	8	0.68961	0.80988	0.999986	723	2	0.34429	0.4217	0.4939	0.999995	500	1	0.34429
AXL	8	0.69013	0.81039	0.999986	724	2	-0.12124	0.85151	0.85142	0.999995	862	0	-0.12124
GRIP1	8	0.69118	0.81106	0.999986	725	2	-0.090107	0.19955	0.31133	0.999995	326	2	-0.090107
HNRNPH3	8	0.69222	0.81169	0.999986	726	2	-0.47633	0.94556	0.94484	0.999995	966	0	-0.47633
MMD2	8	0.69378	0.8126	0.999986	727	2	-0.1913	0.76782	0.7677	0.999995	781	0	-0.1913
PLD1	8	0.69559	0.81388	0.999986	728	2	0.073116	0.75939	0.75929	0.999995	773	0	0.073116
CTPS2	8	0.69637	0.81432	0.999986	729	2	0.60455	0.00554	0.018602	0.788713	25	4	0.60455
ADAM19	8	0.69642	0.81434	0.999986	730	1	0.47301	0.058501	0.13129	0.989472	138	1	0.47301
GJA8	8	0.69791	0.81534	0.999986	731	2	0.34851	0.028048	0.07273	0.989472	73	1	0.34851
CAB39L	8	0.69806	0.81546	0.999986	732	1	-0.29126	0.97339	0.97266	0.999995	1001	0	-0.29126
BECN2	8	0.69997	0.81668	0.999986	733	2	0.02235	0.30058	0.42469	0.999995	439	1	0.02235
TRPM1	8	0.70001	0.81669	0.999986	734	1	0.034357	0.022789	0.062428	0.989472	64	3	0.034357
DUOX1	8	0.70033	0.81691	0.999986	735	1	0.024393	0.21297	0.32651	0.999995	344	2	0.024393
LRFN1	8	0.70098	0.81742	0.999986	736	1	-0.025866	0.94016	0.93935	0.999995	959	0	-0.025866
NDE1	8	0.70388	0.81947	0.999986	737	2	-0.17941	0.80865	0.80866	0.999995	822	0	-0.17941
APH1B	8	0.70517	0.82042	0.999986	738	1	-0.16322	0.88848	0.88826	0.999995	905	0	-0.16322
AP5M1	8	0.70771	0.82221	0.999986	739	1	0.56497	0.051189	0.11741	0.989472	115	3	0.56497
FLNC	8	0.70961	0.82339	0.999986	740	1	-0.005928	0.036192	0.088385	0.989472	84	1	-0.005928
TIRAP	8	0.71056	0.82395	0.999986	741	2	0.4192	0.71803	0.71779	0.999995	734	0	0.4192
MAPK8IP3	8	0.71184	0.82475	0.999986	742	2	0.1555	0.0060361	0.020264	0.826161	26	2	0.1555
GRHL3	8	0.71275	0.82544	0.999986	743	1	-0.16917	0.10007	0.20082	0.999995	206	1	-0.16917
BCAP31	8	0.71307	0.82567	0.999986	744	1	0.14396	0.43029	0.49939	0.999995	504	1	0.14396
ABL1	8	0.71631	0.82776	0.999986	745	2	0.16744	0.36709	0.46459	0.999995	475	1	0.16744
MYBPHL	8	0.71852	0.82939	0.999986	746	2	0.33011	0.72802	0.72759	0.999995	745	0	0.33011
JAG2	8	0.71864	0.82946	0.999986	747	1	-0.19968	0.47796	0.52788	0.999995	534	1	-0.19968
GBX2	8	0.71895	0.82958	0.999986	748	1	-0.21733	0.4951	0.53874	0.999995	552	1	-0.21733
IL6R	8	0.71956	0.82998	0.999986	749	1	0.43155	0.74285	0.74205	0.999995	763	0	0.43155
NCBP2L	8	0.71999	0.83021	0.999986	750	2	-0.26634	0.08295	0.17755	0.999995	183	1	-0.26634
RC3H2	8	0.72024	0.83036	0.999986	751	2	0.2223	0.52502	0.55797	0.999995	574	1	0.2223
EPHA2	8	0.72121	0.83092	0.999986	752	2	-0.08411	0.43933	0.50475	0.999995	510	1	-0.08411
TCF12	8	0.722	0.83148	0.999986	753	1	-0.066732	0.39643	0.48024	0.999995	487	1	-0.066732
RANBP6	6	0.72289	0.77995	0.999986	754	1	-0.0087875	0.29825	0.36075	0.999995	435	1	-0.0087875
EXOC6	8	0.72462	0.83344	0.999986	755	2	-0.024676	0.13921	0.24402	0.999995	255	2	-0.024676
FAM71B	8	0.72622	0.83453	0.999986	756	1	0.29965	0.0035148	0.012325	0.653218	20	2	0.29965
JUP	8	0.72652	0.83475	0.999986	757	2	0.12681	0.45266	0.51262	0.999995	518	1	0.12681
DBT	8	0.72682	0.83494	0.999986	758	1	-0.17847	0.0577	0.1298	0.989472	135	2	-0.17847
LIN28A	7	0.72913	0.81435	0.999986	759	1	0.069457	0.1333	0.22422	0.999995	247	2	0.069457
SHMT2	8	0.72943	0.83683	0.999986	760	2	-0.024139	0.1343	0.23877	0.999995	248	2	-0.024139
SIX6	8	0.73038	0.83758	0.999986	761	2	0.071458	0.2701	0.39065	0.999995	409	2	0.071458
NAA11	8	0.73128	0.83816	0.999986	762	1	0.0053152	0.69279	0.69365	0.999995	710	1	0.0053152
CLTB	8	0.73275	0.83925	0.999986	763	1	-0.13436	0.23806	0.35448	0.999995	371	2	-0.13436
ACTL6B	8	0.73304	0.83946	0.999986	764	1	-0.042359	0.92691	0.92615	0.999995	943	0	-0.042359
ADAP2	8	0.73333	0.83968	0.999986	765	1	-0.03148	0.92216	0.92162	0.999995	937	0	-0.03148
PTF1A	8	0.73536	0.84122	0.999986	766	2	-0.33237	0.43086	0.49973	0.999995	505	1	-0.33237
HEATR5B	8	0.73567	0.84145	0.999986	767	1	0.064314	0.94931	0.94886	0.999995	969	0	0.064314
CD163L1	8	0.73701	0.84254	0.999986	768	2	-0.24732	0.19605	0.30735	0.999995	322	2	-0.24732
GPR50	8	0.73725	0.8427	0.999986	769	2	0.15743	0.25074	0.36879	0.999995	385	1	0.15743
FEZ2	8	0.73865	0.84351	0.999986	770	2	-0.10033	0.26009	0.37931	0.999995	398	1	-0.10033
STAM	8	0.74028	0.84466	0.999986	771	1	0.14742	0.84957	0.84946	0.999995	860	0	0.14742
MTUS2	8	0.7437	0.84717	0.999986	772	1	0.26318	0.23098	0.34646	0.999995	363	1	0.26318
CLASP2	8	0.7456	0.84863	0.999986	773	2	-0.013922	0.19859	0.31013	0.999995	325	1	-0.013922
BICD1	8	0.74651	0.84942	0.999986	774	2	-0.44241	0.30838	0.43371	0.999995	445	2	-0.44241
LIF	8	0.74834	0.85067	0.999986	775	2	-0.070769	0.15047	0.25676	0.999995	263	2	-0.070769
GYS2	8	0.7488	0.85113	0.999986	776	2	-0.26245	0.61182	0.62226	0.999995	630	1	-0.26245
MAK	8	0.74948	0.85159	0.999986	777	2	-0.3016	0.68134	0.68263	0.999995	699	1	-0.3016
FRS2	8	0.75039	0.85221	0.999986	778	2	0.20816	0.18665	0.297	0.999995	312	2	0.20816
NSG2	8	0.75107	0.85272	0.999986	779	2	0.12237	0.0085259	0.027522	0.836351	34	3	0.12237
TFDP3	7	0.75169	0.82269	0.999986	780	1	0.7762	0.0069362	0.022674	0.829133	28	4	0.7762
NCK2	8	0.75261	0.85372	0.999986	781	1	0.010179	0.13183	0.23577	0.999995	244	1	0.010179
RANBP17	8	0.75309	0.85406	0.999986	782	2	-0.073671	0.16009	0.26749	0.999995	280	2	-0.073671
WAS	8	0.75724	0.85596	0.999986	783	1	0.19803	0.25949	0.37866	0.999995	397	2	0.19803
ITGB1BP2	8	0.75858	0.85633	0.999986	784	1	0.32018	0.14197	0.24715	0.999995	258	2	0.32018
SOS1	8	0.76125	0.85692	0.999986	785	1	-0.01585	0.66987	0.67203	0.999995	683	1	-0.01585
EAF2	8	0.76179	0.85704	0.999986	786	1	0.11425	0.72861	0.72805	0.999995	746	0	0.11425
ANXA1	8	0.76337	0.85755	0.999986	787	1	-0.12251	0.15344	0.26019	0.999995	270	2	-0.12251
XRCC4	8	0.76443	0.85775	0.999986	788	1	-0.15798	0.77974	0.77965	0.999995	789	0	-0.15798
LNX1	8	0.77092	0.85963	0.999986	789	1	0.316	0.15809	0.26506	0.999995	278	2	0.316
PAPSS1	8	0.77169	0.85983	0.999986	790	1	0.13504	0.22876	0.34403	0.999995	361	2	0.13504
MMD	8	0.7722	0.85994	0.999986	791	1	0.13923	0.087113	0.18513	0.999995	193	2	0.13923
TAF9	7	0.77444	0.83142	0.999986	792	1	0.15835	0.63478	0.63408	0.999995	652	1	0.15835
NSDHL	8	0.77725	0.86156	0.999986	793	1	0.36062	0.1462	0.25192	0.999995	260	2	0.36062
TLN2	8	0.78392	0.86358	0.999986	794	1	0.045145	0.50223	0.54342	0.999995	558	1	0.045145
ERO1A	8	0.78682	0.86438	0.999986	795	1	0.055114	0.15541	0.26226	0.999995	274	1	0.055114
safe_control	74	0.78878	0.98346	0.999986	796	19	0.20593	0.20434	0.55309	0.999995	334	12	0.20593
RNF125	8	0.79065	0.86568	0.999986	797	1	-0.31914	0.43256	0.50071	0.999995	507	1	-0.31914
TOMM20	6	0.79502	0.81813	0.999986	798	1	-0.055447	0.64187	0.64338	0.999995	659	0	-0.055447
FZD8	8	0.79534	0.86716	0.999986	799	1	0.1309	0.057221	0.12912	0.989472	132	2	0.1309
PLD2	8	0.79627	0.86737	0.999986	800	1	0.37183	0.50172	0.54311	0.999995	557	1	0.37183
TIMM23B	7	0.79746	0.84099	0.999986	801	1	-0.26088	0.75267	0.75156	0.999995	769	0	-0.26088
MED26	8	0.79994	0.86862	0.999986	802	1	-0.008343	0.8937	0.89357	0.999995	912	0	-0.008343
CLDN4	8	0.80198	0.86923	0.999986	803	1	-0.13689	0.95791	0.95711	0.999995	982	0	-0.13689
PPP3CA	8	0.80333	0.86975	0.999986	804	1	0.50076	0.10937	0.21091	0.999995	218	2	0.50076
TANC1	8	0.804	0.87003	0.999986	805	1	0.36894	0.088109	0.18714	0.999995	195	3	0.36894
GSX2	8	0.80556	0.87069	0.999986	806	1	-0.18756	0.82989	0.82966	0.999995	836	0	-0.18756
YIPF7	8	0.80601	0.87091	0.999986	807	1	0.23213	0.5893	0.60458	0.999995	610	1	0.23213
SLC10A2	8	0.80711	0.87125	0.999986	808	1	-0.062005	0.017096	0.051144	0.985689	54	2	-0.062005
ARSJ	8	0.80756	0.8714	0.999986	809	1	0.27047	0.01158	0.036246	0.985149	39	1	0.27047
SLC22A13	8	0.8117	0.87265	0.999986	810	1	0.0070848	0.47849	0.52823	0.999995	536	1	0.0070848
SAR1B	8	0.82141	0.87586	0.999986	811	1	-0.12165	0.75805	0.75794	0.999995	772	0	-0.12165
MTA1	8	0.82448	0.87698	0.999986	812	1	0.15822	0.10407	0.20504	0.999995	208	2	0.15822
TGFBR2	8	0.8265	0.87777	0.999986	813	1	0.94008	0.00085533	0.0034887	0.406436	9	5	0.94008
NETO1	8	0.83283	0.88026	0.999986	814	1	0.16055	0.2565	0.37534	0.999995	392	1	0.16055
TUBB2B	6	0.83355	0.84356	0.999986	815	1	0.17514	0.32987	0.38126	0.999995	457	1	0.17514
SERPINA9	8	0.83745	0.88189	0.999986	816	1	0.29881	0.79112	0.79092	0.999995	802	0	0.29881
CDK19	16	0.83814	0.946	0.999986	817	3	0.015883	0.8978	0.8984	0.999995	916	1	0.015883
RUNX1	8	0.84269	0.88376	0.999986	818	1	0.21681	0.2584	0.37749	0.999995	394	2	0.21681
HACD2	8	0.84416	0.88434	0.999986	819	1	-0.15647	0.86352	0.86295	0.999995	876	0	-0.15647
SYK	8	0.84743	0.88568	0.999986	820	1	0.22767	0.40535	0.4849	0.999995	493	1	0.22767
TBC1D28	7	0.84852	0.86617	0.999986	821	1	0.15402	0.91242	0.91119	0.999995	927	0	0.15402
SATB1	8	0.84868	0.8863	0.999986	822	1	0.27526	0.27597	0.39717	0.999995	415	2	0.27526
PEF1	7	0.85533	0.87015	0.999986	823	1	-0.13973	0.73545	0.73414	0.999995	757	0	-0.13973
PHLDA2	8	0.85584	0.88915	0.999986	824	1	0.19905	0.66703	0.66944	0.999995	681	1	0.19905
RRAGC	8	0.85989	0.8908	0.999986	825	1	0.23709	0.05422	0.12337	0.989472	127	3	0.23709
TYROBP	8	0.86073	0.8911	0.999986	826	1	-0.012322	0.17599	0.28463	0.999995	299	2	-0.012322
RSC1A1	8	0.86106	0.89122	0.999986	827	1	0.083477	0.13839	0.24309	0.999995	254	2	0.083477
GPSM2	8	0.86122	0.89129	0.999986	828	1	-0.18001	0.19474	0.30592	0.999995	321	1	-0.18001
RAP1GAP	8	0.86155	0.8915	0.999986	829	1	0.95588	0.00024517	0.0011442	0.202145	6	4	0.95588
PLEK2	8	0.86188	0.8917	0.999986	830	1	-0.21829	0.48737	0.53388	0.999995	546	1	-0.21829
ATP6V1E1	7	0.86366	0.87545	0.999986	831	1	0.26383	0.73415	0.73275	0.999995	754	0	0.26383
ZMIZ1	8	0.86368	0.89253	0.999986	832	1	-0.25553	0.10556	0.20681	0.999995	212	2	-0.25553
PPP2CB	6	0.86373	0.86725	0.999986	833	1	-0.14209	0.70568	0.7068	0.999995	719	0	-0.14209
BAP1	8	0.86385	0.89263	0.999986	834	1	0.085579	0.45813	0.51577	0.999995	523	1	0.085579
SEC11C	8	0.86498	0.89307	0.999986	835	1	0.069899	0.93291	0.93213	0.999995	952	0	0.069899
DZIP3	8	0.86514	0.89313	0.999986	836	1	0.60215	0.00093687	0.0038343	0.406436	10	4	0.60215
MEP1B	8	0.8653	0.8932	0.999986	837	1	-0.081554	0.28406	0.40622	0.999995	425	1	-0.081554
FCRL3	8	0.86818	0.8946	0.999986	838	1	0.29269	0.62936	0.63644	0.999995	646	1	0.29269
DDX39B	8	0.86897	0.89491	0.999986	839	1	0.13901	0.80311	0.80307	0.999995	814	0	0.13901
ADM	8	0.87006	0.89547	0.999986	840	1	0.17895	0.62346	0.63166	0.999995	637	1	0.17895
LSM14A	8	0.87022	0.89555	0.999986	841	1	-0.056655	0.78706	0.78686	0.999995	795	0	-0.056655
PDGFC	8	0.87467	0.89755	0.999986	842	1	0.26119	0.83896	0.83878	0.999995	844	0	0.26119
TCF3	8	0.87588	0.89821	0.999986	843	1	0.31126	0.15146	0.25787	0.999995	265	2	0.31126
FLOT1	8	0.87722	0.89884	0.999986	844	1	-0.073173	0.95192	0.95147	0.999995	971	0	-0.073173
TAS1R2	8	0.87752	0.89899	0.999986	845	1	0.13363	0.22728	0.34219	0.999995	358	1	0.13363
EXOC6B	8	0.87929	0.89987	0.999986	846	1	-0.13116	0.44325	0.50696	0.999995	512	1	-0.13116
FLNB	7	0.87936	0.88599	0.999986	847	1	0.30185	0.15413	0.24924	0.999995	272	2	0.30185
SNTA1	8	0.87958	0.90002	0.999986	848	1	0.15654	0.72442	0.72427	0.999995	743	0	0.15654
TUBB2A	6	0.87985	0.88152	0.999986	849	1	0.49754	0.02036	0.050574	0.985689	57	2	0.49754
AQP8	8	0.88233	0.90163	0.999986	850	1	0.40602	0.084558	0.1803	0.999995	188	3	0.40602
MAT1A	8	0.88361	0.90232	0.999986	851	1	0.13816	0.2085	0.32163	0.999995	341	1	0.13816
KRTAP1-1	8	0.8846	0.9027	0.999986	852	1	0.14476	0.055063	0.1248	0.989472	130	3	0.14476
KIAA0319	8	0.88614	0.90358	0.999986	853	1	-0.050315	0.095818	0.19611	0.999995	202	1	-0.050315
ERBB3	16	0.88621	0.96388	0.999986	854	3	0.21952	0.019375	0.072086	0.989472	56	4	0.21952
NXT2	8	0.88642	0.9037	0.999986	855	1	0.43029	0.4159	0.4907	0.999995	498	1	0.43029
SLC25A2	8	0.88957	0.90527	0.999986	856	1	-0.16634	0.95006	0.94971	0.999995	970	0	-0.16634
ITSN2	8	0.88997	0.90544	0.999986	857	1	-0.076995	0.8277	0.82737	0.999995	832	0	-0.076995
NBEAL2	8	0.89065	0.90575	0.999986	858	1	0.37529	0.71244	0.71241	0.999995	727	0	0.37529
FAM50B	8	0.89487	0.90801	0.999986	859	1	0.040134	0.88318	0.88289	0.999995	900	0	0.040134
ARFGEF2	8	0.89539	0.90836	0.999986	860	1	-0.3272	0.804	0.80408	0.999995	815	0	-0.3272
DYNC1LI2	8	0.89578	0.90858	0.999986	861	1	0.068753	0.18856	0.29915	0.999995	313	2	0.068753
GLIS3	8	0.89655	0.90896	0.999986	862	1	0.37798	0.153	0.25956	0.999995	269	1	0.37798
SNX2	8	0.8968	0.90906	0.999986	863	1	0.44694	0.165	0.27266	0.999995	286	1	0.44694
MTMR3	8	0.89718	0.90927	0.999986	864	1	-0.20551	0.037323	0.090459	0.989472	87	3	-0.20551
MED12L	8	0.89857	0.91001	0.999986	865	1	0.12824	0.007031	0.023468	0.829133	30	3	0.12824
ZNF284	8	0.90007	0.91089	0.999986	866	1	0.27516	0.26973	0.3902	0.999995	408	2	0.27516
IRF8	8	0.9002	0.91095	0.999986	867	1	0.44043	0.15942	0.26664	0.999995	279	1	0.44043
DGKI	8	0.90082	0.91117	0.999986	868	1	-0.084036	0.42285	0.49458	0.999995	501	1	-0.084036
FOXB1	8	0.90094	0.91123	0.999986	869	1	0.20683	0.79136	0.79114	0.999995	803	0	0.20683
ASCL1	8	0.90106	0.9113	0.999986	870	1	0.28807	0.68745	0.68842	0.999995	703	1	0.28807
VPS26B	8	0.90143	0.91157	0.999986	871	1	-0.28369	0.17941	0.28854	0.999995	305	2	-0.28369
ATOH1	8	0.90192	0.91174	0.999986	872	1	0.11638	0.22802	0.34315	0.999995	360	1	0.11638
CHM	8	0.90229	0.91195	0.999986	873	1	0.018439	0.85429	0.8542	0.999995	864	0	0.018439
SPATA21	8	0.90265	0.91217	0.999986	874	1	-0.12352	0.85186	0.85184	0.999995	863	0	-0.12352
ARHGEF3	8	0.90277	0.9122	0.999986	875	1	0.29141	0.65327	0.65716	0.999995	670	1	0.29141
LHFPL5	8	0.90481	0.9134	0.999986	876	1	-0.25861	0.68812	0.68895	0.999995	704	1	-0.25861
ABTB2	8	0.90517	0.91356	0.999986	877	1	0.13965	0.25722	0.37625	0.999995	393	1	0.13965
PAPSS2	8	0.90635	0.91423	0.999986	878	1	0.47186	0.050438	0.11594	0.989472	113	2	0.47186
GOLT1B	8	0.90832	0.91543	0.999986	879	1	0.30193	0.73275	0.73225	0.999995	751	0	0.30193
PSEN1	8	0.91015	0.9167	0.999986	880	1	-0.11036	0.51671	0.5527	0.999995	571	1	-0.11036
ERC2	8	0.91048	0.9169	0.999986	881	1	0.096626	0.11918	0.22196	0.999995	227	2	0.096626
TAF9B	6	0.91142	0.91284	0.999986	882	0	0.039631	0.66016	0.66196	0.999995	677	0	0.039631
KCNT1	8	0.91238	0.91815	0.999986	883	1	0.11228	0.7965	0.79615	0.999995	807	0	0.11228
FZR1	8	0.91348	0.91889	0.999986	884	1	0.11154	0.68946	0.69024	0.999995	707	1	0.11154
LARP1B	8	0.91359	0.91894	0.999986	885	1	-0.057049	0.64433	0.64924	0.999995	663	1	-0.057049
TCF4	8	0.91435	0.91944	0.999986	886	1	-0.010752	0.81492	0.81494	0.999995	825	0	-0.010752
MYL7	8	0.91457	0.91956	0.999986	887	1	-0.0097332	0.45704	0.51507	0.999995	522	1	-0.0097332
CCDC69	8	0.91468	0.9196	0.999986	888	1	0.22004	0.083514	0.1785	0.999995	186	2	0.22004
NET1	8	0.91629	0.92053	0.999986	889	1	0.22717	0.024288	0.065725	0.989472	69	2	0.22717
MPC1L	8	0.91692	0.921	0.999986	890	1	0.32565	0.31809	0.44013	0.999995	450	1	0.32565
SAMD4A	8	0.91755	0.92142	0.999986	891	1	0.097916	0.1244	0.22778	0.999995	236	2	0.097916
ABL2	8	0.91776	0.9216	0.999986	892	1	-0.10141	0.95963	0.95892	0.999995	986	0	-0.10141
CSTF2	8	0.92075	0.9238	0.999986	893	1	0.15271	0.85872	0.85838	0.999995	870	0	0.15271
GXYLT2	8	0.92176	0.92466	0.999986	894	1	0.10568	0.046064	0.10748	0.989472	102	1	0.10568
PXDNL	8	0.92364	0.92606	0.999986	895	1	-0.31173	0.96095	0.96025	0.999995	988	0	-0.31173
LSM14B	8	0.92567	0.92734	0.999986	896	1	-0.25796	0.89212	0.89182	0.999995	909	0	-0.25796
SOAT1	8	0.92868	0.92982	0.999986	897	1	-0.13178	0.91776	0.91697	0.999995	933	0	-0.13178
PCBD2	8	0.92942	0.93046	0.999986	898	1	0.11819	0.78513	0.78518	0.999995	793	0	0.11819
GABPB2	8	0.92951	0.93049	0.999986	899	1	0.13946	0.25148	0.36956	0.999995	387	2	0.13946
FSD1	8	0.9306	0.93136	0.999986	900	1	0.025156	0.6779	0.67936	0.999995	696	1	0.025156
PTPN11	7	0.93139	0.93097	0.999986	901	0	0.098725	0.70684	0.70595	0.999995	721	0	0.098725
TBC1D4	8	0.93141	0.93194	0.999986	902	1	-0.045029	0.079492	0.17125	0.999995	176	2	-0.045029
SMARCC2	8	0.93177	0.93219	0.999986	903	1	-0.24893	0.20061	0.3124	0.999995	327	2	-0.24893
GNB3	8	0.93247	0.93284	0.999986	904	1	0.054137	0.029806	0.076242	0.989472	77	3	0.054137
ARID1B	8	0.93326	0.93351	0.999986	905	1	0.026028	0.13298	0.2371	0.999995	245	2	0.026028
EPC2	8	0.93352	0.93373	0.999986	906	1	0.4499	0.071566	0.15637	0.992999	164	3	0.4499
TBR1	8	0.93361	0.93381	0.999986	907	1	-0.15871	0.62425	0.63239	0.999995	639	1	-0.15871
PRDM13	8	0.93447	0.93454	0.999986	908	1	0.083141	0.042485	0.10054	0.989472	96	2	0.083141
SEC11A	7	0.93461	0.93403	0.999986	909	0	0.0052088	0.24524	0.36038	0.999995	379	1	0.0052088
ADSSL1	8	0.93464	0.93469	0.999986	910	1	0.32283	0.21049	0.32371	0.999995	343	2	0.32283
CTNNB1	8	0.93558	0.93552	0.999986	911	1	0.45937	0.17325	0.28169	0.999995	295	2	0.45937
PLAU	8	0.93692	0.93667	0.999986	912	1	0.20001	0.19256	0.30358	0.999995	315	2	0.20001
RALGPS1	8	0.93733	0.93713	0.999986	913	1	0.075019	0.17019	0.27839	0.999995	291	2	0.075019
ABCB1	8	0.93758	0.93737	0.999986	914	1	0.2664	0.25937	0.37854	0.999995	396	2	0.2664
PIP4P1	8	0.93799	0.93769	0.999986	915	1	-0.073069	0.9166	0.91595	0.999995	931	0	-0.073069
SLC25A37	8	0.93815	0.93784	0.999986	916	1	0.62814	0.015953	0.048426	0.985689	51	4	0.62814
DST	8	0.94016	0.93952	0.999986	917	1	0.14529	0.74256	0.74178	0.999995	762	0	0.14529
IL6ST	8	0.94056	0.94002	0.999986	918	1	-0.12811	0.007887	0.025813	0.829133	33	1	-0.12811
SERPINA11	8	0.94087	0.9403	0.999986	919	1	0.095561	0.080221	0.17253	0.999995	177	3	0.095561
CDK16	8	0.94118	0.94051	0.999986	920	1	-0.29257	0.37762	0.47	0.999995	480	1	-0.29257
PPP3CC	8	0.94134	0.94061	0.999986	921	1	0.068423	0.63014	0.63712	0.999995	647	1	0.068423
PDS5B	8	0.94165	0.94085	0.999986	922	1	0.11046	0.038893	0.093784	0.989472	90	2	0.11046
REG3A	8	0.94204	0.94127	0.999986	923	1	0.17044	0.611	0.6215	0.999995	629	1	0.17044
SIK2	8	0.94219	0.94138	0.999986	924	1	-0.018447	0.55932	0.58177	0.999995	591	1	-0.018447
BTG1	8	0.94234	0.94158	0.999986	925	1	0.30724	0.7295	0.72897	0.999995	748	0	0.30724
TMEM30A	8	0.94311	0.94246	0.999986	926	1	0.04662	0.80017	0.80006	0.999995	811	0	0.04662
TIMP2	8	0.94326	0.94258	0.999986	927	1	0.23921	0.16986	0.2781	0.999995	290	2	0.23921
PTPN14	8	0.94341	0.94273	0.999986	928	1	0.83986	0.0027773	0.010223	0.590151	18	4	0.83986
CRK	8	0.94461	0.94388	0.999986	929	1	0.27917	0.15212	0.25863	0.999995	266	2	0.27917
CALY	8	0.94527	0.94447	0.999986	930	1	0.060133	0.71056	0.7106	0.999995	726	0	0.060133
ZIC3	8	0.94549	0.94476	0.999986	931	1	0.42282	0.067582	0.14883	0.989944	159	3	0.42282
CHRNB3	8	0.94672	0.94611	0.999986	932	0	-0.34823	0.97673	0.97613	0.999995	1006	0	-0.34823
TBC1D9	8	0.94729	0.94665	0.999986	933	0	0.8762	0.00015172	0.00077994	0.202145	4	6	0.8762
ZFYVE19	8	0.94771	0.94712	0.999986	934	0	0.009285	0.23951	0.35623	0.999995	372	2	0.009285
ZNRF4	8	0.94924	0.94877	0.999986	935	0	-0.1214	0.86738	0.86683	0.999995	880	0	-0.1214
CLIP4	8	0.94944	0.94901	0.999986	936	0	-0.03421	0.67755	0.6791	0.999995	695	1	-0.03421
DPCR1	8	0.94985	0.94944	0.999986	937	0	0.043913	0.77949	0.77939	0.999995	788	0	0.043913
EFNB1	8	0.95012	0.94974	0.999986	938	0	0.52011	0.0013459	0.0053194	0.469884	12	3	0.52011
DEGS1	8	0.9508	0.95028	0.999986	939	0	0.0547	0.32207	0.44215	0.999995	453	1	0.0547
PDLIM5	8	0.95113	0.95055	0.999986	940	0	-0.0095967	0.82407	0.82379	0.999995	828	0	-0.0095967
ATM	8	0.95159	0.95108	0.999986	941	0	0.60417	0.0095691	0.030548	0.875167	37	4	0.60417
ISL1	8	0.95192	0.95147	0.999986	942	0	0.030738	0.11034	0.21203	0.999995	219	2	0.030738
DDI1	16	0.95204	0.9819	0.999986	943	2	0.12879	0.037134	0.11874	0.989472	86	5	0.12879
LIMK1	8	0.95257	0.95201	0.999986	944	0	0.55385	0.0038399	0.013278	0.670203	21	4	0.55385
BICD2	8	0.95454	0.95373	0.999986	945	0	0.4085	0.046817	0.10886	0.989472	104	3	0.4085
ZNF423	8	0.9554	0.95462	0.999986	946	0	0.29824	0.049302	0.11376	0.989472	110	2	0.29824
GMPR2	8	0.95552	0.9547	0.999986	947	0	-0.090664	0.47479	0.52606	0.999995	532	1	-0.090664
KCNMB3	7	0.95621	0.95563	0.999986	948	0	0.45814	0.0601	0.13501	0.989472	145	3	0.45814
ERC1	8	0.95803	0.95723	0.999986	949	0	0.38939	0.64054	0.64619	0.999995	657	1	0.38939
LIM2	8	0.95923	0.95849	0.999986	950	0	0.47466	0.68711	0.6881	0.999995	702	1	0.47466
HMG20B	8	0.95996	0.9593	0.999986	951	0	0.12112	0.037093	0.089992	0.989472	85	2	0.12112
ATP6V1B1	8	0.96046	0.95974	0.999986	952	0	0.13712	0.2712	0.39191	0.999995	411	2	0.13712
AKAP11	8	0.9616	0.96094	0.999986	953	0	0.084262	0.29511	0.41904	0.999995	433	1	0.084262
TRPC7	8	0.96171	0.96104	0.999986	954	0	0.53436	0.066956	0.14754	0.989817	158	3	0.53436
ZNF185	8	0.96182	0.96111	0.999986	955	0	0.069266	0.55613	0.57963	0.999995	588	1	0.069266
ATAD2B	8	0.96256	0.96195	0.999986	956	0	0.22405	0.24347	0.36058	0.999995	376	1	0.22405
CRYBB2	7	0.96272	0.96251	0.999986	957	0	0.1169	0.62364	0.62392	0.999995	638	1	0.1169
FLT1	8	0.96277	0.96216	0.999986	958	0	0.29015	0.24784	0.36524	0.999995	383	2	0.29015
HMGCL	8	0.96339	0.96281	0.999986	959	0	-0.167	0.31073	0.43642	0.999995	448	1	-0.167
FBLN1	8	0.96385	0.96335	0.999986	960	0	0.22119	0.29952	0.42358	0.999995	437	2	0.22119
TANC2	7	0.96626	0.96627	0.999986	961	0	0.37049	0.19335	0.29671	0.999995	317	2	0.37049
GBX1	8	0.96666	0.96612	0.999986	962	0	0.64117	0.16109	0.26841	0.999995	282	2	0.64117
SMAP1	8	0.96769	0.96702	0.999986	963	0	0.074731	0.2529	0.37104	0.999995	388	2	0.074731
DCAF8L1	8	0.96783	0.96717	0.999986	964	0	0.68119	0.015812	0.047959	0.985689	49	4	0.68119
VIM	8	0.9686	0.96792	0.999986	965	0	0.87187	0.00061921	0.0026761	0.405233	7	5	0.87187
ADARB2	8	0.96954	0.96894	0.999986	966	0	0.19077	0.65876	0.66204	0.999995	675	1	0.19077
RRAGD	8	0.9698	0.96914	0.999986	967	0	0.23637	0.26168	0.38121	0.999995	400	2	0.23637
PLXDC2	8	0.97112	0.97054	0.999986	968	0	0.10271	0.11524	0.21763	0.999995	223	2	0.10271
RAP1GAP2	8	0.97129	0.97065	0.999986	969	0	0.081397	0.67128	0.6734	0.999995	686	1	0.081397
MYH7	8	0.97133	0.97068	0.999986	970	0	-0.091635	0.58241	0.59926	0.999995	607	1	-0.091635
MARCKS	8	0.97166	0.97096	0.999986	971	0	0.48122	0.18044	0.28985	0.999995	306	2	0.48122
FMR1	8	0.97203	0.97125	0.999986	972	0	0.15635	0.05228	0.11937	0.989472	118	3	0.15635
YIPF5	8	0.97236	0.97159	0.999986	973	0	0.23853	0.83877	0.83849	0.999995	843	0	0.23853
HTR3D	8	0.97268	0.9719	0.999986	974	0	0.12305	0.12791	0.2316	0.999995	239	2	0.12305
MRPL55	8	0.97374	0.97305	0.999986	975	0	-0.19856	0.80734	0.80744	0.999995	818	0	-0.19856
BZW1	6	0.97473	0.97465	0.999986	976	0	0.23789	0.19458	0.29414	0.999995	320	2	0.23789
PACS2	8	0.97505	0.97444	0.999986	977	0	-0.078948	0.60111	0.61365	0.999995	621	1	-0.078948
PDX1	8	0.97524	0.97461	0.999986	978	0	0.52577	0.01526	0.04653	0.985689	47	3	0.52577
IDH1	8	0.97531	0.97466	0.999986	979	0	0.13185	0.57189	0.59118	0.999995	597	1	0.13185
ABCG2	8	0.97578	0.97515	0.999986	980	0	0.27663	0.20131	0.31326	0.999995	328	2	0.27663
BATF3	8	0.97711	0.97662	0.999986	981	0	-0.035957	0.20165	0.31363	0.999995	329	1	-0.035957
MYBPH	8	0.97725	0.97676	0.999986	982	0	0.38317	0.35451	0.45821	0.999995	468	1	0.38317
CRNN	8	0.97745	0.97697	0.999986	983	0	-0.17664	0.83535	0.83512	0.999995	840	0	-0.17664
LRBA	8	0.97752	0.97704	0.999986	984	0	0.42143	0.023284	0.063586	0.989472	65	3	0.42143
UBASH3B	8	0.97782	0.97724	0.999986	985	0	0.304	0.0043986	0.015323	0.706199	23	3	0.304
SATB2	8	0.97815	0.97755	0.999986	986	0	0.40324	0.22474	0.33957	0.999995	354	2	0.40324
SAP30L	8	0.97899	0.97836	0.999986	987	0	-0.025906	0.22797	0.34305	0.999995	359	2	-0.025906
ERN1	8	0.97902	0.97841	0.999986	988	0	0.25469	0.2251	0.33997	0.999995	355	2	0.25469
ZMIZ2	8	0.9794	0.9789	0.999986	989	0	0.14804	0.039792	0.095484	0.989472	92	1	0.14804
TRPC5	8	0.97958	0.97916	0.999986	990	0	0.044911	0.32141	0.44188	0.999995	452	1	0.044911
CDK8	8	0.98064	0.98017	0.999986	991	0	0.081778	0.24349	0.3606	0.999995	377	2	0.081778
SMAP2	8	0.98117	0.98076	0.999986	992	0	0.37436	0.061006	0.13631	0.989472	148	3	0.37436
RNF113B	8	0.98131	0.98093	0.999986	993	0	0.25917	0.039527	0.095045	0.989472	91	3	0.25917
DYNLT1	8	0.98142	0.98102	0.999986	994	0	0.5445	0.21938	0.3337	0.999995	351	2	0.5445
DLL1	8	0.98168	0.9813	0.999986	995	0	0.60325	0.071727	0.15663	0.992999	166	3	0.60325
PPP3R1	8	0.98179	0.98145	0.999986	996	0	0.041269	0.54128	0.56916	0.999995	581	1	0.041269
RSPH1	8	0.98185	0.98152	0.999986	997	0	0.53628	0.70867	0.70892	0.999995	722	0	0.53628
PTCH2	8	0.98285	0.98259	0.999986	998	0	0.26604	0.75778	0.75765	0.999995	771	0	0.26604
GLT6D1	8	0.98304	0.9828	0.999986	999	0	0.47445	0.028124	0.072898	0.989472	74	3	0.47445
HPS1	8	0.98317	0.98289	0.999986	1000	0	0.48753	0.24312	0.36022	0.999995	374	2	0.48753
FOXK1	8	0.98335	0.9831	0.999986	1001	0	0.12601	0.24966	0.36761	0.999995	384	2	0.12601
FOXE3	8	0.98346	0.98326	0.999986	1002	0	0.60588	0.011992	0.037292	0.985689	40	4	0.60588
G3BP2	8	0.98348	0.98327	0.999986	1003	0	0.73733	0.0051603	0.017415	0.769183	24	4	0.73733
FSD1L	8	0.98443	0.98437	0.999986	1004	0	0.42275	0.093321	0.19362	0.999995	200	2	0.42275
IQCA1L	8	0.98458	0.98453	0.999986	1005	0	0.30751	0.47373	0.52545	0.999995	531	1	0.30751
KAT6B	8	0.98479	0.98477	0.999986	1006	0	0.10607	0.054139	0.1232	0.989472	126	2	0.10607
ARID1A	8	0.98491	0.98486	0.999986	1007	0	0.20978	0.66739	0.66969	0.999995	682	1	0.20978
CAB39	8	0.9851	0.98503	0.999986	1008	0	0.29125	0.13681	0.24136	0.999995	253	2	0.29125
PXDN	8	0.98586	0.98578	0.999986	1009	0	0.33976	0.25111	0.36914	0.999995	386	2	0.33976
CDK17	8	0.98606	0.98601	0.999986	1010	0	0.27522	0.50827	0.54724	0.999995	562	1	0.27522
ANKRD37	8	0.9861	0.98604	0.999986	1011	0	0.265	0.83764	0.83724	0.999995	842	0	0.265
KLF5	8	0.98656	0.98642	0.999986	1012	0	0.31746	0.86849	0.86792	0.999995	883	0	0.31746
CPS1	8	0.98677	0.98664	0.999986	1013	0	0.042116	0.85464	0.85453	0.999995	865	0	0.042116
FXR2	8	0.98682	0.98667	0.999986	1014	0	0.10597	0.059635	0.13347	0.989472	142	2	0.10597
OGDHL	8	0.98754	0.98741	0.999986	1015	0	0.11002	0.54829	0.57414	0.999995	584	1	0.11002
ACACB	8	0.98768	0.98754	0.999986	1016	0	0.18718	0.28074	0.40245	0.999995	421	2	0.18718
PHLDA3	8	0.98816	0.98796	0.999986	1017	0	0.31901	0.082965	0.17757	0.999995	184	3	0.31901
TMEM30B	8	0.9882	0.98798	0.999986	1018	0	0.28388	0.26315	0.38284	0.999995	401	2	0.28388
CNOT8	7	0.98887	0.98872	0.999986	1019	0	0.1525	0.52356	0.53988	0.999995	573	1	0.1525
AP1G1	8	0.98905	0.98869	0.999986	1020	0	0.40621	0.70898	0.70924	0.999995	723	0	0.40621
DMXL1	8	0.99033	0.99013	0.999986	1021	0	0.28715	0.0017045	0.006898	0.560066	13	3	0.28715
SNRPN	7	0.99052	0.9903	0.999986	1022	0	0.34601	0.16086	0.25721	0.999995	281	2	0.34601
FAM50A	8	0.99052	0.99031	0.999986	1023	0	0.41152	0.24385	0.36093	0.999995	378	2	0.41152
SPTA1	8	0.991	0.99077	0.999986	1024	0	0.089527	0.57322	0.59197	0.999995	598	1	0.089527
LARP1	8	0.99109	0.99085	0.999986	1025	0	0.2299	0.70066	0.70109	0.999995	716	0	0.2299
PDCD4	8	0.9918	0.99168	0.999986	1026	0	0.46269	0.050523	0.11618	0.989472	114	2	0.46269
IRF6	8	0.99189	0.99182	0.999986	1027	0	0.58968	0.21724	0.33125	0.999995	348	2	0.58968
PACS1	8	0.9921	0.99207	0.999986	1028	0	0.16045	0.6573	0.66082	0.999995	673	1	0.16045
LMBR1L	8	0.99235	0.99228	0.999986	1029	0	0.39021	0.088648	0.18814	0.999995	197	3	0.39021
QSOX1	8	0.99282	0.99278	0.999986	1030	0	0.26951	0.012501	0.038917	0.985689	41	2	0.26951
DENND5A	8	0.99301	0.99291	0.999986	1031	0	0.28372	0.79464	0.79432	0.999995	805	0	0.28372
ERO1B	8	0.9937	0.99372	0.999986	1032	0	0.59551	0.1155	0.21785	0.999995	224	2	0.59551
UBQLN3	8	0.99381	0.99381	0.999986	1033	0	0.4208	0.19397	0.30508	0.999995	319	1	0.4208
RYBP	7	0.99433	0.99401	0.999986	1034	0	1.4451	9.2426e-06	4.2033e-05	0.014851	3	5	1.4451
RB1	8	0.99435	0.99431	0.999986	1035	0	2.4614	5.5508e-13	4.6703e-06	0.002475	1	7	2.4614
ABCA3	8	0.99463	0.99462	0.999986	1036	0	0.34723	0.085086	0.18131	0.999995	189	3	0.34723
ENOX1	8	0.99494	0.99492	0.999986	1037	0	0.43312	0.042919	0.10128	0.989472	97	3	0.43312
APOBEC1	8	0.9953	0.9953	0.999986	1038	0	0.42163	0.00019379	0.00098543	0.202145	5	4	0.42163
ARHGEF6	8	0.9955	0.99542	0.999986	1039	0	0.52414	0.16782	0.27568	0.999995	288	2	0.52414
DEGS2	8	0.99588	0.99585	0.999986	1040	0	0.30969	0.62701	0.63456	0.999995	642	1	0.30969
CWF19L1	8	0.99594	0.99589	0.999986	1041	0	0.15269	0.2176	0.33161	0.999995	350	2	0.15269
COPS7A	8	0.99647	0.99641	0.999986	1042	0	0.54569	0.00198	0.0079255	0.560066	15	2	0.54569
SEC23A	8	0.99649	0.99642	0.999986	1043	0	0.35427	0.21333	0.32694	0.999995	345	2	0.35427
DLL4	8	0.99657	0.99649	0.999986	1044	0	0.45125	0.053246	0.12136	0.989472	122	3	0.45125
SPTLC3	8	0.99685	0.99672	0.999986	1045	0	0.69334	0.0074492	0.024505	0.829133	31	4	0.69334
NUMB	8	0.99693	0.99682	0.999986	1046	0	0.56624	0.034968	0.086041	0.989472	82	3	0.56624
HMSD	8	0.9972	0.99716	0.999986	1047	0	0.24042	0.48268	0.53093	0.999995	543	1	0.24042
MBD4	16	0.99737	0.99777	0.999986	1048	0	0.53753	0.24343	0.43755	0.999995	375	2	0.53753
EGFR	8	0.99776	0.99773	0.999986	1049	0	0.35314	0.031857	0.080193	0.989472	79	3	0.35314
NAT8L	8	0.99779	0.99779	0.999986	1050	0	0.3217	0.32472	0.4435	0.999995	456	1	0.3217
MTA3	8	0.99786	0.99787	0.999986	1051	0	0.44205	0.047989	0.11115	0.989472	107	3	0.44205
PDGFD	8	0.99809	0.99805	0.999986	1052	0	0.51849	0.22726	0.34215	0.999995	357	2	0.51849
IFIH1	8	0.9987	0.99869	0.999986	1053	0	0.47113	0.61304	0.6233	0.999995	632	1	0.47113
NMT2	8	0.99877	0.99875	0.999986	1054	0	0.61428	0.26792	0.38819	0.999995	407	2	0.61428
PSMB9	8	0.99938	0.99925	0.999986	1055	0	0.3769	0.076209	0.165	0.999995	171	2	0.3769
TPBGL	8	0.99952	0.99943	0.999986	1056	0	0.77153	0.0042435	0.014716	0.706199	22	4	0.77153
SMARCA2	8	0.99956	0.99947	0.999986	1057	0	0.67344	0.0085715	0.027615	0.836351	35	4	0.67344
TP53	8	0.99984	0.99975	0.999986	1058	0	1.8048	1.4654e-08	4.6703e-06	0.002475	2	7	1.8048
TGM6	8	0.99998	0.99999	0.999986	1059	0	0.779	0.014577	0.044727	0.985689	45	4	0.779
KIT	16	0.99998	0.99996	0.999986	1060	0	0.37479	0.84451	0.86003	0.999995	854	1	0.37479
