id	num	neg|score	neg|p-value	neg|fdr	neg|rank	neg|goodsgrna	neg|lfc	pos|score	pos|p-value	pos|fdr	pos|rank	pos|goodsgrna	pos|lfc
RRM1	8	6.4099e-10	4.6703e-06	0.001238	1	8	-3.1537	1.0	1.0	0.999995	1060	0	-3.1537
MYC	8	2.7861e-09	4.6703e-06	0.001238	2	8	-1.9019	1.0	1.0	0.999995	1059	0	-1.9019
KIF11	4	2.0735e-06	4.6703e-06	0.001238	3	4	-2.8346	1.0	1.0	0.999995	1058	0	-2.8346
BUB3	4	2.5073e-06	1.4011e-05	0.00297	4	4	-3.4415	1.0	1.0	0.999995	1057	0	-3.4415
NAE1	8	2.61e-06	4.6703e-06	0.001238	5	7	-1.2196	0.9728	0.98943	0.999995	943	1	-1.2196
CKAP5	8	9.5228e-06	3.2692e-05	0.005776	6	7	-1.5809	0.99994	0.99993	0.999995	1048	0	-1.5809
SF3B3	4	9.955e-06	4.2033e-05	0.006188	7	4	-2.8086	0.99999	0.99999	0.999995	1056	0	-2.8086
RPP21	4	1.3241e-05	5.1373e-05	0.006188	8	4	-2.9195	0.99999	0.99999	0.999995	1055	0	-2.9195
RPL36	4	1.4283e-05	6.0714e-05	0.006188	9	4	-2.0459	0.99999	0.99999	0.999995	1054	0	-2.0459
CDK7	4	1.8813e-05	7.0054e-05	0.006188	10	4	-2.4946	0.99998	0.99999	0.999995	1053	0	-2.4946
ALDOA	4	1.989e-05	7.0054e-05	0.006188	11	4	-2.5047	0.99998	0.99998	0.999995	1052	0	-2.5047
POLR2L	4	2.1885e-05	7.0054e-05	0.006188	12	4	-3.1726	0.99998	0.99998	0.999995	1051	0	-3.1726
MTG2	4	3.3785e-05	8.8735e-05	0.006719	13	4	-1.6009	0.99997	0.99997	0.999995	1050	0	-1.6009
COPA	4	3.5825e-05	9.8076e-05	0.006931	14	4	-3.4588	0.99992	0.99991	0.999995	1043	0	-3.4588
INTS6	3	4.2685e-05	8.8735e-05	0.006719	15	3	-3.2728	0.99996	0.99995	0.999995	1049	0	-3.2728
RRM2	4	5.7948e-05	0.00015412	0.00961	16	2	-1.5643	0.49988	0.67515	0.999995	657	1	-1.5643
PPP4C	4	6.125e-05	0.00015412	0.00961	17	4	-1.8488	0.99994	0.99994	0.999995	1047	0	-1.8488
TOMM40	7	7.414e-05	0.00045302	0.020878	18	6	-1.2611	0.54686	0.79838	0.999995	683	1	-1.2611
ATP5F1A	4	7.5808e-05	0.00024752	0.014576	19	4	-1.613	0.99992	0.99992	0.999995	1046	0	-1.613
VMP1	4	7.9627e-05	0.00026621	0.014604	20	4	-1.926	0.99992	0.99991	0.999995	1045	0	-1.926
TOP2A	4	8.1194e-05	0.00027555	0.014604	21	4	-2.4129	0.99992	0.99991	0.999995	1044	0	-2.4129
CTR9	4	0.00010857	0.00040631	0.020509	22	4	-1.6117	0.99989	0.99989	0.999995	1042	0	-1.6117
SF3B1	4	0.00011767	0.00045302	0.020878	23	4	-1.737	0.99988	0.99988	0.999995	1041	0	-1.737
SF3A1	4	0.00014744	0.00062115	0.027129	24	3	-2.5465	0.97341	0.97375	0.999995	945	0	-2.5465
RPS19	4	0.00015603	0.00063983	0.027129	25	4	-1.7998	0.99984	0.99986	0.999995	1040	0	-1.7998
STT3B	4	0.00017627	0.00077994	0.028953	26	4	-1.3003	0.99982	0.99985	0.999995	1039	0	-1.3003
PRPF8	4	0.00017966	0.00079862	0.028953	27	4	-2.5503	0.99981	0.99983	0.999995	1036	0	-2.5503
ATP6V1C1	4	0.00018344	0.00084532	0.028953	28	4	-1.3555	0.99982	0.99984	0.999995	1038	0	-1.3555
AKIRIN2	4	0.00018636	0.000864	0.028953	29	4	-1.1923	0.99981	0.99984	0.999995	1037	0	-1.1923
CPSF3	4	0.00019688	0.00089202	0.028953	30	4	-2.1804	0.9998	0.99983	0.999995	1035	0	-2.1804
CCND1	4	0.00019997	0.00089202	0.028953	31	4	-1.4501	0.9998	0.99983	0.999995	1034	0	-1.4501
NAA10	4	0.00020105	0.00089202	0.028953	32	4	-2.0646	0.99974	0.99975	0.999995	1032	0	-2.0646
NAA15	4	0.00020784	0.00090136	0.028953	33	4	-2.461	0.99979	0.99981	0.999995	1033	0	-2.461
SNRPD3	4	0.00025303	0.0010882	0.033925	34	3	-2.4085	0.3228	0.54605	0.999995	551	1	-2.4085
WDR12	4	0.00027948	0.0012189	0.036917	35	4	-1.6023	0.99972	0.99974	0.999995	1031	0	-1.6023
ZNF407	4	0.00029164	0.0012563	0.036991	36	4	-1.7117	0.99971	0.99973	0.999995	1030	0	-1.7117
EIF3B	4	0.00037067	0.0015272	0.042861	37	4	-1.6543	0.99963	0.99967	0.999995	1029	0	-1.6543
TOP1	4	0.00037314	0.0015365	0.042861	38	4	-1.6657	0.99963	0.99967	0.999995	1028	0	-1.6657
ACACA	4	0.00042795	0.0017327	0.047093	39	4	-1.9431	0.99957	0.99959	0.999995	1027	0	-1.9431
TSG101	4	0.00046186	0.0018728	0.04866	40	4	-0.82953	0.99954	0.99956	0.999995	1026	0	-0.82953
RIC8A	4	0.00046477	0.0018821	0.04866	41	4	-1.6715	0.99954	0.99956	0.999995	1025	0	-1.6715
CLTC	4	0.00048858	0.0019942	0.05033	42	4	-1.7033	0.99951	0.99955	0.999995	1024	0	-1.7033
ISCA2	4	0.0005422	0.0022464	0.053702	43	4	-1.116	0.99946	0.99949	0.999995	1023	0	-1.116
ATP5F1B	4	0.00055544	0.0022838	0.053702	44	4	-1.3172	0.99944	0.99948	0.999995	1022	0	-1.3172
MED18	8	0.0005638	0.0029002	0.059311	45	6	-1.0504	0.22877	0.51322	0.999995	457	2	-1.0504
CDIPT	4	0.00056919	0.0023305	0.053702	46	3	-1.8231	0.71532	0.83135	0.999995	797	1	-1.8231
ACTL6A	4	0.00068053	0.0027882	0.059307	47	3	-2.5298	0.32966	0.55441	0.999995	559	1	-2.5298
MED20	4	0.00068573	0.0027975	0.059307	48	4	-1.4706	0.99931	0.99943	0.999995	1021	0	-1.4706
CHORDC1	3	0.00079449	0.0023118	0.053702	49	3	-2.697	0.99921	0.99919	0.999995	1020	0	-2.697
TIMM10	4	0.00081968	0.0032739	0.064815	50	4	-1.3105	0.99918	0.99929	0.999995	1019	0	-1.3105
ILF3	4	0.00087673	0.0035167	0.066566	51	3	-1.9746	0.84121	0.87766	0.999995	843	1	-1.9746
CLNS1A	3	0.00091271	0.0026387	0.059097	52	3	-1.6359	0.99909	0.99906	0.999995	1018	0	-1.6359
HMGCS1	3	0.00092579	0.0026761	0.059097	53	3	-2.7948	0.99907	0.99904	0.999995	1017	0	-2.7948
TRRAP	4	0.00093727	0.0038063	0.070075	54	4	-1.527	0.99906	0.99924	0.999995	1016	0	-1.527
THRAP3	4	0.00094223	0.0038343	0.070075	55	4	-0.78914	0.99906	0.99923	0.999995	1015	0	-0.78914
RPL3	7	0.0009909	0.0045535	0.075418	56	4	-1.3759	0.040457	0.14946	0.770255	163	3	-1.3759
PAF1	4	0.0010136	0.0040678	0.073083	57	4	-1.0534	0.99899	0.99914	0.999995	1014	0	-1.0534
DYNLRB1	3	0.0010279	0.0029096	0.059311	58	3	-1.9241	0.99897	0.9989	0.999995	1013	0	-1.9241
POLR2B	4	0.0010419	0.0042079	0.073698	59	3	-2.3465	0.042221	0.125	0.754082	171	1	-2.3465
TOMM22	4	0.0010508	0.0042453	0.073698	60	4	-1.6694	0.99895	0.99912	0.999995	1012	0	-1.6694
SMC1A	4	0.0011002	0.0044134	0.074257	61	4	-1.7258	0.9989	0.99907	0.999995	1011	0	-1.7258
RPL13	3	0.0011449	0.0033019	0.064815	62	3	-1.6996	0.99886	0.99876	0.999995	1010	0	-1.6996
PSMB3	3	0.0011832	0.0033953	0.065437	63	3	-3.4846	0.99882	0.99872	0.999995	1009	0	-3.4846
ATP6V1B2	4	0.0013388	0.0052821	0.084833	64	3	-1.7792	0.99524	0.99541	0.999995	989	0	-1.7792
HUS1	4	0.0013798	0.0054315	0.085932	65	4	-0.80018	0.99862	0.99873	0.999995	1008	0	-0.80018
RPS11	3	0.0015115	0.0043107	0.073698	66	3	-2.4461	0.99849	0.99832	0.999995	1007	0	-2.4461
HSCB	4	0.0017011	0.0063936	0.099665	67	3	-1.8506	0.67643	0.80434	0.999995	775	1	-1.8506
SBNO1	4	0.0017929	0.0065898	0.101234	68	3	-1.7276	0.92593	0.92737	0.999995	897	1	-1.7276
CCT6A	3	0.0018431	0.0051326	0.083701	69	3	-1.6663	0.99816	0.99804	0.999995	1004	0	-1.6663
RAN	4	0.001953	0.0069073	0.104597	70	3	-1.692	0.84352	0.87875	0.999995	845	1	-1.692
VCP	4	0.00221	0.0075332	0.108576	71	3	-1.3923	0.90566	0.91216	0.999995	882	1	-1.3923
MRPL41	4	0.0022279	0.0075799	0.108576	72	3	-1.7132	0.99662	0.99663	0.999995	992	0	-1.7132
COX6B1	8	0.0024777	0.010644	0.13593	73	5	-0.67123	0.66402	0.87794	0.999995	765	1	-0.67123
PSMC3	4	0.0025269	0.0082991	0.117294	74	3	-1.7574	0.92852	0.92931	0.999995	899	1	-1.7574
RPL14	3	0.0027047	0.0073931	0.108576	75	2	-3.3445	0.90363	0.90307	0.999995	880	0	-3.3445
TNPO1	3	0.0027251	0.0074678	0.108576	76	3	-1.7442	0.99727	0.99708	0.999995	997	0	-1.7442
LONP1	4	0.0028718	0.0091397	0.123512	77	3	-1.4538	0.61329	0.75752	0.999995	725	1	-1.4538
RPL8	4	0.002893	0.0092051	0.123512	78	3	-1.7563	0.97161	0.97178	0.999995	942	0	-1.7563
FDPS	4	0.0029449	0.0093639	0.124072	79	2	-1.1037	0.17256	0.34856	0.942068	392	2	-1.1037
RPL10A	4	0.0031105	0.0097188	0.127185	80	3	-1.677	0.55001	0.71105	0.999995	684	1	-1.677
E2F3	3	0.003111	0.0085046	0.118616	81	2	-0.58729	0.9779	0.97745	0.999995	951	0	-0.58729
PRPF38A	4	0.003292	0.010233	0.132275	82	3	-1.2994	0.055551	0.15767	0.770255	209	1	-1.2994
DHX9	3	0.0033789	0.0091958	0.123512	83	3	-2.0969	0.99662	0.99656	0.999995	993	0	-2.0969
BUB1B	4	0.0035688	0.010933	0.137966	84	3	-1.5149	0.99716	0.99718	0.999995	996	0	-1.5149
XAB2	4	0.0040331	0.012063	0.150437	85	3	-1.2822	0.99668	0.99667	0.999995	995	0	-1.2822
POLR2A	4	0.0041797	0.012409	0.152947	86	2	-1.7516	0.8685	0.89095	0.999995	859	1	-1.7516
NDUFB4	4	0.004385	0.012885	0.155611	87	3	-1.3499	0.65866	0.79103	0.999995	758	1	-1.3499
NKAP	4	0.0044129	0.01296	0.155611	88	3	-1.2898	0.99835	0.99844	0.999995	1006	0	-1.2898
RNF113A	4	0.0044972	0.013212	0.155611	89	3	-1.0078	0.51507	0.68649	0.999995	663	1	-1.0078
CCNL1	4	0.004727	0.01381	0.158572	90	3	-1.126	0.98062	0.98091	0.999995	955	0	-1.126
SOD1	4	0.0047615	0.013931	0.158572	91	2	-1.4634	0.65948	0.79164	0.999995	760	1	-1.4634
TRAPPC3	4	0.0048446	0.01409	0.158572	92	3	-1.102	0.99144	0.99191	0.999995	979	0	-1.102
EIF4A3	4	0.0049944	0.01452	0.160324	93	3	-1.9801	0.30892	0.52945	0.999995	535	1	-1.9801
TUBB	3	0.0052238	0.014212	0.158572	94	2	-2.6472	0.99107	0.99109	0.999995	978	0	-2.6472
COX4I1	4	0.0056885	0.016211	0.177146	95	3	-1.168	0.99349	0.99378	0.999995	986	0	-1.168
RBBP4	3	0.0061588	0.016668	0.180289	96	2	-2.4245	0.13683	0.28805	0.901602	347	1	-2.4245
RPL18A	2	0.0067251	0.013203	0.155611	97	2	-2.132	0.99327	0.99308	0.999995	985	0	-2.132
RPS5	4	0.0068045	0.019013	0.20357	98	3	-1.3376	0.94602	0.94549	0.999995	916	0	-1.3376
RPS23	2	0.0068773	0.013483	0.157056	99	2	-2.1294	0.99312	0.99294	0.999995	983	0	-2.1294
HACD2	4	0.0069531	0.019377	0.205396	100	3	-1.0069	0.99667	0.99665	0.999995	994	0	-1.0069
SF3B5	4	0.0075417	0.020759	0.217871	101	2	-1.2348	0.95101	0.95059	0.999995	920	0	-1.2348
INTS2	4	0.0079699	0.021899	0.225368	102	3	-1.007	0.9921	0.99247	0.999995	981	0	-1.007
TUFM	3	0.0080423	0.021002	0.218259	103	2	-1.5892	0.95181	0.95136	0.999995	921	0	-1.5892
TIMM23	4	0.0081343	0.022338	0.227675	104	3	-0.95459	0.072236	0.19584	0.786322	261	1	-0.95459
MRPL38	4	0.0083428	0.022852	0.230693	105	3	-1.2282	0.98882	0.9893	0.999995	971	0	-1.2282
ELL	4	0.0084695	0.023151	0.231506	106	3	-0.91839	0.99789	0.99798	0.999995	999	0	-0.91839
HNRNPK	4	0.0086404	0.023543	0.232352	107	3	-1.5841	0.98781	0.98834	0.999995	967	0	-1.5841
RBM22	4	0.0087371	0.023674	0.232352	108	3	-0.674	0.98304	0.98331	0.999995	959	0	-0.674
MED23	4	0.0090772	0.024645	0.239668	109	3	-1.1763	0.92	0.92274	0.999995	892	1	-1.1763
KAT6A	4	0.0098049	0.026354	0.24862	110	3	-0.75461	0.95825	0.95798	0.999995	927	0	-0.75461
SF3B2	4	0.0098515	0.026504	0.24862	111	3	-0.73912	0.96779	0.96791	0.999995	937	0	-0.73912
AHCYL1	4	0.010087	0.027027	0.249892	112	3	-1.2728	0.99795	0.99804	0.999995	1002	0	-1.2728
SMARCA4	4	0.010135	0.027111	0.249892	113	3	-0.86105	0.49823	0.674	0.999995	655	1	-0.86105
GTF3C1	4	0.010374	0.027755	0.253628	114	3	-0.64268	0.99454	0.99479	0.999995	987	0	-0.64268
RPS3	3	0.010556	0.025112	0.241504	115	2	-2.0518	0.45105	0.60553	0.999995	621	1	-2.0518
AFG3L2	3	0.010714	0.02529	0.241504	116	2	-2.458	0.76146	0.79088	0.999995	812	1	-2.458
BAP1	4	0.011065	0.029549	0.267708	117	3	-0.65068	0.94756	0.94696	0.999995	917	0	-0.65068
ARID1A	4	0.011524	0.03067	0.274024	118	3	-0.5907	0.96429	0.96411	0.999995	932	0	-0.5907
NAPA	4	0.011575	0.030763	0.274024	119	3	-1.1288	0.9918	0.99229	0.999995	980	0	-1.1288
PPP2R1A	4	0.011942	0.031641	0.279497	120	3	-0.81826	0.1491	0.31401	0.907827	366	1	-0.81826
MANF	4	0.012261	0.032435	0.284142	121	3	-1.0538	0.98977	0.99026	0.999995	974	0	-1.0538
RPA1	4	0.012423	0.032846	0.284835	122	3	-1.1163	0.99782	0.99789	0.999995	998	0	-1.1163
CFL1	4	0.012532	0.033052	0.284835	123	3	-0.75777	0.99316	0.99341	0.999995	984	0	-0.75777
GAPDH	4	0.01314	0.034481	0.294754	124	3	-0.95452	0.99791	0.99799	0.999995	1000	0	-0.95452
RPL19	4	0.013312	0.034882	0.295802	125	2	-0.83589	0.66646	0.79682	0.999995	767	2	-0.83589
CDS2	4	0.013767	0.035975	0.302648	126	3	-1.2939	0.12598	0.27989	0.892977	332	1	-1.2939
SNRPB	4	0.013941	0.036414	0.303929	127	3	-0.76549	0.3704	0.5847	0.999995	583	1	-0.76549
RFC2	4	0.014491	0.037498	0.308581	128	2	-0.73484	0.4852	0.66441	0.999995	644	2	-0.73484
SF1	4	0.015137	0.039001	0.318012	129	3	-0.62012	0.89756	0.90712	0.999995	874	1	-0.62012
PRKDC	8	0.015431	0.051219	0.371152	130	4	-0.28908	0.47394	0.7553	0.999995	634	3	-0.28908
TACC3	4	0.01605	0.041047	0.332137	131	3	-1.1335	0.92014	0.9229	0.999995	893	1	-1.1335
FZR1	4	0.016268	0.041589	0.333971	132	3	-0.55614	0.98808	0.98853	0.999995	968	0	-0.55614
NDUFC1	4	0.016721	0.042598	0.3395	133	3	-0.6082	0.99021	0.99073	0.999995	977	0	-0.6082
NMT1	4	0.016984	0.043214	0.341843	134	3	-0.63434	0.96737	0.96756	0.999995	936	0	-0.63434
FARS2	4	0.017383	0.044064	0.345787	135	3	-0.49656	0.99529	0.99548	0.999995	990	0	-0.49656
ATP6V1D	4	0.017517	0.044391	0.345787	136	3	-1.2366	0.75958	0.84574	0.999995	810	1	-1.2366
SFPQ	4	0.017872	0.045157	0.345787	137	2	-0.67352	0.98963	0.99008	0.999995	973	0	-0.67352
RNF20	4	0.017924	0.045344	0.345787	138	3	-0.64522	0.062603	0.1749	0.770255	230	1	-0.64522
MED26	4	0.018101	0.045792	0.346711	139	2	-0.96228	0.82307	0.86971	0.999995	832	1	-0.96228
RPS8	3	0.018145	0.037554	0.308581	140	2	-1.3529	0.88179	0.882	0.999995	864	1	-1.3529
COPZ1	4	0.01918	0.048193	0.362299	141	3	-0.54185	0.94886	0.94841	0.999995	919	0	-0.54185
ANAPC4	4	0.019394	0.048809	0.363533	142	3	-0.70483	0.99016	0.99066	0.999995	976	0	-0.70483
ATP5F1D	4	0.019531	0.049043	0.363533	143	2	-0.54523	0.24385	0.44668	0.999995	471	2	-0.54523
MED8	4	0.0199	0.049977	0.367884	144	3	-0.49257	0.99803	0.99815	0.999995	1003	0	-0.49257
XRCC6	4	0.020563	0.051471	0.371152	145	3	-0.49984	0.97904	0.97932	0.999995	953	0	-0.49984
NXT2	4	0.021013	0.052536	0.375407	146	3	-0.61358	0.88036	0.89736	0.999995	863	1	-0.61358
WASL	4	0.021088	0.052769	0.375407	147	3	-0.61148	0.45217	0.64182	0.999995	622	1	-0.61148
NCBP2	4	0.021508	0.05376	0.378172	148	1	-0.023608	0.66111	0.79278	0.999995	762	2	-0.023608
RPL5	4	0.021622	0.053872	0.378172	149	3	-1.2339	0.9454	0.94481	0.999995	914	0	-1.2339
G3BP1	4	0.021853	0.054451	0.379723	150	3	-0.44173	0.94509	0.94436	0.999995	913	0	-0.44173
KIF4A	4	0.022164	0.05517	0.381283	151	3	-0.68001	0.98895	0.98941	0.999995	972	0	-0.68001
ATP7A	4	0.022398	0.055637	0.381283	152	3	-0.52913	0.89789	0.90729	0.999995	875	1	-0.52913
SIN3A	4	0.022477	0.055843	0.381283	153	3	-0.88741	0.99793	0.99803	0.999995	1001	0	-0.88741
TBP	4	0.024229	0.060177	0.403605	154	2	-0.64399	0.17576	0.3531	0.942776	397	1	-0.64399
UQCRC1	4	0.024415	0.060541	0.403605	155	3	-0.56753	0.99834	0.99842	0.999995	1005	0	-0.56753
RPL37A	2	0.024531	0.04525	0.345787	156	1	-1.4674	0.11136	0.18874	0.770255	311	1	-1.4674
CAND1	4	0.024921	0.061596	0.406894	157	2	-0.87786	0.9885	0.98902	0.999995	969	0	-0.87786
CDK2	4	0.024999	0.061802	0.406894	158	3	-0.56145	0.89486	0.90544	0.999995	873	1	-0.56145
PMPCB	4	0.025247	0.062381	0.408171	159	2	-0.87518	0.24678	0.45055	0.999995	474	1	-0.87518
RPL11	3	0.026281	0.050612	0.36999	160	2	-1.36	0.80647	0.82053	0.999995	822	1	-1.36
MORF4L1	3	0.030413	0.056861	0.3839	161	2	-1.2791	0.53912	0.681	0.999995	679	1	-1.2791
RPL31	2	0.030858	0.056113	0.381283	162	2	-1.0257	0.96914	0.9687	0.999995	940	0	-1.0257
MED12	4	0.031251	0.071161	0.457156	163	2	-0.86366	0.98654	0.98693	0.999995	964	0	-0.86366
EIF3J	4	0.032337	0.072758	0.464309	164	2	-0.63593	0.74633	0.84112	0.999995	805	1	-0.63593
FANCM	4	0.033997	0.075149	0.474157	165	2	-0.79043	0.9947	0.99498	0.999995	988	0	-0.79043
IPO7	3	0.035372	0.064791	0.421339	166	2	-1.0548	0.90975	0.90932	0.999995	887	0	-1.0548
PSMA2	4	0.037424	0.079801	0.500527	167	2	-0.47825	0.30869	0.52916	0.999995	534	2	-0.47825
RPL17	3	0.037919	0.069003	0.445997	168	1	0.12308	0.88672	0.88681	0.999995	868	0	0.12308
SNRPB2	3	0.040375	0.073151	0.464309	169	2	-0.87651	0.88526	0.8856	0.999995	866	1	-0.87651
GFM1	4	0.046608	0.092859	0.579004	170	2	-0.47759	0.84398	0.8789	0.999995	847	1	-0.47759
SPTLC2	4	0.050078	0.097828	0.606421	171	2	-0.651	0.98372	0.98405	0.999995	961	0	-0.651
ABT1	4	0.053426	0.10259	0.628598	172	2	-0.61176	0.88965	0.90247	0.999995	870	1	-0.61176
PSMB6	4	0.054562	0.10432	0.635513	173	2	-0.51693	0.83981	0.87714	0.999995	842	1	-0.51693
RYBP	3	0.055769	0.098548	0.607328	174	2	-0.57216	0.55665	0.68823	0.999995	692	1	-0.57216
RPA3	4	0.058734	0.11021	0.667581	175	2	-0.38839	0.47059	0.65467	0.999995	632	2	-0.38839
INCENP	4	0.059442	0.11129	0.670258	176	2	-0.42309	0.80233	0.86102	0.999995	819	1	-0.42309
HNRNPH1	4	0.06279	0.11614	0.695503	177	2	-0.76412	0.97286	0.97319	0.999995	944	0	-0.76412
SNAPC4	4	0.065965	0.12067	0.718573	178	2	-0.30001	0.81747	0.86736	0.999995	829	1	-0.30001
SEPHS2	4	0.066459	0.1216	0.72009	179	2	-0.38171	0.93738	0.93699	0.999995	910	1	-0.38171
TAMM41	4	0.070213	0.12683	0.742766	180	2	-0.58386	0.063482	0.17704	0.770255	234	1	-0.58386
DHX29	3	0.071026	0.12315	0.72522	181	2	-0.69057	0.83147	0.83909	0.999995	836	1	-0.69057
ATR	4	0.073018	0.13062	0.760771	182	2	-0.4364	0.99255	0.99289	0.999995	982	0	-0.4364
PFN1	4	0.081961	0.14306	0.828626	183	2	-0.15579	0.45802	0.64575	0.999995	625	2	-0.15579
SOAT1	4	0.085251	0.14784	0.851673	184	1	-0.084536	0.894	0.90499	0.999995	872	1	-0.084536
KHSRP	4	0.086582	0.14962	0.857292	185	2	-0.3848	0.80667	0.8628	0.999995	823	1	-0.3848
YIF1A	4	0.091581	0.15696	0.894523	186	2	-0.4454	0.9391	0.93863	0.999995	911	1	-0.4454
MED31	4	0.092994	0.1585	0.898083	187	1	-0.013913	0.90722	0.91304	0.999995	884	1	-0.013913
UTP14A	4	0.093837	0.15982	0.898083	188	2	-0.19444	0.33307	0.55833	0.999995	564	1	-0.19444
PDS5A	4	0.09412	0.16013	0.898083	189	2	-0.16179	0.59871	0.74738	0.999995	717	2	-0.16179
SLC25A25	4	0.099857	0.16849	0.939995	190	2	-0.12448	0.61269	0.75708	0.999995	724	2	-0.12448
NUTF2	4	0.10154	0.1711	0.949588	191	1	-0.084796	0.52939	0.69646	0.999995	674	1	-0.084796
POLR2F	4	0.10307	0.17327	0.956606	192	2	-0.12925	0.5944	0.74415	0.999995	712	2	-0.12925
GPR151	4	0.10661	0.17832	0.979352	193	2	-0.36545	0.75254	0.84327	0.999995	807	1	-0.36545
ADAP1	4	0.1084	0.18102	0.989053	194	2	-0.054147	0.34627	0.56822	0.999995	570	2	-0.054147
MMD	4	0.10989	0.18298	0.994296	195	2	-0.35773	0.92813	0.92904	0.999995	898	1	-0.35773
LSM4	4	0.1108	0.18423	0.994296	196	2	0.0081531	0.043114	0.12714	0.754082	175	2	0.0081531
EPC2	4	0.11352	0.1877	0.999995	197	2	-0.27718	0.7599	0.84586	0.999995	811	1	-0.27718
VPS37A	4	0.11443	0.18902	0.999995	198	2	-0.24249	0.98329	0.9836	0.999995	960	0	-0.24249
MBTD1	4	0.1175	0.19313	0.999995	199	2	-0.17627	0.87733	0.89576	0.999995	862	1	-0.17627
COPG1	4	0.11873	0.19479	0.999995	200	2	-0.29812	0.44923	0.6398	0.999995	620	1	-0.29812
RHBDF1	4	0.1209	0.19764	0.999995	201	2	-0.27722	0.92514	0.92679	0.999995	896	1	-0.27722
NSG2	4	0.12431	0.20258	0.999995	202	1	0.44192	0.11596	0.26487	0.880148	321	2	0.44192
ABCG2	4	0.12559	0.20446	0.999995	203	2	-0.22004	0.97431	0.97455	0.999995	949	0	-0.22004
BECN1	4	0.12717	0.20664	0.999995	204	2	-0.46973	0.68814	0.81323	0.999995	784	1	-0.46973
NAA11	4	0.1313	0.21241	0.999995	205	2	-0.13431	0.68403	0.81003	0.999995	781	2	-0.13431
SKA1	4	0.13162	0.21284	0.999995	206	2	-0.29128	0.92314	0.92524	0.999995	894	1	-0.29128
RNF40	4	0.1318	0.21302	0.999995	207	1	0.092336	0.96903	0.96929	0.999995	939	0	0.092336
DDX5	4	0.13355	0.21531	0.999995	208	2	-0.088676	0.70797	0.82868	0.999995	795	2	-0.088676
XPR1	4	0.13613	0.21889	0.999995	209	2	-0.2995	0.8426	0.87834	0.999995	844	1	-0.2995
ZMAT2	4	0.13677	0.21973	0.999995	210	1	0.67629	0.10601	0.24972	0.875064	300	3	0.67629
PUM2	4	0.13873	0.22204	0.999995	211	2	-0.35243	0.98989	0.99039	0.999995	975	0	-0.35243
PMM1	4	0.14266	0.22797	0.999995	212	2	0.017683	0.33511	0.56056	0.999995	567	2	0.017683
SNRPD2	3	0.14372	0.19835	0.999995	213	1	-0.33576	0.92359	0.92301	0.999995	895	0	-0.33576
USP5	4	0.14747	0.23435	0.999995	214	1	0.33092	0.17974	0.35907	0.944464	401	2	0.33092
BRD8	4	0.14762	0.23456	0.999995	215	2	-0.19178	0.82433	0.8703	0.999995	833	1	-0.19178
ZNF804B	4	0.14829	0.23545	0.999995	216	2	-0.25445	0.41173	0.61304	0.999995	602	1	-0.25445
EIF3L	4	0.14996	0.23778	0.999995	217	2	-0.2154	0.89905	0.90805	0.999995	877	1	-0.2154
MTHFD1	4	0.15029	0.23818	0.999995	218	2	-0.35956	0.4849	0.66424	0.999995	643	1	-0.35956
GYS2	4	0.1513	0.23949	0.999995	219	2	-0.19149	0.73253	0.83633	0.999995	803	1	-0.19149
FAM50A	4	0.15197	0.24029	0.999995	220	2	-0.21441	0.82156	0.86903	0.999995	830	1	-0.21441
APH1A	4	0.15365	0.24235	0.999995	221	2	-0.12665	0.96391	0.96374	0.999995	931	0	-0.12665
ITSN2	4	0.15567	0.24515	0.999995	222	2	-0.15002	0.93116	0.93163	0.999995	902	1	-0.15002
APH1B	4	0.15635	0.24598	0.999995	223	2	-0.39608	0.91164	0.91645	0.999995	888	1	-0.39608
ZWILCH	4	0.15669	0.24638	0.999995	224	2	-0.052123	0.32829	0.55259	0.999995	557	1	-0.052123
FANCF	4	0.15771	0.24769	0.999995	225	2	-0.27482	0.86667	0.89005	0.999995	858	1	-0.27482
LMBR1	4	0.16009	0.25083	0.999995	226	2	0.11047	0.010569	0.03534	0.551846	64	2	0.11047
AKIRIN1	4	0.16044	0.25136	0.999995	227	2	-0.26825	0.98179	0.98222	0.999995	957	0	-0.26825
MBD3L1	4	0.16318	0.2551	0.999995	228	2	-0.36757	0.96329	0.9632	0.999995	929	0	-0.36757
ATP5PB	4	0.16421	0.25664	0.999995	229	2	0.16161	0.21217	0.40408	0.984648	434	2	0.16161
SOS2	4	0.16593	0.25902	0.999995	230	2	0.024902	0.39531	0.60155	0.999995	595	2	0.024902
IPO5	4	0.16766	0.26145	0.999995	231	2	-0.23353	0.84375	0.87882	0.999995	846	1	-0.23353
GABPB1	4	0.16801	0.2619	0.999995	232	2	0.099419	0.35889	0.57649	0.999995	578	2	0.099419
CHMP1A	4	0.17079	0.26563	0.999995	233	2	-0.32057	0.96534	0.96538	0.999995	935	0	-0.32057
LARP1	4	0.17148	0.2666	0.999995	234	2	-0.19476	0.86524	0.88924	0.999995	857	1	-0.19476
RPS15	2	0.17456	0.18479	0.994296	235	1	-0.4455	0.64455	0.65499	0.999995	752	1	-0.4455
PTTG1	3	0.17637	0.22091	0.999995	236	1	0.081113	0.94247	0.94173	0.999995	912	0	0.081113
UTP14C	4	0.18292	0.27532	0.999995	237	1	1.062	0.0050551	0.017985	0.498793	36	3	1.062
TAF1	4	0.1853	0.27677	0.999995	238	1	0.59798	0.098122	0.23673	0.866235	288	3	0.59798
RPS28	2	0.19249	0.20065	0.999995	239	1	-0.64645	0.95656	0.95647	0.999995	925	0	-0.64645
RIMKLB	3	0.21938	0.25288	0.999995	240	1	0.81	0.060618	0.14256	0.767126	224	2	0.81
SEPHS1	3	0.2472	0.27439	0.999995	241	1	-0.34837	0.98692	0.98684	0.999995	966	0	-0.34837
GABPB2	4	0.24827	0.31612	0.999995	242	1	0.39681	0.1613	0.33168	0.924781	380	3	0.39681
CBLL1	4	0.2769	0.33473	0.999995	243	1	0.14901	0.28483	0.49932	0.999995	511	1	0.14901
KIF20A	8	0.29326	0.44331	0.999995	244	2	0.0063904	0.12622	0.35638	0.944063	333	1	0.0063904
VPS26A	4	0.29695	0.34808	0.999995	245	1	0.11928	0.55456	0.71436	0.999995	689	2	0.11928
RBBP7	4	0.3019	0.35148	0.999995	246	1	0.60166	0.11121	0.25765	0.876744	310	3	0.60166
DDX39B	4	0.3131	0.35929	0.999995	247	1	0.63981	0.1369	0.29621	0.901602	348	3	0.63981
ZG16	4	0.3138	0.35986	0.999995	248	1	0.57149	0.15997	0.32956	0.921719	379	3	0.57149
LDB1	8	0.32106	0.46806	0.999995	249	2	0.016521	0.34095	0.64338	0.999995	569	3	0.016521
RPL15	2	0.32123	0.32013	0.999995	250	1	-0.25195	0.91275	0.91222	0.999995	889	0	-0.25195
EEFSEC	4	0.32349	0.36683	0.999995	251	1	0.16136	0.55623	0.71579	0.999995	690	2	0.16136
RNF2	3	0.32403	0.33593	0.999995	252	1	-0.11733	0.53165	0.67803	0.999995	677	1	-0.11733
ATP6V1E2	4	0.32486	0.36796	0.999995	253	1	0.016181	0.95428	0.95404	0.999995	923	0	0.016181
SLC25A28	4	0.33034	0.37189	0.999995	254	1	-0.26751	0.98854	0.98906	0.999995	970	0	-0.26751
DGKZ	3	0.33358	0.34377	0.999995	255	1	-0.12066	0.44359	0.59822	0.999995	617	1	-0.12066
RPL6	1	0.33368	0.33427	0.999995	256	0	0.047336	0.66632	0.66868	0.999995	766	0	0.047336
MTMR3	4	0.33375	0.37422	0.999995	257	1	0.22021	0.10069	0.24112	0.869351	293	2	0.22021
SIN3B	4	0.34188	0.37987	0.999995	258	1	-0.19542	0.9958	0.99594	0.999995	991	0	-0.19542
DDI2	4	0.34524	0.38232	0.999995	259	1	-0.17371	0.55254	0.71292	0.999995	687	1	-0.17371
GCM2	4	0.35193	0.387	0.999995	260	1	0.11483	0.04757	0.13828	0.757324	190	2	0.11483
CTPS1	4	0.35526	0.38919	0.999995	261	1	0.021009	0.88204	0.8983	0.999995	865	1	0.021009
SOX9	4	0.36319	0.39474	0.999995	262	1	0.3973	0.27571	0.48775	0.999995	503	2	0.3973
SPTAN1	4	0.36516	0.39629	0.999995	263	1	0.51399	0.17145	0.3468	0.941392	390	3	0.51399
ERH	4	0.36713	0.39762	0.999995	264	1	0.26143	0.11565	0.26441	0.880148	319	2	0.26143
ZNF260	4	0.36778	0.39821	0.999995	265	1	0.18268	0.31954	0.54192	0.999995	548	2	0.18268
EP300	4	0.36974	0.39971	0.999995	266	1	0.39686	0.17016	0.3449	0.939818	389	2	0.39686
PKM	3	0.3719	0.37691	0.999995	267	1	-0.30341	0.46302	0.61688	0.999995	626	1	-0.30341
LIF	4	0.37235	0.40144	0.999995	268	1	0.28542	0.19239	0.37664	0.96203	414	2	0.28542
PLXDC1	8	0.37434	0.51749	0.999995	269	2	0.0267	0.18817	0.46067	0.999995	410	2	0.0267
RNF130	4	0.3756	0.40375	0.999995	270	1	0.16452	0.47912	0.6603	0.999995	638	2	0.16452
GDI2	8	0.37651	0.51955	0.999995	271	2	-0.050476	0.69141	0.88892	0.999995	787	3	-0.050476
GXYLT2	4	0.37819	0.40576	0.999995	272	1	0.34413	0.3039	0.52327	0.999995	530	3	0.34413
CRKL	4	0.38141	0.4082	0.999995	273	1	0.20228	0.19967	0.3865	0.969632	420	2	0.20228
RPL21	2	0.38612	0.38393	0.999995	274	0	0.09942	0.69029	0.69419	0.999995	786	1	0.09942
TOMM20	3	0.387	0.39041	0.999995	275	1	0.31171	0.033866	0.08265	0.727758	146	2	0.31171
SAP30L	4	0.38846	0.41323	0.999995	276	1	0.51108	0.18346	0.36435	0.953504	403	2	0.51108
GRHL2	4	0.38973	0.41425	0.999995	277	1	0.013434	0.59252	0.74286	0.999995	711	1	0.013434
RPL27A	2	0.39045	0.38817	0.999995	278	0	0.38727	0.074454	0.13019	0.754082	264	1	0.38727
CLTCL1	4	0.39355	0.41686	0.999995	279	1	0.37413	0.52739	0.69514	0.999995	671	2	0.37413
COPS7A	4	0.39545	0.41834	0.999995	280	1	-0.19908	0.9601	0.95981	0.999995	928	0	-0.19908
TPBGL	4	0.39923	0.42125	0.999995	281	1	0.33529	0.28698	0.50196	0.999995	514	2	0.33529
ULK2	4	0.40175	0.42299	0.999995	282	1	0.076474	0.73116	0.83598	0.999995	802	1	0.076474
PFAS	4	0.40363	0.42428	0.999995	283	1	0.35117	0.22825	0.42555	0.988553	456	2	0.35117
RSC1A1	4	0.408	0.42788	0.999995	284	1	0.1112	0.62048	0.76301	0.999995	731	1	0.1112
MRPL27	4	0.40862	0.42847	0.999995	285	1	-0.050293	0.8693	0.89133	0.999995	860	1	-0.050293
RBMX	3	0.4092	0.4101	0.999995	286	1	-0.06826	0.71389	0.76356	0.999995	796	1	-0.06826
FOXK2	4	0.40987	0.42949	0.999995	287	1	-0.041021	0.66071	0.79244	0.999995	761	1	-0.041021
TCERG1	4	0.41049	0.42999	0.999995	288	1	0.04103	0.97389	0.97426	0.999995	948	0	0.04103
MED13L	4	0.41111	0.43052	0.999995	289	1	-0.20121	0.97359	0.97389	0.999995	946	0	-0.20121
ITSN1	4	0.4142	0.43283	0.999995	290	1	0.14312	0.25717	0.46374	0.999995	486	1	0.14312
POLD1	4	0.41482	0.43329	0.999995	291	1	0.43324	0.26745	0.47712	0.999995	494	2	0.43324
PSEN1	4	0.41544	0.43385	0.999995	292	1	-0.053489	0.35526	0.57395	0.999995	576	1	-0.053489
ATP6V1E1	3	0.41744	0.41803	0.999995	293	1	-0.11292	0.20521	0.35865	0.944464	425	1	-0.11292
HNRNPF	4	0.41852	0.43622	0.999995	294	1	0.14175	0.72525	0.83438	0.999995	799	1	0.14175
RECK	4	0.41913	0.43678	0.999995	295	1	0.18545	0.057318	0.16203	0.770255	214	1	0.18545
CDNF	4	0.4222	0.4391	0.999995	296	1	0.4195	0.28868	0.50397	0.999995	516	3	0.4195
UNC119B	4	0.42281	0.43973	0.999995	297	1	0.4806	0.21726	0.41105	0.98854	439	3	0.4806
NDE1	4	0.42464	0.44105	0.999995	298	1	0.23835	0.49652	0.67266	0.999995	653	2	0.23835
UNC45A	4	0.42829	0.44382	0.999995	299	1	0.15864	0.62687	0.76767	0.999995	737	2	0.15864
KPNA2	3	0.42848	0.42807	0.999995	300	1	-0.21543	0.60321	0.70861	0.999995	718	1	-0.21543
RHOT1	4	0.43071	0.44568	0.999995	301	1	-0.261	0.96337	0.96327	0.999995	930	0	-0.261
ANXA1	4	0.43192	0.44665	0.999995	302	1	0.6032	0.095542	0.23312	0.862473	286	3	0.6032
MOGAT2	4	0.43252	0.44721	0.999995	303	1	0.28152	0.4779	0.65947	0.999995	636	2	0.28152
PPP2CA	8	0.43322	0.57409	0.999995	304	2	0.18035	0.97041	0.98905	0.999995	941	2	0.18035
CCT6B	4	0.43553	0.44968	0.999995	305	1	0.15697	0.6495	0.78415	0.999995	753	1	0.15697
IMPDH2	4	0.43793	0.45159	0.999995	306	1	-0.30041	0.98658	0.98697	0.999995	965	0	-0.30041
FOXK1	4	0.43913	0.45254	0.999995	307	1	-0.11797	0.88608	0.90057	0.999995	867	1	-0.11797
AP2A1	4	0.44032	0.45356	0.999995	308	1	-0.068264	0.44864	0.63946	0.999995	619	1	-0.068264
ACTL6B	4	0.44092	0.45412	0.999995	309	1	0.084239	0.43252	0.62833	0.999995	612	1	0.084239
PIP4P1	4	0.44271	0.45553	0.999995	310	1	0.11557	0.6795	0.80658	0.999995	779	2	0.11557
SATB2	4	0.44508	0.45767	0.999995	311	1	0.27794	0.59528	0.74483	0.999995	713	2	0.27794
ATP8B3	4	0.44568	0.45818	0.999995	312	1	0.55115	0.10715	0.25139	0.875064	303	3	0.55115
CRNN	4	0.44627	0.45864	0.999995	313	1	0.13424	0.45744	0.64534	0.999995	624	2	0.13424
GALNT5	4	0.44864	0.46045	0.999995	314	1	0.099364	0.26964	0.47986	0.999995	497	1	0.099364
SOS1	4	0.45569	0.46617	0.999995	315	1	0.35027	0.41049	0.61211	0.999995	600	2	0.35027
RPRD1B	4	0.46035	0.46992	0.999995	316	1	0.055633	0.90784	0.91357	0.999995	886	1	0.055633
TTC7A	8	0.4627	0.60171	0.999995	317	2	0.25796	0.24753	0.53679	0.999995	477	4	0.25796
NET1	4	0.46383	0.47301	0.999995	318	1	0.56365	0.10409	0.24658	0.875064	296	3	0.56365
BZW1	3	0.46394	0.46223	0.999995	319	1	0.29641	0.50554	0.65888	0.999995	658	2	0.29641
UCHL5	4	0.4644	0.47354	0.999995	320	1	-0.11954	0.11424	0.26217	0.880148	316	1	-0.11954
CABP5	4	0.46614	0.47485	0.999995	321	1	0.45365	0.2774	0.49005	0.999995	505	3	0.45365
RAMP2	4	0.46729	0.47577	0.999995	322	1	0.45692	0.22524	0.42157	0.98854	450	2	0.45692
TCF12	4	0.46844	0.47663	0.999995	323	1	0.14798	0.79287	0.85771	0.999995	815	1	0.14798
SHCBP1L	4	0.46901	0.477	0.999995	324	1	0.43153	0.12028	0.2711	0.892977	323	2	0.43153
ACACB	4	0.47073	0.47845	0.999995	325	1	0.2729	0.61868	0.76167	0.999995	728	2	0.2729
TNPO2	4	0.4753	0.48208	0.999995	326	1	0.018479	0.61719	0.7605	0.999995	727	2	0.018479
ERC2	4	0.47643	0.48285	0.999995	327	1	0.2365	0.55153	0.71217	0.999995	686	2	0.2365
MPC1	4	0.477	0.48329	0.999995	328	1	0.21133	0.10579	0.24939	0.875064	299	2	0.21133
GOLT1B	4	0.47983	0.48562	0.999995	329	1	0.14077	0.57386	0.72903	0.999995	699	1	0.14077
CLTB	4	0.4849	0.48992	0.999995	330	1	0.12543	0.36379	0.58016	0.999995	580	2	0.12543
CWF19L1	4	0.48602	0.49075	0.999995	331	1	0.018521	0.82232	0.86941	0.999995	831	1	0.018521
GIT2	4	0.4877	0.49221	0.999995	332	1	0.1934	0.66254	0.79391	0.999995	764	2	0.1934
DZIP1L	4	0.48937	0.49369	0.999995	333	1	0.093072	0.93066	0.9312	0.999995	901	1	0.093072
LARP1B	4	0.49049	0.49471	0.999995	334	1	0.2473	0.35441	0.57349	0.999995	574	2	0.2473
PDGFC	4	0.49326	0.49696	0.999995	335	1	0.49579	0.063032	0.17589	0.770255	232	2	0.49579
STX7	4	0.49382	0.49737	0.999995	336	1	0.74062	0.053517	0.15276	0.770255	204	3	0.74062
G6PC	4	0.49437	0.49788	0.999995	337	1	0.2658	0.58071	0.7339	0.999995	704	2	0.2658
PPP3R1	4	0.49658	0.50004	0.999995	338	1	0.19201	0.5656	0.72284	0.999995	695	2	0.19201
PRKAB1	4	0.49823	0.50148	0.999995	339	1	0.3413	0.25273	0.45775	0.999995	484	2	0.3413
GLT6D1	4	0.49988	0.50279	0.999995	340	1	0.39429	0.10664	0.25062	0.875064	302	2	0.39429
EXOC6B	4	0.50043	0.50344	0.999995	341	1	0.062707	0.69267	0.81676	0.999995	788	2	0.062707
PPP3CA	4	0.50153	0.50449	0.999995	342	1	0.6676	0.095106	0.23244	0.862473	285	3	0.6676
ESRP1	4	0.50317	0.50602	0.999995	343	1	0.13104	0.57608	0.73055	0.999995	701	2	0.13104
IQCA1	4	0.5048	0.50755	0.999995	344	1	0.84182	0.030935	0.094681	0.727758	135	3	0.84182
TMEM185A	4	0.50535	0.50805	0.999995	345	1	0.32548	0.14431	0.30706	0.901602	359	2	0.32548
SPATA16	4	0.50589	0.50855	0.999995	346	1	0.48632	0.25199	0.45677	0.999995	482	2	0.48632
CCNE1	4	0.50752	0.51007	0.999995	347	1	0.1988	0.14583	0.30924	0.901602	363	2	0.1988
ASF1A	4	0.50806	0.5105	0.999995	348	1	-0.11164	0.58589	0.73768	0.999995	707	1	-0.11164
MTA1	4	0.51077	0.51284	0.999995	349	1	0.064146	0.11087	0.25723	0.876744	309	1	0.064146
MED13	4	0.51131	0.51336	0.999995	350	1	0.022307	0.89383	0.9049	0.999995	871	1	0.022307
TREM2	4	0.51185	0.51388	0.999995	351	1	0.84509	0.023433	0.073309	0.681648	115	3	0.84509
SLCO2B1	4	0.51292	0.51505	0.999995	352	1	0.087416	0.36992	0.58444	0.999995	582	2	0.087416
SLC22A8	4	0.514	0.51617	0.999995	353	1	0.061512	0.98137	0.98174	0.999995	956	0	0.061512
NCBP2L	4	0.51507	0.51722	0.999995	354	1	0.3964	0.30909	0.52967	0.999995	536	2	0.3964
PIP4P2	4	0.51561	0.51772	0.999995	355	1	0.21058	0.70629	0.8275	0.999995	794	2	0.21058
STAM2	4	0.51614	0.51817	0.999995	356	1	0.21516	0.57221	0.72784	0.999995	697	2	0.21516
CDK17	4	0.51881	0.52073	0.999995	357	1	0.094669	0.88823	0.90176	0.999995	869	1	0.094669
BZW2	4	0.51935	0.52118	0.999995	358	1	0.14132	0.84783	0.88063	0.999995	849	1	0.14132
NAA16	4	0.51988	0.52161	0.999995	359	1	0.075657	0.97731	0.97753	0.999995	950	0	0.075657
HMSD	4	0.52094	0.52275	0.999995	360	1	0.38868	0.25673	0.46317	0.999995	485	3	0.38868
XPO7	4	0.52253	0.52412	0.999995	361	1	0.1986	0.38629	0.59544	0.999995	588	2	0.1986
QSOX1	4	0.52306	0.52476	0.999995	362	1	0.47265	0.29405	0.51097	0.999995	519	3	0.47265
DYNC1LI1	3	0.52368	0.52179	0.999995	363	0	0.42516	0.2512	0.40688	0.98854	481	2	0.42516
CDK5R1	4	0.52518	0.52674	0.999995	364	1	0.35043	0.1618	0.3324	0.924781	381	2	0.35043
KPNA3	4	0.52676	0.52824	0.999995	365	1	0.30863	0.55152	0.71216	0.999995	685	2	0.30863
NETO2	4	0.52939	0.53046	0.999995	366	1	0.3962	0.31588	0.53768	0.999995	543	2	0.3962
G3BP2	4	0.52991	0.5309	0.999995	367	1	-0.40372	0.95281	0.95276	0.999995	922	0	-0.40372
SAMD9	4	0.53044	0.53125	0.999995	368	1	-0.021073	0.40676	0.6096	0.999995	599	1	-0.021073
STRADA	4	0.53096	0.53168	0.999995	369	1	0.57084	0.095859	0.23352	0.862473	287	3	0.57084
RANBP10	4	0.532	0.53274	0.999995	370	1	0.74509	0.030553	0.093476	0.727758	133	3	0.74509
SUV39H2	3	0.53249	0.53097	0.999995	371	0	0.62278	0.15676	0.3085	0.901602	376	2	0.62278
GLIS3	4	0.53253	0.53325	0.999995	372	1	0.221	0.14172	0.3033	0.901602	355	2	0.221
COX4I2	4	0.53305	0.53365	0.999995	373	1	0.099393	0.85813	0.88552	0.999995	852	1	0.099393
CRX	4	0.53357	0.5341	0.999995	374	1	0.26537	0.2579	0.46482	0.999995	487	2	0.26537
FOSL1	3	0.53374	0.53214	0.999995	375	0	0.1194	0.89799	0.89757	0.999995	876	0	0.1194
ASF1B	8	0.53483	0.64194	0.999995	376	1	-0.051987	0.59111	0.83212	0.999995	710	1	-0.051987
NUMBL	4	0.53565	0.53616	0.999995	377	1	0.57215	0.11966	0.27014	0.892977	322	3	0.57215
HOXB1	4	0.53772	0.53801	0.999995	378	1	0.22598	0.18767	0.37036	0.953504	407	2	0.22598
STX12	4	0.53875	0.53903	0.999995	379	1	0.058049	0.74034	0.83895	0.999995	804	1	0.058049
SLC11A2	4	0.53979	0.54002	0.999995	380	1	-0.06001	0.98264	0.98294	0.999995	958	0	-0.06001
HMGCS2	4	0.5403	0.54047	0.999995	381	1	0.25617	0.30508	0.52472	0.999995	531	2	0.25617
FKBP5	4	0.54133	0.54121	0.999995	382	1	0.20587	0.41868	0.61819	0.999995	606	2	0.20587
TANC1	4	0.54184	0.54163	0.999995	383	1	0.27271	0.67106	0.80045	0.999995	769	2	0.27271
PDS5B	4	0.54492	0.54462	0.999995	384	1	-0.20226	0.90248	0.91015	0.999995	879	1	-0.20226
PTPN11	4	0.54747	0.54724	0.999995	385	1	0.22829	0.70053	0.82302	0.999995	790	2	0.22829
RANBP6	3	0.54978	0.5483	0.999995	386	0	0.46371	0.35649	0.51095	0.999995	577	2	0.46371
DBT	4	0.55001	0.54963	0.999995	387	1	0.24961	0.23477	0.43468	0.995156	464	1	0.24961
CADPS2	4	0.55153	0.55099	0.999995	388	1	0.32203	0.39695	0.60277	0.999995	596	2	0.32203
CAV1	4	0.55305	0.55253	0.999995	389	1	0.21054	0.63609	0.7742	0.999995	744	2	0.21054
YIPF7	4	0.55556	0.55523	0.999995	390	1	0.60569	0.069204	0.19038	0.770255	258	3	0.60569
ALG14	4	0.55707	0.55699	0.999995	391	1	0.17364	0.48642	0.66546	0.999995	646	2	0.17364
DNAJC19	3	0.55746	0.55587	0.999995	392	0	0.48887	0.30217	0.45719	0.999995	527	2	0.48887
RGS19	4	0.55857	0.55849	0.999995	393	1	0.10839	0.49692	0.6729	0.999995	654	2	0.10839
COPG2	4	0.55957	0.5595	0.999995	394	1	0.12508	0.52221	0.69143	0.999995	668	2	0.12508
ADSSL1	4	0.56007	0.55997	0.999995	395	1	0.0073185	0.85641	0.88461	0.999995	851	1	0.0073185
SUSD1	4	0.56056	0.56048	0.999995	396	1	-0.12843	0.80748	0.86311	0.999995	824	1	-0.12843
JAG1	4	0.56354	0.56351	0.999995	397	1	0.45858	0.2004	0.38754	0.969632	421	2	0.45858
PTCH1	4	0.56404	0.56402	0.999995	398	1	0.053997	0.51185	0.68402	0.999995	659	1	0.053997
SPAG9	4	0.56552	0.56542	0.999995	399	1	0.041944	0.85962	0.88628	0.999995	855	1	0.041944
ATP6V1B1	4	0.567	0.56689	0.999995	400	1	0.12247	0.57337	0.72867	0.999995	698	2	0.12247
PDCD6IP	4	0.56799	0.56793	0.999995	401	1	0.23903	0.93215	0.9324	0.999995	903	1	0.23903
IAPP	4	0.56848	0.56835	0.999995	402	1	0.391	0.48763	0.66629	0.999995	648	2	0.391
GBP3	4	0.56897	0.56898	0.999995	403	1	0.64471	0.044272	0.13028	0.754082	180	3	0.64471
ABL2	4	0.56946	0.56943	0.999995	404	1	0.12923	0.83817	0.8764	0.999995	840	1	0.12923
LIN28A	3	0.5698	0.56859	0.999995	405	0	0.12187	0.072565	0.16711	0.770255	262	1	0.12187
NCKAP1L	4	0.57044	0.57028	0.999995	406	1	0.21808	0.64414	0.78027	0.999995	751	2	0.21808
ARHGEF7	4	0.57093	0.57063	0.999995	407	1	0.36065	0.4236	0.62173	0.999995	609	2	0.36065
NRBP2	4	0.57142	0.57114	0.999995	408	1	-0.054099	0.96519	0.9651	0.999995	934	0	-0.054099
TBC1D26	2	0.57156	0.57052	0.999995	409	0	0.68438	0.012647	0.024356	0.526874	75	1	0.68438
TOB2	4	0.57191	0.57171	0.999995	410	1	0.74552	0.0582	0.16421	0.770255	217	3	0.74552
CAND2	4	0.57337	0.57316	0.999995	411	1	0.45469	0.050962	0.14632	0.770194	199	2	0.45469
LIMK2	4	0.57386	0.57368	0.999995	412	1	0.26141	0.57531	0.7299	0.999995	700	2	0.26141
RNF144A	4	0.57434	0.57413	0.999995	413	1	0.40327	0.33106	0.55594	0.999995	561	3	0.40327
BRSK1	4	0.5758	0.57545	0.999995	414	1	0.53248	0.15074	0.31638	0.907827	369	3	0.53248
FRS2	4	0.57628	0.57585	0.999995	415	1	0.15016	0.46959	0.65401	0.999995	631	2	0.15016
CRK	4	0.5787	0.5781	0.999995	416	1	0.30316	0.63672	0.7747	0.999995	745	2	0.30316
NR2E1	4	0.57918	0.57862	0.999995	417	1	0.71747	0.055822	0.15839	0.770255	212	3	0.71747
CREBBP	4	0.57967	0.57925	0.999995	418	1	0.58834	0.059442	0.16718	0.770255	220	3	0.58834
PRG3	4	0.58015	0.57979	0.999995	419	1	0.46474	0.27543	0.48745	0.999995	502	3	0.46474
VANGL2	4	0.58063	0.58025	0.999995	420	0	0.0060228	0.70511	0.82653	0.999995	793	1	0.0060228
TANK	4	0.58207	0.5816	0.999995	421	0	0.27047	0.57801	0.73199	0.999995	702	2	0.27047
GALR3	4	0.58255	0.58208	0.999995	422	0	0.45171	0.17176	0.34725	0.941392	391	2	0.45171
ADSS	3	0.58307	0.58196	0.999995	423	0	0.094196	0.85441	0.85723	0.999995	850	1	0.094196
PSMB8	4	0.58351	0.58297	0.999995	424	0	0.26645	0.32721	0.55137	0.999995	555	2	0.26645
MTA3	4	0.58494	0.58456	0.999995	425	0	0.23377	0.6586	0.79098	0.999995	757	2	0.23377
PTPN21	4	0.58589	0.58542	0.999995	426	0	0.44758	0.086307	0.21845	0.829962	279	2	0.44758
KRT37	4	0.58685	0.5863	0.999995	427	0	0.38191	0.49612	0.67245	0.999995	652	2	0.38191
UAP1L1	4	0.58732	0.58675	0.999995	428	0	0.36554	0.29777	0.51572	0.999995	521	3	0.36554
FNIP2	4	0.5878	0.58721	0.999995	429	0	0.15391	0.57822	0.73213	0.999995	703	1	0.15391
SNX6	4	0.58874	0.58821	0.999995	430	0	0.2063	0.46556	0.6512	0.999995	627	2	0.2063
CYFIP2	4	0.58922	0.58874	0.999995	431	0	0.352	0.1084	0.25352	0.875064	306	2	0.352
EFR3A	4	0.58969	0.58909	0.999995	432	0	0.12873	0.91661	0.92011	0.999995	891	1	0.12873
ARFGEF1	4	0.59111	0.59077	0.999995	433	0	0.32059	0.64049	0.77734	0.999995	748	2	0.32059
RSBN1	4	0.59158	0.59118	0.999995	434	0	0.29677	0.65393	0.7875	0.999995	756	2	0.29677
LATS2	4	0.59205	0.59162	0.999995	435	0	0.37754	0.29102	0.50702	0.999995	518	3	0.37754
FXR1	4	0.59252	0.59218	0.999995	436	0	0.06296	0.83675	0.87568	0.999995	839	1	0.06296
EZH2	4	0.59534	0.5948	0.999995	437	0	0.5727	0.033071	0.1008	0.732707	141	2	0.5727
GRIP2	4	0.59581	0.59534	0.999995	438	0	0.50234	0.23406	0.43371	0.995156	461	3	0.50234
GATAD2A	4	0.59627	0.59577	0.999995	439	0	0.54534	0.17537	0.35255	0.942776	395	3	0.54534
PEF1	4	0.59721	0.59665	0.999995	440	0	0.062836	0.91445	0.91855	0.999995	890	1	0.062836
RHBDF2	4	0.59814	0.59747	0.999995	441	0	0.074483	0.51701	0.68773	0.999995	665	2	0.074483
CRY2	4	0.59861	0.59796	0.999995	442	0	0.19412	0.68854	0.81348	0.999995	785	2	0.19412
POU4F2	4	0.59954	0.59898	0.999995	443	0	0.45255	0.2015	0.38894	0.970052	423	2	0.45255
VIM	4	0.6	0.59942	0.999995	444	0	0.59778	0.035952	0.10841	0.746207	152	3	0.59778
SAMD4B	4	0.60139	0.60058	0.999995	445	0	0.18177	0.85877	0.8858	0.999995	853	1	0.18177
STT3A	4	0.60231	0.60161	0.999995	446	0	0.12137	0.75768	0.84496	0.999995	809	1	0.12137
NRBP1	4	0.60278	0.60212	0.999995	447	0	0.41334	0.24654	0.45018	0.999995	473	2	0.41334
RNF144B	4	0.60324	0.60271	0.999995	448	0	0.30726	0.51421	0.68581	0.999995	662	2	0.30726
ARFIP1	4	0.6037	0.60312	0.999995	449	0	0.64908	0.064729	0.17991	0.770255	237	3	0.64908
PTCH2	4	0.60416	0.60355	0.999995	450	0	0.57685	0.051184	0.14677	0.770194	200	2	0.57685
DMXL2	4	0.60462	0.60397	0.999995	451	0	0.040289	0.67564	0.80388	0.999995	774	2	0.040289
KIAA0319L	4	0.60508	0.6045	0.999995	452	0	0.078241	0.93622	0.93603	0.999995	907	1	0.078241
RSBN1L	4	0.606	0.60542	0.999995	453	0	-0.28206	0.97878	0.97902	0.999995	952	0	-0.28206
APOBEC3C	4	0.60646	0.60592	0.999995	454	0	0.29312	0.38973	0.59783	0.999995	591	2	0.29312
EPHA3	4	0.60692	0.60625	0.999995	455	0	0.16809	0.63758	0.77526	0.999995	746	1	0.16809
RBPJL	4	0.60874	0.60807	0.999995	456	0	0.41299	0.22637	0.42284	0.98854	452	2	0.41299
IKBKE	4	0.6092	0.60853	0.999995	457	0	0.49747	0.10836	0.25345	0.875064	305	3	0.49747
EAF2	4	0.60966	0.60907	0.999995	458	0	0.51218	0.13875	0.2987	0.901602	350	3	0.51218
ADM	4	0.61057	0.61015	0.999995	459	0	0.40585	0.15873	0.32782	0.9207	378	2	0.40585
CSTF2T	4	0.61102	0.61051	0.999995	460	0	0.50982	0.18794	0.37073	0.953504	408	3	0.50982
RPP14	4	0.61148	0.61099	0.999995	461	0	0.60695	0.091762	0.22739	0.854733	282	3	0.60695
GRHL3	4	0.61329	0.61278	0.999995	462	0	-0.059766	0.98545	0.98583	0.999995	962	0	-0.059766
PPP2CB	3	0.61358	0.61362	0.999995	463	0	-0.0298	0.76332	0.79225	0.999995	814	1	-0.0298
PLEK2	4	0.61374	0.61329	0.999995	464	0	0.091193	0.4301	0.62652	0.999995	611	1	0.091193
SEC23A	4	0.6151	0.61458	0.999995	465	0	0.1395	0.4753	0.65785	0.999995	635	2	0.1395
MRGPRX2	4	0.61959	0.61884	0.999995	466	0	0.55422	0.23203	0.43067	0.994575	460	2	0.55422
EFR3B	4	0.62003	0.61941	0.999995	467	0	0.18996	0.44745	0.63851	0.999995	618	2	0.18996
MAT1A	4	0.62048	0.61979	0.999995	468	0	0.29583	0.18524	0.36696	0.953504	405	2	0.29583
COQ10B	4	0.62092	0.62034	0.999995	469	0	0.34153	0.085251	0.21668	0.829163	277	2	0.34153
MORF4L2	4	0.62359	0.62322	0.999995	470	0	0.26203	0.43426	0.62958	0.999995	614	2	0.26203
CLTA	4	0.62404	0.62373	0.999995	471	0	0.04516	0.65118	0.78537	0.999995	755	1	0.04516
TBC1D4	4	0.6258	0.62557	0.999995	472	0	0.36612	0.31389	0.53521	0.999995	541	3	0.36612
IRF6	4	0.62669	0.62649	0.999995	473	0	0.20173	0.62576	0.76686	0.999995	736	2	0.20173
ARSJ	4	0.62713	0.62695	0.999995	474	0	0.36798	0.13346	0.29123	0.901602	341	2	0.36798
SMARCC1	4	0.62976	0.6294	0.999995	475	0	0.21577	0.53454	0.69989	0.999995	678	2	0.21577
PHLDA1	4	0.63107	0.63055	0.999995	476	0	0.39138	0.063274	0.17653	0.770255	233	2	0.39138
CLDN4	4	0.63151	0.63093	0.999995	477	0	0.15711	0.59795	0.74673	0.999995	716	2	0.15711
MAT2A	4	0.63195	0.6313	0.999995	478	0	0.47571	0.16372	0.33499	0.925317	383	2	0.47571
UNC119	4	0.63325	0.63264	0.999995	479	0	0.047478	0.90769	0.91346	0.999995	885	1	0.047478
SPOPL	4	0.63369	0.63298	0.999995	480	0	0.27312	0.64378	0.77995	0.999995	750	2	0.27312
FAM71B	4	0.63499	0.63435	0.999995	481	0	0.75172	0.041576	0.12329	0.754082	167	3	0.75172
RNF125	4	0.63542	0.63479	0.999995	482	0	0.72121	0.055685	0.15807	0.770255	211	3	0.72121
MAP4K4	4	0.63586	0.63525	0.999995	483	0	0.38347	0.18489	0.36636	0.953504	404	2	0.38347
ULK1	4	0.63629	0.63553	0.999995	484	0	0.50514	0.14556	0.30882	0.901602	362	3	0.50514
CYP26C1	4	0.63758	0.63685	0.999995	485	0	0.65752	0.074752	0.19957	0.795262	265	3	0.65752
MCPH1	4	0.63801	0.63723	0.999995	486	0	0.44477	0.22073	0.41574	0.98854	444	2	0.44477
MED12L	4	0.63887	0.63806	0.999995	487	0	-0.027519	0.43913	0.63288	0.999995	615	1	-0.027519
GRIP1	4	0.6393	0.63849	0.999995	488	0	0.11865	0.49531	0.67179	0.999995	650	2	0.11865
FLNC	4	0.63973	0.63894	0.999995	489	0	0.18935	0.21879	0.41324	0.98854	441	1	0.18935
IMPDH1	4	0.64102	0.64019	0.999995	490	0	0.17328	0.4804	0.66125	0.999995	640	1	0.17328
RNF10	4	0.64187	0.64103	0.999995	491	0	0.23023	0.812	0.86483	0.999995	827	1	0.23023
SPOP	4	0.6423	0.6415	0.999995	492	0	0.33185	0.62278	0.76467	0.999995	733	2	0.33185
TBK1	4	0.64273	0.64205	0.999995	493	0	0.011779	0.52886	0.69605	0.999995	673	1	0.011779
TYMS	4	0.64315	0.64245	0.999995	494	0	0.2165	0.46734	0.65244	0.999995	628	2	0.2165
CYP2C8	4	0.64358	0.64295	0.999995	495	0	0.27498	0.15466	0.32191	0.91236	374	2	0.27498
MRPL55	4	0.644	0.64355	0.999995	496	0	0.016723	0.97371	0.97403	0.999995	947	0	0.016723
EPS15L1	4	0.64443	0.6439	0.999995	497	0	-0.12419	0.068742	0.18929	0.770255	256	1	-0.12419
RNF38	4	0.64485	0.64433	0.999995	498	0	0.031294	0.87599	0.89508	0.999995	861	1	0.031294
EAF1	4	0.6457	0.64537	0.999995	499	0	-0.11038	0.98643	0.98682	0.999995	963	0	-0.11038
TMEM30A	4	0.64613	0.64571	0.999995	500	0	0.044846	0.72804	0.83508	0.999995	801	1	0.044846
NSDHL	4	0.64697	0.64641	0.999995	501	0	0.28943	0.56092	0.71941	0.999995	694	2	0.28943
MDM4	4	0.64782	0.64709	0.999995	502	0	0.072613	0.968	0.96812	0.999995	938	0	0.072613
FAM126A	4	0.64824	0.64753	0.999995	503	0	-0.026722	0.81669	0.86697	0.999995	828	1	-0.026722
DDX39A	4	0.64866	0.64794	0.999995	504	0	0.68619	0.098711	0.23781	0.866235	290	3	0.68619
HNRNPH3	4	0.64908	0.64825	0.999995	505	0	0.40889	0.13677	0.29608	0.901602	346	2	0.40889
TLN1	4	0.65202	0.65146	0.999995	506	0	0.11314	0.55309	0.71328	0.999995	688	2	0.11314
TPST1	4	0.65243	0.65186	0.999995	507	0	0.26585	0.15643	0.32456	0.917426	375	2	0.26585
SMC1B	4	0.65285	0.6523	0.999995	508	0	0.36062	0.41909	0.61858	0.999995	607	2	0.36062
SEC31B	4	0.65327	0.6527	0.999995	509	0	0.14062	0.46844	0.65339	0.999995	629	1	0.14062
FBLN1	4	0.6541	0.65345	0.999995	510	0	0.51745	0.21037	0.40134	0.982496	432	3	0.51745
ZNF418	4	0.65535	0.65471	0.999995	511	0	0.85723	0.022952	0.071731	0.678881	113	3	0.85723
LSM14A	4	0.65618	0.65561	0.999995	512	0	0.42991	0.3219	0.5449	0.999995	549	3	0.42991
L3MBTL2	4	0.65701	0.65646	0.999995	513	0	0.41462	0.29909	0.51726	0.999995	523	2	0.41462
FEZ2	4	0.65742	0.65685	0.999995	514	0	0.28231	0.41663	0.61676	0.999995	605	2	0.28231
MYBPHL	4	0.65783	0.65732	0.999995	515	0	0.15835	0.39418	0.60085	0.999995	594	2	0.15835
PACS2	4	0.65907	0.65847	0.999995	516	0	0.35502	0.30802	0.52842	0.999995	533	3	0.35502
FEZ1	4	0.66071	0.66002	0.999995	517	0	0.14691	0.63976	0.77676	0.999995	747	2	0.14691
MMD2	4	0.66112	0.66054	0.999995	518	0	0.43748	0.40064	0.60536	0.999995	597	2	0.43748
CNOT6	4	0.66357	0.66275	0.999995	519	0	0.531	0.22223	0.41756	0.98854	445	3	0.531
GJA8	4	0.66398	0.66314	0.999995	520	0	0.44207	0.22742	0.42441	0.988553	454	3	0.44207
EXOC6	4	0.66439	0.66353	0.999995	521	0	0.18131	0.62761	0.76812	0.999995	738	2	0.18131
SAFB2	4	0.6652	0.66448	0.999995	522	0	0.29309	0.27178	0.48276	0.999995	498	2	0.29309
MYCN	4	0.66723	0.6666	0.999995	523	0	0.42365	0.20774	0.39736	0.979542	429	2	0.42365
FMR1	4	0.66763	0.66705	0.999995	524	0	0.53629	0.10064	0.24102	0.869351	292	3	0.53629
RAD17	3	0.66774	0.66735	0.999995	525	0	0.22114	0.22756	0.38201	0.969632	455	1	0.22114
GOLT1A	4	0.66804	0.66741	0.999995	526	0	0.21915	0.090418	0.22516	0.849353	281	1	0.21915
KLF4	4	0.66884	0.66837	0.999995	527	0	0.26003	0.63536	0.77368	0.999995	743	2	0.26003
SAP30	4	0.66924	0.66879	0.999995	528	0	0.59435	0.070262	0.1926	0.776249	260	3	0.59435
CNOT7	4	0.67005	0.66956	0.999995	529	0	0.46226	0.17301	0.34928	0.942068	393	3	0.46226
H1FOO	4	0.67045	0.6699	0.999995	530	0	0.52848	0.22325	0.41889	0.98854	446	3	0.52848
DGKI	4	0.67085	0.67034	0.999995	531	0	0.57086	0.1016	0.24272	0.872143	294	2	0.57086
ARFIP2	4	0.67125	0.67071	0.999995	532	0	0.20798	0.83652	0.87563	0.999995	838	1	0.20798
PDLIM5	4	0.67205	0.67161	0.999995	533	0	0.35141	0.078326	0.20551	0.806039	270	2	0.35141
DRD3	4	0.67325	0.67281	0.999995	534	0	0.14511	0.33375	0.55926	0.999995	565	2	0.14511
BICD2	4	0.67365	0.67317	0.999995	535	0	0.26587	0.5811	0.73428	0.999995	705	2	0.26587
STAM	4	0.67405	0.67354	0.999995	536	0	0.1487	0.63278	0.77194	0.999995	741	2	0.1487
NETO1	4	0.67564	0.67525	0.999995	537	0	0.75489	0.0041458	0.014856	0.482298	33	3	0.75489
ARPC5	4	0.67643	0.67594	0.999995	538	0	0.14883	0.79512	0.8585	0.999995	816	1	0.14883
GOLPH3L	4	0.67722	0.67671	0.999995	539	0	0.23973	0.52819	0.69567	0.999995	672	2	0.23973
TRIM25	4	0.67762	0.67699	0.999995	540	0	0.22847	0.61374	0.75793	0.999995	726	2	0.22847
BATF3	4	0.67801	0.67734	0.999995	541	0	0.025089	0.93552	0.93546	0.999995	906	1	0.025089
COPS7B	4	0.67919	0.67853	0.999995	542	0	0.14642	0.7256	0.83447	0.999995	800	1	0.14642
CAP1	4	0.67958	0.679	0.999995	543	0	0.18047	0.93692	0.93662	0.999995	909	1	0.18047
FOXB1	4	0.68076	0.68005	0.999995	544	0	0.44957	0.13263	0.28989	0.901602	340	2	0.44957
MYL7	4	0.68115	0.68049	0.999995	545	0	-0.081385	0.80828	0.86343	0.999995	825	1	-0.081385
TPST2	4	0.68194	0.68139	0.999995	546	0	0.28824	0.40597	0.60907	0.999995	598	2	0.28824
IDH1	4	0.68311	0.68255	0.999995	547	0	0.48265	0.19397	0.37877	0.965144	415	3	0.48265
XYLT1	4	0.6835	0.68291	0.999995	548	0	0.26384	0.22491	0.42099	0.98854	449	1	0.26384
DMP1	4	0.68427	0.68357	0.999995	549	0	-0.0094229	0.67365	0.80236	0.999995	771	1	-0.0094229
H2AFX	4	0.68466	0.68389	0.999995	550	0	0.38757	0.27675	0.48909	0.999995	504	3	0.38757
HMG20B	4	0.68544	0.68482	0.999995	551	0	0.30787	0.67424	0.80273	0.999995	773	2	0.30787
CLIP4	4	0.68621	0.68568	0.999995	552	0	0.3085	0.58827	0.73966	0.999995	708	2	0.3085
SLC35F4	4	0.68699	0.68639	0.999995	553	0	0.41071	0.30356	0.52287	0.999995	529	3	0.41071
UAP1	4	0.68776	0.68713	0.999995	554	0	0.50875	0.21882	0.41328	0.98854	442	3	0.50875
CDC34	4	0.68968	0.68899	0.999995	555	0	0.043387	0.93421	0.93432	0.999995	905	1	0.043387
RANBP17	4	0.69006	0.68952	0.999995	556	0	0.073384	0.47188	0.65542	0.999995	633	1	0.073384
IL6ST	4	0.69312	0.69263	0.999995	557	0	0.24113	0.62359	0.76522	0.999995	735	2	0.24113
NLRP8	4	0.69388	0.69334	0.999995	558	0	0.56585	0.10661	0.25057	0.875064	301	2	0.56585
VPS26B	4	0.69464	0.69418	0.999995	559	0	0.11634	0.62092	0.7633	0.999995	732	1	0.11634
ATP7B	4	0.69615	0.69589	0.999995	560	0	0.27211	0.28195	0.49563	0.999995	508	2	0.27211
TBC1D28	3	0.69673	0.69721	0.999995	561	0	0.1011	0.94541	0.94481	0.999995	915	0	0.1011
PPP2R1B	4	0.69691	0.69665	0.999995	562	0	0.27841	0.6767	0.80454	0.999995	776	2	0.27841
GYS1	4	0.69766	0.69723	0.999995	563	0	0.32586	0.51661	0.68753	0.999995	664	2	0.32586
ASCL1	4	0.69803	0.69764	0.999995	564	0	0.7663	0.029704	0.091318	0.727758	129	3	0.7663
CDS1	4	0.69841	0.69811	0.999995	565	0	0.057706	0.90613	0.91241	0.999995	883	1	0.057706
CDK8	4	0.69879	0.69842	0.999995	566	0	0.14487	0.58226	0.735	0.999995	706	2	0.14487
RBPJ	4	0.69991	0.69972	0.999995	567	0	0.56563	0.14464	0.30742	0.901602	361	3	0.56563
HASPIN	4	0.70028	0.70019	0.999995	568	0	0.28139	0.63131	0.77091	0.999995	740	2	0.28139
ANKRD10	4	0.70066	0.70057	0.999995	569	0	0.67979	0.056401	0.15982	0.770255	213	3	0.67979
COQ10A	4	0.7014	0.70119	0.999995	570	0	0.45188	0.17709	0.35504	0.944063	398	2	0.45188
EGFR	4	0.70178	0.70156	0.999995	571	0	0.36503	0.23778	0.43882	0.999995	465	3	0.36503
KCNG4	4	0.70215	0.70183	0.999995	572	0	0.44918	0.32436	0.54793	0.999995	552	3	0.44918
LHFPL5	4	0.70585	0.70526	0.999995	573	0	0.58828	0.12591	0.2798	0.892977	331	2	0.58828
SBF2	3	0.706	0.70662	0.999995	574	0	0.26094	0.82999	0.83784	0.999995	835	1	0.26094
BCAP31	4	0.70696	0.70638	0.999995	575	0	0.15254	0.4142	0.61503	0.999995	603	2	0.15254
SEC31A	4	0.70806	0.70736	0.999995	576	0	0.44927	0.24886	0.45314	0.999995	480	3	0.44927
CLASP2	4	0.70842	0.70782	0.999995	577	0	0.20782	0.30048	0.5193	0.999995	524	2	0.20782
CAB39L	4	0.70879	0.70813	0.999995	578	0	0.31322	0.32611	0.54994	0.999995	553	3	0.31322
GMPR2	4	0.70915	0.70861	0.999995	579	0	0.27157	0.69542	0.81898	0.999995	789	2	0.27157
EZH1	4	0.70952	0.70892	0.999995	580	0	0.10366	0.93276	0.9329	0.999995	904	1	0.10366
CLASP1	4	0.71025	0.70973	0.999995	581	0	0.28821	0.36338	0.57988	0.999995	579	2	0.28821
RPS7	1	0.7113	0.71224	0.999995	582	0	0.66894	0.2887	0.28941	0.901602	517	1	0.66894
NCK1	4	0.71207	0.71151	0.999995	583	0	0.9385	0.0075417	0.025738	0.536692	50	3	0.9385
SEC11C	4	0.71279	0.71217	0.999995	584	0	0.56964	0.086113	0.21819	0.829962	278	3	0.56964
AXL	4	0.7146	0.71377	0.999995	585	0	0.43255	0.22414	0.42008	0.98854	448	3	0.43255
SLC25A2	4	0.71496	0.71414	0.999995	586	0	0.19975	0.60692	0.75308	0.999995	722	1	0.19975
TNR	4	0.71604	0.71521	0.999995	587	0	0.27128	0.67389	0.8025	0.999995	772	2	0.27128
AOX1	4	0.71639	0.71565	0.999995	588	0	0.26235	0.83911	0.87687	0.999995	841	1	0.26235
NDEL1	4	0.71675	0.71602	0.999995	589	0	0.32007	0.31841	0.54061	0.999995	546	3	0.32007
RHOT2	4	0.71711	0.71637	0.999995	590	0	0.080651	0.75026	0.84256	0.999995	806	1	0.080651
STX4	4	0.71783	0.71692	0.999995	591	0	0.26632	0.4787	0.65999	0.999995	637	2	0.26632
ARHGEF6	4	0.71925	0.71857	0.999995	592	0	0.40322	0.24002	0.4417	0.999995	468	2	0.40322
GPSM1	4	0.71961	0.71898	0.999995	593	0	0.19646	0.3138	0.53512	0.999995	540	2	0.19646
ACTL7A	4	0.71996	0.71926	0.999995	594	0	0.10575	0.65034	0.7847	0.999995	754	1	0.10575
PTF1A	4	0.72032	0.71958	0.999995	595	0	0.18016	0.24827	0.45253	0.999995	478	2	0.18016
KRT25	4	0.72067	0.71987	0.999995	596	0	0.33475	0.21649	0.40985	0.98854	438	2	0.33475
MAK	4	0.72103	0.72033	0.999995	597	0	0.40262	0.35359	0.57308	0.999995	573	2	0.40262
TMEM30B	4	0.72138	0.72063	0.999995	598	0	0.90615	0.0051779	0.018359	0.498793	37	3	0.90615
IFIH1	4	0.72174	0.72097	0.999995	599	0	0.065009	0.25938	0.46671	0.999995	489	1	0.065009
TTC23	4	0.72209	0.72139	0.999995	600	0	0.32425	0.37238	0.58601	0.999995	584	2	0.32425
EPS15	4	0.72279	0.7221	0.999995	601	0	0.42684	0.37319	0.58657	0.999995	585	2	0.42684
ARID4A	4	0.7235	0.7228	0.999995	602	0	0.32382	0.31632	0.53811	0.999995	545	3	0.32382
DMD	4	0.7249	0.72446	0.999995	603	0	0.61258	0.059035	0.16628	0.770255	219	3	0.61258
FLNB	4	0.72525	0.72479	0.999995	604	0	0.62008	0.11536	0.26394	0.880148	318	3	0.62008
SNRPN	4	0.7256	0.72511	0.999995	605	0	0.59042	0.099673	0.23938	0.868964	291	3	0.59042
VRTN	4	0.7263	0.72577	0.999995	606	0	0.32452	0.49548	0.67195	0.999995	651	2	0.32452
ICK	4	0.7277	0.72712	0.999995	607	0	0.20791	0.90535	0.91195	0.999995	881	1	0.20791
HTR2C	4	0.72804	0.72748	0.999995	608	0	0.96312	0.010765	0.035938	0.551846	66	3	0.96312
MTMR4	4	0.72874	0.72811	0.999995	609	0	0.26191	0.67036	0.79991	0.999995	768	2	0.26191
REG3A	4	0.72978	0.72905	0.999995	610	0	0.65103	0.066115	0.183	0.770255	242	3	0.65103
CTSZ	4	0.73253	0.73168	0.999995	611	0	0.061065	0.45276	0.64224	0.999995	623	1	0.061065
HRAS	4	0.73459	0.73396	0.999995	612	0	0.21265	0.63064	0.77043	0.999995	739	2	0.21265
STX17	4	0.73493	0.73434	0.999995	613	0	0.35122	0.30527	0.52493	0.999995	532	3	0.35122
TAP1	4	0.73527	0.73462	0.999995	614	0	0.68589	0.043037	0.12693	0.754082	174	3	0.68589
SAR1B	4	0.73697	0.73635	0.999995	615	0	0.1265	0.80478	0.86204	0.999995	821	1	0.1265
ENOX1	4	0.73764	0.73704	0.999995	616	0	0.57729	0.16455	0.33613	0.92546	384	3	0.57729
ADGRG7	4	0.73832	0.73776	0.999995	617	0	0.05534	0.16855	0.34227	0.937486	386	1	0.05534
CRY1	4	0.73866	0.73818	0.999995	618	0	0.35354	0.43303	0.62872	0.999995	613	2	0.35354
PRKAB2	4	0.73899	0.73852	0.999995	619	0	0.19892	0.82582	0.87085	0.999995	834	1	0.19892
AP2A2	4	0.73967	0.73912	0.999995	620	0	0.50683	0.1899	0.37352	0.956366	413	3	0.50683
SBNO2	4	0.74	0.73952	0.999995	621	0	0.64995	0.042625	0.12609	0.754082	173	3	0.64995
NCOR2	4	0.74135	0.74078	0.999995	622	0	0.33005	0.51881	0.68907	0.999995	666	2	0.33005
PCBD1	4	0.74168	0.74115	0.999995	623	0	0.52291	0.24698	0.45082	0.999995	475	3	0.52291
AP3M1	4	0.74201	0.74149	0.999995	624	0	0.34717	0.55857	0.71763	0.999995	693	2	0.34717
TUBB2A	4	0.74268	0.74215	0.999995	625	0	0.45313	0.15806	0.32681	0.9207	377	2	0.45313
NXT1	4	0.74301	0.74249	0.999995	626	0	0.88663	0.0055397	0.019293	0.498793	40	3	0.88663
CNOT6L	4	0.74434	0.74392	0.999995	627	0	0.5845	0.18846	0.37142	0.953504	411	3	0.5845
RIC8B	4	0.74501	0.74462	0.999995	628	0	0.29682	0.6781	0.80546	0.999995	778	2	0.29682
XRCC4	4	0.746	0.74566	0.999995	629	0	0.19832	0.95713	0.95694	0.999995	926	0	0.19832
ABTB2	4	0.74666	0.74644	0.999995	630	0	0.82811	0.010964	0.036601	0.551846	68	3	0.82811
KCNT1	4	0.74797	0.74792	0.999995	631	0	0.54319	0.12217	0.27406	0.892977	324	3	0.54319
GSX1	4	0.7483	0.7483	0.999995	632	0	0.59049	0.13743	0.29692	0.901602	349	3	0.59049
SLC10A2	4	0.74863	0.74867	0.999995	633	0	0.32307	0.51346	0.68528	0.999995	661	2	0.32307
TMEM9	4	0.74896	0.74909	0.999995	634	0	0.20436	0.52041	0.69019	0.999995	667	2	0.20436
SLC9A3R1	4	0.74994	0.75006	0.999995	635	0	0.29758	0.54404	0.70672	0.999995	681	2	0.29758
PMM2	4	0.75059	0.7507	0.999995	636	0	0.14416	0.94766	0.94708	0.999995	918	0	0.14416
CCDC69	4	0.75156	0.75172	0.999995	637	0	0.40357	0.14747	0.31151	0.904666	365	2	0.40357
INTS6L	4	0.75189	0.75205	0.999995	638	0	0.60414	0.042215	0.12498	0.754082	170	3	0.60414
UTRN	4	0.75221	0.75234	0.999995	639	0	0.2749	0.4295	0.6261	0.999995	610	2	0.2749
DGAT1	4	0.75254	0.75265	0.999995	640	0	0.31995	0.20412	0.39266	0.977049	424	2	0.31995
ATAD2	4	0.75286	0.75302	0.999995	641	0	0.43687	0.053782	0.15345	0.770255	205	3	0.43687
ERN1	4	0.75318	0.75332	0.999995	642	0	0.4887	0.12347	0.27606	0.892977	327	3	0.4887
CTNNB1	4	0.75415	0.75415	0.999995	643	0	0.31862	0.20878	0.39889	0.981037	430	3	0.31862
PTPN14	4	0.75512	0.7552	0.999995	644	0	0.57291	0.11204	0.25889	0.876744	313	3	0.57291
SHMT2	4	0.75704	0.75704	0.999995	645	0	0.37818	0.27249	0.48349	0.999995	500	3	0.37818
ATAD2B	4	0.758	0.75799	0.999995	646	0	0.18949	0.23929	0.44077	0.999995	467	1	0.18949
SPATA21	4	0.75863	0.75868	0.999995	647	0	0.39606	0.37647	0.58869	0.999995	586	2	0.39606
BRSK2	4	0.75927	0.75936	0.999995	648	0	0.42271	0.19713	0.38313	0.969632	416	2	0.42271
PLCG1	4	0.76085	0.76104	0.999995	649	0	0.67989	0.084049	0.21478	0.827885	275	3	0.67989
PCGF1	4	0.76179	0.76202	0.999995	650	0	0.42812	0.063535	0.17716	0.770255	235	3	0.42812
CCNE2	4	0.76274	0.7629	0.999995	651	0	0.32545	0.52978	0.69679	0.999995	675	2	0.32545
JAG2	4	0.76305	0.76325	0.999995	652	0	0.52786	0.011255	0.037572	0.551846	71	2	0.52786
ZIC3	4	0.76399	0.76417	0.999995	653	0	0.39714	0.29811	0.51611	0.999995	522	3	0.39714
MTUS1	4	0.76461	0.76477	0.999995	654	0	0.28953	0.28339	0.49738	0.999995	510	2	0.28953
TOP2B	4	0.76524	0.76545	0.999995	655	0	0.47638	0.15452	0.32167	0.91236	373	3	0.47638
MACF1	4	0.76586	0.76613	0.999995	656	0	0.4382	0.28601	0.50082	0.999995	513	3	0.4382
BICD1	4	0.76648	0.76675	0.999995	657	0	0.25268	0.47993	0.66096	0.999995	639	2	0.25268
MTX1	3	0.76988	0.77052	0.999995	658	0	0.14433	0.80414	0.81903	0.999995	820	1	0.14433
SERPINA11	4	0.77018	0.77045	0.999995	659	0	0.65942	0.077059	0.20355	0.806039	266	3	0.65942
DDX17	4	0.77048	0.77081	0.999995	660	0	0.59775	0.13667	0.29594	0.901602	345	3	0.59775
ZEB1	4	0.77079	0.7711	0.999995	661	0	0.11142	0.76274	0.84678	0.999995	813	1	0.11142
RANBP9	4	0.7714	0.7718	0.999995	662	0	0.13696	0.93054	0.93112	0.999995	900	1	0.13696
DPCR1	4	0.7717	0.77212	0.999995	663	0	0.36122	0.68473	0.81049	0.999995	782	2	0.36122
GMPR	4	0.77201	0.77248	0.999995	664	0	0.44926	0.11535	0.26393	0.880148	317	2	0.44926
HRH1	4	0.77292	0.77355	0.999995	665	0	0.19532	0.016961	0.054301	0.61765	93	1	0.19532
TMEM9B	4	0.77443	0.77508	0.999995	666	0	0.34027	0.066991	0.18511	0.770255	248	2	0.34027
GBX2	4	0.77504	0.77561	0.999995	667	0	0.5663	0.1812	0.36098	0.947125	402	3	0.5663
XYLT2	4	0.77534	0.77588	0.999995	668	0	0.23887	0.66235	0.79376	0.999995	763	2	0.23887
GDI1	4	0.77594	0.77643	0.999995	669	0	0.43138	0.27217	0.4832	0.999995	499	3	0.43138
MECOM	4	0.77624	0.77672	0.999995	670	0	0.5729	0.21589	0.40918	0.98854	437	3	0.5729
STRIP2	4	0.77684	0.77724	0.999995	671	0	0.57427	0.10897	0.25426	0.875064	307	3	0.57427
ABCB1	4	0.77744	0.77793	0.999995	672	0	0.33419	0.5234	0.69239	0.999995	670	2	0.33419
SPTLC3	4	0.77833	0.77886	0.999995	673	0	0.26825	0.11171	0.25837	0.876744	312	2	0.26825
CHM	4	0.781	0.78141	0.999995	674	0	0.5781	0.15109	0.31688	0.907827	370	3	0.5781
RXFP3	4	0.7813	0.78173	0.999995	675	0	0.27438	0.079194	0.20683	0.806039	272	2	0.27438
ABL1	4	0.78159	0.78206	0.999995	676	0	0.55526	0.044872	0.13164	0.754082	183	3	0.55526
ARFGEF2	4	0.78394	0.78452	0.999995	677	0	0.48465	0.17458	0.35148	0.942776	394	3	0.48465
SAR1A	8	0.78486	0.78715	0.999995	678	1	0.042699	0.21245	0.49272	0.999995	435	1	0.042699
SMAP2	4	0.78569	0.78598	0.999995	679	0	0.3286	0.3867	0.59576	0.999995	589	2	0.3286
SPTA1	4	0.78627	0.7865	0.999995	680	0	0.56927	0.10816	0.25309	0.875064	304	3	0.56927
FAM71A	4	0.78656	0.78688	0.999995	681	0	0.39808	0.35522	0.57394	0.999995	575	2	0.39808
TAS1R2	4	0.78714	0.78758	0.999995	682	0	0.32475	0.42342	0.62162	0.999995	608	2	0.32475
LGALS9	4	0.78743	0.78782	0.999995	683	0	0.24772	0.53057	0.69732	0.999995	676	2	0.24772
NCKAP1	4	0.7883	0.78859	0.999995	684	0	0.47135	0.24079	0.44262	0.999995	469	3	0.47135
ADAP2	4	0.78858	0.78889	0.999995	685	0	0.059402	0.84738	0.88043	0.999995	848	1	0.059402
RHOBTB2	4	0.78945	0.78966	0.999995	686	0	0.88272	0.017821	0.056683	0.61765	97	3	0.88272
AP1G2	4	0.78973	0.79002	0.999995	687	0	0.16496	0.8322	0.8737	0.999995	837	1	0.16496
CD44	4	0.79002	0.79035	0.999995	688	0	0.38122	0.48546	0.66459	0.999995	645	2	0.38122
CHMP1B	4	0.79031	0.79057	0.999995	689	0	0.66365	0.078758	0.20623	0.806039	271	3	0.66365
AP1G1	4	0.79059	0.79099	0.999995	690	0	0.18784	0.75318	0.84349	0.999995	808	1	0.18784
GDF15	4	0.79202	0.7924	0.999995	691	0	0.43111	0.26924	0.47928	0.999995	496	3	0.43111
SPHKAP	4	0.79315	0.79364	0.999995	692	0	0.7115	0.045476	0.13314	0.754082	185	3	0.7115
TRAPPC3L	4	0.794	0.79438	0.999995	693	0	0.42808	0.24846	0.45271	0.999995	479	2	0.42808
MYBL2	4	0.79428	0.79467	0.999995	694	0	0.20765	0.70392	0.82559	0.999995	792	2	0.20765
TOMM40L	4	0.79484	0.79522	0.999995	695	0	0.28075	0.61005	0.75545	0.999995	723	2	0.28075
PLD2	4	0.79653	0.79699	0.999995	696	0	0.3407	0.34871	0.56992	0.999995	572	2	0.3407
DGAT2L6	4	0.7968	0.79718	0.999995	697	0	0.52233	0.13194	0.2888	0.901602	339	2	0.52233
SS18	4	0.79708	0.79752	0.999995	698	0	0.52207	0.22901	0.42658	0.988553	458	3	0.52207
FRY	4	0.79792	0.79834	0.999995	699	0	0.55255	0.16559	0.33768	0.927294	385	3	0.55255
LIM2	4	0.79875	0.79914	0.999995	700	0	0.55764	0.068388	0.18848	0.770255	253	3	0.55764
AP5M1	4	0.80041	0.80062	0.999995	701	0	0.24585	0.31101	0.53188	0.999995	538	1	0.24585
STRIP1	4	0.80069	0.80086	0.999995	702	0	0.21323	0.80908	0.86374	0.999995	826	1	0.21323
TLN2	4	0.80096	0.8011	0.999995	703	0	0.39315	0.32923	0.55386	0.999995	558	2	0.39315
CYP2A6	4	0.80151	0.80161	0.999995	704	0	0.21558	0.85919	0.88606	0.999995	854	1	0.21558
CHSY3	4	0.80206	0.80215	0.999995	705	0	0.72929	0.085102	0.21643	0.829163	276	3	0.72929
KRT74	4	0.80233	0.80239	0.999995	706	0	0.42482	0.28567	0.50045	0.999995	512	3	0.42482
TMEM120A	4	0.80261	0.80263	0.999995	707	0	0.61393	0.11019	0.25616	0.876744	308	3	0.61393
FLOT2	4	0.80342	0.80342	0.999995	708	0	0.4151	0.20579	0.39456	0.977179	427	3	0.4151
SRI	4	0.80397	0.8041	0.999995	709	0	0.35875	0.39121	0.59879	0.999995	592	2	0.35875
TIMM23B	4	0.80559	0.80561	0.999995	710	0	0.75737	0.046181	0.1349	0.756588	188	3	0.75737
ARPC5L	4	0.8064	0.80651	0.999995	711	0	0.13966	0.9002	0.90877	0.999995	878	1	0.13966
CYFIP1	4	0.80721	0.80738	0.999995	712	0	0.53025	0.22384	0.41966	0.98854	447	3	0.53025
ATOH1	4	0.80775	0.80803	0.999995	713	0	0.62034	0.033256	0.10127	0.732707	143	2	0.62034
KLF5	4	0.80855	0.80894	0.999995	714	0	0.57461	0.078229	0.20541	0.806039	269	2	0.57461
CDK16	4	0.80908	0.80952	0.999995	715	0	0.57007	0.08796	0.22113	0.837146	280	3	0.57007
FKBP4	4	0.80935	0.8098	0.999995	716	0	0.30907	0.59108	0.74188	0.999995	709	2	0.30907
DST	4	0.80988	0.81043	0.999995	717	0	0.62433	0.12632	0.28026	0.892977	334	3	0.62433
FUT5	4	0.81015	0.81073	0.999995	718	0	0.75804	0.036811	0.11062	0.747368	154	3	0.75804
HTR3E	4	0.81041	0.81107	0.999995	719	0	0.35709	0.31914	0.54145	0.999995	547	2	0.35709
ERO1B	4	0.81121	0.81176	0.999995	720	0	0.51401	0.12566	0.27944	0.892977	329	3	0.51401
PRDM13	4	0.81147	0.81202	0.999995	721	0	0.92098	0.0021184	0.0079722	0.433168	18	3	0.92098
TBR1	4	0.81226	0.81297	0.999995	722	0	0.093009	0.97934	0.97955	0.999995	954	0	0.093009
ALDOC	4	0.81305	0.81386	0.999995	723	0	0.26946	0.70155	0.82382	0.999995	791	2	0.26946
CADPS	4	0.81383	0.81468	0.999995	724	0	0.53701	0.17854	0.35714	0.944063	400	3	0.53701
APOBEC1	4	0.8141	0.81493	0.999995	725	0	0.37252	0.24752	0.45158	0.999995	476	3	0.37252
EPC1	4	0.8154	0.81623	0.999995	726	0	0.53804	0.23811	0.4392	0.999995	466	3	0.53804
ADARB1	4	0.81592	0.81684	0.999995	727	0	0.41981	0.16352	0.3347	0.925317	382	2	0.41981
PSMB9	4	0.81669	0.8176	0.999995	728	0	0.29663	0.48277	0.66282	0.999995	642	2	0.29663
TOMM20L	4	0.81695	0.81793	0.999995	729	0	0.3169	0.24603	0.44935	0.999995	472	2	0.3169
MYBPH	4	0.81773	0.81869	0.999995	730	0	0.48098	0.14102	0.30233	0.901602	353	2	0.48098
AIPL1	4	0.81875	0.81958	0.999995	731	0	0.7207	0.14167	0.30325	0.901602	354	3	0.7207
MTUS2	4	0.81901	0.81982	0.999995	732	0	0.21744	0.68115	0.80778	0.999995	780	1	0.21744
SLC25A15	4	0.81927	0.82006	0.999995	733	0	0.57949	0.13162	0.28831	0.901602	338	3	0.57949
RB1	4	0.81952	0.82022	0.999995	734	0	0.61093	0.069165	0.19035	0.770255	257	3	0.61093
ALAS2	4	0.81978	0.82052	0.999995	735	0	0.45072	0.33071	0.55562	0.999995	560	3	0.45072
SEC11A	4	0.82105	0.82199	0.999995	736	0	0.49096	0.18811	0.37094	0.953504	409	3	0.49096
CHUK	8	0.82128	0.82051	0.999995	737	1	0.16943	0.60524	0.84134	0.999995	719	3	0.16943
RAP1GAP2	4	0.82181	0.82266	0.999995	738	0	0.62364	0.059963	0.16846	0.770255	222	3	0.62364
VANGL1	4	0.82206	0.82291	0.999995	739	0	0.85625	0.022416	0.07019	0.676373	111	3	0.85625
PDCD4	4	0.82232	0.82319	0.999995	740	0	0.59667	0.060898	0.17063	0.770255	225	3	0.59667
ITGB1BP2	4	0.82257	0.82341	0.999995	741	0	0.58574	0.13991	0.30057	0.901602	351	3	0.58574
KCNT2	4	0.82282	0.82365	0.999995	742	0	0.48027	0.20069	0.38785	0.969632	422	3	0.48027
CHRNB3	4	0.82332	0.82413	0.999995	743	0	0.53812	0.19788	0.38414	0.969632	417	3	0.53812
CTCFL	4	0.82433	0.8251	0.999995	744	0	0.85094	0.013248	0.043429	0.595978	77	3	0.85094
SIK2	4	0.82458	0.82533	0.999995	745	0	0.75164	0.034201	0.1039	0.739152	147	3	0.75164
ERO1A	4	0.82707	0.82763	0.999995	746	0	0.47109	0.15237	0.31876	0.908296	372	3	0.47109
IRF4	4	0.82756	0.82806	0.999995	747	0	0.409	0.30268	0.52184	0.999995	528	2	0.409
XDH	4	0.82805	0.82853	0.999995	748	0	0.66444	0.080595	0.20916	0.812117	273	3	0.66444
NR5A1	4	0.83002	0.8305	0.999995	749	0	0.35112	0.49329	0.67026	0.999995	649	2	0.35112
DEGS2	4	0.83026	0.83074	0.999995	750	0	0.61356	0.1022	0.24375	0.872876	295	3	0.61356
TUBB4B	8	0.83048	0.82966	0.999995	751	0	0.38459	0.069952	0.23453	0.863191	259	4	0.38459
CPS1	4	0.8305	0.83101	0.999995	752	0	0.60139	0.068451	0.18864	0.770255	254	2	0.60139
TAF9B	2	0.83073	0.82937	0.999995	753	0	0.51339	0.16927	0.27287	0.892977	387	2	0.51339
NHLRC1	4	0.83099	0.83159	0.999995	754	0	0.39739	0.39203	0.59923	0.999995	593	2	0.39739
RALGPS2	4	0.8322	0.83276	0.999995	755	0	0.42726	0.32802	0.55232	0.999995	556	2	0.42726
ALAS1	8	0.83242	0.83158	0.999995	756	0	0.53848	0.013419	0.064118	0.648787	79	6	0.53848
SMARCC2	4	0.83269	0.83329	0.999995	757	0	0.36363	0.26311	0.47147	0.999995	491	3	0.36363
CALY	4	0.8358	0.83612	0.999995	758	0	0.19848	0.22567	0.42207	0.98854	451	2	0.19848
PGLS	4	0.83604	0.83633	0.999995	759	0	0.82535	0.017924	0.057103	0.61765	100	3	0.82535
ESRP2	4	0.83699	0.8373	0.999995	760	0	0.35588	0.37728	0.58924	0.999995	587	2	0.35588
FLOT1	4	0.83793	0.83833	0.999995	761	0	0.54929	0.10456	0.24727	0.875064	297	3	0.54929
MYH7	4	0.83817	0.83855	0.999995	762	0	0.3781	0.33409	0.55962	0.999995	566	2	0.3781
BARHL1	4	0.83841	0.83883	0.999995	763	0	0.66298	0.14365	0.3061	0.901602	357	3	0.66298
IL10RA	4	0.83864	0.83917	0.999995	764	0	0.35219	0.27938	0.49252	0.999995	506	3	0.35219
PHLDA2	4	0.83911	0.83965	0.999995	765	0	0.38711	0.31319	0.53443	0.999995	539	3	0.38711
DUSP10	4	0.84028	0.84077	0.999995	766	0	0.18306	0.6774	0.8051	0.999995	777	2	0.18306
WRN	4	0.84051	0.84097	0.999995	767	0	0.17712	0.52253	0.69175	0.999995	669	1	0.17712
PUM1	4	0.84098	0.84142	0.999995	768	0	0.207	0.95483	0.95466	0.999995	924	0	0.207
DMXL1	4	0.84121	0.84168	0.999995	769	0	0.5838	0.035054	0.10586	0.746207	148	3	0.5838
CEACAM1	4	0.8426	0.84313	0.999995	770	0	0.58013	0.026569	0.082435	0.727758	119	2	0.58013
PLXDC2	4	0.84306	0.84367	0.999995	771	0	0.29388	0.5393	0.70333	0.999995	680	2	0.29388
PLCG2	4	0.84352	0.8442	0.999995	772	0	0.29875	0.48658	0.66555	0.999995	647	2	0.29875
GALNT2	4	0.84375	0.84437	0.999995	773	0	0.56631	0.073108	0.1971	0.788399	263	3	0.56631
AHCYL2	4	0.84398	0.84461	0.999995	774	0	0.40811	0.38875	0.59717	0.999995	590	2	0.40811
MBP	4	0.84421	0.84491	0.999995	775	0	0.36191	0.33783	0.5625	0.999995	568	2	0.36191
GSTP1	4	0.84443	0.8451	0.999995	776	0	0.15979	0.96459	0.96442	0.999995	933	0	0.15979
YIPF5	4	0.84625	0.84689	0.999995	777	0	0.48217	0.2153	0.40838	0.98854	436	3	0.48217
DUOX1	4	0.84671	0.84743	0.999995	778	0	0.46779	0.21794	0.41208	0.98854	440	3	0.46779
SP110	4	0.84783	0.84852	0.999995	779	0	0.2843	0.67165	0.80086	0.999995	770	2	0.2843
NAPB	4	0.84828	0.84897	0.999995	780	0	0.38232	0.29473	0.51183	0.999995	520	3	0.38232
SIX6	4	0.84918	0.84975	0.999995	781	0	0.29165	0.6875	0.81276	0.999995	783	2	0.29165
TPRX1	4	0.8494	0.85003	0.999995	782	0	0.56228	0.13507	0.29357	0.901602	343	3	0.56228
GXYLT1	4	0.84962	0.85025	0.999995	783	0	0.42666	0.17568	0.35297	0.942776	396	2	0.42666
LNX1	4	0.84985	0.85043	0.999995	784	0	0.56485	0.19844	0.38496	0.969632	418	3	0.56485
LDB2	4	0.85007	0.85071	0.999995	785	0	0.69928	0.0069025	0.023674	0.522793	49	3	0.69928
POU5F2	4	0.85029	0.85094	0.999995	786	0	0.70745	0.055002	0.15635	0.770255	207	3	0.70745
SLC25A24	4	0.85051	0.85114	0.999995	787	0	0.3108	0.59756	0.74651	0.999995	715	2	0.3108
TANC2	3	0.85307	0.8532	0.999995	788	0	0.42162	0.34752	0.50198	0.999995	571	2	0.42162
TFDP3	4	0.8536	0.85395	0.999995	789	0	0.54792	0.077458	0.20419	0.806039	268	3	0.54792
ATM	4	0.85468	0.85515	0.999995	790	0	0.27826	0.62017	0.76272	0.999995	730	2	0.27826
GPR183	4	0.8549	0.85539	0.999995	791	0	0.87881	0.0098515	0.033108	0.551846	62	3	0.87881
HMGCL	4	0.85512	0.85562	0.999995	792	0	0.61528	0.12717	0.28147	0.893298	336	3	0.61528
CD72	4	0.85577	0.85614	0.999995	793	0	0.29085	0.5464	0.70855	0.999995	682	2	0.29085
CCND3	4	0.85641	0.85673	0.999995	794	0	0.29304	0.46856	0.65349	0.999995	630	2	0.29304
PXDNL	4	0.85663	0.85696	0.999995	795	0	0.54635	0.06436	0.17897	0.770255	236	3	0.54635
HEATR5A	4	0.85684	0.85715	0.999995	796	0	0.28433	0.12264	0.27476	0.892977	325	2	0.28433
ISL1	4	0.85706	0.85735	0.999995	797	0	0.32019	0.48074	0.66151	0.999995	641	2	0.32019
TYROBP	4	0.8577	0.85796	0.999995	798	0	0.53878	0.1874	0.3699	0.953504	406	3	0.53878
EPHA2	4	0.85919	0.85949	0.999995	799	0	0.69032	0.024664	0.076905	0.702757	117	3	0.69032
DUOX2	4	0.8594	0.8597	0.999995	800	0	0.27208	0.60628	0.75267	0.999995	721	2	0.27208
RNF44	4	0.86004	0.8602	0.999995	801	0	0.56572	0.049348	0.14257	0.767126	195	3	0.56572
CAT	4	0.86025	0.86042	0.999995	802	0	0.30114	0.63352	0.77239	0.999995	742	2	0.30114
HRH3	4	0.86109	0.86119	0.999995	803	0	1.0849	0.003126	0.011409	0.478601	26	3	1.0849
LIMK1	4	0.8613	0.86141	0.999995	804	0	0.26483	0.61943	0.76212	0.999995	729	2	0.26483
ZNF284	4	0.86151	0.86163	0.999995	805	0	0.26073	0.79931	0.86002	0.999995	817	1	0.26073
PSEN2	4	0.86193	0.86204	0.999995	806	0	0.54151	0.052896	0.15127	0.770255	202	3	0.54151
SLC25A37	4	0.86235	0.86252	0.999995	807	0	0.32584	0.57066	0.72676	0.999995	696	2	0.32584
TAF9	4	0.86255	0.8627	0.999995	808	0	0.59806	0.14604	0.30961	0.901602	364	3	0.59806
IRF8	4	0.86339	0.86356	0.999995	809	0	0.64256	0.039538	0.11799	0.754082	161	3	0.64256
CHML	4	0.86359	0.8637	0.999995	810	0	0.27288	0.86109	0.88697	0.999995	856	1	0.27288
YIF1B	4	0.86463	0.86483	0.999995	811	0	0.35462	0.031456	0.09611	0.727758	139	2	0.35462
KAT6B	4	0.86504	0.86524	0.999995	812	0	0.56556	0.1494	0.31438	0.907827	367	3	0.56556
SLC11A1	4	0.86545	0.86561	0.999995	813	0	0.412	0.14419	0.30683	0.901602	358	3	0.412
DENND5A	4	0.86627	0.86645	0.999995	814	0	0.26453	0.49878	0.67443	0.999995	656	2	0.26453
PAPSS1	4	0.86667	0.86686	0.999995	815	0	0.44598	0.33283	0.55808	0.999995	563	3	0.44598
FCRL3	4	0.86708	0.86734	0.999995	816	0	0.30915	0.51238	0.68445	0.999995	660	2	0.30915
MT2A	4	0.86829	0.86853	0.999995	817	0	0.89375	0.0075683	0.025822	0.536692	51	3	0.89375
NUMB	4	0.8691	0.86926	0.999995	818	0	0.57177	0.12588	0.27973	0.892977	330	3	0.57177
FAM126B	4	0.8695	0.86967	0.999995	819	0	0.42479	0.2673	0.47695	0.999995	493	3	0.42479
ZNF521	4	0.8699	0.87006	0.999995	820	0	0.6171	0.10542	0.24885	0.875064	298	3	0.6171
SLITRK1	4	0.8701	0.87032	0.999995	821	0	0.36104	0.60553	0.75211	0.999995	720	2	0.36104
TRPC5	4	0.8705	0.87073	0.999995	822	0	0.58921	0.18849	0.37151	0.953504	412	3	0.58921
LRBA	4	0.8709	0.87104	0.999995	823	0	0.64367	0.098328	0.23711	0.866235	289	3	0.64367
CDK5R2	4	0.87248	0.87264	0.999995	824	0	0.24492	0.65932	0.79156	0.999995	759	2	0.24492
TXNDC8	4	0.87287	0.87309	0.999995	825	0	0.40615	0.4408	0.63403	0.999995	616	2	0.40615
PLD1	4	0.87483	0.87517	0.999995	826	0	0.4973	0.14992	0.3152	0.907827	368	2	0.4973
NBEAL1	4	0.87502	0.87536	0.999995	827	0	0.30593	0.59718	0.74626	0.999995	714	2	0.30593
ZDHHC13	4	0.87676	0.87718	0.999995	828	0	0.43687	0.22674	0.42339	0.98854	453	2	0.43687
FKBP9	4	0.8779	0.87825	0.999995	829	0	0.45049	0.30148	0.52041	0.999995	525	2	0.45049
DDI1	8	0.87803	0.87748	0.999995	830	0	0.55923	0.022212	0.096848	0.728074	110	5	0.55923
CRYBB2	4	0.87829	0.87864	0.999995	831	0	0.83027	0.0068121	0.023459	0.522793	48	3	0.83027
CAP2	4	0.87942	0.87978	0.999995	832	0	0.40136	0.28169	0.49525	0.999995	507	3	0.40136
JUP	4	0.87961	0.87993	0.999995	833	0	0.78061	0.0053003	0.018695	0.498793	38	3	0.78061
PXDN	4	0.87999	0.88031	0.999995	834	0	0.54058	0.011484	0.038357	0.551846	73	2	0.54058
EFNB1	4	0.8813	0.88177	0.999995	835	0	0.78167	0.0026547	0.0098123	0.433375	25	3	0.78167
NMT2	4	0.88186	0.88216	0.999995	836	0	0.23174	0.7235	0.83383	0.999995	798	1	0.23174
OSBPL6	4	0.88279	0.88288	0.999995	837	0	0.33018	0.30151	0.52046	0.999995	526	3	0.33018
DENND5B	4	0.88371	0.88372	0.999995	838	0	0.34786	0.094707	0.23179	0.862473	284	2	0.34786
FNIP1	4	0.88389	0.88391	0.999995	839	0	0.26593	0.80069	0.86049	0.999995	818	1	0.26593
KIT	8	0.88405	0.88391	0.999995	840	0	0.56461	0.0095202	0.048548	0.598377	57	6	0.56461
COX6B2	4	0.88481	0.88466	0.999995	841	0	0.55269	0.13393	0.29191	0.901602	342	3	0.55269
ZAP70	4	0.88499	0.88497	0.999995	842	0	0.48761	0.1134	0.26078	0.880148	315	3	0.48761
TPBG	4	0.8859	0.88576	0.999995	843	0	1.1185	4.076e-05	0.00010742	0.051155	2	3	1.1185
RNF103	4	0.88608	0.88594	0.999995	844	0	0.51845	0.16936	0.34363	0.938795	388	3	0.51845
E2F4	4	0.88662	0.88644	0.999995	845	0	0.49205	0.2055	0.39423	0.977179	426	3	0.49205
MBD4	8	0.88764	0.88734	0.999995	846	0	0.52462	0.11267	0.32833	0.9207	314	5	0.52462
NOX3	4	0.88788	0.88788	0.999995	847	0	0.45441	0.33141	0.5564	0.999995	562	3	0.45441
IDH2	4	0.88823	0.88816	0.999995	848	0	0.30447	0.62315	0.76493	0.999995	734	2	0.30447
NCK2	4	0.88894	0.88875	0.999995	849	0	0.57127	0.030555	0.093476	0.727758	134	3	0.57127
GPSM2	4	0.8893	0.8891	0.999995	850	0	0.58658	0.0078201	0.026635	0.536802	52	3	0.58658
CASP4	4	0.88983	0.88965	0.999995	851	0	0.75227	0.045719	0.13374	0.754082	187	3	0.75227
ABCC3	4	0.89036	0.89018	0.999995	852	0	0.37883	0.36747	0.58278	0.999995	581	2	0.37883
YAF2	4	0.89123	0.89101	0.999995	853	0	0.50105	0.26826	0.47807	0.999995	495	3	0.50105
ABCA3	4	0.89176	0.89146	0.999995	854	0	0.59914	0.050078	0.14414	0.770194	196	3	0.59914
IKBKB	4	0.89193	0.89161	0.999995	855	0	0.8746	0.019323	0.061269	0.636721	104	3	0.8746
BTBD11	4	0.89314	0.89286	0.999995	856	0	0.55341	0.12654	0.28053	0.892977	335	3	0.55341
RRAGD	4	0.89383	0.89342	0.999995	857	0	0.47384	0.23436	0.43413	0.995156	462	3	0.47384
TSPO2	4	0.89435	0.8939	0.999995	858	0	0.95246	0.0038259	0.013735	0.478601	31	3	0.95246
OSMR	4	0.89537	0.89474	0.999995	859	0	0.35013	0.31043	0.53112	0.999995	537	3	0.35013
FXR2	4	0.89571	0.89504	0.999995	860	0	0.61872	0.093054	0.22904	0.857905	283	3	0.61872
TTC7B	4	0.89605	0.89533	0.999995	861	0	0.50057	0.23467	0.43458	0.995156	463	3	0.50057
TOB1	4	0.89706	0.89632	0.999995	862	0	0.45863	0.2111	0.40253	0.98313	433	3	0.45863
ERN2	4	0.89772	0.89697	0.999995	863	0	0.69077	0.047943	0.13932	0.757324	193	3	0.69077
DNAJC15	4	0.89806	0.89731	0.999995	864	0	0.43783	0.27347	0.48456	0.999995	501	3	0.43783
FSD1L	4	0.89839	0.89762	0.999995	865	0	0.59188	0.081155	0.20995	0.812224	274	3	0.59188
GRM4	4	0.89971	0.89895	0.999995	866	0	0.53576	0.25262	0.45765	0.999995	483	3	0.53576
CAPN2	4	0.90102	0.90028	0.999995	867	0	0.30703	0.64232	0.77871	0.999995	749	2	0.30703
ZMIZ1	4	0.90118	0.90043	0.999995	868	0	0.71097	0.035231	0.10632	0.746207	149	3	0.71097
AKAP11	4	0.90183	0.90097	0.999995	869	0	0.32151	0.31597	0.53776	0.999995	544	3	0.32151
ZNF34	4	0.9028	0.9019	0.999995	870	0	0.39028	0.19956	0.38633	0.969632	419	3	0.39028
RALGPS1	4	0.90566	0.90447	0.999995	871	0	0.60421	0.14015	0.30089	0.901602	352	3	0.60421
LBX1	4	0.90629	0.90494	0.999995	872	0	0.88354	0.0059842	0.020956	0.504838	43	3	0.88354
CBLL2	4	0.90675	0.90523	0.999995	873	0	0.56429	0.038643	0.11557	0.754082	159	3	0.56429
IQCA1L	4	0.90769	0.90631	0.999995	874	0	0.46054	0.17735	0.35546	0.944063	399	3	0.46054
RPRD1A	4	0.90815	0.90689	0.999995	875	0	0.40145	0.26599	0.47525	0.999995	492	2	0.40145
PACS1	4	0.9083	0.90709	0.999995	876	0	0.43577	0.20693	0.39622	0.979009	428	3	0.43577
USP13	4	0.90876	0.90757	0.999995	877	0	0.35599	0.55662	0.71611	0.999995	691	2	0.35599
ZNF423	4	0.90953	0.90832	0.999995	878	0	0.71739	0.062208	0.17385	0.770255	228	3	0.71739
GSDMD	4	0.91059	0.90922	0.999995	879	0	0.56155	0.1353	0.29385	0.901602	344	3	0.56155
TBPL2	4	0.91089	0.90959	0.999995	880	0	0.63028	0.017682	0.056338	0.61765	96	2	0.63028
PPP3R2	4	0.91119	0.9099	0.999995	881	0	0.66699	0.055138	0.15666	0.770255	208	3	0.66699
S100A6	4	0.91164	0.91047	0.999995	882	0	0.39143	0.28202	0.49573	0.999995	509	3	0.39143
CCNT2	4	0.91238	0.91134	0.999995	883	0	0.48043	0.2098	0.40043	0.982496	431	3	0.48043
PDGFD	4	0.91283	0.91175	0.999995	884	0	0.61958	0.043559	0.12829	0.754082	178	3	0.61958
RAP1GAP	4	0.91327	0.91216	0.999995	885	0	0.49451	0.26162	0.46952	0.999995	490	3	0.49451
RC3H2	4	0.91357	0.91241	0.999995	886	0	0.59128	0.14299	0.30513	0.901602	356	3	0.59128
FLT1	4	0.91371	0.91256	0.999995	887	0	0.52317	0.065227	0.18101	0.770255	239	3	0.52317
FOXE3	4	0.91488	0.91384	0.999995	888	0	0.48358	0.12515	0.27865	0.892977	328	3	0.48358
KIAA0319	4	0.9159	0.91492	0.999995	889	0	0.41237	0.4113	0.61274	0.999995	601	2	0.41237
GNB3	4	0.91661	0.91561	0.999995	890	0	0.53378	0.15231	0.3187	0.908296	371	3	0.53378
DZIP3	4	0.91818	0.91733	0.999995	891	0	0.39914	0.22947	0.42713	0.988553	459	2	0.39914
MAPK8IP3	4	0.91902	0.91814	0.999995	892	0	0.43298	0.22058	0.41555	0.98854	443	3	0.43298
FOXA1	4	0.9193	0.91842	0.999995	893	0	0.85984	0.0089887	0.030343	0.551846	56	3	0.85984
TIMP2	4	0.92041	0.91982	0.999995	894	0	0.42897	0.25812	0.46502	0.999995	488	3	0.42897
LSM14B	4	0.92151	0.92086	0.999995	895	0	0.37143	0.4154	0.61596	0.999995	604	2	0.37143
DYNC1LI2	4	0.92233	0.92162	0.999995	896	0	0.56676	0.13076	0.28686	0.901602	337	3	0.56676
ENOX2	4	0.9226	0.92204	0.999995	897	0	0.47986	0.14438	0.30711	0.901602	360	3	0.47986
TAF1L	3	0.92284	0.92224	0.999995	898	0	0.44813	0.077157	0.17624	0.770255	267	3	0.44813
DYNLT1	4	0.92314	0.92252	0.999995	899	0	0.80548	0.010588	0.035377	0.551846	65	3	0.80548
ZFYVE19	4	0.92355	0.92288	0.999995	900	0	0.55838	0.12325	0.2757	0.892977	326	3	0.55838
RSPH1	4	0.92368	0.92301	0.999995	901	0	0.69804	0.027244	0.084172	0.727758	121	3	0.69804
ATP6V1C2	8	0.92566	0.92581	0.999995	902	0	0.045007	0.93648	0.97614	0.999995	908	1	0.045007
SS18L1	4	0.92567	0.92495	0.999995	903	0	0.37765	0.32717	0.55133	0.999995	554	3	0.37765
RC3H1	4	0.92697	0.92619	0.999995	904	0	0.35788	0.31458	0.53603	0.999995	542	3	0.35788
PHLDA3	4	0.92736	0.92656	0.999995	905	0	0.37129	0.3226	0.54584	0.999995	550	3	0.37129
DCAF4L2	4	0.92813	0.92731	0.999995	906	0	0.97283	0.0022209	0.0083084	0.433168	19	3	0.97283
NBEA	4	0.92941	0.92856	0.999995	907	0	0.40705	0.28801	0.50311	0.999995	515	3	0.40705
SHMT1	4	0.92978	0.92896	0.999995	908	0	0.43027	0.24326	0.44595	0.999995	470	3	0.43027
H2BFM	4	0.93066	0.92989	0.999995	909	0	0.65263	0.0532	0.15199	0.770255	203	4	0.65263
SLC32A1	4	0.93141	0.93059	0.999995	910	0	0.70437	0.068593	0.18895	0.770255	255	4	0.70437
ARID1B	4	0.93165	0.93086	0.999995	911	0	0.51119	0.068346	0.18834	0.770255	252	4	0.51119
TNKS	4	0.9319	0.93107	0.999995	912	0	0.40526	0.0681	0.18772	0.770255	251	4	0.40526
PCBD2	4	0.93215	0.93131	0.999995	913	0	0.7802	0.030174	0.092514	0.727758	131	4	0.7802
IL6R	4	0.93227	0.93144	0.999995	914	0	0.49403	0.067732	0.18676	0.770255	250	4	0.49403
TOP1MT	4	0.93239	0.93157	0.999995	915	0	0.51364	0.067609	0.1865	0.770255	249	4	0.51364
SAMD4A	4	0.93312	0.93235	0.999995	916	0	0.59829	0.066878	0.18487	0.770255	247	4	0.59829
ZNF185	4	0.93324	0.93249	0.999995	917	0	0.48114	0.066757	0.1846	0.770255	246	4	0.48114
SMARCA1	4	0.93336	0.93258	0.999995	918	0	0.66399	0.059462	0.16724	0.770255	221	4	0.66399
FSD1	4	0.93361	0.93287	0.999995	919	0	0.38301	0.066394	0.18381	0.770255	245	4	0.38301
ZMIZ2	4	0.93373	0.933	0.999995	920	0	0.33626	0.066273	0.18342	0.770255	244	4	0.33626
HEATR5B	4	0.93385	0.93314	0.999995	921	0	0.57681	0.066153	0.18307	0.770255	243	4	0.57681
OGDHL	4	0.93397	0.93324	0.999995	922	0	0.45007	0.066033	0.18278	0.770255	241	4	0.45007
TCF4	4	0.93445	0.93393	0.999995	923	0	0.63749	0.03685	0.11078	0.747368	155	4	0.63749
TBC1D1	4	0.93469	0.93412	0.999995	924	0	0.5602	0.065314	0.18121	0.770255	240	4	0.5602
TEX45	4	0.93492	0.93432	0.999995	925	0	0.40841	0.065076	0.18074	0.770255	238	4	0.40841
SYK	4	0.9361	0.93549	0.999995	926	0	0.6334	0.044007	0.12964	0.754082	179	4	0.6334
TMEM120B	4	0.93738	0.93666	0.999995	927	0	0.47569	0.062615	0.17492	0.770255	231	4	0.47569
SPDEF	4	0.93773	0.93693	0.999995	928	0	0.35574	0.06227	0.17401	0.770255	229	4	0.35574
SLC35F3	4	0.9383	0.93753	0.999995	929	0	0.534	0.061697	0.17247	0.770255	227	4	0.534
CAVIN1	4	0.93853	0.93773	0.999995	930	0	0.60742	0.061468	0.17196	0.770255	226	4	0.60742
UNC45B	4	0.93955	0.93893	0.999995	931	0	0.57969	0.06045	0.16963	0.770255	223	4	0.57969
ADARB2	4	0.93966	0.93901	0.999995	932	0	0.78306	0.03319	0.1011	0.732707	142	4	0.78306
ZNRF4	4	0.94155	0.94079	0.999995	933	0	0.57763	0.05845	0.16482	0.770255	218	4	0.57763
TUBB2B	2	0.94239	0.94167	0.999995	934	0	0.68378	0.057611	0.1018	0.732707	216	2	0.68378
HACD1	4	0.94242	0.94165	0.999995	935	0	0.49535	0.057577	0.16254	0.770255	215	4	0.49535
CSTF2	4	0.94286	0.94214	0.999995	936	0	0.89485	0.020561	0.064735	0.648787	106	4	0.89485
PTPN6	4	0.94435	0.94366	0.999995	937	0	0.60606	0.05565	0.15799	0.770255	210	4	0.60606
ELL2	4	0.94582	0.94533	0.999995	938	0	0.35907	0.054184	0.15447	0.770255	206	4	0.35907
LNX2	4	0.94674	0.94619	0.999995	939	0	0.4624	0.0096534	0.032482	0.551846	59	4	0.4624
TRPC7	4	0.94715	0.94658	0.999995	940	0	1.0035	0.013366	0.043803	0.595978	78	4	1.0035
RCBTB1	4	0.94786	0.94731	0.999995	941	0	0.62449	0.052141	0.14934	0.770255	201	4	0.62449
MECP2	4	0.94876	0.94834	0.999995	942	0	0.70906	0.028503	0.088152	0.727758	123	4	0.70906
CYP7A1	4	0.94906	0.94863	0.999995	943	0	0.7206	0.050944	0.1463	0.770194	198	4	0.7206
RP1	4	0.94916	0.94876	0.999995	944	0	0.62859	0.050845	0.14603	0.770194	197	4	0.62859
ZDHHC17	4	0.94935	0.94895	0.999995	945	0	0.913	0.0063356	0.021983	0.517822	44	4	0.913
IPO8	4	0.9512	0.95079	0.999995	946	0	0.78707	0.041196	0.12235	0.754082	166	4	0.78707
CDK19	8	0.95191	0.95179	0.999995	947	0	0.44111	0.1158	0.33521	0.925317	320	6	0.44111
ANKRD37	4	0.95205	0.95175	0.999995	948	0	0.47039	0.047945	0.13932	0.757324	194	4	0.47039
PRDM16	4	0.95224	0.95203	0.999995	949	0	0.52766	0.047756	0.13883	0.757324	192	4	0.52766
NR5A2	4	0.95234	0.95212	0.999995	950	0	0.70859	0.047662	0.13856	0.757324	191	4	0.70859
FKBP10	4	0.95243	0.95227	0.999995	951	0	0.46501	0.047568	0.13828	0.757324	189	4	0.46501
MPC1L	4	0.95364	0.95352	0.999995	952	0	0.91355	0.003292	0.011989	0.478601	27	4	0.91355
IDH3B	4	0.95428	0.95404	0.999995	953	0	0.68123	0.045716	0.13373	0.754082	186	4	0.68123
CCNT1	4	0.95501	0.95488	0.999995	954	0	0.456	0.044991	0.13198	0.754082	184	4	0.456
WAS	4	0.95528	0.95509	0.999995	955	0	0.46558	0.044721	0.13126	0.754082	182	4	0.46558
SERPINA9	4	0.95537	0.95516	0.999995	956	0	0.65082	0.044631	0.13109	0.754082	181	4	0.65082
SOHLH1	4	0.95617	0.95592	0.999995	957	0	0.75962	0.029303	0.090281	0.727758	126	4	0.75962
RING1	4	0.95652	0.95632	0.999995	958	0	0.50098	0.043478	0.12811	0.754082	177	4	0.50098
RPL3L	4	0.95687	0.95666	0.999995	959	0	0.46244	0.043127	0.12717	0.754082	176	4	0.46244
TRPM1	4	0.95774	0.95753	0.999995	960	0	0.61422	0.042261	0.12508	0.754082	172	4	0.61422
CD163L1	4	0.95825	0.95798	0.999995	961	0	0.63366	0.041747	0.12365	0.754082	169	4	0.63366
PLAU	4	0.95834	0.95808	0.999995	962	0	0.57694	0.041662	0.12347	0.754082	168	4	0.57694
RRAGC	4	0.95842	0.95817	0.999995	963	0	0.85539	0.013537	0.044484	0.595978	81	4	0.85539
SNTA1	4	0.95885	0.95857	0.999995	964	0	0.73354	0.0019689	0.0074771	0.433168	16	4	0.73354
MEP1B	4	0.95893	0.95869	0.999995	965	0	0.61399	0.041069	0.12206	0.754082	165	4	0.61399
NKAPL	4	0.9591	0.95883	0.999995	966	0	0.64941	0.040901	0.12174	0.754082	164	4	0.64941
SERPINA12	8	0.95928	0.95892	0.999995	967	0	0.69765	0.02027	0.089786	0.727758	105	6	0.69765
NAT8L	4	0.95993	0.95957	0.999995	968	0	0.54958	0.040068	0.11949	0.754082	162	4	0.54958
PRSS37	4	0.96034	0.96006	0.999995	969	0	0.6594	0.0023048	0.008598	0.433168	22	4	0.6594
CNOT8	3	0.96049	0.96002	0.999995	970	0	0.77812	0.039512	0.096119	0.727758	160	3	0.77812
TGFBR2	4	0.96227	0.96209	0.999995	971	0	0.43036	0.037725	0.11306	0.749041	158	4	0.43036
YBX3	4	0.96235	0.9622	0.999995	972	0	0.66707	0.037646	0.11289	0.749041	157	4	0.66707
SNX2	4	0.9629	0.96281	0.999995	973	0	0.53714	0.037097	0.1114	0.747368	156	4	0.53714
LATS1	4	0.96345	0.96334	0.999995	974	0	0.56336	0.036554	0.11003	0.747368	153	4	0.56336
ERBB3	8	0.96375	0.96372	0.999995	975	0	0.56598	0.01379	0.06551	0.648787	83	6	0.56598
SMARCA2	4	0.96414	0.96393	0.999995	976	0	0.47705	0.035865	0.10814	0.746207	151	4	0.47705
KCNMB3	4	0.96421	0.96403	0.999995	977	0	0.67246	0.035789	0.10787	0.746207	150	4	0.67246
BECN2	4	0.96636	0.96647	0.999995	978	0	0.48759	0.033637	0.1023	0.732707	145	4	0.48759
SLC17A2	4	0.96665	0.9668	0.999995	979	0	0.61103	0.033349	0.10154	0.732707	144	4	0.61103
CCNL2	4	0.96694	0.96701	0.999995	980	0	0.63255	0.033061	0.10075	0.732707	140	4	0.63255
SEC14L3	4	0.96862	0.96882	0.999995	981	0	0.80907	0.031378	0.09596	0.727758	138	4	0.80907
PPP3CC	4	0.96876	0.96903	0.999995	982	0	0.47436	0.03124	0.095577	0.727758	137	4	0.47436
SLC9A3R2	4	0.96903	0.96929	0.999995	983	0	0.4804	0.030967	0.094802	0.727758	136	4	0.4804
UBQLN3	4	0.96978	0.97	0.999995	984	0	0.53562	0.030224	0.092598	0.727758	132	4	0.53562
DEGS1	4	0.97004	0.97022	0.999995	985	0	0.43938	0.029958	0.091953	0.727758	130	4	0.43938
DLL4	4	0.97031	0.97054	0.999995	986	0	0.57664	0.029693	0.091281	0.727758	128	4	0.57664
SEC23B	4	0.97057	0.97076	0.999995	987	0	0.58218	0.02943	0.090561	0.727758	127	4	0.58218
CLCA1	4	0.9707	0.97085	0.999995	988	0	0.93607	0.014651	0.047567	0.597729	87	4	0.93607
AMELX	4	0.97077	0.97094	0.999995	989	0	0.84537	0.017872	0.056879	0.61765	99	4	0.84537
LRFN1	4	0.9709	0.97104	0.999995	990	0	0.64727	0.029103	0.089711	0.727758	125	4	0.64727
TSTD1	4	0.97116	0.97132	0.999995	991	0	0.61275	0.028844	0.08903	0.727758	124	4	0.61275
DLL1	4	0.97274	0.97307	0.999995	992	0	0.63031	0.027263	0.084238	0.727758	122	4	0.63031
LMBR1L	4	0.97311	0.97339	0.999995	993	0	0.56027	0.026893	0.083266	0.727758	120	4	0.56027
TREML4	3	0.97477	0.97436	0.999995	994	0	0.69108	0.025234	0.063427	0.648787	118	3	0.69108
GOLPH3	4	0.9757	0.97606	0.999995	995	0	0.64186	0.024297	0.075934	0.699914	116	4	0.64186
ARHGEF3	4	0.97621	0.97646	0.999995	996	0	0.76178	0.018685	0.059317	0.627733	102	4	0.76178
S1PR4	4	0.97671	0.97685	0.999995	997	0	0.57323	0.023291	0.072786	0.681648	114	4	0.57323
FRS3	4	0.9772	0.97738	0.999995	998	0	1.0542	0.00052004	0.0021063	0.318953	7	4	1.0542
RNF113B	4	0.97731	0.97753	0.999995	999	0	0.56371	0.022692	0.071021	0.678218	112	4	0.56371
KRTAP10-10	4	0.97878	0.97902	0.999995	1000	0	0.69784	0.021218	0.066715	0.648787	109	4	0.69784
SATB1	4	0.97888	0.97909	0.999995	1001	0	0.50342	0.021116	0.066407	0.648787	108	4	0.50342
PAX4	4	0.97914	0.97941	0.999995	1002	0	0.6194	0.020861	0.065613	0.648787	107	4	0.6194
LOR	4	0.98114	0.98151	0.999995	1003	0	0.61039	0.018861	0.059812	0.627733	103	4	0.61039
RRM2B	8	0.98145	0.98171	0.999995	1004	0	0.64461	0.0064408	0.035172	0.551846	45	6	0.64461
BTG1	4	0.98156	0.98194	0.999995	1005	0	0.75068	0.0041797	0.015015	0.482298	34	4	0.75068
UMPS	4	0.98174	0.98218	0.999995	1006	0	0.72065	0.018258	0.058159	0.622712	101	4	0.72065
TNKS2	4	0.98215	0.98258	0.999995	1007	0	0.63147	0.017849	0.056814	0.61765	98	4	0.63147
DYNLRB2	4	0.98299	0.98326	0.999995	1008	0	0.63081	0.017008	0.054451	0.61765	95	4	0.63081
FAM50B	4	0.98304	0.98331	0.999995	1009	0	0.77091	0.016965	0.054301	0.61765	94	4	0.77091
GSX2	4	0.98325	0.98357	0.999995	1010	0	0.61698	0.016749	0.05361	0.61765	92	4	0.61698
RBMXL2	4	0.98355	0.98389	0.999995	1011	0	0.70435	0.01645	0.052788	0.61765	91	4	0.70435
DCAF8L1	4	0.98397	0.98433	0.999995	1012	0	0.99082	0.0097282	0.032697	0.551846	60	4	0.99082
LIN28B	4	0.98442	0.98476	0.999995	1013	0	0.57395	0.015578	0.050294	0.605817	90	4	0.57395
HUS1B	4	0.98478	0.98508	0.999995	1014	0	0.60038	0.015215	0.04922	0.599693	89	4	0.60038
AQP8	4	0.98518	0.98552	0.999995	1015	0	1.0821	0.0024308	0.0089903	0.433168	23	4	1.0821
ADAM19	4	0.98522	0.98557	0.999995	1016	0	0.63227	0.01478	0.047931	0.597729	88	4	0.63227
IDH3G	4	0.98541	0.9858	0.999995	1017	0	0.89129	0.010919	0.036442	0.551846	67	4	0.89129
GBX1	4	0.98553	0.98591	0.999995	1018	0	0.9138	0.01447	0.046969	0.597729	86	4	0.9138
SMAP1	4	0.9858	0.98614	0.999995	1019	0	0.73114	0.014202	0.046409	0.597729	85	4	0.73114
SCN10A	4	0.98602	0.98637	0.999995	1020	0	0.6464	0.013976	0.045783	0.597729	84	4	0.6464
CELA2A	4	0.98629	0.98665	0.999995	1021	0	0.79206	0.013715	0.044979	0.595978	82	4	0.79206
NBEAL2	4	0.98658	0.98697	0.999995	1022	0	0.71014	0.013421	0.044101	0.595978	80	4	0.71014
ERC1	4	0.98729	0.98782	0.999995	1023	0	0.62095	0.012708	0.041934	0.592673	76	4	0.62095
DYNLT3	4	0.98784	0.98837	0.999995	1024	0	0.90229	0.0057877	0.020246	0.504838	41	4	0.90229
MARCKS	4	0.98844	0.98895	0.999995	1025	0	0.75908	0.011562	0.038525	0.551846	74	4	0.75908
PDX1	4	0.9886	0.9891	0.999995	1026	0	0.65101	0.0114	0.03803	0.551846	72	4	0.65101
HMGCLL1	4	0.98876	0.9892	0.999995	1027	0	0.68933	0.01124	0.037516	0.551846	70	4	0.68933
SLC22A13	4	0.98886	0.98934	0.999995	1028	0	0.67308	0.011145	0.037199	0.551846	69	4	0.67308
PAPSS2	4	0.98989	0.99039	0.999995	1029	0	0.97445	0.010107	0.033883	0.551846	63	4	0.97445
HPS1	4	0.99018	0.99068	0.999995	1030	0	0.83595	0.0098161	0.032939	0.551846	61	4	0.83595
MYD88	4	0.99047	0.99099	0.999995	1031	0	0.6794	0.0095315	0.032118	0.551846	58	4	0.6794
TBC1D9	4	0.99107	0.99153	0.999995	1032	0	0.80579	0.0089271	0.030165	0.551846	55	4	0.80579
KLK12	4	0.99195	0.99241	0.999995	1033	0	0.87173	0.0080503	0.02741	0.538045	54	4	0.87173
CTPS2	4	0.9921	0.99247	0.999995	1034	0	0.96228	0.00096676	0.0039184	0.430198	9	4	0.96228
HTR3D	4	0.99212	0.9925	0.999995	1035	0	0.78382	0.0078781	0.02684	0.536802	53	4	0.78382
SIRPA	3	0.99334	0.99333	0.999995	1036	0	0.94295	0.0066574	0.017873	0.498793	47	3	0.94295
RCBTB2	4	0.99336	0.99362	0.999995	1037	0	0.81866	0.0066409	0.022992	0.522793	46	4	0.81866
CHSY1	4	0.99412	0.99445	0.999995	1038	0	0.91019	0.0058816	0.020582	0.504838	42	4	0.91019
PCDH1	4	0.99456	0.99484	0.999995	1039	0	0.82907	0.0054436	0.019087	0.498793	39	4	0.82907
NSG1	4	0.99518	0.99535	0.999995	1040	0	0.59477	0.0048247	0.017173	0.498793	35	4	0.59477
SBF1	4	0.99611	0.99626	0.999995	1041	0	0.79244	0.0038883	0.013997	0.478601	32	4	0.79244
COPZ2	4	0.99632	0.9964	0.999995	1042	0	0.82825	0.0036772	0.013315	0.478601	30	4	0.82825
RUNX1	4	0.99636	0.99642	0.999995	1043	0	0.6852	0.003636	0.013184	0.478601	29	4	0.6852
TGM6	4	0.99639	0.99643	0.999995	1044	0	0.87066	0.0036088	0.013081	0.478601	28	4	0.87066
CAB39	4	0.99647	0.99648	0.999995	1045	0	1.1207	0.00022239	0.00093873	0.248762	4	4	1.1207
UBASH3B	4	0.99744	0.99747	0.999995	1046	0	0.72479	0.0025642	0.0094293	0.433375	24	4	0.72479
ZNF146	4	0.99773	0.99777	0.999995	1047	0	0.9911	0.0022726	0.0085139	0.433168	21	4	0.9911
SUV39H1	4	0.99775	0.99778	0.999995	1048	0	0.90401	0.0022535	0.0084392	0.433168	20	4	0.90401
KRT38	4	0.99798	0.99808	0.999995	1049	0	0.766	0.0020154	0.0076733	0.433168	17	4	0.766
FRYL	4	0.99815	0.99824	0.999995	1050	0	0.97938	0.0018455	0.0071595	0.433168	15	4	0.97938
TMEM185B	4	0.99816	0.99825	0.999995	1051	0	0.78347	0.0018373	0.0071315	0.433168	14	4	0.78347
TIRAP	4	0.99859	0.99871	0.999995	1052	0	0.91634	0.0014065	0.0054969	0.433168	13	4	0.91634
GIT1	4	0.9988	0.99894	0.999995	1053	0	0.7298	0.001204	0.0048151	0.433168	12	4	0.7298
GPR50	4	0.99899	0.99915	0.999995	1054	0	0.96258	0.0010084	0.0040585	0.430198	10	4	0.96258
TCF3	4	0.9992	0.99931	0.999995	1055	0	0.84684	0.00079756	0.0031618	0.418936	8	4	0.84684
FZD8	4	0.9995	0.99951	0.999995	1056	0	0.8372	0.00050082	0.0020316	0.318953	6	4	0.8372
KRTAP1-1	4	0.99958	0.99959	0.999995	1057	0	1.1276	0.00041707	0.0017047	0.318953	5	4	1.1276
RTP1	4	0.99995	0.99995	0.999995	1058	0	1.1737	5.2215e-05	0.00014478	0.051155	3	4	1.1737
safe_control	74	1.0	1.0	0.999995	1059	1	0.5166	0.0011016	0.016519	0.498793	11	51	0.5166
TP53	4	1.0	1.0	0.999995	1060	0	1.8118	1.2053e-07	4.6703e-06	0.00495	1	4	1.8118
