id	num	neg|score	neg|p-value	neg|fdr	neg|rank	neg|goodsgrna	neg|lfc	pos|score	pos|p-value	pos|fdr	pos|rank	pos|goodsgrna	pos|lfc
MYC	8	6.0857e-11	4.6703e-06	0.002475	1	8	-1.2604	1.0	1.0	0.999995	1060	0	-1.2604
RRM2	4	1.994e-06	4.6703e-06	0.002475	2	3	-1.3455	0.60185	0.60109	0.999995	617	0	-1.3455
MTG2	4	3.2106e-06	1.4011e-05	0.00495	3	4	-1.0689	1.0	1.0	0.999995	1059	0	-1.0689
PRKDC	8	9.9809e-06	4.2033e-05	0.011139	4	7	-0.81371	0.97052	0.97055	0.999995	983	0	-0.81371
NAE1	8	1.6334e-05	9.8076e-05	0.015952	5	7	-0.74661	0.39449	0.39517	0.999995	409	0	-0.74661
RRM1	8	2.1007e-05	0.00013544	0.015952	6	8	-1.4074	0.99973	0.99972	0.999995	1050	0	-1.4074
E2F3	3	2.4264e-05	7.9395e-05	0.015952	7	3	-1.6193	0.99998	0.99999	0.999995	1058	0	-1.6193
PRPF8	4	3.8513e-05	0.00010742	0.015952	8	4	-1.2602	0.99996	0.99996	0.999995	1057	0	-1.2602
BUB3	4	4.8975e-05	0.00013544	0.015952	9	4	-1.4375	0.99992	0.99992	0.999995	1055	0	-1.4375
POLR2L	4	5.9356e-05	0.00015412	0.016337	10	4	-1.3997	0.99994	0.99995	0.999995	1056	0	-1.3997
PPP4C	4	6.8551e-05	0.00019148	0.018452	11	3	-1.0102	0.87867	0.87902	0.999995	869	0	-1.0102
HRAS	4	9.023e-05	0.00035961	0.031607	12	4	-0.74281	0.99991	0.9999	0.999995	1054	0	-0.74281
CCND1	4	0.00010425	0.00038763	0.031607	13	4	-1.304	0.99981	0.99984	0.999995	1053	0	-1.304
ALDOA	4	0.00012732	0.00054642	0.041372	14	3	-1.0111	0.72874	0.72811	0.999995	729	0	-1.0111
CCND3	4	0.00019842	0.00089202	0.062191	15	4	-0.81778	0.9998	0.99983	0.999995	1052	0	-0.81778
NMT1	4	0.00022428	0.00093873	0.062191	16	4	-0.93931	0.99978	0.99979	0.999995	1051	0	-0.93931
RPP21	4	0.00030207	0.001275	0.079499	17	4	-1.3312	0.9997	0.99972	0.999995	1049	0	-1.3312
SOX9	4	0.00039854	0.0016673	0.091337	18	4	-0.66293	0.9996	0.99961	0.999995	1048	0	-0.66293
KIF11	4	0.00042248	0.0017233	0.091337	19	4	-1.0693	0.99958	0.99959	0.999995	1047	0	-1.0693
CHORDC1	3	0.00044718	0.0013777	0.081133	20	3	-1.0712	0.99955	0.99955	0.999995	1046	0	-1.0712
MRPL38	4	0.00051015	0.0020596	0.103735	21	4	-0.83528	0.99949	0.9995	0.999995	1045	0	-0.83528
TOP1MT	4	0.00052699	0.002153	0.103735	22	3	-0.97546	0.55807	0.55759	0.999995	580	0	-0.97546
TIMM10	4	0.00055878	0.0023024	0.106113	23	4	-0.8352	0.99944	0.99948	0.999995	1044	0	-0.8352
LDB1	8	0.00059326	0.003853	0.157083	24	7	-0.80202	0.95639	0.95632	0.999995	966	0	-0.80202
RHBDF1	4	0.00064746	0.0026574	0.117368	25	4	-0.72832	0.99935	0.99943	0.999995	1043	0	-0.72832
SLC25A37	4	0.00086066	0.0034513	0.146337	26	4	-1.0374	0.99914	0.99928	0.999995	1042	0	-1.0374
UQCRC1	4	0.0010401	0.0041986	0.164833	27	4	-0.76093	0.99896	0.99913	0.999995	1041	0	-0.76093
CLTC	4	0.0011432	0.0045629	0.172737	28	4	-0.95782	0.99534	0.99555	0.999995	1028	0	-0.95782
SF3B1	4	0.0012142	0.0048431	0.177023	29	3	-0.83482	0.55204	0.55081	0.999995	573	0	-0.83482
PDCD6IP	4	0.0013601	0.0053661	0.189604	30	4	-0.87602	0.99864	0.99875	0.999995	1040	0	-0.87602
GTF3C1	4	0.0016185	0.0063282	0.216385	31	4	-0.80332	0.99838	0.99846	0.999995	1039	0	-0.80332
RPS5	4	0.0017317	0.0067859	0.223072	32	3	-0.81828	0.89554	0.89488	0.999995	889	0	-0.81828
MED18	8	0.0017616	0.010821	0.286757	33	7	-0.78001	0.39449	0.39517	0.999995	412	0	-0.78001
SF3A1	4	0.001778	0.0069447	0.223072	34	3	-1.013	0.22185	0.22139	0.595605	161	0	-1.013
AP2A1	4	0.0019376	0.0073931	0.229937	35	4	-0.58212	0.99806	0.99817	0.999995	1038	0	-0.58212
ERBB3	8	0.002016	0.012484	0.315064	36	8	-0.4745	0.99798	0.99798	0.999995	1037	0	-0.4745
RPL10A	4	0.002122	0.0079908	0.229937	37	3	-1.0172	0.46614	0.46491	0.999995	490	0	-1.0172
PHLDA2	4	0.0021503	0.0081216	0.229937	38	4	-0.60796	0.99785	0.99792	0.999995	1036	0	-0.60796
MRPL41	4	0.0021922	0.0082337	0.229937	39	4	-1.0552	0.9851	0.98542	0.999995	1007	0	-1.0552
MDM4	4	0.0021968	0.008243	0.229937	40	4	-0.85149	0.9978	0.99787	0.999995	1035	0	-0.85149
PLXDC1	8	0.0025255	0.015417	0.347693	41	8	-0.43669	0.99747	0.99745	0.999995	1034	0	-0.43669
FZR1	4	0.0028147	0.010401	0.282686	42	4	-0.51833	0.99719	0.99719	0.999995	1033	0	-0.51833
NSG1	4	0.0032683	0.011886	0.307293	43	4	-0.47516	0.99673	0.99674	0.999995	1032	0	-0.47516
RPL36	4	0.0035682	0.012941	0.319019	44	4	-1.0012	0.99643	0.99645	0.999995	1031	0	-1.0012
ELL	4	0.0040487	0.014567	0.342337	45	4	-0.6604	0.99595	0.9961	0.999995	1030	0	-0.6604
HUS1	4	0.004086	0.014697	0.342337	46	3	-0.99533	0.80988	0.81043	0.999995	804	0	-0.99533
PCGF1	4	0.0041458	0.014856	0.342337	47	3	-0.19581	0.62315	0.62281	0.999995	633	0	-0.19581
TACC3	4	0.004466	0.015968	0.34935	48	3	-0.75653	0.62932	0.6289	0.999995	638	0	-0.75653
CKAP5	8	0.0045318	0.026168	0.462294	49	7	-0.57693	0.9929	0.99295	0.999995	1019	0	-0.57693
MTHFD1	4	0.0045925	0.016407	0.34935	50	4	-0.66709	0.99541	0.9956	0.999995	1029	0	-0.66709
COPA	4	0.0047075	0.016808	0.34935	51	4	-0.91379	0.99529	0.99548	0.999995	1027	0	-0.91379
NAA10	4	0.0048586	0.017247	0.35158	52	4	-0.82589	0.99514	0.99533	0.999995	1026	0	-0.82589
NCBP2	4	0.0050653	0.018004	0.356711	53	2	-0.20629	0.22185	0.22139	0.595605	62	0	-0.20629
STRADA	4	0.0051183	0.018172	0.356711	54	4	-0.65732	0.99488	0.99512	0.999995	1025	0	-0.65732
RRM2B	8	0.00519	0.029063	0.473222	55	7	-0.52189	0.99145	0.99149	0.999995	1018	0	-0.52189
RPL13	3	0.0062028	0.016752	0.34935	56	3	-0.89311	0.9938	0.99372	0.999995	1024	0	-0.89311
NKAP	4	0.0065767	0.02273	0.432656	57	4	-0.67188	0.99342	0.99369	0.999995	1023	0	-0.67188
CHMP1A	4	0.0067706	0.023365	0.432656	58	4	-0.57156	0.99323	0.99348	0.999995	1022	0	-0.57156
ZNF407	4	0.0067924	0.023403	0.432656	59	4	-0.78003	0.99321	0.99346	0.999995	1021	0	-0.78003
TLN1	4	0.0069022	0.023674	0.432656	60	4	-0.74859	0.9931	0.99331	0.999995	1020	0	-0.74859
RPL3	7	0.0075485	0.038441	0.509116	61	5	-0.44391	0.65507	0.65662	0.999995	661	0	-0.44391
INTS2	4	0.0081343	0.02769	0.473222	62	3	-0.77173	0.84329	0.8439	0.999995	833	0	-0.77173
HASPIN	4	0.0084044	0.028503	0.473222	63	4	-0.73917	0.9383	0.93753	0.999995	937	0	-0.73917
H2AFX	4	0.008503	0.028876	0.473222	64	2	-0.71189	0.22185	0.22139	0.595605	394	0	-0.71189
TRRAP	4	0.0086404	0.029278	0.473222	65	4	-1.0785	0.96368	0.96353	0.999995	971	0	-1.0785
VPS37A	4	0.0087371	0.029465	0.473222	66	3	-0.60964	0.91059	0.90922	0.999995	906	0	-0.60964
KIF4A	4	0.0090078	0.030427	0.475591	67	4	-0.62253	0.99099	0.99148	0.999995	1017	0	-0.62253
VANGL2	4	0.0093083	0.031398	0.475591	68	4	-0.58191	0.99069	0.99118	0.999995	1016	0	-0.58191
BRSK2	4	0.0093459	0.031492	0.475591	69	4	-0.65829	0.98514	0.98546	0.999995	1008	0	-0.65829
SF3B5	4	0.0094146	0.031688	0.475591	70	3	-0.93473	0.93336	0.93258	0.999995	931	0	-0.93473
CCNT1	4	0.0095278	0.032089	0.475591	71	3	-0.7007	0.50969	0.50795	0.999995	537	0	-0.7007
GSTP1	4	0.0096196	0.032304	0.475591	72	3	-0.56661	0.91074	0.90935	0.999995	907	0	-0.56661
DGKZ	3	0.0098589	0.026074	0.462294	73	3	-0.75734	0.94853	0.94811	0.999995	958	0	-0.75734
TRAPPC3	4	0.01004	0.033668	0.486687	74	3	-0.64047	0.22185	0.22139	0.595605	129	0	-0.64047
ATP5F1B	4	0.010135	0.033976	0.486687	75	4	-0.79128	0.98621	0.98656	0.999995	1009	0	-0.79128
SF3B3	4	0.010285	0.034462	0.487063	76	4	-0.92344	0.98972	0.9902	0.999995	1013	0	-0.92344
NDUFB4	4	0.010956	0.036592	0.509116	77	4	-0.56231	0.98904	0.9895	0.999995	1012	0	-0.56231
CDK5R2	4	0.011267	0.037628	0.509116	78	3	-0.50013	0.78306	0.78351	0.999995	774	0	-0.50013
RPL19	4	0.011368	0.037946	0.509116	79	2	-0.61962	0.22185	0.22139	0.595605	28	0	-0.61962
XRCC6	4	0.011562	0.038525	0.509116	80	4	-0.53111	0.98844	0.98895	0.999995	1011	0	-0.53111
TOP2A	4	0.011836	0.039384	0.509116	81	4	-0.70071	0.94561	0.94502	0.999995	954	0	-0.70071
XYLT2	4	0.012766	0.042084	0.531058	82	4	-0.57859	0.98359	0.98392	0.999995	1003	0	-0.57859
TUBB4B	8	0.01308	0.062231	0.60269	83	7	-0.66267	0.99027	0.99036	0.999995	1014	0	-0.66267
FRS3	4	0.013169	0.043223	0.539022	84	4	-0.5743	0.98683	0.98727	0.999995	1010	0	-0.5743
FDPS	4	0.013493	0.044344	0.54016	85	3	-0.84624	0.22185	0.22139	0.595605	364	0	-0.84624
ABT1	4	0.013651	0.044774	0.54016	86	3	-0.76623	0.74699	0.74679	0.999995	743	0	-0.76623
LSM14B	4	0.013739	0.045026	0.54016	87	3	-0.64128	0.92514	0.92447	0.999995	924	0	-0.64128
ZNF34	4	0.013825	0.045353	0.54016	88	3	-0.6552	0.22185	0.22139	0.595605	143	0	-0.6552
TNPO1	3	0.014975	0.038936	0.509116	89	3	-0.61597	0.98503	0.98506	0.999995	1006	0	-0.61597
ATP6V1B2	4	0.015376	0.049659	0.570478	90	4	-0.83649	0.98462	0.98487	0.999995	1005	0	-0.83649
FZD8	4	0.015416	0.049771	0.570478	91	4	-0.33469	0.98458	0.98485	0.999995	1004	0	-0.33469
CDK5R1	4	0.015508	0.050051	0.570478	92	3	-0.58409	0.4644	0.46326	0.999995	487	0	-0.58409
RPL14	3	0.015685	0.04072	0.520041	93	2	-1.2578	0.66541	0.66482	0.999995	675	0	-1.2578
ASF1A	4	0.01605	0.051593	0.581788	94	2	-0.19439	0.22185	0.22139	0.595605	258	0	-0.19439
CLTA	4	0.016721	0.053526	0.597238	95	3	-0.54821	0.88426	0.88425	0.999995	874	0	-0.54821
AKAP11	4	0.017403	0.055618	0.60269	96	4	-0.379	0.9826	0.98293	0.999995	1002	0	-0.379
TBC1D28	3	0.017924	0.046268	0.544939	97	3	-0.58924	0.98208	0.98175	0.999995	1001	0	-0.58924
RRAGC	4	0.018101	0.057711	0.60269	98	2	-0.59304	0.7249	0.72446	0.999995	725	0	-0.59304
ATP5F1D	4	0.01835	0.058336	0.60269	99	4	-0.6704	0.98165	0.98207	0.999995	1000	0	-0.6704
PSMB8	4	0.018896	0.059887	0.60269	100	3	-0.45606	0.22185	0.22139	0.595605	27	0	-0.45606
PUM1	4	0.01918	0.060756	0.60269	101	4	-0.96262	0.96571	0.96586	0.999995	976	0	-0.96262
ATP6V1C1	4	0.01924	0.060989	0.60269	102	4	-0.69554	0.98076	0.98107	0.999995	999	0	-0.69554
ADM	4	0.019431	0.061615	0.60269	103	4	-0.54588	0.98057	0.98085	0.999995	998	0	-0.54588
MMD2	4	0.019624	0.062175	0.60269	104	4	-0.52191	0.98038	0.98064	0.999995	997	0	-0.52191
FLNC	4	0.019672	0.062288	0.60269	105	4	-0.42056	0.98033	0.98057	0.999995	996	0	-0.42056
SF3B2	4	0.019691	0.062316	0.60269	106	2	-0.49782	0.22185	0.22139	0.595605	162	0	-0.49782
QSOX1	4	0.02031	0.063978	0.60269	107	4	-0.63899	0.97969	0.97984	0.999995	995	0	-0.63899
SNRPB	4	0.020341	0.064053	0.60269	108	3	-0.63119	0.42707	0.42518	0.999995	440	0	-0.63119
RNF40	4	0.02036	0.0641	0.60269	109	4	-0.36275	0.97964	0.97979	0.999995	994	0	-0.36275
RANBP9	4	0.020413	0.064249	0.60269	110	3	-0.59822	0.22185	0.22139	0.595605	57	0	-0.59822
SF1	4	0.021312	0.067033	0.615512	111	3	-0.62456	0.22185	0.22139	0.595605	169	0	-0.62456
SLC11A2	4	0.021321	0.067079	0.615512	112	4	-0.73838	0.97868	0.9789	0.999995	993	0	-0.73838
CDK7	4	0.021622	0.067733	0.615512	113	3	-0.96118	0.90053	0.89977	0.999995	897	0	-0.96118
SBNO1	4	0.021699	0.067939	0.615512	114	3	-0.9881	0.43192	0.43007	0.999995	446	0	-0.9881
PFAS	4	0.022416	0.07019	0.630517	115	3	-0.52862	0.93215	0.93131	0.999995	930	0	-0.52862
CLNS1A	3	0.023005	0.058308	0.60269	116	3	-0.56007	0.88575	0.88599	0.999995	877	0	-0.56007
MED12	4	0.023163	0.072403	0.641149	117	2	-0.53589	0.42829	0.4264	0.999995	442	0	-0.53589
LONP1	4	0.023353	0.073048	0.641149	118	3	-0.76858	0.57967	0.57925	0.999995	597	0	-0.76858
RPL8	4	0.023623	0.073814	0.641149	119	4	-0.75452	0.97638	0.97654	0.999995	992	0	-0.75452
HMG20B	4	0.024071	0.075252	0.641149	120	4	-0.56888	0.97593	0.97625	0.999995	991	0	-0.56888
PEF1	4	0.024184	0.075607	0.641149	121	4	-0.53745	0.97582	0.97615	0.999995	990	0	-0.53745
DUSP10	4	0.024831	0.077335	0.645942	122	3	-0.41222	0.22185	0.22139	0.595605	245	0	-0.41222
DYNLRB1	3	0.025174	0.063287	0.60269	123	3	-1.0601	0.97483	0.97437	0.999995	989	0	-1.0601
RPS3	3	0.025322	0.063633	0.60269	124	2	-1.0303	0.46485	0.46311	0.999995	488	0	-1.0303
MYBL2	4	0.025926	0.080502	0.666654	125	4	-0.51891	0.97407	0.97442	0.999995	988	0	-0.51891
ASCL1	4	0.026402	0.08194	0.668126	126	3	-0.54832	0.70548	0.70499	0.999995	714	0	-0.54832
SNRPD3	4	0.027411	0.084686	0.672878	127	4	-0.79462	0.94318	0.94245	0.999995	949	0	-0.79462
MED13	4	0.027959	0.086414	0.672878	128	3	-0.80066	0.77292	0.77355	0.999995	767	0	-0.80066
NRBP2	4	0.02814	0.086965	0.672878	129	3	-0.89598	0.79002	0.79035	0.999995	780	0	-0.89598
EAF1	4	0.02814	0.086965	0.672878	130	4	-0.58357	0.97186	0.97214	0.999995	987	0	-0.58357
CCNT2	4	0.028231	0.087208	0.672878	131	4	-0.58517	0.97161	0.97178	0.999995	986	0	-0.58517
CTR9	4	0.028321	0.087498	0.672878	132	4	-0.64874	0.96786	0.96796	0.999995	979	0	-0.64874
MTUS2	4	0.028522	0.088189	0.672878	133	4	-0.4808	0.97148	0.97167	0.999995	985	0	-0.4808
SIN3A	4	0.028686	0.088619	0.672878	134	3	-0.72441	0.80178	0.80188	0.999995	797	0	-0.72441
RFC2	4	0.02875	0.088796	0.672878	135	2	-0.72666	0.45802	0.45651	0.999995	478	0	-0.72666
THRAP3	4	0.028779	0.088871	0.672878	136	4	-0.59122	0.97122	0.97139	0.999995	984	0	-0.59122
PFN1	4	0.029303	0.090281	0.675914	137	2	-0.45303	0.22185	0.22139	0.595605	94	0	-0.45303
RPS19	4	0.029495	0.090758	0.675914	138	4	-0.88105	0.9705	0.97073	0.999995	982	0	-0.88105
INTS6	3	0.029641	0.073506	0.641149	139	3	-1.097	0.91889	0.91828	0.999995	917	0	-1.097
GAPDH	4	0.029653	0.091187	0.675914	140	3	-0.77971	0.22185	0.22139	0.595605	361	0	-0.77971
PTPN6	4	0.029891	0.091822	0.675914	141	4	-0.57764	0.97011	0.97028	0.999995	981	0	-0.57764
ADSS	3	0.030481	0.075252	0.641149	142	1	-0.023444	0.17149	0.17137	0.595605	18	0	-0.023444
RHOT2	4	0.031224	0.095512	0.689399	143	4	-0.61815	0.96406	0.96387	0.999995	973	0	-0.61815
DHX9	3	0.031392	0.077391	0.645942	144	3	-0.71282	0.96861	0.96806	0.999995	980	0	-0.71282
SFPQ	4	0.032356	0.098846	0.707374	145	2	-0.43257	0.61555	0.61493	0.999995	627	0	-0.43257
GATAD2A	4	0.033071	0.1008	0.707374	146	2	-0.41925	0.22185	0.22139	0.595605	362	0	-0.41925
TUFM	3	0.033455	0.081791	0.668126	147	2	-0.73424	0.17149	0.17137	0.595605	9	0	-0.73424
RIC8A	4	0.033592	0.10217	0.707374	148	4	-0.6469	0.94403	0.94335	0.999995	952	0	-0.6469
MED26	4	0.033637	0.1023	0.707374	149	4	-0.44369	0.96636	0.96647	0.999995	978	0	-0.44369
RP1	4	0.03371	0.10257	0.707374	150	4	-0.51179	0.96629	0.96639	0.999995	977	0	-0.51179
CRY2	4	0.033795	0.10277	0.707374	151	3	-0.68697	0.8426	0.84313	0.999995	832	0	-0.68697
PPP3CC	4	0.034442	0.10453	0.709813	152	4	-0.64478	0.96556	0.96566	0.999995	975	0	-0.64478
HSCB	4	0.034558	0.10479	0.709813	153	4	-1.0146	0.94571	0.94516	0.999995	955	0	-1.0146
BAP1	4	0.034738	0.10513	0.709813	154	4	-0.3025	0.96526	0.96522	0.999995	974	0	-0.3025
COX6B1	8	0.034745	0.14055	0.800995	155	5	-0.50778	0.39449	0.39517	0.999995	411	0	-0.50778
IPO5	4	0.035952	0.10841	0.711863	156	2	-0.6285	0.22185	0.22139	0.595605	304	0	-0.6285
AHCYL1	4	0.036068	0.10873	0.711863	157	3	-0.65379	0.91704	0.91603	0.999995	914	0	-0.65379
TOB1	4	0.036094	0.10879	0.711863	158	4	-0.49884	0.96391	0.96374	0.999995	972	0	-0.49884
SIK2	4	0.036704	0.11034	0.717518	159	3	-0.60649	0.22185	0.22139	0.595605	158	0	-0.60649
MAT2A	4	0.038214	0.11428	0.73862	160	3	-0.62451	0.91119	0.9099	0.999995	909	0	-0.62451
TUBB	3	0.038593	0.093737	0.685251	161	2	-0.53533	0.17149	0.17137	0.595605	4	0	-0.53533
PSMB3	3	0.039272	0.095605	0.689399	162	3	-0.91886	0.96073	0.96022	0.999995	970	0	-0.91886
EIF3J	4	0.039538	0.11799	0.753937	163	3	-0.53761	0.44211	0.44063	0.999995	456	0	-0.53761
AKIRIN2	4	0.039575	0.11807	0.753937	164	4	-0.64179	0.96043	0.96015	0.999995	969	0	-0.64179
COX6B2	4	0.040098	0.11957	0.754965	165	3	-0.61771	0.45334	0.45233	0.999995	472	0	-0.61771
TOP1	4	0.040317	0.12016	0.754965	166	4	-0.75225	0.95968	0.95928	0.999995	968	0	-0.75225
SEPHS2	4	0.0404	0.12037	0.754965	167	4	-0.45652	0.9596	0.9592	0.999995	967	0	-0.45652
GSDMD	4	0.041232	0.12245	0.761494	168	3	-0.70917	0.22185	0.22139	0.595605	384	0	-0.70917
MED20	4	0.041806	0.12379	0.761494	169	4	-0.60468	0.94633	0.94585	0.999995	956	0	-0.60468
DMXL2	4	0.041807	0.12379	0.761494	170	3	-0.52568	0.91818	0.91733	0.999995	915	0	-0.52568
EPS15	4	0.042038	0.12456	0.761494	171	3	-0.74402	0.83888	0.8394	0.999995	830	0	-0.74402
COPZ1	4	0.042221	0.125	0.761494	172	1	-0.12461	0.22185	0.22139	0.595605	286	0	-0.12461
ATP5PB	4	0.043866	0.12927	0.772861	173	2	-0.45371	0.22185	0.22139	0.595605	259	0	-0.45371
MYH7	4	0.043919	0.12943	0.772861	174	4	-0.36745	0.95608	0.95583	0.999995	965	0	-0.36745
HMGCS1	3	0.043976	0.10649	0.710349	175	3	-0.72528	0.87792	0.87813	0.999995	868	0	-0.72528
RPS8	3	0.044008	0.10655	0.710349	176	3	-0.73294	0.95599	0.9555	0.999995	964	0	-0.73294
BICD2	4	0.044075	0.12978	0.772861	177	3	-0.52966	0.91676	0.91577	0.999995	913	0	-0.52966
IRF4	4	0.045476	0.13314	0.788456	178	3	-0.52501	0.22185	0.22139	0.595605	312	0	-0.52501
KIF20A	8	0.046101	0.17158	0.842386	179	5	-0.39041	0.39449	0.39517	0.999995	408	0	-0.39041
RNF38	4	0.046266	0.13507	0.789685	180	4	-0.50047	0.95373	0.9536	0.999995	963	0	-0.50047
TCF3	4	0.046454	0.13547	0.789685	181	3	-0.39315	0.514	0.51265	0.999995	541	0	-0.39315
PSMC3	4	0.04668	0.13606	0.789685	182	2	-0.57995	0.22185	0.22139	0.595605	53	0	-0.57995
ISL1	4	0.046913	0.1365	0.789685	183	4	-0.41195	0.95309	0.95303	0.999995	962	0	-0.41195
GABPB2	4	0.0471	0.13708	0.789685	184	4	-0.37628	0.9529	0.95286	0.999995	961	0	-0.37628
FAM50A	4	0.04804	0.13956	0.799652	185	4	-0.51502	0.95196	0.95162	0.999995	960	0	-0.51502
KCNT1	4	0.049974	0.14391	0.812274	186	3	-0.63745	0.90102	0.90028	0.999995	898	0	-0.63745
DGAT1	4	0.050298	0.1447	0.812274	187	3	-0.53238	0.22185	0.22139	0.595605	206	0	-0.53238
EIF3B	4	0.050361	0.14483	0.812274	188	3	-0.79757	0.65368	0.65315	0.999995	658	0	-0.79757
ISCA2	4	0.05144	0.14742	0.822434	189	4	-0.41444	0.94856	0.94809	0.999995	959	0	-0.41444
TOMM22	4	0.0523	0.14972	0.827964	190	3	-0.54318	0.67205	0.67161	0.999995	681	0	-0.54318
ACTL7A	4	0.052647	0.15062	0.827964	191	4	-0.53178	0.94735	0.94674	0.999995	957	0	-0.53178
VMP1	4	0.052717	0.15075	0.827964	192	3	-0.72283	0.86809	0.86834	0.999995	857	0	-0.72283
MTX1	3	0.053412	0.12684	0.768289	193	2	-0.54544	0.17149	0.17137	0.595605	16	0	-0.54544
ATR	4	0.053426	0.15256	0.833597	194	3	-0.53378	0.22185	0.22139	0.595605	263	0	-0.53378
PXDN	4	0.0546	0.15544	0.842386	195	4	-0.34467	0.9454	0.94481	0.999995	953	0	-0.34467
BZW2	4	0.056169	0.1593	0.842386	196	3	-0.48947	0.9289	0.92803	0.999995	928	0	-0.48947
AP3M1	4	0.056287	0.15955	0.842386	197	4	-0.4961	0.94371	0.94297	0.999995	951	0	-0.4961
RBPJL	4	0.056608	0.16036	0.842386	198	4	-0.42858	0.94339	0.94265	0.999995	950	0	-0.42858
CDIPT	4	0.056864	0.1609	0.842386	199	3	-0.45676	0.56354	0.56327	0.999995	582	0	-0.45676
ATP5F1A	4	0.057097	0.1614	0.842386	200	2	-0.46384	0.81383	0.81468	0.999995	812	0	-0.46384
POLR2B	4	0.057206	0.16174	0.842386	201	3	-0.80945	0.22185	0.22139	0.595605	24	0	-0.80945
RPL37A	2	0.057511	0.10165	0.707374	202	1	-0.6784	0.3178	0.31633	0.846747	396	0	-0.6784
HNRNPH3	4	0.057577	0.16254	0.842386	203	4	-0.4957	0.94242	0.94165	0.999995	948	0	-0.4957
YIF1A	4	0.058231	0.1643	0.842386	204	4	-0.61945	0.94177	0.94103	0.999995	947	0	-0.61945
FANCF	4	0.05856	0.16515	0.842386	205	4	-0.57653	0.94144	0.94067	0.999995	946	0	-0.57653
PAF1	4	0.05878	0.16565	0.842386	206	4	-0.45984	0.94122	0.94055	0.999995	945	0	-0.45984
RNF113B	4	0.05889	0.16584	0.842386	207	4	-0.37296	0.94111	0.94045	0.999995	944	0	-0.37296
CNOT7	4	0.059082	0.16636	0.842386	208	2	-0.40962	0.41913	0.41742	0.999995	432	0	-0.40962
PRPF38A	4	0.059963	0.16846	0.842386	209	3	-0.5718	0.22185	0.22139	0.595605	25	0	-0.5718
IMPDH2	4	0.060337	0.16938	0.842386	210	4	-0.42931	0.93966	0.93901	0.999995	943	0	-0.42931
RNF113A	4	0.06045	0.16963	0.842386	211	4	-0.63388	0.93955	0.93893	0.999995	942	0	-0.63388
SMARCA4	4	0.060465	0.16969	0.842386	212	3	-0.53977	0.89806	0.89731	0.999995	894	0	-0.53977
UNC45B	4	0.060675	0.17016	0.842386	213	4	-0.453	0.93933	0.93868	0.999995	941	0	-0.453
FOXK2	4	0.060901	0.17063	0.842386	214	4	-0.43766	0.9391	0.93843	0.999995	940	0	-0.43766
SOD1	4	0.061355	0.17166	0.842386	215	4	-0.45929	0.93865	0.93791	0.999995	939	0	-0.45929
VCP	4	0.062603	0.17476	0.851508	216	3	-0.5172	0.50207	0.50034	0.999995	528	0	-0.5172
WRN	4	0.062944	0.17529	0.851508	217	3	-0.53085	0.75091	0.7511	0.999995	747	0	-0.53085
CTPS1	4	0.063517	0.17631	0.851508	218	2	-0.41373	0.80424	0.80432	0.999995	800	0	-0.41373
TUBB2A	4	0.06376	0.17673	0.851508	219	2	-0.43912	0.22185	0.22139	0.595605	119	0	-0.43912
MED13L	4	0.064879	0.17881	0.85538	220	3	-0.67021	0.89621	0.89553	0.999995	891	0	-0.67021
PACS1	4	0.065719	0.17995	0.85538	221	3	-0.45303	0.22185	0.22139	0.595605	106	0	-0.45303
GSX1	4	0.066087	0.18063	0.85538	222	3	-0.55455	0.91647	0.91554	0.999995	912	0	-0.55455
EPC2	4	0.066391	0.18129	0.85538	223	3	-0.71173	0.73527	0.73462	0.999995	733	0	-0.71173
TNPO2	4	0.066543	0.18157	0.85538	224	3	-0.47848	0.49768	0.4957	0.999995	524	0	-0.47848
FANCM	4	0.067452	0.18284	0.857553	225	3	-0.62609	0.4804	0.47829	0.999995	505	0	-0.62609
CLDN4	4	0.068451	0.18454	0.859584	226	3	-0.34594	0.68427	0.68357	0.999995	693	0	-0.34594
ACTL6A	4	0.068702	0.18489	0.859584	227	3	-0.74509	0.55757	0.55708	0.999995	579	0	-0.74509
SPAG9	4	0.069708	0.1865	0.862699	228	3	-0.59672	0.77714	0.77762	0.999995	770	0	-0.59672
COX4I2	4	0.070105	0.18719	0.862699	229	3	-0.46253	0.22185	0.22139	0.595605	287	0	-0.46253
XAB2	4	0.071529	0.18961	0.870066	230	3	-0.6259	0.89071	0.89051	0.999995	884	0	-0.6259
SLC25A28	4	0.072327	0.19077	0.871607	231	3	-0.43558	0.567	0.56674	0.999995	584	0	-0.43558
SLC9A3R2	4	0.073979	0.19318	0.874594	232	3	-0.38876	0.93622	0.93555	0.999995	934	0	-0.38876
BTG1	4	0.074049	0.19326	0.874594	233	3	-0.40364	0.92839	0.92749	0.999995	927	0	-0.40364
PRDM16	4	0.074426	0.1939	0.874594	234	3	-0.48473	0.93692	0.93623	0.999995	936	0	-0.48473
MRPL55	4	0.075571	0.1962	0.881251	235	3	-0.38605	0.22185	0.22139	0.595605	83	0	-0.38605
TOMM20L	4	0.077892	0.19987	0.891276	236	3	-0.39425	0.22185	0.22139	0.595605	127	0	-0.39425
MT2A	4	0.07806	0.20012	0.891276	237	3	-0.32579	0.86728	0.86753	0.999995	856	0	-0.32579
CHUK	8	0.079645	0.25465	0.964192	238	6	-0.46764	0.39449	0.39517	0.999995	407	0	-0.46764
COQ10A	4	0.079914	0.20299	0.900307	239	3	-0.59605	0.67722	0.67671	0.999995	686	0	-0.59605
TSG101	4	0.08062	0.20428	0.901586	240	2	-0.48712	0.87714	0.8775	0.999995	866	0	-0.48712
UNC119	4	0.081108	0.20498	0.901586	241	3	-0.55657	0.91209	0.91095	0.999995	910	0	-0.55657
RGS19	4	0.083852	0.20962	0.915882	242	3	-0.6225	0.55405	0.553	0.999995	576	0	-0.6225
PUM2	4	0.084049	0.20996	0.915882	243	3	-0.8231	0.63586	0.63525	0.999995	648	0	-0.8231
RHOBTB2	4	0.087052	0.21493	0.928549	244	3	-0.65488	0.66153	0.66092	0.999995	671	0	-0.65488
UCHL5	4	0.087408	0.21556	0.928549	245	3	-0.5248	0.69198	0.69155	0.999995	703	0	-0.5248
YAF2	4	0.087837	0.21624	0.928549	246	2	-0.31699	0.48826	0.48634	0.999995	511	0	-0.31699
S1PR4	4	0.087946	0.21637	0.928549	247	3	-0.4832	0.22185	0.22139	0.595605	174	0	-0.4832
ASF1B	8	0.089482	0.2768	0.999995	248	5	-0.36356	0.93844	0.93853	0.999995	938	0	-0.36356
PMPCB	4	0.090418	0.22049	0.942324	249	2	-0.33686	0.62801	0.62769	0.999995	637	0	-0.33686
RSBN1L	4	0.091028	0.22136	0.942324	250	3	-0.62188	0.68853	0.68791	0.999995	699	0	-0.62188
SNX2	4	0.09213	0.22318	0.943364	251	3	-0.43043	0.22185	0.22139	0.595605	198	0	-0.43043
ESRP1	4	0.092869	0.22409	0.943364	252	3	-0.54829	0.9083	0.90709	0.999995	905	0	-0.54829
SPOP	4	0.092994	0.22427	0.943364	253	2	-0.33415	0.74961	0.74973	0.999995	745	0	-0.33415
RPL18A	2	0.093212	0.16029	0.842386	254	2	-0.74936	0.90679	0.90652	0.999995	904	0	-0.74936
POLR2A	4	0.097374	0.23112	0.96146	255	3	-0.57291	0.6516	0.65108	0.999995	655	0	-0.57291
XPR1	4	0.097946	0.23196	0.96146	256	3	-0.54099	0.93657	0.93583	0.999995	935	0	-0.54099
CDK2	4	0.098128	0.2322	0.96146	257	3	-0.6529	0.57483	0.5746	0.999995	594	0	-0.6529
ATP6V1C2	8	0.098272	0.29596	0.999995	258	4	-0.38261	0.39449	0.39517	0.999995	413	0	-0.38261
HNRNPK	4	0.099567	0.23472	0.964192	259	2	-0.48729	0.22185	0.22139	0.595605	315	0	-0.48729
ABL2	4	0.099865	0.23524	0.964192	260	3	-0.53754	0.76524	0.76545	0.999995	760	0	-0.53754
NAA15	4	0.10044	0.23626	0.964192	261	2	-0.46341	0.22185	0.22139	0.595605	72	0	-0.46341
ERO1B	4	0.10073	0.23675	0.964192	262	3	-0.46333	0.49658	0.49463	0.999995	522	0	-0.46333
LMBR1	4	0.10239	0.23971	0.964192	263	1	-0.25163	0.22185	0.22139	0.595605	329	0	-0.25163
KLF4	4	0.10277	0.24018	0.964192	264	2	-0.39464	0.22185	0.22139	0.595605	345	0	-0.39464
EPS15L1	4	0.10377	0.24179	0.964192	265	3	-0.48746	0.68311	0.68255	0.999995	692	0	-0.48746
MED23	4	0.10395	0.24207	0.964192	266	3	-0.60462	0.72315	0.72246	0.999995	724	0	-0.60462
PPP2CA	8	0.10408	0.30849	0.999995	267	4	-0.24037	0.39449	0.39517	0.999995	410	0	-0.24037
CCT6A	3	0.10411	0.22986	0.96146	268	2	-0.4998	0.17149	0.17137	0.595605	5	0	-0.4998
EIF3L	4	0.10416	0.24237	0.964192	269	3	-0.57886	0.87695	0.87733	0.999995	865	0	-0.57886
CRK	4	0.10496	0.24368	0.964192	270	3	-0.47308	0.6151	0.61458	0.999995	626	0	-0.47308
UTP14A	4	0.10595	0.24537	0.964192	271	3	-0.55083	0.22185	0.22139	0.595605	150	0	-0.55083
TAMM41	4	0.10661	0.24631	0.964192	272	2	-0.37554	0.22185	0.22139	0.595605	182	0	-0.37554
PDS5A	4	0.10899	0.25006	0.964192	273	3	-0.55103	0.89263	0.89222	0.999995	886	0	-0.55103
RING1	4	0.1105	0.25238	0.964192	274	3	-0.53209	0.22185	0.22139	0.595605	49	0	-0.53209
COPS7B	4	0.1106	0.25253	0.964192	275	3	-0.55518	0.43733	0.43575	0.999995	453	0	-0.55518
SNTA1	4	0.11101	0.25318	0.964192	276	3	-0.39371	0.70915	0.70861	0.999995	717	0	-0.39371
MRPL27	4	0.11121	0.25349	0.964192	277	3	-0.63318	0.86606	0.86623	0.999995	855	0	-0.63318
RPL11	3	0.11231	0.24476	0.964192	278	3	-0.53637	0.88769	0.88767	0.999995	880	0	-0.53637
FXR2	4	0.11261	0.25556	0.964192	279	3	-0.38137	0.89193	0.89161	0.999995	885	0	-0.38137
IL6R	4	0.11322	0.25638	0.964192	280	2	-0.33704	0.48993	0.48796	0.999995	514	0	-0.33704
SAP30L	4	0.11348	0.25681	0.964192	281	3	-0.47265	0.52571	0.52492	0.999995	549	0	-0.47265
NSG2	4	0.11382	0.25742	0.964192	282	2	-0.26625	0.22185	0.22139	0.595605	109	0	-0.26625
PTTG1	3	0.11474	0.24883	0.964192	283	3	-0.5913	0.88526	0.8856	0.999995	876	0	-0.5913
JUP	4	0.11515	0.2595	0.966528	284	3	-0.31794	0.22185	0.22139	0.595605	311	0	-0.31794
ARHGEF7	4	0.11535	0.25987	0.966528	285	2	-0.39629	0.43433	0.43268	0.999995	449	0	-0.39629
RIMKLB	3	0.11572	0.25065	0.964192	286	3	-0.38884	0.88428	0.88458	0.999995	875	0	-0.38884
FOSL1	3	0.11705	0.25307	0.964192	287	2	-0.39817	0.8257	0.82597	0.999995	820	0	-0.39817
BZW1	3	0.11787	0.25442	0.964192	288	3	-0.38628	0.88213	0.88236	0.999995	872	0	-0.38628
WASL	4	0.11811	0.26387	0.977965	289	3	-0.42768	0.91888	0.918	0.999995	916	0	-0.42768
MTUS1	4	0.1198	0.26644	0.984079	290	3	-0.39263	0.40862	0.40676	0.999995	421	0	-0.39263
ULK1	4	0.12059	0.26763	0.985028	291	3	-0.51335	0.8594	0.8597	0.999995	848	0	-0.51335
LSM4	4	0.12152	0.26912	0.987067	292	3	-0.48697	0.22185	0.22139	0.595605	339	0	-0.48697
CAVIN1	4	0.12369	0.27253	0.996159	293	3	-0.46904	0.9361	0.93549	0.999995	933	0	-0.46904
HEATR5B	4	0.12478	0.27422	0.998894	294	3	-0.48487	0.22185	0.22139	0.595605	385	0	-0.48487
PLXDC2	4	0.12742	0.27808	0.999995	295	3	-0.45912	0.50644	0.50486	0.999995	533	0	-0.45912
PPP2R1A	4	0.12765	0.27845	0.999995	296	2	-0.41325	0.87999	0.88031	0.999995	870	0	-0.41325
GPSM1	4	0.12987	0.28183	0.999995	297	3	-0.48548	0.68621	0.68568	0.999995	697	0	-0.48548
CNOT6	4	0.13009	0.28221	0.999995	298	3	-0.38002	0.44627	0.44505	0.999995	463	0	-0.38002
POU4F2	4	0.13098	0.28359	0.999995	299	2	-0.42243	0.77048	0.77081	0.999995	765	0	-0.42243
CDS2	4	0.13144	0.28439	0.999995	300	3	-0.53938	0.22185	0.22139	0.595605	299	0	-0.53938
NAA11	4	0.13189	0.28509	0.999995	301	3	-0.46722	0.75221	0.75234	0.999995	748	0	-0.46722
ARID1A	4	0.13263	0.2863	0.999995	302	3	-0.37589	0.90519	0.90404	0.999995	900	0	-0.37589
E2F4	4	0.13347	0.28766	0.999995	303	3	-0.46848	0.91268	0.91162	0.999995	911	0	-0.46848
DDX5	4	0.13355	0.28775	0.999995	304	3	-0.54746	0.6541	0.65345	0.999995	659	0	-0.54746
ABTB2	4	0.13393	0.28833	0.999995	305	3	-0.40713	0.81252	0.81325	0.999995	809	0	-0.40713
TOMM40	7	0.13395	0.35019	0.999995	306	4	-0.49624	0.3553	0.35541	0.946577	398	0	-0.49624
SPTLC2	4	0.13512	0.29007	0.999995	307	1	-0.027983	0.47757	0.47553	0.999995	502	0	-0.027983
TMEM120A	4	0.13516	0.29012	0.999995	308	2	-0.39009	0.4586	0.45713	0.999995	479	0	-0.39009
GYS1	4	0.1353	0.29031	0.999995	309	3	-0.43414	0.87463	0.87492	0.999995	864	0	-0.43414
ATP6V1D	4	0.13548	0.29059	0.999995	310	2	-0.54205	0.64908	0.64825	0.999995	654	0	-0.54205
CWF19L1	4	0.13575	0.29099	0.999995	311	3	-0.5329	0.79059	0.79099	0.999995	781	0	-0.5329
CAND1	4	0.13736	0.29333	0.999995	312	3	-0.52554	0.47073	0.46916	0.999995	495	0	-0.52554
BATF3	4	0.13743	0.29342	0.999995	313	2	-0.39294	0.78189	0.78241	0.999995	772	0	-0.39294
RPA1	4	0.13971	0.29675	0.999995	314	3	-0.51288	0.58589	0.58542	0.999995	602	0	-0.51288
LOR	4	0.14038	0.29787	0.999995	315	3	-0.46382	0.82582	0.82645	0.999995	821	0	-0.46382
IKBKB	4	0.14172	0.2999	0.999995	316	1	-0.1931	0.44982	0.4485	0.999995	468	0	-0.1931
NCOR2	4	0.14225	0.30064	0.999995	317	3	-0.52193	0.88204	0.88229	0.999995	871	0	-0.52193
RALGPS2	4	0.14266	0.30122	0.999995	318	3	-0.57982	0.79287	0.79329	0.999995	785	0	-0.57982
CALY	4	0.14724	0.30798	0.999995	319	3	-0.32296	0.92915	0.92829	0.999995	929	0	-0.32296
ZIC3	4	0.14729	0.30804	0.999995	320	2	-0.43446	0.91089	0.90959	0.999995	908	0	-0.43446
SAMD9	4	0.14747	0.30825	0.999995	321	1	-0.073303	0.22185	0.22139	0.595605	172	0	-0.073303
MYL7	4	0.14795	0.30896	0.999995	322	2	-0.36752	0.44864	0.44741	0.999995	467	0	-0.36752
AKIRIN1	4	0.1494	0.31116	0.999995	323	3	-0.5226	0.76274	0.7629	0.999995	757	0	-0.5226
ZNF423	4	0.14964	0.31157	0.999995	324	3	-0.39265	0.65493	0.65427	0.999995	660	0	-0.39265
PKM	3	0.15056	0.29523	0.999995	325	2	-0.67171	0.85094	0.85102	0.999995	841	0	-0.67171
RPL5	4	0.15074	0.31317	0.999995	326	2	-0.58749	0.91902	0.91814	0.999995	918	0	-0.58749
CPSF3	4	0.15158	0.31436	0.999995	327	3	-0.58448	0.9002	0.89942	0.999995	896	0	-0.58448
L3MBTL2	4	0.15256	0.31579	0.999995	328	3	-0.45571	0.87366	0.87388	0.999995	863	0	-0.45571
FOXB1	4	0.15402	0.31784	0.999995	329	3	-0.38224	0.8697	0.86982	0.999995	858	0	-0.38224
BICD1	4	0.15466	0.3188	0.999995	330	2	-0.47413	0.86359	0.8637	0.999995	851	0	-0.47413
PRDM13	4	0.15669	0.32178	0.999995	331	2	-0.2614	0.22185	0.22139	0.595605	39	0	-0.2614
GCM2	4	0.15703	0.3222	0.999995	332	3	-0.64359	0.22185	0.22139	0.595605	358	0	-0.64359
CHSY3	4	0.15907	0.32534	0.999995	333	3	-0.37682	0.76461	0.76477	0.999995	759	0	-0.37682
DHX29	3	0.15957	0.30419	0.999995	334	2	-0.50635	0.17149	0.17137	0.595605	13	0	-0.50635
SNAPC4	4	0.16022	0.32694	0.999995	335	3	-0.44835	0.51828	0.517	0.999995	544	0	-0.44835
PHLDA3	4	0.16274	0.33081	0.999995	336	3	-0.35531	0.77322	0.77388	0.999995	768	0	-0.35531
ABCG2	4	0.16291	0.33102	0.999995	337	1	-0.052815	0.22185	0.22139	0.595605	270	0	-0.052815
SPATA21	4	0.16352	0.33183	0.999995	338	2	-0.27917	0.65907	0.65847	0.999995	667	0	-0.27917
SS18L1	4	0.16553	0.33474	0.999995	339	3	-0.50695	0.92762	0.9268	0.999995	926	0	-0.50695
SMARCC2	4	0.16559	0.33482	0.999995	340	2	-0.45159	0.53409	0.53286	0.999995	556	0	-0.45159
KAT6A	4	0.16604	0.33563	0.999995	341	3	-0.41589	0.80962	0.81012	0.999995	803	0	-0.41589
SPDEF	4	0.16758	0.33796	0.999995	342	3	-0.33592	0.86088	0.86102	0.999995	850	0	-0.33592
PLAU	4	0.16905	0.34027	0.999995	343	2	-0.35776	0.83461	0.83501	0.999995	827	0	-0.35776
ARPC5L	4	0.16939	0.34094	0.999995	344	3	-0.44189	0.90613	0.90482	0.999995	902	0	-0.44189
HMGCLL1	4	0.17393	0.348	0.999995	345	2	-0.43086	0.87169	0.87182	0.999995	861	0	-0.43086
ACTL6B	4	0.17496	0.34929	0.999995	346	2	-0.41062	0.89588	0.89519	0.999995	890	0	-0.41062
SAMD4B	4	0.17498	0.3493	0.999995	347	2	-0.49787	0.8705	0.87073	0.999995	860	0	-0.49787
HOXB1	4	0.1785	0.35443	0.999995	348	2	-0.58868	0.69121	0.69062	0.999995	702	0	-0.58868
SLC9A3R1	4	0.17986	0.35666	0.999995	349	3	-0.38346	0.89739	0.89662	0.999995	892	0	-0.38346
TMEM9B	4	0.18062	0.35765	0.999995	350	3	-0.36319	0.7982	0.7987	0.999995	791	0	-0.36319
CYP7A1	4	0.18173	0.35937	0.999995	351	3	-0.55465	0.81041	0.81107	0.999995	806	0	-0.55465
RBM22	4	0.18292	0.36105	0.999995	352	2	-0.38763	0.50262	0.50078	0.999995	529	0	-0.38763
ZMIZ2	4	0.18346	0.36186	0.999995	353	3	-0.42583	0.73116	0.73044	0.999995	732	0	-0.42583
FKBP4	4	0.18703	0.367	0.999995	354	3	-0.42973	0.84443	0.8451	0.999995	834	0	-0.42973
EPHA2	4	0.18954	0.37068	0.999995	355	3	-0.30539	0.22185	0.22139	0.595605	230	0	-0.30539
PLCG2	4	0.1899	0.37114	0.999995	356	2	-0.35961	0.22185	0.22139	0.595605	92	0	-0.35961
EZH1	4	0.19239	0.37434	0.999995	357	1	-0.30414	0.89366	0.89331	0.999995	888	0	-0.30414
SAFB2	4	0.19242	0.37436	0.999995	358	2	-0.53771	0.8701	0.87032	0.999995	859	0	-0.53771
FOXK1	4	0.19371	0.37616	0.999995	359	3	-0.41033	0.85074	0.85131	0.999995	840	0	-0.41033
CAPN2	4	0.19423	0.37686	0.999995	360	2	-0.46319	0.83413	0.83456	0.999995	826	0	-0.46319
LGALS9	4	0.19495	0.37782	0.999995	361	2	-0.21021	0.22185	0.22139	0.595605	347	0	-0.21021
ANKRD10	4	0.19531	0.37833	0.999995	362	3	-0.39128	0.74896	0.74909	0.999995	744	0	-0.39128
SNRPD2	3	0.19598	0.34295	0.999995	363	2	-0.58472	0.74178	0.74259	0.999995	738	0	-0.58472
MTA1	4	0.19648	0.38	0.999995	364	3	-0.39753	0.53148	0.5303	0.999995	553	0	-0.39753
CLASP1	4	0.19844	0.38275	0.999995	365	3	-0.39967	0.70511	0.70465	0.999995	713	0	-0.39967
FOXE3	4	0.19895	0.38332	0.999995	366	2	-0.278	0.22185	0.22139	0.595605	355	0	-0.278
INCENP	4	0.2004	0.38536	0.999995	367	3	-0.33581	0.74135	0.74078	0.999995	737	0	-0.33581
SIN3B	4	0.20125	0.38638	0.999995	368	3	-0.45251	0.79625	0.79662	0.999995	790	0	-0.45251
NHLRC1	4	0.2026	0.38846	0.999995	369	2	-0.35434	0.47473	0.47282	0.999995	501	0	-0.35434
GOLPH3	4	0.20333	0.3895	0.999995	370	3	-0.37752	0.92301	0.92242	0.999995	922	0	-0.37752
CAP2	4	0.20379	0.39009	0.999995	371	3	-0.44453	0.73866	0.73818	0.999995	735	0	-0.44453
CAND2	4	0.20465	0.39114	0.999995	372	3	-0.42939	0.22185	0.22139	0.595605	294	0	-0.42939
LARP1B	4	0.2049	0.39141	0.999995	373	2	-0.426	0.46267	0.46143	0.999995	484	0	-0.426
RPS15	2	0.20536	0.3232	0.999995	374	2	-0.43385	0.79464	0.79254	0.999995	788	0	-0.43385
CTSZ	4	0.20579	0.39248	0.999995	375	3	-0.37806	0.85468	0.85515	0.999995	843	0	-0.37806
PSMB9	4	0.20607	0.3929	0.999995	376	3	-0.47658	0.5758	0.57544	0.999995	595	0	-0.47658
BTBD11	4	0.20664	0.39377	0.999995	377	3	-0.3451	0.83652	0.83687	0.999995	828	0	-0.3451
RNF103	4	0.208	0.39578	0.999995	378	2	-0.24651	0.22185	0.22139	0.595605	45	0	-0.24651
CABP5	4	0.20847	0.39654	0.999995	379	2	-0.41698	0.7671	0.76745	0.999995	762	0	-0.41698
EFR3B	4	0.20865	0.39673	0.999995	380	3	-0.43528	0.53513	0.53407	0.999995	557	0	-0.43528
CRY1	4	0.20893	0.39709	0.999995	381	3	-0.50016	0.22185	0.22139	0.595605	222	0	-0.50016
TSTD1	4	0.2098	0.39846	0.999995	382	3	-0.35541	0.22185	0.22139	0.595605	111	0	-0.35541
TEX45	4	0.21032	0.3993	0.999995	383	2	-0.2931	0.22185	0.22139	0.595605	157	0	-0.2931
SLC35F3	4	0.21032	0.3993	0.999995	384	1	-0.26481	0.59581	0.59534	0.999995	612	0	-0.26481
ADAP1	4	0.21187	0.40169	0.999995	385	3	-0.58354	0.22185	0.22139	0.595605	266	0	-0.58354
RSBN1	4	0.2144	0.40513	0.999995	386	3	-0.40792	0.92138	0.92073	0.999995	921	0	-0.40792
CAP1	4	0.21495	0.40598	0.999995	387	1	-0.29516	0.41606	0.41424	0.999995	428	0	-0.29516
PAX4	4	0.21514	0.40626	0.999995	388	2	-0.4559	0.50426	0.5026	0.999995	531	0	-0.4559
SMAP1	4	0.21551	0.40679	0.999995	389	3	-0.43656	0.88297	0.883	0.999995	873	0	-0.43656
PIP4P2	4	0.21572	0.4071	0.999995	390	3	-0.4741	0.78218	0.78268	0.999995	773	0	-0.4741
PRG3	4	0.21588	0.40731	0.999995	391	2	-0.45343	0.83123	0.83177	0.999995	825	0	-0.45343
COPG2	4	0.21649	0.40799	0.999995	392	2	-0.34558	0.22185	0.22139	0.595605	285	0	-0.34558
MARCKS	4	0.21676	0.40841	0.999995	393	3	-0.32511	0.22185	0.22139	0.595605	336	0	-0.32511
CDK8	4	0.21794	0.41023	0.999995	394	3	-0.5557	0.91916	0.9183	0.999995	919	0	-0.5557
ABCC3	4	0.21852	0.41095	0.999995	395	3	-0.35433	0.81015	0.81073	0.999995	805	0	-0.35433
GBX2	4	0.21882	0.41144	0.999995	396	3	-0.29858	0.44686	0.44565	0.999995	464	0	-0.29858
PRSS37	4	0.21956	0.41227	0.999995	397	2	-0.21507	0.22185	0.22139	0.595605	23	0	-0.21507
TCERG1	4	0.22111	0.41445	0.999995	398	2	-0.40363	0.22185	0.22139	0.595605	190	0	-0.40363
PSMB6	4	0.22147	0.41487	0.999995	399	3	-0.55433	0.89789	0.89717	0.999995	893	0	-0.55433
SBF1	4	0.22336	0.41729	0.999995	400	3	-0.39629	0.87752	0.87794	0.999995	867	0	-0.39629
ARID1B	4	0.22355	0.41752	0.999995	401	3	-0.38005	0.70952	0.70892	0.999995	718	0	-0.38005
STX4	4	0.22414	0.41832	0.999995	402	3	-0.23476	0.69388	0.69334	0.999995	706	0	-0.23476
ZMIZ1	4	0.2275	0.4228	0.999995	403	2	-0.29192	0.4849	0.48294	0.999995	509	0	-0.29192
UAP1L1	4	0.22832	0.42393	0.999995	404	3	-0.45922	0.58207	0.5816	0.999995	600	0	-0.45922
TAP1	4	0.22938	0.4254	0.999995	405	2	-0.33247	0.60231	0.60161	0.999995	618	0	-0.33247
RNF44	4	0.22947	0.42546	0.999995	406	1	-0.15579	0.22185	0.22139	0.595605	54	0	-0.15579
SLC22A8	4	0.23014	0.42635	0.999995	407	2	-0.3595	0.408	0.40602	0.999995	420	0	-0.3595
RNF144B	4	0.23103	0.42757	0.999995	408	3	-0.4919	0.60093	0.60022	0.999995	615	0	-0.4919
SEPHS1	3	0.23128	0.37999	0.999995	409	2	-0.47399	0.17149	0.17137	0.595605	21	0	-0.47399
TPST1	4	0.23174	0.42861	0.999995	410	3	-0.38256	0.65948	0.65889	0.999995	668	0	-0.38256
NXT1	4	0.23203	0.42903	0.999995	411	3	-0.37939	0.69766	0.69723	0.999995	709	0	-0.37939
TNR	4	0.23401	0.43203	0.999995	412	2	-0.43584	0.69653	0.69632	0.999995	708	0	-0.43584
NUTF2	4	0.23477	0.43311	0.999995	413	1	-0.10476	0.4551	0.45385	0.999995	475	0	-0.10476
GXYLT1	4	0.23583	0.4347	0.999995	414	2	-0.23306	0.22185	0.22139	0.595605	377	0	-0.23306
TGM6	4	0.2365	0.43555	0.999995	415	3	-0.54155	0.88823	0.88816	0.999995	882	0	-0.54155
MAK	4	0.23703	0.43642	0.999995	416	1	-0.1398	0.22185	0.22139	0.595605	334	0	-0.1398
LIMK1	4	0.23711	0.43651	0.999995	417	3	-0.40224	0.22185	0.22139	0.595605	332	0	-0.40224
ESRP2	4	0.23864	0.43836	0.999995	418	3	-0.31311	0.90535	0.9042	0.999995	901	0	-0.31311
MYBPH	4	0.23888	0.4387	0.999995	419	3	-0.36831	0.56106	0.5607	0.999995	581	0	-0.36831
RBMXL2	4	0.23926	0.43924	0.999995	420	2	-0.19623	0.22185	0.22139	0.595605	56	0	-0.19623
TOMM40L	4	0.23956	0.43967	0.999995	421	3	-0.35127	0.76242	0.76257	0.999995	756	0	-0.35127
PXDNL	4	0.23964	0.43978	0.999995	422	3	-0.41382	0.70066	0.70057	0.999995	710	0	-0.41382
GJA8	4	0.2404	0.44071	0.999995	423	3	-0.40889	0.68076	0.68005	0.999995	689	0	-0.40889
SERPINA11	4	0.24117	0.44173	0.999995	424	2	-0.25266	0.22185	0.22139	0.595605	177	0	-0.25266
SEC23B	4	0.24202	0.44298	0.999995	425	3	-0.42967	0.72735	0.72676	0.999995	728	0	-0.42967
ARPC5	4	0.24326	0.44455	0.999995	426	3	-0.40973	0.57191	0.57168	0.999995	589	0	-0.40973
COPS7A	4	0.24357	0.44492	0.999995	427	3	-0.35333	0.90199	0.90113	0.999995	899	0	-0.35333
MCPH1	4	0.24603	0.44802	0.999995	428	2	-0.45291	0.22185	0.22139	0.595605	78	0	-0.45291
KIT	8	0.24678	0.531	0.999995	429	5	-0.25373	0.66116	0.66189	0.999995	670	0	-0.25373
APOBEC3C	4	0.24792	0.45082	0.999995	430	3	-0.32559	0.78424	0.78483	0.999995	775	0	-0.32559
YBX3	4	0.24823	0.45115	0.999995	431	3	-0.30512	0.43493	0.43322	0.999995	450	0	-0.30512
TREM2	4	0.24917	0.45215	0.999995	432	3	-0.42216	0.68814	0.68752	0.999995	698	0	-0.42216
LIN28B	4	0.25116	0.45465	0.999995	433	2	-0.45516	0.22185	0.22139	0.595605	328	0	-0.45516
SHMT1	4	0.25154	0.45511	0.999995	434	2	-0.32462	0.80559	0.80561	0.999995	801	0	-0.32462
TBP	4	0.25231	0.45603	0.999995	435	3	-0.34446	0.68466	0.68389	0.999995	694	0	-0.34446
HNRNPH1	4	0.2527	0.45652	0.999995	436	2	-0.25724	0.61779	0.617	0.999995	630	0	-0.25724
ARFIP2	4	0.2542	0.45863	0.999995	437	3	-0.39987	0.79875	0.79914	0.999995	792	0	-0.39987
DBT	4	0.25483	0.45945	0.999995	438	3	-0.36129	0.22185	0.22139	0.595605	223	0	-0.36129
LRFN1	4	0.25502	0.45965	0.999995	439	2	-0.27336	0.65327	0.6527	0.999995	657	0	-0.27336
GDF15	4	0.25643	0.46157	0.999995	440	2	-0.1328	0.22185	0.22139	0.595605	359	0	-0.1328
NCKAP1	4	0.25673	0.46203	0.999995	441	3	-0.40466	0.22185	0.22139	0.595605	71	0	-0.40466
POLR2F	4	0.25696	0.46234	0.999995	442	2	-0.26004	0.22185	0.22139	0.595605	37	0	-0.26004
CCNL2	4	0.25737	0.46291	0.999995	443	3	-0.31336	0.57142	0.57111	0.999995	588	0	-0.31336
GDI2	8	0.25769	0.54402	0.999995	444	5	-0.3914	0.39449	0.39517	0.999995	404	0	-0.3914
GNB3	4	0.258	0.46378	0.999995	445	3	-0.30185	0.86504	0.86524	0.999995	853	0	-0.30185
HNRNPF	4	0.25896	0.46507	0.999995	446	3	-0.38775	0.74468	0.74424	0.999995	741	0	-0.38775
COX4I1	4	0.25968	0.46597	0.999995	447	2	-0.44462	0.82607	0.82672	0.999995	822	0	-0.44462
PDGFC	4	0.26151	0.46825	0.999995	448	3	-0.2879	0.22185	0.22139	0.595605	85	0	-0.2879
TBC1D9	4	0.26343	0.4709	0.999995	449	3	-0.30424	0.86524	0.86542	0.999995	854	0	-0.30424
LATS2	4	0.26357	0.47108	0.999995	450	2	-0.24625	0.41729	0.41554	0.999995	430	0	-0.24625
DLL4	4	0.26408	0.47181	0.999995	451	3	-0.27793	0.64824	0.64753	0.999995	653	0	-0.27793
EFR3A	4	0.26536	0.4734	0.999995	452	3	-0.40418	0.22185	0.22139	0.595605	248	0	-0.40418
IRF8	4	0.2673	0.47597	0.999995	453	3	-0.33658	0.22185	0.22139	0.595605	313	0	-0.33658
UTP14C	4	0.26745	0.47615	0.999995	454	2	-0.2718	0.22185	0.22139	0.595605	148	0	-0.2718
IFIH1	4	0.26786	0.47662	0.999995	455	2	-0.36177	0.22185	0.22139	0.595605	306	0	-0.36177
MED31	4	0.26826	0.4771	0.999995	456	3	-0.40719	0.66682	0.66611	0.999995	678	0	-0.40719
GMPR2	4	0.26827	0.47711	0.999995	457	3	-0.45429	0.63325	0.63264	0.999995	645	0	-0.45429
ALDOC	4	0.26865	0.4776	0.999995	458	2	-0.3665	0.81952	0.82022	0.999995	816	0	-0.3665
S100A6	4	0.26957	0.47876	0.999995	459	3	-0.26982	0.22185	0.22139	0.595605	173	0	-0.26982
IMPDH1	4	0.2706	0.4802	0.999995	460	2	-0.41588	0.69464	0.69418	0.999995	707	0	-0.41588
BCAP31	4	0.27087	0.48045	0.999995	461	3	-0.38121	0.22185	0.22139	0.595605	260	0	-0.38121
GPSM2	4	0.27453	0.48527	0.999995	462	2	-0.23456	0.22185	0.22139	0.595605	379	0	-0.23456
TPBGL	4	0.27492	0.48574	0.999995	463	2	-0.28192	0.7954	0.79562	0.999995	789	0	-0.28192
CTPS2	4	0.27543	0.48657	0.999995	464	3	-0.28273	0.69045	0.68986	0.999995	701	0	-0.28273
MORF4L2	4	0.27708	0.48876	0.999995	465	3	-0.35305	0.77594	0.77643	0.999995	769	0	-0.35305
XRCC4	4	0.27971	0.49223	0.999995	466	3	-0.40924	0.71061	0.71009	0.999995	719	0	-0.40924
SEC11C	4	0.28004	0.49263	0.999995	467	3	-0.38581	0.92684	0.92606	0.999995	925	0	-0.38581
TPST2	4	0.28004	0.49263	0.999995	468	3	-0.34625	0.22185	0.22139	0.595605	128	0	-0.34625
RAMP2	4	0.2807	0.4934	0.999995	469	3	-0.38672	0.55153	0.55029	0.999995	572	0	-0.38672
CYP26C1	4	0.28241	0.49534	0.999995	470	2	-0.18115	0.22185	0.22139	0.595605	226	0	-0.18115
RBBP4	3	0.28246	0.43275	0.999995	471	2	-0.75084	0.69012	0.69066	0.999995	700	0	-0.75084
UNC119B	4	0.28534	0.49938	0.999995	472	3	-0.27625	0.85641	0.85673	0.999995	844	0	-0.27625
TIMP2	4	0.28567	0.49977	0.999995	473	3	-0.30119	0.5878	0.58721	0.999995	604	0	-0.30119
ARFGEF1	4	0.28698	0.50131	0.999995	474	1	-0.17818	0.22185	0.22139	0.595605	273	0	-0.17818
HPS1	4	0.29102	0.50646	0.999995	475	3	-0.25401	0.22185	0.22139	0.595605	316	0	-0.25401
ANAPC4	4	0.29405	0.51047	0.999995	476	3	-0.42558	0.85684	0.85715	0.999995	845	0	-0.42558
AFG3L2	3	0.29484	0.44529	0.999995	477	1	-0.24115	0.53623	0.53475	0.999995	559	0	-0.24115
RAN	4	0.29695	0.51427	0.999995	478	1	-0.1479	0.22185	0.22139	0.595605	51	0	-0.1479
FLOT1	4	0.29777	0.51529	0.999995	479	3	-0.31922	0.22185	0.22139	0.595605	374	0	-0.31922
TOP2B	4	0.29829	0.51591	0.999995	480	2	-0.24529	0.22185	0.22139	0.595605	131	0	-0.24529
WDR12	4	0.29978	0.51786	0.999995	481	2	-0.44768	0.22185	0.22139	0.595605	155	0	-0.44768
LARP1	4	0.29981	0.51792	0.999995	482	3	-0.36335	0.22185	0.22139	0.595605	350	0	-0.36335
DST	4	0.30015	0.51841	0.999995	483	3	-0.31311	0.92435	0.92381	0.999995	923	0	-0.31311
SBF2	3	0.30089	0.4517	0.999995	484	2	-0.44722	0.85783	0.85801	0.999995	846	0	-0.44722
MAPK8IP3	4	0.30219	0.52096	0.999995	485	3	-0.40055	0.93492	0.93432	0.999995	932	0	-0.40055
PMM2	4	0.30428	0.52339	0.999995	486	2	-0.2058	0.4916	0.48948	0.999995	516	0	-0.2058
STT3B	4	0.30458	0.52378	0.999995	487	3	-0.26344	0.68544	0.68482	0.999995	695	0	-0.26344
VIM	4	0.30471	0.52384	0.999995	488	1	-0.078921	0.48882	0.48684	0.999995	512	0	-0.078921
CCDC69	4	0.30561	0.52509	0.999995	489	3	-0.25646	0.22185	0.22139	0.595605	292	0	-0.25646
ZEB1	4	0.30682	0.52667	0.999995	490	2	-0.36688	0.22185	0.22139	0.595605	138	0	-0.36688
PCDH1	4	0.30733	0.52735	0.999995	491	3	-0.26608	0.22185	0.22139	0.595605	90	0	-0.26608
BUB1B	4	0.30829	0.52844	0.999995	492	2	-0.38233	0.80288	0.80288	0.999995	799	0	-0.38233
SLC25A25	4	0.30869	0.52892	0.999995	493	2	-0.33101	0.45099	0.44972	0.999995	469	0	-0.33101
WAS	4	0.30961	0.53006	0.999995	494	1	-0.17565	0.85206	0.85245	0.999995	842	0	-0.17565
PAPSS1	4	0.30974	0.53017	0.999995	495	3	-0.40026	0.46844	0.46704	0.999995	493	0	-0.40026
GIT2	4	0.31029	0.53075	0.999995	496	2	-0.33259	0.22185	0.22139	0.595605	386	0	-0.33259
SMARCC1	4	0.31101	0.53167	0.999995	497	2	-0.37935	0.46556	0.4644	0.999995	489	0	-0.37935
PTF1A	4	0.31146	0.5322	0.999995	498	3	-0.43336	0.644	0.64355	0.999995	651	0	-0.43336
COQ10B	4	0.31181	0.53263	0.999995	499	3	-0.33411	0.68272	0.68217	0.999995	691	0	-0.33411
SMC1A	4	0.3125	0.53347	0.999995	500	3	-0.46126	0.91972	0.91891	0.999995	920	0	-0.46126
TRPM1	4	0.31519	0.53546	0.999995	501	1	-0.25146	0.22185	0.22139	0.595605	112	0	-0.25146
MED8	4	0.31592	0.53605	0.999995	502	2	-0.35014	0.76617	0.76641	0.999995	761	0	-0.35014
CASP4	4	0.31712	0.53694	0.999995	503	2	-0.29426	0.22185	0.22139	0.595605	295	0	-0.29426
H2BFM	4	0.31793	0.53743	0.999995	504	2	-0.29006	0.22185	0.22139	0.595605	383	0	-0.29006
APOBEC1	4	0.31914	0.53823	0.999995	505	2	-0.39933	0.44568	0.44448	0.999995	462	0	-0.39933
ABCA3	4	0.32349	0.54148	0.999995	506	2	-0.19472	0.76925	0.76957	0.999995	764	0	-0.19472
DGKI	4	0.32555	0.54297	0.999995	507	2	-0.24456	0.22185	0.22139	0.595605	214	0	-0.24456
ADSSL1	4	0.32721	0.5442	0.999995	508	2	-0.38564	0.74633	0.74596	0.999995	742	0	-0.38564
BARHL1	4	0.32963	0.54604	0.999995	509	2	-0.27841	0.22185	0.22139	0.595605	265	0	-0.27841
MYD88	4	0.33044	0.5466	0.999995	510	2	-0.26238	0.22185	0.22139	0.595605	81	0	-0.26238
ARSJ	4	0.33977	0.55338	0.999995	511	2	-0.3409	0.88698	0.88684	0.999995	879	0	-0.3409
SLC32A1	4	0.34505	0.5572	0.999995	512	2	-0.46951	0.84167	0.84217	0.999995	831	0	-0.46951
TMEM30A	4	0.34545	0.55749	0.999995	513	2	-0.39544	0.84985	0.85043	0.999995	839	0	-0.39544
BRD8	4	0.34667	0.55842	0.999995	514	2	-0.41614	0.80775	0.80803	0.999995	802	0	-0.41614
SOS1	4	0.34708	0.55873	0.999995	515	2	-0.29858	0.59627	0.59577	0.999995	613	0	-0.29858
ZAP70	4	0.34926	0.5602	0.999995	516	2	-0.17624	0.22185	0.22139	0.595605	145	0	-0.17624
GOLPH3L	4	0.34993	0.56062	0.999995	517	2	-0.21795	0.49603	0.49405	0.999995	521	0	-0.21795
SEC31B	4	0.35115	0.56149	0.999995	518	2	-0.36823	0.81094	0.81152	0.999995	807	0	-0.36823
IPO7	3	0.35117	0.50235	0.999995	519	2	-0.53037	0.58191	0.58069	0.999995	599	0	-0.53037
FLOT2	4	0.35127	0.56158	0.999995	520	1	-0.12875	0.22185	0.22139	0.595605	375	0	-0.12875
SMARCA2	4	0.35522	0.56402	0.999995	521	2	-0.27903	0.44449	0.4432	0.999995	460	0	-0.27903
IKBKE	4	0.35659	0.56502	0.999995	522	2	-0.30601	0.84535	0.84605	0.999995	835	0	-0.30601
FLT1	4	0.35849	0.56637	0.999995	523	2	-0.24934	0.22185	0.22139	0.595605	370	0	-0.24934
ICK	4	0.35924	0.56702	0.999995	524	2	-0.36971	0.75576	0.75579	0.999995	750	0	-0.36971
TANC1	4	0.36053	0.56792	0.999995	525	2	-0.37394	0.8877	0.8876	0.999995	881	0	-0.37394
MMD	4	0.36253	0.56947	0.999995	526	2	-0.34965	0.78887	0.78911	0.999995	778	0	-0.34965
MACF1	4	0.36379	0.57054	0.999995	527	2	-0.25189	0.59346	0.59314	0.999995	608	0	-0.25189
CYFIP1	4	0.36992	0.57504	0.999995	528	2	-0.28076	0.22185	0.22139	0.595605	219	0	-0.28076
RB1	4	0.37033	0.57526	0.999995	529	2	-0.31767	0.48153	0.47958	0.999995	506	0	-0.31767
GRM4	4	0.37105	0.57576	0.999995	530	2	-0.33094	0.22185	0.22139	0.595605	382	0	-0.33094
COPZ2	4	0.373	0.57709	0.999995	531	1	-0.20762	0.43613	0.43453	0.999995	451	0	-0.20762
CCNE1	4	0.3736	0.57752	0.999995	532	2	-0.20278	0.49988	0.49787	0.999995	527	0	-0.20278
FKBP9	4	0.37401	0.57778	0.999995	533	2	-0.29133	0.22185	0.22139	0.595605	373	0	-0.29133
NR5A2	4	0.37524	0.5786	0.999995	534	2	-0.22898	0.22185	0.22139	0.595605	107	0	-0.22898
FAM71A	4	0.37689	0.57968	0.999995	535	2	-0.40779	0.69312	0.69263	0.999995	705	0	-0.40779
ANKRD37	4	0.37883	0.58119	0.999995	536	2	-0.20542	0.22185	0.22139	0.595605	268	0	-0.20542
RNF10	4	0.37948	0.58158	0.999995	537	2	-0.35869	0.22185	0.22139	0.595605	47	0	-0.35869
IQCA1	4	0.37974	0.58181	0.999995	538	2	-0.26779	0.66276	0.662	0.999995	672	0	-0.26779
TANC2	3	0.38096	0.53312	0.999995	539	2	-0.29048	0.63519	0.63443	0.999995	647	0	-0.29048
IRF6	4	0.3827	0.58404	0.999995	540	2	-0.38446	0.60966	0.60907	0.999995	622	0	-0.38446
UTRN	4	0.38466	0.58523	0.999995	541	2	-0.45291	0.22185	0.22139	0.595605	146	0	-0.45291
NDUFC1	4	0.38507	0.58556	0.999995	542	2	-0.3608	0.81669	0.8176	0.999995	814	0	-0.3608
PSMA2	4	0.38547	0.58586	0.999995	543	2	-0.39631	0.22185	0.22139	0.595605	30	0	-0.39631
AP5M1	4	0.3867	0.58671	0.999995	544	2	-0.34804	0.22185	0.22139	0.595605	276	0	-0.34804
RPS23	2	0.39153	0.46777	0.999995	545	1	-0.57796	0.72592	0.72444	0.999995	726	0	-0.57796
FUT5	4	0.39162	0.59017	0.999995	546	2	-0.34556	0.89922	0.8985	0.999995	895	0	-0.34556
GRHL3	4	0.39367	0.59164	0.999995	547	2	-0.33432	0.55606	0.55539	0.999995	578	0	-0.33432
PACS2	4	0.39418	0.59203	0.999995	548	1	-0.11721	0.22185	0.22139	0.595605	97	0	-0.11721
PTCH1	4	0.39482	0.59246	0.999995	549	2	-0.39484	0.22185	0.22139	0.595605	52	0	-0.39484
NAA16	4	0.39613	0.59348	0.999995	550	2	-0.40422	0.62976	0.6294	0.999995	639	0	-0.40422
TCF4	4	0.399	0.59567	0.999995	551	2	-0.21255	0.22185	0.22139	0.595605	189	0	-0.21255
PDX1	4	0.39982	0.59632	0.999995	552	2	-0.32548	0.76085	0.76104	0.999995	753	0	-0.32548
OSMR	4	0.40023	0.59654	0.999995	553	2	-0.34419	0.79372	0.79412	0.999995	786	0	-0.34419
KLK12	4	0.40112	0.59706	0.999995	554	1	-0.1931	0.22185	0.22139	0.595605	341	0	-0.1931
GABPB1	4	0.40187	0.59754	0.999995	555	2	-0.25374	0.54184	0.5404	0.999995	565	0	-0.25374
ILF3	4	0.40228	0.59779	0.999995	556	2	-0.2559	0.22185	0.22139	0.595605	308	0	-0.2559
RPL6	1	0.40565	0.40569	0.999995	557	1	-0.34808	0.59435	0.59558	0.999995	610	0	-0.34808
EEFSEC	4	0.41089	0.60411	0.999995	558	2	-0.23864	0.22185	0.22139	0.595605	252	0	-0.23864
NAPA	4	0.41235	0.60522	0.999995	559	2	-0.46743	0.22185	0.22139	0.595605	63	0	-0.46743
DYNC1LI2	4	0.41786	0.60966	0.999995	560	2	-0.3437	0.45977	0.45831	0.999995	480	0	-0.3437
SIRPA	3	0.41798	0.57125	0.999995	561	2	-0.32613	0.17149	0.17137	0.595605	7	0	-0.32613
CRYBB2	4	0.42524	0.61503	0.999995	562	2	-0.22563	0.794	0.79438	0.999995	787	0	-0.22563
PTPN21	4	0.42606	0.61558	0.999995	563	2	-0.23096	0.68037	0.67976	0.999995	688	0	-0.23096
HEATR5A	4	0.42934	0.61819	0.999995	564	2	-0.29673	0.532	0.5309	0.999995	554	0	-0.29673
ATP8B3	4	0.42975	0.61849	0.999995	565	2	-0.24386	0.53253	0.53144	0.999995	555	0	-0.24386
RECK	4	0.4363	0.62343	0.999995	566	2	-0.30303	0.41173	0.40989	0.999995	423	0	-0.30303
SLC11A1	4	0.43753	0.62431	0.999995	567	2	-0.28482	0.66439	0.66353	0.999995	673	0	-0.28482
FARS2	4	0.43853	0.62502	0.999995	568	1	-0.29109	0.84693	0.84766	0.999995	837	0	-0.29109
HTR3E	4	0.4433	0.62845	0.999995	569	1	-0.12328	0.44745	0.44622	0.999995	465	0	-0.12328
EZH2	4	0.44449	0.62938	0.999995	570	1	-0.019027	0.22185	0.22139	0.595605	238	0	-0.019027
DENND5A	4	0.44653	0.63075	0.999995	571	2	-0.34264	0.72174	0.72097	0.999995	723	0	-0.34264
CCNE2	4	0.45021	0.63331	0.999995	572	2	-0.30144	0.22185	0.22139	0.595605	293	0	-0.30144
SOAT1	4	0.45225	0.63479	0.999995	573	2	-0.44053	0.49878	0.49677	0.999995	526	0	-0.44053
KPNA2	3	0.45336	0.60683	0.999995	574	2	-0.30102	0.65564	0.65474	0.999995	663	0	-0.30102
CDC34	4	0.45393	0.63606	0.999995	575	1	-0.27749	0.42342	0.42167	0.999995	437	0	-0.27749
PPP2CB	3	0.45429	0.60784	0.999995	576	1	-0.30772	0.81265	0.81289	0.999995	810	0	-0.30772
PPP3R2	4	0.45633	0.63766	0.999995	577	2	-0.38831	0.22185	0.22139	0.595605	38	0	-0.38831
ZNF284	4	0.45802	0.63881	0.999995	578	1	-0.30228	0.85877	0.85907	0.999995	847	0	-0.30228
KIAA0319	4	0.45878	0.63936	0.999995	579	2	-0.18378	0.22185	0.22139	0.595605	344	0	-0.18378
MANF	4	0.45977	0.64014	0.999995	580	2	-0.41956	0.45276	0.45156	0.999995	471	0	-0.41956
TAF1	4	0.46267	0.6423	0.999995	581	1	-0.01203	0.22185	0.22139	0.595605	184	0	-0.01203
RPS11	3	0.46302	0.61597	0.999995	582	2	-0.59661	0.17149	0.17137	0.595605	17	0	-0.59661
SAR1A	8	0.46617	0.74339	0.999995	583	4	-0.26481	0.39449	0.39517	0.999995	401	0	-0.26481
MTMR4	4	0.46671	0.64529	0.999995	584	1	-0.17173	0.22185	0.22139	0.595605	80	0	-0.17173
RXFP3	4	0.46734	0.64575	0.999995	585	2	-0.39821	0.78656	0.78688	0.999995	777	0	-0.39821
MOGAT2	4	0.46786	0.64622	0.999995	586	1	-0.26985	0.78945	0.78966	0.999995	779	0	-0.26985
GMPR	4	0.46815	0.64644	0.999995	587	2	-0.29333	0.77231	0.77277	0.999995	766	0	-0.29333
EGFR	4	0.46844	0.64673	0.999995	588	1	-0.16449	0.22185	0.22139	0.595605	249	0	-0.16449
UMPS	4	0.47302	0.64974	0.999995	589	1	-0.11115	0.41297	0.4111	0.999995	424	0	-0.11115
YIF1B	4	0.47466	0.65092	0.999995	590	2	-0.30485	0.73798	0.7374	0.999995	734	0	-0.30485
NAPB	4	0.4753	0.65142	0.999995	591	2	-0.27451	0.22185	0.22139	0.595605	64	0	-0.27451
MORF4L1	3	0.47855	0.63173	0.999995	592	2	-0.48888	0.76438	0.76522	0.999995	758	0	-0.48888
SLC10A2	4	0.48318	0.65692	0.999995	593	2	-0.29583	0.63369	0.63298	0.999995	646	0	-0.29583
RPL15	2	0.48415	0.52922	0.999995	594	1	-0.25805	0.11787	0.11787	0.595605	2	0	-0.25805
ATOH1	4	0.48723	0.66	0.999995	595	2	-0.30042	0.53668	0.53561	0.999995	560	0	-0.30042
SYK	4	0.48763	0.66025	0.999995	596	2	-0.19745	0.42036	0.41857	0.999995	434	0	-0.19745
CSTF2T	4	0.48804	0.66054	0.999995	597	2	-0.33117	0.22185	0.22139	0.595605	217	0	-0.33117
TBC1D1	4	0.48885	0.6613	0.999995	598	2	-0.38288	0.81226	0.81297	0.999995	808	0	-0.38288
SLCO2B1	4	0.49006	0.66215	0.999995	599	2	-0.20159	0.22185	0.22139	0.595605	164	0	-0.20159
RCBTB1	4	0.49049	0.66237	0.999995	600	1	-0.26607	0.53875	0.53765	0.999995	562	0	-0.26607
RPL17	3	0.491	0.64419	0.999995	601	2	-0.31074	0.63165	0.63101	0.999995	642	0	-0.31074
ABL1	4	0.49652	0.66685	0.999995	602	2	-0.19882	0.59393	0.59348	0.999995	609	0	-0.19882
ZWILCH	4	0.50176	0.67088	0.999995	603	2	-0.20043	0.22185	0.22139	0.595605	141	0	-0.20043
RNF20	4	0.50297	0.67173	0.999995	604	2	-0.26552	0.90629	0.90494	0.999995	903	0	-0.26552
SATB2	4	0.50371	0.67233	0.999995	605	2	-0.25557	0.22185	0.22139	0.595605	175	0	-0.25557
CADPS	4	0.50418	0.67271	0.999995	606	2	-0.31212	0.58685	0.5863	0.999995	603	0	-0.31212
SKA1	4	0.50426	0.6728	0.999995	607	2	-0.25849	0.42097	0.41918	0.999995	435	0	-0.25849
H1FOO	4	0.5048	0.67326	0.999995	608	2	-0.31498	0.79145	0.7918	0.999995	782	0	-0.31498
PTPN14	4	0.50578	0.67396	0.999995	609	2	-0.35192	0.69274	0.6923	0.999995	704	0	-0.35192
MBD4	8	0.50579	0.77208	0.999995	610	3	-0.20547	0.39449	0.39517	0.999995	402	0	-0.20547
DEGS2	4	0.50739	0.67527	0.999995	611	2	-0.30397	0.66601	0.66522	0.999995	677	0	-0.30397
LSM14A	4	0.50752	0.67538	0.999995	612	1	-0.079962	0.22185	0.22139	0.595605	338	0	-0.079962
AP1G2	4	0.50969	0.6769	0.999995	613	1	-0.19726	0.4877	0.48563	0.999995	510	0	-0.19726
SPTA1	4	0.5098	0.67699	0.999995	614	2	-0.25736	0.22185	0.22139	0.595605	199	0	-0.25736
LIM2	4	0.5102	0.6773	0.999995	615	2	-0.2856	0.89314	0.89286	0.999995	887	0	-0.2856
G3BP1	4	0.51023	0.67733	0.999995	616	2	-0.41073	0.76179	0.76202	0.999995	754	0	-0.41073
NMT2	4	0.51221	0.67887	0.999995	617	2	-0.29394	0.52886	0.52789	0.999995	552	0	-0.29394
HACD1	4	0.51561	0.68148	0.999995	618	1	-0.13362	0.62137	0.62084	0.999995	631	0	-0.13362
YIPF5	4	0.51581	0.68161	0.999995	619	2	-0.18943	0.22185	0.22139	0.595605	153	0	-0.18943
GFM1	4	0.51668	0.68223	0.999995	620	1	-0.25782	0.22185	0.22139	0.595605	376	0	-0.25782
TSPO2	4	0.51781	0.68312	0.999995	621	2	-0.31229	0.22185	0.22139	0.595605	110	0	-0.31229
HUS1B	4	0.51821	0.68339	0.999995	622	2	-0.24503	0.67564	0.67525	0.999995	684	0	-0.24503
OSBPL6	4	0.52021	0.68484	0.999995	623	2	-0.28965	0.50371	0.502	0.999995	530	0	-0.28965
ZNF804B	4	0.52061	0.68521	0.999995	624	2	-0.302	0.22185	0.22139	0.595605	140	0	-0.302
DUOX1	4	0.52094	0.68543	0.999995	625	1	-0.22384	0.40613	0.40424	0.999995	416	0	-0.22384
SOHLH1	4	0.52147	0.68575	0.999995	626	1	-0.21655	0.47927	0.47716	0.999995	504	0	-0.21655
ZNRF4	4	0.5234	0.68732	0.999995	627	2	-0.25348	0.6784	0.67776	0.999995	687	0	-0.25348
PDCD4	4	0.5242	0.68788	0.999995	628	2	-0.19012	0.704	0.7037	0.999995	712	0	-0.19012
RPP14	4	0.5246	0.68817	0.999995	629	2	-0.28632	0.616	0.61532	0.999995	628	0	-0.28632
CAB39L	4	0.525	0.68848	0.999995	630	2	-0.22745	0.46093	0.4595	0.999995	481	0	-0.22745
CFL1	4	0.52571	0.68909	0.999995	631	2	-0.30814	0.6302	0.62977	0.999995	640	0	-0.30814
PRKAB2	4	0.52659	0.68952	0.999995	632	2	-0.33079	0.87228	0.87243	0.999995	862	0	-0.33079
TOB2	4	0.52781	0.69046	0.999995	633	1	-0.15411	0.41359	0.41164	0.999995	426	0	-0.15411
SS18	4	0.52898	0.69115	0.999995	634	2	-0.23091	0.47359	0.47167	0.999995	499	0	-0.23091
CCT6B	4	0.53017	0.69212	0.999995	635	2	-0.37095	0.4295	0.42766	0.999995	443	0	-0.37095
STRIP1	4	0.53176	0.69323	0.999995	636	2	-0.26952	0.68155	0.68094	0.999995	690	0	-0.26952
RNF130	4	0.532	0.69346	0.999995	637	2	-0.28182	0.22185	0.22139	0.595605	41	0	-0.28182
COPG1	4	0.53253	0.69375	0.999995	638	1	-0.1447	0.22185	0.22139	0.595605	290	0	-0.1447
APH1B	4	0.53305	0.69411	0.999995	639	1	-0.20962	0.22185	0.22139	0.595605	277	0	-0.20962
NCKAP1L	4	0.53375	0.69459	0.999995	640	2	-0.26613	0.22185	0.22139	0.595605	66	0	-0.26613
DYNC1LI1	3	0.53415	0.66704	0.999995	641	1	-0.035708	0.36935	0.36744	0.976166	399	0	-0.035708
GALR3	4	0.53573	0.69603	0.999995	642	2	-0.3497	0.88626	0.88614	0.999995	878	0	-0.3497
FSD1	4	0.53613	0.69642	0.999995	643	2	-0.37548	0.53617	0.53508	0.999995	558	0	-0.37548
LHFPL5	4	0.53617	0.69646	0.999995	644	1	-0.13468	0.22185	0.22139	0.595605	348	0	-0.13468
CDNF	4	0.5389	0.69832	0.999995	645	2	-0.30863	0.82533	0.82602	0.999995	819	0	-0.30863
CD44	4	0.53969	0.69889	0.999995	646	2	-0.26273	0.22185	0.22139	0.595605	300	0	-0.26273
RANBP10	4	0.54009	0.69915	0.999995	647	2	-0.24883	0.47188	0.47011	0.999995	497	0	-0.24883
CHMP1B	4	0.54088	0.69972	0.999995	648	2	-0.28562	0.79202	0.7924	0.999995	784	0	-0.28562
SNRPB2	3	0.54488	0.67184	0.999995	649	1	-0.17349	0.41357	0.41172	0.999995	425	0	-0.17349
EPC1	4	0.54594	0.70367	0.999995	650	1	-0.32151	0.47416	0.47216	0.999995	500	0	-0.32151
STRIP2	4	0.54645	0.70409	0.999995	651	1	-0.14005	0.22185	0.22139	0.595605	201	0	-0.14005
ADAP2	4	0.54719	0.70464	0.999995	652	2	-0.36783	0.70659	0.70595	0.999995	715	0	-0.36783
GLIS3	4	0.54798	0.70513	0.999995	653	1	-0.043309	0.22185	0.22139	0.595605	390	0	-0.043309
KRTAP10-10	4	0.54916	0.70598	0.999995	654	2	-0.32005	0.76053	0.76077	0.999995	752	0	-0.32005
CEACAM1	4	0.5495	0.70623	0.999995	655	1	-0.27309	0.70879	0.70813	0.999995	716	0	-0.27309
NET1	4	0.55073	0.70718	0.999995	656	2	-0.24791	0.22185	0.22139	0.595605	101	0	-0.24791
RHBDF2	4	0.55152	0.70778	0.999995	657	2	-0.24013	0.22185	0.22139	0.595605	40	0	-0.24013
HMGCS2	4	0.55153	0.70779	0.999995	658	1	-0.15349	0.22185	0.22139	0.595605	319	0	-0.15349
MED12L	4	0.55388	0.70952	0.999995	659	2	-0.22504	0.51077	0.50901	0.999995	538	0	-0.22504
RUNX1	4	0.55427	0.70981	0.999995	660	2	-0.17959	0.62669	0.62649	0.999995	636	0	-0.17959
NETO1	4	0.55505	0.71042	0.999995	661	2	-0.34882	0.22185	0.22139	0.595605	102	0	-0.34882
CSTF2	4	0.55623	0.71148	0.999995	662	2	-0.29768	0.49823	0.49628	0.999995	525	0	-0.29768
PGLS	4	0.55701	0.71219	0.999995	663	2	-0.20157	0.41111	0.40931	0.999995	422	0	-0.20157
TUBB2B	2	0.56062	0.5859	0.999995	664	1	-0.22553	0.46712	0.46398	0.999995	491	0	-0.22553
DMXL1	4	0.56209	0.71626	0.999995	665	2	-0.24838	0.22185	0.22139	0.595605	211	0	-0.24838
DDI2	4	0.56255	0.71662	0.999995	666	1	0	0.22185	0.22139	0.595605	225	0	0
AP1G1	4	0.56404	0.71761	0.999995	667	1	-0.25694	0.61148	0.61099	0.999995	624	0	-0.25694
ATAD2	4	0.56872	0.72138	0.999995	668	2	-0.25027	0.66965	0.66913	0.999995	680	0	-0.25027
TAF9	4	0.5691	0.72174	0.999995	669	2	-0.30936	0.50698	0.50534	0.999995	534	0	-0.30936
TTC7A	8	0.56957	0.8158	0.999995	670	3	-0.24887	0.82812	0.82722	0.999995	824	0	-0.24887
TIMM23	4	0.57093	0.723	0.999995	671	2	-0.36513	0.65535	0.65471	0.999995	662	0	-0.36513
CD72	4	0.57453	0.72563	0.999995	672	2	-0.16173	0.22185	0.22139	0.595605	301	0	-0.16173
KPNA3	4	0.57531	0.72614	0.999995	673	2	-0.21787	0.52781	0.52698	0.999995	551	0	-0.21787
NBEAL2	4	0.5757	0.7265	0.999995	674	2	-0.22007	0.82358	0.82434	0.999995	818	0	-0.22007
XPO7	4	0.57677	0.72735	0.999995	675	2	-0.31148	0.22185	0.22139	0.595605	154	0	-0.31148
BRSK1	4	0.57686	0.72741	0.999995	676	2	-0.28147	0.22185	0.22139	0.595605	261	0	-0.28147
CLTB	4	0.57822	0.72845	0.999995	677	2	-0.34293	0.63195	0.6313	0.999995	643	0	-0.34293
TRAPPC3L	4	0.58063	0.73026	0.999995	678	1	0	0.22185	0.22139	0.595605	121	0	0
SAP30	4	0.58264	0.7318	0.999995	679	2	-0.27707	0.82682	0.82741	0.999995	823	0	-0.27707
TBPL2	4	0.58418	0.73291	0.999995	680	2	-0.18311	0.22185	0.22139	0.595605	191	0	-0.18311
CCNL1	4	0.58446	0.73314	0.999995	681	2	-0.30512	0.80069	0.80086	0.999995	796	0	-0.30512
RPRD1A	4	0.58456	0.73321	0.999995	682	2	-0.31443	0.60139	0.60058	0.999995	616	0	-0.31443
TRPC5	4	0.5861	0.73436	0.999995	683	2	-0.16517	0.22185	0.22139	0.595605	114	0	-0.16517
KRT25	4	0.58763	0.73569	0.999995	684	2	-0.35007	0.59861	0.59796	0.999995	614	0	-0.35007
GDI1	4	0.58917	0.737	0.999995	685	2	-0.15182	0.22185	0.22139	0.595605	360	0	-0.15182
RAP1GAP	4	0.5907	0.73831	0.999995	686	2	-0.30292	0.77923	0.77973	0.999995	771	0	-0.30292
DDX39B	4	0.59337	0.74026	0.999995	687	2	-0.28833	0.22185	0.22139	0.595605	210	0	-0.28833
ERC1	4	0.59487	0.7414	0.999995	688	1	-0.16593	0.22185	0.22139	0.595605	232	0	-0.16593
NCK2	4	0.59528	0.74166	0.999995	689	2	-0.18226	0.22185	0.22139	0.595605	70	0	-0.18226
RHOT1	4	0.59566	0.74194	0.999995	690	2	-0.34218	0.81436	0.81521	0.999995	813	0	-0.34218
SERPINA12	8	0.59615	0.83371	0.999995	691	2	-0.10668	0.39449	0.39517	0.999995	405	0	-0.10668
XDH	4	0.59721	0.7431	0.999995	692	2	-0.22167	0.22185	0.22139	0.595605	156	0	-0.22167
PMM1	4	0.59833	0.7439	0.999995	693	2	-0.23992	0.53772	0.53656	0.999995	561	0	-0.23992
G6PC	4	0.60212	0.7469	0.999995	694	2	-0.3733	0.86421	0.8644	0.999995	852	0	-0.3733
HACD2	4	0.60326	0.74774	0.999995	695	2	-0.37726	0.74301	0.74249	0.999995	739	0	-0.37726
SAMD4A	4	0.60692	0.75023	0.999995	696	2	-0.37938	0.56749	0.56735	0.999995	585	0	-0.37938
RPA3	4	0.60704	0.75032	0.999995	697	2	-0.29748	0.55254	0.55134	0.999995	574	0	-0.29748
ZNF185	4	0.60779	0.75099	0.999995	698	2	-0.16358	0.22185	0.22139	0.595605	135	0	-0.16358
ARFGEF2	4	0.60892	0.75173	0.999995	699	2	-0.3192	0.6648	0.66399	0.999995	674	0	-0.3192
NLRP8	4	0.61005	0.75267	0.999995	700	2	-0.25359	0.54747	0.54636	0.999995	571	0	-0.25359
KIAA0319L	4	0.61238	0.75423	0.999995	701	2	-0.34534	0.6169	0.61614	0.999995	629	0	-0.34534
TANK	4	0.61269	0.75443	0.999995	702	2	-0.227	0.22185	0.22139	0.595605	183	0	-0.227
USP5	4	0.61381	0.75534	0.999995	703	2	-0.22001	0.49437	0.49225	0.999995	518	0	-0.22001
CRNN	4	0.6151	0.75636	0.999995	704	1	-0.24497	0.49548	0.49336	0.999995	520	0	-0.24497
MEP1B	4	0.61531	0.75652	0.999995	705	2	-0.2153	0.22185	0.22139	0.595605	75	0	-0.2153
GIT1	4	0.616	0.75687	0.999995	706	2	-0.21789	0.22185	0.22139	0.595605	389	0	-0.21789
MBD3L1	4	0.61644	0.75733	0.999995	707	2	-0.4484	0.81331	0.81417	0.999995	811	0	-0.4484
CHRNB3	4	0.61779	0.75848	0.999995	708	1	-0.25602	0.22185	0.22139	0.595605	279	0	-0.25602
FXR1	4	0.61868	0.75913	0.999995	709	2	-0.27825	0.6393	0.63849	0.999995	650	0	-0.27825
NRBP1	4	0.61959	0.7597	0.999995	710	1	-0.14627	0.52359	0.52253	0.999995	547	0	-0.14627
CELA2A	4	0.6198	0.75988	0.999995	711	2	-0.26454	0.22185	0.22139	0.595605	282	0	-0.26454
FAM71B	4	0.62017	0.76022	0.999995	712	2	-0.29009	0.22185	0.22139	0.595605	367	0	-0.29009
EFNB1	4	0.62048	0.76053	0.999995	713	2	-0.1903	0.22185	0.22139	0.595605	253	0	-0.1903
ACACB	4	0.62315	0.76255	0.999995	714	2	-0.20008	0.22185	0.22139	0.595605	271	0	-0.20008
UAP1	4	0.62353	0.76282	0.999995	715	2	-0.22819	0.22185	0.22139	0.595605	116	0	-0.22819
ADAM19	4	0.62687	0.76542	0.999995	716	2	-0.30223	0.72032	0.71958	0.999995	722	0	-0.30223
STAM	4	0.62801	0.76609	0.999995	717	1	-0.1057	0.22185	0.22139	0.595605	202	0	-0.1057
CHML	4	0.6302	0.7679	0.999995	718	2	-0.19173	0.22185	0.22139	0.595605	284	0	-0.19173
NBEA	4	0.63057	0.76827	0.999995	719	2	-0.27573	0.22185	0.22139	0.595605	60	0	-0.27573
FNIP2	4	0.63168	0.76914	0.999995	720	2	-0.28419	0.75895	0.75905	0.999995	751	0	-0.28419
IL10RA	4	0.63352	0.77039	0.999995	721	2	-0.17336	0.46325	0.46201	0.999995	485	0	-0.17336
UBASH3B	4	0.63536	0.77173	0.999995	722	2	-0.13937	0.22185	0.22139	0.595605	117	0	-0.13937
FCRL3	4	0.63715	0.77303	0.999995	723	1	-0.11072	0.22185	0.22139	0.595605	369	0	-0.11072
IDH2	4	0.63758	0.77337	0.999995	724	1	-0.19334	0.22185	0.22139	0.595605	321	0	-0.19334
DUOX2	4	0.63973	0.77493	0.999995	725	1	-0.23135	0.74401	0.74355	0.999995	740	0	-0.23135
MYBPHL	4	0.64013	0.77528	0.999995	726	2	-0.25048	0.54082	0.53959	0.999995	564	0	-0.25048
ZFYVE19	4	0.64145	0.77628	0.999995	727	1	-0.26896	0.79173	0.79207	0.999995	783	0	-0.26896
RNF125	4	0.64269	0.77725	0.999995	728	2	-0.20137	0.22185	0.22139	0.595605	46	0	-0.20137
KCNMB3	4	0.64315	0.77764	0.999995	729	1	-0.28693	0.51131	0.50962	0.999995	539	0	-0.28693
TNKS2	4	0.64378	0.77822	0.999995	730	2	-0.29501	0.40488	0.40298	0.999995	415	0	-0.29501
SNRPN	4	0.6457	0.77987	0.999995	731	1	-0.12264	0.22185	0.22139	0.595605	197	0	-0.12264
DDX17	4	0.64887	0.7822	0.999995	732	2	-0.28116	0.22185	0.22139	0.595605	208	0	-0.28116
AXL	4	0.64923	0.78246	0.999995	733	2	-0.28667	0.22185	0.22139	0.595605	264	0	-0.28667
SPATA16	4	0.64996	0.7829	0.999995	734	2	-0.38879	0.52676	0.52589	0.999995	550	0	-0.38879
ERN1	4	0.65076	0.78357	0.999995	735	1	-0.096995	0.22185	0.22139	0.595605	239	0	-0.096995
ADGRG7	4	0.65176	0.7844	0.999995	736	2	-0.26993	0.74068	0.74014	0.999995	736	0	-0.26993
SLC22A13	4	0.65213	0.78466	0.999995	737	2	-0.20529	0.22185	0.22139	0.595605	167	0	-0.20529
NR5A1	4	0.65285	0.78527	0.999995	738	1	-0.079492	0.22185	0.22139	0.595605	100	0	-0.079492
EIF4A3	4	0.65368	0.78596	0.999995	739	1	-0.34751	0.55506	0.55411	0.999995	577	0	-0.34751
STX12	4	0.65573	0.78757	0.999995	740	2	-0.26935	0.88912	0.88895	0.999995	883	0	-0.26935
NAT8L	4	0.65609	0.7878	0.999995	741	2	-0.16142	0.22185	0.22139	0.595605	65	0	-0.16142
EP300	4	0.65753	0.78888	0.999995	742	2	-0.21676	0.22185	0.22139	0.595605	235	0	-0.21676
NDEL1	4	0.66004	0.7908	0.999995	743	2	-0.17767	0.22185	0.22139	0.595605	68	0	-0.17767
SIX6	4	0.66194	0.7924	0.999995	744	1	-0.089863	0.22185	0.22139	0.595605	159	0	-0.089863
DYNLT1	4	0.66317	0.79323	0.999995	745	1	-0.0078046	0.22185	0.22139	0.595605	247	0	-0.0078046
PCBD1	4	0.66325	0.79328	0.999995	746	2	-0.29674	0.22185	0.22139	0.595605	88	0	-0.29674
IQCA1L	4	0.66398	0.7938	0.999995	747	1	-0.14693	0.67365	0.67317	0.999995	683	0	-0.14693
ITGB1BP2	4	0.66432	0.79408	0.999995	748	2	-0.16923	0.22185	0.22139	0.595605	314	0	-0.16923
RPS28	2	0.66861	0.67295	0.999995	749	1	-0.2191	0.588	0.58648	0.999995	605	0	-0.2191
TTC23	4	0.66924	0.79817	0.999995	750	1	-0.23026	0.76833	0.76869	0.999995	763	0	-0.23026
APH1A	4	0.66929	0.79821	0.999995	751	2	-0.2337	0.65824	0.65765	0.999995	666	0	-0.2337
ERO1A	4	0.67085	0.79928	0.999995	752	1	-0.091664	0.22185	0.22139	0.595605	241	0	-0.091664
KRTAP1-1	4	0.67125	0.7996	0.999995	753	1	-0.051966	0.22185	0.22139	0.595605	349	0	-0.051966
STX7	4	0.67142	0.7997	0.999995	754	2	-0.23396	0.22185	0.22139	0.595605	185	0	-0.23396
CREBBP	4	0.67177	0.8	0.999995	755	2	-0.19098	0.42586	0.42408	0.999995	438	0	-0.19098
VPS26B	4	0.67205	0.80021	0.999995	756	1	-0.29686	0.22185	0.22139	0.595605	151	0	-0.29686
FBLN1	4	0.67318	0.8012	0.999995	757	2	-0.22317	0.22185	0.22139	0.595605	368	0	-0.22317
MBTD1	4	0.67365	0.8015	0.999995	758	1	-0.10039	0.22185	0.22139	0.595605	77	0	-0.10039
CRKL	4	0.67643	0.80363	0.999995	759	1	-0.28181	0.22185	0.22139	0.595605	220	0	-0.28181
SLC25A24	4	0.6767	0.80383	0.999995	760	2	-0.29852	0.22185	0.22139	0.595605	168	0	-0.29852
PLD1	4	0.6781	0.80482	0.999995	761	2	-0.23135	0.48209	0.48008	0.999995	507	0	-0.23135
TMEM185B	4	0.6788	0.80537	0.999995	762	2	-0.13471	0.56503	0.56487	0.999995	583	0	-0.13471
EAF2	4	0.67919	0.80569	0.999995	763	1	-0.064981	0.22185	0.22139	0.595605	251	0	-0.064981
MTMR3	4	0.67985	0.80623	0.999995	764	2	-0.23847	0.22185	0.22139	0.595605	79	0	-0.23847
DMP1	4	0.67998	0.80631	0.999995	765	1	-0.20207	0.22185	0.22139	0.595605	216	0	-0.20207
SLC25A15	4	0.68542	0.81063	0.999995	766	2	-0.24435	0.57337	0.57314	0.999995	591	0	-0.24435
GRHL2	4	0.68577	0.8109	0.999995	767	2	-0.26315	0.22185	0.22139	0.595605	380	0	-0.26315
IDH1	4	0.68583	0.81092	0.999995	768	1	-0.12045	0.40676	0.4049	0.999995	417	0	-0.12045
ATP6V1B1	4	0.69121	0.81356	0.999995	769	1	-0.1643	0.59016	0.58968	0.999995	607	0	-0.1643
TGFBR2	4	0.69159	0.81374	0.999995	770	1	-0.27521	0.49493	0.4928	0.999995	519	0	-0.27521
FMR1	4	0.69274	0.81411	0.999995	771	1	-0.22744	0.22185	0.22139	0.595605	371	0	-0.22744
ABCB1	4	0.6935	0.81429	0.999995	772	1	-0.010047	0.22185	0.22139	0.595605	269	0	-0.010047
PLEK2	4	0.69464	0.81463	0.999995	773	1	-0.30425	0.68583	0.68523	0.999995	696	0	-0.30425
CYFIP2	4	0.70028	0.81666	0.999995	774	1	-0.29864	0.82003	0.82079	0.999995	817	0	-0.29864
TIMM23B	4	0.704	0.81775	0.999995	775	1	-0.15968	0.22185	0.22139	0.595605	125	0	-0.15968
GLT6D1	4	0.70585	0.81824	0.999995	776	1	-0.36451	0.61238	0.61189	0.999995	625	0	-0.36451
SLC17A2	4	0.70988	0.81955	0.999995	777	1	0	0.22185	0.22139	0.595605	163	0	0
LRBA	4	0.71388	0.82075	0.999995	778	1	-0.082163	0.54492	0.54363	0.999995	568	0	-0.082163
VPS26A	4	0.71532	0.82116	0.999995	779	1	-0.066627	0.22185	0.22139	0.595605	147	0	-0.066627
DZIP3	4	0.71604	0.82141	0.999995	780	1	-0.14971	0.22185	0.22139	0.595605	244	0	-0.14971
USP13	4	0.71711	0.82181	0.999995	781	1	-0.20343	0.22185	0.22139	0.595605	149	0	-0.20343
GRIP2	4	0.71783	0.82204	0.999995	782	1	-0.23427	0.22185	0.22139	0.595605	378	0	-0.23427
PDGFD	4	0.72174	0.82328	0.999995	783	1	-0.16133	0.22185	0.22139	0.595605	86	0	-0.16133
ADARB2	4	0.72665	0.82489	0.999995	784	1	-0.18485	0.71351	0.71293	0.999995	720	0	-0.18485
REG3A	4	0.73012	0.82586	0.999995	785	1	-0.17645	0.54338	0.54212	0.999995	566	0	-0.17645
TBC1D4	4	0.73731	0.82835	0.999995	786	1	-0.057938	0.41667	0.41485	0.999995	429	0	-0.057938
RPL27A	2	0.73857	0.73726	0.999995	787	1	-0.21125	0.50741	0.50465	0.999995	535	0	-0.21125
LIN28A	3	0.73952	0.77184	0.999995	788	1	-0.23661	0.17149	0.17137	0.595605	20	0	-0.23661
SOS2	4	0.74034	0.82937	0.999995	789	1	-0.16423	0.22185	0.22139	0.595605	196	0	-0.16423
GBP3	4	0.74101	0.82964	0.999995	790	1	-0.1954	0.57822	0.57769	0.999995	596	0	-0.1954
MECP2	4	0.74666	0.83188	0.999995	791	1	-0.15414	0.22185	0.22139	0.595605	74	0	-0.15414
RBMX	3	0.7479	0.77687	0.999995	792	1	-0.057751	0.46211	0.46048	0.999995	483	0	-0.057751
RBPJ	4	0.74961	0.833	0.999995	793	1	-0.14287	0.22185	0.22139	0.595605	43	0	-0.14287
DDX39A	4	0.75059	0.83342	0.999995	794	1	-0.15466	0.22185	0.22139	0.595605	209	0	-0.15466
PTCH2	4	0.75189	0.8338	0.999995	795	1	-0.24708	0.76211	0.76224	0.999995	755	0	-0.24708
ELL2	4	0.75254	0.83401	0.999995	796	1	-0.2897	0.22185	0.22139	0.595605	250	0	-0.2897
SRI	4	0.75383	0.83449	0.999995	797	1	-0.16629	0.22185	0.22139	0.595605	204	0	-0.16629
BECN2	4	0.75447	0.83474	0.999995	798	1	-0.16747	0.71711	0.71637	0.999995	721	0	-0.16747
EPHA3	4	0.75831	0.8362	0.999995	799	1	-0.16288	0.22185	0.22139	0.595605	231	0	-0.16288
EXOC6B	4	0.76022	0.83701	0.999995	800	1	-0.25016	0.22185	0.22139	0.595605	237	0	-0.25016
CBLL2	4	0.76148	0.83736	0.999995	801	1	-0.22752	0.45217	0.45096	0.999995	470	0	-0.22752
MYCN	4	0.76461	0.83859	0.999995	802	1	-0.17425	0.57386	0.57366	0.999995	592	0	-0.17425
FOXA1	4	0.76492	0.83865	0.999995	803	1	-0.18941	0.727	0.72649	0.999995	727	0	-0.18941
MBP	4	0.76648	0.83919	0.999995	804	1	-0.22427	0.22185	0.22139	0.595605	76	0	-0.22427
DEGS1	4	0.77018	0.84074	0.999995	805	1	-0.088804	0.4142	0.41239	0.999995	427	0	-0.088804
KHSRP	4	0.77201	0.84153	0.999995	806	1	-0.255	0.22185	0.22139	0.595605	343	0	-0.255
LNX2	4	0.77322	0.84214	0.999995	807	1	-0.017037	0.22185	0.22139	0.595605	337	0	-0.017037
AHCYL2	4	0.77383	0.84237	0.999995	808	1	-0.092796	0.22185	0.22139	0.595605	267	0	-0.092796
POLD1	4	0.77744	0.84363	0.999995	809	1	-0.16075	0.22185	0.22139	0.595605	26	0	-0.16075
ACACA	4	0.77804	0.84385	0.999995	810	1	-0.28851	0.79986	0.80006	0.999995	794	0	-0.28851
DNAJC19	3	0.77809	0.7968	0.999995	811	1	0	0.17149	0.17137	0.595605	6	0	0
CDS1	4	0.77863	0.84408	0.999995	812	1	-0.19355	0.22185	0.22139	0.595605	298	0	-0.19355
SP110	4	0.781	0.84511	0.999995	813	1	-0.15892	0.45744	0.45595	0.999995	477	0	-0.15892
TMEM120B	4	0.78218	0.8456	0.999995	814	1	-0.13268	0.57239	0.57219	0.999995	590	0	-0.13268
RPL3L	4	0.78394	0.84632	0.999995	815	1	-0.18936	0.65576	0.65515	0.999995	664	0	-0.18936
ENOX1	4	0.7854	0.8468	0.999995	816	1	-0.1241	0.22185	0.22139	0.595605	233	0	-0.1241
CRX	4	0.78598	0.84702	0.999995	817	1	-0.078924	0.22185	0.22139	0.595605	221	0	-0.078924
VRTN	4	0.79002	0.84871	0.999995	818	1	-0.19369	0.55355	0.55248	0.999995	575	0	-0.19369
ATM	4	0.79116	0.84919	0.999995	819	1	-0.13198	0.51775	0.51641	0.999995	543	0	-0.13198
BECN1	4	0.79258	0.84966	0.999995	820	1	-0.29065	0.63715	0.63638	0.999995	649	0	-0.29065
CBLL1	4	0.79792	0.85195	0.999995	821	1	-0.24899	0.58063	0.58025	0.999995	598	0	-0.24899
RPL31	2	0.79817	0.79611	0.999995	822	0	-0.34132	0.52443	0.52152	0.999995	548	0	-0.34132
SPHKAP	4	0.79931	0.85235	0.999995	823	1	-0.036364	0.22185	0.22139	0.595605	194	0	-0.036364
FNIP1	4	0.80096	0.85296	0.999995	824	1	-0.025854	0.22185	0.22139	0.595605	372	0	-0.025854
KRT38	4	0.80151	0.8532	0.999995	825	1	-0.21533	0.64782	0.64709	0.999995	652	0	-0.21533
DPCR1	4	0.80613	0.85521	0.999995	826	1	-0.18518	0.22185	0.22139	0.595605	213	0	-0.18518
DYNLT3	4	0.80667	0.85538	0.999995	827	1	-0.23082	0.22185	0.22139	0.595605	242	0	-0.23082
CAV1	4	0.80962	0.85674	0.999995	828	1	-0.1402	0.22185	0.22139	0.595605	291	0	-0.1402
SMARCA1	4	0.81147	0.85748	0.999995	829	1	-0.12166	0.46786	0.46649	0.999995	492	0	-0.12166
GBX1	4	0.81226	0.85787	0.999995	830	1	-0.19798	0.22185	0.22139	0.595605	363	0	-0.19798
LBX1	4	0.81514	0.85927	0.999995	831	1	-0.068764	0.22185	0.22139	0.595605	346	0	-0.068764
DCAF8L1	4	0.81927	0.86114	0.999995	832	1	-0.10005	0.46383	0.4626	0.999995	486	0	-0.10005
SLITRK1	4	0.81978	0.86135	0.999995	833	1	-0.24423	0.67325	0.67281	0.999995	682	0	-0.24423
RNF2	3	0.82223	0.82876	0.999995	834	1	-0.28849	0.17149	0.17137	0.595605	19	0	-0.28849
RPL21	2	0.82653	0.82501	0.999995	835	0	-0.16509	0.40797	0.40598	0.999995	419	0	-0.16509
TMEM9	4	0.82682	0.86462	0.999995	836	1	-0.1693	0.22185	0.22139	0.595605	123	0	-0.1693
DNAJC15	4	0.82781	0.86508	0.999995	837	1	-0.095285	0.22185	0.22139	0.595605	212	0	-0.095285
CNOT8	3	0.82785	0.8336	0.999995	838	1	-0.24666	0.17149	0.17137	0.595605	12	0	-0.24666
LATS1	4	0.82855	0.86539	0.999995	839	1	-0.063412	0.22185	0.22139	0.595605	351	0	-0.063412
NUMBL	4	0.82879	0.86551	0.999995	840	1	-0.22425	0.80013	0.80035	0.999995	795	0	-0.22425
FKBP10	4	0.83026	0.86625	0.999995	841	1	-0.15024	0.58969	0.58909	0.999995	606	0	-0.15024
TYMS	4	0.83245	0.86734	0.999995	842	1	-0.10236	0.22185	0.22139	0.595605	118	0	-0.10236
RALGPS1	4	0.83437	0.86821	0.999995	843	1	-0.054018	0.22185	0.22139	0.595605	50	0	-0.054018
HMGCL	4	0.83509	0.86856	0.999995	844	1	0	0.22185	0.22139	0.595605	318	0	0
ERC2	4	0.8358	0.86896	0.999995	845	1	-0.1738	0.62625	0.62593	0.999995	635	0	-0.1738
AOX1	4	0.83675	0.86941	0.999995	846	1	-0.16296	0.22185	0.22139	0.595605	275	0	-0.16296
IDH3G	4	0.84098	0.87149	0.999995	847	1	-0.089169	0.22185	0.22139	0.595605	323	0	-0.089169
PCBD2	4	0.8419	0.87195	0.999995	848	1	-0.14644	0.22185	0.22139	0.595605	89	0	-0.14644
NETO2	4	0.84873	0.87537	0.999995	849	1	0	0.22185	0.22139	0.595605	103	0	0
GALNT2	4	0.84895	0.87551	0.999995	850	1	-0.14022	0.22185	0.22139	0.595605	354	0	-0.14022
NOX3	4	0.84918	0.87564	0.999995	851	1	-0.24786	0.66561	0.66495	0.999995	676	0	-0.24786
PAPSS2	4	0.85051	0.87635	0.999995	852	1	-0.19944	0.62359	0.62322	0.999995	634	0	-0.19944
GPR151	4	0.8525	0.87723	0.999995	853	1	-0.055781	0.45393	0.45282	0.999995	473	0	-0.055781
PTPN11	4	0.8549	0.87855	0.999995	854	1	-0.27534	0.4222	0.42036	0.999995	436	0	-0.27534
NUMB	4	0.85598	0.87913	0.999995	855	1	-0.14239	0.63238	0.63173	0.999995	644	0	-0.14239
AQP8	4	0.85663	0.87943	0.999995	856	1	-0.065262	0.22185	0.22139	0.595605	272	0	-0.065262
PLCG1	4	0.85749	0.87989	0.999995	857	1	-0.22623	0.22185	0.22139	0.595605	91	0	-0.22623
ALAS2	4	0.86046	0.8816	0.999995	858	1	-0.14487	0.47016	0.46857	0.999995	494	0	-0.14487
ZG16	4	0.86109	0.8819	0.999995	859	1	-0.3576	0.78627	0.7865	0.999995	776	0	-0.3576
UNC45A	4	0.86172	0.88234	0.999995	860	1	-0.18462	0.4433	0.44191	0.999995	458	0	-0.18462
CD163L1	4	0.86318	0.88311	0.999995	861	1	-0.047848	0.51238	0.51095	0.999995	540	0	-0.047848
STT3A	4	0.8638	0.88343	0.999995	862	1	-0.26035	0.80233	0.80239	0.999995	798	0	-0.26035
PSEN2	4	0.86442	0.88385	0.999995	863	1	-0.21532	0.50806	0.50648	0.999995	536	0	-0.21532
GXYLT2	4	0.8685	0.88626	0.999995	864	1	-0.13349	0.22185	0.22139	0.595605	387	0	-0.13349
MTA3	4	0.8695	0.88682	0.999995	865	1	-0.1136	0.22185	0.22139	0.595605	84	0	-0.1136
PPP2R1B	4	0.87268	0.88867	0.999995	866	1	-0.031039	0.22185	0.22139	0.595605	34	0	-0.031039
SERPINA9	4	0.87366	0.88924	0.999995	867	1	-0.030307	0.43673	0.43509	0.999995	452	0	-0.030307
CADPS2	4	0.87502	0.89015	0.999995	868	1	-0.1402	0.22185	0.22139	0.595605	278	0	-0.1402
INTS6L	4	0.8756	0.89051	0.999995	869	1	-0.063627	0.22185	0.22139	0.595605	303	0	-0.063627
CAB39	4	0.87618	0.89089	0.999995	870	1	-0.019989	0.22185	0.22139	0.595605	262	0	-0.019989
TRIM25	4	0.87714	0.89138	0.999995	871	1	-0.22163	0.22185	0.22139	0.595605	113	0	-0.22163
KCNT2	4	0.87867	0.89231	0.999995	872	1	-0.087897	0.50535	0.50375	0.999995	532	0	-0.087897
ZNF418	4	0.87885	0.89237	0.999995	873	1	-0.15124	0.22185	0.22139	0.595605	144	0	-0.15124
RNF144A	4	0.88018	0.89313	0.999995	874	1	-0.12083	0.22185	0.22139	0.595605	59	0	-0.12083
TBC1D26	2	0.88019	0.87917	0.999995	875	0	-0.10906	0.28112	0.28088	0.753766	395	0	-0.10906
HRH1	4	0.88093	0.89375	0.999995	876	1	-0.01759	0.22185	0.22139	0.595605	317	0	-0.01759
FEZ2	4	0.88149	0.89407	0.999995	877	1	-0.13138	0.60829	0.60772	0.999995	621	0	-0.13138
FAM126A	4	0.88167	0.89419	0.999995	878	1	-0.15801	0.43312	0.4313	0.999995	447	0	-0.15801
ERN2	4	0.88186	0.89425	0.999995	879	1	-0.15312	0.22185	0.22139	0.595605	240	0	-0.15312
SEC23A	4	0.88204	0.89431	0.999995	880	1	-0.14903	0.522	0.52075	0.999995	546	0	-0.14903
PSEN1	4	0.88535	0.89643	0.999995	881	1	-0.24904	0.22185	0.22139	0.595605	29	0	-0.24904
XYLT1	4	0.88662	0.8971	0.999995	882	1	-0.2984	0.22185	0.22139	0.595605	152	0	-0.2984
NDE1	4	0.88698	0.89733	0.999995	883	1	-0.23836	0.22185	0.22139	0.595605	67	0	-0.23836
RYBP	3	0.88834	0.88829	0.999995	884	0	-0.31661	0.17149	0.17137	0.595605	22	0	-0.31661
TREML4	3	0.89088	0.89069	0.999995	885	0	-0.0037905	0.17149	0.17137	0.595605	14	0	-0.0037905
JAG2	4	0.89088	0.89973	0.999995	886	1	-0.12455	0.22185	0.22139	0.595605	310	0	-0.12455
TAS1R2	4	0.89158	0.90011	0.999995	887	1	-0.093381	0.49326	0.49114	0.999995	517	0	-0.093381
CAT	4	0.89245	0.90058	0.999995	888	1	-0.15461	0.22185	0.22139	0.595605	296	0	-0.15461
DMD	4	0.89366	0.9015	0.999995	889	1	-0.25692	0.57434	0.57411	0.999995	593	0	-0.25692
ALG14	4	0.89452	0.90196	0.999995	890	1	-0.22185	0.41852	0.41677	0.999995	431	0	-0.22185
GALNT5	4	0.89722	0.90361	0.999995	891	1	-0.22827	0.75544	0.75546	0.999995	749	0	-0.22827
ZMAT2	4	0.89772	0.90394	0.999995	892	1	-0.067923	0.22185	0.22139	0.595605	136	0	-0.067923
TFDP3	4	0.90118	0.90634	0.999995	893	1	-0.23655	0.84918	0.84975	0.999995	838	0	-0.23655
SPTAN1	4	0.90135	0.90642	0.999995	894	1	-0.25413	0.42768	0.42575	0.999995	441	0	-0.25413
SUV39H1	4	0.90248	0.90715	0.999995	895	1	-0.15095	0.60278	0.60212	0.999995	619	0	-0.15095
PHLDA1	4	0.90344	0.90787	0.999995	896	1	0	0.22185	0.22139	0.595605	95	0	0
TYROBP	4	0.90392	0.90819	0.999995	897	1	-0.10394	0.49713	0.49515	0.999995	523	0	-0.10394
GRIP1	4	0.9044	0.9085	0.999995	898	1	-0.30889	0.84557	0.84623	0.999995	836	0	-0.30889
KRT74	4	0.90456	0.90854	0.999995	899	1	-0.22231	0.22185	0.22139	0.595605	342	0	-0.22231
TBK1	4	0.90471	0.90865	0.999995	900	1	-0.22351	0.22185	0.22139	0.595605	187	0	-0.22351
TBR1	4	0.90644	0.90981	0.999995	901	1	-0.17108	0.22185	0.22139	0.595605	192	0	-0.17108
RCBTB2	4	0.90784	0.91084	0.999995	902	1	-0.11134	0.54441	0.54316	0.999995	567	0	-0.11134
DLL1	4	0.90907	0.91193	0.999995	903	1	-0.13383	0.22185	0.22139	0.595605	215	0	-0.13383
CYP2A6	4	0.90983	0.91248	0.999995	904	1	-0.12698	0.22185	0.22139	0.595605	227	0	-0.12698
YIPF7	4	0.91074	0.91303	0.999995	905	1	-0.15694	0.4713	0.46966	0.999995	496	0	-0.15694
SCN10A	4	0.91312	0.91513	0.999995	906	1	-0.25424	0.22185	0.22139	0.595605	180	0	-0.25424
NKAPL	4	0.91342	0.91536	0.999995	907	1	-0.16705	0.22185	0.22139	0.595605	98	0	-0.16705
ULK2	4	0.91386	0.91565	0.999995	908	1	-0.22482	0.22185	0.22139	0.595605	133	0	-0.22482
DDI1	8	0.91477	0.96758	0.999995	909	1	-0.14389	0.39449	0.39517	0.999995	414	0	-0.14389
RSPH1	4	0.91532	0.91691	0.999995	910	1	-0.088236	0.22185	0.22139	0.595605	32	0	-0.088236
ATP6V1E2	4	0.91618	0.9176	0.999995	911	1	-0.18246	0.22185	0.22139	0.595605	254	0	-0.18246
TOMM20	3	0.91719	0.9168	0.999995	912	0	-0.084573	0.17149	0.17137	0.595605	15	0	-0.084573
CDK16	4	0.91804	0.91923	0.999995	913	1	-0.088712	0.22185	0.22139	0.595605	302	0	-0.088712
CLCA1	4	0.9193	0.92024	0.999995	914	1	-0.23235	0.66112	0.66054	0.999995	669	0	-0.23235
PDLIM5	4	0.91944	0.92039	0.999995	915	1	-0.20353	0.22185	0.22139	0.595605	87	0	-0.20353
ADARB1	4	0.91986	0.92075	0.999995	916	1	-0.087342	0.51988	0.51853	0.999995	545	0	-0.087342
ENOX2	4	0.92014	0.92105	0.999995	917	1	-0.11948	0.22185	0.22139	0.595605	234	0	-0.11948
KLF5	4	0.92055	0.92148	0.999995	918	1	-0.12609	0.22185	0.22139	0.595605	340	0	-0.12609
TIRAP	4	0.92124	0.922	0.999995	919	1	-0.14073	0.54543	0.54407	0.999995	569	0	-0.14073
SBNO2	4	0.92151	0.92222	0.999995	920	1	-0.11471	0.22185	0.22139	0.595605	179	0	-0.11471
DZIP1L	4	0.92233	0.9229	0.999995	921	1	-0.046769	0.22185	0.22139	0.595605	243	0	-0.046769
GOLT1A	4	0.92247	0.92307	0.999995	922	1	-0.086362	0.42646	0.42459	0.999995	439	0	-0.086362
FRS2	4	0.9226	0.92327	0.999995	923	1	-0.13998	0.22185	0.22139	0.595605	356	0	-0.13998
OGDHL	4	0.92274	0.92338	0.999995	924	1	-0.10546	0.22185	0.22139	0.595605	105	0	-0.10546
SMAP2	4	0.92287	0.92351	0.999995	925	1	-0.22947	0.22185	0.22139	0.595605	165	0	-0.22947
FRYL	4	0.92421	0.92465	0.999995	926	1	-0.078811	0.22185	0.22139	0.595605	357	0	-0.078811
TRPC7	4	0.92527	0.92551	0.999995	927	1	-0.22453	0.49104	0.48901	0.999995	515	0	-0.22453
SNX6	4	0.92541	0.92562	0.999995	928	1	-0.20152	0.56946	0.56936	0.999995	587	0	-0.20152
CHSY1	4	0.92606	0.92614	0.999995	929	1	-0.07619	0.22185	0.22139	0.595605	280	0	-0.07619
ATAD2B	4	0.92736	0.92715	0.999995	930	1	-0.15707	0.43071	0.42884	0.999995	444	0	-0.15707
TPBG	4	0.92813	0.92781	0.999995	931	1	-0.1793	0.22185	0.22139	0.595605	130	0	-0.1793
ZNF146	4	0.92928	0.92886	0.999995	932	1	-0.060561	0.22185	0.22139	0.595605	134	0	-0.060561
PIP4P1	4	0.93178	0.93116	0.999995	933	1	-0.24042	0.22185	0.22139	0.595605	96	0	-0.24042
SHCBP1L	4	0.9319	0.93127	0.999995	934	1	-0.27969	0.79958	0.79989	0.999995	793	0	-0.27969
RRAGD	4	0.93276	0.93207	0.999995	935	1	-0.23963	0.85962	0.8599	0.999995	849	0	-0.23963
SUV39H2	3	0.93348	0.93275	0.999995	936	0	-0.10633	0.17149	0.17137	0.595605	10	0	-0.10633
ARHGEF3	4	0.93409	0.93346	0.999995	937	1	-0.19573	0.81901	0.81982	0.999995	815	0	-0.19573
LNX1	4	0.93469	0.93418	0.999995	938	1	-0.10821	0.46209	0.4607	0.999995	482	0	-0.10821
EXOC6	4	0.93622	0.93557	0.999995	939	1	-0.086104	0.22185	0.22139	0.595605	236	0	-0.086104
LMBR1L	4	0.93773	0.93693	0.999995	940	0	-0.12487	0.22185	0.22139	0.595605	330	0	-0.12487
AP2A2	4	0.93785	0.93708	0.999995	941	0	-0.22914	0.83723	0.83754	0.999995	829	0	-0.22914
ARID4A	4	0.93853	0.93773	0.999995	942	0	-0.14799	0.44271	0.44114	0.999995	457	0	-0.14799
RPS7	1	0.93922	0.93931	0.999995	943	0	0	0.060784	0.061512	0.595605	1	0	0
CDK19	8	0.93931	0.97557	0.999995	944	2	-0.17096	0.39449	0.39517	0.999995	406	0	-0.17096
STX17	4	0.93933	0.93868	0.999995	945	0	-0.13542	0.22185	0.22139	0.595605	193	0	-0.13542
SEC11A	4	0.93966	0.93901	0.999995	946	0	-0.14008	0.47302	0.47119	0.999995	498	0	-0.14008
RAD17	3	0.94059	0.93998	0.999995	947	0	-0.1688	0.35396	0.35212	0.940158	397	0	-0.1688
SEC14L3	4	0.94067	0.93999	0.999995	948	0	-0.033406	0.22185	0.22139	0.595605	178	0	-0.033406
KAT6B	4	0.94166	0.9409	0.999995	949	0	-0.22763	0.22185	0.22139	0.595605	327	0	-0.22763
RSC1A1	4	0.94275	0.94198	0.999995	950	0	-0.14577	0.22185	0.22139	0.595605	35	0	-0.14577
JAG1	4	0.94329	0.94253	0.999995	951	0	-0.17638	0.65285	0.6523	0.999995	656	0	-0.17638
SATB1	4	0.94382	0.94308	0.999995	952	0	-0.10494	0.22185	0.22139	0.595605	171	0	-0.10494
TNKS	4	0.94403	0.94335	0.999995	953	0	-0.21466	0.59487	0.5944	0.999995	611	0	-0.21466
NR2E1	4	0.94488	0.94419	0.999995	954	0	-0.088041	0.22185	0.22139	0.595605	99	0	-0.088041
IDH3B	4	0.94498	0.94428	0.999995	955	0	-0.17335	0.22185	0.22139	0.595605	322	0	-0.17335
HRH3	4	0.94684	0.94628	0.999995	956	0	-0.22071	0.22185	0.22139	0.595605	324	0	-0.22071
TAF9B	2	0.94748	0.947	0.999995	957	0	-0.051553	0.11787	0.11787	0.595605	3	0	-0.051553
ATP7B	4	0.95023	0.94985	0.999995	958	0	-0.19992	0.22185	0.22139	0.595605	256	0	-0.19992
STAM2	4	0.95187	0.95154	0.999995	959	0	0	0.22185	0.22139	0.595605	200	0	0
GSX2	4	0.95243	0.95227	0.999995	960	0	-0.11054	0.22185	0.22139	0.595605	381	0	-0.11054
SHMT2	4	0.95492	0.95475	0.999995	961	0	-0.17882	0.22185	0.22139	0.595605	160	0	-0.17882
CHM	4	0.95546	0.95524	0.999995	962	0	-0.095741	0.22185	0.22139	0.595605	283	0	-0.095741
TMEM30B	4	0.95626	0.95604	0.999995	963	0	-0.19483	0.22185	0.22139	0.595605	122	0	-0.19483
CLTCL1	4	0.95652	0.95632	0.999995	964	0	-0.12179	0.22185	0.22139	0.595605	288	0	-0.12179
TTC7B	4	0.9567	0.95645	0.999995	965	0	-0.15096	0.22185	0.22139	0.595605	115	0	-0.15096
UBQLN3	4	0.95679	0.95651	0.999995	966	0	-0.11915	0.70363	0.70332	0.999995	711	0	-0.11915
GOLT1B	4	0.95722	0.95703	0.999995	967	0	-0.099906	0.22185	0.22139	0.595605	393	0	-0.099906
CPS1	4	0.95868	0.95837	0.999995	968	0	-0.13786	0.56897	0.5689	0.999995	586	0	-0.13786
FAM126B	4	0.95977	0.95937	0.999995	969	0	-0.17651	0.45686	0.45541	0.999995	476	0	-0.17651
ZNF521	4	0.9601	0.95981	0.999995	970	0	-0.14802	0.22185	0.22139	0.595605	142	0	-0.14802
MPC1	4	0.96059	0.96034	0.999995	971	0	-0.23648	0.73012	0.72934	0.999995	731	0	-0.23648
MRGPRX2	4	0.96083	0.96054	0.999995	972	0	-0.12542	0.60737	0.60672	0.999995	620	0	-0.12542
MAT1A	4	0.96156	0.96139	0.999995	973	0	-0.18835	0.75026	0.75035	0.999995	746	0	-0.18835
LIF	4	0.96172	0.96154	0.999995	974	0	-0.19252	0.22185	0.22139	0.595605	331	0	-0.19252
FSD1L	4	0.96196	0.96178	0.999995	975	0	-0.18098	0.22185	0.22139	0.595605	352	0	-0.18098
NCK1	4	0.9622	0.96202	0.999995	976	0	-0.14452	0.44092	0.43947	0.999995	455	0	-0.14452
DRD3	4	0.96259	0.96255	0.999995	977	0	-0.16396	0.22185	0.22139	0.595605	229	0	-0.16396
FRY	4	0.96275	0.96268	0.999995	978	0	-0.043965	0.4787	0.47654	0.999995	503	0	-0.043965
HMSD	4	0.96406	0.96387	0.999995	979	0	-0.078626	0.22185	0.22139	0.595605	320	0	-0.078626
NBEAL1	4	0.96459	0.96442	0.999995	980	0	-0.092674	0.22185	0.22139	0.595605	61	0	-0.092674
ARFIP1	4	0.96466	0.96448	0.999995	981	0	-0.14882	0.22185	0.22139	0.595605	274	0	-0.14882
POU5F2	4	0.96496	0.96485	0.999995	982	0	-0.056012	0.22185	0.22139	0.595605	36	0	-0.056012
SLC25A2	4	0.96511	0.96503	0.999995	983	0	-0.11875	0.63064	0.63017	0.999995	641	0	-0.11875
SPOPL	4	0.96578	0.96592	0.999995	984	0	-0.16071	0.22185	0.22139	0.595605	195	0	-0.16071
KRT37	4	0.96593	0.96611	0.999995	985	0	-0.22081	0.67643	0.67594	0.999995	685	0	-0.22081
LDB2	4	0.966	0.96613	0.999995	986	0	-0.1996	0.72978	0.72905	0.999995	730	0	-0.1996
CDK17	4	0.96607	0.96619	0.999995	987	0	-0.025863	0.22185	0.22139	0.595605	297	0	-0.025863
TAF1L	3	0.96678	0.96627	0.999995	988	0	0	0.17149	0.17137	0.595605	11	0	0
ZDHHC17	4	0.9668	0.96691	0.999995	989	0	-0.08903	0.45452	0.45339	0.999995	474	0	-0.08903
GPR183	4	0.96694	0.96701	0.999995	990	0	-0.052392	0.22185	0.22139	0.595605	391	0	-0.052392
PDS5B	4	0.96779	0.96791	0.999995	991	0	-0.20545	0.51507	0.51374	0.999995	542	0	-0.20545
TLN2	4	0.96842	0.96853	0.999995	992	0	-0.092704	0.22185	0.22139	0.595605	126	0	-0.092704
ZNF260	4	0.96862	0.96882	0.999995	993	0	-0.0080491	0.22185	0.22139	0.595605	139	0	-0.0080491
HTR3D	4	0.9689	0.96923	0.999995	994	0	-0.15283	0.62182	0.62137	0.999995	632	0	-0.15283
ITSN1	4	0.96917	0.96942	0.999995	995	0	-0.2398	0.58255	0.58208	0.999995	601	0	-0.2398
RC3H1	4	0.97017	0.97036	0.999995	996	0	-0.088075	0.22185	0.22139	0.595605	44	0	-0.088075
FKBP5	4	0.97024	0.97045	0.999995	997	0	-0.16983	0.22185	0.22139	0.595605	366	0	-0.16983
AMELX	4	0.9705	0.97073	0.999995	998	0	-0.14371	0.4439	0.44257	0.999995	459	0	-0.14371
RTP1	4	0.97077	0.97094	0.999995	999	0	-0.16535	0.61011	0.60958	0.999995	623	0	-0.16535
RAP1GAP2	4	0.97154	0.97174	0.999995	1000	0	-0.14314	0.65783	0.65732	0.999995	665	0	-0.14314
CTCFL	4	0.97249	0.97279	0.999995	1001	0	-0.14155	0.41975	0.41798	0.999995	433	0	-0.14155
ZDHHC13	4	0.97268	0.97301	0.999995	1002	0	-0.11822	0.22185	0.22139	0.595605	137	0	-0.11822
FAM50B	4	0.97298	0.97324	0.999995	1003	0	-0.12738	0.40738	0.40547	0.999995	418	0	-0.12738
IAPP	4	0.97323	0.97354	0.999995	1004	0	-0.24526	0.22185	0.22139	0.595605	326	0	-0.24526
KCNG4	4	0.97329	0.97364	0.999995	1005	0	-0.24184	0.66723	0.6666	0.999995	679	0	-0.24184
CLIP4	4	0.97371	0.97403	0.999995	1006	0	-0.03464	0.22185	0.22139	0.595605	281	0	-0.03464
TCF12	4	0.97395	0.97433	0.999995	1007	0	-0.12667	0.22185	0.22139	0.595605	188	0	-0.12667
SMC1B	4	0.97519	0.9755	0.999995	1008	0	-0.095893	0.22185	0.22139	0.595605	181	0	-0.095893
FLNB	4	0.97536	0.97565	0.999995	1009	0	-0.15661	0.44508	0.4438	0.999995	461	0	-0.15661
TXNDC8	4	0.97542	0.97571	0.999995	1010	0	-0.00088818	0.22185	0.22139	0.595605	120	0	-0.00088818
PPP3CA	4	0.97599	0.97632	0.999995	1011	0	-0.12368	0.22185	0.22139	0.595605	33	0	-0.12368
CLASP2	4	0.9761	0.97642	0.999995	1012	0	-0.10045	0.43131	0.42952	0.999995	445	0	-0.10045
DCAF4L2	4	0.97621	0.97646	0.999995	1013	0	-0.051077	0.22185	0.22139	0.595605	224	0	-0.051077
SEC31A	4	0.97649	0.97664	0.999995	1014	0	-0.085179	0.22185	0.22139	0.595605	176	0	-0.085179
DENND5B	4	0.9766	0.97676	0.999995	1015	0	-0.064163	0.22185	0.22139	0.595605	205	0	-0.064163
SUSD1	4	0.9772	0.97738	0.999995	1016	0	-0.14752	0.22185	0.22139	0.595605	186	0	-0.14752
TPRX1	4	0.97826	0.97849	0.999995	1017	0	-0.12286	0.53927	0.53822	0.999995	563	0	-0.12286
ITSN2	4	0.97847	0.97869	0.999995	1018	0	-0.12751	0.22185	0.22139	0.595605	309	0	-0.12751
IPO8	4	0.97904	0.97932	0.999995	1019	0	-0.066413	0.22185	0.22139	0.595605	305	0	-0.066413
PPP3R1	4	0.97929	0.97948	0.999995	1020	0	-0.042236	0.44805	0.44688	0.999995	466	0	-0.042236
AIPL1	4	0.98052	0.98082	0.999995	1021	0	-0.10436	0.43373	0.43186	0.999995	448	0	-0.10436
IL6ST	4	0.98057	0.98085	0.999995	1022	0	-0.071945	0.22185	0.22139	0.595605	307	0	-0.071945
RPRD1B	4	0.98081	0.98118	0.999995	1023	0	-0.12427	0.43793	0.43639	0.999995	454	0	-0.12427
PRKAB1	4	0.98114	0.98151	0.999995	1024	0	-0.17701	0.22185	0.22139	0.595605	31	0	-0.17701
VANGL1	4	0.98188	0.9823	0.999995	1025	0	-0.1138	0.48937	0.48738	0.999995	513	0	-0.1138
LIMK2	4	0.98269	0.98295	0.999995	1026	0	-0.15722	0.22185	0.22139	0.595605	333	0	-0.15722
ERH	4	0.9845	0.98482	0.999995	1027	0	-0.062675	0.48378	0.48188	0.999995	508	0	-0.062675
MECOM	4	0.98502	0.98535	0.999995	1028	0	-0.099688	0.22185	0.22139	0.595605	73	0	-0.099688
DGAT2L6	4	0.98617	0.98655	0.999995	1029	0	-0.13036	0.22185	0.22139	0.595605	207	0	-0.13036
HTR2C	4	0.98683	0.98727	0.999995	1030	0	-0.14404	0.22185	0.22139	0.595605	325	0	-0.14404
RBBP7	4	0.98722	0.9877	0.999995	1031	0	-0.08252	0.22185	0.22139	0.595605	55	0	-0.08252
RIC8B	4	0.98736	0.98789	0.999995	1032	0	-0.092155	0.22185	0.22139	0.595605	48	0	-0.092155
CYP2C8	4	0.9875	0.98804	0.999995	1033	0	-0.0053681	0.22185	0.22139	0.595605	228	0	-0.0053681
ATP6V1E1	3	0.98771	0.98774	0.999995	1034	0	-0.074191	0.3885	0.38687	0.999995	400	0	-0.074191
TMEM185A	4	0.98804	0.9885	0.999995	1035	0	-0.013359	0.22185	0.22139	0.595605	124	0	-0.013359
NSDHL	4	0.98808	0.98853	0.999995	1036	0	-0.16329	0.22185	0.22139	0.595605	108	0	-0.16329
RANBP6	3	0.98836	0.98841	0.999995	1037	0	-0.037866	0.17149	0.17137	0.595605	8	0	-0.037866
SAR1B	4	0.98857	0.98908	0.999995	1038	0	-0.022691	0.22185	0.22139	0.595605	170	0	-0.022691
CNOT6L	4	0.9896	0.99008	0.999995	1039	0	-0.093986	0.22185	0.22139	0.595605	289	0	-0.093986
MAP4K4	4	0.99058	0.99111	0.999995	1040	0	0	0.22185	0.22139	0.595605	335	0	0
SPTLC3	4	0.99144	0.99191	0.999995	1041	0	-0.086752	0.22185	0.22139	0.595605	203	0	-0.086752
CTNNB1	4	0.9919	0.99236	0.999995	1042	0	-0.0025477	0.22185	0.22139	0.595605	218	0	-0.0025477
GYS2	4	0.99219	0.99262	0.999995	1043	0	-0.1232	0.22185	0.22139	0.595605	388	0	-0.1232
ANXA1	4	0.99292	0.99322	0.999995	1044	0	-0.068228	0.54594	0.54469	0.999995	570	0	-0.068228
PLD2	4	0.99294	0.99322	0.999995	1045	0	-0.062157	0.22185	0.22139	0.595605	93	0	-0.062157
SLC35F4	4	0.99299	0.99323	0.999995	1046	0	-0.04831	0.22185	0.22139	0.595605	166	0	-0.04831
ALAS1	8	0.99505	0.99518	0.999995	1047	1	-0.055608	0.39449	0.39517	0.999995	403	0	-0.055608
FEZ1	4	0.99506	0.99522	0.999995	1048	0	-0.036679	0.22185	0.22139	0.595605	365	0	-0.036679
MPC1L	4	0.99536	0.99557	0.999995	1049	0	-0.015278	0.22185	0.22139	0.595605	82	0	-0.015278
NXT2	4	0.9956	0.99575	0.999995	1050	0	-0.072936	0.22185	0.22139	0.595605	104	0	-0.072936
DYNLRB2	4	0.99676	0.99679	0.999995	1051	0	-0.055778	0.22185	0.22139	0.595605	246	0	-0.055778
NCBP2L	4	0.99695	0.997	0.999995	1052	0	0	0.22185	0.22139	0.595605	69	0	0
RANBP17	4	0.99738	0.99743	0.999995	1053	0	-0.056444	0.22185	0.22139	0.595605	58	0	-0.056444
GPR50	4	0.99809	0.99819	0.999995	1054	0	-0.017079	0.22185	0.22139	0.595605	392	0	-0.017079
G3BP2	4	0.99832	0.99841	0.999995	1055	0	-0.051497	0.22185	0.22139	0.595605	353	0	-0.051497
RC3H2	4	0.99903	0.99921	0.999995	1056	0	0	0.22185	0.22139	0.595605	42	0	0
ARHGEF6	4	0.99958	0.99959	0.999995	1057	0	0	0.22185	0.22139	0.595605	257	0	0
safe_control	74	0.99985	1.0	0.999995	1058	6	-0.029899	0.99035	0.99023	0.999995	1015	0	-0.029899
TP53	4	0.99999	0.99999	0.999995	1059	0	0	0.22185	0.22139	0.595605	132	0	0
ATP7A	4	0.99999	0.99999	0.999995	1060	0	0	0.22185	0.22139	0.595605	255	0	0
