id	num	neg|score	neg|p-value	neg|fdr	neg|rank	neg|goodsgrna	neg|lfc	pos|score	pos|p-value	pos|fdr	pos|rank	pos|goodsgrna	pos|lfc
MYC	16	3.5648e-14	4.6703e-06	0.000354	1	16	-1.5637	1.0	1.0	0.999995	1060	0	-1.5637
RRM1	16	1.4237e-12	4.6703e-06	0.000354	2	15	-1.9597	1.0	1.0	0.999995	1059	0	-1.9597
CCND1	8	9.5707e-09	4.6703e-06	0.000354	3	8	-2.0147	1.0	1.0	0.999995	1058	0	-2.0147
RPP21	8	1.7507e-08	4.6703e-06	0.000354	4	8	-1.4019	1.0	1.0	0.999995	1057	0	-1.4019
POLR2L	8	3.6605e-08	4.6703e-06	0.000354	5	8	-2.6453	1.0	1.0	0.999995	1056	0	-2.6453
COPA	8	5.1478e-08	4.6703e-06	0.000354	6	8	-1.4911	1.0	1.0	0.999995	1055	0	-1.4911
SF3B3	8	6.5386e-08	4.6703e-06	0.000354	7	8	-1.5955	1.0	1.0	0.999995	1054	0	-1.5955
ALDOA	8	8.6731e-08	4.6703e-06	0.000354	8	7	-1.8834	0.99999	1.0	0.999995	1044	0	-1.8834
NAE1	16	1.0549e-07	4.6703e-06	0.000354	9	13	-0.85039	0.95278	0.95271	0.999995	879	0	-0.85039
RPL3	14	1.2518e-07	4.6703e-06	0.000354	10	11	-1.1664	0.71022	0.70968	0.999995	692	0	-1.1664
BUB3	8	2.1616e-07	4.6703e-06	0.000354	11	7	-1.9935	0.99999	1.0	0.999995	1045	0	-1.9935
ATP6V1B2	8	5.7409e-07	4.6703e-06	0.000354	12	8	-1.0362	1.0	1.0	0.999995	1053	0	-1.0362
TOMM40	14	6.9136e-07	1.4011e-05	0.000874	13	9	-1.2646	0.71022	0.70968	0.999995	693	0	-1.2646
PRPF8	8	7.2028e-07	4.6703e-06	0.000354	14	8	-1.62	1.0	1.0	0.999995	1052	0	-1.62
INTS6	6	1.2479e-06	4.6703e-06	0.000354	15	6	-1.8841	1.0	1.0	0.999995	1051	0	-1.8841
KIF11	8	1.7923e-06	1.4011e-05	0.000874	16	8	-1.6903	1.0	1.0	0.999995	1050	0	-1.6903
HSCB	8	2.0291e-06	1.4011e-05	0.000874	17	7	-1.38	0.99591	0.99586	0.999995	965	0	-1.38
NKAP	8	2.1113e-06	2.3351e-05	0.001238	18	8	-1.1066	1.0	1.0	0.999995	1049	0	-1.1066
RPS19	8	2.2779e-06	2.3351e-05	0.001238	19	8	-1.3206	1.0	1.0	0.999995	1048	0	-1.3206
NAA10	8	2.5374e-06	3.2692e-05	0.001386	20	8	-1.5844	1.0	1.0	0.999995	1047	0	-1.5844
HUS1	8	2.9178e-06	3.2692e-05	0.001386	21	7	-1.394	0.9986	0.99855	0.999995	990	0	-1.394
E2F3	7	3.0866e-06	3.2692e-05	0.001386	22	6	-1.3105	0.96114	0.9609	0.999995	890	0	-1.3105
RPS11	7	3.3102e-06	3.2692e-05	0.001386	23	7	-1.5838	1.0	1.0	0.999995	1046	0	-1.5838
CKAP5	16	3.6398e-06	2.3351e-05	0.001238	24	11	-1.1949	0.99735	0.99774	0.999995	978	0	-1.1949
TOMM22	7	7.0328e-06	4.2033e-05	0.001714	25	7	-0.79428	0.99999	1.0	0.999995	1042	0	-0.79428
ERH	8	7.0848e-06	5.1373e-05	0.001878	26	5	-1.5825	0.84398	0.84348	0.999995	771	0	-1.5825
CHORDC1	6	7.3297e-06	3.2692e-05	0.001386	27	6	-1.1901	0.99999	1.0	0.999995	1041	0	-1.1901
DYNLRB1	7	9.0939e-06	5.1373e-05	0.001878	28	7	-1.3739	0.99999	1.0	0.999995	1040	0	-1.3739
RBBP4	7	9.6173e-06	5.1373e-05	0.001878	29	6	-2.4952	0.97476	0.97466	0.999995	913	0	-2.4952
RNF113A	8	9.7104e-06	6.0714e-05	0.002076	30	7	-1.2671	0.50726	0.50765	0.780993	62	0	-1.2671
SF3B1	8	1.173e-05	8.8735e-05	0.00285	31	7	-1.4878	0.88516	0.88486	0.999995	817	0	-1.4878
PPP2CA	16	1.2028e-05	0.00011676	0.003257	32	11	-0.80886	0.75721	0.75608	0.999995	705	0	-0.80886
RPL8	8	1.2741e-05	9.8076e-05	0.003058	33	6	-2.1454	0.85378	0.85356	0.999995	782	0	-2.1454
DHX9	6	1.3789e-05	7.9395e-05	0.00263	34	6	-1.0597	0.99999	0.99999	0.999995	1037	0	-1.0597
RRM2	7	1.4184e-05	6.0714e-05	0.002076	35	5	-1.5348	0.74393	0.74262	0.999995	695	0	-1.5348
MTG2	8	1.4997e-05	0.00010742	0.003253	36	7	-1.0702	0.99998	1.0	0.999995	1035	0	-1.0702
AKIRIN2	8	1.6605e-05	0.00011676	0.003257	37	7	-1.2943	0.99997	0.99998	0.999995	1032	0	-1.2943
MED12	8	1.667e-05	0.00011676	0.003257	38	6	-1.3856	0.99943	0.99929	0.999995	1002	0	-1.3856
RPL14	6	1.8556e-05	0.0001261	0.003418	39	5	-2.3529	0.99952	0.99953	0.999995	1004	0	-2.3529
TOP1	8	2.1801e-05	0.00015412	0.003799	40	7	-1.0078	0.99996	0.99996	0.999995	1030	0	-1.0078
RPL13	6	2.3828e-05	0.00013544	0.003418	41	6	-1.71	0.99998	0.99998	0.999995	1034	0	-1.71
RPS23	6	2.4025e-05	0.00013544	0.003418	42	6	-1.6816	0.99998	0.99998	0.999995	1033	0	-1.6816
CDIPT	8	2.5089e-05	0.00019148	0.004613	43	7	-1.42	0.50726	0.50765	0.780993	385	0	-1.42
PRPF38A	8	2.6363e-05	0.00021016	0.004843	44	6	-1.5401	0.50726	0.50765	0.780993	74	0	-1.5401
VCP	8	2.6969e-05	0.00021016	0.004843	45	5	-2.0522	0.95251	0.95195	0.999995	877	0	-2.0522
PSMB3	7	2.9017e-05	0.00013544	0.003418	46	6	-1.1225	0.99994	0.99997	0.999995	1024	0	-1.1225
SMC1A	8	3.9997e-05	0.00028489	0.006425	47	7	-0.76596	0.99999	1.0	0.999995	1043	0	-0.76596
ASF1B	16	4.0271e-05	0.00036895	0.007521	48	11	-0.78255	0.75721	0.75608	0.999995	701	0	-0.78255
FAM50A	8	4.3358e-05	0.00030357	0.006704	49	6	-1.0747	0.95509	0.95431	0.999995	881	0	-1.0747
KAT6A	8	4.5815e-05	0.00032225	0.006971	50	7	-0.83714	0.99975	0.99969	0.999995	1010	0	-0.83714
TIMM10	8	4.8017e-05	0.00033159	0.00703	51	6	-1.2462	0.99998	1.0	0.999995	1036	0	-1.2462
CDK2	8	5.0347e-05	0.00034093	0.007086	52	7	-1.3455	0.98688	0.98673	0.999995	939	0	-1.3455
MED18	16	5.3816e-05	0.0004717	0.008621	53	9	-0.90355	0.96007	0.96006	0.999995	889	0	-0.90355
MRPL38	8	5.864e-05	0.00041565	0.008011	54	7	-0.98471	0.81766	0.81773	0.999995	743	0	-0.98471
PPP4C	8	6.0271e-05	0.00041565	0.008011	55	6	-1.4485	0.99983	0.99974	0.999995	1015	0	-1.4485
ACTL6A	8	6.3435e-05	0.00044368	0.008251	56	6	-1.6245	0.90493	0.9043	0.999995	834	0	-1.6245
PDCD6IP	8	6.3978e-05	0.00044368	0.008251	57	7	-1.1265	0.99996	0.99996	0.999995	1031	0	-1.1265
GAPDH	8	7.529e-05	0.00049972	0.008978	58	7	-1.0666	0.99982	0.99973	0.999995	1013	0	-1.0666
TRAPPC3	8	7.7745e-05	0.00050906	0.008993	59	7	-1.1451	0.8287	0.82857	0.999995	753	0	-1.1451
ABT1	8	8.4848e-05	0.00054642	0.009342	60	7	-1.0785	0.99599	0.99594	0.999995	966	0	-1.0785
VMP1	8	8.552e-05	0.00054642	0.009342	61	7	-1.1143	0.99733	0.9973	0.999995	977	0	-1.1143
SF3A1	8	8.5863e-05	0.00055576	0.009351	62	6	-1.0858	0.50726	0.50765	0.780993	315	0	-1.0858
CCT6A	7	8.8606e-05	0.00040631	0.008011	63	6	-1.5949	0.99511	0.99478	0.999995	962	0	-1.5949
ILF3	8	0.00010815	0.00063983	0.010265	64	6	-0.99269	0.93659	0.93581	0.999995	862	0	-0.99269
RPL36	8	0.00011039	0.00063983	0.010265	65	6	-0.94768	0.9992	0.99908	0.999995	1000	0	-0.94768
RIC8A	8	0.00011631	0.00065851	0.010265	66	5	-1.4527	0.99988	0.99985	0.999995	1018	0	-1.4527
PRKDC	16	0.00012449	0.0011162	0.01479	67	9	-0.80742	0.75721	0.75608	0.999995	704	0	-0.80742
NXT1	8	0.00012752	0.00070521	0.010382	68	5	-1.2901	0.99981	0.99972	0.999995	1012	0	-1.2901
RPL11	7	0.00012841	0.0005651	0.00936	69	6	-1.835	0.99819	0.99818	0.999995	981	0	-1.835
PMPCB	8	0.00012907	0.00070521	0.010382	70	6	-1.2543	0.97516	0.97454	0.999995	914	0	-1.2543
SBNO1	8	0.00012971	0.00070521	0.010382	71	6	-1.1108	0.99988	0.99985	0.999995	1017	0	-1.1108
RPS8	5	0.00013196	0.00064917	0.010265	72	4	-2.4076	0.96884	0.9692	0.999995	902	0	-2.4076
GDI2	16	0.00013825	0.0012096	0.0155	73	10	-0.72098	0.75721	0.75608	0.999995	700	0	-0.72098
LONP1	8	0.00013847	0.00073323	0.010647	74	6	-1.4975	0.50726	0.50765	0.780993	576	0	-1.4975
SMARCA4	8	0.00015172	0.00082664	0.011841	75	6	-1.0166	0.50726	0.50765	0.780993	294	0	-1.0166
HMGCS1	7	0.00015692	0.00068653	0.010382	76	6	-1.5249	0.99995	0.99997	0.999995	1027	0	-1.5249
SIN3A	8	0.00016616	0.00090136	0.012739	77	6	-0.92617	0.99993	0.99994	0.999995	1021	0	-0.92617
TOP2A	8	0.00017257	0.00095741	0.013353	78	6	-1.4048	0.99999	1.0	0.999995	1038	0	-1.4048
CDS2	8	0.00018513	0.0010228	0.014026	79	6	-1.027	0.50726	0.50765	0.780993	382	0	-1.027
NUTF2	7	0.00020591	0.0010321	0.014026	80	4	-1.8179	0.97813	0.97827	0.999995	917	0	-1.8179
SNRPD3	8	0.00021443	0.0011162	0.01479	81	6	-1.3838	0.50726	0.50765	0.780993	289	0	-1.3838
CLNS1A	7	0.00023601	0.0012189	0.0155	82	5	-1.5235	0.99965	0.9997	0.999995	1007	0	-1.5235
RFC2	8	0.00023668	0.0012003	0.0155	83	6	-1.3099	0.50726	0.50765	0.780993	86	0	-1.3099
ASF1A	8	0.00024189	0.0012283	0.0155	84	6	-1.3537	0.99271	0.99264	0.999995	954	0	-1.3537
KIF20A	16	0.00025022	0.0019382	0.02246	85	10	-0.66256	0.75721	0.75608	0.999995	712	0	-0.66256
RPL10A	7	0.00027825	0.0014525	0.018113	86	5	-1.4696	0.99956	0.99962	0.999995	1005	0	-1.4696
SF3B5	8	0.00032549	0.00177	0.021304	87	5	-1.3062	0.99887	0.99887	0.999995	996	0	-1.3062
SOD1	8	0.00032573	0.00177	0.021304	88	6	-1.2886	0.99523	0.99524	0.999995	963	0	-1.2886
SF3B2	8	0.00032847	0.0017794	0.021304	89	6	-1.1702	0.9971	0.99697	0.999995	974	0	-1.1702
RNF40	8	0.00032933	0.0017887	0.021304	90	5	-1.2362	0.99835	0.99833	0.999995	983	0	-1.2362
KIF4A	8	0.00036432	0.0020035	0.02246	91	6	-1.124	0.9985	0.99846	0.999995	984	0	-1.124
NCBP2	8	0.00036811	0.0020129	0.02246	92	4	-0.95751	0.50726	0.50765	0.780993	116	0	-0.95751
ELL	8	0.00037033	0.0020129	0.02246	93	6	-1.1419	0.99707	0.99694	0.999995	973	0	-1.1419
ATP6V1C1	8	0.00038574	0.0020876	0.022782	94	6	-1.0726	0.99986	0.99978	0.999995	1016	0	-1.0726
NAA15	8	0.00039363	0.0021343	0.022852	95	6	-0.78298	0.92055	0.91998	0.999995	848	0	-0.78298
RPL31	5	0.00039386	0.0019662	0.02246	96	4	-2.1609	0.99961	0.9996	0.999995	1006	0	-2.1609
PKM	6	0.00040884	0.0019195	0.02246	97	5	-1.1072	0.7886	0.78983	0.999995	722	0	-1.1072
TUFM	7	0.00041458	0.0021063	0.022782	98	5	-1.2303	0.84042	0.83904	0.999995	769	0	-1.2303
XAB2	8	0.0004181	0.0022651	0.023733	99	6	-0.93509	0.9985	0.99846	0.999995	985	0	-0.93509
NRBP1	8	0.00041999	0.0022744	0.023733	100	4	-0.9934	0.50726	0.50765	0.780993	177	0	-0.9934
SF1	8	0.00043714	0.0023305	0.023983	101	6	-1.1811	0.85788	0.85768	0.999995	784	0	-1.1811
RPS3	6	0.00043879	0.0020876	0.022782	102	5	-1.0736	0.41189	0.41252	0.780993	16	0	-1.0736
PCGF1	8	0.00046545	0.0023959	0.024419	103	5	-0.58827	0.50726	0.50765	0.780993	184	0	-0.58827
ADSS	7	0.00046931	0.0022838	0.023733	104	5	-1.3602	0.95871	0.95826	0.999995	886	0	-1.3602
MAT2A	8	0.00048379	0.0024332	0.024564	105	6	-0.99485	0.99883	0.99882	0.999995	995	0	-0.99485
WDR12	8	0.00050306	0.0025079	0.024798	106	6	-1.0568	0.99852	0.99847	0.999995	986	0	-1.0568
MED20	8	0.00051072	0.0025266	0.024798	107	6	-1.2492	0.99983	0.99974	0.999995	1014	0	-1.2492
PPP2R1A	8	0.00052769	0.0026107	0.025388	108	5	-1.1781	0.79371	0.79354	0.999995	726	0	-1.1781
RAN	7	0.00053256	0.0024893	0.024798	109	5	-1.5986	0.96387	0.96386	0.999995	893	0	-1.5986
ATP7A	8	0.00058122	0.0028816	0.027768	110	6	-0.90585	0.9958	0.99574	0.999995	964	0	-0.90585
DDX5	8	0.00061702	0.0030684	0.029302	111	6	-1.1072	0.97653	0.97592	0.999995	915	0	-1.1072
MED13	8	0.00068147	0.0032739	0.030985	112	6	-0.76149	0.99951	0.99942	0.999995	1003	0	-0.76149
DDI2	8	0.00071181	0.0035447	0.032932	113	6	-1.0995	0.50726	0.50765	0.780993	426	0	-1.0995
PTTG1	7	0.00074076	0.0034513	0.032375	114	5	-0.94143	0.99483	0.99451	0.999995	961	0	-0.94143
CLTC	8	0.00075395	0.0036381	0.033245	115	6	-1.0209	0.99999	1.0	0.999995	1039	0	-1.0209
INTS2	8	0.00078966	0.0037969	0.034323	116	6	-0.96178	0.98997	0.98983	0.999995	949	0	-0.96178
SEPHS1	7	0.00079187	0.0035728	0.032932	117	4	-1.467	0.98608	0.98573	0.999995	938	0	-1.467
AHCYL1	8	0.00080944	0.003853	0.034323	118	6	-0.77845	0.50726	0.50765	0.780993	478	0	-0.77845
LSM4	8	0.00081156	0.0038717	0.034323	119	5	-1.0834	0.50726	0.50765	0.780993	592	0	-1.0834
MED8	8	0.00081361	0.0038857	0.034323	120	4	-1.0842	0.95503	0.95424	0.999995	880	0	-1.0842
RPS5	8	0.00083109	0.0039744	0.034653	121	5	-1.1138	0.50726	0.50765	0.780993	76	0	-1.1138
UTP14A	8	0.00084298	0.0040024	0.034653	122	5	-1.0346	0.50726	0.50765	0.780993	257	0	-1.0346
CAND1	8	0.00085501	0.0040211	0.034653	123	6	-0.98688	0.99935	0.99923	0.999995	1001	0	-0.98688
PFAS	8	0.00090193	0.0042453	0.03629	124	6	-0.75308	0.79277	0.79268	0.999995	725	0	-0.75308
RPRD1B	8	0.00092078	0.0043387	0.036792	125	6	-0.83481	0.99995	0.99995	0.999995	1025	0	-0.83481
XPO7	8	0.00097261	0.0044881	0.037538	126	6	-0.79984	0.50726	0.50765	0.780993	268	0	-0.79984
HNRNPH1	8	0.001019	0.0046376	0.038405	127	5	-1.0939	0.50726	0.50765	0.780993	561	0	-1.0939
SNRPD2	6	0.0010349	0.0044975	0.037538	128	4	-1.2312	0.98301	0.98291	0.999995	928	0	-1.2312
POLR2F	8	0.0010377	0.0047403	0.038952	129	4	-1.0867	0.91216	0.91161	0.999995	840	0	-1.0867
CDK7	7	0.0010949	0.0048991	0.039642	130	5	-1.3931	0.98553	0.9852	0.999995	935	0	-1.3931
CTR9	8	0.0010998	0.0050486	0.040542	131	5	-1.1014	0.99972	0.99965	0.999995	1008	0	-1.1014
ZNF407	8	0.0011575	0.0052354	0.041414	132	6	-0.85016	0.99995	0.99995	0.999995	1026	0	-0.85016
RPL15	5	0.0011971	0.0047964	0.039109	133	3	-1.7733	0.99626	0.99649	0.999995	968	0	-1.7733
RPL17	6	0.0011996	0.0051326	0.040907	134	4	-1.1578	0.94023	0.94099	0.999995	866	0	-1.1578
POLR2B	8	0.0012318	0.0055436	0.043528	135	6	-0.97875	0.50726	0.50765	0.780993	166	0	-0.97875
TRRAP	8	0.001256	0.0056464	0.044008	136	6	-0.89227	0.50726	0.50765	0.780993	196	0	-0.89227
GTF3C1	8	0.0012972	0.0059266	0.045196	137	6	-0.81931	0.99993	0.99994	0.999995	1022	0	-0.81931
TCERG1	8	0.0013524	0.0061321	0.046429	138	6	-0.77628	0.9936	0.99356	0.999995	957	0	-0.77628
RPL19	6	0.0013528	0.0058332	0.045021	139	4	-1.2965	0.41189	0.41252	0.780993	6	0	-1.2965
PFN1	7	0.001365	0.0058612	0.045021	140	5	-0.93867	0.46168	0.46167	0.780993	36	0	-0.93867
MRPL41	8	0.0013829	0.0062722	0.047153	141	6	-0.84149	0.97457	0.97386	0.999995	912	0	-0.84149
SFPQ	8	0.0013958	0.0063469	0.047378	142	4	-0.74798	0.93309	0.93231	0.999995	857	0	-0.74798
HNRNPK	7	0.0014942	0.0064683	0.047947	143	5	-0.90559	0.46168	0.46167	0.780993	31	0	-0.90559
USP5	8	0.0015389	0.0069914	0.051465	144	4	-0.98499	0.50726	0.50765	0.780993	264	0	-0.98499
TUBB	6	0.0016872	0.0071222	0.052066	145	5	-1.0576	0.41189	0.41252	0.780993	12	0	-1.0576
RPL37A	5	0.0018333	0.0071969	0.052251	146	4	-1.4744	0.97116	0.97134	0.999995	906	0	-1.4744
RPA1	8	0.0018403	0.0082524	0.059507	147	5	-0.90495	0.99993	0.99994	0.999995	1020	0	-0.90495
SPTLC2	8	0.0019976	0.0087568	0.062717	148	5	-0.88673	0.87767	0.87691	0.999995	809	0	-0.88673
BAP1	8	0.0020992	0.0091117	0.064822	149	4	-0.72589	0.9834	0.98318	0.999995	930	0	-0.72589
EEFSEC	8	0.002134	0.0092612	0.065446	150	4	-0.97389	0.83088	0.83072	0.999995	758	0	-0.97389
STT3B	8	0.0021485	0.0093265	0.065471	151	5	-1.005	0.99978	0.99971	0.999995	1011	0	-1.005
TAMM41	8	0.0023689	0.010139	0.070707	152	5	-0.89881	0.50726	0.50765	0.780993	320	0	-0.89881
RPA3	8	0.0025011	0.010475	0.072575	153	5	-0.76441	0.50726	0.50765	0.780993	97	0	-0.76441
PSMA2	8	0.0025318	0.01055	0.072618	154	4	-0.88617	0.50726	0.50765	0.780993	70	0	-0.88617
EIF4A3	8	0.0027806	0.011316	0.077387	155	5	-0.86723	0.8933	0.89309	0.999995	825	0	-0.86723
CRKL	8	0.0028772	0.011624	0.078986	156	4	-0.85497	0.84287	0.84246	0.999995	770	0	-0.85497
FANCM	8	0.0029207	0.011746	0.079303	157	5	-1.0416	0.99865	0.99859	0.999995	991	0	-1.0416
RBM22	8	0.0029953	0.011961	0.080242	158	5	-0.78043	0.85045	0.8503	0.999995	780	0	-0.78043
DDX39B	8	0.0030375	0.012082	0.080547	159	5	-0.88426	0.9654	0.96494	0.999995	898	0	-0.88426
THRAP3	7	0.0032777	0.013651	0.090439	160	5	-0.85514	0.99994	0.99997	0.999995	1023	0	-0.85514
CNOT7	7	0.0037316	0.015239	0.099713	161	4	-1.0808	0.96272	0.96251	0.999995	892	0	-1.0808
RPP14	8	0.0039292	0.015379	0.100012	162	4	-0.88284	0.50726	0.50765	0.780993	59	0	-0.88284
RYBP	7	0.0039891	0.01636	0.105581	163	5	-0.7825	0.89444	0.89306	0.999995	826	0	-0.7825
TNPO1	6	0.003998	0.01438	0.094674	164	4	-1.1651	0.98844	0.98848	0.999995	947	0	-1.1651
RBMX	7	0.0041394	0.016911	0.107986	165	4	-1.0386	0.85795	0.85655	0.999995	785	0	-1.0386
FARS2	8	0.0043393	0.017145	0.108822	166	4	-0.71801	0.50726	0.50765	0.780993	651	0	-0.71801
PDS5A	8	0.0044561	0.017612	0.111121	167	5	-0.93821	0.50726	0.50765	0.780993	171	0	-0.93821
ATR	8	0.0048616	0.019031	0.119249	168	5	-0.80609	0.90901	0.90822	0.999995	837	0	-0.80609
DGKZ	6	0.0054654	0.019125	0.119249	169	4	-0.99957	0.95885	0.95892	0.999995	887	0	-0.99957
INCENP	8	0.0057091	0.022095	0.136964	170	4	-0.69147	0.50726	0.50765	0.780993	540	0	-0.69147
RPS15	4	0.0059925	0.016435	0.105581	171	3	-1.5367	0.97924	0.97878	0.999995	920	0	-1.5367
GFM1	8	0.0060597	0.023459	0.143736	172	5	-0.86007	0.50726	0.50765	0.780993	677	0	-0.86007
EIF3J	7	0.0061646	0.023412	0.143736	173	4	-0.9333	0.94957	0.94908	0.999995	873	0	-0.9333
MDM4	8	0.0062914	0.024384	0.148034	174	5	-0.79452	0.99637	0.99628	0.999995	969	0	-0.79452
SNAPC4	8	0.0067829	0.026112	0.157263	175	5	-0.69821	0.50726	0.50765	0.780993	288	0	-0.69821
G3BP2	8	0.006861	0.026429	0.158276	176	5	-0.71715	0.999	0.99895	0.999995	998	0	-0.71715
SAFB2	8	0.0070791	0.027158	0.161725	177	5	-0.69572	0.99996	0.99995	0.999995	1028	0	-0.69572
TBP	8	0.0073024	0.027802	0.164639	178	5	-0.71433	0.99904	0.99899	0.999995	999	0	-0.71433
CPSF3	8	0.0074212	0.028148	0.165759	179	5	-0.7808	0.99996	0.99996	0.999995	1029	0	-0.7808
MED31	8	0.007573	0.028671	0.167907	180	5	-0.68454	0.96481	0.96439	0.999995	896	0	-0.68454
RNF20	8	0.0079379	0.02996	0.174491	181	4	-0.7987	0.50726	0.50765	0.780993	90	0	-0.7987
POLR2A	8	0.0081454	0.030604	0.177271	182	4	-0.73965	0.99871	0.99869	0.999995	992	0	-0.73965
MED23	8	0.0083386	0.031211	0.17883	183	5	-0.70218	0.99641	0.99633	0.999995	970	0	-0.70218
RING1	8	0.0083613	0.031296	0.17883	184	5	-0.75674	0.50726	0.50765	0.780993	57	0	-0.75674
SKA1	8	0.0083827	0.03138	0.17883	185	4	-0.71951	0.50726	0.50765	0.780993	311	0	-0.71951
ANAPC4	8	0.0088113	0.032902	0.185986	186	3	-0.57965	0.99732	0.99729	0.999995	976	0	-0.57965
FZR1	8	0.0090634	0.033649	0.188721	187	5	-0.66699	0.50726	0.50765	0.780993	628	0	-0.66699
CBLL1	8	0.009174	0.033967	0.1895	188	4	-0.77162	0.50726	0.50765	0.780993	504	0	-0.77162
RPL18A	3	0.009218	0.02444	0.148034	189	2	-1.7228	0.98509	0.98498	0.999995	934	0	-1.7228
EIF3B	8	0.009315	0.034471	0.191307	190	5	-0.61337	0.95843	0.95765	0.999995	885	0	-0.61337
PSMC3	8	0.0096026	0.035592	0.19548	191	4	-0.68988	0.95727	0.95642	0.999995	884	0	-0.68988
NAPA	8	0.0099349	0.036648	0.199264	192	4	-0.52686	0.94965	0.94925	0.999995	874	0	-0.52686
RIC8B	8	0.0099366	0.036657	0.199264	193	5	-0.68753	0.91797	0.91726	0.999995	845	0	-0.68753
AFG3L2	6	0.010058	0.032986	0.185986	194	3	-0.86557	0.99186	0.99192	0.999995	952	0	-0.86557
XRCC6	7	0.010275	0.035293	0.194848	195	3	-0.48275	0.99824	0.99823	0.999995	982	0	-0.48275
FANCF	8	0.010303	0.038161	0.20638	196	5	-0.66364	0.93515	0.93442	0.999995	860	0	-0.66364
NMT1	8	0.01097	0.040393	0.217344	197	4	-0.70801	0.99023	0.99008	0.999995	950	0	-0.70801
MED13L	8	0.011177	0.041103	0.220047	198	5	-0.65365	0.99974	0.99968	0.999995	1009	0	-0.65365
ATP6V1D	8	0.012425	0.044606	0.236411	199	4	-0.75362	0.97207	0.97128	0.999995	907	0	-0.75362
COPZ1	8	0.012993	0.046119	0.243215	200	4	-0.57612	0.50726	0.50765	0.780993	366	0	-0.57612
GATAD2A	8	0.013283	0.046773	0.245442	201	4	-0.69839	0.50726	0.50765	0.780993	680	0	-0.69839
KPNA2	7	0.013387	0.043289	0.230584	202	4	-0.80233	0.98938	0.98918	0.999995	948	0	-0.80233
IMPDH2	8	0.015163	0.051424	0.267205	203	4	-0.62674	0.85204	0.85206	0.999995	781	0	-0.62674
MTHFD1	8	0.015578	0.052471	0.271311	204	4	-0.74535	0.99726	0.99719	0.999995	975	0	-0.74535
RPL5	7	0.01619	0.050789	0.265205	205	4	-0.60583	0.46168	0.46167	0.780993	46	0	-0.60583
ATP6V1E1	7	0.018083	0.05588	0.287537	206	3	-0.47154	0.46168	0.46167	0.780993	22	0	-0.47154
COPG1	8	0.021798	0.067911	0.346082	207	4	-0.51763	0.50726	0.50765	0.780993	365	0	-0.51763
TAF1	8	0.022563	0.069835	0.352499	208	4	-0.52431	0.50726	0.50765	0.780993	321	0	-0.52431
DHX29	7	0.025619	0.075607	0.379827	209	4	-0.65956	0.46168	0.46167	0.780993	38	0	-0.65956
MRPL55	8	0.027351	0.081473	0.405453	210	3	-0.42012	0.50726	0.50765	0.780993	147	0	-0.42012
LDB1	16	0.028807	0.11148	0.532312	211	7	-0.59226	0.99992	0.99989	0.999995	1019	0	-0.59226
RPL6	3	0.02974	0.057393	0.293897	212	2	-1.1233	0.58874	0.58805	0.903379	690	0	-1.1233
IPO7	7	0.032359	0.093149	0.457119	213	4	-0.59303	0.97668	0.97659	0.999995	916	0	-0.59303
BUB1B	8	0.033661	0.096147	0.469658	214	3	-0.47174	0.95673	0.95589	0.999995	883	0	-0.47174
RPL27A	4	0.034235	0.077699	0.388497	215	1	-0.28441	0.91958	0.91954	0.999995	846	0	-0.28441
MORF4L1	6	0.034638	0.0886	0.438859	216	3	-0.67801	0.72883	0.72989	0.999995	694	0	-0.67801
RSBN1L	8	0.035906	0.10135	0.492801	217	4	-0.57643	0.98494	0.98488	0.999995	933	0	-0.57643
RAD17	6	0.036359	0.091944	0.453304	218	3	-0.49328	0.41189	0.41252	0.780993	7	0	-0.49328
RPS28	3	0.037408	0.069517	0.352499	219	1	-0.40156	0.84908	0.84923	0.999995	778	0	-0.40156
ZMAT2	8	0.039409	0.10962	0.530562	220	4	-0.47094	0.50726	0.50765	0.780993	238	0	-0.47094
TACC3	8	0.039992	0.11084	0.532312	221	4	-0.5463	0.99273	0.99266	0.999995	955	0	-0.5463
ARID1A	8	0.040173	0.11127	0.532312	222	4	-0.61004	0.98762	0.98749	0.999995	945	0	-0.61004
SNRPB	8	0.040955	0.11298	0.537029	223	4	-0.54701	0.50726	0.50765	0.780993	290	0	-0.54701
ZWILCH	8	0.045103	0.12296	0.579296	224	4	-0.55791	0.50726	0.50765	0.780993	248	0	-0.55791
BZW2	8	0.046229	0.12567	0.589437	225	4	-0.6302	0.99876	0.99873	0.999995	994	0	-0.6302
WASL	8	0.047372	0.1284	0.599577	226	4	-0.57482	0.50726	0.50765	0.780993	274	0	-0.57482
BRD8	8	0.047727	0.12918	0.600595	227	3	-0.57055	0.99469	0.99465	0.999995	960	0	-0.57055
PAF1	8	0.049809	0.13414	0.62093	228	4	-0.62166	0.97062	0.97006	0.999995	905	0	-0.62166
TSG101	8	0.05187	0.1391	0.641089	229	3	-0.56906	0.86433	0.86376	0.999995	795	0	-0.56906
EIF3L	8	0.052221	0.13986	0.641786	230	4	-0.57455	0.97232	0.97158	0.999995	908	0	-0.57455
BECN1	8	0.052969	0.14169	0.644605	231	3	-0.37531	0.50726	0.50765	0.780993	520	0	-0.37531
CCND3	8	0.053454	0.14293	0.647478	232	4	-0.53816	0.99875	0.99873	0.999995	993	0	-0.53816
SEPHS2	8	0.055125	0.14678	0.658082	233	4	-0.55224	0.99855	0.99848	0.999995	987	0	-0.55224
UNC45A	8	0.055231	0.14707	0.658082	234	4	-0.5767	0.96411	0.96362	0.999995	895	0	-0.5767
TYMS	8	0.057366	0.15211	0.676395	235	4	-0.52179	0.94578	0.94505	0.999995	870	0	-0.52179
EP300	8	0.057583	0.15251	0.676395	236	4	-0.52228	0.8467	0.84642	0.999995	775	0	-0.52228
POLD1	8	0.065712	0.16822	0.739883	237	3	-0.42347	0.85939	0.85894	0.999995	789	0	-0.42347
TOMM20	6	0.065845	0.14714	0.658082	238	2	-0.13629	0.41189	0.41252	0.780993	3	0	-0.13629
NBEAL1	8	0.068173	0.17213	0.753969	239	1	-0.29225	0.96847	0.96777	0.999995	901	0	-0.29225
PSMB6	8	0.069659	0.17449	0.761134	240	3	-0.50394	0.50726	0.50765	0.780993	71	0	-0.50394
RPS7	3	0.07076	0.12142	0.574589	241	2	-0.67854	0.23311	0.23356	0.780993	1	0	-0.67854
FOSL1	6	0.076105	0.16599	0.733106	242	3	-0.58303	0.67794	0.67913	0.999995	691	0	-0.58303
IRF4	8	0.076666	0.18541	0.802202	243	3	-0.55101	0.50726	0.50765	0.780993	550	0	-0.55101
TIMM23	6	0.082488	0.17674	0.767793	244	3	-0.42406	0.91216	0.91348	0.999995	841	0	-0.42406
CFL1	8	0.083332	0.19575	0.843456	245	3	-0.53401	0.9384	0.9376	0.999995	864	0	-0.53401
RPL21	3	0.083952	0.14164	0.644605	246	1	-0.53643	0.23311	0.23356	0.780993	2	0	-0.53643
STT3A	8	0.08793	0.20283	0.870425	247	3	-0.35388	0.9067	0.90597	0.999995	836	0	-0.35388
TLN1	8	0.092281	0.20978	0.896658	248	3	-0.6024	0.97236	0.97159	0.999995	909	0	-0.6024
CREBBP	8	0.10014	0.22142	0.942602	249	3	-0.34708	0.50726	0.50765	0.780993	362	0	-0.34708
GABPB1	8	0.10585	0.23019	0.97602	250	3	-0.42381	0.50726	0.50765	0.780993	629	0	-0.42381
SPOP	8	0.10909	0.23507	0.992722	251	3	-0.56641	0.50726	0.50765	0.780993	354	0	-0.56641
MRPL27	8	0.11964	0.2509	0.999995	252	3	-0.44697	0.98742	0.98729	0.999995	944	0	-0.44697
MED26	8	0.12026	0.25186	0.999995	253	3	-0.51504	0.98725	0.9871	0.999995	941	0	-0.51504
SHMT2	8	0.12234	0.25504	0.999995	254	3	-0.4917	0.98561	0.9855	0.999995	936	0	-0.4917
GSTP1	8	0.12276	0.25561	0.999995	255	3	-0.28191	0.81449	0.81455	0.999995	740	0	-0.28191
ALG14	8	0.12933	0.26527	0.999995	256	3	-0.2874	0.50726	0.50765	0.780993	481	0	-0.2874
XRCC4	8	0.13012	0.26637	0.999995	257	3	-0.44187	0.85584	0.85564	0.999995	783	0	-0.44187
PDS5B	8	0.133	0.27036	0.999995	258	3	-0.5458	0.97354	0.9728	0.999995	910	0	-0.5458
NHLRC1	8	0.13517	0.27362	0.999995	259	3	-0.2575	0.50726	0.50765	0.780993	127	0	-0.2575
FDPS	8	0.14224	0.28385	0.999995	260	3	-0.43535	0.50726	0.50765	0.780993	655	0	-0.43535
MTMR4	8	0.14538	0.28831	0.999995	261	3	-0.48912	0.50726	0.50765	0.780993	141	0	-0.48912
NCOR2	8	0.15129	0.29719	0.999995	262	3	-0.17043	0.50726	0.50765	0.780993	111	0	-0.17043
L3MBTL2	8	0.15893	0.30785	0.999995	263	3	-0.26556	0.89158	0.89126	0.999995	823	0	-0.26556
CCNL1	8	0.16175	0.31199	0.999995	264	3	-0.58357	0.99811	0.99806	0.999995	980	0	-0.58357
GCM2	8	0.17417	0.32903	0.999995	265	3	-0.41004	0.50726	0.50765	0.780993	679	0	-0.41004
S1PR4	8	0.17684	0.3328	0.999995	266	3	-0.47736	0.50726	0.50765	0.780993	302	0	-0.47736
ACACA	8	0.17757	0.33391	0.999995	267	3	-0.43806	0.50726	0.50765	0.780993	466	0	-0.43806
SAP30	8	0.18027	0.33797	0.999995	268	3	-0.44254	0.93741	0.93672	0.999995	863	0	-0.44254
PAX4	8	0.1815	0.33988	0.999995	269	3	-0.23761	0.50726	0.50765	0.780993	188	0	-0.23761
BRSK1	8	0.18495	0.34504	0.999995	270	3	-0.53425	0.50726	0.50765	0.780993	522	0	-0.53425
EPC2	8	0.19471	0.35868	0.999995	271	3	-0.56866	0.93634	0.93561	0.999995	861	0	-0.56866
NDE1	8	0.19699	0.36218	0.999995	272	3	-0.44234	0.78946	0.78923	0.999995	724	0	-0.44234
CRK	8	0.20081	0.36731	0.999995	273	3	-0.38145	0.98232	0.982	0.999995	927	0	-0.38145
ALDOC	8	0.20183	0.36874	0.999995	274	3	-0.45021	0.86089	0.8602	0.999995	790	0	-0.45021
AKIRIN1	8	0.20542	0.37361	0.999995	275	3	-0.49348	0.92315	0.9226	0.999995	850	0	-0.49348
KHSRP	8	0.20774	0.37694	0.999995	276	3	-0.32004	0.50726	0.50765	0.780993	602	0	-0.32004
TUBB2B	6	0.21743	0.33668	0.999995	277	2	-0.42662	0.41189	0.41252	0.780993	10	0	-0.42662
FKBP9	7	0.22578	0.3686	0.999995	278	2	-0.39507	0.46168	0.46167	0.780993	39	0	-0.39507
H2AFX	8	0.2332	0.40171	0.999995	279	1	-0.19037	0.50726	0.50765	0.780993	615	0	-0.19037
SBF1	7	0.27812	0.41876	0.999995	280	2	-0.21302	0.86601	0.86512	0.999995	796	0	-0.21302
HNRNPH3	8	0.28589	0.44546	0.999995	281	2	-0.21203	0.50726	0.50765	0.780993	568	0	-0.21203
MT2A	6	0.29047	0.41671	0.999995	282	2	-0.28213	0.41189	0.41252	0.780993	19	0	-0.28213
HEATR5A	8	0.29436	0.45272	0.999995	283	2	-0.17076	0.50726	0.50765	0.780993	558	0	-0.17076
ARPC5L	8	0.29442	0.45278	0.999995	284	1	-0.25092	0.50726	0.50765	0.780993	514	0	-0.25092
TBC1D26	6	0.29669	0.42385	0.999995	285	1	-0.38694	0.77505	0.77599	0.999995	715	0	-0.38694
RPRD1A	8	0.32008	0.47444	0.999995	286	2	-0.10786	0.50726	0.50765	0.780993	51	0	-0.10786
TBC1D28	7	0.3223	0.46212	0.999995	287	2	-0.20876	0.46168	0.46167	0.780993	34	0	-0.20876
NUMBL	8	0.32736	0.4808	0.999995	288	1	-0.087083	0.50726	0.50765	0.780993	173	0	-0.087083
RP1	8	0.33717	0.48945	0.999995	289	2	-0.23135	0.50726	0.50765	0.780993	96	0	-0.23135
RHBDF2	8	0.33828	0.4905	0.999995	290	2	-0.29726	0.50726	0.50765	0.780993	91	0	-0.29726
TREML4	7	0.33953	0.47909	0.999995	291	2	-0.19585	0.46168	0.46167	0.780993	37	0	-0.19585
FOXK2	8	0.35132	0.50195	0.999995	292	2	-0.4882	0.99187	0.99178	0.999995	953	0	-0.4882
NR2E1	8	0.35196	0.50248	0.999995	293	1	-0.038166	0.50726	0.50765	0.780993	122	0	-0.038166
HMGCLL1	8	0.35266	0.5031	0.999995	294	2	-0.16628	0.50726	0.50765	0.780993	551	0	-0.16628
RCBTB1	8	0.3556	0.50537	0.999995	295	2	-0.2281	0.50726	0.50765	0.780993	84	0	-0.2281
SLC32A1	8	0.35641	0.50613	0.999995	296	1	-0.21028	0.50726	0.50765	0.780993	276	0	-0.21028
ARID4A	8	0.36222	0.51093	0.999995	297	2	-0.43307	0.98218	0.98187	0.999995	926	0	-0.43307
LIMK1	8	0.37213	0.52013	0.999995	298	2	-0.25892	0.98154	0.9811	0.999995	923	0	-0.25892
UNC119	8	0.37909	0.52611	0.999995	299	2	-0.20741	0.86155	0.861	0.999995	791	0	-0.20741
SAMD9	8	0.38238	0.52894	0.999995	300	2	-0.25776	0.50726	0.50765	0.780993	306	0	-0.25776
ZG16	8	0.39077	0.53659	0.999995	301	2	-0.30203	0.50726	0.50765	0.780993	237	0	-0.30203
SPDEF	8	0.3915	0.53727	0.999995	302	2	-0.13088	0.50726	0.50765	0.780993	342	0	-0.13088
ATP6V1B1	8	0.39332	0.53887	0.999995	303	2	-0.39842	0.88875	0.88859	0.999995	820	0	-0.39842
PRG3	8	0.39623	0.54157	0.999995	304	2	-0.23877	0.50726	0.50765	0.780993	164	0	-0.23877
CTNNB1	8	0.40168	0.54642	0.999995	305	2	-0.47056	0.50726	0.50765	0.780993	370	0	-0.47056
EXOC6B	8	0.40204	0.54668	0.999995	306	2	-0.26329	0.50726	0.50765	0.780993	644	0	-0.26329
PRSS37	8	0.40241	0.54698	0.999995	307	2	-0.14619	0.9296	0.92886	0.999995	853	0	-0.14619
SLC25A28	8	0.40422	0.54857	0.999995	308	2	-0.45013	0.82989	0.82966	0.999995	755	0	-0.45013
RHBDF1	8	0.40857	0.55277	0.999995	309	2	-0.36062	0.99605	0.996	0.999995	967	0	-0.36062
MTA3	8	0.41074	0.55484	0.999995	310	2	-0.19965	0.50726	0.50765	0.780993	148	0	-0.19965
ZNF804B	8	0.4129	0.55666	0.999995	311	2	-0.10575	0.50726	0.50765	0.780993	247	0	-0.10575
COX6B1	16	0.41388	0.66401	0.999995	312	3	-0.25813	0.75721	0.75608	0.999995	699	0	-0.25813
SOX9	8	0.41471	0.55799	0.999995	313	2	-0.37108	0.97899	0.97836	0.999995	919	0	-0.37108
ZMIZ1	8	0.41507	0.55832	0.999995	314	2	-0.36888	0.85889	0.85857	0.999995	786	0	-0.36888
LATS2	8	0.41759	0.56069	0.999995	315	2	-0.33433	0.50726	0.50765	0.780993	608	0	-0.33433
TRPM1	8	0.41831	0.56133	0.999995	316	2	-0.32804	0.50726	0.50765	0.780993	194	0	-0.32804
CHRNB3	8	0.41939	0.5623	0.999995	317	2	-0.17813	0.50726	0.50765	0.780993	396	0	-0.17813
VPS26A	8	0.42622	0.56847	0.999995	318	2	-0.29894	0.50726	0.50765	0.780993	272	0	-0.29894
FSD1	8	0.42658	0.56885	0.999995	319	2	-0.14502	0.50726	0.50765	0.780993	631	0	-0.14502
FOXK1	8	0.42801	0.57018	0.999995	320	2	-0.47117	0.99891	0.99889	0.999995	997	0	-0.47117
CAP1	8	0.42837	0.57047	0.999995	321	2	-0.28046	0.84796	0.84775	0.999995	777	0	-0.28046
MANF	8	0.42873	0.57093	0.999995	322	2	-0.40016	0.99151	0.99133	0.999995	951	0	-0.40016
GPR151	8	0.4298	0.57189	0.999995	323	2	-0.16707	0.50726	0.50765	0.780993	664	0	-0.16707
AP1G2	8	0.43143	0.57349	0.999995	324	1	-0.16388	0.50726	0.50765	0.780993	452	0	-0.16388
TIMM23B	7	0.43705	0.57595	0.999995	325	2	-0.091004	0.46168	0.46167	0.780993	32	0	-0.091004
DDX17	8	0.43873	0.58031	0.999995	326	2	-0.14809	0.81555	0.81555	0.999995	741	0	-0.14809
CTSZ	8	0.43989	0.58138	0.999995	327	1	-0.24408	0.50726	0.50765	0.780993	373	0	-0.24408
ADAP1	8	0.44016	0.58166	0.999995	328	2	-0.28971	0.50726	0.50765	0.780993	476	0	-0.28971
SOS1	8	0.44194	0.58323	0.999995	329	2	-0.41817	0.50726	0.50765	0.780993	347	0	-0.41817
SPOPL	8	0.44229	0.58366	0.999995	330	2	-0.07816	0.50726	0.50765	0.780993	353	0	-0.07816
HEATR5B	8	0.44265	0.58395	0.999995	331	2	-0.20741	0.50726	0.50765	0.780993	560	0	-0.20741
GRHL2	8	0.4438	0.58491	0.999995	332	1	-0.2071	0.50726	0.50765	0.780993	659	0	-0.2071
MAK	8	0.45609	0.5961	0.999995	333	2	-0.26559	0.50726	0.50765	0.780993	584	0	-0.26559
MCPH1	8	0.45997	0.59975	0.999995	334	2	-0.30646	0.50726	0.50765	0.780993	136	0	-0.30646
IPO5	8	0.46313	0.60266	0.999995	335	2	-0.29374	0.95929	0.95854	0.999995	888	0	-0.29374
TSTD1	8	0.46383	0.60329	0.999995	336	2	-0.11074	0.50726	0.50765	0.780993	197	0	-0.11074
HRAS	8	0.46907	0.60818	0.999995	337	2	-0.1459	0.50726	0.50765	0.780993	569	0	-0.1459
TMEM120A	8	0.46977	0.60884	0.999995	338	2	-0.36552	0.77775	0.77751	0.999995	719	0	-0.36552
MRGPRX2	8	0.47	0.60906	0.999995	339	1	-0.063338	0.50726	0.50765	0.780993	145	0	-0.063338
RHOT2	8	0.47326	0.61213	0.999995	340	2	-0.37142	0.88446	0.88422	0.999995	816	0	-0.37142
HMSD	8	0.47796	0.6161	0.999995	341	1	-0.033785	0.50726	0.50765	0.780993	555	0	-0.033785
TCF3	8	0.47916	0.61742	0.999995	342	2	-0.095266	0.78755	0.78733	0.999995	721	0	-0.095266
TSPO2	8	0.47986	0.61797	0.999995	343	2	-0.17423	0.50726	0.50765	0.780993	198	0	-0.17423
SNX6	8	0.48124	0.6193	0.999995	344	2	-0.22503	0.8363	0.83603	0.999995	763	0	-0.22503
WAS	8	0.48164	0.61971	0.999995	345	1	-0.21019	0.50726	0.50765	0.780993	275	0	-0.21019
GRIP1	8	0.48297	0.62099	0.999995	346	2	-0.13048	0.8501	0.84991	0.999995	779	0	-0.13048
FKBP5	8	0.48435	0.62209	0.999995	347	2	-0.29837	0.9349	0.93409	0.999995	859	0	-0.29837
LIF	8	0.49467	0.63197	0.999995	348	2	-0.02808	0.50726	0.50765	0.780993	580	0	-0.02808
CELA2A	8	0.49817	0.63556	0.999995	349	1	-0.17511	0.8283	0.82811	0.999995	752	0	-0.17511
ISCA2	8	0.50115	0.6385	0.999995	350	2	-0.25893	0.82549	0.82526	0.999995	749	0	-0.25893
LARP1	8	0.50149	0.63891	0.999995	351	2	-0.34992	0.50726	0.50765	0.780993	605	0	-0.34992
COPS7B	8	0.50387	0.64072	0.999995	352	2	-0.16431	0.87422	0.87341	0.999995	806	0	-0.16431
LGALS9	7	0.50559	0.60647	0.999995	353	1	-0.32457	0.94823	0.94768	0.999995	871	0	-0.32457
ACTL6B	8	0.50692	0.64378	0.999995	354	2	-0.26409	0.50726	0.50765	0.780993	470	0	-0.26409
RB1	8	0.5103	0.64708	0.999995	355	2	-0.43944	0.50726	0.50765	0.780993	106	0	-0.43944
CEACAM1	8	0.51126	0.64792	0.999995	356	1	-0.25997	0.50726	0.50765	0.780993	384	0	-0.25997
CSTF2T	8	0.52161	0.65188	0.999995	357	1	-0.088719	0.50726	0.50765	0.780993	378	0	-0.088719
LIN28B	8	0.52985	0.65509	0.999995	358	1	-0.51293	0.99765	0.99762	0.999995	979	0	-0.51293
TUBB2A	6	0.53355	0.5849	0.999995	359	1	-0.22094	0.41189	0.41252	0.780993	9	0	-0.22094
VPS37A	8	0.54503	0.6612	0.999995	360	1	-0.2574	0.50726	0.50765	0.780993	273	0	-0.2574
CHUK	16	0.55108	0.75505	0.999995	361	1	-0.080601	0.75721	0.75608	0.999995	702	0	-0.080601
TAF9	7	0.56388	0.63465	0.999995	362	1	-0.0028849	0.46168	0.46167	0.780993	26	0	-0.0028849
CDC34	8	0.56564	0.66926	0.999995	363	1	-0.058299	0.50726	0.50765	0.780993	386	0	-0.058299
ITGB1BP2	8	0.56922	0.67078	0.999995	364	1	-0.10404	0.50726	0.50765	0.780993	543	0	-0.10404
UTP14C	8	0.57322	0.67234	0.999995	365	1	-0.12767	0.50726	0.50765	0.780993	256	0	-0.12767
ANKRD10	8	0.57498	0.67301	0.999995	366	1	-0.12977	0.50726	0.50765	0.780993	465	0	-0.12977
ATP6V1C2	16	0.58268	0.77564	0.999995	367	3	-0.30422	0.98203	0.98288	0.999995	925	0	-0.30422
DGAT1	8	0.58328	0.67695	0.999995	368	1	-0.30664	0.50726	0.50765	0.780993	442	0	-0.30664
SAMD4B	8	0.59143	0.6808	0.999995	369	1	-0.35561	0.50726	0.50765	0.780993	304	0	-0.35561
PTPN11	7	0.59414	0.65098	0.999995	370	1	-0.14419	0.77962	0.77828	0.999995	720	0	-0.14419
ZIC3	8	0.5944	0.68192	0.999995	371	1	-0.15213	0.50726	0.50765	0.780993	239	0	-0.15213
KCNT2	8	0.59609	0.68277	0.999995	372	1	-0.19168	0.50726	0.50765	0.780993	603	0	-0.19168
YIF1B	8	0.59735	0.68331	0.999995	373	1	-0.09794	0.50726	0.50765	0.780993	241	0	-0.09794
RIMKLB	6	0.5976	0.62618	0.999995	374	1	-0.18239	0.41189	0.41252	0.780993	11	0	-0.18239
NSG1	8	0.60236	0.68554	0.999995	375	1	-0.22114	0.83068	0.83054	0.999995	757	0	-0.22114
KRT38	8	0.60402	0.68621	0.999995	376	1	-0.076113	0.50726	0.50765	0.780993	612	0	-0.076113
PSEN2	8	0.60937	0.68858	0.999995	377	1	-0.087281	0.50726	0.50765	0.780993	73	0	-0.087281
KRT37	8	0.61019	0.68904	0.999995	378	1	-0.047219	0.50726	0.50765	0.780993	610	0	-0.047219
FXR1	8	0.61222	0.69005	0.999995	379	1	-0.044231	0.50726	0.50765	0.780993	634	0	-0.044231
SPHKAP	8	0.61385	0.69081	0.999995	380	1	-0.043487	0.50726	0.50765	0.780993	341	0	-0.043487
TPBG	8	0.61466	0.69121	0.999995	381	1	-0.093396	0.50726	0.50765	0.780993	229	0	-0.093396
NAA16	8	0.62187	0.69459	0.999995	382	1	-0.25358	0.88074	0.88	0.999995	811	0	-0.25358
MECP2	8	0.62386	0.69552	0.999995	383	1	-0.1126	0.50726	0.50765	0.780993	137	0	-0.1126
BTBD11	8	0.62425	0.69574	0.999995	384	1	-0.21151	0.89731	0.89717	0.999995	827	0	-0.21151
GXYLT1	8	0.6278	0.69732	0.999995	385	1	-0.22006	0.50726	0.50765	0.780993	667	0	-0.22006
TPRX1	8	0.63749	0.70212	0.999995	386	1	-0.14271	0.50726	0.50765	0.780993	228	0	-0.14271
GLT6D1	8	0.63978	0.7034	0.999995	387	1	-0.24721	0.95166	0.95119	0.999995	875	0	-0.24721
PRKAB2	8	0.64395	0.70529	0.999995	388	1	-0.10815	0.50726	0.50765	0.780993	64	0	-0.10815
CLDN4	8	0.6447	0.70553	0.999995	389	1	-0.44577	0.50726	0.50765	0.780993	393	0	-0.44577
TPST1	8	0.65179	0.70889	0.999995	390	1	-0.34017	0.50726	0.50765	0.780993	214	0	-0.34017
PHLDA1	8	0.65437	0.71021	0.999995	391	1	-0.19422	0.77675	0.77659	0.999995	718	0	-0.19422
CDK8	8	0.65985	0.71302	0.999995	392	1	-0.29005	0.50726	0.50765	0.780993	388	0	-0.29005
SLCO2B1	8	0.66021	0.71333	0.999995	393	1	-0.20281	0.50726	0.50765	0.780993	279	0	-0.20281
ATP5F1D	8	0.66166	0.71412	0.999995	394	1	-0.32516	0.50726	0.50765	0.780993	512	0	-0.32516
GPSM1	8	0.67303	0.72024	0.999995	395	1	-0.18404	0.50726	0.50765	0.780993	657	0	-0.18404
BARHL1	8	0.67338	0.7204	0.999995	396	1	-0.046195	0.50726	0.50765	0.780993	529	0	-0.046195
SNRPB2	7	0.67345	0.69743	0.999995	397	1	-0.26826	0.46168	0.46167	0.780993	23	0	-0.26826
COQ10A	8	0.67547	0.72162	0.999995	398	1	-0.3124	0.96516	0.96477	0.999995	897	0	-0.3124
SLC9A3R1	8	0.67651	0.7221	0.999995	399	1	-0.27881	0.85906	0.85866	0.999995	787	0	-0.27881
SLC17A2	8	0.67997	0.72393	0.999995	400	1	-0.27499	0.50726	0.50765	0.780993	296	0	-0.27499
FRS3	8	0.68134	0.72471	0.999995	401	1	-0.32521	0.83802	0.83762	0.999995	766	0	-0.32521
SOHLH1	8	0.6827	0.7255	0.999995	402	1	-0.21796	0.98843	0.98816	0.999995	946	0	-0.21796
RSBN1	8	0.68407	0.72611	0.999995	403	1	-0.38575	0.96647	0.96593	0.999995	900	0	-0.38575
ZNRF4	8	0.69312	0.7314	0.999995	404	1	-0.10387	0.50726	0.50765	0.780993	249	0	-0.10387
GOLT1B	8	0.69345	0.73152	0.999995	405	1	-0.1061	0.50726	0.50765	0.780993	661	0	-0.1061
GYS2	8	0.69609	0.73286	0.999995	406	1	-0.1304	0.50726	0.50765	0.780993	669	0	-0.1304
MOGAT2	8	0.69806	0.7338	0.999995	407	1	-0.20863	0.50726	0.50765	0.780993	133	0	-0.20863
NLRP8	8	0.69838	0.734	0.999995	408	1	-0.078973	0.50726	0.50765	0.780993	119	0	-0.078973
BICD2	8	0.70001	0.73501	0.999995	409	1	-0.13535	0.87973	0.87898	0.999995	810	0	-0.13535
SLC35F3	8	0.7026	0.73666	0.999995	410	1	-0.22424	0.50726	0.50765	0.780993	278	0	-0.22424
APH1A	8	0.70612	0.73863	0.999995	411	1	-0.28245	0.50726	0.50765	0.780993	447	0	-0.28245
CYFIP1	8	0.7074	0.73939	0.999995	412	1	-0.25742	0.50726	0.50765	0.780993	429	0	-0.25742
ZMIZ2	8	0.70771	0.73951	0.999995	413	1	-0.2922	0.99305	0.99302	0.999995	956	0	-0.2922
COX6B2	8	0.70961	0.74052	0.999995	414	1	-0.2763	0.50726	0.50765	0.780993	360	0	-0.2763
G3BP1	7	0.70996	0.72247	0.999995	415	1	-0.20607	0.46168	0.46167	0.780993	21	0	-0.20607
XDH	8	0.71024	0.74083	0.999995	416	1	-0.14184	0.50726	0.50765	0.780993	266	0	-0.14184
ITSN2	8	0.71119	0.7413	0.999995	417	1	-0.31358	0.50726	0.50765	0.780993	545	0	-0.31358
MEP1B	8	0.72321	0.74816	0.999995	418	1	-0.28697	0.50726	0.50765	0.780993	129	0	-0.28697
PSMB8	8	0.72712	0.75067	0.999995	419	1	-0.37417	0.94862	0.94801	0.999995	872	0	-0.37417
SHCBP1L	8	0.72772	0.75099	0.999995	420	1	-0.11586	0.50726	0.50765	0.780993	308	0	-0.11586
TAP1	8	0.73069	0.75283	0.999995	421	1	-0.2977	0.50726	0.50765	0.780993	332	0	-0.2977
SLC25A37	8	0.73098	0.75308	0.999995	422	1	-0.17285	0.50726	0.50765	0.780993	277	0	-0.17285
CDK5R2	8	0.73187	0.75347	0.999995	423	1	-0.3452	0.95601	0.95516	0.999995	882	0	-0.3452
KCNG4	8	0.73245	0.75393	0.999995	424	1	-0.15198	0.50726	0.50765	0.780993	599	0	-0.15198
TBR1	8	0.73421	0.7551	0.999995	425	1	-0.24862	0.50726	0.50765	0.780993	331	0	-0.24862
SCN10A	8	0.73625	0.75644	0.999995	426	1	-0.26462	0.50726	0.50765	0.780993	301	0	-0.26462
TUBB4B	16	0.73649	0.86218	0.999995	427	2	-0.2704	0.96997	0.97061	0.999995	903	0	-0.2704
FEZ2	8	0.73885	0.75807	0.999995	428	1	-0.36358	0.50726	0.50765	0.780993	647	0	-0.36358
NSG2	8	0.73942	0.75837	0.999995	429	1	-0.13957	0.50726	0.50765	0.780993	181	0	-0.13957
FLOT2	8	0.74511	0.76231	0.999995	430	1	-0.20766	0.82949	0.82922	0.999995	754	0	-0.20766
UCHL5	8	0.74847	0.7648	0.999995	431	1	-0.17835	0.50726	0.50765	0.780993	208	0	-0.17835
ERC2	8	0.7493	0.76544	0.999995	432	1	-0.13918	0.50726	0.50765	0.780993	617	0	-0.13918
MYBPH	8	0.74986	0.76582	0.999995	433	1	-0.13521	0.821	0.82095	0.999995	745	0	-0.13521
MBTD1	8	0.75013	0.76594	0.999995	434	1	-0.21453	0.50726	0.50765	0.780993	134	0	-0.21453
LMBR1L	8	0.75398	0.76862	0.999995	435	1	-0.13514	0.50726	0.50765	0.780993	573	0	-0.13514
SIRPA	6	0.75674	0.75733	0.999995	436	0	-0.20756	0.41189	0.41252	0.780993	13	0	-0.20756
TOB1	8	0.75912	0.77232	0.999995	437	1	-0.36262	0.50726	0.50765	0.780993	233	0	-0.36262
CD44	8	0.76019	0.7731	0.999995	438	1	-0.18774	0.50726	0.50765	0.780993	502	0	-0.18774
IAPP	8	0.76205	0.77434	0.999995	439	1	-0.11148	0.50726	0.50765	0.780993	566	0	-0.11148
DYNC1LI1	7	0.76282	0.76427	0.999995	440	1	-0.16908	0.46168	0.46167	0.780993	40	0	-0.16908
GMPR2	8	0.76495	0.77651	0.999995	441	1	-0.1951	0.50726	0.50765	0.780993	687	0	-0.1951
CHMP1A	8	0.76548	0.77679	0.999995	442	1	-0.24405	0.82223	0.82204	0.999995	748	0	-0.24405
DNAJC15	8	0.76626	0.77745	0.999995	443	1	-0.064983	0.50726	0.50765	0.780993	406	0	-0.064983
GABPB2	8	0.76678	0.77791	0.999995	444	1	-0.1869	0.50726	0.50765	0.780993	656	0	-0.1869
SERPINA9	8	0.76704	0.77812	0.999995	445	1	-0.1232	0.50726	0.50765	0.780993	316	0	-0.1232
SNX2	8	0.76989	0.78012	0.999995	446	1	-0.11977	0.50726	0.50765	0.780993	343	0	-0.11977
SPAG9	8	0.77015	0.78031	0.999995	447	1	-0.30707	0.50726	0.50765	0.780993	339	0	-0.30707
G6PC	8	0.77066	0.78075	0.999995	448	1	-0.3408	0.50726	0.50765	0.780993	630	0	-0.3408
AHCYL2	8	0.77117	0.78113	0.999995	449	1	-0.37064	0.81787	0.81797	0.999995	744	0	-0.37064
AOX1	8	0.77169	0.78139	0.999995	450	1	-0.11737	0.50726	0.50765	0.780993	451	0	-0.11737
VANGL1	8	0.77271	0.78215	0.999995	451	1	-0.29324	0.50726	0.50765	0.780993	260	0	-0.29324
ATP6V1E2	8	0.77296	0.7824	0.999995	452	1	-0.33851	0.95257	0.95201	0.999995	878	0	-0.33851
LRFN1	8	0.77574	0.78442	0.999995	453	1	-0.086636	0.50726	0.50765	0.780993	589	0	-0.086636
SMAP2	8	0.7775	0.78588	0.999995	454	1	-0.074257	0.50726	0.50765	0.780993	291	0	-0.074257
PUM2	8	0.77775	0.78607	0.999995	455	1	-0.29125	0.98358	0.98337	0.999995	931	0	-0.29125
UQCRC1	8	0.77924	0.78731	0.999995	456	1	-0.38516	0.99858	0.99854	0.999995	989	0	-0.38516
ABCB1	8	0.77999	0.78795	0.999995	457	1	-0.2118	0.50726	0.50765	0.780993	471	0	-0.2118
ULK1	8	0.78048	0.78826	0.999995	458	1	-0.19197	0.50726	0.50765	0.780993	207	0	-0.19197
BICD1	8	0.78073	0.78849	0.999995	459	1	-0.21444	0.90635	0.9056	0.999995	835	0	-0.21444
CAP2	8	0.78147	0.78916	0.999995	460	1	-0.35433	0.50726	0.50765	0.780993	488	0	-0.35433
SLC22A8	8	0.78196	0.78953	0.999995	461	1	-0.27732	0.99653	0.99645	0.999995	971	0	-0.27732
SPATA16	8	0.78319	0.79043	0.999995	462	1	0	0.50726	0.50765	0.780993	338	0	0
YIPF5	8	0.78392	0.79102	0.999995	463	1	-0.28442	0.93387	0.93315	0.999995	858	0	-0.28442
HNRNPF	8	0.7844	0.79138	0.999995	464	1	-0.21266	0.50726	0.50765	0.780993	554	0	-0.21266
GALNT5	8	0.78513	0.79193	0.999995	465	1	-0.27356	0.97023	0.96958	0.999995	904	0	-0.27356
TPST2	8	0.78731	0.79342	0.999995	466	1	-0.12719	0.50726	0.50765	0.780993	200	0	-0.12719
HMGCL	8	0.78802	0.79405	0.999995	467	1	-0.11379	0.50726	0.50765	0.780993	552	0	-0.11379
YIF1A	8	0.7885	0.79437	0.999995	468	1	-0.34067	0.50726	0.50765	0.780993	255	0	-0.34067
ZNF34	8	0.78946	0.79513	0.999995	469	1	-0.18837	0.50726	0.50765	0.780993	253	0	-0.18837
TEX45	8	0.79159	0.79684	0.999995	470	1	-0.095535	0.50726	0.50765	0.780993	220	0	-0.095535
DGAT2L6	8	0.79183	0.79702	0.999995	471	1	-0.0029829	0.50726	0.50765	0.780993	435	0	-0.0029829
RALGPS2	8	0.79206	0.79725	0.999995	472	1	-0.25824	0.86928	0.86873	0.999995	801	0	-0.25824
RPL3L	8	0.7923	0.79743	0.999995	473	1	-0.10873	0.50726	0.50765	0.780993	77	0	-0.10873
FUT5	8	0.79418	0.79888	0.999995	474	1	-0.086787	0.50726	0.50765	0.780993	635	0	-0.086787
MMD	8	0.79441	0.79908	0.999995	475	1	-0.3082	0.8013	0.80118	0.999995	733	0	-0.3082
CRX	8	0.79464	0.79919	0.999995	476	1	-0.11263	0.50726	0.50765	0.780993	368	0	-0.11263
PACS1	8	0.79487	0.79936	0.999995	477	1	-0.36297	0.50726	0.50765	0.780993	175	0	-0.36297
KIAA0319	8	0.79511	0.79958	0.999995	478	1	-0.24528	0.50726	0.50765	0.780993	595	0	-0.24528
KRT25	8	0.79673	0.80087	0.999995	479	1	-0.28729	0.50726	0.50765	0.780993	611	0	-0.28729
STX12	8	0.79719	0.80133	0.999995	480	1	-0.20094	0.50726	0.50765	0.780993	322	0	-0.20094
CCNT1	8	0.79765	0.80173	0.999995	481	1	-0.34253	0.50726	0.50765	0.780993	499	0	-0.34253
ATAD2B	8	0.79811	0.80204	0.999995	482	1	-0.30667	0.50726	0.50765	0.780993	510	0	-0.30667
IL10RA	8	0.79857	0.80238	0.999995	483	1	-0.15516	0.50726	0.50765	0.780993	530	0	-0.15516
SAR1A	16	0.79893	0.89168	0.999995	484	2	-0.32629	0.75721	0.75608	0.999995	697	0	-0.32629
NDUFB4	8	0.79994	0.80361	0.999995	485	1	-0.16292	0.86754	0.86694	0.999995	799	0	-0.16292
BTG1	8	0.80017	0.80383	0.999995	486	1	-0.15326	0.50726	0.50765	0.780993	524	0	-0.15326
HOXB1	8	0.8004	0.80401	0.999995	487	1	-0.14438	0.50726	0.50765	0.780993	567	0	-0.14438
RBBP7	8	0.80085	0.80431	0.999995	488	1	-0.31353	0.81342	0.81344	0.999995	738	0	-0.31353
CADPS2	8	0.8013	0.80475	0.999995	489	1	-0.31388	0.50726	0.50765	0.780993	494	0	-0.31388
XPR1	8	0.80243	0.80568	0.999995	490	1	-0.31428	0.93265	0.93186	0.999995	856	0	-0.31428
TGM6	8	0.80311	0.80626	0.999995	491	1	-0.073629	0.50726	0.50765	0.780993	224	0	-0.073629
RXFP3	8	0.80378	0.80696	0.999995	492	1	-0.24086	0.50726	0.50765	0.780993	193	0	-0.24086
MYBL2	8	0.804	0.80713	0.999995	493	1	-0.071888	0.50726	0.50765	0.780993	142	0	-0.071888
FEZ1	8	0.80445	0.80762	0.999995	494	1	-0.20874	0.50726	0.50765	0.780993	654	0	-0.20874
DMP1	8	0.80512	0.80822	0.999995	495	1	-0.1845	0.50726	0.50765	0.780993	422	0	-0.1845
CDK5R1	8	0.80534	0.80836	0.999995	496	1	-0.30631	0.83205	0.83184	0.999995	759	0	-0.30631
LSM14A	8	0.80556	0.8085	0.999995	497	1	-0.28389	0.50726	0.50765	0.780993	591	0	-0.28389
RAP1GAP	8	0.80887	0.81129	0.999995	498	1	-0.13166	0.50726	0.50765	0.780993	105	0	-0.13166
DMD	8	0.80975	0.81206	0.999995	499	1	-0.082775	0.50726	0.50765	0.780993	437	0	-0.082775
TMEM30A	8	0.81018	0.81252	0.999995	500	1	-0.27436	0.86723	0.86668	0.999995	798	0	-0.27436
GOLPH3L	8	0.81256	0.81446	0.999995	501	1	-0.032418	0.50726	0.50765	0.780993	674	0	-0.032418
ZNF418	8	0.81299	0.81487	0.999995	502	1	-0.21666	0.50726	0.50765	0.780993	246	0	-0.21666
IQCA1L	8	0.81492	0.8165	0.999995	503	1	-0.1197	0.50726	0.50765	0.780993	548	0	-0.1197
TTC7B	8	0.81619	0.81756	0.999995	504	1	-0.065799	0.50726	0.50765	0.780993	209	0	-0.065799
TNR	8	0.81724	0.8185	0.999995	505	1	-0.13968	0.50726	0.50765	0.780993	234	0	-0.13968
APOBEC1	8	0.81745	0.81875	0.999995	506	1	-0.22496	0.50726	0.50765	0.780993	461	0	-0.22496
ACTL7A	8	0.81808	0.81929	0.999995	507	1	-0.16329	0.50726	0.50765	0.780993	469	0	-0.16329
IRF6	8	0.81892	0.81991	0.999995	508	1	-0.24403	0.50726	0.50765	0.780993	549	0	-0.24403
MTMR3	8	0.81913	0.82013	0.999995	509	1	-0.26591	0.98737	0.98722	0.999995	942	0	-0.26591
LDB2	8	0.81934	0.8203	0.999995	510	1	-0.11689	0.50726	0.50765	0.780993	578	0	-0.11689
MYBPHL	8	0.81975	0.82076	0.999995	511	1	-0.20061	0.84598	0.84584	0.999995	774	0	-0.20061
FAM50B	8	0.82017	0.8211	0.999995	512	1	-0.036	0.50726	0.50765	0.780993	640	0	-0.036
TIMP2	8	0.8212	0.82205	0.999995	513	1	-0.35614	0.8271	0.8268	0.999995	751	0	-0.35614
GSDMD	8	0.82141	0.82225	0.999995	514	1	-0.32309	0.83726	0.83695	0.999995	765	0	-0.32309
NRBP2	8	0.82182	0.82244	0.999995	515	1	-0.3405	0.99466	0.99464	0.999995	959	0	-0.3405
CRNN	8	0.82264	0.82315	0.999995	516	1	-0.1094	0.50726	0.50765	0.780993	361	0	-0.1094
CHSY1	8	0.82305	0.82346	0.999995	517	1	-0.021767	0.50726	0.50765	0.780993	398	0	-0.021767
IFIH1	8	0.82387	0.82424	0.999995	518	1	-0.12576	0.50726	0.50765	0.780993	539	0	-0.12576
FRS2	8	0.82468	0.82501	0.999995	519	1	-0.20182	0.50726	0.50765	0.780993	620	0	-0.20182
HASPIN	8	0.82489	0.82515	0.999995	520	1	-0.2777	0.82203	0.82187	0.999995	747	0	-0.2777
COX4I2	8	0.82529	0.82551	0.999995	521	1	-0.31894	0.80931	0.80935	0.999995	736	0	-0.31894
MAPK8IP3	8	0.82549	0.82576	0.999995	522	1	-0.39023	0.8263	0.8261	0.999995	750	0	-0.39023
GSX1	8	0.8259	0.82609	0.999995	523	1	-0.27343	0.50726	0.50765	0.780993	673	0	-0.27343
EPS15L1	8	0.8261	0.82635	0.999995	524	1	-0.24425	0.50726	0.50765	0.780993	627	0	-0.24425
SS18	8	0.8263	0.82655	0.999995	525	1	-0.16887	0.50726	0.50765	0.780993	348	0	-0.16887
ZNF521	8	0.8267	0.82688	0.999995	526	1	-0.13425	0.90481	0.90414	0.999995	833	0	-0.13425
EPC1	8	0.8277	0.82777	0.999995	527	1	-0.15484	0.50726	0.50765	0.780993	416	0	-0.15484
ATP5F1B	8	0.8279	0.82792	0.999995	528	1	-0.19309	0.93087	0.93006	0.999995	854	0	-0.19309
NMT2	8	0.8283	0.82846	0.999995	529	1	-0.24387	0.50726	0.50765	0.780993	118	0	-0.24387
TTC7A	16	0.82887	0.90754	0.999995	530	2	-0.34358	0.95246	0.95241	0.999995	876	0	-0.34358
AXL	8	0.8289	0.82908	0.999995	531	1	-0.12546	0.50726	0.50765	0.780993	527	0	-0.12546
POU5F2	8	0.82949	0.82951	0.999995	532	1	-0.26017	0.79811	0.79786	0.999995	729	0	-0.26017
IMPDH1	8	0.82969	0.82977	0.999995	533	1	-0.39101	0.50726	0.50765	0.780993	533	0	-0.39101
ARHGEF7	8	0.82989	0.82995	0.999995	534	1	-0.034449	0.50726	0.50765	0.780993	459	0	-0.034449
SRI	8	0.83166	0.83172	0.999995	535	1	-0.23965	0.50726	0.50765	0.780993	349	0	-0.23965
AP2A1	8	0.8338	0.83374	0.999995	536	1	-0.3082	0.50726	0.50765	0.780993	445	0	-0.3082
ARPC5	8	0.83438	0.83439	0.999995	537	1	-0.23867	0.50726	0.50765	0.780993	515	0	-0.23867
HUS1B	8	0.83611	0.83592	0.999995	538	1	-0.27166	0.50726	0.50765	0.780993	564	0	-0.27166
SEC31A	8	0.83669	0.83644	0.999995	539	1	-0.30165	0.98022	0.97974	0.999995	921	0	-0.30165
PAPSS1	8	0.83688	0.83669	0.999995	540	1	-0.15	0.94453	0.94377	0.999995	868	0	-0.15
GMPR	8	0.83707	0.83684	0.999995	541	1	-0.42023	0.9874	0.98725	0.999995	943	0	-0.42023
TRPC5	8	0.83821	0.8378	0.999995	542	1	-0.067135	0.50726	0.50765	0.780993	202	0	-0.067135
GIT2	8	0.83839	0.83804	0.999995	543	1	-0.16295	0.50726	0.50765	0.780993	685	0	-0.16295
LIM2	8	0.83858	0.83821	0.999995	544	1	-0.10846	0.50726	0.50765	0.780993	582	0	-0.10846
LSM14B	8	0.83877	0.8385	0.999995	545	1	-0.24301	0.50726	0.50765	0.780993	593	0	-0.24301
CDNF	8	0.83896	0.83879	0.999995	546	1	-0.19113	0.50726	0.50765	0.780993	381	0	-0.19113
REG3A	8	0.83952	0.83931	0.999995	547	1	-0.15063	0.50726	0.50765	0.780993	89	0	-0.15063
SOAT1	8	0.83971	0.83952	0.999995	548	1	-0.1005	0.50726	0.50765	0.780993	345	0	-0.1005
ICK	8	0.84009	0.83992	0.999995	549	1	-0.37399	0.98717	0.987	0.999995	940	0	-0.37399
IQCA1	8	0.84027	0.8401	0.999995	550	1	-0.44216	0.92539	0.92464	0.999995	851	0	-0.44216
NKAPL	8	0.84065	0.84044	0.999995	551	0	-0.23386	0.50726	0.50765	0.780993	126	0	-0.23386
DBT	8	0.84083	0.84065	0.999995	552	0	-0.36507	0.50726	0.50765	0.780993	423	0	-0.36507
DUSP10	8	0.84102	0.84082	0.999995	553	0	-0.23142	0.86691	0.86633	0.999995	797	0	-0.23142
NCKAP1	8	0.84158	0.84123	0.999995	554	0	-0.21771	0.50726	0.50765	0.780993	109	0	-0.21771
SOS2	8	0.84176	0.84144	0.999995	555	0	-0.2093	0.50726	0.50765	0.780993	346	0	-0.2093
NBEA	6	0.84348	0.84503	0.999995	556	0	-0.062693	0.41189	0.41252	0.780993	14	0	-0.062693
SYK	8	0.84379	0.84331	0.999995	557	0	-0.091427	0.50726	0.50765	0.780993	319	0	-0.091427
ATP5F1A	8	0.84416	0.84367	0.999995	558	0	-0.3031	0.50726	0.50765	0.780993	513	0	-0.3031
RTP1	8	0.84453	0.84406	0.999995	559	0	-0.13306	0.50726	0.50765	0.780993	68	0	-0.13306
DLL4	8	0.84471	0.84428	0.999995	560	0	-0.15408	0.50726	0.50765	0.780993	438	0	-0.15408
STX4	8	0.84652	0.84624	0.999995	561	0	-0.076892	0.50726	0.50765	0.780993	326	0	-0.076892
CCNE1	8	0.8467	0.84642	0.999995	562	0	-0.20372	0.88204	0.88158	0.999995	813	0	-0.20372
MTX1	6	0.84716	0.84898	0.999995	563	0	-0.33776	0.41189	0.41252	0.780993	8	0	-0.33776
TAF9B	6	0.84934	0.85121	0.999995	564	0	0	0.41189	0.41252	0.780993	18	0	0
NAA11	8	0.84939	0.84931	0.999995	565	0	-0.27399	0.80667	0.8069	0.999995	734	0	-0.27399
FAM71A	8	0.84957	0.84946	0.999995	566	0	-0.08539	0.50726	0.50765	0.780993	639	0	-0.08539
CYP7A1	8	0.8501	0.84991	0.999995	567	0	-0.068372	0.50726	0.50765	0.780993	424	0	-0.068372
SLC9A3R2	8	0.85116	0.85115	0.999995	568	0	-0.26888	0.91127	0.91069	0.999995	839	0	-0.26888
TOB2	8	0.85168	0.85164	0.999995	569	0	-0.3195	0.92235	0.92179	0.999995	849	0	-0.3195
RNF144B	8	0.85204	0.85206	0.999995	570	0	-0.33138	0.83877	0.83849	0.999995	767	0	-0.33138
RCBTB2	8	0.85256	0.85258	0.999995	571	0	-0.16447	0.50726	0.50765	0.780993	79	0	-0.16447
GBP3	8	0.85273	0.85268	0.999995	572	0	-0.072656	0.50726	0.50765	0.780993	683	0	-0.072656
PLXDC1	16	0.85278	0.9214	0.999995	573	2	-0.34322	0.75721	0.75608	0.999995	703	0	-0.34322
MAT1A	8	0.85326	0.85306	0.999995	574	0	-0.26272	0.86287	0.86229	0.999995	794	0	-0.26272
COPZ2	8	0.8536	0.85336	0.999995	575	0	-0.18654	0.50726	0.50765	0.780993	359	0	-0.18654
EZH2	8	0.85447	0.8543	0.999995	576	0	-0.30882	0.99695	0.99683	0.999995	972	0	-0.30882
GNB3	8	0.85533	0.85518	0.999995	577	0	-0.34849	0.8627	0.8621	0.999995	793	0	-0.34849
TMEM30B	8	0.85618	0.85597	0.999995	578	0	-0.25459	0.50726	0.50765	0.780993	219	0	-0.25459
DYNLT1	8	0.85635	0.85615	0.999995	579	0	-0.10372	0.50726	0.50765	0.780993	405	0	-0.10372
TOP1MT	8	0.85652	0.85636	0.999995	580	0	-0.35958	0.91565	0.91491	0.999995	844	0	-0.35958
SIN3B	8	0.85703	0.85685	0.999995	581	0	-0.28116	0.92024	0.91967	0.999995	847	0	-0.28116
XYLT2	8	0.85771	0.85759	0.999995	582	0	-0.41492	0.98338	0.98315	0.999995	929	0	-0.41492
PPP2CB	6	0.85806	0.85967	0.999995	583	0	-0.25696	0.77626	0.77716	0.999995	717	0	-0.25696
RRAGC	8	0.85872	0.85838	0.999995	584	0	-0.11141	0.50726	0.50765	0.780993	65	0	-0.11141
CAND2	8	0.85973	0.85933	0.999995	585	0	-0.36123	0.50726	0.50765	0.780993	495	0	-0.36123
UMPS	8	0.86089	0.8602	0.999995	586	0	-0.25318	0.50726	0.50765	0.780993	261	0	-0.25318
CYP2C8	8	0.86122	0.86055	0.999995	587	0	-0.023596	0.50726	0.50765	0.780993	431	0	-0.023596
PEF1	7	0.86143	0.86014	0.999995	588	0	-0.17991	0.46168	0.46167	0.780993	28	0	-0.17991
RAMP2	8	0.86188	0.86133	0.999995	589	0	-0.34651	0.89933	0.89924	0.999995	829	0	-0.34651
STRIP1	8	0.86238	0.86185	0.999995	590	0	-0.26412	0.88642	0.88618	0.999995	818	0	-0.26412
MECOM	8	0.86287	0.86229	0.999995	591	0	-0.12188	0.50726	0.50765	0.780993	138	0	-0.12188
CCNT2	8	0.86401	0.86345	0.999995	592	0	-0.0025031	0.50726	0.50765	0.780993	498	0	-0.0025031
VRTN	8	0.86433	0.86376	0.999995	593	0	-0.19413	0.94519	0.94443	0.999995	869	0	-0.19413
POU4F2	8	0.8653	0.86469	0.999995	594	0	0	0.50726	0.50765	0.780993	168	0	0
HRH3	8	0.86595	0.86542	0.999995	595	0	-0.095311	0.50726	0.50765	0.780993	570	0	-0.095311
PAPSS2	8	0.86659	0.86602	0.999995	596	0	-0.20554	0.50726	0.50765	0.780993	189	0	-0.20554
CABP5	8	0.86691	0.86633	0.999995	597	0	-0.14194	0.50726	0.50765	0.780993	493	0	-0.14194
TBC1D4	8	0.86738	0.86683	0.999995	598	0	-0.029371	0.50726	0.50765	0.780993	335	0	-0.029371
FLOT1	8	0.86754	0.86694	0.999995	599	0	-0.18189	0.50726	0.50765	0.780993	650	0	-0.18189
RAP1GAP2	8	0.86786	0.86734	0.999995	600	0	-0.24156	0.94356	0.94283	0.999995	867	0	-0.24156
NUMB	8	0.86849	0.86792	0.999995	601	0	-0.14081	0.50726	0.50765	0.780993	180	0	-0.14081
IPO8	8	0.86944	0.86889	0.999995	602	0	-0.014747	0.50726	0.50765	0.780993	546	0	-0.014747
PCBD1	8	0.87084	0.87023	0.999995	603	0	-0.078437	0.50726	0.50765	0.780993	190	0	-0.078437
PIP4P1	8	0.87162	0.87088	0.999995	604	0	-0.16465	0.50726	0.50765	0.780993	158	0	-0.16465
RNF103	8	0.87239	0.87166	0.999995	605	0	-0.19635	0.50726	0.50765	0.780993	52	0	-0.19635
SMARCC1	8	0.87361	0.87293	0.999995	606	0	-0.050371	0.88725	0.887	0.999995	819	0	-0.050371
TANK	8	0.87376	0.87303	0.999995	607	0	-0.1191	0.50726	0.50765	0.780993	333	0	-0.1191
HTR3D	8	0.87407	0.87328	0.999995	608	0	-0.063295	0.83669	0.83641	0.999995	764	0	-0.063295
COQ10B	8	0.87558	0.87494	0.999995	609	0	0	0.50726	0.50765	0.780993	358	0	0
IL6R	8	0.87588	0.87513	0.999995	610	0	-0.29763	0.50726	0.50765	0.780993	532	0	-0.29763
ZNF260	8	0.87648	0.8757	0.999995	611	0	-0.020035	0.50726	0.50765	0.780993	252	0	-0.020035
IDH3B	8	0.87722	0.8764	0.999995	612	0	-0.035614	0.50726	0.50765	0.780993	535	0	-0.035614
CLASP2	8	0.87737	0.87652	0.999995	613	0	-0.22005	0.50726	0.50765	0.780993	392	0	-0.22005
TAS1R2	8	0.87782	0.87705	0.999995	614	0	-0.10441	0.50726	0.50765	0.780993	334	0	-0.10441
CASP4	8	0.87855	0.87783	0.999995	615	0	-0.20171	0.50726	0.50765	0.780993	489	0	-0.20171
ULK2	8	0.8787	0.87795	0.999995	616	0	-0.067053	0.50726	0.50765	0.780993	262	0	-0.067053
FRY	8	0.87943	0.87871	0.999995	617	0	-0.218	0.50726	0.50765	0.780993	619	0	-0.218
SEC23A	8	0.88175	0.8813	0.999995	618	0	-0.23866	0.79926	0.79911	0.999995	731	0	-0.23866
LOR	8	0.88218	0.88175	0.999995	619	0	-0.14635	0.50726	0.50765	0.780993	583	0	-0.14635
MYL7	8	0.88247	0.88211	0.999995	620	0	-0.3958	0.99446	0.99443	0.999995	958	0	-0.3958
GALR3	8	0.88304	0.88264	0.999995	621	0	-0.15821	0.92596	0.92523	0.999995	852	0	-0.15821
CAV1	8	0.88333	0.883	0.999995	622	0	-0.25529	0.50726	0.50765	0.780993	490	0	-0.25529
TNPO2	8	0.88361	0.88337	0.999995	623	0	-0.20754	0.50726	0.50765	0.780993	232	0	-0.20754
KPNA3	8	0.88516	0.88486	0.999995	624	0	-0.075185	0.50726	0.50765	0.780993	604	0	-0.075185
TTC23	8	0.88558	0.88529	0.999995	625	0	-0.15313	0.50726	0.50765	0.780993	210	0	-0.15313
SS18L1	8	0.88655	0.88632	0.999995	626	0	-0.19608	0.50726	0.50765	0.780993	350	0	-0.19608
RHOT1	8	0.88669	0.88646	0.999995	627	0	-0.1045	0.50726	0.50765	0.780993	83	0	-0.1045
LHFPL5	8	0.88725	0.887	0.999995	628	0	-0.33667	0.90386	0.90333	0.999995	831	0	-0.33667
XYLT1	8	0.88738	0.88716	0.999995	629	0	-0.18443	0.79971	0.79959	0.999995	732	0	-0.18443
ERN2	8	0.88752	0.88725	0.999995	630	0	-0.18769	0.86991	0.86933	0.999995	803	0	-0.18769
ZFYVE19	8	0.88766	0.88732	0.999995	631	0	-0.10671	0.50726	0.50765	0.780993	235	0	-0.10671
PLAU	8	0.8878	0.88744	0.999995	632	0	-0.26308	0.87177	0.87099	0.999995	804	0	-0.26308
SNTA1	8	0.88807	0.88781	0.999995	633	0	-0.19153	0.50726	0.50765	0.780993	344	0	-0.19153
DGKI	8	0.88875	0.88859	0.999995	634	0	-0.016094	0.50726	0.50765	0.780993	434	0	-0.016094
ADSSL1	8	0.88889	0.88872	0.999995	635	0	-0.32182	0.84489	0.84448	0.999995	773	0	-0.32182
HTR3E	8	0.88903	0.88887	0.999995	636	0	-0.14213	0.50726	0.50765	0.780993	562	0	-0.14213
H1FOO	8	0.89038	0.89003	0.999995	637	0	-0.098876	0.50726	0.50765	0.780993	668	0	-0.098876
SPTA1	8	0.89065	0.89023	0.999995	638	0	-0.062994	0.50726	0.50765	0.780993	355	0	-0.062994
PPP2R1B	8	0.89078	0.89037	0.999995	639	0	-0.16453	0.50726	0.50765	0.780993	170	0	-0.16453
YBX3	8	0.89105	0.89067	0.999995	640	0	-0.12827	0.50726	0.50765	0.780993	269	0	-0.12827
DENND5B	8	0.89212	0.89182	0.999995	641	0	-0.078498	0.50726	0.50765	0.780993	443	0	-0.078498
FOXB1	8	0.89225	0.89197	0.999995	642	0	-0.1942	0.50726	0.50765	0.780993	624	0	-0.1942
TAF1L	7	0.89277	0.89156	0.999995	643	0	-0.026237	0.46168	0.46167	0.780993	25	0	-0.026237
ADAM19	8	0.89278	0.8925	0.999995	644	0	-0.1882	0.91522	0.91451	0.999995	843	0	-0.1882
SLC25A2	8	0.89291	0.89264	0.999995	645	0	-0.0072764	0.50726	0.50765	0.780993	283	0	-0.0072764
RANBP9	8	0.89304	0.89281	0.999995	646	0	-0.31741	0.50726	0.50765	0.780993	104	0	-0.31741
RGS19	8	0.89317	0.89298	0.999995	647	0	-0.27603	0.50726	0.50765	0.780993	87	0	-0.27603
COPG2	8	0.89422	0.89407	0.999995	648	0	-0.17743	0.50726	0.50765	0.780993	367	0	-0.17743
SATB2	8	0.89461	0.89444	0.999995	649	0	-0.11078	0.50726	0.50765	0.780993	297	0	-0.11078
CRYBB2	7	0.8948	0.89334	0.999995	650	0	-0.090012	0.46168	0.46167	0.780993	33	0	-0.090012
SLC10A2	8	0.89487	0.89467	0.999995	651	0	-0.16709	0.96166	0.961	0.999995	891	0	-0.16709
AIPL1	8	0.89513	0.89493	0.999995	652	0	-0.065277	0.50726	0.50765	0.780993	477	0	-0.065277
TPBGL	8	0.8959	0.89572	0.999995	653	0	-0.16794	0.83303	0.83281	0.999995	761	0	-0.16794
GXYLT2	8	0.89629	0.89609	0.999995	654	0	-0.22854	0.78874	0.78854	0.999995	723	0	-0.22854
SEC11A	7	0.89656	0.89531	0.999995	655	0	-0.03756	0.46168	0.46167	0.780993	47	0	-0.03756
DUOX1	8	0.89706	0.89691	0.999995	656	0	-0.1872	0.50726	0.50765	0.780993	409	0	-0.1872
ATP7B	8	0.89718	0.89703	0.999995	657	0	-0.25165	0.50726	0.50765	0.780993	526	0	-0.25165
ZAP70	8	0.89769	0.89752	0.999995	658	0	-0.096347	0.50726	0.50765	0.780993	242	0	-0.096347
STX17	8	0.89782	0.89766	0.999995	659	0	-0.084054	0.50726	0.50765	0.780993	324	0	-0.084054
STAM	8	0.89794	0.89777	0.999995	660	0	-0.10263	0.50726	0.50765	0.780993	352	0	-0.10263
CAPN2	8	0.89807	0.89785	0.999995	661	0	-0.077384	0.50726	0.50765	0.780993	487	0	-0.077384
PUM1	8	0.89933	0.89924	0.999995	662	0	-0.25327	0.93992	0.93914	0.999995	865	0	-0.25327
CADPS	8	0.89982	0.89976	0.999995	663	0	-0.17878	0.50726	0.50765	0.780993	492	0	-0.17878
PLEK2	8	0.90007	0.89997	0.999995	664	0	-0.21929	0.50726	0.50765	0.780993	153	0	-0.21929
CLTB	8	0.9002	0.90007	0.999995	665	0	-0.060004	0.50726	0.50765	0.780993	379	0	-0.060004
KRTAP1-1	8	0.90045	0.90018	0.999995	666	0	-0.072361	0.50726	0.50765	0.780993	613	0	-0.072361
ABCC3	8	0.90094	0.90063	0.999995	667	0	-0.25445	0.89172	0.89139	0.999995	824	0	-0.25445
PPP3CA	8	0.90118	0.90089	0.999995	668	0	-0.012918	0.50726	0.50765	0.780993	169	0	-0.012918
IRF8	8	0.90143	0.90121	0.999995	669	0	-0.12034	0.50726	0.50765	0.780993	542	0	-0.12034
SEC31B	8	0.90168	0.90142	0.999995	670	0	-0.1772	0.50726	0.50765	0.780993	312	0	-0.1772
SP110	8	0.90192	0.90159	0.999995	671	0	-0.0943	0.81745	0.81752	0.999995	742	0	-0.0943
MACF1	8	0.90204	0.90171	0.999995	672	0	-0.14662	0.50726	0.50765	0.780993	585	0	-0.14662
TOP2B	8	0.90216	0.90179	0.999995	673	0	-0.16841	0.50726	0.50765	0.780993	225	0	-0.16841
GSX2	8	0.90313	0.90262	0.999995	674	0	-0.0032217	0.50726	0.50765	0.780993	672	0	-0.0032217
GRIP2	8	0.90362	0.90312	0.999995	675	0	-0.12075	0.50726	0.50765	0.780993	671	0	-0.12075
SPATA21	8	0.90374	0.90325	0.999995	676	0	-0.15718	0.50726	0.50765	0.780993	340	0	-0.15718
GPSM2	8	0.90422	0.90355	0.999995	677	0	-0.21023	0.50726	0.50765	0.780993	660	0	-0.21023
CRY2	8	0.90445	0.90382	0.999995	678	0	-0.065606	0.50726	0.50765	0.780993	374	0	-0.065606
STAM2	8	0.90493	0.9043	0.999995	679	0	-0.053494	0.50726	0.50765	0.780993	351	0	-0.053494
PIP4P2	8	0.90517	0.90449	0.999995	680	0	-0.16372	0.50726	0.50765	0.780993	151	0	-0.16372
ARFIP2	8	0.90529	0.90459	0.999995	681	0	-0.25238	0.50726	0.50765	0.780993	456	0	-0.25238
AP1G1	8	0.9054	0.90468	0.999995	682	0	-0.12284	0.50726	0.50765	0.780993	453	0	-0.12284
SUSD1	8	0.90552	0.90479	0.999995	683	0	-0.10731	0.50726	0.50765	0.780993	318	0	-0.10731
LIMK2	8	0.90564	0.90486	0.999995	684	0	-0.14517	0.50726	0.50765	0.780993	581	0	-0.14517
YIPF7	8	0.9067	0.90597	0.999995	685	0	-0.17648	0.50726	0.50765	0.780993	240	0	-0.17648
PMM1	8	0.90681	0.9061	0.999995	686	0	-0.20387	0.8476	0.84731	0.999995	776	0	-0.20387
QSOX1	8	0.90716	0.9065	0.999995	687	0	-0.070288	0.50726	0.50765	0.780993	56	0	-0.070288
SEC23B	8	0.90728	0.90656	0.999995	688	0	-0.20793	0.87315	0.87242	0.999995	805	0	-0.20793
MMD2	8	0.90774	0.907	0.999995	689	0	-0.11628	0.50726	0.50765	0.780993	131	0	-0.11628
SBF2	7	0.90809	0.90689	0.999995	690	0	-0.1219	0.46168	0.46167	0.780993	45	0	-0.1219
ADGRG7	8	0.90844	0.9077	0.999995	691	0	-0.12294	0.50726	0.50765	0.780993	486	0	-0.12294
INTS6L	8	0.90867	0.9079	0.999995	692	0	-0.035947	0.50726	0.50765	0.780993	547	0	-0.035947
ATM	8	0.90912	0.90837	0.999995	693	0	-0.17409	0.50726	0.50765	0.780993	509	0	-0.17409
IDH2	8	0.90947	0.90872	0.999995	694	0	-0.19117	0.50726	0.50765	0.780993	536	0	-0.19117
IKBKE	8	0.90958	0.90884	0.999995	695	0	-0.17004	0.50726	0.50765	0.780993	531	0	-0.17004
HACD2	8	0.90981	0.90909	0.999995	696	0	-0.24528	0.97851	0.97791	0.999995	918	0	-0.24528
CYP2A6	8	0.90992	0.90924	0.999995	697	0	-0.22368	0.50726	0.50765	0.780993	432	0	-0.22368
ABCG2	8	0.91082	0.91018	0.999995	698	0	-0.1794	0.50726	0.50765	0.780993	473	0	-0.1794
PRKAB1	8	0.91127	0.91069	0.999995	699	0	-0.13805	0.50726	0.50765	0.780993	66	0	-0.13805
UAP1	8	0.91138	0.91078	0.999995	700	0	-0.071279	0.50726	0.50765	0.780993	212	0	-0.071279
TCF12	8	0.91172	0.9111	0.999995	701	0	-0.040907	0.50726	0.50765	0.780993	330	0	-0.040907
EPS15	8	0.91183	0.91121	0.999995	702	0	-0.17422	0.91304	0.91255	0.999995	842	0	-0.17422
E2F4	8	0.91194	0.91138	0.999995	703	0	-0.16448	0.50726	0.50765	0.780993	418	0	-0.16448
PHLDA3	8	0.9126	0.91204	0.999995	704	0	-0.090238	0.50726	0.50765	0.780993	159	0	-0.090238
CCDC69	8	0.91282	0.91232	0.999995	705	0	-0.11572	0.50726	0.50765	0.780993	505	0	-0.11572
CCNE2	8	0.91326	0.91275	0.999995	706	0	-0.39691	0.50726	0.50765	0.780993	507	0	-0.39691
AP5M1	8	0.91337	0.91289	0.999995	707	0	-0.059312	0.50726	0.50765	0.780993	448	0	-0.059312
GBX1	8	0.91381	0.91317	0.999995	708	0	-0.010355	0.50726	0.50765	0.780993	682	0	-0.010355
CCT6B	8	0.91392	0.91329	0.999995	709	0	-0.14501	0.50726	0.50765	0.780993	500	0	-0.14501
IDH3G	8	0.915	0.91432	0.999995	710	0	-0.015949	0.50726	0.50765	0.780993	537	0	-0.015949
GPR50	8	0.91543	0.91472	0.999995	711	0	-0.098933	0.50726	0.50765	0.780993	658	0	-0.098933
NET1	8	0.91554	0.91482	0.999995	712	0	-0.001168	0.50726	0.50765	0.780993	124	0	-0.001168
DNAJC19	6	0.91578	0.91678	0.999995	713	0	-0.076024	0.41189	0.41252	0.780993	15	0	-0.076024
LIN28A	7	0.91687	0.91573	0.999995	714	0	-0.28246	0.96622	0.96624	0.999995	899	0	-0.28246
VPS26B	8	0.91692	0.91627	0.999995	715	0	-0.090458	0.50726	0.50765	0.780993	271	0	-0.090458
FNIP1	8	0.91703	0.9163	0.999995	716	0	-0.17152	0.50726	0.50765	0.780993	621	0	-0.17152
UNC119B	8	0.91745	0.91673	0.999995	717	0	-0.17429	0.83896	0.83878	0.999995	768	0	-0.17429
APH1B	8	0.9186	0.91802	0.999995	718	0	-0.15679	0.50726	0.50765	0.780993	454	0	-0.15679
PTPN6	8	0.91932	0.91873	0.999995	719	0	-0.099977	0.50726	0.50765	0.780993	61	0	-0.099977
HMGCS2	8	0.91942	0.91882	0.999995	720	0	-0.207	0.50726	0.50765	0.780993	553	0	-0.207
PTCH1	8	0.91952	0.91887	0.999995	721	0	-0.16093	0.50726	0.50765	0.780993	53	0	-0.16093
SEC14L3	8	0.91993	0.91928	0.999995	722	0	-0.22129	0.50726	0.50765	0.780993	313	0	-0.22129
CTPS1	8	0.92014	0.91955	0.999995	723	0	-0.25453	0.50726	0.50765	0.780993	369	0	-0.25453
FSD1L	8	0.92034	0.91976	0.999995	724	0	-0.10936	0.50726	0.50765	0.780993	633	0	-0.10936
GBX2	8	0.92075	0.92011	0.999995	725	0	-0.16253	0.86818	0.86762	0.999995	800	0	-0.16253
HPS1	8	0.92105	0.92042	0.999995	726	0	-0.23739	0.87618	0.8754	0.999995	807	0	-0.23739
VANGL2	8	0.92125	0.92072	0.999995	727	0	-0.30371	0.97404	0.97338	0.999995	911	0	-0.30371
JUP	8	0.92145	0.92091	0.999995	728	0	-0.15368	0.50726	0.50765	0.780993	600	0	-0.15368
SAR1B	8	0.92216	0.92162	0.999995	729	0	-0.091782	0.90992	0.90924	0.999995	838	0	-0.091782
DRD3	8	0.92265	0.92203	0.999995	730	0	-0.10228	0.50726	0.50765	0.780993	410	0	-0.10228
RNF44	8	0.92285	0.92236	0.999995	731	0	-0.17301	0.50726	0.50765	0.780993	95	0	-0.17301
LBX1	8	0.92383	0.92336	0.999995	732	0	-0.031053	0.50726	0.50765	0.780993	579	0	-0.031053
EFR3B	8	0.92413	0.92359	0.999995	733	0	-0.2196	0.50726	0.50765	0.780993	420	0	-0.2196
FLNC	8	0.92672	0.92592	0.999995	734	0	-0.29117	0.83496	0.83476	0.999995	762	0	-0.29117
IDH1	8	0.92682	0.92603	0.999995	735	0	-0.063809	0.50726	0.50765	0.780993	565	0	-0.063809
ESRP2	8	0.92729	0.92654	0.999995	736	0	-0.079075	0.50726	0.50765	0.780993	641	0	-0.079075
MPC1	8	0.92747	0.92677	0.999995	737	0	-0.11503	0.50726	0.50765	0.780993	139	0	-0.11503
CHMP1B	8	0.92785	0.92708	0.999995	738	0	-0.1287	0.50726	0.50765	0.780993	397	0	-0.1287
TBC1D9	8	0.92794	0.92721	0.999995	739	0	-0.11748	0.50726	0.50765	0.780993	328	0	-0.11748
GDF15	8	0.92804	0.9273	0.999995	740	0	-0.0048126	0.50726	0.50765	0.780993	676	0	-0.0048126
CHSY3	8	0.92841	0.92766	0.999995	741	0	-0.090384	0.50726	0.50765	0.780993	400	0	-0.090384
STX7	8	0.92924	0.92854	0.999995	742	0	-0.064047	0.50726	0.50765	0.780993	325	0	-0.064047
GJA8	8	0.92997	0.92917	0.999995	743	0	-0.28834	0.50726	0.50765	0.780993	684	0	-0.28834
FXR2	8	0.93006	0.92923	0.999995	744	0	-0.12519	0.50726	0.50765	0.780993	626	0	-0.12519
SUV39H2	7	0.93015	0.92975	0.999995	745	0	-0.017592	0.46168	0.46167	0.780993	20	0	-0.017592
CLTCL1	8	0.93105	0.93023	0.999995	746	0	-0.12219	0.50726	0.50765	0.780993	364	0	-0.12219
PPP3R1	8	0.93177	0.93088	0.999995	747	0	-0.050847	0.50726	0.50765	0.780993	161	0	-0.050847
TREM2	8	0.93185	0.93095	0.999995	748	0	-0.14943	0.50726	0.50765	0.780993	201	0	-0.14943
SMARCA2	8	0.93282	0.932	0.999995	749	0	-0.1035	0.50726	0.50765	0.780993	295	0	-0.1035
ERN1	8	0.93352	0.93273	0.999995	750	0	-0.1077	0.50726	0.50765	0.780993	638	0	-0.1077
CAVIN1	8	0.93361	0.93283	0.999995	751	0	-0.20632	0.50726	0.50765	0.780993	497	0	-0.20632
ESRP1	8	0.93396	0.93321	0.999995	752	0	-0.10853	0.776	0.7757	0.999995	716	0	-0.10853
SLC11A1	8	0.93413	0.93338	0.999995	753	0	-0.19991	0.50726	0.50765	0.780993	310	0	-0.19991
PHLDA2	8	0.93421	0.93349	0.999995	754	0	-0.16362	0.50726	0.50765	0.780993	157	0	-0.16362
SERPINA11	8	0.93481	0.93402	0.999995	755	0	-0.098133	0.50726	0.50765	0.780993	314	0	-0.098133
LNX1	8	0.93515	0.93442	0.999995	756	0	-0.11155	0.50726	0.50765	0.780993	575	0	-0.11155
RRM2B	16	0.93517	0.95073	0.999995	757	1	-0.3237	0.75721	0.75608	0.999995	707	0	-0.3237
PXDNL	8	0.936	0.93527	0.999995	758	0	-0.088225	0.50726	0.50765	0.780993	55	0	-0.088225
ARHGEF3	8	0.93625	0.93553	0.999995	759	0	-0.08824	0.50726	0.50765	0.780993	455	0	-0.08824
ZNF284	8	0.93634	0.93561	0.999995	760	0	-0.096554	0.50726	0.50765	0.780993	254	0	-0.096554
RHOBTB2	8	0.93675	0.93594	0.999995	761	0	-0.21604	0.50726	0.50765	0.780993	81	0	-0.21604
PTF1A	8	0.93684	0.93603	0.999995	762	0	-0.22506	0.50726	0.50765	0.780993	48	0	-0.22506
SNRPN	7	0.93685	0.93612	0.999995	763	0	-0.13461	0.46168	0.46167	0.780993	35	0	-0.13461
SLC25A24	8	0.93725	0.93654	0.999995	764	0	-0.24127	0.50726	0.50765	0.780993	285	0	-0.24127
WRN	8	0.93807	0.93734	0.999995	765	0	-0.3401	0.50726	0.50765	0.780993	267	0	-0.3401
MTA1	8	0.93823	0.93747	0.999995	766	0	-0.18779	0.50726	0.50765	0.780993	149	0	-0.18779
OSBPL6	8	0.93848	0.93766	0.999995	767	0	-0.15556	0.80711	0.80729	0.999995	735	0	-0.15556
GRM4	8	0.93864	0.93785	0.999995	768	0	-0.1975	0.50726	0.50765	0.780993	670	0	-0.1975
CLASP1	8	0.93872	0.93799	0.999995	769	0	-0.060843	0.50726	0.50765	0.780993	399	0	-0.060843
PMM2	8	0.93896	0.93819	0.999995	770	0	-0.033053	0.50726	0.50765	0.780993	167	0	-0.033053
SLC25A25	8	0.93944	0.93867	0.999995	771	0	-0.17176	0.50726	0.50765	0.780993	284	0	-0.17176
MYCN	8	0.93976	0.939	0.999995	772	0	-0.2409	0.50726	0.50765	0.780993	144	0	-0.2409
GDI1	8	0.94008	0.93929	0.999995	773	0	-0.032785	0.50726	0.50765	0.780993	675	0	-0.032785
VIM	8	0.94087	0.94019	0.999995	774	0	-0.10076	0.50726	0.50765	0.780993	259	0	-0.10076
RANBP10	8	0.94095	0.94024	0.999995	775	0	-0.15391	0.50726	0.50765	0.780993	99	0	-0.15391
EPHA2	8	0.94103	0.94032	0.999995	776	0	-0.1802	0.50726	0.50765	0.780993	415	0	-0.1802
EAF1	8	0.94118	0.94044	0.999995	777	0	-0.24922	0.96406	0.96356	0.999995	894	0	-0.24922
FKBP10	8	0.94134	0.94053	0.999995	778	0	-0.22942	0.50726	0.50765	0.780993	646	0	-0.22942
ADAP2	8	0.94142	0.94059	0.999995	779	0	-0.19475	0.50726	0.50765	0.780993	483	0	-0.19475
CDS1	8	0.94181	0.94095	0.999995	780	0	-0.075722	0.50726	0.50765	0.780993	380	0	-0.075722
OSMR	8	0.94196	0.94113	0.999995	781	0	-0.16941	0.50726	0.50765	0.780993	176	0	-0.16941
EFNB1	8	0.94204	0.94123	0.999995	782	0	-0.0052989	0.50726	0.50765	0.780993	419	0	-0.0052989
PLD2	8	0.94219	0.94135	0.999995	783	0	-0.22768	0.50726	0.50765	0.780993	154	0	-0.22768
ELL2	7	0.94243	0.94183	0.999995	784	0	-0.22165	0.46168	0.46167	0.780993	44	0	-0.22165
CYFIP2	8	0.94295	0.94231	0.999995	785	0	-0.06526	0.50726	0.50765	0.780993	428	0	-0.06526
FCRL3	8	0.94364	0.94288	0.999995	786	0	-0.1872	0.89092	0.89049	0.999995	821	0	-0.1872
ADM	8	0.94416	0.9434	0.999995	787	0	-0.20376	0.50726	0.50765	0.780993	485	0	-0.20376
COPS7A	8	0.94446	0.94366	0.999995	788	0	-0.28972	0.8212	0.82116	0.999995	746	0	-0.28972
PSEN1	8	0.94512	0.94435	0.999995	789	0	-0.17469	0.50726	0.50765	0.780993	75	0	-0.17469
ARSJ	8	0.94527	0.94447	0.999995	790	0	-0.22244	0.50726	0.50765	0.780993	516	0	-0.22244
LMBR1	8	0.94534	0.94457	0.999995	791	0	-0.016798	0.50726	0.50765	0.780993	574	0	-0.016798
ERBB3	16	0.94549	0.95521	0.999995	792	1	-0.15729	0.75721	0.75608	0.999995	698	0	-0.15729
KLF4	8	0.94585	0.94512	0.999995	793	0	-0.2733	0.50726	0.50765	0.780993	596	0	-0.2733
HMG20B	8	0.946	0.9453	0.999995	794	0	-0.18513	0.50726	0.50765	0.780993	559	0	-0.18513
RBPJ	8	0.94614	0.94546	0.999995	795	0	-0.048528	0.50726	0.50765	0.780993	100	0	-0.048528
CNOT8	7	0.94633	0.94573	0.999995	796	0	0	0.46168	0.46167	0.780993	30	0	0
SERPINA12	16	0.94633	0.95577	0.999995	797	1	-0.16974	0.75721	0.75608	0.999995	706	0	-0.16974
CDK17	8	0.94636	0.94574	0.999995	798	0	-0.3525	0.50726	0.50765	0.780993	389	0	-0.3525
HTR2C	8	0.94693	0.94632	0.999995	799	0	-0.044435	0.50726	0.50765	0.780993	563	0	-0.044435
SAP30L	8	0.94714	0.94647	0.999995	800	0	-0.17061	0.50726	0.50765	0.780993	305	0	-0.17061
ATAD2	8	0.94736	0.94671	0.999995	801	0	-0.074693	0.50726	0.50765	0.780993	517	0	-0.074693
TRPC7	8	0.9482	0.94761	0.999995	802	0	-0.033368	0.50726	0.50765	0.780993	195	0	-0.033368
BZW1	6	0.94863	0.94914	0.999995	803	0	-0.23989	0.86946	0.87119	0.999995	802	0	-0.23989
FAM126A	8	0.9489	0.9484	0.999995	804	0	-0.09786	0.50726	0.50765	0.780993	637	0	-0.09786
TRIM25	8	0.94931	0.94886	0.999995	805	0	-0.14748	0.50726	0.50765	0.780993	203	0	-0.14748
KRTAP10-10	8	0.94985	0.94944	0.999995	806	0	0	0.50726	0.50765	0.780993	606	0	0
ZDHHC13	8	0.94992	0.94949	0.999995	807	0	-0.073528	0.50726	0.50765	0.780993	244	0	-0.073528
KRT74	8	0.95019	0.94979	0.999995	808	0	-0.14086	0.50726	0.50765	0.780993	614	0	-0.14086
SAMD4A	8	0.95053	0.95009	0.999995	809	0	-0.22663	0.98581	0.98573	0.999995	937	0	-0.22663
NDUFC1	8	0.95066	0.95017	0.999995	810	0	-0.11963	0.50726	0.50765	0.780993	117	0	-0.11963
ANKRD37	8	0.95106	0.95053	0.999995	811	0	-0.098778	0.50726	0.50765	0.780993	450	0	-0.098778
CD163L1	8	0.95113	0.95055	0.999995	812	0	-0.12841	0.8992	0.89909	0.999995	828	0	-0.12841
UNC45B	8	0.95139	0.95083	0.999995	813	0	-0.17532	0.50726	0.50765	0.780993	263	0	-0.17532
RNF144A	8	0.95198	0.95152	0.999995	814	0	-0.062177	0.50726	0.50765	0.780993	88	0	-0.062177
FOXA1	8	0.95218	0.95163	0.999995	815	0	-0.075779	0.50726	0.50765	0.780993	625	0	-0.075779
ATP5PB	8	0.95263	0.95206	0.999995	816	0	-0.17595	0.50726	0.50765	0.780993	519	0	-0.17595
BECN2	8	0.9527	0.95214	0.999995	817	0	-0.056693	0.90216	0.90179	0.999995	830	0	-0.056693
RNF10	8	0.95302	0.95242	0.999995	818	0	-0.1943	0.50726	0.50765	0.780993	50	0	-0.1943
ABTB2	8	0.95378	0.95299	0.999995	819	0	-0.15927	0.50726	0.50765	0.780993	467	0	-0.15927
PPP3CC	8	0.95385	0.95308	0.999995	820	0	-0.1275	0.50726	0.50765	0.780993	162	0	-0.1275
CCNL2	8	0.95429	0.95352	0.999995	821	0	-0.12502	0.50726	0.50765	0.780993	506	0	-0.12502
ERC1	8	0.95435	0.95355	0.999995	822	0	-0.0071007	0.50726	0.50765	0.780993	616	0	-0.0071007
KAT6B	8	0.95491	0.95406	0.999995	823	0	-0.18309	0.86238	0.86185	0.999995	792	0	-0.18309
COX4I1	8	0.95497	0.9542	0.999995	824	0	-0.23321	0.89145	0.89109	0.999995	822	0	-0.23321
ZNF146	8	0.9554	0.95462	0.999995	825	0	0	0.50726	0.50765	0.780993	251	0	0
ATP8B3	8	0.95589	0.95504	0.999995	826	0	-0.16139	0.50726	0.50765	0.780993	525	0	-0.16139
MYD88	8	0.95625	0.95537	0.999995	827	0	-0.13736	0.50726	0.50765	0.780993	143	0	-0.13736
CBLL2	8	0.95631	0.95541	0.999995	828	0	-0.08491	0.50726	0.50765	0.780993	503	0	-0.08491
RNF38	8	0.95649	0.95553	0.999995	829	0	-0.056219	0.50726	0.50765	0.780993	78	0	-0.056219
ERO1B	8	0.95673	0.95589	0.999995	830	0	-0.057549	0.50726	0.50765	0.780993	642	0	-0.057549
NCKAP1L	8	0.95685	0.95595	0.999995	831	0	-0.19722	0.81406	0.81413	0.999995	739	0	-0.19722
TBK1	8	0.95756	0.95673	0.999995	832	0	-0.14677	0.50726	0.50765	0.780993	327	0	-0.14677
CAB39L	8	0.95774	0.95694	0.999995	833	0	-0.1385	0.50726	0.50765	0.780993	508	0	-0.1385
MBD3L1	8	0.95803	0.95723	0.999995	834	0	-0.20519	0.50726	0.50765	0.780993	587	0	-0.20519
RNF125	8	0.95809	0.95731	0.999995	835	0	-0.11314	0.50726	0.50765	0.780993	102	0	-0.11314
TLN2	8	0.95814	0.95733	0.999995	836	0	-0.34868	0.98073	0.98029	0.999995	922	0	-0.34868
MYH7	8	0.95826	0.95745	0.999995	837	0	-0.21927	0.50726	0.50765	0.780993	128	0	-0.21927
ERO1A	8	0.95855	0.95779	0.999995	838	0	-0.16183	0.50726	0.50765	0.780993	643	0	-0.16183
H2BFM	8	0.9586	0.95783	0.999995	839	0	-0.030143	0.50726	0.50765	0.780993	557	0	-0.030143
LNX2	8	0.95906	0.95831	0.999995	840	0	-0.21718	0.50726	0.50765	0.780993	577	0	-0.21718
DCAF4L2	8	0.95917	0.95846	0.999995	841	0	-0.12403	0.50726	0.50765	0.780993	425	0	-0.12403
CLCA1	8	0.95968	0.95897	0.999995	842	0	-0.055467	0.50726	0.50765	0.780993	391	0	-0.055467
AP2A2	8	0.95979	0.95914	0.999995	843	0	-0.13475	0.50726	0.50765	0.780993	444	0	-0.13475
ABL1	8	0.96018	0.95951	0.999995	844	0	-0.13396	0.50726	0.50765	0.780993	475	0	-0.13396
CAT	8	0.96041	0.95968	0.999995	845	0	-0.055478	0.50726	0.50765	0.780993	491	0	-0.055478
DYNC1LI2	8	0.96046	0.95974	0.999995	846	0	-0.032256	0.50726	0.50765	0.780993	401	0	-0.032256
ITSN1	8	0.96063	0.95986	0.999995	847	0	-0.23069	0.88318	0.88289	0.999995	814	0	-0.23069
PTCH2	8	0.96068	0.95993	0.999995	848	0	-0.29427	0.50726	0.50765	0.780993	54	0	-0.29427
DDX39A	8	0.96074	0.96	0.999995	849	0	-0.23332	0.50726	0.50765	0.780993	433	0	-0.23332
PACS2	8	0.9609	0.96018	0.999995	850	0	-0.095337	0.50726	0.50765	0.780993	182	0	-0.095337
PRDM16	8	0.96144	0.96074	0.999995	851	0	-0.24759	0.85922	0.85881	0.999995	788	0	-0.24759
CLIP4	8	0.96155	0.96089	0.999995	852	0	-0.057853	0.50726	0.50765	0.780993	395	0	-0.057853
ARFIP1	8	0.96187	0.9612	0.999995	853	0	-0.020916	0.50726	0.50765	0.780993	463	0	-0.020916
GIT1	8	0.96214	0.96142	0.999995	854	0	-0.042229	0.50726	0.50765	0.780993	689	0	-0.042229
TMEM185B	8	0.96282	0.9622	0.999995	855	0	-0.093523	0.50726	0.50765	0.780993	217	0	-0.093523
CLTA	8	0.96355	0.96297	0.999995	856	0	-0.063748	0.50726	0.50765	0.780993	394	0	-0.063748
ABCA3	8	0.96416	0.96365	0.999995	857	0	-0.19517	0.50726	0.50765	0.780993	472	0	-0.19517
FAM126B	8	0.96451	0.96409	0.999995	858	0	-0.0072482	0.50726	0.50765	0.780993	636	0	-0.0072482
HRH1	8	0.96501	0.96462	0.999995	859	0	-0.068978	0.50726	0.50765	0.780993	571	0	-0.068978
SEC11C	8	0.96506	0.96466	0.999995	860	0	-0.15256	0.50726	0.50765	0.780993	300	0	-0.15256
NCK1	8	0.96516	0.96477	0.999995	861	0	-0.019121	0.50726	0.50765	0.780993	108	0	-0.019121
TNKS2	8	0.96536	0.96491	0.999995	862	0	-0.041559	0.50726	0.50765	0.780993	230	0	-0.041559
EZH1	8	0.96555	0.96508	0.999995	863	0	-0.10125	0.81148	0.81147	0.999995	737	0	-0.10125
MTUS1	8	0.9656	0.96516	0.999995	864	0	-0.075708	0.77474	0.77446	0.999995	714	0	-0.075708
EGFR	8	0.9658	0.96528	0.999995	865	0	-0.30146	0.50726	0.50765	0.780993	413	0	-0.30146
NR5A1	8	0.96594	0.96543	0.999995	866	0	-0.039307	0.50726	0.50765	0.780993	121	0	-0.039307
LARP1B	8	0.96599	0.96545	0.999995	867	0	-0.2065	0.50726	0.50765	0.780993	607	0	-0.2065
PTPN21	8	0.96604	0.96548	0.999995	868	0	-0.15338	0.50726	0.50765	0.780993	60	0	-0.15338
S100A6	8	0.96652	0.96598	0.999995	869	0	-0.28064	0.50726	0.50765	0.780993	303	0	-0.28064
NAPB	8	0.96666	0.96612	0.999995	870	0	-0.086553	0.50726	0.50765	0.780993	113	0	-0.086553
BCAP31	8	0.96675	0.96617	0.999995	871	0	-0.20856	0.50726	0.50765	0.780993	521	0	-0.20856
RBPJL	8	0.9669	0.96632	0.999995	872	0	-0.085457	0.50726	0.50765	0.780993	101	0	-0.085457
EAF2	8	0.96713	0.96649	0.999995	873	0	-0.066429	0.50726	0.50765	0.780993	417	0	-0.066429
ENOX2	8	0.96755	0.9669	0.999995	874	0	-0.035726	0.50726	0.50765	0.780993	414	0	-0.035726
MAP4K4	8	0.96806	0.9674	0.999995	875	0	-0.0095061	0.50726	0.50765	0.780993	586	0	-0.0095061
DPCR1	8	0.96851	0.96785	0.999995	876	0	-0.069488	0.50726	0.50765	0.780993	408	0	-0.069488
JAG2	8	0.96923	0.96865	0.999995	877	0	-0.069187	0.50726	0.50765	0.780993	572	0	-0.069187
NETO1	8	0.9698	0.96914	0.999995	878	0	-0.022368	0.50726	0.50765	0.780993	123	0	-0.022368
RSC1A1	8	0.97002	0.96942	0.999995	879	0	-0.17887	0.98179	0.98145	0.999995	924	0	-0.17887
SPTLC3	8	0.9704	0.96978	0.999995	880	0	-0.046186	0.50726	0.50765	0.780993	356	0	-0.046186
RALGPS1	8	0.97053	0.96997	0.999995	881	0	-0.025082	0.50726	0.50765	0.780993	98	0	-0.025082
ISL1	8	0.9707	0.97016	0.999995	882	0	-0.056281	0.50726	0.50765	0.780993	541	0	-0.056281
SLC25A15	8	0.97087	0.97026	0.999995	883	0	-0.06352	0.50726	0.50765	0.780993	281	0	-0.06352
TXNDC8	8	0.971	0.97039	0.999995	884	0	-0.082091	0.50726	0.50765	0.780993	211	0	-0.082091
FKBP4	8	0.97121	0.97057	0.999995	885	0	-0.13532	0.50726	0.50765	0.780993	648	0	-0.13532
KLF5	8	0.97141	0.97072	0.999995	886	0	-0.0075709	0.50726	0.50765	0.780993	598	0	-0.0075709
DMXL2	8	0.97158	0.97088	0.999995	887	0	-0.060061	0.83009	0.82984	0.999995	756	0	-0.060061
MTUS2	8	0.97227	0.97153	0.999995	888	0	-0.21041	0.50726	0.50765	0.780993	140	0	-0.21041
USP13	8	0.97268	0.9719	0.999995	889	0	-0.1256	0.50726	0.50765	0.780993	265	0	-0.1256
GYS1	8	0.97276	0.97199	0.999995	890	0	-0.17233	0.50726	0.50765	0.780993	666	0	-0.17233
ALAS2	8	0.97303	0.9723	0.999995	891	0	-0.057614	0.50726	0.50765	0.780993	479	0	-0.057614
CTCFL	8	0.97319	0.97247	0.999995	892	0	-0.088348	0.50726	0.50765	0.780993	377	0	-0.088348
ACACB	8	0.97323	0.97248	0.999995	893	0	-0.11334	0.50726	0.50765	0.780993	468	0	-0.11334
ADARB1	8	0.97346	0.97273	0.999995	894	0	-0.054374	0.50726	0.50765	0.780993	482	0	-0.054374
ABL2	8	0.9737	0.973	0.999995	895	0	-0.1137	0.50726	0.50765	0.780993	474	0	-0.1137
PSMB9	8	0.97381	0.97315	0.999995	896	0	-0.22282	0.50726	0.50765	0.780993	72	0	-0.22282
BATF3	8	0.97393	0.97326	0.999995	897	0	-0.1876	0.50726	0.50765	0.780993	528	0	-0.1876
TANC1	8	0.97412	0.97342	0.999995	898	0	-0.17336	0.88361	0.88337	0.999995	815	0	-0.17336
TANC2	7	0.97441	0.97438	0.999995	899	0	-0.14379	0.46168	0.46167	0.780993	27	0	-0.14379
CYP26C1	8	0.97442	0.97374	0.999995	900	0	-0.15952	0.50726	0.50765	0.780993	430	0	-0.15952
UBQLN3	8	0.97453	0.97381	0.999995	901	0	-0.022173	0.50726	0.50765	0.780993	206	0	-0.022173
GPR183	8	0.97531	0.97466	0.999995	902	0	-0.1075	0.50726	0.50765	0.780993	663	0	-0.1075
DYNLT3	6	0.97569	0.97553	0.999995	903	0	-0.033183	0.41189	0.41252	0.780993	5	0	-0.033183
GALNT2	8	0.97575	0.97513	0.999995	904	0	-0.085749	0.50726	0.50765	0.780993	681	0	-0.085749
TMEM120B	8	0.97582	0.97516	0.999995	905	0	-0.12785	0.50726	0.50765	0.780993	216	0	-0.12785
KCNMB3	7	0.97609	0.97605	0.999995	906	0	-0.016821	0.46168	0.46167	0.780993	24	0	-0.016821
TBPL2	8	0.97624	0.97565	0.999995	907	0	-0.13333	0.50726	0.50765	0.780993	329	0	-0.13333
NOX3	8	0.97653	0.97592	0.999995	908	0	-0.025672	0.50726	0.50765	0.780993	120	0	-0.025672
NCK2	8	0.97684	0.97625	0.999995	909	0	-0.044968	0.50726	0.50765	0.780993	107	0	-0.044968
ARFGEF1	8	0.97691	0.97633	0.999995	910	0	-0.086807	0.50726	0.50765	0.780993	464	0	-0.086807
TMEM9B	8	0.97694	0.97637	0.999995	911	0	-0.06805	0.50726	0.50765	0.780993	218	0	-0.06805
RNF2	7	0.9776	0.97776	0.999995	912	0	-0.13523	0.46168	0.46167	0.780993	41	0	-0.13523
CPS1	8	0.97762	0.97708	0.999995	913	0	-0.27575	0.87692	0.87611	0.999995	808	0	-0.27575
DUOX2	8	0.97792	0.97733	0.999995	914	0	-0.11159	0.50726	0.50765	0.780993	402	0	-0.11159
CALY	8	0.97822	0.97762	0.999995	915	0	-0.17439	0.50726	0.50765	0.780993	496	0	-0.17439
APOBEC3C	8	0.97825	0.97765	0.999995	916	0	-0.12019	0.50726	0.50765	0.780993	460	0	-0.12019
TOMM40L	8	0.9788	0.97816	0.999995	917	0	-0.16087	0.50726	0.50765	0.780993	226	0	-0.16087
PXDN	8	0.97883	0.97821	0.999995	918	0	-0.15413	0.50726	0.50765	0.780993	58	0	-0.15413
HACD1	8	0.97896	0.97833	0.999995	919	0	-0.1391	0.50726	0.50765	0.780993	556	0	-0.1391
TIRAP	8	0.97946	0.97899	0.999995	920	0	-0.15868	0.50726	0.50765	0.780993	223	0	-0.15868
DENND5A	8	0.97955	0.97909	0.999995	921	0	-0.11815	0.50726	0.50765	0.780993	441	0	-0.11815
SMARCC2	8	0.98004	0.97958	0.999995	922	0	-0.068544	0.50726	0.50765	0.780993	287	0	-0.068544
SMAP1	8	0.9801	0.97965	0.999995	923	0	-0.0018708	0.50726	0.50765	0.780993	292	0	-0.0018708
DZIP3	8	0.98019	0.97972	0.999995	924	0	-0.10119	0.50726	0.50765	0.780993	411	0	-0.10119
YAF2	8	0.98046	0.97999	0.999995	925	0	-0.22054	0.50726	0.50765	0.780993	270	0	-0.22054
CNOT6L	6	0.98063	0.98052	0.999995	926	0	-0.035056	0.41189	0.41252	0.780993	17	0	-0.035056
ARID1B	8	0.98064	0.98017	0.999995	927	0	-0.10758	0.50726	0.50765	0.780993	458	0	-0.10758
MPC1L	8	0.98067	0.9802	0.999995	928	0	0	0.50726	0.50765	0.780993	146	0	0
TFDP3	7	0.98097	0.98127	0.999995	929	0	0	0.46168	0.46167	0.780993	29	0	0
SATB1	8	0.98125	0.98088	0.999995	930	0	-0.091378	0.50726	0.50765	0.780993	298	0	-0.091378
AKAP11	8	0.98128	0.98091	0.999995	931	0	-0.16128	0.79857	0.79831	0.999995	730	0	-0.16128
PTPN14	8	0.98171	0.98134	0.999995	932	0	-0.079001	0.50726	0.50765	0.780993	49	0	-0.079001
NR5A2	8	0.98201	0.9817	0.999995	933	0	-0.12438	0.50726	0.50765	0.780993	178	0	-0.12438
SLITRK1	8	0.98314	0.98288	0.999995	934	0	-0.073759	0.88132	0.88073	0.999995	812	0	-0.073759
AMELX	8	0.98322	0.98294	0.999995	935	0	0	0.50726	0.50765	0.780993	480	0	0
IL6ST	8	0.98335	0.9831	0.999995	936	0	-0.097152	0.50726	0.50765	0.780993	534	0	-0.097152
PLCG1	8	0.98353	0.98332	0.999995	937	0	-0.12042	0.50726	0.50765	0.780993	150	0	-0.12042
KIAA0319L	8	0.98356	0.98334	0.999995	938	0	-0.064763	0.50726	0.50765	0.780993	594	0	-0.064763
PDX1	8	0.98396	0.98384	0.999995	939	0	-0.023157	0.50726	0.50765	0.780993	156	0	-0.023157
NSDHL	8	0.98426	0.98418	0.999995	940	0	-0.0044	0.50726	0.50765	0.780993	179	0	-0.0044
IKBKB	8	0.98431	0.9842	0.999995	941	0	-0.096388	0.50726	0.50765	0.780993	538	0	-0.096388
DDI1	16	0.98437	0.98519	0.999995	942	0	-0.022073	0.75721	0.75608	0.999995	710	0	-0.022073
KCNT1	8	0.98453	0.98444	0.999995	943	0	-0.23423	0.50726	0.50765	0.780993	601	0	-0.23423
LATS1	8	0.98482	0.98477	0.999995	944	0	-0.1406	0.50726	0.50765	0.780993	609	0	-0.1406
PCDH1	8	0.98503	0.98498	0.999995	945	0	-0.078556	0.50726	0.50765	0.780993	191	0	-0.078556
DST	8	0.98508	0.98501	0.999995	946	0	-0.11933	0.83244	0.83227	0.999995	760	0	-0.11933
ATOH1	8	0.98513	0.98504	0.999995	947	0	-0.1253	0.50726	0.50765	0.780993	511	0	-0.1253
FAM71B	8	0.98517	0.98512	0.999995	948	0	-0.052682	0.50726	0.50765	0.780993	652	0	-0.052682
EPHA3	8	0.98534	0.98522	0.999995	949	0	-0.053752	0.50726	0.50765	0.780993	678	0	-0.053752
ASCL1	8	0.98577	0.9857	0.999995	950	0	-0.081219	0.50726	0.50765	0.780993	518	0	-0.081219
STRADA	8	0.98584	0.98575	0.999995	951	0	-0.091451	0.50726	0.50765	0.780993	337	0	-0.091451
TMEM9	8	0.98608	0.98602	0.999995	952	0	-0.18747	0.84434	0.84384	0.999995	772	0	-0.18747
CDK19	16	0.98609	0.98688	0.999995	953	0	-0.078815	0.75721	0.75608	0.999995	711	0	-0.078815
NXT2	8	0.98628	0.98613	0.999995	954	0	-0.16586	0.50726	0.50765	0.780993	172	0	-0.16586
RANBP6	6	0.98629	0.98619	0.999995	955	0	0	0.41189	0.41252	0.780993	4	0	0
DZIP1L	8	0.98667	0.98652	0.999995	956	0	-0.12565	0.50726	0.50765	0.780993	404	0	-0.12565
CHM	8	0.98673	0.98662	0.999995	957	0	-0.0026409	0.50726	0.50765	0.780993	383	0	-0.0026409
SLC11A2	8	0.98727	0.98714	0.999995	958	0	-0.23849	0.98455	0.98449	0.999995	932	0	-0.23849
PLCG2	8	0.98737	0.98722	0.999995	959	0	-0.080195	0.50726	0.50765	0.780993	152	0	-0.080195
SLC35F4	8	0.98768	0.98754	0.999995	960	0	-0.055213	0.50726	0.50765	0.780993	280	0	-0.055213
CHML	8	0.98774	0.98758	0.999995	961	0	-0.079773	0.50726	0.50765	0.780993	390	0	-0.079773
ARFGEF2	8	0.98781	0.98762	0.999995	962	0	-0.080691	0.79464	0.79432	0.999995	727	0	-0.080691
PGLS	8	0.98809	0.98788	0.999995	963	0	-0.006993	0.50726	0.50765	0.780993	155	0	-0.006993
GRHL3	8	0.98813	0.98792	0.999995	964	0	-0.12499	0.50726	0.50765	0.780993	665	0	-0.12499
GLIS3	8	0.98822	0.98798	0.999995	965	0	0	0.50726	0.50765	0.780993	688	0	0
CWF19L1	8	0.98834	0.98808	0.999995	966	0	-0.1476	0.50726	0.50765	0.780993	372	0	-0.1476
ENOX1	8	0.98843	0.98816	0.999995	967	0	-0.049746	0.50726	0.50765	0.780993	412	0	-0.049746
AQP8	8	0.98896	0.98866	0.999995	968	0	-0.081002	0.50726	0.50765	0.780993	462	0	-0.081002
ADARB2	8	0.98904	0.98868	0.999995	969	0	-0.18857	0.50726	0.50765	0.780993	484	0	-0.18857
ALAS1	16	0.98932	0.99006	0.999995	970	0	-0.10788	0.75721	0.75608	0.999995	708	0	-0.10788
TOMM20L	8	0.98982	0.98966	0.999995	971	0	-0.15374	0.90398	0.9034	0.999995	832	0	-0.15374
CTPS2	8	0.98995	0.98982	0.999995	972	0	0	0.50726	0.50765	0.780993	371	0	0
JAG1	8	0.99042	0.99022	0.999995	973	0	-0.062051	0.50726	0.50765	0.780993	544	0	-0.062051
NETO2	8	0.9905	0.99029	0.999995	974	0	-0.053422	0.50726	0.50765	0.780993	125	0	-0.053422
PLD1	8	0.99052	0.99031	0.999995	975	0	-0.1326	0.93238	0.93159	0.999995	855	0	-0.1326
MORF4L2	8	0.99057	0.99036	0.999995	976	0	-0.033176	0.50726	0.50765	0.780993	132	0	-0.033176
OGDHL	8	0.99068	0.99044	0.999995	977	0	-0.10465	0.50726	0.50765	0.780993	174	0	-0.10465
TMEM185A	8	0.99072	0.99046	0.999995	978	0	-0.027922	0.50726	0.50765	0.780993	215	0	-0.027922
DEGS2	8	0.99089	0.99065	0.999995	979	0	-0.19076	0.50726	0.50765	0.780993	439	0	-0.19076
MARCKS	8	0.99113	0.99093	0.999995	980	0	-0.090741	0.50726	0.50765	0.780993	588	0	-0.090741
UAP1L1	8	0.99134	0.99114	0.999995	981	0	-0.11178	0.50726	0.50765	0.780993	205	0	-0.11178
UBASH3B	8	0.99138	0.99118	0.999995	982	0	-0.091513	0.50726	0.50765	0.780993	204	0	-0.091513
FOXE3	8	0.9916	0.99146	0.999995	983	0	-0.082065	0.50726	0.50765	0.780993	618	0	-0.082065
PDLIM5	8	0.99168	0.99153	0.999995	984	0	-0.13301	0.50726	0.50765	0.780993	186	0	-0.13301
SMC1B	8	0.99175	0.99158	0.999995	985	0	-0.12406	0.50726	0.50765	0.780993	286	0	-0.12406
LRBA	8	0.99185	0.99178	0.999995	986	0	-0.073096	0.50726	0.50765	0.780993	590	0	-0.073096
BRSK2	8	0.99189	0.99182	0.999995	987	0	-0.086849	0.79511	0.79476	0.999995	728	0	-0.086849
SPTAN1	8	0.99267	0.99263	0.999995	988	0	-0.036191	0.50726	0.50765	0.780993	357	0	-0.036191
RANBP17	8	0.99276	0.99268	0.999995	989	0	-0.0021563	0.50726	0.50765	0.780993	94	0	-0.0021563
RRAGD	8	0.9929	0.9928	0.999995	990	0	0	0.50726	0.50765	0.780993	63	0	0
TNKS	8	0.99293	0.99285	0.999995	991	0	-0.066158	0.50726	0.50765	0.780993	231	0	-0.066158
KIT	16	0.99294	0.99361	0.999995	992	0	-0.14698	0.75721	0.75608	0.999995	709	0	-0.14698
RUNX1	8	0.99299	0.9929	0.999995	993	0	-0.16137	0.50726	0.50765	0.780993	67	0	-0.16137
ZNF185	8	0.99302	0.99292	0.999995	994	0	-0.039699	0.50726	0.50765	0.780993	250	0	-0.039699
MED12L	8	0.9931	0.99306	0.999995	995	0	-0.19824	0.50726	0.50765	0.780993	130	0	-0.19824
SHMT1	7	0.99334	0.9931	0.999995	996	0	-0.0094987	0.46168	0.46167	0.780993	43	0	-0.0094987
MBP	8	0.99344	0.99335	0.999995	997	0	-0.19189	0.50726	0.50765	0.780993	135	0	-0.19189
DEGS1	8	0.9936	0.99356	0.999995	998	0	-0.12421	0.50726	0.50765	0.780993	440	0	-0.12421
EFR3A	8	0.99378	0.99377	0.999995	999	0	-0.14662	0.50726	0.50765	0.780993	421	0	-0.14662
ZDHHC17	8	0.99392	0.99392	0.999995	1000	0	-0.069971	0.50726	0.50765	0.780993	243	0	-0.069971
RC3H1	8	0.99408	0.99404	0.999995	1001	0	0	0.50726	0.50765	0.780993	92	0	0
CDK16	8	0.99409	0.99405	0.999995	1002	0	-0.0041307	0.50726	0.50765	0.780993	387	0	-0.0041307
CNOT6	8	0.99444	0.99439	0.999995	1003	0	-0.033523	0.50726	0.50765	0.780993	363	0	-0.033523
TYROBP	8	0.99448	0.99447	0.999995	1004	0	-0.0090772	0.50726	0.50765	0.780993	213	0	-0.0090772
PDGFD	8	0.99456	0.99455	0.999995	1005	0	-0.058596	0.50726	0.50765	0.780993	187	0	-0.058596
TCF4	8	0.99462	0.99462	0.999995	1006	0	-0.14311	0.50726	0.50765	0.780993	221	0	-0.14311
PDGFC	8	0.99481	0.99477	0.999995	1007	0	-0.1097	0.50726	0.50765	0.780993	185	0	-0.1097
FLNB	7	0.99483	0.99451	0.999995	1008	0	-0.044187	0.46168	0.46167	0.780993	42	0	-0.044187
FNIP2	8	0.99491	0.99491	0.999995	1009	0	-0.17166	0.50726	0.50765	0.780993	623	0	-0.17166
GOLPH3	8	0.99508	0.99509	0.999995	1010	0	-0.053073	0.50726	0.50765	0.780993	686	0	-0.053073
RNF130	8	0.99513	0.99515	0.999995	1011	0	-0.072936	0.50726	0.50765	0.780993	85	0	-0.072936
GOLT1A	8	0.99515	0.99517	0.999995	1012	0	-0.17129	0.50726	0.50765	0.780993	662	0	-0.17129
NBEAL2	8	0.99573	0.99564	0.999995	1013	0	-0.117	0.50726	0.50765	0.780993	114	0	-0.117
CRY1	8	0.99591	0.99586	0.999995	1014	0	-0.028576	0.50726	0.50765	0.780993	375	0	-0.028576
RECK	8	0.99598	0.99593	0.999995	1015	0	-0.03158	0.50726	0.50765	0.780993	80	0	-0.03158
RSPH1	8	0.99612	0.99607	0.999995	1016	0	-0.081354	0.50726	0.50765	0.780993	69	0	-0.081354
NDEL1	8	0.99622	0.99618	0.999995	1017	0	-0.0061186	0.50726	0.50765	0.780993	110	0	-0.0061186
ANXA1	8	0.99632	0.99625	0.999995	1018	0	-0.060993	0.50726	0.50765	0.780993	449	0	-0.060993
SLC22A13	8	0.99684	0.99671	0.999995	1019	0	0	0.50726	0.50765	0.780993	282	0	0
EXOC6	8	0.99688	0.99678	0.999995	1020	0	-0.05665	0.50726	0.50765	0.780993	645	0	-0.05665
DCAF8L1	8	0.99689	0.99678	0.999995	1021	0	0	0.50726	0.50765	0.780993	427	0	0
TRAPPC3L	8	0.99706	0.99693	0.999995	1022	0	-0.027624	0.50726	0.50765	0.780993	199	0	-0.027624
STRIP2	8	0.99716	0.99708	0.999995	1023	0	-0.059187	0.50726	0.50765	0.780993	323	0	-0.059187
PLXDC2	8	0.99722	0.99717	0.999995	1024	0	-0.01963	0.50726	0.50765	0.780993	160	0	-0.01963
RBMXL2	8	0.99732	0.99729	0.999995	1025	0	-0.034552	0.50726	0.50765	0.780993	103	0	-0.034552
DMXL1	8	0.99739	0.99735	0.999995	1026	0	-0.040063	0.50726	0.50765	0.780993	407	0	-0.040063
TBC1D1	8	0.99749	0.99747	0.999995	1027	0	-0.057527	0.50726	0.50765	0.780993	336	0	-0.057527
PDCD4	8	0.99764	0.99762	0.999995	1028	0	-0.12616	0.50726	0.50765	0.780993	183	0	-0.12616
ZNF423	8	0.99783	0.99784	0.999995	1029	0	-0.0081396	0.50726	0.50765	0.780993	245	0	-0.0081396
UTRN	8	0.99787	0.99787	0.999995	1030	0	-0.024979	0.50726	0.50765	0.780993	258	0	-0.024979
NCBP2L	8	0.99789	0.99788	0.999995	1031	0	-0.014537	0.50726	0.50765	0.780993	115	0	-0.014537
PRDM13	8	0.9981	0.99806	0.999995	1032	0	0	0.50726	0.50765	0.780993	165	0	0
FZD8	8	0.99817	0.99815	0.999995	1033	0	-0.072288	0.77398	0.77382	0.999995	713	0	-0.072288
TGFBR2	8	0.99823	0.99818	0.999995	1034	0	-0.066606	0.50726	0.50765	0.780993	222	0	-0.066606
FBLN1	8	0.99825	0.99818	0.999995	1035	0	-0.11748	0.50726	0.50765	0.780993	653	0	-0.11748
SIX6	8	0.99827	0.9982	0.999995	1036	0	-0.091363	0.50726	0.50765	0.780993	309	0	-0.091363
ZEB1	8	0.99834	0.99831	0.999995	1037	0	-0.11782	0.50726	0.50765	0.780993	236	0	-0.11782
FMR1	8	0.99864	0.99859	0.999995	1038	0	-0.0057389	0.50726	0.50765	0.780993	622	0	-0.0057389
NAT8L	8	0.99881	0.9988	0.999995	1039	0	-0.024815	0.50726	0.50765	0.780993	112	0	-0.024815
CD72	8	0.99898	0.99894	0.999995	1040	0	-0.032524	0.50726	0.50765	0.780993	501	0	-0.032524
KLK12	8	0.99919	0.99908	0.999995	1041	0	-0.0095614	0.50726	0.50765	0.780993	597	0	-0.0095614
RNF113B	8	0.99924	0.99913	0.999995	1042	0	-0.053839	0.50726	0.50765	0.780993	93	0	-0.053839
ARHGEF6	8	0.99936	0.99923	0.999995	1043	0	0	0.50726	0.50765	0.780993	457	0	0
DLL1	8	0.99937	0.99924	0.999995	1044	0	-0.022563	0.50726	0.50765	0.780993	436	0	-0.022563
PPP3R2	8	0.99948	0.9994	0.999995	1045	0	-0.040515	0.50726	0.50765	0.780993	163	0	-0.040515
SUV39H1	8	0.99957	0.99947	0.999995	1046	0	0	0.50726	0.50765	0.780993	317	0	0
FLT1	8	0.99964	0.99955	0.999995	1047	0	-0.092192	0.50726	0.50765	0.780993	649	0	-0.092192
safe_control	74	0.99966	1.0	0.999995	1048	5	-0.0070428	0.99857	0.99846	0.999995	988	0	-0.0070428
AP3M1	8	0.99967	0.99956	0.999995	1049	0	-0.0030278	0.50726	0.50765	0.780993	446	0	-0.0030278
MBD4	16	0.99967	0.99966	0.999995	1050	0	-0.052273	0.75721	0.75608	0.999995	696	0	-0.052273
RC3H2	8	0.99969	0.9996	0.999995	1051	0	0	0.50726	0.50765	0.780993	82	0	0
SMARCA1	8	0.99977	0.99971	0.999995	1052	0	-0.010184	0.50726	0.50765	0.780993	293	0	-0.010184
PCBD2	8	0.99978	0.99971	0.999995	1053	0	-0.011959	0.50726	0.50765	0.780993	192	0	-0.011959
DYNLRB2	8	0.99983	0.99974	0.999995	1054	0	-0.014639	0.50726	0.50765	0.780993	403	0	-0.014639
SBNO2	8	0.99992	0.99991	0.999995	1055	0	0	0.50726	0.50765	0.780993	299	0	0
CAB39	8	0.99994	0.99994	0.999995	1056	0	0	0.50726	0.50765	0.780993	523	0	0
CSTF2	8	1.0	1.0	0.999995	1057	0	0	0.50726	0.50765	0.780993	376	0	0
TP53	8	1.0	1.0	0.999995	1058	0	0	0.50726	0.50765	0.780993	227	0	0
SIK2	8	1.0	1.0	0.999995	1059	0	0	0.50726	0.50765	0.780993	307	0	0
FRYL	8	1.0	1.0	0.999995	1060	0	0	0.50726	0.50765	0.780993	632	0	0
