id	num	neg|score	neg|p-value	neg|fdr	neg|rank	neg|goodsgrna	neg|lfc	pos|score	pos|p-value	pos|fdr	pos|rank	pos|goodsgrna	pos|lfc
MYC	16	1.0263e-14	4.6703e-06	0.000381	1	16	-1.8925	1.0	1.0	0.999995	1060	0	-1.8925
NAE1	16	1.9061e-11	4.6703e-06	0.000381	2	15	-0.89626	0.58538	0.58343	0.999995	557	0	-0.89626
PRKDC	16	5.2687e-10	4.6703e-06	0.000381	3	15	-0.97692	0.9991	0.99932	0.999995	1026	0	-0.97692
RRM1	16	1.103e-08	4.6703e-06	0.000381	4	16	-1.7264	1.0	1.0	0.999995	1055	0	-1.7264
PRPF8	8	3.0696e-08	4.6703e-06	0.000381	5	8	-1.6664	1.0	1.0	0.999995	1059	0	-1.6664
BUB3	8	4.0834e-08	4.6703e-06	0.000381	6	8	-1.7194	1.0	1.0	0.999995	1058	0	-1.7194
PCGF1	8	5.0609e-08	4.6703e-06	0.000381	7	7	-0.77882	0.83419	0.83402	0.999995	778	0	-0.77882
PPP4C	8	5.1336e-08	4.6703e-06	0.000381	8	7	-1.3551	0.97701	0.97642	0.999995	938	0	-1.3551
CCND1	8	9.1604e-08	4.6703e-06	0.000381	9	8	-1.473	1.0	1.0	0.999995	1053	0	-1.473
POLR2L	8	1.9855e-07	4.6703e-06	0.000381	10	8	-2.1308	1.0	1.0	0.999995	1057	0	-2.1308
LDB1	16	5.2785e-07	1.4011e-05	0.001061	11	15	-1.2342	0.99735	0.99774	0.999995	1017	0	-1.2342
MTG2	8	7.6052e-07	4.6703e-06	0.000381	12	8	-0.96378	1.0	1.0	0.999995	1056	0	-0.96378
RRM2	7	9.2197e-07	4.6703e-06	0.000381	13	6	-2.1459	0.76869	0.76742	0.999995	717	0	-2.1459
MRPL38	8	1.0847e-06	4.6703e-06	0.000381	14	8	-0.98337	1.0	1.0	0.999995	1054	0	-0.98337
SF3B1	8	2.3583e-06	2.3351e-05	0.00165	15	7	-1.1607	0.75371	0.7534	0.999995	698	0	-1.1607
CLTC	8	2.5393e-06	3.2692e-05	0.002166	16	8	-1.2599	0.9999	0.99988	0.999995	1041	0	-1.2599
KIF11	8	5.4243e-06	4.2033e-05	0.002475	17	8	-1.2471	0.99999	1.0	0.999995	1052	0	-1.2471
HRAS	8	5.6497e-06	4.2033e-05	0.002475	18	7	-0.73381	0.99586	0.99582	0.999995	1009	0	-0.73381
ALDOA	8	7.2345e-06	5.1373e-05	0.002593	19	7	-1.276	0.88957	0.88935	0.999995	830	0	-1.276
NMT1	8	7.53e-06	5.1373e-05	0.002593	20	8	-0.97644	0.99999	1.0	0.999995	1051	0	-0.97644
HUS1	8	1.0238e-05	7.0054e-05	0.003375	21	7	-1.4232	0.94475	0.94402	0.999995	887	0	-1.4232
E2F3	7	1.1049e-05	5.1373e-05	0.002593	22	6	-1.4801	0.86337	0.8623	0.999995	803	0	-1.4801
NAA10	8	1.4951e-05	0.00013544	0.006242	23	8	-0.89242	0.99993	0.99994	0.999995	1044	0	-0.89242
SF1	8	2.2216e-05	0.00019148	0.008119	24	7	-1.3706	0.35609	0.35612	0.704273	242	0	-1.3706
MED18	16	2.2673e-05	0.00030357	0.011846	25	14	-0.85453	0.58538	0.58343	0.999995	547	0	-0.85453
CKAP5	16	2.3519e-05	0.00031291	0.011846	26	15	-1.1236	0.99976	0.99976	0.999995	1036	0	-1.1236
MDM4	8	3.4027e-05	0.00030357	0.011846	27	8	-1.0172	0.99997	0.99998	0.999995	1050	0	-1.0172
RPL10A	7	3.4462e-05	0.00018214	0.008045	28	6	-1.3205	0.61438	0.61386	0.999995	576	0	-1.3205
TACC3	8	4.1736e-05	0.00035027	0.012706	29	7	-1.2005	0.82428	0.82407	0.999995	766	0	-1.2005
ATP5F1B	8	4.2542e-05	0.00035961	0.012706	30	8	-1.3193	0.99964	0.99955	0.999995	1034	0	-1.3193
RPL36	8	4.6571e-05	0.00039697	0.013351	31	8	-1.0559	0.99995	0.99995	0.999995	1049	0	-1.0559
NXT1	8	4.9719e-05	0.00040631	0.013351	32	6	-0.90314	0.88318	0.88289	0.999995	822	0	-0.90314
RPP21	8	5.1131e-05	0.00041565	0.013351	33	8	-1.4185	0.99995	0.99995	0.999995	1048	0	-1.4185
ELL	8	5.7693e-05	0.0004717	0.014706	34	8	-1.1961	0.99994	0.99995	0.999995	1047	0	-1.1961
TUBB4B	16	6.3508e-05	0.00075191	0.019213	35	15	-0.78464	0.99986	0.99984	0.999995	1040	0	-0.78464
UQCRC1	8	6.3979e-05	0.00049972	0.015134	36	8	-0.86109	0.99994	0.99994	0.999995	1046	0	-0.86109
TOP2A	8	7.8056e-05	0.00058378	0.017189	37	7	-1.1477	0.99599	0.99594	0.999995	1011	0	-1.1477
GTF3C1	8	9.2451e-05	0.00066785	0.01889	38	8	-0.90057	0.99991	0.99989	0.999995	1042	0	-0.90057
RRM2B	16	9.2807e-05	0.0010415	0.023999	39	15	-0.61842	0.99993	0.99991	0.999995	1045	0	-0.61842
TLN1	8	9.8793e-05	0.00072389	0.019213	40	8	-1.2198	0.99985	0.99978	0.999995	1039	0	-1.2198
MED20	8	0.00010165	0.00073323	0.019213	41	7	-1.2086	0.99222	0.99215	0.999995	991	0	-1.2086
ERBB3	16	0.00010883	0.0011816	0.025917	42	15	-0.58664	0.99993	0.99991	0.999995	1043	0	-0.58664
ATP6V1B2	8	0.00011293	0.00076126	0.019213	43	8	-1.2541	0.99937	0.99924	0.999995	1029	0	-1.2541
RPL13	6	0.0001213	0.00067719	0.01889	44	6	-1.3422	0.99968	0.99972	0.999995	1035	0	-1.3422
RPL3	14	0.00012568	0.0012283	0.025917	45	12	-1.0205	0.84449	0.84391	0.999995	785	0	-1.0205
SF3B2	8	0.00013899	0.000864	0.021299	46	6	-1.277	0.35609	0.35612	0.704273	232	0	-1.277
TIMM10	8	0.00015673	0.0010041	0.023999	47	7	-1.0967	0.99393	0.99393	0.999995	998	0	-1.0967
MTHFD1	8	0.00016047	0.0010321	0.023999	48	8	-0.77226	0.99984	0.99976	0.999995	1038	0	-0.77226
COX6B1	16	0.00017448	0.0018074	0.030901	49	13	-0.84549	0.58538	0.58343	0.999995	554	0	-0.84549
TOMM40	14	0.00017767	0.0017327	0.030433	50	11	-0.79762	0.53715	0.53702	0.999995	540	0	-0.79762
HSCB	8	0.00018948	0.0012283	0.025917	51	7	-1.086	0.99593	0.99588	0.999995	1010	0	-1.086
COPA	8	0.00019233	0.001247	0.025917	52	8	-1.015	0.99981	0.99972	0.999995	1037	0	-1.015
SF3B3	8	0.00019645	0.001247	0.025917	53	8	-1.1291	0.99944	0.9993	0.999995	1031	0	-1.1291
CHORDC1	6	0.00023142	0.001275	0.02599	54	6	-1.1992	0.99479	0.99462	0.999995	1003	0	-1.1992
UMPS	8	0.00023314	0.0014244	0.028144	55	6	-1.201	0.60567	0.60621	0.999995	566	0	-1.201
SLC25A37	8	0.00023471	0.0014338	0.028144	56	7	-1.4695	0.92235	0.92179	0.999995	860	0	-1.4695
FDPS	8	0.00024031	0.0014805	0.028377	57	7	-0.9546	0.35609	0.35612	0.704273	510	0	-0.9546
RPL8	8	0.0002463	0.0014992	0.028377	58	8	-1.5415	0.9986	0.99855	0.999995	1023	0	-1.5415
RIC8A	8	0.00025401	0.0015645	0.029095	59	7	-1.2234	0.9947	0.99465	0.999995	1002	0	-1.2234
AKIRIN2	8	0.0002585	0.0016299	0.029788	60	8	-0.97086	0.99619	0.99615	0.999995	1013	0	-0.97086
CDIPT	8	0.00027119	0.0017514	0.030433	61	7	-1.2768	0.7548	0.75448	0.999995	700	0	-1.2768
TNPO1	6	0.00032596	0.001714	0.030433	62	6	-1.1913	0.99926	0.99929	0.999995	1027	0	-1.1913
PRPF38A	8	0.00033932	0.0023211	0.038444	63	7	-1.719	0.35609	0.35612	0.704273	58	0	-1.719
MRPL41	8	0.00035106	0.0024145	0.039375	64	8	-0.99946	0.99897	0.99893	0.999995	1024	0	-0.99946
LONP1	8	0.00039787	0.0026854	0.042443	65	7	-1.1531	0.78319	0.78318	0.999995	726	0	-1.1531
TUBB	6	0.00041717	0.0022557	0.037954	66	5	-1.3828	0.28118	0.28017	0.704273	5	0	-1.3828
DYNLRB1	7	0.00045893	0.00262	0.042079	67	7	-1.1275	0.99954	0.99958	0.999995	1033	0	-1.1275
RFC2	8	0.00046127	0.003003	0.045898	68	6	-1.4463	0.65401	0.65497	0.999995	613	0	-1.4463
NDUFB4	8	0.00047412	0.003031	0.045898	69	8	-0.66975	0.99953	0.99943	0.999995	1032	0	-0.66975
MAT2A	8	0.00050777	0.0031618	0.046667	70	7	-0.76475	0.98895	0.98865	0.999995	979	0	-0.76475
RPL14	6	0.00050867	0.0027228	0.042443	71	5	-1.6529	0.85149	0.85325	0.999995	789	0	-1.6529
FAM50A	8	0.00051931	0.0032645	0.046667	72	8	-0.75461	0.99729	0.99723	0.999995	1016	0	-0.75461
GAPDH	8	0.00052471	0.0033019	0.046667	73	7	-1.0475	0.35609	0.35612	0.704273	526	0	-1.0475
AP2A1	8	0.00052627	0.0033019	0.046667	74	7	-0.94822	0.92529	0.92454	0.999995	863	0	-0.94822
ACTL6A	8	0.00052665	0.0033019	0.046667	75	7	-1.3587	0.76364	0.7635	0.999995	710	0	-1.3587
GATAD2A	8	0.00053506	0.0033486	0.046704	76	6	-1.2499	0.35609	0.35612	0.704273	528	0	-1.2499
CTR9	8	0.00058865	0.0037035	0.050457	77	8	-0.80206	0.99758	0.99758	0.999995	1018	0	-0.80206
ATP5F1D	8	0.00059215	0.0037129	0.050457	78	8	-1.0224	0.99941	0.99927	0.999995	1030	0	-1.0224
RPS19	8	0.00060565	0.0038063	0.051072	79	8	-1.3815	0.99842	0.99842	0.999995	1021	0	-1.3815
CCND3	8	0.00064265	0.0039837	0.052744	80	7	-0.76109	0.91849	0.91788	0.999995	856	0	-0.76109
UCHL5	8	0.00065626	0.0040305	0.052744	81	7	-0.69286	0.88683	0.88659	0.999995	826	0	-0.69286
RNF40	8	0.00072008	0.0044601	0.056961	82	8	-1.0031	0.99928	0.99916	0.999995	1028	0	-1.0031
CLNS1A	7	0.00074883	0.0044228	0.056961	83	6	-1.5882	0.98529	0.98497	0.999995	967	0	-1.5882
SOX9	8	0.00075665	0.0045909	0.057933	84	7	-0.66041	0.97175	0.97107	0.999995	929	0	-0.66041
ATP6V1C1	8	0.00091356	0.0054782	0.067202	85	8	-1.0295	0.99909	0.99901	0.999995	1025	0	-1.0295
CCT6A	7	0.00091561	0.0053568	0.066803	86	6	-1.7302	0.31967	0.31986	0.704273	26	0	-1.7302
CCNT1	8	0.00091657	0.0055156	0.067202	87	7	-0.75679	0.71275	0.71265	0.999995	666	0	-0.75679
NKAP	8	0.0009529	0.0057024	0.068688	88	7	-0.80985	0.95238	0.95182	0.999995	901	0	-0.80985
GDI2	16	0.0011562	0.010083	0.103768	89	12	-0.9539	0.58538	0.58343	0.999995	550	0	-0.9539
TRAPPC3	8	0.0011922	0.0069447	0.082712	90	6	-0.97216	0.35609	0.35612	0.704273	179	0	-0.97216
CDK7	7	0.0012472	0.007281	0.085754	91	6	-1.2082	0.97615	0.97613	0.999995	936	0	-1.2082
TRRAP	8	0.0013225	0.0077573	0.09036	92	8	-1.3823	0.99661	0.99652	0.999995	1014	0	-1.3823
CDK2	8	0.0013532	0.0078788	0.090777	93	7	-1.1114	0.78048	0.78035	0.999995	724	0	-1.1114
IPO5	8	0.0014229	0.0083084	0.094698	94	6	-0.8868	0.35609	0.35612	0.704273	415	0	-0.8868
GSTP1	8	0.0014766	0.0085606	0.096386	95	7	-0.63689	0.9903	0.9901	0.999995	981	0	-0.63689
PPP2R1A	8	0.0015204	0.0088875	0.096386	96	6	-1.3054	0.98588	0.98583	0.999995	968	0	-1.3054
CLTA	8	0.0015343	0.0089809	0.096386	97	6	-0.69856	0.98438	0.98431	0.999995	965	0	-0.69856
MYBL2	8	0.0015379	0.0090276	0.096386	98	8	-0.64111	0.99846	0.99845	0.999995	1022	0	-0.64111
ABT1	8	0.0015486	0.009093	0.096386	99	7	-0.71998	0.91026	0.90964	0.999995	845	0	-0.71998
ADSS	7	0.0015762	0.0089716	0.096386	100	5	-1.0794	0.31967	0.31986	0.704273	39	0	-1.0794
ATR	8	0.0016261	0.0096348	0.101118	101	7	-0.74611	0.35609	0.35612	0.704273	401	0	-0.74611
RPS23	6	0.001762	0.0087288	0.096386	102	5	-1.5262	0.96137	0.96142	0.999995	914	0	-1.5262
MED26	8	0.0017818	0.010625	0.107261	103	8	-0.82014	0.99822	0.99817	0.999995	1020	0	-0.82014
EIF3B	8	0.0018364	0.01098	0.109798	104	7	-1.2965	0.84361	0.84312	0.999995	783	0	-1.2965
TUFM	7	0.0018438	0.010326	0.105246	105	6	-0.82623	0.31967	0.31986	0.704273	17	0	-0.82623
RPL19	6	0.0019201	0.0097562	0.101388	106	4	-1.4522	0.28118	0.28017	0.704273	9	0	-1.4522
TOP1MT	8	0.0019365	0.011522	0.114139	107	7	-0.92895	0.76574	0.76553	0.999995	713	0	-0.92895
PUM1	8	0.0021263	0.012558	0.121017	108	8	-0.69522	0.99787	0.99787	0.999995	1019	0	-0.69522
RPL11	7	0.0021316	0.011895	0.116749	109	6	-1.1725	0.98874	0.98859	0.999995	977	0	-1.1725
ERH	8	0.0021458	0.012689	0.121176	110	4	-1.1846	0.68339	0.68419	0.999995	642	0	-1.1846
RBBP4	7	0.0022639	0.012521	0.121017	111	6	-1.2836	0.92923	0.92864	0.999995	866	0	-1.2836
ATP5F1A	8	0.0022994	0.01353	0.125426	112	6	-0.72451	0.9449	0.94418	0.999995	888	0	-0.72451
SFPQ	8	0.0023254	0.013614	0.125426	113	5	-0.72884	0.35609	0.35612	0.704273	221	0	-0.72884
PSMB6	8	0.0023674	0.013866	0.125426	114	7	-0.7829	0.98679	0.98666	0.999995	972	0	-0.7829
WASL	8	0.0024194	0.013997	0.125426	115	6	-0.54838	0.98887	0.98861	0.999995	978	0	-0.54838
DGAT1	8	0.0024311	0.014062	0.125426	116	6	-0.83019	0.35609	0.35612	0.704273	337	0	-0.83019
RPA1	8	0.0025032	0.014426	0.127434	117	7	-1.0594	0.77499	0.77468	0.999995	720	0	-1.0594
ATP6V1D	8	0.0026662	0.015211	0.133254	118	6	-1.0634	0.83915	0.83896	0.999995	781	0	-1.0634
INTS6	6	0.0026838	0.013259	0.125426	119	6	-1.1264	0.98631	0.98621	0.999995	970	0	-1.1264
MED12	8	0.0027313	0.015585	0.135408	120	6	-0.98252	0.62504	0.62559	0.999995	588	0	-0.98252
DHX9	6	0.0027835	0.013707	0.125426	121	6	-1.2371	0.99722	0.99723	0.999995	1015	0	-1.2371
NCBP2	8	0.0028754	0.016248	0.140023	122	4	-0.74981	0.35609	0.35612	0.704273	93	0	-0.74981
DGKZ	6	0.0028903	0.014081	0.125426	123	6	-1.0136	0.99385	0.99373	0.999995	997	0	-1.0136
RRAGC	8	0.0031018	0.017303	0.147916	124	6	-0.96176	0.90935	0.90861	0.999995	844	0	-0.96176
NSG1	8	0.003189	0.017892	0.150676	125	7	-0.41721	0.85256	0.85258	0.999995	793	0	-0.41721
SF3B5	8	0.003192	0.017911	0.150676	126	6	-0.93473	0.60937	0.60992	0.999995	570	0	-0.93473
ZNF407	8	0.0032777	0.018368	0.153309	127	7	-0.78003	0.97877	0.97814	0.999995	945	0	-0.78003
EIF3L	8	0.0034971	0.019667	0.162864	128	7	-0.80034	0.98122	0.98086	0.999995	951	0	-0.80034
PDS5A	8	0.0035682	0.02005	0.164748	129	7	-0.84265	0.98114	0.98075	0.999995	950	0	-0.84265
PFAS	8	0.0036439	0.020414	0.166451	130	6	-1.0515	0.99518	0.99519	0.999995	1005	0	-1.0515
SF3A1	8	0.0036919	0.020675	0.167004	131	7	-1.0251	0.35609	0.35612	0.704273	243	0	-1.0251
UTP14A	8	0.0038713	0.02174	0.170756	132	7	-0.70765	0.35609	0.35612	0.704273	184	0	-0.70765
XYLT2	8	0.0038954	0.021899	0.170756	133	8	-0.54413	0.9961	0.99606	0.999995	1012	0	-0.54413
HMGCS1	7	0.0038974	0.020797	0.167004	134	6	-1.2342	0.98602	0.98569	0.999995	969	0	-1.2342
MED23	8	0.0039191	0.022086	0.170882	135	7	-1.0109	0.89807	0.89785	0.999995	838	0	-1.0109
VCP	8	0.0040409	0.02274	0.174666	136	7	-1.0928	0.70676	0.70719	0.999995	659	0	-1.0928
EPC2	8	0.0041017	0.023001	0.175404	137	7	-0.83338	0.90564	0.90486	0.999995	843	0	-0.83338
THRAP3	7	0.0041479	0.021908	0.170756	138	7	-0.75248	0.99585	0.9955	0.999995	1008	0	-0.75248
KIF4A	8	0.0042077	0.023534	0.176919	139	7	-0.75119	0.99467	0.99464	0.999995	1001	0	-0.75119
RNF113A	8	0.0042626	0.023832	0.177904	140	6	-0.77193	0.97116	0.97054	0.999995	926	0	-0.77193
INTS2	8	0.0044155	0.024654	0.181484	141	7	-0.71151	0.96741	0.96677	0.999995	922	0	-0.71151
RPS5	8	0.0044627	0.024832	0.18153	142	6	-1.2952	0.97327	0.97251	0.999995	931	0	-1.2952
PSMB3	7	0.0044767	0.023421	0.176919	143	7	-1.0392	0.99552	0.99518	0.999995	1007	0	-1.0392
SPTLC2	8	0.0045552	0.025224	0.182899	144	5	-0.70116	0.67859	0.67948	0.999995	636	0	-0.70116
GSDMD	8	0.0045952	0.025364	0.182899	145	6	-0.96655	0.35609	0.35612	0.704273	524	0	-0.96655
NRBP1	8	0.0046558	0.025654	0.183737	146	5	-0.88477	0.7217	0.7212	0.999995	672	0	-0.88477
MTUS1	8	0.0047232	0.025999	0.184962	147	7	-0.60044	0.60278	0.60326	0.999995	564	0	-0.60044
MRPL55	8	0.0050934	0.027625	0.195215	148	6	-0.43701	0.35609	0.35612	0.704273	105	0	-0.43701
RPS8	5	0.0051231	0.021357	0.170215	149	5	-2.7034	0.99067	0.9905	0.999995	983	0	-2.7034
VANGL2	8	0.0054652	0.029231	0.2052	150	7	-0.60592	0.35609	0.35612	0.704273	207	0	-0.60592
USP5	8	0.0056321	0.030016	0.209321	151	6	-0.89286	0.70292	0.70354	0.999995	657	0	-0.89286
RPL31	5	0.0058663	0.024215	0.179499	152	3	-1.7451	0.81096	0.81164	0.999995	750	0	-1.7451
PFN1	7	0.0060582	0.030903	0.214101	153	5	-1.0567	0.31967	0.31986	0.704273	30	0	-1.0567
RHOT2	8	0.006064	0.032164	0.22139	154	7	-0.61815	0.97639	0.97575	0.999995	937	0	-0.61815
CWF19L1	8	0.006364	0.033593	0.227503	155	7	-0.62645	0.94607	0.94536	0.999995	889	0	-0.62645
SLC11A2	8	0.0064024	0.033715	0.227503	156	7	-0.8859	0.65511	0.65617	0.999995	614	0	-0.8859
MED13	8	0.0064448	0.033911	0.227503	157	6	-0.95616	0.93069	0.92994	0.999995	867	0	-0.95616
ILF3	8	0.0065715	0.03449	0.229933	158	6	-0.78347	0.35609	0.35612	0.704273	413	0	-0.78347
FANCF	8	0.0066459	0.034789	0.230476	159	7	-0.50252	0.99275	0.99267	0.999995	994	0	-0.50252
TYMS	8	0.0068197	0.035583	0.233743	160	5	-0.77783	0.35609	0.35612	0.704273	165	0	-0.77783
CHMP1A	8	0.0070469	0.036554	0.237715	161	7	-0.57156	0.95679	0.95594	0.999995	910	0	-0.57156
CDS2	8	0.0071156	0.036853	0.238197	162	7	-1.0203	0.35609	0.35612	0.704273	395	0	-1.0203
PPP2CA	16	0.0071619	0.049977	0.294307	163	10	-0.46421	0.58538	0.58343	0.999995	544	0	-0.46421
PKM	6	0.0072181	0.033416	0.227503	164	5	-0.83725	0.9714	0.97159	0.999995	927	0	-0.83725
BRSK2	8	0.0077596	0.039412	0.253195	165	7	-0.57239	0.99072	0.99046	0.999995	984	0	-0.57239
RPS3	6	0.0077634	0.035723	0.233743	166	5	-0.8804	0.65817	0.6599	0.999995	618	0	-0.8804
LSM4	8	0.007894	0.04002	0.254391	167	7	-0.91755	0.35609	0.35612	0.704273	461	0	-0.91755
MRPL27	8	0.0079241	0.040141	0.254391	168	7	-0.60865	0.97578	0.97515	0.999995	934	0	-0.60865
TAMM41	8	0.0079818	0.040319	0.254391	169	6	-0.74552	0.35609	0.35612	0.704273	250	0	-0.74552
VMP1	8	0.0081365	0.041	0.255941	170	7	-0.80436	0.97427	0.97361	0.999995	932	0	-0.80436
FARS2	8	0.0081588	0.041047	0.255941	171	5	-0.74927	0.96246	0.96181	0.999995	915	0	-0.74927
BAP1	8	0.0086222	0.042915	0.266024	172	7	-0.31965	0.98376	0.98357	0.999995	964	0	-0.31965
MED8	8	0.0087192	0.043326	0.26701	173	6	-0.75099	0.91511	0.91441	0.999995	853	0	-0.75099
XRCC6	7	0.0091807	0.044354	0.2702	174	6	-0.58759	0.73415	0.73275	0.999995	680	0	-0.58759
PACS1	8	0.0092089	0.045325	0.273262	175	7	-0.82316	0.35609	0.35612	0.704273	148	0	-0.82316
CDK5R1	8	0.0092216	0.045372	0.273262	176	7	-0.66594	0.6688	0.66963	0.999995	626	0	-0.66594
SNRPD2	6	0.0099625	0.044335	0.2702	177	5	-1.1336	0.91198	0.91326	0.999995	848	0	-1.1336
KPNA2	7	0.010003	0.047165	0.282458	178	6	-0.91577	0.89527	0.89378	0.999995	836	0	-0.91577
SNRPD3	8	0.010114	0.049117	0.290862	179	7	-0.98311	0.96496	0.96459	0.999995	918	0	-0.98311
RHBDF1	8	0.010463	0.050883	0.297819	180	6	-0.6257	0.98673	0.98662	0.999995	971	0	-0.6257
VPS37A	8	0.010529	0.051135	0.297819	181	6	-0.80937	0.86221	0.86166	0.999995	801	0	-0.80937
NAA15	8	0.010981	0.052826	0.304321	182	5	-0.93895	0.35609	0.35612	0.704273	111	0	-0.93895
COPS7B	8	0.011436	0.054824	0.313348	183	7	-0.5031	0.63209	0.63274	0.999995	599	0	-0.5031
CRKL	8	0.01158	0.05531	0.313348	184	5	-0.86592	0.35609	0.35612	0.704273	313	0	-0.86592
SAMD4B	8	0.011721	0.055852	0.313348	185	5	-0.85366	0.35609	0.35612	0.704273	238	0	-0.85366
INCENP	8	0.011725	0.055871	0.313348	186	7	-0.69108	0.90168	0.90142	0.999995	842	0	-0.69108
SNAPC4	8	0.011977	0.056805	0.31691	187	7	-0.66032	0.73128	0.7308	0.999995	678	0	-0.66032
AFG3L2	6	0.012022	0.052144	0.302034	188	4	-0.86894	0.744	0.74487	0.999995	691	0	-0.86894
RPL37A	5	0.012161	0.047436	0.282484	189	4	-1.269	0.5703	0.57121	0.999995	542	0	-1.269
TOMM22	7	0.012365	0.055488	0.313348	190	6	-0.59686	0.8042	0.80277	0.999995	743	0	-0.59686
COX4I1	8	0.012603	0.059504	0.330232	191	6	-0.83692	0.95046	0.95002	0.999995	899	0	-0.83692
KCNT1	8	0.01291	0.060597	0.334465	192	7	-0.59675	0.98343	0.98322	0.999995	960	0	-0.59675
KAT6A	8	0.013031	0.061101	0.334465	193	7	-0.65752	0.94024	0.93947	0.999995	882	0	-0.65752
SPDEF	8	0.013054	0.061213	0.334465	194	7	-0.41217	0.97718	0.9767	0.999995	939	0	-0.41217
CLDN4	8	0.013283	0.062129	0.337725	195	7	-0.55772	0.86039	0.85979	0.999995	799	0	-0.55772
WRN	8	0.013866	0.064296	0.347722	196	7	-0.71631	0.92255	0.92198	0.999995	861	0	-0.71631
SS18L1	8	0.014282	0.065781	0.35271	197	7	-0.46672	0.9926	0.99255	0.999995	993	0	-0.46672
AKIRIN1	8	0.014454	0.066556	0.35452	198	7	-0.62759	0.92747	0.92677	0.999995	865	0	-0.62759
HASPIN	8	0.014855	0.068023	0.36052	199	7	-0.82479	0.9913	0.9911	0.999995	986	0	-0.82479
PDCD6IP	8	0.015197	0.06934	0.365672	200	7	-0.75597	0.97762	0.97708	0.999995	941	0	-0.75597
RPL5	7	0.015242	0.065884	0.35271	201	5	-1.4499	0.97822	0.9784	0.999995	944	0	-1.4499
XAB2	8	0.016035	0.072459	0.377276	202	6	-1.0367	0.98067	0.9802	0.999995	948	0	-1.0367
BUB1B	8	0.016281	0.073421	0.3778	203	6	-0.82579	0.94095	0.94024	0.999995	884	0	-0.82579
LSM14B	8	0.016798	0.075243	0.382036	204	7	-0.45163	0.99303	0.99296	0.999995	995	0	-0.45163
ESRP1	8	0.017023	0.076112	0.382036	205	7	-0.54829	0.98353	0.98332	0.999995	962	0	-0.54829
PSMA2	8	0.017096	0.076308	0.382036	206	6	-1.0484	0.35609	0.35612	0.704273	42	0	-1.0484
RALGPS2	8	0.017181	0.076635	0.382036	207	6	-0.62471	0.8273	0.82697	0.999995	770	0	-0.62471
SEPHS1	7	0.017238	0.072618	0.377276	208	6	-0.56	0.31967	0.31986	0.704273	33	0	-0.56
HNRNPK	7	0.017347	0.072954	0.377276	209	5	-0.95326	0.31967	0.31986	0.704273	21	0	-0.95326
RAN	7	0.01735	0.072964	0.377276	210	4	-1.057	0.31967	0.31986	0.704273	28	0	-1.057
STRADA	8	0.017457	0.077606	0.382036	211	6	-0.45703	0.98361	0.98342	0.999995	963	0	-0.45703
PHLDA3	8	0.017481	0.077699	0.382036	212	7	-0.39225	0.93708	0.93634	0.999995	877	0	-0.39225
CDK8	8	0.017522	0.077849	0.382036	213	7	-0.56646	0.98703	0.98687	0.999995	974	0	-0.56646
NCOR2	8	0.017948	0.07939	0.387804	214	7	-0.54772	0.9793	0.97884	0.999995	946	0	-0.54772
ZNF34	8	0.018288	0.080567	0.391748	215	7	-0.68525	0.35609	0.35612	0.704273	197	0	-0.68525
XPR1	8	0.018486	0.081408	0.39203	216	7	-0.63563	0.99399	0.99394	0.999995	1000	0	-0.63563
ATP6V1E1	7	0.018543	0.076999	0.382036	217	4	-1.0438	0.63478	0.63365	0.999995	601	0	-1.0438
SBNO1	8	0.018592	0.081735	0.39203	218	6	-0.9881	0.62662	0.62717	0.999995	590	0	-0.9881
MT2A	6	0.018696	0.07528	0.382036	219	5	-0.44858	0.9359	0.93668	0.999995	875	0	-0.44858
PSMB8	8	0.0188	0.082575	0.394278	220	6	-0.45606	0.35609	0.35612	0.704273	50	0	-0.45606
GFM1	8	0.018929	0.08308	0.394907	221	5	-0.57363	0.35609	0.35612	0.704273	531	0	-0.57363
RPL17	6	0.019215	0.076728	0.382036	222	4	-1.1837	0.82766	0.8294	0.999995	772	0	-1.1837
EPS15	8	0.019255	0.084499	0.399863	223	7	-0.66653	0.9656	0.96516	0.999995	920	0	-0.66653
JUP	8	0.019395	0.085106	0.400946	224	6	-0.36467	0.35609	0.35612	0.704273	445	0	-0.36467
CYP7A1	8	0.019633	0.085975	0.403121	225	7	-0.58466	0.95744	0.95666	0.999995	911	0	-0.58466
DDX5	8	0.019777	0.086508	0.403121	226	7	-0.83719	0.83877	0.83849	0.999995	780	0	-0.83719
CNOT7	7	0.019884	0.081529	0.39203	227	4	-0.70514	0.56627	0.56628	0.999995	541	0	-0.70514
TBP	8	0.019916	0.087031	0.403121	228	7	-0.62582	0.8536	0.85336	0.999995	795	0	-0.62582
ATP5PB	8	0.019967	0.087189	0.403121	229	6	-0.68567	0.35609	0.35612	0.704273	355	0	-0.68567
FLNC	8	0.02005	0.08747	0.403121	230	7	-0.37317	0.95528	0.95446	0.999995	906	0	-0.37317
PPP3CC	8	0.020573	0.08945	0.410462	231	7	-0.56105	0.99181	0.99171	0.999995	989	0	-0.56105
FOXK1	8	0.02172	0.093466	0.427044	232	7	-0.50583	0.96575	0.96527	0.999995	921	0	-0.50583
SEPHS2	8	0.022348	0.095904	0.434438	233	7	-0.50662	0.93185	0.93095	0.999995	869	0	-0.50662
BZW2	8	0.022706	0.097296	0.438867	234	6	-0.55699	0.85906	0.85866	0.999995	798	0	-0.55699
SKA1	8	0.02288	0.097959	0.439986	235	6	-0.69604	0.61828	0.61882	0.999995	580	0	-0.69604
TOP1	8	0.023686	0.10102	0.449933	236	7	-0.95034	0.99484	0.99478	0.999995	1004	0	-0.95034
SMARCA4	8	0.024012	0.10229	0.453664	237	6	-0.59548	0.98293	0.9827	0.999995	958	0	-0.59548
CDK5R2	8	0.024221	0.10305	0.455136	238	6	-0.45933	0.88375	0.88347	0.999995	823	0	-0.45933
H2AFX	8	0.024653	0.10467	0.457156	239	4	-0.22064	0.35609	0.35612	0.704273	433	0	-0.22064
PGLS	8	0.024744	0.10502	0.457156	240	5	-0.26762	0.35609	0.35612	0.704273	126	0	-0.26762
CLASP1	8	0.024779	0.10515	0.457156	241	7	-0.47492	0.8897	0.8894	0.999995	831	0	-0.47492
NCKAP1	8	0.024895	0.10556	0.457156	242	7	-0.55498	0.35609	0.35612	0.704273	89	0	-0.55498
TOB1	8	0.024972	0.10577	0.457156	243	7	-0.49884	0.95218	0.95163	0.999995	900	0	-0.49884
TBC1D28	7	0.025035	0.09866	0.441262	244	6	-0.58924	0.31967	0.31986	0.704273	23	0	-0.58924
RNF144B	8	0.025049	0.10609	0.457156	245	7	-0.5382	0.80108	0.80092	0.999995	742	0	-0.5382
EEFSEC	8	0.026344	0.11048	0.474145	246	6	-0.50665	0.35609	0.35612	0.704273	315	0	-0.50665
SOD1	8	0.02678	0.11189	0.478222	247	6	-0.65307	0.99223	0.99216	0.999995	992	0	-0.65307
PSMC3	8	0.027408	0.11386	0.48398	248	6	-0.80982	0.35609	0.35612	0.704273	51	0	-0.80982
RPP14	8	0.027486	0.11415	0.48398	249	6	-0.77248	0.80887	0.80892	0.999995	748	0	-0.77248
COPZ1	8	0.027944	0.11579	0.485129	250	4	-0.57274	0.35609	0.35612	0.704273	301	0	-0.57274
EPS15L1	8	0.027945	0.11579	0.485129	251	6	-0.60229	0.87254	0.87181	0.999995	812	0	-0.60229
MED13L	8	0.028179	0.1165	0.486181	252	7	-0.57301	0.98288	0.98265	0.999995	957	0	-0.57301
IMPDH2	8	0.02851	0.1178	0.489672	253	6	-0.70089	0.99538	0.99534	0.999995	1006	0	-0.70089
UAP1L1	8	0.029569	0.12143	0.502804	254	7	-0.67536	0.79159	0.79143	0.999995	732	0	-0.67536
NRBP2	8	0.03091	0.12602	0.517749	255	6	-0.82481	0.93291	0.93213	0.999995	872	0	-0.82481
RPS15	4	0.0312	0.094354	0.429248	256	4	-1.3514	0.94923	0.94892	0.999995	896	0	-1.3514
ANAPC4	8	0.031675	0.12898	0.525838	257	5	-0.47166	0.96993	0.9693	0.999995	925	0	-0.47166
FZR1	8	0.032351	0.1312	0.529214	258	6	-0.42458	0.35609	0.35612	0.704273	487	0	-0.42458
SPAG9	8	0.033139	0.13377	0.53711	259	6	-0.48782	0.93642	0.93566	0.999995	876	0	-0.48782
RPL15	5	0.033409	0.11489	0.485129	260	4	-1.6404	0.24052	0.24178	0.704273	2	0	-1.6404
ARPC5	8	0.033631	0.13541	0.541622	261	7	-0.42063	0.7673	0.7672	0.999995	715	0	-0.42063
RBMX	7	0.034116	0.12819	0.524619	262	5	-0.83705	0.71444	0.7133	0.999995	667	0	-0.83705
CFL1	8	0.034266	0.1375	0.54681	263	6	-0.66368	0.81661	0.81662	0.999995	756	0	-0.66368
BTG1	8	0.034575	0.13867	0.54681	264	7	-0.35008	0.93936	0.93861	0.999995	880	0	-0.35008
SIK2	8	0.03471	0.1391	0.54681	265	6	-0.55225	0.35609	0.35612	0.704273	223	0	-0.55225
FRS3	8	0.034764	0.13925	0.54681	266	6	-0.54637	0.6317	0.63233	0.999995	598	0	-0.54637
GNB3	8	0.034776	0.13928	0.54681	267	7	-0.48177	0.97792	0.97733	0.999995	942	0	-0.48177
DHX29	7	0.034825	0.13041	0.529214	268	5	-0.90836	0.31967	0.31986	0.704273	18	0	-0.90836
PEF1	7	0.03512	0.1313	0.529214	269	6	-0.50173	0.93221	0.93175	0.999995	870	0	-0.50173
SIN3A	8	0.035673	0.14204	0.55557	270	5	-0.72441	0.94204	0.94123	0.999995	885	0	-0.72441
ASF1B	16	0.03632	0.18138	0.669904	271	12	-0.51087	0.99151	0.99222	0.999995	988	0	-0.51087
DUSP10	8	0.037081	0.14578	0.568124	272	6	-0.41222	0.35609	0.35612	0.704273	341	0	-0.41222
WDR12	8	0.037371	0.14666	0.569452	273	6	-0.88456	0.35609	0.35612	0.704273	203	0	-0.88456
PLXDC1	16	0.037752	0.18711	0.679218	274	12	-0.41772	0.97726	0.97777	0.999995	940	0	-0.41772
CAVIN1	8	0.041239	0.15737	0.608821	275	6	-0.58261	0.98215	0.98185	0.999995	953	0	-0.58261
ARID1A	8	0.041553	0.15819	0.609739	276	6	-0.41784	0.97592	0.97529	0.999995	935	0	-0.41784
CALY	8	0.041996	0.15929	0.611763	277	6	-0.32296	0.98453	0.98444	0.999995	966	0	-0.32296
TCERG1	8	0.042505	0.1608	0.614164	278	6	-0.6251	0.35609	0.35612	0.704273	259	0	-0.6251
POLR2F	8	0.042652	0.16107	0.614164	279	5	-0.53304	0.35609	0.35612	0.704273	133	0	-0.53304
POLR2B	8	0.044528	0.16637	0.627585	280	6	-0.95949	0.35609	0.35612	0.704273	134	0	-0.95949
EIF3J	7	0.044691	0.16205	0.615689	281	5	-0.55441	0.58922	0.58913	0.999995	559	0	-0.55441
RANBP9	8	0.045506	0.16901	0.635296	282	6	-0.67593	0.35609	0.35612	0.704273	84	0	-0.67593
RPS11	7	0.045772	0.1654	0.626149	283	5	-1.2315	0.31967	0.31986	0.704273	36	0	-1.2315
ADM	8	0.046006	0.1704	0.638264	284	6	-0.46032	0.35609	0.35612	0.704273	376	0	-0.46032
PMM2	8	0.046278	0.17123	0.639085	285	6	-0.49695	0.69345	0.69424	0.999995	650	0	-0.49695
HNRNPF	8	0.048289	0.1763	0.655706	286	6	-0.65527	0.91127	0.91069	0.999995	847	0	-0.65527
MED31	8	0.050521	0.18237	0.670167	287	5	-0.57969	0.84598	0.84584	0.999995	786	0	-0.57969
TCF3	8	0.050656	0.18272	0.670167	288	6	-0.38254	0.72891	0.72835	0.999995	676	0	-0.38254
GPSM1	8	0.051169	0.184	0.672536	289	6	-0.61603	0.87513	0.8745	0.999995	815	0	-0.61603
XRCC4	8	0.051412	0.18463	0.672536	290	6	-0.5018	0.89756	0.89742	0.999995	837	0	-0.5018
RPL18A	3	0.052269	0.12454	0.513676	291	3	-0.80938	0.94773	0.94753	0.999995	893	0	-0.80938
ISL1	8	0.053334	0.1897	0.686294	292	6	-0.48103	0.9396	0.93885	0.999995	881	0	-0.48103
S1PR4	8	0.053765	0.19105	0.688809	293	5	-0.4832	0.35609	0.35612	0.704273	237	0	-0.4832
DDX39B	8	0.054286	0.19234	0.691106	294	5	-0.58633	0.35609	0.35612	0.704273	292	0	-0.58633
GYS1	8	0.054943	0.19396	0.694591	295	6	-0.48867	0.95391	0.95313	0.999995	903	0	-0.48867
PHLDA2	8	0.055332	0.19505	0.696153	296	6	-0.42221	0.98242	0.9821	0.999995	955	0	-0.42221
LIN28B	8	0.05599	0.19673	0.699764	297	6	-0.57267	0.35609	0.35612	0.704273	447	0	-0.57267
IL6R	8	0.05672	0.19846	0.703583	298	5	-0.59811	0.68644	0.68718	0.999995	644	0	-0.59811
CAND1	8	0.058026	0.20133	0.710651	299	6	-0.52554	0.67128	0.67224	0.999995	630	0	-0.52554
SPOP	8	0.058212	0.2018	0.710651	300	6	-0.61423	0.91808	0.91735	0.999995	855	0	-0.61423
SLC9A3R2	8	0.058511	0.20253	0.710855	301	6	-0.46438	0.94707	0.94644	0.999995	892	0	-0.46438
TMEM30A	8	0.059737	0.20579	0.719913	302	6	-0.47651	0.96918	0.96859	0.999995	924	0	-0.47651
SMC1A	8	0.060329	0.20737	0.723082	303	6	-0.55425	0.99134	0.99114	0.999995	987	0	-0.55425
NUTF2	7	0.061788	0.21004	0.727577	304	4	-0.8534	0.60749	0.60727	0.999995	567	0	-0.8534
MMD2	8	0.061822	0.2114	0.729916	305	6	-0.4803	0.9821	0.98177	0.999995	952	0	-0.4803
COX4I2	8	0.06232	0.21272	0.732079	306	5	-0.46253	0.35609	0.35612	0.704273	311	0	-0.46253
HMG20B	8	0.063012	0.21444	0.735605	307	6	-0.4598	0.67997	0.68083	0.999995	637	0	-0.4598
PAF1	8	0.063949	0.21688	0.7416	308	6	-0.44439	0.99397	0.99394	0.999995	999	0	-0.44439
HEATR5B	8	0.064916	0.21933	0.746122	309	6	-0.54747	0.35609	0.35612	0.704273	430	0	-0.54747
RING1	8	0.065509	0.22074	0.746122	310	6	-0.74822	0.35609	0.35612	0.704273	47	0	-0.74822
RNF20	8	0.065558	0.2209	0.746122	311	5	-0.44324	0.98869	0.98842	0.999995	976	0	-0.44324
MTUS2	8	0.065619	0.22102	0.746122	312	6	-0.32796	0.97943	0.97897	0.999995	947	0	-0.32796
TOMM20	6	0.068819	0.20828	0.72386	313	3	-0.21396	0.28118	0.28017	0.704273	3	0	-0.21396
ZWILCH	8	0.068887	0.22931	0.768837	314	6	-0.45022	0.35609	0.35612	0.704273	195	0	-0.45022
POLR2A	8	0.069048	0.22972	0.768837	315	6	-0.62649	0.84343	0.84294	0.999995	782	0	-0.62649
YIF1A	8	0.069215	0.23018	0.768837	316	6	-0.55287	0.99218	0.99212	0.999995	990	0	-0.55287
FANCM	8	0.069402	0.23065	0.768837	317	5	-0.62609	0.35609	0.35612	0.704273	497	0	-0.62609
QSOX1	8	0.070043	0.23215	0.771393	318	6	-0.52823	0.9384	0.9376	0.999995	878	0	-0.52823
SLC9A3R1	8	0.071627	0.23619	0.782379	319	6	-0.40976	0.95534	0.95457	0.999995	907	0	-0.40976
RHOBTB2	8	0.075065	0.24433	0.799101	320	6	-0.51901	0.86238	0.86185	0.999995	802	0	-0.51901
DMXL1	8	0.075146	0.24453	0.799101	321	5	-0.53365	0.35609	0.35612	0.704273	346	0	-0.53365
RPA3	8	0.075333	0.24501	0.799101	322	4	-0.54514	0.35609	0.35612	0.704273	81	0	-0.54514
CTPS1	8	0.076647	0.24811	0.806733	323	5	-0.54151	0.94672	0.94611	0.999995	891	0	-0.54151
KIF20A	16	0.077663	0.30581	0.908941	324	11	-0.44703	0.58538	0.58343	0.999995	551	0	-0.44703
NDUFC1	8	0.07782	0.25111	0.813986	325	6	-0.41006	0.9586	0.95783	0.999995	912	0	-0.41006
BTBD11	8	0.078822	0.25328	0.818537	326	6	-0.37152	0.35609	0.35612	0.704273	400	0	-0.37152
RPL6	3	0.079632	0.18076	0.669904	327	3	-0.73172	0.92037	0.91982	0.999995	857	0	-0.73172
PMPCB	8	0.079902	0.25587	0.823083	328	6	-1.0289	0.80645	0.8067	0.999995	747	0	-1.0289
NAPA	8	0.080166	0.25643	0.823083	329	4	-0.66529	0.35609	0.35612	0.704273	114	0	-0.66529
CPSF3	8	0.080443	0.25702	0.823083	330	6	-0.68494	0.67651	0.67747	0.999995	634	0	-0.68494
TUBB2B	6	0.081252	0.23789	0.785556	331	3	-0.29829	0.83166	0.83344	0.999995	776	0	-0.29829
ASF1A	8	0.082294	0.26154	0.835038	332	6	-0.6356	0.35609	0.35612	0.704273	361	0	-0.6356
FOSL1	6	0.083104	0.2418	0.796	333	5	-0.42863	0.96043	0.96041	0.999995	913	0	-0.42863
MCPH1	8	0.083893	0.2653	0.844483	334	5	-0.72159	0.35609	0.35612	0.704273	107	0	-0.72159
PUM2	8	0.085537	0.26874	0.851766	335	6	-0.63867	0.82569	0.82543	0.999995	768	0	-0.63867
GSX1	8	0.085756	0.26919	0.851766	336	5	-0.55455	0.35609	0.35612	0.704273	514	0	-0.55455
CYFIP1	8	0.087343	0.27293	0.861018	337	5	-0.42934	0.35609	0.35612	0.704273	287	0	-0.42934
AHCYL1	8	0.087884	0.27399	0.861812	338	5	-0.53388	0.98096	0.9806	0.999995	949	0	-0.53388
SOHLH1	8	0.088318	0.27497	0.862338	339	5	-0.78699	0.68134	0.6822	0.999995	639	0	-0.78699
RBM22	8	0.090092	0.27886	0.86683	340	4	-0.38763	0.35609	0.35612	0.704273	67	0	-0.38763
EAF1	8	0.09078	0.28056	0.869565	341	6	-0.44092	0.95466	0.95386	0.999995	905	0	-0.44092
BRD8	8	0.092364	0.28435	0.878749	342	5	-0.46068	0.6106	0.6113	0.999995	572	0	-0.46068
SNTA1	8	0.09314	0.28606	0.881462	343	6	-0.39371	0.8277	0.82737	0.999995	773	0	-0.39371
FKBP9	7	0.09421	0.27648	0.864371	344	5	-0.39427	0.31967	0.31986	0.704273	38	0	-0.39427
TSG101	8	0.095315	0.29082	0.889965	345	5	-0.51284	0.97795	0.97738	0.999995	943	0	-0.51284
FKBP4	8	0.095899	0.29197	0.889965	346	6	-0.48834	0.97191	0.97118	0.999995	930	0	-0.48834
GCM2	8	0.095995	0.29218	0.889965	347	6	-0.61856	0.35609	0.35612	0.704273	530	0	-0.61856
LIMK1	8	0.098904	0.29851	0.901398	348	6	-0.47187	0.35609	0.35612	0.704273	453	0	-0.47187
SIRPA	6	0.098993	0.27725	0.864371	349	5	-0.32861	0.28118	0.28017	0.704273	13	0	-0.32861
SAFB2	8	0.099152	0.29909	0.901398	350	6	-0.67969	0.97487	0.97422	0.999995	933	0	-0.67969
LARP1	8	0.099223	0.29919	0.901398	351	5	-0.45867	0.35609	0.35612	0.704273	476	0	-0.45867
TIMP2	8	0.09929	0.29933	0.901398	352	5	-0.41962	0.79065	0.79044	0.999995	731	0	-0.41962
POLD1	8	0.099806	0.30047	0.902266	353	5	-0.54529	0.35609	0.35612	0.704273	131	0	-0.54529
GXYLT1	8	0.10149	0.30402	0.908172	354	5	-0.34521	0.35609	0.35612	0.704273	527	0	-0.34521
CCNT2	8	0.10154	0.30415	0.908172	355	6	-0.52012	0.97141	0.97072	0.999995	928	0	-0.52012
FXR2	8	0.10262	0.30638	0.908941	356	6	-0.29689	0.35609	0.35612	0.704273	493	0	-0.29689
TPBGL	8	0.10294	0.30698	0.908941	357	5	-0.36548	0.915	0.91432	0.999995	852	0	-0.36548
RAD17	6	0.10462	0.28938	0.889095	358	3	-0.55833	0.53466	0.53631	0.999995	539	0	-0.55833
FOXK2	8	0.10526	0.31198	0.921164	359	6	-0.44322	0.9271	0.92629	0.999995	864	0	-0.44322
PXDNL	8	0.11096	0.32438	0.949852	360	6	-0.39345	0.87707	0.87623	0.999995	817	0	-0.39345
YIPF5	8	0.11445	0.33197	0.965428	361	6	-0.61471	0.35609	0.35612	0.704273	212	0	-0.61471
COX6B2	8	0.11471	0.33244	0.965428	362	4	-0.42098	0.65803	0.65908	0.999995	617	0	-0.42098
CRYBB2	7	0.11562	0.31645	0.929198	363	3	-0.15279	0.81654	0.81511	0.999995	755	0	-0.15279
SLC25A28	8	0.11681	0.33654	0.974666	364	6	-0.4178	0.76756	0.76745	0.999995	716	0	-0.4178
ATP6V1C2	16	0.11717	0.40163	0.999995	365	9	-0.46737	0.58538	0.58343	0.999995	549	0	-0.46737
COPS7A	8	0.11948	0.34218	0.98353	366	6	-0.35333	0.94944	0.94901	0.999995	897	0	-0.35333
IRF4	8	0.11995	0.34317	0.98353	367	5	-0.52501	0.35609	0.35612	0.704273	425	0	-0.52501
PPP2CB	6	0.12001	0.31598	0.929198	368	4	-0.66417	0.95665	0.95642	0.999995	909	0	-0.66417
CAP1	8	0.12005	0.34331	0.98353	369	4	-0.56412	0.61141	0.61213	0.999995	574	0	-0.56412
TSPO2	8	0.12078	0.34475	0.984988	370	5	-0.45554	0.35609	0.35612	0.704273	153	0	-0.45554
CRY1	8	0.1237	0.35069	0.990529	371	6	-0.44968	0.35609	0.35612	0.704273	307	0	-0.44968
SNRPB	8	0.12396	0.35127	0.990529	372	5	-0.51114	0.35609	0.35612	0.704273	248	0	-0.51114
APOBEC3C	8	0.12453	0.35228	0.990529	373	6	-0.3627	0.93515	0.93442	0.999995	873	0	-0.3627
CAPN2	8	0.1248	0.35276	0.990529	374	5	-0.50436	0.35609	0.35612	0.704273	411	0	-0.50436
RNF38	8	0.12522	0.35373	0.990529	375	6	-0.44028	0.95559	0.95473	0.999995	908	0	-0.44028
TREM2	8	0.12524	0.35377	0.990529	376	6	-0.47262	0.87285	0.87213	0.999995	813	0	-0.47262
EP300	8	0.12592	0.35508	0.990529	377	6	-0.66308	0.35609	0.35612	0.704273	329	0	-0.66308
STX4	8	0.12592	0.3551	0.990529	378	5	-0.24007	0.35609	0.35612	0.704273	253	0	-0.24007
MYH7	8	0.12717	0.35802	0.996063	379	6	-0.36745	0.35609	0.35612	0.704273	112	0	-0.36745
TBC1D26	6	0.1281	0.32782	0.957273	380	3	-0.36013	0.58769	0.58895	0.999995	558	0	-0.36013
CRK	8	0.12869	0.36097	0.998606	381	5	-0.47308	0.79604	0.79561	0.999995	736	0	-0.47308
CRY2	8	0.12908	0.36182	0.998606	382	5	-0.51125	0.35609	0.35612	0.704273	306	0	-0.51125
SBF1	7	0.12952	0.34195	0.98353	383	4	-0.52018	0.67094	0.66998	0.999995	629	0	-0.52018
UNC45A	8	0.12955	0.36282	0.998606	384	5	-0.63075	0.63902	0.64	0.999995	603	0	-0.63075
ADAP1	8	0.13028	0.36429	0.998606	385	6	-0.5605	0.35609	0.35612	0.704273	364	0	-0.5605
UNC45B	8	0.13043	0.36453	0.998606	386	6	-0.4434	0.99058	0.99036	0.999995	982	0	-0.4434
PTPN6	8	0.13238	0.36835	0.999995	387	5	-0.33101	0.81148	0.81147	0.999995	752	0	-0.33101
GABPB1	8	0.13343	0.37055	0.999995	388	5	-0.49514	0.74511	0.74439	0.999995	692	0	-0.49514
ANKRD10	8	0.13446	0.37238	0.999995	389	6	-0.34056	0.35609	0.35612	0.704273	375	0	-0.34056
S100A6	8	0.13461	0.37261	0.999995	390	6	-0.38005	0.35609	0.35612	0.704273	152	0	-0.38005
IKBKB	8	0.13496	0.37331	0.999995	391	4	-0.46805	0.65179	0.65247	0.999995	611	0	-0.46805
NAA16	8	0.13561	0.37455	0.999995	392	5	-0.48427	0.82468	0.82441	0.999995	767	0	-0.48427
MYBPH	8	0.13643	0.37621	0.999995	393	5	-0.44811	0.76258	0.76232	0.999995	708	0	-0.44811
PSMB9	8	0.13695	0.37725	0.999995	394	6	-0.42745	0.76652	0.7663	0.999995	714	0	-0.42745
RYBP	7	0.14269	0.36595	0.999758	395	4	-0.67312	0.31967	0.31986	0.704273	37	0	-0.67312
CABP5	8	0.14308	0.38882	0.999995	396	4	-0.48001	0.89933	0.89924	0.999995	840	0	-0.48001
CTSZ	8	0.1441	0.39079	0.999995	397	4	-0.30364	0.35609	0.35612	0.704273	288	0	-0.30364
TMEM9	8	0.14712	0.3956	0.999995	398	5	-0.34891	0.35609	0.35612	0.704273	176	0	-0.34891
CBLL1	8	0.14844	0.39754	0.999995	399	5	-0.61994	0.7775	0.77731	0.999995	722	0	-0.61994
SHMT1	7	0.14993	0.37802	0.999995	400	5	-0.49758	0.93269	0.93225	0.999995	871	0	-0.49758
ALDOC	8	0.15225	0.4031	0.999995	401	5	-0.51458	0.9392	0.93843	0.999995	879	0	-0.51458
GRHL2	8	0.15621	0.40876	0.999995	402	4	-0.40964	0.35609	0.35612	0.704273	523	0	-0.40964
ATAD2	8	0.158	0.4111	0.999995	403	5	-0.34937	0.85168	0.85164	0.999995	790	0	-0.34937
TIMM23	6	0.1581	0.37303	0.999995	404	3	-0.54619	0.75973	0.76041	0.999995	706	0	-0.54619
IPO7	7	0.16442	0.40241	0.999995	405	5	-0.53037	0.8231	0.8216	0.999995	764	0	-0.53037
SLC22A8	8	0.16459	0.42035	0.999995	406	4	-0.48056	0.35609	0.35612	0.704273	224	0	-0.48056
BATF3	8	0.16498	0.42082	0.999995	407	4	-0.3752	0.93532	0.93461	0.999995	874	0	-0.3752
PAPSS1	8	0.16553	0.42154	0.999995	408	5	-0.54851	0.35609	0.35612	0.704273	150	0	-0.54851
TAP1	8	0.16832	0.42527	0.999995	409	5	-0.41612	0.80423	0.80431	0.999995	744	0	-0.41612
GMPR	8	0.17057	0.42849	0.999995	410	5	-0.44925	0.35609	0.35612	0.704273	516	0	-0.44925
SMARCC1	8	0.17093	0.42902	0.999995	411	5	-0.51536	0.66525	0.66617	0.999995	621	0	-0.51536
E2F4	8	0.17146	0.42968	0.999995	412	5	-0.46848	0.98994	0.98981	0.999995	980	0	-0.46848
PIP4P2	8	0.17362	0.43257	0.999995	413	5	-0.44571	0.92334	0.92284	0.999995	862	0	-0.44571
MAK	8	0.1739	0.43297	0.999995	414	5	-0.433	0.35609	0.35612	0.704273	455	0	-0.433
ZNF521	8	0.17528	0.43506	0.999995	415	1	-0.14802	0.35609	0.35612	0.704273	196	0	-0.14802
G3BP1	7	0.1754	0.42061	0.999995	416	5	-0.47442	0.88394	0.88288	0.999995	824	0	-0.47442
RPL27A	4	0.17704	0.35176	0.990529	417	1	-0.21125	0.37924	0.37581	0.741828	537	0	-0.21125
COPG1	8	0.17732	0.43805	0.999995	418	4	-0.3193	0.35609	0.35612	0.704273	299	0	-0.3193
GOLT1A	8	0.1788	0.44003	0.999995	419	5	-0.38916	0.62306	0.62366	0.999995	584	0	-0.38916
CCNE2	8	0.18017	0.44217	0.999995	420	5	-0.42867	0.35609	0.35612	0.704273	384	0	-0.42867
DST	8	0.1835	0.44692	0.999995	421	5	-0.33615	0.8004	0.80026	0.999995	741	0	-0.33615
GJA8	8	0.18365	0.44714	0.999995	422	5	-0.44391	0.8677	0.86715	0.999995	807	0	-0.44391
CCT6B	8	0.18667	0.45154	0.999995	423	5	-0.504	0.62267	0.6233	0.999995	583	0	-0.504
ARPC5L	8	0.18842	0.45397	0.999995	424	5	-0.44451	0.98713	0.98695	0.999995	975	0	-0.44451
SYK	8	0.19426	0.4622	0.999995	425	5	-0.32643	0.61788	0.61843	0.999995	579	0	-0.32643
TNPO2	8	0.19429	0.46224	0.999995	426	4	-0.3044	0.69969	0.70008	0.999995	654	0	-0.3044
RNF44	8	0.1943	0.46225	0.999995	427	4	-0.31086	0.35609	0.35612	0.704273	73	0	-0.31086
PTCH1	8	0.19656	0.46526	0.999995	428	5	-0.4033	0.35609	0.35612	0.704273	49	0	-0.4033
LIF	8	0.19705	0.46598	0.999995	429	2	-0.19252	0.35609	0.35612	0.704273	451	0	-0.19252
ASCL1	8	0.1992	0.46861	0.999995	430	4	-0.24615	0.80975	0.80978	0.999995	749	0	-0.24615
CSTF2T	8	0.19927	0.46869	0.999995	431	5	-0.38401	0.35609	0.35612	0.704273	308	0	-0.38401
BCAP31	8	0.20154	0.47201	0.999995	432	5	-0.36502	0.35609	0.35612	0.704273	398	0	-0.36502
TAF1	8	0.20219	0.4729	0.999995	433	4	-0.32351	0.35609	0.35612	0.704273	249	0	-0.32351
CDC34	8	0.20285	0.47371	0.999995	434	4	-0.38995	0.62028	0.62086	0.999995	581	0	-0.38995
EIF4A3	8	0.20348	0.47463	0.999995	435	4	-0.57017	0.76232	0.76202	0.999995	707	0	-0.57017
PTTG1	7	0.2042	0.46667	0.999995	436	5	-0.5913	0.98345	0.98347	0.999995	961	0	-0.5913
ZMIZ1	8	0.20801	0.48059	0.999995	437	4	-0.38014	0.69113	0.69187	0.999995	649	0	-0.38014
FLOT1	8	0.21453	0.48929	0.999995	438	5	-0.38937	0.35609	0.35612	0.704273	503	0	-0.38937
RPS7	3	0.21569	0.36459	0.998606	439	2	-1.12	0.15217	0.15271	0.704273	1	0	-1.12
ARHGEF7	8	0.21798	0.49401	0.999995	440	5	-0.49586	0.6278	0.62829	0.999995	592	0	-0.49586
SLC25A25	8	0.21883	0.49522	0.999995	441	4	-0.33312	0.6529	0.65369	0.999995	612	0	-0.33312
LSM14A	8	0.21982	0.49657	0.999995	442	5	-0.42503	0.35609	0.35612	0.704273	458	0	-0.42503
LHFPL5	8	0.2204	0.49745	0.999995	443	4	-0.46011	0.35609	0.35612	0.704273	472	0	-0.46011
VPS26A	8	0.22737	0.50593	0.999995	444	4	-0.29051	0.35609	0.35612	0.704273	201	0	-0.29051
ISCA2	8	0.2276	0.50618	0.999995	445	5	-0.37733	0.35609	0.35612	0.704273	427	0	-0.37733
MOGAT2	8	0.22873	0.50779	0.999995	446	4	-0.49887	0.87929	0.87854	0.999995	818	0	-0.49887
COQ10A	8	0.22954	0.50883	0.999995	447	5	-0.47867	0.86928	0.86873	0.999995	809	0	-0.47867
TUBB2A	6	0.23015	0.47291	0.999995	448	2	-0.34192	0.28118	0.28017	0.704273	4	0	-0.34192
XPO7	8	0.23059	0.51011	0.999995	449	5	-0.58273	0.35609	0.35612	0.704273	213	0	-0.58273
ATP8B3	8	0.23164	0.5115	0.999995	450	5	-0.3451	0.72712	0.7268	0.999995	675	0	-0.3451
RPS28	3	0.23311	0.38315	0.999995	451	2	-0.26738	0.71587	0.71648	0.999995	668	0	-0.26738
TOP2B	8	0.23734	0.51904	0.999995	452	5	-0.43321	0.35609	0.35612	0.704273	183	0	-0.43321
WAS	8	0.2377	0.51947	0.999995	453	2	-0.16601	0.62936	0.6299	0.999995	593	0	-0.16601
TMEM120A	8	0.2395	0.52185	0.999995	454	5	-0.32732	0.66739	0.66822	0.999995	625	0	-0.32732
RHBDF2	8	0.24076	0.52349	0.999995	455	5	-0.37306	0.35609	0.35612	0.704273	83	0	-0.37306
PLXDC2	8	0.24204	0.52503	0.999995	456	5	-0.3606	0.7074	0.70782	0.999995	661	0	-0.3606
EZH1	8	0.24312	0.52646	0.999995	457	5	-0.31184	0.98682	0.98667	0.999995	973	0	-0.31184
CAND2	8	0.2442	0.52765	0.999995	458	5	-0.31745	0.35609	0.35612	0.704273	412	0	-0.31745
ABL1	8	0.24549	0.52924	0.999995	459	5	-0.2681	0.35609	0.35612	0.704273	371	0	-0.2681
MYL7	8	0.24844	0.53292	0.999995	460	5	-0.45749	0.64994	0.65068	0.999995	609	0	-0.45749
COPZ2	8	0.24872	0.53329	0.999995	461	3	-0.21989	0.63325	0.63406	0.999995	600	0	-0.21989
LGALS9	7	0.25051	0.52634	0.999995	462	3	-0.19291	0.31967	0.31986	0.704273	35	0	-0.19291
TREML4	7	0.25451	0.53038	0.999995	463	4	-0.44346	0.31967	0.31986	0.704273	27	0	-0.44346
ARID1B	8	0.25473	0.5405	0.999995	464	5	-0.38005	0.89845	0.89824	0.999995	839	0	-0.38005
KPNA3	8	0.25818	0.54516	0.999995	465	5	-0.33214	0.35609	0.35612	0.704273	465	0	-0.33214
BICD2	8	0.26059	0.54816	0.999995	466	4	-0.39883	0.81534	0.81538	0.999995	754	0	-0.39883
UNC119	8	0.26174	0.54977	0.999995	467	5	-0.46056	0.35609	0.35612	0.704273	162	0	-0.46056
BECN2	8	0.26717	0.5564	0.999995	468	4	-0.34592	0.89448	0.89429	0.999995	835	0	-0.34592
POU4F2	8	0.27	0.55968	0.999995	469	3	-0.1984	0.35609	0.35612	0.704273	128	0	-0.1984
HOXB1	8	0.27027	0.56005	0.999995	470	5	-0.59731	0.87958	0.87884	0.999995	819	0	-0.59731
BECN1	8	0.27146	0.56138	0.999995	471	4	-0.42536	0.8212	0.82116	0.999995	761	0	-0.42536
RSBN1	8	0.27186	0.56201	0.999995	472	5	-0.34869	0.35609	0.35612	0.704273	62	0	-0.34869
BICD1	8	0.27276	0.56327	0.999995	473	5	-0.42791	0.85464	0.85453	0.999995	796	0	-0.42791
MTX1	6	0.27606	0.53342	0.999995	474	4	-0.41685	0.28118	0.28017	0.704273	8	0	-0.41685
STT3A	8	0.27732	0.56878	0.999995	475	5	-0.3227	0.9482	0.94761	0.999995	895	0	-0.3227
IQCA1	8	0.27786	0.56946	0.999995	476	4	-0.32953	0.83858	0.8382	0.999995	779	0	-0.32953
CHRNB3	8	0.27884	0.57055	0.999995	477	4	-0.66876	0.35609	0.35612	0.704273	390	0	-0.66876
CAP2	8	0.28031	0.57224	0.999995	478	5	-0.40664	0.91489	0.91425	0.999995	851	0	-0.40664
EGFR	8	0.28238	0.57479	0.999995	479	5	-0.25739	0.35609	0.35612	0.704273	316	0	-0.25739
MECP2	8	0.28295	0.57551	0.999995	480	3	-0.21092	0.35609	0.35612	0.704273	109	0	-0.21092
SIN3B	8	0.28515	0.57808	0.999995	481	5	-0.40978	0.35609	0.35612	0.704273	220	0	-0.40978
ZG16	8	0.28891	0.5826	0.999995	482	2	-0.3576	0.82305	0.82275	0.999995	763	0	-0.3576
AP1G1	8	0.28944	0.58328	0.999995	483	4	-0.40039	0.35609	0.35612	0.704273	352	0	-0.40039
ZMAT2	8	0.28961	0.58351	0.999995	484	4	-0.31445	0.35609	0.35612	0.704273	191	0	-0.31445
EPHA2	8	0.29121	0.58542	0.999995	485	5	-0.40768	0.35609	0.35612	0.704273	323	0	-0.40768
SMARCC2	8	0.29218	0.58642	0.999995	486	4	-0.36921	0.71182	0.71176	0.999995	665	0	-0.36921
TMEM9B	8	0.2937	0.58828	0.999995	487	4	-0.27989	0.94665	0.94604	0.999995	890	0	-0.27989
AP2A2	8	0.29417	0.58886	0.999995	488	4	-0.36355	0.96481	0.96439	0.999995	917	0	-0.36355
ESRP2	8	0.29449	0.58929	0.999995	489	5	-0.32208	0.94985	0.94944	0.999995	898	0	-0.32208
GABPB2	8	0.29543	0.59052	0.999995	490	5	-0.37628	0.35609	0.35612	0.704273	489	0	-0.37628
NR5A2	8	0.29667	0.59204	0.999995	491	4	-0.32483	0.35609	0.35612	0.704273	140	0	-0.32483
RSBN1L	8	0.29755	0.59303	0.999995	492	5	-0.48078	0.35609	0.35612	0.704273	61	0	-0.48078
IKBKE	8	0.29768	0.59319	0.999995	493	3	-0.30601	0.87053	0.86992	0.999995	811	0	-0.30601
NHLRC1	8	0.2992	0.5949	0.999995	494	5	-0.41487	0.68065	0.6815	0.999995	638	0	-0.41487
ALG14	8	0.29944	0.59525	0.999995	495	5	-0.30808	0.61667	0.61731	0.999995	577	0	-0.30808
TOMM40L	8	0.30205	0.59828	0.999995	496	5	-0.37776	0.92125	0.92072	0.999995	859	0	-0.37776
ABCA3	8	0.30228	0.59852	0.999995	497	5	-0.20741	0.88488	0.8846	0.999995	825	0	-0.20741
FZD8	8	0.30457	0.60093	0.999995	498	4	-0.23724	0.35609	0.35612	0.704273	492	0	-0.23724
KIAA0319	8	0.30466	0.60107	0.999995	499	5	-0.38136	0.35609	0.35612	0.704273	469	0	-0.38136
FCRL3	8	0.3075	0.60448	0.999995	500	4	-0.26587	0.35609	0.35612	0.704273	507	0	-0.26587
RP1	8	0.30753	0.60449	0.999995	501	5	-0.45836	0.35609	0.35612	0.704273	65	0	-0.45836
GDF15	8	0.3109	0.60861	0.999995	502	4	-0.22808	0.35609	0.35612	0.704273	525	0	-0.22808
PDS5B	8	0.31207	0.61007	0.999995	503	3	-0.32351	0.71803	0.71779	0.999995	670	0	-0.32351
AHCYL2	8	0.31232	0.61028	0.999995	504	4	-0.31795	0.35609	0.35612	0.704273	379	0	-0.31795
PHLDA1	8	0.31274	0.61077	0.999995	505	2	0	0.35609	0.35612	0.704273	125	0	0
STRIP1	8	0.31643	0.61506	0.999995	506	5	-0.34333	0.87022	0.8696	0.999995	810	0	-0.34333
CCDC69	8	0.31789	0.61678	0.999995	507	5	-0.26937	0.35609	0.35612	0.704273	396	0	-0.26937
CCNL2	8	0.31813	0.61703	0.999995	508	5	-0.27846	0.78682	0.78665	0.999995	730	0	-0.27846
PXDN	8	0.31837	0.61731	0.999995	509	5	-0.36775	0.99324	0.9932	0.999995	996	0	-0.36775
ADSSL1	8	0.32129	0.62052	0.999995	510	5	-0.42929	0.91618	0.91547	0.999995	854	0	-0.42929
SMAP1	8	0.32177	0.62114	0.999995	511	5	-0.34186	0.91082	0.91018	0.999995	846	0	-0.34186
YBX3	8	0.32299	0.62273	0.999995	512	5	-0.33913	0.62975	0.63027	0.999995	594	0	-0.33913
BRSK1	8	0.32357	0.62338	0.999995	513	5	-0.44367	0.35609	0.35612	0.704273	397	0	-0.44367
RPL21	3	0.32378	0.47773	0.999995	514	1	-0.21535	0.48825	0.48696	0.95943	538	0	-0.21535
LMBR1	8	0.32472	0.62456	0.999995	515	3	-0.25163	0.35609	0.35612	0.704273	446	0	-0.25163
ULK1	8	0.32617	0.62608	0.999995	516	5	-0.39247	0.82017	0.82012	0.999995	759	0	-0.39247
SLC32A1	8	0.32736	0.62743	0.999995	517	3	-0.46403	0.91227	0.91173	0.999995	849	0	-0.46403
GPSM2	8	0.32936	0.62959	0.999995	518	5	-0.4516	0.35609	0.35612	0.704273	522	0	-0.4516
HEATR5A	8	0.33059	0.63085	0.999995	519	5	-0.49021	0.7437	0.74282	0.999995	689	0	-0.49021
SEC23B	8	0.33479	0.63584	0.999995	520	5	-0.41481	0.89396	0.89379	0.999995	834	0	-0.41481
UTRN	8	0.33545	0.63663	0.999995	521	4	-0.41036	0.35609	0.35612	0.704273	206	0	-0.41036
PRSS37	8	0.33627	0.63754	0.999995	522	5	-0.36711	0.35609	0.35612	0.704273	59	0	-0.36711
FKBP10	8	0.34234	0.64436	0.999995	523	4	-0.30614	0.78489	0.78497	0.999995	727	0	-0.30614
FNIP2	8	0.34274	0.64485	0.999995	524	5	-0.31485	0.35609	0.35612	0.704273	482	0	-0.31485
ICK	8	0.34344	0.6457	0.999995	525	4	-0.43328	0.91425	0.91367	0.999995	850	0	-0.43328
GRM4	8	0.34498	0.64734	0.999995	526	5	-0.52133	0.35609	0.35612	0.704273	519	0	-0.52133
HNRNPH3	8	0.34548	0.64794	0.999995	527	5	-0.4957	0.98269	0.9824	0.999995	956	0	-0.4957
ABL2	8	0.34598	0.64844	0.999995	528	5	-0.36061	0.84832	0.84807	0.999995	787	0	-0.36061
RHOT1	8	0.34824	0.65097	0.999995	529	5	-0.41947	0.86897	0.86838	0.999995	808	0	-0.41947
RAMP2	8	0.34874	0.65156	0.999995	530	5	-0.34591	0.75561	0.75515	0.999995	702	0	-0.34591
DMXL2	8	0.35139	0.65439	0.999995	531	3	-0.22513	0.35609	0.35612	0.704273	345	0	-0.22513
STX12	8	0.35352	0.65648	0.999995	532	5	-0.26935	0.9824	0.98208	0.999995	954	0	-0.26935
EFR3B	8	0.35479	0.65774	0.999995	533	5	-0.35868	0.73942	0.73866	0.999995	684	0	-0.35868
YAF2	8	0.35577	0.65867	0.999995	534	5	-0.32312	0.68812	0.68877	0.999995	645	0	-0.32312
IRF8	8	0.35706	0.66025	0.999995	535	5	-0.33908	0.35609	0.35612	0.704273	428	0	-0.33908
CNOT6	8	0.35744	0.66079	0.999995	536	4	-0.24897	0.60402	0.60441	0.999995	565	0	-0.24897
IQCA1L	8	0.35894	0.66242	0.999995	537	2	-0.15022	0.68441	0.68511	0.999995	643	0	-0.15022
FAM71A	8	0.35965	0.66336	0.999995	538	3	-0.23094	0.85839	0.85812	0.999995	797	0	-0.23094
TGM6	8	0.36239	0.66623	0.999995	539	5	-0.42958	0.9681	0.96742	0.999995	923	0	-0.42958
CEACAM1	8	0.36584	0.66916	0.999995	540	2	-0.27309	0.35609	0.35612	0.704273	394	0	-0.27309
NETO2	8	0.36856	0.67127	0.999995	541	4	-0.21694	0.35609	0.35612	0.704273	95	0	-0.21694
ABTB2	8	0.36989	0.67235	0.999995	542	4	-0.29597	0.74143	0.74069	0.999995	686	0	-0.29597
AKAP11	8	0.37575	0.67652	0.999995	543	4	-0.26969	0.94211	0.94131	0.999995	886	0	-0.26969
PACS2	8	0.37726	0.6776	0.999995	544	2	-0.11795	0.35609	0.35612	0.704273	151	0	-0.11795
HNRNPH1	8	0.37942	0.67937	0.999995	545	3	-0.18181	0.7171	0.71698	0.999995	669	0	-0.18181
IRF6	8	0.38092	0.68053	0.999995	546	4	-0.4014	0.81127	0.81123	0.999995	751	0	-0.4014
YIF1B	8	0.38243	0.68173	0.999995	547	4	-0.30485	0.35609	0.35612	0.704273	215	0	-0.30485
CD44	8	0.38253	0.68182	0.999995	548	4	-0.3464	0.35609	0.35612	0.704273	381	0	-0.3464
SMAP2	8	0.38314	0.68223	0.999995	549	2	-0.17923	0.35609	0.35612	0.704273	228	0	-0.17923
PRG3	8	0.38386	0.68285	0.999995	550	3	-0.30582	0.79418	0.79391	0.999995	733	0	-0.30582
CREBBP	8	0.38895	0.68676	0.999995	551	3	-0.20731	0.35609	0.35612	0.704273	310	0	-0.20731
TAF9	7	0.3905	0.66603	0.999995	552	4	-0.3408	0.66715	0.6662	0.999995	624	0	-0.3408
CYP26C1	8	0.39393	0.69064	0.999995	553	3	-0.17745	0.35609	0.35612	0.704273	281	0	-0.17745
ATP6V1B1	8	0.39585	0.69221	0.999995	554	4	-0.27766	0.78221	0.78227	0.999995	725	0	-0.27766
ANKRD37	8	0.39639	0.69266	0.999995	555	4	-0.26023	0.35609	0.35612	0.704273	374	0	-0.26023
DENND5A	8	0.39935	0.6948	0.999995	556	4	-0.34368	0.35609	0.35612	0.704273	335	0	-0.34368
FKBP5	8	0.40061	0.69593	0.999995	557	3	-0.24315	0.35609	0.35612	0.704273	504	0	-0.24315
L3MBTL2	8	0.40205	0.69688	0.999995	558	4	-0.36111	0.611	0.61164	0.999995	573	0	-0.36111
BARHL1	8	0.40594	0.69975	0.999995	559	3	-0.43031	0.35609	0.35612	0.704273	403	0	-0.43031
NDE1	8	0.4061	0.69979	0.999995	560	4	-0.38493	0.35609	0.35612	0.704273	99	0	-0.38493
FLT1	8	0.40929	0.70207	0.999995	561	3	-0.23018	0.35609	0.35612	0.704273	505	0	-0.23018
AP1G2	8	0.4126	0.70451	0.999995	562	4	-0.40192	0.69576	0.69648	0.999995	651	0	-0.40192
BZW1	6	0.41824	0.67202	0.999995	563	3	-0.35569	0.59956	0.60069	0.999995	561	0	-0.35569
TOMM20L	8	0.42285	0.71183	0.999995	564	3	-0.19767	0.35609	0.35612	0.704273	182	0	-0.19767
NSG2	8	0.42586	0.71431	0.999995	565	3	-0.23044	0.35609	0.35612	0.704273	142	0	-0.23044
ERO1B	8	0.42699	0.71508	0.999995	566	4	-0.35812	0.35609	0.35612	0.704273	502	0	-0.35812
TNKS	8	0.42776	0.71575	0.999995	567	4	-0.36928	0.79834	0.79814	0.999995	738	0	-0.36928
ZNF423	8	0.4278	0.71577	0.999995	568	4	-0.30372	0.35609	0.35612	0.704273	199	0	-0.30372
PRDM16	8	0.43659	0.72277	0.999995	569	3	-0.32885	0.35609	0.35612	0.704273	53	0	-0.32885
PRKAB2	8	0.44087	0.72578	0.999995	570	4	-0.35139	0.81703	0.81705	0.999995	757	0	-0.35139
PLCG2	8	0.44139	0.72611	0.999995	571	3	-0.30593	0.35609	0.35612	0.704273	122	0	-0.30593
TSTD1	8	0.44553	0.72914	0.999995	572	4	-0.34559	0.35609	0.35612	0.704273	154	0	-0.34559
KLF4	8	0.44989	0.73215	0.999995	573	4	-0.21609	0.35609	0.35612	0.704273	468	0	-0.21609
ADAP2	8	0.45352	0.73471	0.999995	574	4	-0.40664	0.35609	0.35612	0.704273	367	0	-0.40664
RGS19	8	0.45508	0.73594	0.999995	575	4	-0.4484	0.74847	0.74816	0.999995	695	0	-0.4484
PPP3R2	8	0.45645	0.73668	0.999995	576	4	-0.39208	0.35609	0.35612	0.704273	85	0	-0.39208
CAB39	8	0.45781	0.73768	0.999995	577	4	-0.28003	0.35609	0.35612	0.704273	399	0	-0.28003
AXL	8	0.45945	0.73896	0.999995	578	4	-0.39137	0.35609	0.35612	0.704273	404	0	-0.39137
MYD88	8	0.46001	0.73938	0.999995	579	3	-0.16299	0.35609	0.35612	0.704273	117	0	-0.16299
SLC11A1	8	0.46082	0.73999	0.999995	580	4	-0.30696	0.86659	0.86602	0.999995	806	0	-0.30696
ABCG2	8	0.46139	0.74042	0.999995	581	2	-0.097716	0.35609	0.35612	0.704273	368	0	-0.097716
TPST1	8	0.46326	0.74166	0.999995	582	4	-0.36804	0.85221	0.85215	0.999995	792	0	-0.36804
EFR3A	8	0.46383	0.7421	0.999995	583	4	-0.43347	0.35609	0.35612	0.704273	317	0	-0.43347
DUOX1	8	0.46465	0.74256	0.999995	584	4	-0.28346	0.6007	0.60124	0.999995	562	0	-0.28346
CCNE1	8	0.46492	0.74271	0.999995	585	4	-0.2428	0.35609	0.35612	0.704273	385	0	-0.2428
SAMD9	8	0.46628	0.74363	0.999995	586	3	-0.17253	0.35609	0.35612	0.704273	239	0	-0.17253
SBF2	7	0.46884	0.73738	0.999995	587	4	-0.33435	0.68964	0.68866	0.999995	648	0	-0.33435
SATB2	8	0.47187	0.74739	0.999995	588	3	-0.2146	0.35609	0.35612	0.704273	234	0	-0.2146
NUMBL	8	0.47326	0.7484	0.999995	589	3	-0.23706	0.35609	0.35612	0.704273	136	0	-0.23706
CHSY3	8	0.47641	0.75046	0.999995	590	4	-0.27483	0.92085	0.92024	0.999995	858	0	-0.27483
GOLPH3L	8	0.4775	0.75114	0.999995	591	4	-0.17205	0.35609	0.35612	0.704273	517	0	-0.17205
NMT2	8	0.48079	0.75376	0.999995	592	4	-0.29151	0.73654	0.73596	0.999995	682	0	-0.29151
NCKAP1L	8	0.48268	0.75499	0.999995	593	3	-0.25949	0.35609	0.35612	0.704273	88	0	-0.25949
DDX39A	8	0.48675	0.75801	0.999995	594	3	-0.15604	0.35609	0.35612	0.704273	289	0	-0.15604
CHUK	16	0.49079	0.8349	0.999995	595	8	-0.33765	0.58538	0.58343	0.999995	556	0	-0.33765
ACTL6B	8	0.49305	0.76253	0.999995	596	4	-0.23386	0.94032	0.9396	0.999995	883	0	-0.23386
IFIH1	8	0.49522	0.76413	0.999995	597	3	-0.21522	0.35609	0.35612	0.704273	420	0	-0.21522
SEC31B	8	0.49555	0.76435	0.999995	598	4	-0.36413	0.35609	0.35612	0.704273	244	0	-0.36413
OSMR	8	0.50864	0.77313	0.999995	599	4	-0.31962	0.35609	0.35612	0.704273	149	0	-0.31962
UNC119B	8	0.50997	0.77404	0.999995	600	3	-0.26587	0.82367	0.82337	0.999995	765	0	-0.26587
CCNL1	8	0.51004	0.7741	0.999995	601	3	-0.2996	0.35609	0.35612	0.704273	387	0	-0.2996
DDX17	8	0.51352	0.7765	0.999995	602	3	-0.34341	0.35609	0.35612	0.704273	290	0	-0.34341
SLC35F3	8	0.51374	0.77666	0.999995	603	2	-0.25612	0.7861	0.78612	0.999995	729	0	-0.25612
FSD1	8	0.51518	0.77766	0.999995	604	4	-0.34856	0.35609	0.35612	0.704273	481	0	-0.34856
ZEB1	8	0.51611	0.77833	0.999995	605	3	-0.3388	0.35609	0.35612	0.704273	200	0	-0.3388
RNF103	8	0.51818	0.77989	0.999995	606	2	-0.28475	0.35609	0.35612	0.704273	43	0	-0.28475
MTMR4	8	0.52039	0.78159	0.999995	607	3	-0.24985	0.35609	0.35612	0.704273	118	0	-0.24985
ITGB1BP2	8	0.52648	0.78571	0.999995	608	3	-0.19297	0.35609	0.35612	0.704273	422	0	-0.19297
USP13	8	0.52992	0.78796	0.999995	609	3	-0.25721	0.35609	0.35612	0.704273	163	0	-0.25721
ABCC3	8	0.53013	0.78811	0.999995	610	4	-0.39698	0.9534	0.95269	0.999995	902	0	-0.39698
LARP1B	8	0.53419	0.79128	0.999995	611	4	-0.38047	0.35609	0.35612	0.704273	471	0	-0.38047
TOB2	8	0.54189	0.79675	0.999995	612	2	-0.076553	0.35609	0.35612	0.704273	181	0	-0.076553
SPATA21	8	0.54474	0.79887	0.999995	613	3	-0.23101	0.84398	0.84348	0.999995	784	0	-0.23101
SNX2	8	0.54559	0.79943	0.999995	614	3	-0.25882	0.35609	0.35612	0.704273	269	0	-0.25882
PCBD1	8	0.54771	0.80089	0.999995	615	4	-0.34806	0.35609	0.35612	0.704273	145	0	-0.34806
AP5M1	8	0.54798	0.80114	0.999995	616	4	-0.30933	0.35609	0.35612	0.704273	351	0	-0.30933
ZAP70	8	0.55202	0.80361	0.999995	617	4	-0.23148	0.35609	0.35612	0.704273	209	0	-0.23148
TEX45	8	0.55229	0.80386	0.999995	618	4	-0.41308	0.35609	0.35612	0.704273	174	0	-0.41308
PRDM13	8	0.55489	0.80566	0.999995	619	2	-0.087934	0.35609	0.35612	0.704273	55	0	-0.087934
SAP30L	8	0.55605	0.80652	0.999995	620	4	-0.30212	0.71087	0.71083	0.999995	663	0	-0.30212
ZIC3	8	0.55778	0.80757	0.999995	621	2	-0.28374	0.35609	0.35612	0.704273	190	0	-0.28374
RNF10	8	0.55847	0.80795	0.999995	622	4	-0.36061	0.35609	0.35612	0.704273	46	0	-0.36061
RANBP10	8	0.56463	0.81198	0.999995	623	4	-0.27078	0.67022	0.67114	0.999995	628	0	-0.27078
H1FOO	8	0.56543	0.81244	0.999995	624	4	-0.21987	0.67824	0.67913	0.999995	635	0	-0.21987
EPC1	8	0.56674	0.81349	0.999995	625	3	-0.35433	0.35609	0.35612	0.704273	328	0	-0.35433
FEZ2	8	0.56922	0.8151	0.999995	626	3	-0.35682	0.79994	0.7998	0.999995	740	0	-0.35682
RPL3L	8	0.56949	0.8153	0.999995	627	3	-0.29935	0.75912	0.75907	0.999995	705	0	-0.29935
COPG2	8	0.57056	0.81601	0.999995	628	2	-0.15288	0.35609	0.35612	0.704273	298	0	-0.15288
LRFN1	8	0.57104	0.81642	0.999995	629	4	-0.27296	0.85186	0.85184	0.999995	791	0	-0.27296
NUMB	8	0.57498	0.81917	0.999995	630	2	-0.10228	0.35609	0.35612	0.704273	137	0	-0.10228
TBC1D9	8	0.5761	0.81991	0.999995	631	4	-0.2056	0.35609	0.35612	0.704273	263	0	-0.2056
ACACA	8	0.5763	0.82008	0.999995	632	2	-0.30086	0.81385	0.81394	0.999995	753	0	-0.30086
LIN28A	7	0.57824	0.80674	0.999995	633	3	-0.23661	0.31967	0.31986	0.704273	32	0	-0.23661
UAP1	8	0.5785	0.82158	0.999995	634	4	-0.29969	0.35609	0.35612	0.704273	167	0	-0.29969
ACTL7A	8	0.58035	0.82296	0.999995	635	4	-0.38932	0.35609	0.35612	0.704273	365	0	-0.38932
KIT	16	0.58184	0.88754	0.999995	636	8	-0.20929	0.85275	0.85284	0.999995	794	0	-0.20929
NKAPL	8	0.58221	0.82431	0.999995	637	4	-0.2914	0.35609	0.35612	0.704273	94	0	-0.2914
DLL4	8	0.58274	0.82469	0.999995	638	4	-0.26163	0.35609	0.35612	0.704273	333	0	-0.26163
FUT5	8	0.58333	0.82511	0.999995	639	3	-0.34556	0.35609	0.35612	0.704273	491	0	-0.34556
PLAU	8	0.5838	0.82534	0.999995	640	4	-0.30862	0.96526	0.96484	0.999995	919	0	-0.30862
SLCO2B1	8	0.58486	0.82611	0.999995	641	4	-0.25966	0.35609	0.35612	0.704273	231	0	-0.25966
HMGCLL1	8	0.58498	0.82617	0.999995	642	4	-0.27961	0.96396	0.96346	0.999995	916	0	-0.27961
SOS1	8	0.58937	0.82931	0.999995	643	3	-0.24482	0.7988	0.79862	0.999995	739	0	-0.24482
SPTA1	8	0.59015	0.82981	0.999995	644	4	-0.25736	0.35609	0.35612	0.704273	267	0	-0.25736
MAPK8IP3	8	0.59129	0.83061	0.999995	645	3	-0.34372	0.99075	0.9905	0.999995	985	0	-0.34372
CADPS2	8	0.59384	0.83227	0.999995	646	4	-0.20816	0.35609	0.35612	0.704273	409	0	-0.20816
OGDHL	8	0.59609	0.83385	0.999995	647	2	-0.057414	0.35609	0.35612	0.704273	138	0	-0.057414
MTA1	8	0.5962	0.8339	0.999995	648	4	-0.24475	0.74398	0.74302	0.999995	690	0	-0.24475
RIMKLB	6	0.5992	0.80405	0.999995	649	2	-0.26947	0.28118	0.28017	0.704273	11	0	-0.26947
ERN2	8	0.6004	0.83667	0.999995	650	4	-0.30697	0.35609	0.35612	0.704273	500	0	-0.30697
TNR	8	0.60236	0.83809	0.999995	651	3	-0.42781	0.88045	0.87968	0.999995	820	0	-0.42781
AP3M1	8	0.60249	0.83814	0.999995	652	2	-0.3097	0.63053	0.63104	0.999995	595	0	-0.3097
PLEK2	8	0.60402	0.83916	0.999995	653	2	-0.30425	0.35609	0.35612	0.704273	132	0	-0.30425
XDH	8	0.6072	0.84131	0.999995	654	4	-0.24741	0.35609	0.35612	0.704273	208	0	-0.24741
ZMIZ2	8	0.61184	0.84439	0.999995	655	3	-0.23104	0.35609	0.35612	0.704273	188	0	-0.23104
ADARB2	8	0.61319	0.84537	0.999995	656	4	-0.254	0.89172	0.89139	0.999995	833	0	-0.254
PDGFC	8	0.61345	0.84553	0.999995	657	4	-0.25509	0.35609	0.35612	0.704273	146	0	-0.25509
GPR151	8	0.61604	0.84736	0.999995	658	4	-0.25092	0.62465	0.62526	0.999995	586	0	-0.25092
ZNF284	8	0.61632	0.8475	0.999995	659	2	-0.30429	0.35609	0.35612	0.704273	192	0	-0.30429
GBX1	8	0.61837	0.84879	0.999995	660	4	-0.22192	0.35609	0.35612	0.704273	529	0	-0.22192
STAM	8	0.61931	0.84955	0.999995	661	3	-0.14231	0.35609	0.35612	0.704273	276	0	-0.14231
MORF4L1	6	0.6197	0.81825	0.999995	662	3	-0.41943	0.76396	0.76477	0.999995	711	0	-0.41943
CAB39L	8	0.62018	0.85007	0.999995	663	4	-0.24377	0.65767	0.65872	0.999995	616	0	-0.24377
CASP4	8	0.62069	0.85041	0.999995	664	4	-0.29426	0.35609	0.35612	0.704273	406	0	-0.29426
RNF113B	8	0.62121	0.85069	0.999995	665	4	-0.17004	0.35609	0.35612	0.704273	56	0	-0.17004
NBEA	6	0.62218	0.82001	0.999995	666	3	-0.27573	0.28118	0.28017	0.704273	6	0	-0.27573
RPRD1A	8	0.62302	0.85174	0.999995	667	4	-0.33471	0.74679	0.74618	0.999995	694	0	-0.33471
RNF125	8	0.6243	0.85265	0.999995	668	4	-0.20324	0.35609	0.35612	0.704273	74	0	-0.20324
MANF	8	0.62559	0.85342	0.999995	669	4	-0.3194	0.35609	0.35612	0.704273	454	0	-0.3194
ADAM19	8	0.62585	0.85363	0.999995	670	4	-0.30223	0.74623	0.74559	0.999995	693	0	-0.30223
HMGCL	8	0.62672	0.85418	0.999995	671	3	-0.20403	0.35609	0.35612	0.704273	429	0	-0.20403
VIM	8	0.62975	0.85608	0.999995	672	2	-0.11051	0.35609	0.35612	0.704273	204	0	-0.11051
HACD2	8	0.63098	0.85691	0.999995	673	4	-0.39114	0.35609	0.35612	0.704273	435	0	-0.39114
GLT6D1	8	0.63275	0.85827	0.999995	674	3	-0.50126	0.7965	0.79615	0.999995	737	0	-0.50126
DBT	8	0.63277	0.85828	0.999995	675	4	-0.34088	0.35609	0.35612	0.704273	294	0	-0.34088
DYNC1LI1	7	0.63499	0.83661	0.999995	676	2	-0.035708	0.31967	0.31986	0.704273	41	0	-0.035708
SHCBP1L	8	0.63506	0.85974	0.999995	677	4	-0.38564	0.94778	0.94717	0.999995	894	0	-0.38564
GOLPH3	8	0.63826	0.86132	0.999995	678	2	-0.2381	0.83225	0.83207	0.999995	777	0	-0.2381
TANC2	7	0.64142	0.84028	0.999995	679	3	-0.19391	0.86542	0.86454	0.999995	805	0	-0.19391
TIMM23B	7	0.6415	0.84034	0.999995	680	2	-0.27652	0.31967	0.31986	0.704273	29	0	-0.27652
FOXE3	8	0.64398	0.8635	0.999995	681	2	-0.0858	0.35609	0.35612	0.704273	484	0	-0.0858
DCAF4L2	8	0.64455	0.86373	0.999995	682	2	-0.23612	0.35609	0.35612	0.704273	293	0	-0.23612
ABCB1	8	0.64957	0.86574	0.999995	683	3	-0.13124	0.35609	0.35612	0.704273	369	0	-0.13124
SERPINA11	8	0.65499	0.86817	0.999995	684	2	-0.14436	0.35609	0.35612	0.704273	241	0	-0.14436
RBMXL2	8	0.65694	0.86905	0.999995	685	2	-0.18603	0.35609	0.35612	0.704273	64	0	-0.18603
NBEAL1	8	0.65876	0.86975	0.999995	686	2	-0.18588	0.35609	0.35612	0.704273	91	0	-0.18588
FOXB1	8	0.66075	0.87052	0.999995	687	3	-0.25164	0.35609	0.35612	0.704273	485	0	-0.25164
PAX4	8	0.66331	0.87143	0.999995	688	2	-0.33558	0.70001	0.70043	0.999995	655	0	-0.33558
SP110	8	0.67092	0.87431	0.999995	689	3	-0.15892	0.35609	0.35612	0.704273	271	0	-0.15892
LIM2	8	0.67268	0.87509	0.999995	690	3	-0.24054	0.35609	0.35612	0.704273	450	0	-0.24054
UTP14C	8	0.67547	0.87624	0.999995	691	2	-0.14891	0.35609	0.35612	0.704273	205	0	-0.14891
TRPM1	8	0.67686	0.87682	0.999995	692	1	-0.15506	0.35609	0.35612	0.704273	156	0	-0.15506
FMR1	8	0.67904	0.87771	0.999995	693	2	-0.17689	0.35609	0.35612	0.704273	494	0	-0.17689
MBD3L1	8	0.69092	0.88276	0.999995	694	3	-0.43539	0.87663	0.87585	0.999995	816	0	-0.43539
ITSN1	8	0.69279	0.88341	0.999995	695	1	-0.15395	0.35609	0.35612	0.704273	421	0	-0.15395
NR5A1	8	0.69326	0.88369	0.999995	696	2	-0.18336	0.35609	0.35612	0.704273	141	0	-0.18336
SNRPB2	7	0.69371	0.86891	0.999995	697	3	-0.17349	0.31967	0.31986	0.704273	19	0	-0.17349
PMM1	8	0.69511	0.88441	0.999995	698	3	-0.19361	0.68879	0.68938	0.999995	646	0	-0.19361
CYP2C8	8	0.69688	0.88499	0.999995	699	2	-0.093823	0.35609	0.35612	0.704273	283	0	-0.093823
NR2E1	8	0.69806	0.88543	0.999995	700	1	-0.11609	0.35609	0.35612	0.704273	96	0	-0.11609
GOLT1B	8	0.69838	0.8856	0.999995	701	2	-0.099906	0.35609	0.35612	0.704273	511	0	-0.099906
CRNN	8	0.69843	0.88561	0.999995	702	3	-0.36315	0.69806	0.69838	0.999995	653	0	-0.36315
NAA11	8	0.69872	0.88574	0.999995	703	3	-0.35238	0.8275	0.82713	0.999995	771	0	-0.35238
LATS2	8	0.69997	0.88611	0.999995	704	3	-0.3593	0.61385	0.61459	0.999995	575	0	-0.3593
TPST2	8	0.7043	0.88809	0.999995	705	3	-0.2623	0.35609	0.35612	0.704273	178	0	-0.2623
DENND5B	8	0.70771	0.88943	0.999995	706	1	-0.1425	0.35609	0.35612	0.704273	338	0	-0.1425
EXOC6B	8	0.70838	0.88967	0.999995	707	3	-0.35385	0.35609	0.35612	0.704273	496	0	-0.35385
MARCKS	8	0.70961	0.89012	0.999995	708	3	-0.16115	0.35609	0.35612	0.704273	456	0	-0.16115
ARFGEF1	8	0.71024	0.89042	0.999995	709	3	-0.22259	0.35609	0.35612	0.704273	348	0	-0.22259
LOR	8	0.71465	0.89222	0.999995	710	3	-0.41505	0.35609	0.35612	0.704273	459	0	-0.41505
SEC11A	7	0.71694	0.88152	0.999995	711	1	-0.066714	0.6247	0.62383	0.999995	587	0	-0.066714
ZFYVE19	8	0.71975	0.89416	0.999995	712	2	-0.14754	0.35609	0.35612	0.704273	189	0	-0.14754
HUS1B	8	0.72108	0.89458	0.999995	713	3	-0.19673	0.78562	0.78568	0.999995	728	0	-0.19673
TTC7A	16	0.72148	0.94292	0.999995	714	6	-0.23609	0.90061	0.9006	0.999995	841	0	-0.23609
TRIM25	8	0.72534	0.89653	0.999995	715	3	-0.22163	0.35609	0.35612	0.704273	157	0	-0.22163
RBPJL	8	0.72945	0.89826	0.999995	716	3	-0.36882	0.86155	0.861	0.999995	800	0	-0.36882
GALR3	8	0.73015	0.89858	0.999995	717	3	-0.27519	0.35609	0.35612	0.704273	535	0	-0.27519
TMEM185B	8	0.73216	0.89947	0.999995	718	2	-0.21438	0.77245	0.77211	0.999995	719	0	-0.21438
MMD	8	0.73304	0.89981	0.999995	719	3	-0.19348	0.72652	0.72623	0.999995	674	0	-0.19348
DGKI	8	0.73363	0.90002	0.999995	720	2	-0.11691	0.35609	0.35612	0.704273	331	0	-0.11691
SS18	8	0.73459	0.90032	0.999995	721	3	-0.10454	0.35609	0.35612	0.704273	279	0	-0.10454
RUNX1	8	0.73569	0.90082	0.999995	722	3	-0.059322	0.35609	0.35612	0.704273	54	0	-0.059322
RECK	8	0.73614	0.90098	0.999995	723	3	-0.28238	0.35609	0.35612	0.704273	63	0	-0.28238
NSDHL	8	0.7412	0.90297	0.999995	724	3	-0.22253	0.35609	0.35612	0.704273	143	0	-0.22253
HMGCS2	8	0.74399	0.90404	0.999995	725	2	-0.18765	0.35609	0.35612	0.704273	432	0	-0.18765
FLOT2	8	0.74567	0.90492	0.999995	726	3	-0.20538	0.35609	0.35612	0.704273	506	0	-0.20538
HRH3	8	0.75041	0.90681	0.999995	727	1	-0.22071	0.35609	0.35612	0.704273	444	0	-0.22071
MRGPRX2	8	0.75152	0.90725	0.999995	728	2	-0.12542	0.71864	0.71838	0.999995	671	0	-0.12542
CD72	8	0.75223	0.90759	0.999995	729	3	-0.13471	0.35609	0.35612	0.704273	380	0	-0.13471
MORF4L2	8	0.75499	0.90864	0.999995	730	3	-0.22785	0.61019	0.61091	0.999995	571	0	-0.22785
CADPS	8	0.76131	0.91151	0.999995	731	3	-0.15139	0.35609	0.35612	0.704273	410	0	-0.15139
SRI	8	0.76236	0.91198	0.999995	732	3	-0.16668	0.35609	0.35612	0.704273	278	0	-0.16668
CHMP1B	8	0.76256	0.91209	0.999995	733	3	-0.25476	0.82038	0.8203	0.999995	760	0	-0.25476
IDH1	8	0.76307	0.91237	0.999995	734	2	-0.088681	0.35609	0.35612	0.704273	440	0	-0.088681
GIT2	8	0.76785	0.91449	0.999995	735	2	-0.21147	0.35609	0.35612	0.704273	533	0	-0.21147
COQ10B	8	0.76856	0.91473	0.999995	736	3	-0.18563	0.35609	0.35612	0.704273	300	0	-0.18563
HRH1	8	0.76979	0.9152	0.999995	737	3	-0.16225	0.35609	0.35612	0.704273	441	0	-0.16225
MACF1	8	0.77064	0.91551	0.999995	738	2	-0.14403	0.35609	0.35612	0.704273	460	0	-0.14403
APOBEC1	8	0.77117	0.91572	0.999995	739	3	-0.34123	0.64168	0.64261	0.999995	604	0	-0.34123
PAPSS2	8	0.77143	0.91584	0.999995	740	3	-0.27039	0.81996	0.81989	0.999995	758	0	-0.27039
KLK12	8	0.77143	0.91584	0.999995	741	2	-0.30053	0.35609	0.35612	0.704273	462	0	-0.30053
IMPDH1	8	0.77234	0.91617	0.999995	742	2	-0.25183	0.88204	0.88158	0.999995	821	0	-0.25183
XYLT1	8	0.77649	0.91794	0.999995	743	3	-0.25559	0.35609	0.35612	0.704273	214	0	-0.25559
MTA3	8	0.77929	0.9192	0.999995	744	3	-0.21709	0.35609	0.35612	0.704273	116	0	-0.21709
TBC1D1	8	0.77969	0.91934	0.999995	745	3	-0.25095	0.35609	0.35612	0.704273	261	0	-0.25095
ERN1	8	0.77989	0.91941	0.999995	746	3	-0.23485	0.35609	0.35612	0.704273	324	0	-0.23485
SLC17A2	8	0.78095	0.91989	0.999995	747	3	-0.041485	0.35609	0.35612	0.704273	218	0	-0.041485
SMARCA2	8	0.78136	0.92011	0.999995	748	2	-0.1169	0.35609	0.35612	0.704273	226	0	-0.1169
ANXA1	8	0.78301	0.92072	0.999995	749	2	-0.093334	0.68202	0.68293	0.999995	640	0	-0.093334
KCNT2	8	0.78416	0.92125	0.999995	750	3	-0.23665	0.70388	0.70446	0.999995	658	0	-0.23665
GMPR2	8	0.7866	0.92225	0.999995	751	3	-0.32767	0.8293	0.82911	0.999995	775	0	-0.32767
EZH2	8	0.78682	0.92236	0.999995	752	1	-0.081614	0.35609	0.35612	0.704273	495	0	-0.081614
TYROBP	8	0.79011	0.9237	0.999995	753	3	-0.20514	0.35609	0.35612	0.704273	166	0	-0.20514
APH1A	8	0.79629	0.92633	0.999995	754	3	-0.3331	0.85045	0.8503	0.999995	788	0	-0.3331
GRIP1	8	0.79673	0.92652	0.999995	755	2	-0.21537	0.35609	0.35612	0.704273	521	0	-0.21537
GBX2	8	0.79852	0.92733	0.999995	756	3	-0.19989	0.64319	0.64416	0.999995	605	0	-0.19989
SAP30	8	0.7989	0.92757	0.999995	757	3	-0.23489	0.80579	0.80588	0.999995	746	0	-0.23489
PTPN11	7	0.79993	0.92054	0.999995	758	2	-0.22677	0.57181	0.57195	0.999995	543	0	-0.22677
NAPB	8	0.8004	0.92829	0.999995	759	2	-0.27451	0.35609	0.35612	0.704273	113	0	-0.27451
MYCN	8	0.80251	0.92932	0.999995	760	2	-0.17425	0.60855	0.609	0.999995	568	0	-0.17425
CHML	8	0.80395	0.92993	0.999995	761	3	-0.19326	0.35609	0.35612	0.704273	391	0	-0.19326
GYS2	8	0.80843	0.93215	0.999995	762	2	-0.1748	0.35609	0.35612	0.704273	434	0	-0.1748
HTR3E	8	0.80975	0.93277	0.999995	763	2	-0.20946	0.64696	0.64771	0.999995	607	0	-0.20946
SHMT2	8	0.81062	0.93312	0.999995	764	1	-0.19368	0.35609	0.35612	0.704273	222	0	-0.19368
TCF4	8	0.81066	0.93314	0.999995	765	2	-0.15164	0.35609	0.35612	0.704273	173	0	-0.15164
DNAJC19	6	0.81109	0.9081	0.999995	766	2	-0.10571	0.28118	0.28017	0.704273	10	0	-0.10571
VRTN	8	0.81111	0.93329	0.999995	767	3	-0.28033	0.75507	0.75468	0.999995	701	0	-0.28033
PTCH2	8	0.81141	0.93343	0.999995	768	2	-0.26369	0.93078	0.93001	0.999995	868	0	-0.26369
ACACB	8	0.81256	0.93392	0.999995	769	3	-0.20334	0.35609	0.35612	0.704273	370	0	-0.20334
PDLIM5	8	0.81256	0.93392	0.999995	770	2	-0.15802	0.35609	0.35612	0.704273	124	0	-0.15802
GALNT2	8	0.814	0.93465	0.999995	771	3	-0.22993	0.35609	0.35612	0.704273	488	0	-0.22993
CYP2A6	8	0.81508	0.93508	0.999995	772	3	-0.20589	0.35609	0.35612	0.704273	284	0	-0.20589
ARSJ	8	0.81547	0.93524	0.999995	773	2	-0.22003	0.35609	0.35612	0.704273	362	0	-0.22003
FXR1	8	0.81597	0.93548	0.999995	774	3	-0.27469	0.35609	0.35612	0.704273	490	0	-0.27469
SPHKAP	8	0.81712	0.936	0.999995	775	2	-0.060808	0.35609	0.35612	0.704273	265	0	-0.060808
SLC25A24	8	0.81722	0.93605	0.999995	776	3	-0.29852	0.35609	0.35612	0.704273	229	0	-0.29852
PTF1A	8	0.81745	0.93617	0.999995	777	2	-0.2466	0.74228	0.74145	0.999995	687	0	-0.2466
TANC1	8	0.81821	0.93648	0.999995	778	2	-0.19791	0.70066	0.70109	0.999995	656	0	-0.19791
SERPINA12	16	0.81871	0.97025	0.999995	779	6	-0.23339	0.58538	0.58343	0.999995	553	0	-0.23339
RC3H1	8	0.81882	0.93676	0.999995	780	3	-0.17519	0.35609	0.35612	0.704273	72	0	-0.17519
CLTB	8	0.81935	0.93706	0.999995	781	3	-0.24532	0.79464	0.79432	0.999995	735	0	-0.24532
ATP6V1E2	8	0.82001	0.93741	0.999995	782	3	-0.18246	0.35609	0.35612	0.704273	358	0	-0.18246
ZNRF4	8	0.8204	0.93762	0.999995	783	3	-0.24526	0.35609	0.35612	0.704273	194	0	-0.24526
CELA2A	8	0.82093	0.93785	0.999995	784	3	-0.1663	0.35609	0.35612	0.704273	389	0	-0.1663
RAP1GAP2	8	0.8227	0.93866	0.999995	785	2	-0.14314	0.75858	0.75852	0.999995	704	0	-0.14314
H2BFM	8	0.82341	0.939	0.999995	786	2	-0.045257	0.35609	0.35612	0.704273	436	0	-0.045257
RCBTB1	8	0.82387	0.93915	0.999995	787	2	-0.28857	0.74028	0.73952	0.999995	685	0	-0.28857
RNF130	8	0.82442	0.93946	0.999995	788	3	-0.30702	0.35609	0.35612	0.704273	70	0	-0.30702
NCK2	8	0.82563	0.94012	0.999995	789	3	-0.19568	0.35609	0.35612	0.704273	86	0	-0.19568
KRT74	8	0.82735	0.94093	0.999995	790	3	-0.22231	0.35609	0.35612	0.704273	475	0	-0.22231
MBP	8	0.82902	0.94164	0.999995	791	2	-0.11613	0.35609	0.35612	0.704273	280	0	-0.11613
CYFIP2	8	0.82937	0.94178	0.999995	792	2	-0.2304	0.35609	0.35612	0.704273	282	0	-0.2304
FOXA1	8	0.83109	0.94257	0.999995	793	3	-0.18941	0.82264	0.82244	0.999995	762	0	-0.18941
TMEM120B	8	0.8311	0.94258	0.999995	794	2	-0.18154	0.77169	0.77141	0.999995	718	0	-0.18154
STRIP2	8	0.83127	0.94267	0.999995	795	1	-0.10881	0.35609	0.35612	0.704273	274	0	-0.10881
ATM	8	0.83177	0.94298	0.999995	796	3	-0.23325	0.722	0.72148	0.999995	673	0	-0.23325
DMP1	8	0.83195	0.94303	0.999995	797	2	-0.17072	0.35609	0.35612	0.704273	343	0	-0.17072
RB1	8	0.83213	0.94308	0.999995	798	2	-0.22278	0.35609	0.35612	0.704273	80	0	-0.22278
ARFIP1	8	0.83361	0.94373	0.999995	799	2	-0.22504	0.35609	0.35612	0.704273	347	0	-0.22504
VANGL1	8	0.83496	0.94433	0.999995	800	2	-0.21774	0.68913	0.68978	0.999995	647	0	-0.21774
SAMD4A	8	0.83529	0.94442	0.999995	801	3	-0.30121	0.66596	0.66687	0.999995	623	0	-0.30121
DYNC1LI2	8	0.83562	0.94459	0.999995	802	3	-0.23686	0.65912	0.66004	0.999995	619	0	-0.23686
SOAT1	8	0.8376	0.94549	0.999995	803	3	-0.35018	0.69675	0.69734	0.999995	652	0	-0.35018
TCF12	8	0.83764	0.9455	0.999995	804	2	-0.12667	0.35609	0.35612	0.704273	216	0	-0.12667
SOS2	8	0.8382	0.94568	0.999995	805	2	-0.091177	0.35609	0.35612	0.704273	270	0	-0.091177
ARFGEF2	8	0.83859	0.94588	0.999995	806	3	-0.23868	0.73421	0.73363	0.999995	681	0	-0.23868
ARFIP2	8	0.83892	0.94602	0.999995	807	3	-0.25547	0.35609	0.35612	0.704273	350	0	-0.25547
SBNO2	8	0.83925	0.94618	0.999995	808	3	-0.15372	0.35609	0.35612	0.704273	235	0	-0.15372
AOX1	8	0.84176	0.94724	0.999995	809	2	-0.12071	0.35609	0.35612	0.704273	363	0	-0.12071
PDCD4	8	0.84287	0.94771	0.999995	810	2	-0.18283	0.88807	0.88781	0.999995	828	0	-0.18283
DYNLT1	8	0.84347	0.94788	0.999995	811	2	-0.0078046	0.35609	0.35612	0.704273	319	0	-0.0078046
NAT8L	8	0.84379	0.94797	0.999995	812	3	-0.030944	0.35609	0.35612	0.704273	102	0	-0.030944
IL6ST	8	0.84379	0.94797	0.999995	813	2	-0.15119	0.35609	0.35612	0.704273	414	0	-0.15119
HACD1	8	0.84598	0.94894	0.999995	814	1	-0.17238	0.64658	0.64737	0.999995	606	0	-0.17238
PTPN21	8	0.84718	0.94936	0.999995	815	2	-0.13197	0.35609	0.35612	0.704273	77	0	-0.13197
RNF2	7	0.84836	0.936	0.999995	816	2	-0.27497	0.31967	0.31986	0.704273	34	0	-0.27497
CAV1	8	0.84877	0.95008	0.999995	817	2	-0.20843	0.35609	0.35612	0.704273	408	0	-0.20843
SEC11C	8	0.84919	0.95024	0.999995	818	3	-0.28375	0.35609	0.35612	0.704273	245	0	-0.28375
RAP1GAP	8	0.85045	0.95076	0.999995	819	3	-0.25123	0.35609	0.35612	0.704273	82	0	-0.25123
PDX1	8	0.85144	0.95111	0.999995	820	2	-0.20736	0.35609	0.35612	0.704273	123	0	-0.20736
CAT	8	0.85293	0.95169	0.999995	821	3	-0.25761	0.35609	0.35612	0.704273	405	0	-0.25761
MEP1B	8	0.85324	0.95186	0.999995	822	3	-0.068388	0.35609	0.35612	0.704273	103	0	-0.068388
ADGRG7	8	0.85355	0.95197	0.999995	823	3	-0.25358	0.35609	0.35612	0.704273	377	0	-0.25358
KCNMB3	7	0.85377	0.93801	0.999995	824	2	-0.22776	0.67157	0.6706	0.999995	631	0	-0.22776
APH1B	8	0.85601	0.95307	0.999995	825	1	-0.085041	0.35609	0.35612	0.704273	354	0	-0.085041
GLIS3	8	0.85889	0.9538	0.999995	826	1	-0.0072986	0.35609	0.35612	0.704273	515	0	-0.0072986
TPRX1	8	0.86056	0.95409	0.999995	827	2	-0.12286	0.61748	0.61806	0.999995	578	0	-0.12286
GRHL3	8	0.86269	0.95457	0.999995	828	2	-0.22616	0.75724	0.75713	0.999995	703	0	-0.22616
SNX6	8	0.86401	0.95483	0.999995	829	1	-0.30465	0.76416	0.76398	0.999995	712	0	-0.30465
STT3B	8	0.86417	0.95487	0.999995	830	2	-0.19526	0.35609	0.35612	0.704273	275	0	-0.19526
MYBPHL	8	0.8748	0.95721	0.999995	831	2	-0.26901	0.63557	0.63646	0.999995	602	0	-0.26901
ARID4A	8	0.87618	0.95747	0.999995	832	1	-0.039933	0.35609	0.35612	0.704273	359	0	-0.039933
ERC1	8	0.87707	0.9576	0.999995	833	2	-0.16593	0.35609	0.35612	0.704273	325	0	-0.16593
TAF1L	7	0.87708	0.94681	0.999995	834	2	-0.19064	0.31967	0.31986	0.704273	24	0	-0.19064
SNRPN	7	0.87789	0.9471	0.999995	835	1	0	0.31967	0.31986	0.704273	16	0	0
RXFP3	8	0.88048	0.95846	0.999995	836	2	-0.29348	0.75398	0.75373	0.999995	699	0	-0.29348
PCBD2	8	0.88115	0.95862	0.999995	837	2	-0.19518	0.35609	0.35612	0.704273	144	0	-0.19518
DDI2	8	0.88318	0.9591	0.999995	838	1	-0.038171	0.35609	0.35612	0.704273	295	0	-0.038171
SAR1A	16	0.88422	0.98471	0.999995	839	5	-0.17305	0.58538	0.58343	0.999995	546	0	-0.17305
SUSD1	8	0.88429	0.95934	0.999995	840	2	-0.22825	0.35609	0.35612	0.704273	255	0	-0.22825
KIAA0319L	8	0.886	0.95977	0.999995	841	2	-0.20516	0.80512	0.80531	0.999995	745	0	-0.20516
DLL1	8	0.88697	0.95997	0.999995	842	2	-0.13094	0.35609	0.35612	0.704273	334	0	-0.13094
CNOT8	7	0.88712	0.95055	0.999995	843	2	-0.24666	0.31967	0.31986	0.704273	20	0	-0.24666
SLC25A15	8	0.88813	0.9602	0.999995	844	2	-0.23866	0.7785	0.77825	0.999995	723	0	-0.23866
SPOPL	8	0.88964	0.96062	0.999995	845	2	-0.24273	0.35609	0.35612	0.704273	266	0	-0.24273
IDH2	8	0.89444	0.96189	0.999995	846	2	-0.16125	0.35609	0.35612	0.704273	439	0	-0.16125
EFNB1	8	0.89667	0.9625	0.999995	847	2	-0.087715	0.35609	0.35612	0.704273	314	0	-0.087715
GIT1	8	0.89832	0.96299	0.999995	848	2	-0.17315	0.35609	0.35612	0.704273	532	0	-0.17315
ERC2	8	0.89872	0.96318	0.999995	849	2	-0.1738	0.60896	0.60949	0.999995	569	0	-0.1738
SEC23A	8	0.89883	0.9632	0.999995	850	2	-0.14903	0.73392	0.73334	0.999995	679	0	-0.14903
KRT38	8	0.89907	0.96328	0.999995	851	2	-0.21533	0.8267	0.82644	0.999995	769	0	-0.21533
TRAPPC3L	8	0.8992	0.96331	0.999995	852	1	-0.0031526	0.35609	0.35612	0.704273	168	0	-0.0031526
STX17	8	0.90024	0.96358	0.999995	853	2	-0.23449	0.35609	0.35612	0.704273	264	0	-0.23449
OSBPL6	8	0.90082	0.96371	0.999995	854	2	-0.23583	0.70708	0.70754	0.999995	660	0	-0.23583
PSEN2	8	0.90355	0.96437	0.999995	855	2	-0.20189	0.35609	0.35612	0.704273	45	0	-0.20189
SLITRK1	8	0.90512	0.96484	0.999995	856	2	-0.24423	0.63131	0.63188	0.999995	597	0	-0.24423
SERPINA9	8	0.90579	0.965	0.999995	857	2	-0.16124	0.63092	0.63151	0.999995	596	0	-0.16124
SLC10A2	8	0.90939	0.9658	0.999995	858	2	-0.14085	0.70993	0.71007	0.999995	662	0	-0.14085
AQP8	8	0.91003	0.96597	0.999995	859	2	-0.19223	0.35609	0.35612	0.704273	353	0	-0.19223
LRBA	8	0.91099	0.96622	0.999995	860	2	-0.17593	0.74285	0.74205	0.999995	688	0	-0.17593
KRTAP10-10	8	0.91127	0.96631	0.999995	861	2	-0.16036	0.35609	0.35612	0.704273	477	0	-0.16036
ERO1A	8	0.91271	0.96671	0.999995	862	1	-0.091664	0.35609	0.35612	0.704273	499	0	-0.091664
TRPC7	8	0.91446	0.96716	0.999995	863	1	-0.17053	0.35609	0.35612	0.704273	159	0	-0.17053
DUOX2	8	0.91597	0.96762	0.999995	864	1	-0.22381	0.88821	0.88804	0.999995	829	0	-0.22381
FBLN1	8	0.91688	0.96791	0.999995	865	2	-0.15049	0.35609	0.35612	0.704273	508	0	-0.15049
RIC8B	8	0.91911	0.96865	0.999995	866	1	-0.13517	0.35609	0.35612	0.704273	79	0	-0.13517
FNIP1	8	0.92131	0.96922	0.999995	867	2	-0.20527	0.35609	0.35612	0.704273	483	0	-0.20527
RALGPS1	8	0.92351	0.96995	0.999995	868	2	-0.23458	0.35609	0.35612	0.704273	76	0	-0.23458
DEGS2	8	0.92379	0.97009	0.999995	869	2	-0.15051	0.35609	0.35612	0.704273	336	0	-0.15051
PTPN14	8	0.92416	0.97019	0.999995	870	2	-0.077242	0.35609	0.35612	0.704273	48	0	-0.077242
DZIP3	8	0.9251	0.97049	0.999995	871	1	-0.0996	0.35609	0.35612	0.704273	321	0	-0.0996
RSPH1	8	0.92529	0.97055	0.999995	872	2	-0.20313	0.35609	0.35612	0.704273	52	0	-0.20313
PLCG1	8	0.92547	0.9706	0.999995	873	2	-0.36296	0.35609	0.35612	0.704273	119	0	-0.36296
NET1	8	0.92719	0.97128	0.999995	874	2	-0.14978	0.35609	0.35612	0.704273	101	0	-0.14978
KRTAP1-1	8	0.92738	0.97134	0.999995	875	1	-0.10326	0.35609	0.35612	0.704273	474	0	-0.10326
FAM126A	8	0.92856	0.97176	0.999995	876	2	-0.13708	0.62701	0.62756	0.999995	591	0	-0.13708
TBPL2	8	0.92865	0.97186	0.999995	877	2	-0.24786	0.35609	0.35612	0.704273	257	0	-0.24786
MED12L	8	0.92874	0.97188	0.999995	878	2	-0.086427	0.35609	0.35612	0.704273	104	0	-0.086427
EAF2	8	0.92878	0.97188	0.999995	879	1	-0.1042	0.35609	0.35612	0.704273	320	0	-0.1042
DDI1	16	0.92895	0.99116	0.999995	880	4	-0.16748	0.58538	0.58343	0.999995	548	0	-0.16748
GALNT5	8	0.9306	0.97234	0.999995	881	2	-0.21297	0.73827	0.73768	0.999995	683	0	-0.21297
CDNF	8	0.93146	0.97272	0.999995	882	2	-0.21164	0.35609	0.35612	0.704273	393	0	-0.21164
RCBTB2	8	0.93177	0.9728	0.999995	883	2	-0.12364	0.7115	0.7115	0.999995	664	0	-0.12364
NETO1	8	0.93249	0.97308	0.999995	884	2	-0.14196	0.35609	0.35612	0.704273	100	0	-0.14196
TTC23	8	0.93344	0.97333	0.999995	885	1	-0.20979	0.8291	0.82892	0.999995	774	0	-0.20979
DYNLT3	6	0.93425	0.95964	0.999995	886	1	-0.23082	0.28118	0.28017	0.704273	14	0	-0.23082
ZNF804B	8	0.93452	0.97365	0.999995	887	2	-0.20532	0.35609	0.35612	0.704273	193	0	-0.20532
TGFBR2	8	0.9349	0.97379	0.999995	888	1	-0.20714	0.35609	0.35612	0.704273	175	0	-0.20714
MBTD1	8	0.93532	0.97399	0.999995	889	1	-0.047665	0.35609	0.35612	0.704273	108	0	-0.047665
VPS26B	8	0.93558	0.97407	0.999995	890	1	-0.10174	0.35609	0.35612	0.704273	202	0	-0.10174
ZNF418	8	0.93691	0.97448	0.999995	891	2	-0.25131	0.35609	0.35612	0.704273	198	0	-0.25131
RRAGD	8	0.93708	0.97456	0.999995	892	1	-0.23963	0.95397	0.95318	0.999995	904	0	-0.23963
ZNF185	8	0.93747	0.97465	0.999995	893	2	-0.088942	0.35609	0.35612	0.704273	186	0	-0.088942
PIP4P1	8	0.93835	0.97504	0.999995	894	2	-0.19541	0.35609	0.35612	0.704273	120	0	-0.19541
CSTF2	8	0.93843	0.97508	0.999995	895	2	-0.12139	0.35609	0.35612	0.704273	309	0	-0.12139
GDI1	8	0.93859	0.97511	0.999995	896	2	-0.076607	0.35609	0.35612	0.704273	534	0	-0.076607
ATOH1	8	0.93899	0.97526	0.999995	897	2	-0.16786	0.35609	0.35612	0.704273	356	0	-0.16786
KAT6B	8	0.93944	0.97546	0.999995	898	1	-0.22763	0.35609	0.35612	0.704273	467	0	-0.22763
SIX6	8	0.93968	0.97554	0.999995	899	1	-0.056477	0.35609	0.35612	0.704273	217	0	-0.056477
DGAT2L6	8	0.93984	0.97564	0.999995	900	1	-0.066927	0.35609	0.35612	0.704273	332	0	-0.066927
ELL2	7	0.94006	0.97324	0.999995	901	1	-0.25032	0.31967	0.31986	0.704273	31	0	-0.25032
TRPC5	8	0.94163	0.9763	0.999995	902	2	-0.038086	0.35609	0.35612	0.704273	158	0	-0.038086
NBEAL2	8	0.94224	0.97651	0.999995	903	2	-0.1271	0.35609	0.35612	0.704273	90	0	-0.1271
CHSY1	8	0.94265	0.97668	0.999995	904	2	-0.07619	0.35609	0.35612	0.704273	303	0	-0.07619
UBQLN3	8	0.94288	0.97677	0.999995	905	2	-0.1965	0.88752	0.88725	0.999995	827	0	-0.1965
G3BP2	8	0.94326	0.97693	0.999995	906	1	-0.087711	0.35609	0.35612	0.704273	486	0	-0.087711
EXOC6	8	0.94359	0.97709	0.999995	907	2	-0.2112	0.35609	0.35612	0.704273	501	0	-0.2112
FAM126B	8	0.94394	0.97722	0.999995	908	1	-0.17853	0.65584	0.65675	0.999995	615	0	-0.17853
HPS1	8	0.94469	0.97754	0.999995	909	2	-0.16814	0.35609	0.35612	0.704273	442	0	-0.16814
STX7	8	0.94484	0.97759	0.999995	910	2	-0.33013	0.35609	0.35612	0.704273	254	0	-0.33013
TAS1R2	8	0.94527	0.97772	0.999995	911	2	-0.21105	0.35609	0.35612	0.704273	256	0	-0.21105
JAG2	8	0.94649	0.97816	0.999995	912	2	-0.076959	0.35609	0.35612	0.704273	423	0	-0.076959
PDGFD	8	0.94657	0.9782	0.999995	913	2	-0.14402	0.35609	0.35612	0.704273	135	0	-0.14402
FAM50B	8	0.94693	0.97833	0.999995	914	1	-0.14566	0.60195	0.60245	0.999995	563	0	-0.14566
UBASH3B	8	0.94776	0.97868	0.999995	915	2	-0.021957	0.35609	0.35612	0.704273	164	0	-0.021957
CTCFL	8	0.94797	0.97873	0.999995	916	2	-0.23166	0.35609	0.35612	0.704273	297	0	-0.23166
MPC1	8	0.94799	0.97873	0.999995	917	1	-0.27255	0.873	0.87224	0.999995	814	0	-0.27255
MBD4	16	0.94847	0.9939	0.999995	918	4	-0.13344	0.58538	0.58343	0.999995	545	0	-0.13344
MTMR3	8	0.94867	0.97893	0.999995	919	2	-0.21605	0.35609	0.35612	0.704273	115	0	-0.21605
POU5F2	8	0.94873	0.97896	0.999995	920	2	-0.13472	0.35609	0.35612	0.704273	127	0	-0.13472
NCK1	8	0.94979	0.97944	0.999995	921	2	-0.14452	0.35609	0.35612	0.704273	87	0	-0.14452
IL10RA	8	0.95063	0.97972	0.999995	922	2	-0.028971	0.35609	0.35612	0.704273	419	0	-0.028971
PCDH1	8	0.9511	0.97987	0.999995	923	2	-0.26608	0.35609	0.35612	0.704273	147	0	-0.26608
CBLL2	8	0.95179	0.98016	0.999995	924	2	-0.12362	0.35609	0.35612	0.704273	407	0	-0.12362
JAG1	8	0.95366	0.98096	0.999995	925	1	-0.16069	0.62147	0.62206	0.999995	582	0	-0.16069
REG3A	8	0.95372	0.98097	0.999995	926	1	-0.15723	0.75013	0.74985	0.999995	696	0	-0.15723
TBC1D4	8	0.95447	0.98134	0.999995	927	1	-0.016182	0.35609	0.35612	0.704273	262	0	-0.016182
GBP3	8	0.95534	0.98167	0.999995	928	2	-0.13937	0.66417	0.66502	0.999995	620	0	-0.13937
KRT25	8	0.95593	0.98192	0.999995	929	2	-0.30179	0.79441	0.79416	0.999995	734	0	-0.30179
GRIP2	8	0.95691	0.9823	0.999995	930	1	-0.23427	0.35609	0.35612	0.704273	518	0	-0.23427
DCAF8L1	8	0.9582	0.98287	0.999995	931	2	-0.085603	0.35609	0.35612	0.704273	296	0	-0.085603
G6PC	8	0.95896	0.98315	0.999995	932	2	-0.28285	0.88984	0.88952	0.999995	832	0	-0.28285
CPS1	8	0.95913	0.98329	0.999995	933	2	-0.20081	0.777	0.77679	0.999995	721	0	-0.20081
DZIP1L	8	0.96027	0.98381	0.999995	934	2	-0.085132	0.35609	0.35612	0.704273	318	0	-0.085132
CRX	8	0.96032	0.98385	0.999995	935	2	-0.25769	0.35609	0.35612	0.704273	312	0	-0.25769
NLRP8	8	0.96044	0.98394	0.999995	936	2	-0.34193	0.75179	0.75142	0.999995	697	0	-0.34193
EPHA3	8	0.96085	0.98408	0.999995	937	1	-0.070161	0.35609	0.35612	0.704273	322	0	-0.070161
ULK2	8	0.96209	0.98468	0.999995	938	2	-0.21419	0.35609	0.35612	0.704273	161	0	-0.21419
ATAD2B	8	0.96391	0.98547	0.999995	939	1	-0.21222	0.62425	0.62487	0.999995	585	0	-0.21222
DEGS1	8	0.96416	0.98555	0.999995	940	1	-0.088804	0.35609	0.35612	0.704273	291	0	-0.088804
TNKS2	8	0.96431	0.98557	0.999995	941	1	-0.072863	0.59651	0.59695	0.999995	560	0	-0.072863
KHSRP	8	0.96466	0.98579	0.999995	942	1	-0.15031	0.35609	0.35612	0.704273	466	0	-0.15031
TBK1	8	0.96472	0.98583	0.999995	943	2	-0.22351	0.35609	0.35612	0.704273	260	0	-0.22351
SLC22A13	8	0.96482	0.98588	0.999995	944	2	-0.080566	0.35609	0.35612	0.704273	219	0	-0.080566
CDS1	8	0.96599	0.986	0.999995	945	1	-0.08378	0.35609	0.35612	0.704273	392	0	-0.08378
TANK	8	0.96609	0.98602	0.999995	946	1	-0.16656	0.35609	0.35612	0.704273	251	0	-0.16656
ENOX1	8	0.9675	0.98623	0.999995	947	1	-0.12337	0.35609	0.35612	0.704273	327	0	-0.12337
RSC1A1	8	0.97049	0.98671	0.999995	948	1	-0.17586	0.35609	0.35612	0.704273	57	0	-0.17586
LNX2	8	0.97219	0.98697	0.999995	949	1	-0.068897	0.35609	0.35612	0.704273	448	0	-0.068897
FRS2	8	0.97331	0.98715	0.999995	950	1	-0.099471	0.35609	0.35612	0.704273	479	0	-0.099471
RBPJ	8	0.97362	0.98718	0.999995	951	1	-0.054954	0.35609	0.35612	0.704273	68	0	-0.054954
STAM2	8	0.97453	0.98742	0.999995	952	1	-0.018882	0.35609	0.35612	0.704273	273	0	-0.018882
SAR1B	8	0.97505	0.98755	0.999995	953	1	-0.033464	0.35609	0.35612	0.704273	236	0	-0.033464
SMARCA1	8	0.97546	0.98764	0.999995	954	1	-0.11547	0.35609	0.35612	0.704273	225	0	-0.11547
MPC1L	8	0.97649	0.9879	0.999995	955	1	-0.015278	0.35609	0.35612	0.704273	106	0	-0.015278
LMBR1L	8	0.97677	0.98795	0.999995	956	1	-0.21578	0.35609	0.35612	0.704273	449	0	-0.21578
CTPS2	8	0.97708	0.98807	0.999995	957	1	-0.09574	0.35609	0.35612	0.704273	285	0	-0.09574
LBX1	8	0.97728	0.9881	0.999995	958	1	-0.13307	0.35609	0.35612	0.704273	473	0	-0.13307
LATS1	8	0.97968	0.98868	0.999995	959	1	-0.0064222	0.35609	0.35612	0.704273	470	0	-0.0064222
DNAJC15	8	0.98102	0.98907	0.999995	960	1	-0.11298	0.35609	0.35612	0.704273	340	0	-0.11298
DPCR1	8	0.98105	0.98907	0.999995	961	1	-0.17654	0.35609	0.35612	0.704273	339	0	-0.17654
FAM71B	8	0.98399	0.98985	0.999995	962	1	-0.23461	0.35609	0.35612	0.704273	498	0	-0.23461
IDH3G	8	0.98416	0.98995	0.999995	963	1	-0.089169	0.35609	0.35612	0.704273	417	0	-0.089169
CD163L1	8	0.98584	0.99051	0.999995	964	1	-0.035687	0.35609	0.35612	0.704273	386	0	-0.035687
INTS6L	8	0.98752	0.99111	0.999995	965	1	-0.0043984	0.35609	0.35612	0.704273	416	0	-0.0043984
NOX3	8	0.98828	0.99137	0.999995	966	1	-0.13422	0.35609	0.35612	0.704273	97	0	-0.13422
NDEL1	8	0.98936	0.9917	0.999995	967	1	-0.14122	0.35609	0.35612	0.704273	98	0	-0.14122
GXYLT2	8	0.98962	0.99188	0.999995	968	1	-0.15728	0.35609	0.35612	0.704273	520	0	-0.15728
TFDP3	7	0.98979	0.98988	0.999995	969	1	-0.22838	0.31967	0.31986	0.704273	25	0	-0.22838
MAP4K4	8	0.99005	0.9921	0.999995	970	1	0	0.35609	0.35612	0.704273	457	0	0
YIPF7	8	0.9903	0.99221	0.999995	971	1	-0.1719	0.67338	0.67446	0.999995	632	0	-0.1719
PPP2R1B	8	0.99039	0.99223	0.999995	972	1	-0.024216	0.35609	0.35612	0.704273	130	0	-0.024216
ITSN2	8	0.99046	0.99226	0.999995	973	1	-0.17484	0.35609	0.35612	0.704273	424	0	-0.17484
IDH3B	8	0.99079	0.99237	0.999995	974	1	-0.24594	0.35609	0.35612	0.704273	418	0	-0.24594
PSEN1	8	0.99112	0.99259	0.999995	975	1	-0.19975	0.35609	0.35612	0.704273	44	0	-0.19975
PLD1	8	0.99115	0.99263	0.999995	976	1	-0.22098	0.66951	0.67029	0.999995	627	0	-0.22098
ALAS2	8	0.99118	0.99264	0.999995	977	1	-0.1209	0.35609	0.35612	0.704273	373	0	-0.1209
SPATA16	8	0.9915	0.99281	0.999995	978	1	-0.18843	0.35609	0.35612	0.704273	268	0	-0.18843
RTP1	8	0.99157	0.99286	0.999995	979	1	-0.18507	0.73098	0.73057	0.999995	677	0	-0.18507
TLN2	8	0.99166	0.99291	0.999995	980	1	-0.03732	0.35609	0.35612	0.704273	169	0	-0.03732
ARHGEF6	8	0.9917	0.99292	0.999995	981	1	0	0.35609	0.35612	0.704273	360	0	0
DMD	8	0.99222	0.9932	0.999995	982	1	-0.18266	0.35609	0.35612	0.704273	344	0	-0.18266
ENOX2	8	0.99231	0.99327	0.999995	983	1	-0.031675	0.35609	0.35612	0.704273	326	0	-0.031675
SUV39H1	8	0.99243	0.99335	0.999995	984	1	-0.053351	0.35609	0.35612	0.704273	252	0	-0.053351
LIMK2	8	0.99244	0.99335	0.999995	985	1	-0.15722	0.35609	0.35612	0.704273	452	0	-0.15722
GPR183	8	0.99251	0.99341	0.999995	986	1	-0.070132	0.35609	0.35612	0.704273	512	0	-0.070132
RNF144A	8	0.99271	0.9935	0.999995	987	1	-0.061243	0.35609	0.35612	0.704273	69	0	-0.061243
PRKAB1	8	0.99334	0.99392	0.999995	988	1	-0.16174	0.35609	0.35612	0.704273	60	0	-0.16174
HMSD	8	0.99355	0.99402	0.999995	989	1	-0.10321	0.35609	0.35612	0.704273	431	0	-0.10321
CDK19	16	0.99365	0.99927	0.999995	990	3	-0.21305	0.58538	0.58343	0.999995	552	0	-0.21305
TBR1	8	0.99381	0.99423	0.999995	991	1	-0.17108	0.35609	0.35612	0.704273	258	0	-0.17108
TIRAP	8	0.99392	0.99433	0.999995	992	1	-0.09291	0.35609	0.35612	0.704273	172	0	-0.09291
MAT1A	8	0.99436	0.9946	0.999995	993	1	-0.17557	0.67408	0.67521	0.999995	633	0	-0.17557
CDK16	8	0.99444	0.99467	0.999995	994	1	-0.027071	0.35609	0.35612	0.704273	383	0	-0.027071
TPBG	8	0.99494	0.99505	0.999995	995	1	-0.14892	0.35609	0.35612	0.704273	177	0	-0.14892
SCN10A	8	0.99506	0.99517	0.999995	996	1	-0.24241	0.35609	0.35612	0.704273	240	0	-0.24241
KRT37	8	0.99522	0.9953	0.999995	997	1	-0.20762	0.35609	0.35612	0.704273	464	0	-0.20762
LDB2	8	0.99539	0.99541	0.999995	998	1	-0.18731	0.86482	0.86426	0.999995	804	0	-0.18731
SPTAN1	8	0.9955	0.99547	0.999995	999	1	-0.0032822	0.35609	0.35612	0.704273	272	0	-0.0032822
FRYL	8	0.99559	0.99554	0.999995	1000	1	0	0.35609	0.35612	0.704273	478	0	0
CLCA1	8	0.99568	0.99559	0.999995	1001	1	-0.16461	0.35609	0.35612	0.704273	302	0	-0.16461
HTR3D	8	0.99574	0.99568	0.999995	1002	1	-0.15838	0.35609	0.35612	0.704273	438	0	-0.15838
CLASP2	8	0.99581	0.99577	0.999995	1003	1	-0.14215	0.62583	0.62635	0.999995	589	0	-0.14215
FRY	8	0.9961	0.99606	0.999995	1004	0	-0.21232	0.68236	0.68324	0.999995	641	0	-0.21232
KLF5	8	0.99626	0.99618	0.999995	1005	0	-0.030782	0.35609	0.35612	0.704273	463	0	-0.030782
ADARB1	8	0.99647	0.99641	0.999995	1006	0	-0.087342	0.35609	0.35612	0.704273	366	0	-0.087342
ARHGEF3	8	0.9965	0.99642	0.999995	1007	0	-0.18771	0.35609	0.35612	0.704273	349	0	-0.18771
FSD1L	8	0.99651	0.99644	0.999995	1008	0	-0.13462	0.35609	0.35612	0.704273	480	0	-0.13462
RPRD1B	8	0.99654	0.99646	0.999995	1009	0	-0.080341	0.35609	0.35612	0.704273	78	0	-0.080341
ZNF146	8	0.99666	0.99655	0.999995	1010	0	-0.0034104	0.35609	0.35612	0.704273	185	0	-0.0034104
SATB1	8	0.99676	0.99661	0.999995	1011	0	-0.045955	0.35609	0.35612	0.704273	233	0	-0.045955
PPP3CA	8	0.99689	0.99678	0.999995	1012	0	-0.12368	0.35609	0.35612	0.704273	129	0	-0.12368
TAF9B	6	0.99697	0.99704	0.999995	1013	0	-0.06246	0.28118	0.28017	0.704273	12	0	-0.06246
PLD2	8	0.99722	0.99717	0.999995	1014	0	-0.097094	0.35609	0.35612	0.704273	121	0	-0.097094
ZNF260	8	0.99737	0.99734	0.999995	1015	0	-0.027558	0.35609	0.35612	0.704273	187	0	-0.027558
TXNDC8	8	0.99754	0.99752	0.999995	1016	0	-0.091757	0.35609	0.35612	0.704273	160	0	-0.091757
SLC25A2	8	0.99773	0.99771	0.999995	1017	0	-0.11875	0.65105	0.65171	0.999995	610	0	-0.11875
LNX1	8	0.99782	0.99783	0.999995	1018	0	-0.11802	0.6656	0.66653	0.999995	622	0	-0.11802
SEC14L3	8	0.99793	0.99793	0.999995	1019	0	-0.17699	0.35609	0.35612	0.704273	246	0	-0.17699
FLNB	7	0.998	0.99799	0.999995	1020	0	-0.14616	0.31967	0.31986	0.704273	40	0	-0.14616
DRD3	8	0.99801	0.99799	0.999995	1021	0	-0.23183	0.35609	0.35612	0.704273	342	0	-0.23183
CHM	8	0.99806	0.99805	0.999995	1022	0	0	0.35609	0.35612	0.704273	388	0	0
CTNNB1	8	0.99826	0.99819	0.999995	1023	0	-0.068593	0.35609	0.35612	0.704273	286	0	-0.068593
DYNLRB2	8	0.99831	0.99825	0.999995	1024	0	-0.073057	0.35609	0.35612	0.704273	330	0	-0.073057
ATP7B	8	0.99833	0.99829	0.999995	1025	0	-0.18582	0.35609	0.35612	0.704273	402	0	-0.18582
TMEM30B	8	0.99835	0.99833	0.999995	1026	0	-0.15792	0.35609	0.35612	0.704273	171	0	-0.15792
PPP3R1	8	0.99838	0.99835	0.999995	1027	0	-0.12136	0.6477	0.64854	0.999995	608	0	-0.12136
GSX2	8	0.99845	0.99845	0.999995	1028	0	-0.20251	0.35609	0.35612	0.704273	536	0	-0.20251
AIPL1	8	0.99852	0.99846	0.999995	1029	0	-0.13739	0.35609	0.35612	0.704273	378	0	-0.13739
CLTCL1	8	0.99855	0.99848	0.999995	1030	0	-0.12476	0.35609	0.35612	0.704273	304	0	-0.12476
SMC1B	8	0.99874	0.99873	0.999995	1031	0	-0.10244	0.35609	0.35612	0.704273	227	0	-0.10244
SUV39H2	7	0.9988	0.99878	0.999995	1032	0	-0.051838	0.31967	0.31986	0.704273	22	0	-0.051838
TTC7B	8	0.99895	0.99891	0.999995	1033	0	-0.11959	0.35609	0.35612	0.704273	155	0	-0.11959
CDK17	8	0.99907	0.999	0.999995	1034	0	0	0.35609	0.35612	0.704273	382	0	0
IAPP	8	0.99909	0.99901	0.999995	1035	0	-0.22039	0.35609	0.35612	0.704273	437	0	-0.22039
KCNG4	8	0.99911	0.99902	0.999995	1036	0	-0.24184	0.76285	0.76263	0.999995	709	0	-0.24184
RANBP6	6	0.99916	0.99917	0.999995	1037	0	-0.057281	0.28118	0.28017	0.704273	7	0	-0.057281
ZDHHC17	8	0.99934	0.99922	0.999995	1038	0	-0.010631	0.35609	0.35612	0.704273	211	0	-0.010631
CNOT6L	6	0.99935	0.99932	0.999995	1039	0	-0.093986	0.28118	0.28017	0.704273	15	0	-0.093986
AMELX	8	0.99949	0.9994	0.999995	1040	0	-0.047478	0.35609	0.35612	0.704273	372	0	-0.047478
SEC31A	8	0.9995	0.99941	0.999995	1041	0	-0.024555	0.35609	0.35612	0.704273	247	0	-0.024555
FEZ1	8	0.99953	0.99944	0.999995	1042	0	-0.10272	0.35609	0.35612	0.704273	509	0	-0.10272
ZDHHC13	8	0.99954	0.99944	0.999995	1043	0	-0.18139	0.35609	0.35612	0.704273	210	0	-0.18139
MECOM	8	0.99959	0.99949	0.999995	1044	0	-0.093262	0.35609	0.35612	0.704273	110	0	-0.093262
CLIP4	8	0.99964	0.99955	0.999995	1045	0	-0.03464	0.35609	0.35612	0.704273	305	0	-0.03464
SPTLC3	8	0.99968	0.99958	0.999995	1046	0	-0.11281	0.35609	0.35612	0.704273	277	0	-0.11281
IPO8	8	0.99969	0.99958	0.999995	1047	0	0	0.35609	0.35612	0.704273	426	0	0
HTR2C	8	0.99976	0.9997	0.999995	1048	0	-0.14404	0.35609	0.35612	0.704273	443	0	-0.14404
GPR50	8	0.99978	0.99971	0.999995	1049	0	-0.017079	0.35609	0.35612	0.704273	513	0	-0.017079
SLC35F4	8	0.99983	0.99974	0.999995	1050	0	-0.11754	0.35609	0.35612	0.704273	230	0	-0.11754
TMEM185A	8	0.99992	0.9999	0.999995	1051	0	-0.017072	0.35609	0.35612	0.704273	170	0	-0.017072
RBBP7	8	0.99992	0.9999	0.999995	1052	0	-0.026136	0.35609	0.35612	0.704273	66	0	-0.026136
RANBP17	8	0.99993	0.99994	0.999995	1053	0	-0.059997	0.35609	0.35612	0.704273	75	0	-0.059997
NXT2	8	0.99998	1.0	0.999995	1054	0	-0.072936	0.35609	0.35612	0.704273	139	0	-0.072936
ALAS1	16	0.99998	0.99998	0.999995	1055	1	-0.049714	0.58538	0.58343	0.999995	555	0	-0.049714
safe_control	74	0.99999	1.0	0.999995	1056	3	-0.029899	0.98295	0.9826	0.999995	959	0	-0.029899
NCBP2L	8	1.0	1.0	0.999995	1057	0	0	0.35609	0.35612	0.704273	92	0	0
RC3H2	8	1.0	1.0	0.999995	1058	0	0	0.35609	0.35612	0.704273	71	0	0
TP53	8	1.0	1.0	0.999995	1059	0	0	0.35609	0.35612	0.704273	180	0	0
ATP7A	8	1.0	1.0	0.999995	1060	0	0	0.35609	0.35612	0.704273	357	0	0
