id	num	neg|score	neg|p-value	neg|fdr	neg|rank	neg|goodsgrna	neg|lfc	pos|score	pos|p-value	pos|fdr	pos|rank	pos|goodsgrna	pos|lfc
MYC	8	1.9938e-05	0.00010752	0.113861	1	6	-1.4193	0.99959	0.99963	0.999874	1057	0	-1.4193
FNIP1	4	0.00014244	0.00064978	0.334158	2	4	-1.1537	0.99986	0.99987	0.999874	1059	0	-1.1537
RPL5	4	0.00036884	0.0015941	0.334158	3	4	-1.49	0.99963	0.99962	0.999874	1058	0	-1.49
RPL36	4	0.00043525	0.0017624	0.334158	4	2	-1.3267	0.90258	0.90261	0.999874	937	0	-1.3267
FAM71A	4	0.00044106	0.0017717	0.334158	5	4	-0.96573	0.99956	0.99957	0.999874	1056	0	-0.96573
RAN	4	0.00046929	0.0018932	0.334158	6	1	0.3049	0.28916	0.31663	0.97867	338	1	0.3049
TSG101	4	0.00089258	0.0034265	0.439071	7	4	-0.85207	0.99911	0.99924	0.999874	1055	0	-0.85207
RSBN1L	4	0.0009853	0.0036977	0.439071	8	3	-1.8147	0.98657	0.98669	0.999874	1032	0	-1.8147
GSDMD	4	0.001215	0.0045859	0.439071	9	3	-1.4567	0.95873	0.95916	0.999874	996	0	-1.4567
HTR2C	4	0.0013419	0.0050253	0.439071	10	3	-1.4072	0.90275	0.90277	0.999874	938	0	-1.4072
NCBP2	4	0.0014074	0.0053899	0.439071	11	1	0.010319	0.23691	0.27892	0.977216	301	1	0.010319
RPL14	3	0.0014538	0.0041371	0.439071	12	2	-2.1069	0.73974	0.74054	0.999874	762	0	-2.1069
RRM1	8	0.0017093	0.0081947	0.535527	13	5	-1.1321	0.99229	0.99238	0.999874	1046	0	-1.1321
ATP6V1B2	4	0.0017339	0.0066614	0.50389	14	4	-1.1686	0.99827	0.99842	0.999874	1054	0	-1.1686
E2F3	3	0.0019189	0.0053432	0.439071	15	3	-1.7653	0.99808	0.99796	0.999874	1053	0	-1.7653
TOP1	4	0.002232	0.0081947	0.535527	16	3	-1.3277	0.9821	0.98201	0.999874	1026	0	-1.3277
SF3A1	4	0.0023448	0.0085968	0.535527	17	1	0.1041	0.58329	0.58299	0.999874	603	0	0.1041
EIF3B	4	0.0028672	0.010102	0.578166	18	3	-1.5748	0.99706	0.99716	0.999874	1052	0	-1.5748
MBD3L1	4	0.0037595	0.012365	0.598	19	2	-0.98534	0.31071	0.33296	0.97867	357	1	-0.98534
POLR2L	4	0.0042177	0.013412	0.598	20	1	-0.16105	0.64652	0.64606	0.999874	656	0	-0.16105
GRHL2	4	0.0043243	0.013608	0.598	21	3	-1.4599	0.074341	0.12728	0.934158	144	1	-1.4599
CTR9	4	0.004466	0.014075	0.598	22	3	-1.123	0.93901	0.93887	0.999874	978	0	-1.123
FANCM	4	0.0045445	0.014309	0.598	23	3	-1.2961	0.91295	0.91312	0.999874	950	0	-1.2961
NRBP2	4	0.0048477	0.01502	0.598	24	3	-1.4002	0.80084	0.80196	0.999874	840	0	-1.4002
TRRAP	4	0.0051602	0.015796	0.598	25	3	-1.4194	0.99608	0.99607	0.999874	1050	0	-1.4194
RPL31	2	0.0053905	0.010373	0.578166	26	2	-2.3473	0.99177	0.9922	0.999874	1044	0	-2.3473
RPP21	4	0.0054821	0.0166	0.598	27	3	-1.4433	0.98523	0.98554	0.999874	1029	0	-1.4433
CHORDC1	3	0.0058176	0.015908	0.598	28	2	-1.6245	0.90349	0.90299	0.999874	940	0	-1.6245
SLC35F3	4	0.0060879	0.018058	0.598	29	1	0.64353	0.3764	0.38668	0.998756	411	1	0.64353
IPO7	3	0.006246	0.016862	0.598	30	2	-1.616	0.51643	0.51444	0.999874	535	0	-1.616
GALNT5	4	0.0068845	0.019919	0.598	31	3	-1.0373	0.9074	0.90736	0.999874	944	0	-1.0373
PSMB3	3	0.0070144	0.018909	0.598	32	2	-1.5919	0.92111	0.92032	0.999874	957	0	-1.5919
ACTL6A	4	0.007022	0.020237	0.598	33	1	-0.32511	0.11013	0.17954	0.966695	186	1	-0.32511
ATP6V1D	4	0.0072694	0.020938	0.598	34	3	-1.1644	0.9893	0.98918	0.999874	1038	0	-1.1644
SF3B3	4	0.0074176	0.021246	0.598	35	2	-1.1112	0.86105	0.86219	0.999874	894	0	-1.1112
DHX29	3	0.0075388	0.020312	0.598	36	3	-1.3827	0.99246	0.99251	0.999874	1047	0	-1.3827
XRCC6	4	0.0076073	0.021677	0.598	37	3	-1.2733	0.23767	0.27942	0.977216	302	1	-1.2733
GTF3C1	4	0.0077084	0.021882	0.598	38	3	-0.98233	0.7142	0.71356	0.999874	732	0	-0.98233
RBPJ	4	0.0078961	0.022424	0.598	39	2	-1.1536	0.96951	0.96968	0.999874	1004	0	-1.1536
STX17	4	0.0081218	0.022929	0.598	40	3	-1.0426	0.99489	0.99499	0.999874	1048	0	-1.0426
DYNLRB1	3	0.0087529	0.023453	0.598	41	2	-1.5003	0.93382	0.93318	0.999874	970	0	-1.5003
GIT2	4	0.0088883	0.024668	0.598	42	1	-0.16158	0.76665	0.76738	0.999874	794	0	-0.16158
SNRPD3	4	0.0091019	0.025201	0.598	43	3	-1.283	0.45237	0.45378	0.999874	474	1	-1.283
COPA	4	0.0093083	0.02565	0.598	44	3	-0.99171	0.98044	0.98046	0.999874	1022	0	-0.99171
RGS19	4	0.0093107	0.02565	0.598	45	2	-0.90625	0.90421	0.90422	0.999874	941	0	-0.90625
ATP5F1B	4	0.0098205	0.026959	0.598	46	1	-0.22653	0.71603	0.71534	0.999874	735	0	-0.22653
ABT1	4	0.0099505	0.027286	0.598	47	3	-1.2595	0.9873	0.98738	0.999874	1034	0	-1.2595
RPS3	3	0.010082	0.026706	0.598	48	3	-0.77979	0.98992	0.98998	0.999874	1042	0	-0.77979
CDK7	4	0.010499	0.028502	0.603663	49	3	-1.2438	0.54295	0.5419	0.999874	561	0	-1.2438
INTS6	3	0.010515	0.027669	0.598	50	3	-1.4248	0.98949	0.98956	0.999874	1039	0	-1.4248
RPL8	4	0.010835	0.02939	0.61027	51	2	-0.85685	0.26785	0.30064	0.977216	324	1	-0.85685
VCP	4	0.011175	0.030315	0.617384	52	2	-0.91694	0.93317	0.93327	0.999874	968	0	-0.91694
TOMM22	4	0.011893	0.031998	0.639361	53	3	-1.2261	0.99697	0.99711	0.999874	1051	0	-1.2261
FDPS	4	0.012708	0.03384	0.663641	54	2	-0.88342	0.80168	0.80287	0.999874	842	0	-0.88342
TOB1	4	0.013512	0.035654	0.675301	55	3	-0.91438	0.98982	0.98987	0.999874	1041	0	-0.91438
MED20	4	0.013543	0.03571	0.675301	56	2	-0.42316	0.31213	0.33416	0.97867	359	1	-0.42316
SBNO1	4	0.014076	0.036832	0.684297	57	2	-0.9399	0.88754	0.88761	0.999874	923	0	-0.9399
SPAG9	4	0.015078	0.039207	0.715859	58	3	-1.0773	0.97792	0.97802	0.999874	1016	0	-1.0773
EIF3J	4	0.015509	0.040207	0.721681	59	2	-1.0281	0.74312	0.74262	0.999874	767	0	-1.0281
PRDM16	4	0.016291	0.042198	0.734215	60	3	-0.83248	0.92532	0.92536	0.999874	961	0	-0.83248
FUT5	4	0.016327	0.042292	0.734215	61	2	-0.39229	0.5356	0.5348	0.999874	556	0	-0.39229
CD44	4	0.017254	0.044265	0.756068	62	2	-0.28839	0.67691	0.67609	0.999874	692	0	-0.28839
ALDOA	4	0.017909	0.045676	0.767798	63	3	-1.0912	0.93104	0.93127	0.999874	967	0	-1.0912
HMGCS2	4	0.018276	0.046537	0.770034	64	2	-0.99006	0.12466	0.20133	0.966695	210	1	-0.99006
SMC1A	4	0.020031	0.050753	0.805598	65	2	-0.35852	0.67246	0.67165	0.999874	687	0	-0.35852
ADAP1	4	0.021097	0.053277	0.805598	66	3	-1.044	0.38427	0.39332	0.999874	418	1	-1.044
IMPDH1	4	0.021594	0.054353	0.805598	67	3	-0.95091	0.020031	0.046106	0.820876	55	1	-0.95091
MRPL41	4	0.02187	0.055035	0.805598	68	2	-0.91649	0.97053	0.97069	0.999874	1005	0	-0.91649
RFC2	4	0.022225	0.05583	0.805598	69	3	-0.77379	0.6655	0.66461	0.999874	679	0	-0.77379
ZMAT2	4	0.022802	0.057279	0.805598	70	2	-0.53734	0.6422	0.64122	0.999874	652	0	-0.53734
PPP2R1B	4	0.022973	0.057625	0.805598	71	2	-0.63518	0.7	0.69961	0.999874	718	0	-0.63518
CCND1	4	0.023519	0.058887	0.805598	72	3	-0.78289	0.98958	0.98952	0.999874	1040	0	-0.78289
ARFGEF1	4	0.023724	0.059336	0.805598	73	1	-0.044479	0.62631	0.62553	0.999874	636	0	-0.044479
TAF1L	3	0.023774	0.049986	0.805598	74	2	-1.1993	0.90555	0.90505	0.999874	943	0	-1.1993
CLTC	4	0.025418	0.063132	0.828933	75	2	-0.76808	0.94262	0.94241	0.999874	981	0	-0.76808
ZG16	4	0.025567	0.063403	0.828933	76	1	0.31245	0.59342	0.5933	0.999874	611	0	0.31245
RRM2	4	0.026427	0.06545	0.845267	77	2	-0.55833	0.16801	0.23112	0.966695	249	1	-0.55833
RBBP4	3	0.026796	0.054558	0.805598	78	2	-1.1632	0.030315	0.054661	0.820876	76	1	-1.1632
RPS8	3	0.026862	0.054689	0.805598	79	1	-0.56082	0.93043	0.92962	0.999874	966	0	-0.56082
PLXDC1	8	0.026935	0.085047	0.881807	80	3	-0.15227	0.78335	0.7829	0.999874	816	0	-0.15227
RIMKLB	3	0.027553	0.055914	0.805598	81	1	-0.077068	0.13399	0.17069	0.966695	218	1	-0.077068
SLC11A2	4	0.028046	0.069059	0.863355	82	3	-0.76891	0.97125	0.97141	0.999874	1008	0	-0.76891
RP1	4	0.02823	0.069433	0.863355	83	3	-0.92277	0.96357	0.96399	0.999874	1000	0	-0.92277
PMPCB	4	0.028326	0.069695	0.863355	84	2	0.11517	0.075881	0.12981	0.934158	147	2	0.11517
DZIP1L	4	0.028601	0.070452	0.863355	85	3	-0.87583	0.98155	0.98145	0.999874	1023	0	-0.87583
HUS1	4	0.029026	0.071275	0.863355	86	2	-0.94276	0.98796	0.98809	0.999874	1036	0	-0.94276
DHX9	3	0.029203	0.058401	0.805598	87	2	-1.1345	0.82165	0.8216	0.999874	855	0	-1.1345
VMP1	4	0.029244	0.071742	0.863355	88	3	-0.79419	0.95537	0.95591	0.999874	993	0	-0.79419
MTG2	4	0.030819	0.075277	0.881807	89	2	-0.78406	0.51793	0.51675	0.999874	538	0	-0.78406
POLR2B	4	0.031001	0.075763	0.881807	90	2	-0.89171	0.94553	0.94549	0.999874	984	0	-0.89171
ZWILCH	4	0.031079	0.075931	0.881807	91	1	0.3327	0.091058	0.15158	0.95961	166	1	0.3327
EPS15L1	4	0.031549	0.077006	0.881807	92	2	-0.97325	0.69617	0.69555	0.999874	715	0	-0.97325
HSCB	4	0.031996	0.077988	0.881807	93	2	-0.74968	0.83014	0.83216	0.999874	869	0	-0.74968
RECK	4	0.032845	0.079671	0.881807	94	2	-0.63331	0.69037	0.68971	0.999874	711	0	-0.63331
TBPL2	4	0.034103	0.082578	0.881807	95	3	-0.69475	0.99535	0.9954	0.999874	1049	0	-0.69475
RPL18A	2	0.034418	0.062374	0.828933	96	2	-1.032	0.96558	0.96542	0.999874	1002	0	-1.032
TMEM120A	4	0.034741	0.083738	0.881807	97	2	-0.49077	0.61267	0.61172	0.999874	624	0	-0.49077
CRY1	4	0.035313	0.084813	0.881807	98	2	-0.47281	0.76602	0.76666	0.999874	792	0	-0.47281
DGAT2L6	4	0.035361	0.084906	0.881807	99	3	-0.65884	0.58669	0.5867	0.999874	607	0	-0.65884
RHOT1	4	0.036646	0.087879	0.881807	100	3	-0.65372	0.89061	0.89088	0.999874	927	0	-0.65372
CNOT7	4	0.037081	0.088861	0.881807	101	3	-0.68124	0.98653	0.98667	0.999874	1031	0	-0.68124
LMBR1	4	0.037409	0.089684	0.881807	102	3	-0.62501	0.061876	0.10921	0.934158	120	1	-0.62501
ALAS2	4	0.037481	0.089852	0.881807	103	1	-0.25839	0.29784	0.32291	0.97867	345	1	-0.25839
KIF20A	8	0.037847	0.11003	0.881807	104	3	-0.16199	0.76285	0.76231	0.999874	789	0	-0.16199
VANGL1	4	0.038393	0.091717	0.881807	105	1	0.25887	0.51028	0.50925	0.999874	530	0	0.25887
DMP1	4	0.038515	0.09204	0.881807	106	3	-0.63551	0.62225	0.62134	0.999874	635	0	-0.63551
ASF1B	8	0.038627	0.11174	0.881807	107	4	-0.53486	0.53555	0.59166	0.999874	555	1	-0.53486
SLC17A2	4	0.039059	0.093246	0.881807	108	2	-0.91331	0.91981	0.91962	0.999874	956	0	-0.91331
ARHGEF7	4	0.040072	0.094499	0.881807	109	2	-0.54471	0.45356	0.45509	0.999874	475	1	-0.54471
KIF11	4	0.040214	0.094714	0.881807	110	2	-0.52232	0.75049	0.75034	0.999874	770	0	-0.52232
EFR3A	4	0.041715	0.096892	0.881807	111	2	-0.76127	0.79028	0.79142	0.999874	825	0	-0.76127
SLC25A28	4	0.043388	0.099267	0.881807	112	2	-0.8742	0.55124	0.55045	0.999874	573	0	-0.8742
FANCF	4	0.044758	0.1012	0.881807	113	2	-0.69767	0.85955	0.86078	0.999874	892	0	-0.69767
RPS11	3	0.044815	0.083298	0.881807	114	2	-0.97341	0.81142	0.81158	0.999874	848	0	-0.97341
CRY2	4	0.045948	0.10273	0.881807	115	2	-0.66113	0.31567	0.33699	0.97867	364	1	-0.66113
TNPO1	3	0.046238	0.085486	0.881807	116	2	-0.96965	0.47679	0.47505	0.999874	502	0	-0.96965
SNRPB	4	0.046571	0.1036	0.881807	117	1	-0.20733	0.67287	0.67197	0.999874	688	0	-0.20733
CHMP1B	4	0.047476	0.10485	0.881807	118	1	-0.094777	0.65166	0.65112	0.999874	661	0	-0.094777
SIN3A	4	0.04769	0.10511	0.881807	119	2	-0.57401	0.81367	0.81594	0.999874	852	0	-0.57401
LIN28B	4	0.04791	0.1054	0.881807	120	2	-0.79771	0.66508	0.66427	0.999874	677	0	-0.79771
AFG3L2	3	0.048327	0.088431	0.881807	121	2	-0.95255	0.98774	0.98778	0.999874	1035	0	-0.95255
KRT74	4	0.049285	0.1074	0.881807	122	2	-0.3996	0.46187	0.46275	0.999874	484	1	-0.3996
AHCYL2	4	0.049905	0.10822	0.881807	123	2	-0.68853	0.78262	0.78374	0.999874	815	0	-0.68853
AHCYL1	4	0.050188	0.10863	0.881807	124	2	-0.7772	0.85253	0.85415	0.999874	881	0	-0.7772
SUV39H2	3	0.050623	0.092274	0.881807	125	2	-0.9417	0.55113	0.54955	0.999874	572	0	-0.9417
UTP14C	4	0.051255	0.10983	0.881807	126	2	-0.38283	0.78112	0.78231	0.999874	810	0	-0.38283
RBMX	3	0.051622	0.093826	0.881807	127	2	-0.93189	0.21271	0.23144	0.966695	283	1	-0.93189
THRAP3	4	0.051994	0.1109	0.881807	128	1	0.86955	0.017254	0.041722	0.820876	51	2	0.86955
E2F4	4	0.05262	0.11178	0.881807	129	2	-0.72053	0.71014	0.70954	0.999874	730	0	-0.72053
WDR12	4	0.052895	0.11214	0.881807	130	1	0.045097	0.8471	0.84916	0.999874	876	0	0.045097
SAFB2	4	0.053308	0.11271	0.881807	131	2	-0.64672	0.32551	0.345	0.980317	372	1	-0.64672
CKAP5	8	0.054062	0.14714	0.881807	132	3	-0.55758	0.89767	0.89773	0.999874	931	0	-0.55758
PRPF38A	4	0.054927	0.11496	0.881807	133	2	-0.3467	0.055596	0.10022	0.934158	109	1	-0.3467
VANGL2	4	0.055628	0.11586	0.881807	134	2	-0.84688	0.4017	0.40747	0.999874	427	1	-0.84688
KRT25	4	0.056495	0.1169	0.881807	135	1	-0.27615	0.95151	0.95191	0.999874	988	0	-0.27615
ACTL7A	4	0.057276	0.11786	0.881807	136	2	-0.57443	0.13481	0.20894	0.966695	220	1	-0.57443
HASPIN	4	0.057393	0.11804	0.881807	137	2	-0.56473	0.89007	0.89033	0.999874	926	0	-0.56473
POLR2F	4	0.057989	0.11882	0.881807	138	2	-0.37863	0.69847	0.69781	0.999874	717	0	-0.37863
SAP30	4	0.058466	0.1195	0.881807	139	2	-0.24961	0.49975	0.49857	0.999874	521	1	-0.24961
MBTD1	4	0.058705	0.11987	0.881807	140	2	-0.68729	0.94392	0.9438	0.999874	982	0	-0.68729
CADPS2	4	0.059184	0.12051	0.881807	141	2	-0.64175	0.79519	0.79647	0.999874	832	0	-0.64175
MED13L	4	0.060085	0.12173	0.881807	142	2	-0.44873	0.70341	0.70293	0.999874	721	0	-0.44873
MRPL27	4	0.060148	0.12181	0.881807	143	2	-0.30929	0.70828	0.70746	0.999874	727	0	-0.30929
CHSY3	4	0.060632	0.12241	0.881807	144	2	-0.26235	0.089309	0.14904	0.95961	164	1	-0.26235
HNRNPF	4	0.06098	0.12278	0.881807	145	1	0.6536	0.16227	0.22714	0.966695	244	1	0.6536
ISCA2	4	0.061118	0.12301	0.881807	146	2	-0.59973	0.66426	0.66333	0.999874	676	0	-0.59973
BUB3	4	0.062831	0.12528	0.881807	147	2	-0.4523	0.75575	0.75592	0.999874	776	0	-0.4523
ABCC3	4	0.063077	0.12563	0.881807	148	2	-0.67287	0.93524	0.93545	0.999874	973	0	-0.67287
YAF2	4	0.064066	0.12695	0.881807	149	2	0.18565	0.0041075	0.011635	0.713296	16	2	0.18565
CCT6B	4	0.064557	0.12761	0.881807	150	1	0.34822	0.26114	0.29581	0.977216	319	1	0.34822
XAB2	4	0.065562	0.12877	0.881807	151	2	-0.53458	0.91621	0.9161	0.999874	952	0	-0.53458
APOBEC3C	4	0.066342	0.12988	0.881807	152	2	-0.56156	0.91082	0.91091	0.999874	949	0	-0.56156
BECN1	4	0.066566	0.13013	0.881807	153	2	-0.40792	0.65884	0.65813	0.999874	668	0	-0.40792
TPBG	4	0.068124	0.13221	0.881807	154	1	0.21211	0.46305	0.46404	0.999874	486	1	0.21211
RNF40	4	0.069014	0.13348	0.881807	155	1	0.038832	0.5031	0.50194	0.999874	523	1	0.038832
CD72	4	0.069903	0.13469	0.881807	156	1	0.13077	0.026487	0.056344	0.826666	71	1	0.13077
ARPC5	4	0.070388	0.13528	0.881807	157	2	-0.56784	0.092805	0.15405	0.95961	169	1	-0.56784
HRH3	4	0.070792	0.13579	0.881807	158	1	-0.21925	0.6168	0.61561	0.999874	631	0	-0.21925
TXNDC8	4	0.072462	0.13807	0.881807	159	2	-0.50704	0.61542	0.61426	0.999874	629	0	-0.50704
CDK5R1	4	0.072568	0.13821	0.881807	160	1	-0.5676	0.97248	0.97257	0.999874	1010	0	-0.5676
EAF1	4	0.074295	0.14027	0.881807	161	2	-0.61745	0.94016	0.93997	0.999874	979	0	-0.61745
ATP6V1C1	4	0.074341	0.14036	0.881807	162	2	-0.29361	0.20736	0.25788	0.972149	278	1	-0.29361
CAT	4	0.074559	0.14062	0.881807	163	2	-0.11016	0.11673	0.18897	0.966695	193	2	-0.11016
SLC35F4	4	0.075226	0.14166	0.881807	164	2	-0.53379	0.63033	0.62965	0.999874	640	0	-0.53379
CABP5	4	0.076111	0.14305	0.881807	165	1	-0.36903	0.78232	0.78346	0.999874	814	0	-0.36903
TACC3	4	0.076413	0.14345	0.881807	166	2	-0.43624	0.89431	0.89466	0.999874	929	0	-0.43624
EPHA3	4	0.07668	0.14371	0.881807	167	2	-0.58241	0.89977	0.90007	0.999874	933	0	-0.58241
PIP4P2	4	0.076996	0.14412	0.881807	168	2	-0.66498	0.97797	0.97808	0.999874	1017	0	-0.66498
SNRPB2	3	0.077134	0.13345	0.881807	169	1	0.16884	0.55525	0.55389	0.999874	576	0	0.16884
UNC119B	4	0.077879	0.14523	0.881807	170	2	-0.0078583	0.11924	0.19287	0.966695	199	2	-0.0078583
LOR	4	0.078286	0.14567	0.881807	171	2	-0.67944	0.97979	0.97984	0.999874	1019	0	-0.67944
EZH1	4	0.079634	0.14739	0.881807	172	2	-0.77204	0.25814	0.29355	0.977216	315	1	-0.77204
SPOPL	4	0.079645	0.14741	0.881807	173	1	0.069377	0.20024	0.25283	0.972149	272	1	0.069377
SF3B2	4	0.081264	0.14944	0.881807	174	2	0.036908	0.034545	0.068835	0.856378	83	2	0.036908
AKIRIN1	4	0.08181	0.1501	0.881807	175	2	-0.69631	0.64995	0.64928	0.999874	659	0	-0.69631
CLNS1A	3	0.083127	0.14315	0.881807	176	2	-0.74255	0.98026	0.97998	0.999874	1021	0	-0.74255
PCBD1	4	0.083168	0.15203	0.881807	177	2	-0.37028	0.93878	0.93856	0.999874	977	0	-0.37028
MTUS1	4	0.083457	0.1523	0.881807	178	2	-0.31719	0.80418	0.80573	0.999874	844	0	-0.31719
AOX1	4	0.083732	0.15274	0.881807	179	2	-0.14485	0.44938	0.45108	0.999874	470	1	-0.14485
RPL17	3	0.083987	0.14442	0.881807	180	2	-0.78988	0.18293	0.20792	0.966695	256	1	-0.78988
RNF130	4	0.084047	0.15321	0.881807	181	1	-0.096498	0.57148	0.57168	0.999874	589	0	-0.096498
TMEM9	4	0.085394	0.15495	0.886995	182	2	-0.52605	0.33937	0.35627	0.985097	384	1	-0.52605
ZNF407	4	0.087068	0.1572	0.895002	183	2	-0.5963	0.93548	0.93569	0.999874	975	0	-0.5963
HMGCS1	3	0.088787	0.15147	0.881807	184	2	-0.76793	0.91622	0.91593	0.999874	953	0	-0.76793
HNRNPH1	4	0.090184	0.1615	0.913709	185	2	-0.68779	0.72002	0.7194	0.999874	738	0	-0.68779
NKAP	4	0.091058	0.16258	0.913709	186	1	0.1253	0.34417	0.36014	0.990626	386	1	0.1253
XYLT1	4	0.092739	0.16465	0.913709	187	2	-0.58438	0.97621	0.97623	0.999874	1014	0	-0.58438
ILF3	4	0.092805	0.16478	0.913709	188	2	-0.59323	0.036568	0.071799	0.870106	87	1	-0.59323
GDI1	4	0.093677	0.16577	0.913709	189	1	0.049145	0.6626	0.66174	0.999874	672	0	0.049145
ZNF260	4	0.094467	0.1669	0.913709	190	2	-0.67301	0.98908	0.98905	0.999874	1037	0	-0.67301
RNF144B	4	0.094756	0.16728	0.913709	191	2	0.16194	0.014332	0.036748	0.794201	50	2	0.16194
RPL10A	4	0.095335	0.16813	0.913709	192	2	-0.72214	0.63388	0.63293	0.999874	645	0	-0.72214
PDCD6IP	4	0.09542	0.16825	0.913709	193	2	-0.55425	0.77135	0.7721	0.999874	797	0	-0.55425
INTS2	4	0.096206	0.1693	0.914756	194	2	-0.23013	0.55279	0.55217	0.999874	574	0	-0.23013
CHUK	8	0.098288	0.23078	0.949444	195	2	-0.043628	0.76445	0.764	0.999874	791	0	-0.043628
GDF15	4	0.098544	0.17272	0.925356	196	2	-0.67614	0.88197	0.88234	0.999874	916	0	-0.67614
PSMB8	4	0.098838	0.17316	0.925356	197	2	-0.67894	0.87698	0.87773	0.999874	910	0	-0.67894
PTCH1	4	0.099766	0.17445	0.925356	198	1	-0.16415	0.77041	0.77125	0.999874	796	0	-0.16415
TOMM40L	4	0.10002	0.17478	0.925356	199	2	-0.65427	0.86735	0.86812	0.999874	900	0	-0.65427
KIAA0319L	4	0.10179	0.17718	0.925356	200	2	-0.31219	0.54866	0.54782	0.999874	569	0	-0.31219
SPTAN1	4	0.10237	0.17792	0.925356	201	2	-0.26085	0.0051531	0.014272	0.713296	21	1	-0.26085
SOS2	4	0.10269	0.17835	0.925356	202	2	-0.68449	0.97093	0.97111	0.999874	1007	0	-0.68449
SMC1B	4	0.10323	0.17913	0.925356	203	1	0.049699	0.37837	0.38815	0.999874	413	1	0.049699
TREML4	3	0.10542	0.17675	0.925356	204	2	-0.69495	0.92716	0.92662	0.999874	964	0	-0.69495
IAPP	4	0.10568	0.18231	0.934687	205	2	-0.56533	0.65968	0.65903	0.999874	670	0	-0.56533
APH1A	4	0.10598	0.1827	0.934687	206	2	-0.3963	0.83986	0.84169	0.999874	872	0	-0.3963
IPO5	4	0.10669	0.1836	0.934763	207	1	-0.27788	0.92783	0.92776	0.999874	965	0	-0.27788
TOMM40	7	0.10725	0.22822	0.949444	208	2	-0.020592	0.14012	0.24509	0.972149	224	2	-0.020592
RALGPS2	4	0.1081	0.18529	0.936421	209	2	-0.56854	0.74108	0.74063	0.999874	765	0	-0.56854
GBP3	4	0.10841	0.18569	0.936421	210	1	-0.10814	0.33868	0.35567	0.985097	383	1	-0.10814
RPL37A	2	0.10926	0.13816	0.881807	211	1	-0.54256	0.52829	0.52671	0.999874	550	0	-0.54256
G6PC	4	0.11054	0.18841	0.945638	212	2	-0.39621	0.85141	0.85294	0.999874	880	0	-0.39621
USP13	4	0.11177	0.19015	0.949444	213	2	-0.50737	0.82663	0.8286	0.999874	861	0	-0.50737
TOP1MT	4	0.11271	0.19141	0.949444	214	2	0.00087388	0.10841	0.17718	0.966695	185	2	0.00087388
MED18	8	0.11318	0.25188	0.957137	215	2	-0.37201	0.87836	0.87772	0.999874	913	0	-0.37201
SNAPC4	4	0.11357	0.19238	0.949444	216	1	0.32689	0.10031	0.16558	0.966695	180	2	0.32689
PRKDC	8	0.11377	0.25264	0.957137	217	3	-0.56328	0.24817	0.37635	0.994803	306	2	-0.56328
MECOM	4	0.11424	0.19343	0.949444	218	2	-0.061197	0.12431	0.20082	0.966695	209	2	-0.061197
TBC1D26	2	0.11456	0.14219	0.881807	219	1	-0.24277	0.18382	0.18839	0.966695	258	1	-0.24277
ACACA	4	0.11614	0.19569	0.949444	220	1	-0.40531	0.0098205	0.025818	0.738962	37	1	-0.40531
CRX	4	0.11699	0.19669	0.949444	221	1	0.046249	0.56145	0.56159	0.999874	583	0	0.046249
AP2A2	4	0.11735	0.19718	0.949444	222	2	0.12234	0.026938	0.057083	0.826666	72	2	0.12234
TYMS	4	0.11861	0.19905	0.949444	223	2	-0.41648	0.71894	0.7182	0.999874	737	0	-0.41648
RPL11	3	0.11919	0.19634	0.949444	224	1	-0.37827	0.024786	0.045919	0.820876	69	1	-0.37827
EP300	4	0.11956	0.20038	0.949444	225	1	-0.16739	0.80056	0.80165	0.999874	839	0	-0.16739
PPP2CA	8	0.11992	0.26153	0.965036	226	3	-0.15991	0.46721	0.55561	0.999874	490	1	-0.15991
RPL19	4	0.12041	0.20155	0.949444	227	1	0.27998	0.7286	0.72828	0.999874	747	0	0.27998
CTSZ	4	0.1205	0.20166	0.949444	228	2	-0.4546	0.48508	0.48454	0.999874	506	1	-0.4546
RPL13	3	0.12104	0.19914	0.949444	229	2	-0.65327	0.51946	0.51737	0.999874	540	0	-0.65327
SS18	4	0.12145	0.20296	0.949444	230	2	0.088416	0.030162	0.06186	0.856378	75	2	0.088416
NDUFB4	4	0.12296	0.20543	0.949444	231	2	-0.090293	0.40869	0.41396	0.999874	434	1	-0.090293
MPC1	4	0.12367	0.20637	0.949444	232	2	-0.48476	0.44396	0.44615	0.999874	463	1	-0.48476
FARS2	4	0.12399	0.2068	0.949444	233	2	-0.7234	0.96247	0.9629	0.999874	999	0	-0.7234
BRSK2	4	0.12463	0.20766	0.949444	234	2	-0.28597	0.090184	0.15031	0.95961	165	1	-0.28597
GATAD2A	4	0.12466	0.20772	0.949444	235	1	0.20374	0.063664	0.11196	0.934158	122	1	0.20374
ELL	4	0.12559	0.20887	0.949444	236	2	-0.59225	0.098029	0.16205	0.966695	175	1	-0.59225
SBF2	3	0.12562	0.20571	0.949444	237	2	-0.63591	0.8764	0.87663	0.999874	908	0	-0.63591
CDK2	4	0.12636	0.20971	0.949444	238	1	0.10978	0.56699	0.56721	0.999874	586	0	0.10978
MTHFD1	4	0.12721	0.21076	0.949444	239	2	-0.53835	0.98344	0.98342	0.999874	1028	0	-0.53835
CNOT6L	4	0.12806	0.21203	0.949444	240	1	-0.2487	0.62135	0.62027	0.999874	634	0	-0.2487
AKIRIN2	4	0.12816	0.21219	0.949444	241	2	-0.43452	0.60664	0.60585	0.999874	619	0	-0.43452
DENND5B	4	0.1289	0.21315	0.949444	242	1	0.2969	0.51083	0.5097	0.999874	531	0	0.2969
TNKS	4	0.12978	0.2143	0.949444	243	2	-0.15099	0.27967	0.30932	0.97867	331	1	-0.15099
RIC8A	4	0.13108	0.21582	0.949444	244	2	-0.71677	0.93354	0.93358	0.999874	969	0	-0.71677
CYFIP2	4	0.13271	0.2178	0.949444	245	2	-0.45258	0.91533	0.91529	0.999874	951	0	-0.45258
PTPN21	4	0.13303	0.21812	0.949444	246	2	-0.26789	0.14904	0.21824	0.966695	230	1	-0.26789
LDB2	4	0.13397	0.21946	0.949444	247	1	-0.19115	0.76061	0.76099	0.999874	786	0	-0.19115
PRKAB1	4	0.13467	0.22026	0.949444	248	2	-0.14919	0.1432	0.21454	0.966695	226	1	-0.14919
RPL3	7	0.135	0.27116	0.968142	249	2	-0.36243	0.15519	0.26254	0.972149	237	2	-0.36243
ULK1	4	0.13566	0.22168	0.949444	250	2	-0.2555	0.68842	0.68786	0.999874	707	0	-0.2555
TPST1	4	0.13599	0.22207	0.949444	251	2	-0.16797	0.51138	0.51027	0.999874	532	0	-0.16797
VPS37A	4	0.13697	0.22328	0.949444	252	2	-0.65227	0.022802	0.050669	0.820876	62	1	-0.65227
NCKAP1	4	0.13734	0.22367	0.949444	253	1	0.032249	0.075226	0.12861	0.934158	145	1	0.032249
RNF2	3	0.13782	0.21835	0.949444	254	1	0.34348	0.66528	0.66465	0.999874	678	0	0.34348
BARHL1	4	0.13902	0.22561	0.949444	255	1	0.71138	0.044022	0.083298	0.907475	95	2	0.71138
YIF1B	4	0.13986	0.22682	0.949444	256	1	0.011926	0.66756	0.66672	0.999874	681	0	0.011926
S1PR4	4	0.14096	0.22847	0.949444	257	2	-0.37635	0.13986	0.21212	0.966695	223	1	-0.37635
COX4I1	4	0.14153	0.22936	0.949444	258	2	-0.088913	0.44998	0.4516	0.999874	471	1	-0.088913
OSMR	4	0.14229	0.23035	0.949444	259	2	-0.46351	0.11699	0.18938	0.966695	194	1	-0.46351
UMPS	4	0.14237	0.23049	0.949444	260	1	0.79624	0.012	0.031278	0.79012	41	3	0.79624
FKBP5	4	0.14329	0.23177	0.949444	261	2	-0.092419	0.52709	0.52633	0.999874	547	0	-0.092419
PRPF8	4	0.14363	0.23221	0.949444	262	2	-0.47858	0.82307	0.82523	0.999874	858	0	-0.47858
AMELX	4	0.14571	0.2348	0.955578	263	1	0.47745	0.0060879	0.016637	0.713296	23	1	0.47745
ATP5F1D	4	0.14654	0.23583	0.955578	264	1	0.023711	0.52816	0.52731	0.999874	549	0	0.023711
SIN3B	4	0.147	0.23641	0.955578	265	2	-0.26844	0.76979	0.7706	0.999874	795	0	-0.26844
PSMB6	4	0.14821	0.23802	0.957137	266	2	-0.54375	0.051091	0.093676	0.93148	106	1	-0.54375
JAG1	4	0.14987	0.24007	0.957137	267	1	0.077378	0.58765	0.58774	0.999874	608	0	0.077378
CASP4	4	0.15039	0.24084	0.957137	268	2	-0.21682	0.6757	0.67494	0.999874	690	0	-0.21682
ICK	4	0.15107	0.24166	0.957137	269	2	-0.3724	0.27673	0.30719	0.97867	329	1	-0.3724
NCKAP1L	4	0.15141	0.24216	0.957137	270	2	-0.4172	0.71493	0.71427	0.999874	734	0	-0.4172
CHML	4	0.15209	0.24296	0.957137	271	2	-0.25873	0.85431	0.85578	0.999874	884	0	-0.25873
SNRPD2	3	0.15304	0.22833	0.949444	272	1	0.2946	0.45922	0.45782	0.999874	481	0	0.2946
PRKAB2	4	0.15319	0.24431	0.957137	273	1	0.043721	0.21913	0.2663	0.97389	288	1	0.043721
DYNLT3	4	0.15402	0.24537	0.957137	274	1	0.37033	0.2782	0.30831	0.97867	330	1	0.37033
TBC1D1	4	0.15552	0.24735	0.957137	275	2	-0.41275	0.49246	0.49174	0.999874	516	1	-0.41275
TTC7A	8	0.15619	0.31023	0.999528	276	1	0.0047018	0.2456	0.37361	0.994803	304	1	0.0047018
ADARB1	4	0.1565	0.24863	0.957137	277	1	-0.30577	0.73176	0.73132	0.999874	750	0	-0.30577
ALDOC	4	0.1569	0.24911	0.957137	278	2	-0.44789	0.78172	0.78297	0.999874	812	0	-0.44789
RAMP2	4	0.15829	0.25075	0.957137	279	2	-0.41664	0.9518	0.9522	0.999874	990	0	-0.41664
MED13	4	0.15898	0.25158	0.957137	280	2	-0.64199	0.97528	0.97535	0.999874	1012	0	-0.64199
NBEA	4	0.15932	0.25202	0.957137	281	2	-0.33058	0.75608	0.7562	0.999874	777	0	-0.33058
PPP3R2	4	0.1598	0.25262	0.957137	282	1	0.24803	0.2723	0.30397	0.97867	327	1	0.24803
CYP26C1	4	0.16037	0.25346	0.957137	283	2	-0.15604	0.63652	0.63558	0.999874	648	0	-0.15604
PRSS37	4	0.16071	0.25397	0.957137	284	2	-0.52138	0.15485	0.22224	0.966695	236	1	-0.52138
RBBP7	4	0.16176	0.25556	0.95793	285	2	-0.18407	0.70679	0.70598	0.999874	724	0	-0.18407
NR5A1	4	0.16211	0.25599	0.95793	286	2	-0.26451	0.86212	0.86321	0.999874	895	0	-0.26451
MANF	4	0.16309	0.25725	0.959263	287	1	-0.044481	0.415	0.41954	0.999874	439	1	-0.044481
ZNF146	4	0.16596	0.261	0.965036	288	2	-0.19939	0.14487	0.21535	0.966695	228	1	-0.19939
FRS3	4	0.16631	0.26146	0.965036	289	2	-0.58755	0.75412	0.75432	0.999874	773	0	-0.58755
G3BP1	4	0.16801	0.2636	0.96597	290	1	-0.24615	0.73766	0.73729	0.999874	759	0	-0.24615
ATP5F1A	4	0.16842	0.26414	0.96597	291	2	-0.64441	0.54243	0.54136	0.999874	560	0	-0.64441
ADGRG7	4	0.16883	0.26463	0.96597	292	1	-0.056936	0.79689	0.7983	0.999874	835	0	-0.056936
CDS2	4	0.16964	0.26582	0.96597	293	2	-0.54883	0.78882	0.78968	0.999874	822	0	-0.54883
ATR	4	0.17125	0.2677	0.96597	294	2	-0.57325	0.7404	0.73997	0.999874	764	0	-0.57325
RNF113A	4	0.17128	0.26772	0.96597	295	2	-0.27521	0.54711	0.54626	0.999874	566	0	-0.27521
ZNF521	4	0.17161	0.26817	0.96597	296	2	-0.61355	0.47183	0.47204	0.999874	497	1	-0.61355
MOGAT2	4	0.17372	0.27117	0.968142	297	1	0.30214	0.095916	0.15876	0.966695	171	2	0.30214
OSBPL6	4	0.1741	0.27168	0.968142	298	2	-0.63125	0.79173	0.79285	0.999874	828	0	-0.63125
UTRN	4	0.17552	0.27334	0.968142	299	2	-0.40919	0.3206	0.34088	0.980317	369	1	-0.40919
COPG1	4	0.17624	0.27432	0.968142	300	2	-0.37666	0.70791	0.70701	0.999874	726	0	-0.37666
GRIP1	4	0.1766	0.27475	0.968142	301	2	-0.6285	0.88718	0.88726	0.999874	921	0	-0.6285
TTC23	4	0.17696	0.27518	0.968142	302	2	-0.59866	0.77289	0.77391	0.999874	798	0	-0.59866
GRIP2	4	0.17803	0.27648	0.969494	303	2	-0.45899	0.9339	0.93397	0.999874	971	0	-0.45899
RXFP3	4	0.17859	0.27744	0.96966	304	1	0.75157	0.069874	0.12093	0.934158	132	2	0.75157
CDK5R2	4	0.17983	0.27924	0.972756	305	2	-0.10703	0.34691	0.36256	0.991537	389	1	-0.10703
MMD2	4	0.18055	0.28017	0.97278	306	2	-0.47116	0.57446	0.57465	0.999874	593	0	-0.47116
SHMT1	4	0.18235	0.28275	0.978532	307	2	-0.3179	0.58475	0.58475	0.999874	604	0	-0.3179
XPR1	4	0.18561	0.28712	0.987222	308	2	-0.43431	0.95734	0.95797	0.999874	995	0	-0.43431
ULK2	4	0.18746	0.2892	0.99114	309	1	-0.011932	0.25137	0.28875	0.977216	310	1	-0.011932
CLCA1	4	0.18853	0.29057	0.992638	310	2	0.016199	0.30215	0.32615	0.97867	350	1	0.016199
SOD1	4	0.18999	0.29258	0.994186	311	2	-0.36843	0.85585	0.85737	0.999874	888	0	-0.36843
INCENP	4	0.19072	0.29347	0.994186	312	2	-0.12357	0.088434	0.1477	0.959576	163	1	-0.12357
RHBDF1	4	0.19218	0.29516	0.994186	313	2	-0.54005	0.98597	0.98613	0.999874	1030	0	-0.54005
COQ10A	4	0.19292	0.29616	0.994186	314	2	-0.5513	0.85453	0.85596	0.999874	885	0	-0.5513
ZEB1	4	0.19307	0.29642	0.994186	315	1	-0.41247	0.49076	0.49009	0.999874	514	1	-0.41247
RANBP10	4	0.19387	0.29755	0.994186	316	1	0.82606	0.024755	0.053595	0.820876	68	2	0.82606
CYP2C8	4	0.19476	0.29857	0.994186	317	2	-0.24667	0.61588	0.61469	0.999874	630	0	-0.24667
ZNF418	4	0.19513	0.29902	0.994186	318	2	-0.26917	0.80802	0.81009	0.999874	847	0	-0.26917
MBP	4	0.19586	0.2999	0.994186	319	2	-0.48276	0.45951	0.46067	0.999874	482	1	-0.48276
SF3B1	4	0.1966	0.30084	0.994186	320	2	-0.59655	0.24834	0.28674	0.977216	307	1	-0.59655
RBPJL	4	0.19697	0.30135	0.994186	321	2	-0.55515	0.96594	0.96631	0.999874	1003	0	-0.55515
LATS1	4	0.19786	0.30242	0.994604	322	1	-0.051455	0.74548	0.74488	0.999874	769	0	-0.051455
ENOX2	4	0.19956	0.30458	0.997139	323	2	-0.40094	0.058291	0.10392	0.934158	114	1	-0.40094
RPS19	4	0.19993	0.30507	0.997139	324	2	-0.58982	0.84151	0.8433	0.999874	873	0	-0.58982
EEFSEC	4	0.20105	0.30639	0.997139	325	2	-0.45379	0.84641	0.84832	0.999874	875	0	-0.45379
DDI2	4	0.20183	0.30743	0.997139	326	1	-0.17097	0.81341	0.81561	0.999874	851	0	-0.17097
FAM126A	4	0.20216	0.3079	0.997139	327	2	-0.60572	0.68527	0.68444	0.999874	702	0	-0.60572
RNF38	4	0.20579	0.31283	0.999528	328	1	-0.064822	0.85119	0.85277	0.999874	879	0	-0.064822
FOXK2	4	0.20851	0.31615	0.999528	329	2	-0.40709	0.34895	0.36422	0.991537	391	1	-0.40709
CDIPT	4	0.20894	0.31663	0.999528	330	1	0.15358	0.12272	0.19843	0.966695	208	2	0.15358
PTF1A	4	0.2119	0.32054	0.999528	331	2	-0.39675	0.26413	0.29798	0.977216	321	1	-0.39675
KAT6A	4	0.21227	0.32111	0.999528	332	2	-0.12161	0.68646	0.68567	0.999874	704	0	-0.12161
CDS1	4	0.21341	0.3225	0.999528	333	2	0.1109	0.077749	0.13232	0.934158	150	2	0.1109
ESRP1	4	0.21365	0.32282	0.999528	334	1	-0.31851	0.90756	0.9076	0.999874	945	0	-0.31851
RANBP9	4	0.21444	0.32389	0.999528	335	1	-0.37785	0.78351	0.78464	0.999874	817	0	-0.37785
IMPDH2	4	0.21678	0.32695	0.999528	336	1	0.2354	0.24985	0.28784	0.977216	309	1	0.2354
SLITRK1	4	0.21719	0.32755	0.999528	337	2	-0.21018	0.59294	0.59279	0.999874	610	0	-0.21018
AP1G2	4	0.21835	0.32914	0.999528	338	1	0.29552	0.66301	0.66216	0.999874	673	0	0.29552
NOX3	4	0.21913	0.33008	0.999528	339	1	0.24508	0.30144	0.32556	0.97867	349	1	0.24508
RHOT2	4	0.22099	0.33271	0.999528	340	2	-0.45097	0.89621	0.89635	0.999874	930	0	-0.45097
UAP1	4	0.22175	0.33351	0.999528	341	2	-0.23572	0.019106	0.04462	0.820876	54	1	-0.23572
SOX9	4	0.22213	0.33396	0.999528	342	2	-0.24306	0.76253	0.76318	0.999874	788	0	-0.24306
WRN	4	0.22224	0.33411	0.999528	343	1	-0.24134	0.12126	0.19597	0.966695	205	1	-0.24134
FKBP9	4	0.22302	0.33496	0.999528	344	1	-0.21542	0.85342	0.85494	0.999874	882	0	-0.21542
CAP2	4	0.2269	0.33807	0.999528	345	1	-0.34383	0.38752	0.39568	0.999874	420	1	-0.34383
NAPA	4	0.22844	0.33876	0.999528	346	1	-0.46996	0.99092	0.99092	0.999874	1043	0	-0.46996
TMEM185A	4	0.23076	0.34004	0.999528	347	1	-0.029651	0.72965	0.72933	0.999874	748	0	-0.029651
SKA1	4	0.2323	0.34091	0.999528	348	1	-0.39445	0.79746	0.7989	0.999874	837	0	-0.39445
GPR151	4	0.23537	0.34272	0.999528	349	1	0.18614	0.76029	0.76069	0.999874	785	0	0.18614
CPSF3	4	0.23767	0.34401	0.999528	350	1	-0.39188	0.98687	0.98696	0.999874	1033	0	-0.39188
DYNC1LI1	3	0.23883	0.28626	0.987222	351	1	0.16542	0.57385	0.57272	0.999874	592	0	0.16542
RPP14	4	0.2392	0.34492	0.999528	352	1	-0.026897	0.78941	0.79035	0.999874	824	0	-0.026897
PHLDA1	4	0.23997	0.34536	0.999528	353	1	-0.34389	0.64002	0.63895	0.999874	651	0	-0.34389
GDI2	8	0.24046	0.42204	0.999528	354	3	-0.38595	0.98202	0.98206	0.999874	1025	0	-0.38595
PAX4	4	0.2415	0.34618	0.999528	355	1	0.10551	0.0023448	0.0071009	0.713296	9	1	0.10551
NAA15	4	0.24226	0.34657	0.999528	356	1	-0.31572	0.47992	0.47942	0.999874	504	1	-0.31572
TRAPPC3	4	0.24302	0.34695	0.999528	357	1	-0.26645	0.55637	0.55624	0.999874	579	0	-0.26645
SFPQ	4	0.24454	0.34774	0.999528	358	1	-0.099495	0.70114	0.70063	0.999874	719	0	-0.099495
SAR1A	8	0.24484	0.42778	0.999528	359	3	-0.3848	0.77535	0.77492	0.999874	802	0	-0.3848
SP110	4	0.25288	0.35205	0.999528	360	1	0.35584	0.43789	0.44046	0.999874	459	1	0.35584
FRYL	4	0.25739	0.35472	0.999528	361	1	-0.10005	0.49696	0.49601	0.999874	518	1	-0.10005
PMM1	4	0.25814	0.35508	0.999528	362	1	-0.052293	0.73835	0.73801	0.999874	761	0	-0.052293
STX12	4	0.25964	0.35596	0.999528	363	1	-0.25926	0.86275	0.86387	0.999874	896	0	-0.25926
RNF103	4	0.26039	0.3563	0.999528	364	1	-0.12919	0.34554	0.36141	0.991537	387	1	-0.12919
SOHLH1	4	0.26413	0.35849	0.999528	365	1	0.99599	0.0084626	0.022574	0.713296	31	3	0.99599
KHSRP	4	0.26562	0.35942	0.999528	366	1	-0.19024	0.81606	0.8183	0.999874	853	0	-0.19024
RNF44	4	0.26859	0.36093	0.999528	367	1	0.066609	0.78824	0.7891	0.999874	821	0	0.066609
CLASP1	4	0.27156	0.36273	0.999528	368	1	-0.17804	0.88385	0.88412	0.999874	919	0	-0.17804
PSEN2	4	0.27304	0.36356	0.999528	369	1	0.17914	0.51193	0.51079	0.999874	533	0	0.17914
RNF144A	4	0.27378	0.36401	0.999528	370	1	0.23771	0.54815	0.54738	0.999874	568	0	0.23771
HUS1B	4	0.27451	0.36438	0.999528	371	1	0.24441	0.20341	0.2551	0.972149	275	1	0.24441
VPS26A	4	0.27599	0.36522	0.999528	372	1	0.24476	0.70716	0.70635	0.999874	725	0	0.24476
DUSP10	4	0.2782	0.36656	0.999528	373	1	-0.18992	0.74244	0.74193	0.999874	766	0	-0.18992
UNC45A	4	0.28113	0.36829	0.999528	374	1	0.23501	0.19067	0.24673	0.972149	265	1	0.23501
ADAM19	4	0.28333	0.36972	0.999528	375	1	0.47301	0.031079	0.063468	0.856378	78	1	0.47301
CAVIN1	4	0.28406	0.37006	0.999528	376	1	-0.26612	0.92678	0.92672	0.999874	963	0	-0.26612
ATP7A	4	0.28771	0.37222	0.999528	377	1	-0.23884	0.73211	0.73166	0.999874	751	0	-0.23884
NDE1	4	0.28843	0.37267	0.999528	378	1	-0.27044	0.95491	0.95547	0.999874	992	0	-0.27044
ERN2	4	0.28916	0.37315	0.999528	379	1	-0.34089	0.43115	0.43407	0.999874	453	1	-0.34089
CCT6A	3	0.28932	0.32286	0.999528	380	1	0.31782	0.68686	0.68724	0.999874	705	0	0.31782
IDH2	4	0.28989	0.37352	0.999528	381	1	0.18151	0.29351	0.31971	0.97867	343	1	0.18151
APH1B	4	0.29061	0.3739	0.999528	382	1	-0.46807	0.91966	0.91945	0.999874	955	0	-0.46807
AP5M1	4	0.29279	0.37518	0.999528	383	1	0.56497	0.41059	0.41557	0.999874	435	1	0.56497
IKBKE	4	0.29712	0.3778	0.999528	384	1	0.50529	0.47066	0.47104	0.999874	495	1	0.50529
BCAP31	4	0.29784	0.37822	0.999528	385	1	0.38982	0.60571	0.60505	0.999874	617	0	0.38982
EZH2	4	0.29856	0.37859	0.999528	386	1	0.25017	0.56044	0.5607	0.999874	582	0	0.25017
IL6R	4	0.30215	0.38083	0.999528	387	1	0.10392	0.54763	0.54678	0.999874	567	0	0.10392
SLC9A3R2	4	0.30287	0.38132	0.999528	388	1	0.2921	0.22457	0.27001	0.97389	289	1	0.2921
SS18L1	4	0.30358	0.38166	0.999528	389	1	0.76799	0.11085	0.18065	0.966695	187	2	0.76799
FAM71B	4	0.30858	0.38481	0.999528	390	1	0.29965	0.013543	0.034887	0.79012	46	1	0.29965
DBT	4	0.30929	0.38522	0.999528	391	1	-0.19607	0.20657	0.25738	0.972149	277	1	-0.19607
RSBN1	4	0.31071	0.38617	0.999528	392	1	0.027186	0.88863	0.8886	0.999874	924	0	0.027186
DMD	4	0.31142	0.38666	0.999528	393	1	-0.082574	0.40106	0.40712	0.999874	426	1	-0.082574
RPS23	2	0.31193	0.31384	0.999528	394	1	-0.40164	0.75421	0.75371	0.999874	774	0	-0.40164
TBK1	4	0.31213	0.38711	0.999528	395	1	0.24662	0.27525	0.30612	0.97867	328	1	0.24662
TUBB	3	0.31316	0.3409	0.999528	396	1	-0.53438	0.98328	0.98323	0.999874	1027	0	-0.53438
ADAP2	4	0.31426	0.38862	0.999528	397	1	-0.41395	0.88122	0.88159	0.999874	915	0	-0.41395
CEACAM1	4	0.31496	0.38901	0.999528	398	1	0.82011	0.041508	0.079372	0.907475	92	2	0.82011
RPS7	1	0.31694	0.31736	0.999528	399	0	-0.37209	0.68306	0.68455	0.999874	698	0	-0.37209
CCNL1	4	0.31779	0.39075	0.999528	400	1	-0.25496	0.37442	0.38502	0.998197	407	1	-0.25496
MED31	4	0.3206	0.39243	0.999528	401	1	-0.30871	0.90944	0.90943	0.999874	948	0	-0.30871
RPL15	2	0.32163	0.32276	0.999528	402	1	-0.46488	0.82362	0.82324	0.999874	859	0	-0.46488
H2BFM	4	0.32481	0.3953	0.999528	403	1	0.14299	0.17046	0.23293	0.966695	250	1	0.14299
MTUS2	4	0.32551	0.39575	0.999528	404	1	-0.14806	0.78202	0.78322	0.999874	813	0	-0.14806
FOXA1	4	0.3269	0.39649	0.999528	405	1	-0.27068	0.82435	0.82635	0.999874	860	0	-0.27068
RC3H2	4	0.32899	0.39794	0.999528	406	1	0.036042	0.71457	0.71384	0.999874	733	0	0.036042
CTPS1	4	0.33108	0.39924	0.999528	407	1	-0.20499	0.19467	0.2494	0.972149	268	1	-0.20499
ZDHHC17	4	0.33454	0.40159	0.999528	408	1	-0.23197	0.79318	0.79451	0.999874	829	0	-0.23197
ANXA1	4	0.3428	0.40684	0.999528	409	1	0.65657	0.051481	0.094116	0.93148	107	2	0.65657
NLRP8	4	0.34417	0.40765	0.999528	410	1	-0.1125	0.10669	0.17481	0.966695	184	1	-0.1125
NDUFC1	4	0.34554	0.40872	0.999528	411	1	0.10456	0.38231	0.3917	0.999874	416	1	0.10456
SERPINA12	8	0.34628	0.51659	0.999528	412	1	0.73193	0.022334	0.066329	0.856378	60	4	0.73193
SEC31A	4	0.34759	0.41009	0.999528	413	1	0.1282	0.43054	0.43354	0.999874	452	1	0.1282
PAPSS1	4	0.35099	0.41237	0.999528	414	1	-0.21698	0.79547	0.79673	0.999874	833	0	-0.21698
MMD	4	0.35234	0.41313	0.999528	415	1	0.14938	0.26264	0.29687	0.977216	320	1	0.14938
NSDHL	4	0.35708	0.416	0.999528	416	1	-0.058135	0.32271	0.34258	0.980317	370	1	-0.058135
HTR3E	4	0.35775	0.41645	0.999528	417	1	-0.14343	0.39593	0.40289	0.999874	423	1	-0.14343
NAPB	4	0.3591	0.41732	0.999528	418	1	-0.16579	0.65081	0.65018	0.999874	660	0	-0.16579
CYP7A1	4	0.36111	0.41863	0.999528	419	1	0.11756	0.55891	0.55894	0.999874	580	0	0.11756
XPO7	4	0.36513	0.42132	0.999528	420	1	0.15739	0.75738	0.75744	0.999874	781	0	0.15739
NAE1	8	0.36608	0.53191	0.999528	421	2	-0.17394	0.134	0.2611	0.972149	219	2	-0.17394
CCNE1	4	0.36846	0.42353	0.999528	422	1	-0.14074	0.16719	0.23056	0.966695	248	1	-0.14074
FRY	4	0.37111	0.42524	0.999528	423	1	0.048439	0.61908	0.61805	0.999874	633	0	0.048439
ALAS1	8	0.37173	0.53657	0.999528	424	2	0.25529	0.61521	0.64176	0.999874	628	1	0.25529
IQCA1	4	0.37508	0.42774	0.999528	425	1	0.98516	0.0034135	0.0099244	0.713296	12	3	0.98516
RC3H1	4	0.38492	0.4341	0.999528	426	1	-0.21952	0.79433	0.79553	0.999874	831	0	-0.21952
RNF10	4	0.38622	0.43486	0.999528	427	1	0.23889	0.080719	0.13641	0.94935	152	2	0.23889
TPRX1	4	0.38687	0.43519	0.999528	428	1	0.35299	0.099766	0.16473	0.966695	179	1	0.35299
AIPL1	4	0.38752	0.43556	0.999528	429	1	0.61256	0.26711	0.30017	0.977216	323	1	0.61256
TANC1	4	0.38817	0.43597	0.999528	430	1	0.52373	0.12591	0.20305	0.966695	211	2	0.52373
NDEL1	4	0.39012	0.43727	0.999528	431	1	-0.44725	0.98187	0.98175	0.999874	1024	0	-0.44725
TRIM25	4	0.39077	0.43763	0.999528	432	1	0.30875	0.20894	0.25906	0.972149	281	1	0.30875
ATP8B3	4	0.39206	0.43856	0.999528	433	1	0.017563	0.889	0.88899	0.999874	925	0	0.017563
SLC10A2	4	0.39271	0.43899	0.999528	434	1	-0.16013	0.0079555	0.021331	0.713296	29	1	-0.16013
STRIP1	4	0.39529	0.44091	0.999528	435	1	0.68835	0.072722	0.12507	0.934158	141	2	0.68835
SEC31B	4	0.39786	0.44261	0.999528	436	1	-0.24621	0.64393	0.64333	0.999874	654	0	-0.24621
PPP2R1A	4	0.39914	0.4434	0.999528	437	1	-0.092258	0.54399	0.54289	0.999874	562	0	-0.092258
SLC11A1	4	0.39978	0.44383	0.999528	438	1	-0.30456	0.30858	0.33121	0.97867	355	1	-0.30456
CREBBP	4	0.40042	0.44421	0.999528	439	1	0.4685	0.28989	0.31713	0.97867	340	1	0.4685
COX6B1	8	0.40111	0.55996	0.999528	440	1	0.40643	0.43387	0.54065	0.999874	455	1	0.40643
DNAJC19	3	0.40218	0.41206	0.999528	441	1	0.67359	0.45735	0.45604	0.999874	478	0	0.67359
TOB2	4	0.40234	0.44533	0.999528	442	1	-0.32522	0.23537	0.27778	0.977216	300	1	-0.32522
UQCRC1	4	0.40488	0.44741	0.999528	443	1	-0.0066801	0.52334	0.52258	0.999874	545	0	-0.0066801
GOLPH3L	4	0.40552	0.44785	0.999528	444	1	-0.055237	0.7551	0.7553	0.999874	775	0	-0.055237
ANAPC4	4	0.40616	0.44826	0.999528	445	1	-0.13506	0.92558	0.92573	0.999874	962	0	-0.13506
GJA8	4	0.41374	0.45335	0.999528	446	1	0.44463	0.012613	0.032765	0.79012	44	1	0.44463
FNIP2	4	0.415	0.45423	0.999528	447	1	0.11783	0.53666	0.53585	0.999874	557	0	0.11783
TBC1D28	3	0.41607	0.42377	0.999528	448	1	0.18777	0.72153	0.72249	0.999874	742	0	0.18777
TGFBR2	4	0.41625	0.45507	0.999528	449	1	0.54939	0.023775	0.052109	0.820876	64	2	0.54939
STT3A	4	0.4175	0.45588	0.999528	450	1	0.27329	0.029244	0.060551	0.854983	74	1	0.27329
MTX1	3	0.41852	0.42602	0.999528	451	1	0.27137	0.59771	0.59722	0.999874	615	0	0.27137
STRIP2	4	0.4225	0.45959	0.999528	452	1	-0.082282	0.16309	0.22767	0.966695	245	1	-0.082282
NMT1	4	0.42745	0.46297	0.999528	453	1	-0.14407	0.17616	0.23668	0.971506	253	1	-0.14407
WASL	4	0.43422	0.46799	0.999528	454	1	0.079668	0.77474	0.77575	0.999874	801	0	0.079668
H2AFX	4	0.43544	0.46881	0.999528	455	1	-0.054226	0.93512	0.93529	0.999874	972	0	-0.054226
PKM	3	0.43552	0.44063	0.999528	456	1	-0.48746	0.28932	0.29606	0.977216	339	1	-0.48746
IDH3B	4	0.43667	0.4696	0.999528	457	1	0.54892	0.31426	0.336	0.97867	362	1	0.54892
TIMM23B	4	0.4385	0.47078	0.999528	458	1	-0.30901	0.61862	0.61763	0.999874	632	0	-0.30901
HMGCLL1	4	0.4391	0.47132	0.999528	459	1	0.1643	0.30072	0.32508	0.97867	348	1	0.1643
BZW2	4	0.43971	0.47176	0.999528	460	1	-0.42483	0.97743	0.97755	0.999874	1015	0	-0.42483
CCNE2	4	0.44032	0.47217	0.999528	461	1	0.23083	0.381	0.39053	0.999874	415	1	0.23083
FLOT2	4	0.44153	0.47306	0.999528	462	1	0.19372	0.46423	0.46515	0.999874	488	1	0.19372
EFR3B	4	0.44214	0.47346	0.999528	463	1	-0.28537	0.4695	0.46991	0.999874	493	1	-0.28537
RUNX1	4	0.44275	0.47394	0.999528	464	1	0.59573	0.46599	0.46672	0.999874	489	1	0.59573
CELA2A	4	0.44396	0.47489	0.999528	465	1	0.35118	0.63122	0.63045	0.999874	642	0	0.35118
HACD2	4	0.44577	0.47624	0.999528	466	1	0.11016	0.75346	0.75349	0.999874	772	0	0.11016
TAF9B	2	0.44775	0.44582	0.999528	467	0	-0.28387	0.78353	0.78281	0.999874	818	0	-0.28387
DCAF4L2	4	0.45058	0.4797	0.999528	468	1	0.027254	0.045664	0.085617	0.907475	99	1	0.027254
MAT2A	4	0.45297	0.48152	0.999528	469	1	-0.49563	0.76125	0.76175	0.999874	787	0	-0.49563
GOLT1A	4	0.45535	0.4833	0.999528	470	1	0.8361	0.013687	0.035289	0.79012	48	3	0.8361
GAPDH	4	0.45832	0.48562	0.999528	471	1	-0.2757	0.94854	0.94869	0.999874	985	0	-0.2757
RING1	4	0.45891	0.48615	0.999528	472	1	-0.11703	0.86486	0.8658	0.999874	898	0	-0.11703
CBLL1	4	0.4601	0.48695	0.999528	473	1	0.25488	0.71162	0.7109	0.999874	731	0	0.25488
CCNT1	4	0.46246	0.48869	0.999528	474	1	0.19225	0.36713	0.3791	0.997159	401	1	0.19225
PAF1	4	0.46364	0.48965	0.999528	475	1	-0.14374	0.72469	0.72429	0.999874	744	0	-0.14374
RHOBTB2	4	0.46423	0.49011	0.999528	476	1	0.14307	0.1187	0.19206	0.966695	198	1	0.14307
COQ10B	4	0.46599	0.49137	0.999528	477	1	-0.053186	0.82814	0.8302	0.999874	864	0	-0.053186
ARID4A	4	0.46657	0.4918	0.999528	478	1	-0.24421	0.35842	0.37174	0.994803	396	1	-0.24421
COPZ2	4	0.46716	0.49236	0.999528	479	1	-0.27174	0.80335	0.80454	0.999874	843	0	-0.27174
EPS15	4	0.46891	0.49355	0.999528	480	1	0.10675	0.69694	0.69639	0.999874	716	0	0.10675
NR5A2	4	0.47008	0.49441	0.999528	481	1	-0.070504	0.22999	0.27406	0.97389	296	1	-0.070504
RAP1GAP	4	0.47241	0.49611	0.999528	482	1	0.90902	0.0034264	0.0099524	0.713296	13	2	0.90902
ZMIZ1	4	0.47357	0.49687	0.999528	483	1	0.26891	0.034736	0.069031	0.856378	84	2	0.26891
DYNLRB2	4	0.47415	0.49726	0.999528	484	1	1.0851	0.0048477	0.013515	0.713296	19	2	1.0851
POLD1	4	0.47473	0.49768	0.999528	485	1	-0.065175	0.5228	0.522	0.999874	544	0	-0.065175
RSC1A1	4	0.47589	0.49851	0.999528	486	1	-0.17935	0.07168	0.12363	0.934158	138	1	-0.17935
BRSK1	4	0.47762	0.49967	0.999528	487	1	-0.20945	0.9405	0.94037	0.999874	980	0	-0.20945
SEC11C	4	0.4782	0.50004	0.999528	488	1	0.18044	0.80112	0.80218	0.999874	841	0	0.18044
MEP1B	4	0.48107	0.50238	0.999528	489	1	-0.50781	0.92121	0.9211	0.999874	958	0	-0.50781
ATP6V1E2	4	0.48164	0.5028	0.999528	490	1	-0.043594	0.39722	0.40393	0.999874	424	1	-0.043594
CYP2A6	4	0.48279	0.50378	0.999528	491	1	-0.09226	0.90881	0.90889	0.999874	947	0	-0.09226
DMXL2	4	0.48336	0.50417	0.999528	492	1	-0.34184	0.87931	0.87974	0.999874	914	0	-0.34184
KPNA2	3	0.48588	0.486	0.999528	493	1	0.42632	0.28708	0.29427	0.977216	336	1	0.42632
DDX39B	4	0.48736	0.50696	0.999528	494	1	-0.092395	0.77961	0.78086	0.999874	808	0	-0.092395
NSG2	4	0.48792	0.50744	0.999528	495	1	0.10934	0.010752	0.028118	0.783611	38	1	0.10934
ADM	4	0.48849	0.50798	0.999528	496	1	0.29334	0.54918	0.54831	0.999874	570	0	0.29334
LSM14A	4	0.48906	0.50833	0.999528	497	1	-0.36028	0.67042	0.66949	0.999874	685	0	-0.36028
NCK1	4	0.48963	0.50876	0.999528	498	1	0.32343	0.52923	0.52834	0.999874	551	0	0.32343
SIRPA	3	0.49038	0.49012	0.999528	499	1	0.337	0.66324	0.6627	0.999874	674	0	0.337
TREM2	4	0.49076	0.50968	0.999528	500	1	0.24077	0.22921	0.27347	0.97389	295	1	0.24077
PDS5A	4	0.49133	0.51006	0.999528	501	1	0.54669	0.049459	0.091348	0.930169	104	2	0.54669
CCNT2	4	0.49189	0.51054	0.999528	502	1	-0.067354	0.81207	0.81418	0.999874	850	0	-0.067354
ZNF804B	4	0.49302	0.51148	0.999528	503	1	0.036489	0.020955	0.047686	0.820876	58	1	0.036489
TANK	4	0.49527	0.51311	0.999528	504	1	-0.26359	0.86694	0.86769	0.999874	899	0	-0.26359
BECN2	4	0.49696	0.51435	0.999528	505	1	0.28615	0.17778	0.2377	0.971922	254	1	0.28615
NAA10	4	0.49752	0.51486	0.999528	506	1	0.18549	0.056495	0.10139	0.934158	112	1	0.18549
LDB1	8	0.49883	0.64044	0.999528	507	1	-0.012011	0.83116	0.83069	0.999874	870	0	-0.012011
PPP2CB	3	0.49887	0.49793	0.999528	508	1	-0.41018	0.95163	0.95124	0.999874	989	0	-0.41018
SF3B5	4	0.4992	0.51604	0.999528	509	1	-0.097949	0.61313	0.61215	0.999874	625	0	-0.097949
SLC9A3R1	4	0.50198	0.5182	0.999528	510	1	-0.21992	0.94414	0.94394	0.999874	983	0	-0.21992
TPST2	4	0.50254	0.51858	0.999528	511	1	0.41697	0.50531	0.50418	0.999874	526	1	0.41697
SLC25A15	4	0.5031	0.51909	0.999528	512	1	-0.12984	0.18907	0.24578	0.972149	263	1	-0.12984
NXT1	4	0.50753	0.52272	0.999528	513	1	-0.20952	0.75705	0.75715	0.999874	780	0	-0.20952
COPZ1	4	0.50973	0.52439	0.999528	514	1	-0.36295	0.78082	0.78203	0.999874	809	0	-0.36295
SLC25A24	4	0.51247	0.52656	0.999528	515	1	-0.054971	0.31638	0.33752	0.97867	365	1	-0.054971
CAPN2	4	0.51521	0.52868	0.999528	516	1	0.23422	0.63344	0.63254	0.999874	644	0	0.23422
SBF1	4	0.51684	0.52982	0.999528	517	1	-0.0083547	0.83236	0.83435	0.999874	871	0	-0.0083547
MRPL38	4	0.51738	0.53027	0.999528	518	1	-0.051461	0.48792	0.48719	0.999874	509	1	-0.051461
KRT38	4	0.5201	0.53264	0.999528	519	1	0.10898	0.1565	0.2233	0.966695	238	1	0.10898
GCM2	4	0.52172	0.534	0.999528	520	1	-0.082035	0.6692	0.66839	0.999874	684	0	-0.082035
ITSN2	4	0.5228	0.53502	0.999528	521	1	-0.14927	0.93832	0.93811	0.999874	976	0	-0.14927
FKBP10	4	0.52334	0.5355	0.999528	522	1	0.13254	0.85096	0.85262	0.999874	878	0	0.13254
SLC25A2	4	0.52495	0.53678	0.999528	523	1	-0.38884	0.97184	0.97194	0.999874	1009	0	-0.38884
TMEM185B	4	0.52549	0.53727	0.999528	524	1	-0.04407	0.26859	0.30115	0.977216	325	1	-0.04407
MYBL2	4	0.52709	0.53843	0.999528	525	1	0.35445	0.13313	0.20784	0.966695	216	1	0.35445
RPL21	2	0.52732	0.52566	0.999528	526	0	-0.20889	0.77781	0.7773	0.999874	804	0	-0.20889
LBX1	4	0.52763	0.53885	0.999528	527	1	0.7711	0.022973	0.050931	0.820876	63	2	0.7711
PPP4C	4	0.52816	0.53923	0.999528	528	1	0.41632	0.39141	0.39887	0.999874	422	1	0.41632
KLK12	4	0.5287	0.53959	0.999528	529	1	0.30586	0.28771	0.31546	0.97867	337	1	0.30586
ADSS	3	0.5289	0.52726	0.999528	530	1	-0.54668	0.96396	0.96356	0.999874	1001	0	-0.54668
ATP7B	4	0.52923	0.54002	0.999528	531	1	-0.2572	0.88645	0.88639	0.999874	920	0	-0.2572
H1FOO	4	0.52977	0.54054	0.999528	532	1	0.39483	0.13818	0.21106	0.966695	222	1	0.39483
SAMD9	4	0.53083	0.54131	0.999528	533	1	0.26339	0.52226	0.52134	0.999874	543	0	0.26339
SNX2	4	0.53507	0.54481	0.999528	534	1	-0.46409	0.72183	0.72122	0.999874	743	0	-0.46409
DYNC1LI2	4	0.5356	0.54526	0.999528	535	1	0.26385	0.40425	0.40987	0.999874	429	1	0.26385
GLIS3	4	0.53718	0.54659	0.999528	536	1	0.20936	0.084047	0.14124	0.94935	157	1	0.20936
PLCG1	4	0.53771	0.54694	0.999528	537	1	-0.17158	0.15733	0.22367	0.966695	239	1	-0.17158
TCERG1	4	0.53824	0.54734	0.999528	538	1	0.5895	0.070646	0.12203	0.934158	135	2	0.5895
XYLT2	4	0.54138	0.54994	0.999528	539	1	0.11377	0.85519	0.85663	0.999874	887	0	0.11377
ALG14	4	0.54243	0.55077	0.999528	540	1	0.33588	0.065812	0.11485	0.934158	125	2	0.33588
VPS26B	4	0.54504	0.553	0.999528	541	1	-0.28369	0.38034	0.38982	0.999874	414	1	-0.28369
ATOH1	4	0.54555	0.5534	0.999528	542	1	-0.121	0.61359	0.61262	0.999874	626	0	-0.121
BRD8	4	0.54607	0.55392	0.999528	543	1	0.11614	0.72718	0.7269	0.999874	746	0	0.11614
SPATA21	4	0.54659	0.5544	0.999528	544	1	0.23837	0.70152	0.701	0.999874	720	0	0.23837
CTPS2	4	0.54763	0.55532	0.999528	545	1	0.013581	0.35302	0.36757	0.992991	394	1	0.013581
SPOP	4	0.54918	0.55653	0.999528	546	1	-0.18752	0.50587	0.50474	0.999874	527	1	-0.18752
DDX17	4	0.55073	0.55784	0.999528	547	1	-0.14774	0.25739	0.29309	0.977216	314	1	-0.14774
LHFPL5	4	0.55176	0.55875	0.999528	548	1	-0.062686	0.47473	0.47466	0.999874	500	1	-0.062686
DGKZ	3	0.55196	0.55042	0.999528	549	0	-0.5251	0.82869	0.82906	0.999874	865	0	-0.5251
TNR	4	0.55227	0.55915	0.999528	550	1	-0.53722	0.70491	0.70425	0.999874	722	0	-0.53722
ABL1	4	0.55279	0.55968	0.999528	551	1	0.18104	0.24682	0.2857	0.977216	305	1	0.18104
GALNT2	4	0.55381	0.56057	0.999528	552	1	0.52004	0.57692	0.57701	0.999874	595	0	0.52004
GOLT1B	4	0.55432	0.56105	0.999528	553	1	0.30193	0.79831	0.79973	0.999874	838	0	0.30193
TMEM120B	4	0.55535	0.56209	0.999528	554	1	-0.12524	0.42807	0.43127	0.999874	450	1	-0.12524
NETO2	4	0.55637	0.56313	0.999528	555	1	0.45995	0.40488	0.41061	0.999874	430	1	0.45995
LNX2	4	0.5579	0.56441	0.999528	556	1	0.36506	0.18987	0.24626	0.972149	264	1	0.36506
EPC1	4	0.55841	0.56501	0.999528	557	1	-0.033797	0.5915	0.59146	0.999874	609	0	-0.033797
FLNB	4	0.55942	0.56601	0.999528	558	1	0.23225	0.36044	0.37341	0.994803	398	1	0.23225
KCNT1	4	0.56297	0.56912	0.999528	559	1	-0.003272	0.79633	0.79778	0.999874	834	0	-0.003272
SHCBP1L	4	0.56498	0.57085	0.999528	560	1	-0.10716	0.75082	0.75078	0.999874	771	0	-0.10716
MYL7	4	0.56598	0.57152	0.999528	561	1	-0.0097332	0.79346	0.79478	0.999874	830	0	-0.0097332
CCDC69	4	0.56649	0.572	0.999528	562	1	0.054668	0.11956	0.19342	0.966695	201	1	0.054668
PUM1	4	0.56699	0.57251	0.999528	563	1	-0.15459	0.87423	0.87502	0.999874	905	0	-0.15459
KCNG4	4	0.56749	0.57307	0.999528	564	1	0.25018	0.77627	0.77727	0.999874	803	0	0.25018
CHSY1	4	0.56799	0.57354	0.999528	565	1	0.12701	0.037481	0.073294	0.872121	89	1	0.12701
FAM126B	4	0.57198	0.57705	0.999528	566	1	-0.25528	0.85409	0.85558	0.999874	883	0	-0.25528
ABL2	4	0.57247	0.57753	0.999528	567	1	-0.27029	0.96092	0.96153	0.999874	998	0	-0.27029
SEPHS1	3	0.57345	0.57242	0.999528	568	0	-0.023374	0.82209	0.82199	0.999874	856	0	-0.023374
SAMD4A	4	0.57396	0.5787	0.999528	569	1	0.097916	0.068124	0.11828	0.934158	129	1	0.097916
KRT37	4	0.57544	0.57982	0.999528	570	1	0.35413	0.48394	0.48357	0.999874	505	1	0.35413
PMM2	4	0.57643	0.58067	0.999528	571	1	0.33093	0.053078	0.0965	0.934158	108	2	0.33093
TRAPPC3L	4	0.57692	0.58109	0.999528	572	1	0.72805	0.024426	0.053137	0.820876	66	2	0.72805
TOMM20	3	0.57902	0.57778	0.999528	573	0	0.65288	0.46295	0.46144	0.999874	485	0	0.65288
TBP	4	0.57938	0.58328	0.999528	574	1	-0.038828	0.90127	0.90142	0.999874	934	0	-0.038828
POU4F2	4	0.57987	0.58368	0.999528	575	1	0.32494	0.085672	0.14343	0.94935	160	2	0.32494
HEATR5A	4	0.58036	0.58414	0.999528	576	1	0.044435	0.1794	0.23878	0.972149	255	1	0.044435
ESRP2	4	0.58085	0.58455	0.999528	577	1	0.22172	0.37508	0.38552	0.998197	409	1	0.22172
GRM4	4	0.58183	0.58529	0.999528	578	1	-0.24255	0.041124	0.078754	0.907475	91	1	-0.24255
IPO8	4	0.58378	0.58713	0.999528	579	1	0.49812	0.25889	0.29414	0.977216	316	1	0.49812
YIF1A	4	0.58572	0.58899	0.999528	580	1	-0.3506	0.034741	0.06904	0.856378	85	1	-0.3506
CSTF2	4	0.5862	0.58941	0.999528	581	1	0.23519	0.68567	0.68487	0.999874	703	0	0.23519
RIC8B	4	0.58717	0.59034	0.999528	582	1	-0.14247	0.41437	0.41897	0.999874	438	1	-0.14247
SHMT2	4	0.58765	0.59089	0.999528	583	1	0.67179	0.070792	0.12224	0.934158	136	2	0.67179
CAP1	4	0.58862	0.59162	0.999528	584	1	-0.23283	0.17128	0.23343	0.966695	251	1	-0.23283
GMPR	4	0.58958	0.59241	0.999528	585	1	0.69323	0.03512	0.069545	0.856378	86	2	0.69323
HNRNPH3	4	0.59054	0.59321	0.999528	586	1	-0.47633	0.82714	0.82912	0.999874	862	0	-0.47633
STRADA	4	0.59102	0.59376	0.999528	587	1	-0.33197	0.36446	0.37669	0.994803	400	1	-0.33197
RPL27A	2	0.59146	0.59061	0.999528	588	0	0.29613	0.2335	0.23437	0.966695	299	1	0.29613
CAND1	4	0.5915	0.59412	0.999528	589	1	-0.43303	0.97604	0.97611	0.999874	1013	0	-0.43303
USP5	4	0.59198	0.59444	0.999528	590	1	0.14459	0.28552	0.31384	0.97867	334	1	0.14459
LSM14B	4	0.5939	0.59613	0.999528	591	1	0.15226	0.73662	0.73617	0.999874	757	0	0.15226
DUOX2	4	0.59723	0.59906	0.999528	592	1	-0.362	0.8915	0.89176	0.999874	928	0	-0.362
RPRD1B	4	0.59818	0.59981	0.999528	593	1	0.040719	0.71712	0.71634	0.999874	736	0	0.040719
POLR2A	4	0.59913	0.60072	0.999528	594	1	0.035094	0.54138	0.54043	0.999874	559	0	0.035094
GPSM1	4	0.60007	0.60166	0.999528	595	1	-0.091327	0.738	0.73763	0.999874	760	0	-0.091327
SOAT1	4	0.60101	0.60236	0.999528	596	1	-0.21083	0.94914	0.94928	0.999874	986	0	-0.21083
GABPB2	4	0.60148	0.60276	0.999528	597	1	0.13946	0.43728	0.43993	0.999874	458	1	0.13946
NCBP2L	4	0.6029	0.60397	0.999528	598	1	-0.38088	0.97433	0.97446	0.999874	1011	0	-0.38088
NKAPL	4	0.60383	0.60481	0.999528	599	1	-0.33909	0.44637	0.44843	0.999874	466	1	-0.33909
SMARCC1	4	0.6043	0.60526	0.999528	600	1	-0.27031	0.52172	0.52085	0.999874	542	0	-0.27031
LIF	4	0.60477	0.60564	0.999528	601	1	0.64114	0.045088	0.084878	0.907475	98	2	0.64114
SEC14L3	4	0.60664	0.60723	0.999528	602	1	0.060151	0.44878	0.45061	0.999874	469	1	0.060151
GPR183	4	0.6071	0.60764	0.999528	603	1	0.48587	0.45891	0.46012	0.999874	480	1	0.48587
BUB1B	4	0.60757	0.60811	0.999528	604	1	0.18152	0.031996	0.064917	0.856378	79	1	0.18152
CCNL2	4	0.60804	0.60852	0.999528	605	1	-0.48263	0.84847	0.85034	0.999874	877	0	-0.48263
CLTA	4	0.61036	0.61074	0.999528	606	1	-0.078432	0.63211	0.63127	0.999874	643	0	-0.078432
MED8	4	0.61174	0.61187	0.999528	607	1	0.1499	0.42745	0.43072	0.999874	449	1	0.1499
CLTCL1	4	0.61267	0.61266	0.999528	608	1	0.4512	0.54659	0.54573	0.999874	565	0	0.4512
PFAS	4	0.61313	0.61308	0.999528	609	1	0.14576	0.057393	0.1027	0.934158	113	2	0.14576
TAF1	4	0.61359	0.61354	0.999528	610	1	-0.17621	0.43544	0.4382	0.999874	456	1	-0.17621
TUFM	3	0.61399	0.61402	0.999528	611	0	-0.0016867	0.82999	0.83021	0.999874	868	0	-0.0016867
EIF3L	4	0.61405	0.61386	0.999528	612	1	-0.3191	0.95609	0.9567	0.999874	994	0	-0.3191
EPC2	4	0.61542	0.61508	0.999528	613	1	0.25767	0.44697	0.44898	0.999874	467	1	0.25767
L3MBTL2	4	0.6168	0.61634	0.999528	614	1	0.15548	0.42312	0.42702	0.999874	446	1	0.15548
CAND2	4	0.61725	0.61684	0.999528	615	1	-0.23714	0.87042	0.87095	0.999874	902	0	-0.23714
RPA1	4	0.61817	0.61785	0.999528	616	1	0.15558	0.56598	0.56608	0.999874	585	0	0.15558
KCNT2	4	0.61999	0.61956	0.999528	617	1	0.081516	0.51738	0.5162	0.999874	537	0	0.081516
XDH	4	0.6209	0.62037	0.999528	618	1	0.22238	0.63078	0.63009	0.999874	641	0	0.22238
JUP	4	0.62135	0.62078	0.999528	619	1	0.23529	0.30787	0.3306	0.97867	354	1	0.23529
ABCB1	4	0.6218	0.62132	0.999528	620	1	0.2664	0.47646	0.47612	0.999874	501	1	0.2664
PLAU	4	0.62271	0.62234	0.999528	621	1	0.20001	0.29856	0.32338	0.97867	346	1	0.20001
RHBDF2	4	0.62406	0.6236	0.999528	622	1	-0.054292	0.046571	0.087066	0.911619	101	1	-0.054292
UTP14A	4	0.62631	0.62574	0.999528	623	1	-0.15438	0.20815	0.25851	0.972149	279	1	-0.15438
TUBB4B	8	0.62646	0.7261	0.999528	624	1	0.088031	0.98015	0.98033	0.999874	1020	0	0.088031
GOLPH3	4	0.62721	0.62668	0.999528	625	1	-0.24502	0.9538	0.95438	0.999874	991	0	-0.24502
ELL2	4	0.62765	0.62709	0.999528	626	1	0.57199	0.092739	0.1539	0.95961	168	2	0.57199
RPS5	4	0.63033	0.62977	0.999528	627	1	-0.09856	0.87304	0.87371	0.999874	903	0	-0.09856
SERPINA11	4	0.63078	0.63021	0.999528	628	1	0.42071	0.10418	0.17123	0.966695	183	2	0.42071
CDC34	4	0.63166	0.63096	0.999528	629	1	-0.32527	0.90819	0.90835	0.999874	946	0	-0.32527
CD163L1	4	0.63255	0.63175	0.999528	630	1	0.23287	0.070388	0.12166	0.934158	134	2	0.23287
TIMM10	4	0.6352	0.63435	0.999528	631	1	-0.50242	0.16145	0.22663	0.966695	243	1	-0.50242
HNRNPK	4	0.63652	0.63563	0.999528	632	1	0.021244	0.56849	0.56886	0.999874	588	0	0.021244
CDK16	4	0.63696	0.63594	0.999528	633	1	-0.317	0.23997	0.28106	0.977216	303	1	-0.317
GYS2	4	0.63828	0.63734	0.999528	634	1	-0.32998	0.97934	0.97936	0.999874	1018	0	-0.32998
FRS2	4	0.63871	0.63782	0.999528	635	1	-0.20242	0.73316	0.73262	0.999874	753	0	-0.20242
PTPN14	4	0.63915	0.63823	0.999528	636	1	0.83579	0.04466	0.084252	0.907475	96	2	0.83579
TIRAP	4	0.63959	0.6386	0.999528	637	1	0.12743	0.69579	0.6951	0.999874	714	0	0.12743
LONP1	4	0.64046	0.63944	0.999528	638	1	0.95116	0.022497	0.050173	0.820876	61	2	0.95116
SAMD4B	4	0.6422	0.64122	0.999528	639	1	-0.43325	0.65463	0.65387	0.999874	664	0	-0.43325
CALY	4	0.64264	0.64184	0.999528	640	1	-0.16779	0.52977	0.529	0.999874	552	0	-0.16779
RNF20	4	0.64307	0.64232	0.999528	641	1	0.31877	0.18425	0.24248	0.972149	259	1	0.31877
ITSN1	4	0.64523	0.64475	0.999528	642	0	0.33875	0.14237	0.21403	0.966695	225	1	0.33875
VRTN	4	0.64566	0.64524	0.999528	643	0	0.37724	0.074295	0.12718	0.934158	143	2	0.37724
CHRNB3	4	0.64652	0.64606	0.999528	644	0	-0.34823	0.89809	0.8984	0.999874	932	0	-0.34823
ZAP70	4	0.64995	0.64928	0.999528	645	0	-0.16066	0.48736	0.48661	0.999874	507	1	-0.16066
TOP2A	4	0.65038	0.64973	0.999528	646	0	-0.21548	0.85804	0.85948	0.999874	890	0	-0.21548
TAS1R2	4	0.65166	0.65112	0.999528	647	0	0.26923	0.1306	0.20605	0.966695	215	1	0.26923
CRK	4	0.65294	0.65239	0.999528	648	0	0.8045	0.056097	0.10088	0.934158	111	2	0.8045
TTC7B	4	0.65336	0.65293	0.999528	649	0	1.0651	0.0074669	0.020096	0.713296	28	3	1.0651
ZNRF4	4	0.65548	0.65467	0.999528	650	0	-0.26249	0.70977	0.7091	0.999874	729	0	-0.26249
TNKS2	4	0.65758	0.65693	0.999528	651	0	0.077018	0.8223	0.82449	0.999874	857	0	0.077018
PDLIM5	4	0.65842	0.65773	0.999528	652	0	-0.35178	0.6559	0.65511	0.999874	665	0	-0.35178
DPCR1	4	0.65926	0.65859	0.999528	653	0	-0.045839	0.57742	0.57749	0.999874	596	0	-0.045839
CLIP4	4	0.6601	0.65935	0.999528	654	0	0.10362	0.47704	0.47669	0.999874	503	1	0.10362
PTPN6	4	0.66051	0.65971	0.999528	655	0	0.29347	0.62721	0.62652	0.999874	638	0	0.29347
STAM2	4	0.66093	0.66008	0.999528	656	0	0.37923	0.63871	0.6378	0.999874	649	0	0.37923
EIF4A3	4	0.66218	0.66144	0.999528	657	0	0.18882	0.75867	0.75885	0.999874	783	0	0.18882
RBM22	4	0.66343	0.66257	0.999528	658	0	-0.034338	0.82914	0.83096	0.999874	866	0	-0.034338
ISL1	4	0.66384	0.66296	0.999528	659	0	-0.36606	0.87463	0.87538	0.999874	906	0	-0.36606
GBX2	4	0.66508	0.66427	0.999528	660	0	-0.0081688	0.34212	0.35848	0.988616	385	1	-0.0081688
CYFIP1	4	0.6655	0.66461	0.999528	661	0	0.25978	0.29206	0.3187	0.97867	342	1	0.25978
KRTAP10-10	4	0.66632	0.6654	0.999528	662	0	0.0057021	0.23076	0.27447	0.97389	297	1	0.0057021
CAB39L	4	0.66673	0.66596	0.999528	663	0	-0.43264	0.95014	0.95043	0.999874	987	0	-0.43264
RPS28	2	0.66737	0.66647	0.999528	664	0	-0.061965	0.75699	0.7564	0.999874	779	0	-0.061965
PUM2	4	0.66756	0.66672	0.999528	665	0	-0.041793	0.58183	0.58167	0.999874	601	0	-0.041793
MORF4L1	3	0.66765	0.66723	0.999528	666	0	0.709	0.33431	0.33631	0.97867	380	1	0.709
FAM50B	4	0.66838	0.66762	0.999528	667	0	-0.17608	0.85475	0.85624	0.999874	886	0	-0.17608
ARFGEF2	4	0.66879	0.66802	0.999528	668	0	-0.24137	0.85934	0.86058	0.999874	891	0	-0.24137
PTPN11	4	0.6692	0.66839	0.999528	669	0	-0.1795	0.57889	0.57891	0.999874	598	0	-0.1795
STT3B	4	0.67042	0.66949	0.999528	670	0	-0.21577	0.4225	0.42641	0.999874	445	1	-0.21577
DNAJC15	4	0.67165	0.67073	0.999528	671	0	0.12407	0.12721	0.20404	0.966695	212	1	0.12407
BICD2	4	0.67246	0.67165	0.999528	672	0	0.18679	0.41562	0.42004	0.999874	440	1	0.18679
MTMR3	4	0.67327	0.67238	0.999528	673	0	-0.35852	0.3269	0.34601	0.980317	374	1	-0.35852
TIMM23	4	0.67368	0.67281	0.999528	674	0	0.0048968	0.55484	0.55437	0.999874	575	0	0.0048968
LRFN1	4	0.67408	0.67319	0.999528	675	0	0.12555	0.81972	0.82176	0.999874	854	0	0.12555
ZNF423	4	0.67449	0.67364	0.999528	676	0	0.24777	0.18586	0.2436	0.972149	261	1	0.24777
PSMA2	4	0.6753	0.6745	0.999528	677	0	0.6886	0.034164	0.068311	0.856378	82	2	0.6886
JAG2	4	0.67771	0.67679	0.999528	678	0	0.046764	0.3192	0.33968	0.980158	368	1	0.046764
MRGPRX2	4	0.67851	0.67765	0.999528	679	0	-0.20977	0.9226	0.92268	0.999874	959	0	-0.20977
SOS1	4	0.67931	0.67839	0.999528	680	0	-0.14334	0.47241	0.47259	0.999874	498	1	-0.14334
TLN1	4	0.68011	0.67923	0.999528	681	0	0.14693	0.1041	0.17113	0.966695	182	1	0.14693
ERC1	4	0.68091	0.68001	0.999528	682	0	0.16769	0.45058	0.45212	0.999874	472	1	0.16769
NUMBL	4	0.68131	0.68041	0.999528	683	0	0.43806	0.098898	0.16341	0.966695	178	1	0.43806
SEC23B	4	0.6825	0.68155	0.999528	684	0	-0.033545	0.41374	0.41835	0.999874	437	1	-0.033545
DDX5	4	0.6829	0.68196	0.999528	685	0	-0.051653	0.2269	0.27204	0.97389	292	1	-0.051653
STX7	4	0.6833	0.68233	0.999528	686	0	0.43782	0.042034	0.080222	0.907475	93	1	0.43782
IRF4	4	0.68527	0.68444	0.999528	687	0	-0.37002	0.21835	0.26574	0.97389	287	1	-0.37002
SIX6	4	0.68803	0.68737	0.999528	688	0	0.30301	0.19227	0.24774	0.972149	266	1	0.30301
MT2A	4	0.68842	0.68786	0.999528	689	0	0.5119	0.081408	0.13735	0.94935	153	1	0.5119
NAA16	4	0.68881	0.68826	0.999528	690	0	-0.44876	0.35977	0.3729	0.994803	397	1	-0.44876
HRH1	4	0.6892	0.68869	0.999528	691	0	0.16753	0.21365	0.26217	0.972149	285	1	0.16753
EAF2	4	0.68959	0.68896	0.999528	692	0	0.46287	0.51847	0.51736	0.999874	539	0	0.46287
ASF1A	4	0.68998	0.68937	0.999528	693	0	0.0099025	0.66176	0.66091	0.999874	671	0	0.0099025
TBR1	4	0.69076	0.68998	0.999528	694	0	-0.24033	0.97086	0.97103	0.999874	1006	0	-0.24033
NETO1	4	0.69115	0.69037	0.999528	695	0	0.48626	0.15153	0.21993	0.966695	233	1	0.48626
ATP6V1B1	4	0.69193	0.69127	0.999528	696	0	0.0027538	0.7847	0.78575	0.999874	819	0	0.0027538
RPL3L	4	0.6927	0.69217	0.999528	697	0	0.10745	0.8118	0.81398	0.999874	849	0	0.10745
ZNF185	4	0.69617	0.69555	0.999528	698	0	-0.30392	0.38622	0.3948	0.999874	419	1	-0.30392
EXOC6B	4	0.69656	0.69596	0.999528	699	0	0.10071	0.66343	0.66257	0.999874	675	0	0.10071
CADPS	4	0.69694	0.69639	0.999528	700	0	-0.056003	0.079645	0.13489	0.946004	151	1	-0.056003
PTTG1	3	0.69714	0.69758	0.999528	701	0	0.090347	0.7732	0.77401	0.999874	799	0	0.090347
CFL1	4	0.69732	0.69676	0.999528	702	0	-0.1886	0.75673	0.75686	0.999874	778	0	-0.1886
ATAD2	4	0.69885	0.69821	0.999528	703	0	-0.33059	0.3985	0.40506	0.999874	425	1	-0.33059
AKAP11	4	0.70341	0.70293	0.999528	704	0	-0.14771	0.869	0.86959	0.999874	901	0	-0.14771
NBEAL1	4	0.70378	0.70326	0.999528	705	0	-0.086578	0.90193	0.90204	0.999874	936	0	-0.086578
SMARCC2	4	0.70491	0.70425	0.999528	706	0	-0.035472	0.40234	0.40807	0.999874	428	1	-0.035472
ATAD2B	4	0.70529	0.70452	0.999528	707	0	-0.11269	0.79718	0.79859	0.999874	836	0	-0.11269
HMGCL	4	0.70604	0.70523	0.999528	708	0	0.028251	0.19627	0.25035	0.972149	270	1	0.028251
ERC2	4	0.70641	0.70556	0.999528	709	0	-0.0091629	0.26487	0.29861	0.977216	322	1	-0.0091629
FBLN1	4	0.70754	0.70667	0.999528	710	0	0.42371	0.12018	0.19439	0.966695	202	2	0.42371
UAP1L1	4	0.70977	0.7091	0.999528	711	0	-0.22176	0.9191	0.91891	0.999874	954	0	-0.22176
SCN10A	4	0.71125	0.71058	0.999528	712	0	0.050617	0.50421	0.50309	0.999874	525	1	0.050617
BICD1	4	0.71346	0.71278	0.999528	713	0	-0.44241	0.4992	0.4981	0.999874	520	1	-0.44241
HMG20B	4	0.71457	0.71384	0.999528	714	0	0.013934	0.22612	0.27136	0.97389	291	1	0.013934
CLTB	4	0.71493	0.71427	0.999528	715	0	-0.16338	0.21757	0.26512	0.97389	286	1	-0.16338
GXYLT2	4	0.71603	0.71534	0.999528	716	0	-0.21652	0.82964	0.83161	0.999874	867	0	-0.21652
RALGPS1	4	0.71821	0.7175	0.999528	717	0	-0.11266	0.82739	0.82934	0.999874	863	0	-0.11266
ZIC3	4	0.7193	0.71859	0.999528	718	0	0.19734	0.3262	0.34544	0.980317	373	1	0.19734
MED12L	4	0.71966	0.71902	0.999528	719	0	0.57442	0.020791	0.047443	0.820876	57	2	0.57442
ERH	4	0.72183	0.72122	0.999528	720	0	0.028912	0.70865	0.70789	0.999874	728	0	0.028912
DEGS1	4	0.72505	0.72474	0.999528	721	0	-0.055843	0.76634	0.76694	0.999874	793	0	-0.055843
SMARCA1	4	0.7254	0.72514	0.999528	722	0	0.002402	0.35099	0.36592	0.992644	392	1	0.002402
HACD1	4	0.72576	0.7255	0.999528	723	0	0.46583	0.096789	0.16005	0.966695	172	2	0.46583
DCAF8L1	4	0.72718	0.7269	0.999528	724	0	0.16876	0.16555	0.22941	0.966695	246	1	0.16876
AXL	4	0.7286	0.72828	0.999528	725	0	0.20749	0.6825	0.68155	0.999874	697	0	0.20749
NRBP1	4	0.73	0.72974	0.999528	726	0	0.38778	0.31284	0.33482	0.97867	360	1	0.38778
NHLRC1	4	0.73071	0.73042	0.999528	727	0	0.70235	0.11955	0.19341	0.966695	200	2	0.70235
MYBPHL	4	0.73176	0.73132	0.999528	728	0	0.33011	0.56297	0.56315	0.999874	584	0	0.33011
TMEM9B	4	0.73281	0.73225	0.999528	729	0	0.6068	0.033785	0.067694	0.856378	81	2	0.6068
GRHL3	4	0.73316	0.73262	0.999528	730	0	-0.069432	0.73731	0.73693	0.999874	758	0	-0.069432
ZFYVE19	4	0.7335	0.7331	0.999528	731	0	0.38181	0.087629	0.14657	0.958104	162	2	0.38181
SMARCA4	4	0.73489	0.73468	0.999528	732	0	-0.11593	0.41688	0.42109	0.999874	441	1	-0.11593
MYH7	4	0.73593	0.73556	0.999528	733	0	-0.13324	0.90534	0.90538	0.999874	942	0	-0.13324
FZR1	4	0.73662	0.73617	0.999528	734	0	0.11169	0.50087	0.49967	0.999874	522	1	0.11169
PLXDC2	4	0.738	0.73763	0.999528	735	0	-0.15185	0.72147	0.7208	0.999874	741	0	-0.15185
TYROBP	4	0.73835	0.73801	0.999528	736	0	0.57788	0.064315	0.11296	0.934158	123	2	0.57788
ASCL1	4	0.73903	0.73871	0.999528	737	0	0.28807	0.53981	0.53901	0.999874	558	0	0.28807
DST	4	0.73972	0.73937	0.999528	738	0	0.14529	0.80611	0.8078	0.999874	846	0	0.14529
IL10RA	4	0.7404	0.73997	0.999528	739	0	0.090966	0.72039	0.71975	0.999874	739	0	0.090966
GFM1	4	0.74108	0.74063	0.999528	740	0	0.27144	0.31708	0.33824	0.97867	367	1	0.27144
NUTF2	4	0.74278	0.7423	0.999528	741	0	0.26518	0.098544	0.16284	0.966695	176	2	0.26518
KCNMB3	4	0.74312	0.74262	0.999528	742	0	0.32928	0.12176	0.19683	0.966695	206	2	0.32928
TSPO2	4	0.74346	0.743	0.999528	743	0	-0.20662	0.68998	0.68937	0.999874	710	0	-0.20662
MRPL55	4	0.74413	0.74361	0.999528	744	0	-0.29375	0.96042	0.961	0.999874	997	0	-0.29375
SPATA16	4	0.74548	0.74488	0.999528	745	0	-0.029162	0.65926	0.65859	0.999874	669	0	-0.029162
MAP4K4	4	0.74582	0.7453	0.999528	746	0	-0.27443	0.63959	0.63858	0.999874	650	0	-0.27443
MORF4L2	4	0.74616	0.7456	0.999528	747	0	0.09583	0.87679	0.87754	0.999874	909	0	0.09583
ADSSL1	4	0.74649	0.74605	0.999528	748	0	0.35979	0.25514	0.29153	0.977216	312	1	0.35979
RNF125	4	0.74783	0.74752	0.999528	749	0	-0.31914	0.28187	0.31103	0.97867	332	1	-0.31914
AP3M1	4	0.74816	0.74781	0.999528	750	0	0.073877	0.433	0.43582	0.999874	454	1	0.073877
GNB3	4	0.7485	0.74816	0.999528	751	0	0.49836	0.050188	0.092535	0.93148	105	2	0.49836
TUBB2B	2	0.74859	0.74812	0.999528	752	0	0.54219	0.14347	0.15123	0.95961	227	1	0.54219
SLC22A13	4	0.7495	0.74937	0.999528	753	0	0.096543	0.31	0.33233	0.97867	356	1	0.096543
NAA11	4	0.74983	0.7497	0.999528	754	0	0.1157	0.59533	0.59504	0.999874	612	0	0.1157
NR2E1	4	0.75082	0.75078	0.999528	755	0	0.78166	0.062095	0.10964	0.934158	121	2	0.78166
SRI	4	0.75115	0.75122	0.999528	756	0	-0.13255	0.43606	0.43885	0.999874	457	1	-0.13255
LGALS9	4	0.75181	0.7518	0.999528	757	0	-0.10766	0.9016	0.90173	0.999874	935	0	-0.10766
IL6ST	4	0.75247	0.75252	0.999528	758	0	0.018128	0.72647	0.72617	0.999874	745	0	0.018128
PACS2	4	0.75346	0.75349	0.999528	759	0	-0.17145	0.40742	0.41277	0.999874	432	1	-0.17145
UNC119	4	0.75412	0.75432	0.999528	760	0	0.57785	0.044758	0.084392	0.907475	97	2	0.57785
HRAS	4	0.75543	0.75561	0.999528	761	0	0.22168	0.14987	0.21874	0.966695	231	1	0.22168
IDH1	4	0.75575	0.75592	0.999528	762	0	0.079112	0.55535	0.55498	0.999874	577	0	0.079112
RANBP17	4	0.7564	0.75652	0.999528	763	0	-0.073671	0.1507	0.21934	0.966695	232	1	-0.073671
TAMM41	4	0.75705	0.75715	0.999528	764	0	0.27138	0.62676	0.6261	0.999874	637	0	0.27138
KRTAP1-1	4	0.75803	0.75821	0.999528	765	0	0.92747	0.0088125	0.023313	0.713296	33	3	0.92747
PEF1	4	0.75867	0.75885	0.999528	766	0	-0.16328	0.67408	0.67319	0.999874	689	0	-0.16328
RPA3	4	0.75932	0.75947	0.999528	767	0	-0.13003	0.87324	0.87396	0.999874	904	0	-0.13003
TBC1D4	4	0.76029	0.76069	0.999528	768	0	0.23143	0.04385	0.083102	0.907475	94	1	0.23143
SEC11A	4	0.76253	0.76318	0.999528	769	0	-0.0059705	0.56749	0.56784	0.999874	587	0	-0.0059705
BATF3	4	0.76349	0.76411	0.999528	770	0	-0.059457	0.12041	0.19466	0.966695	203	1	-0.059457
PSEN1	4	0.76507	0.76562	0.999528	771	0	0.12197	0.33731	0.35439	0.985045	382	1	0.12197
CRNN	4	0.76571	0.76635	0.999528	772	0	-0.33814	0.75932	0.75947	0.999874	784	0	-0.33814
LIMK2	4	0.76602	0.76666	0.999528	773	0	0.22874	0.68959	0.68896	0.999874	709	0	0.22874
LRBA	4	0.76697	0.76768	0.999528	774	0	0.44812	0.077213	0.13152	0.934158	149	2	0.44812
PDX1	4	0.76728	0.76808	0.999528	775	0	0.63776	0.007022	0.018872	0.713296	26	2	0.63776
ERN1	4	0.76823	0.76902	0.999528	776	0	-0.024791	0.42684	0.43017	0.999874	448	1	-0.024791
FSD1	4	0.76854	0.76934	0.999528	777	0	0.3041	0.48906	0.48832	0.999874	511	1	0.3041
ARHGEF3	4	0.76916	0.77	0.999528	778	0	0.55227	0.46128	0.46223	0.999874	483	1	0.55227
MCPH1	4	0.77041	0.77125	0.999528	779	0	-0.22539	0.93536	0.93559	0.999874	974	0	-0.22539
SYK	4	0.77135	0.7721	0.999528	780	0	0.23799	0.25589	0.29204	0.977216	313	1	0.23799
SPDEF	4	0.77228	0.77315	0.999528	781	0	0.25144	0.072201	0.12437	0.934158	139	2	0.25144
RPRD1A	4	0.77443	0.77548	0.999528	782	0	0.10458	0.09716	0.1607	0.966695	173	1	0.10458
TRPC5	4	0.77505	0.77599	0.999528	783	0	0.010998	0.7781	0.7792	0.999874	806	0	0.010998
MED12	4	0.77627	0.77727	0.999528	784	0	0.16977	0.23153	0.27497	0.97389	298	1	0.16977
PLCG2	4	0.77688	0.77792	0.999528	785	0	0.46801	0.28698	0.31491	0.97867	335	1	0.46801
IKBKB	4	0.77719	0.77827	0.999528	786	0	0.62361	0.41938	0.4234	0.999874	443	1	0.62361
PXDNL	4	0.77749	0.77848	0.999528	787	0	-0.094662	0.92342	0.92339	0.999874	960	0	-0.094662
ARFIP1	4	0.7781	0.7792	0.999528	788	0	0.12666	0.31142	0.33359	0.97867	358	1	0.12666
LARP1B	4	0.7787	0.77981	0.999528	789	0	-0.057049	0.44757	0.44949	0.999874	468	1	-0.057049
SLC25A37	4	0.77931	0.78057	0.999528	790	0	0.37855	0.44516	0.44722	0.999874	464	1	0.37855
CDK8	4	0.77991	0.78127	0.999528	791	0	-0.17334	0.86423	0.86526	0.999874	897	0	-0.17334
COPG2	4	0.78082	0.78203	0.999528	792	0	0.054742	0.073454	0.12614	0.934158	142	1	0.054742
SMAP2	4	0.78411	0.78518	0.999528	793	0	0.67501	0.03687	0.072303	0.870106	88	2	0.67501
RSPH1	4	0.78589	0.78675	0.999528	794	0	0.36585	0.52118	0.52034	0.999874	541	0	0.36585
DYNLT1	4	0.78706	0.78789	0.999528	795	0	0.5445	0.36912	0.3808	0.997159	402	1	0.5445
PPP3R1	4	0.78765	0.78848	0.999528	796	0	0.14707	0.67971	0.67878	0.999874	694	0	0.14707
SLC22A8	4	0.78912	0.79002	0.999528	797	0	-0.14502	0.50808	0.50711	0.999874	529	1	-0.14502
KPNA3	4	0.7897	0.79069	0.999528	798	0	0.12436	0.58523	0.58525	0.999874	605	0	0.12436
ARID1B	4	0.78999	0.79113	0.999528	799	0	0.30436	0.14738	0.21706	0.966695	229	1	0.30436
PDS5B	4	0.79057	0.79183	0.999528	800	0	-0.12906	0.18666	0.24406	0.972149	262	1	-0.12906
S100A6	4	0.79115	0.79234	0.999528	801	0	0.11934	0.021879	0.049089	0.820876	59	1	0.11934
RPL6	1	0.79172	0.79328	0.999528	802	0	0.6348	0.20828	0.20851	0.966695	280	0	0.6348
FOXK1	4	0.79231	0.79346	0.999528	803	0	0.12601	0.4385	0.44095	0.999874	460	1	0.12601
PTCH2	4	0.79318	0.79451	0.999528	804	0	-0.1572	0.68803	0.68737	0.999874	706	0	-0.1572
DGKI	4	0.79461	0.7959	0.999528	805	0	0.36532	0.26039	0.29512	0.977216	318	1	0.36532
SIK2	4	0.79519	0.79647	0.999528	806	0	-0.018447	0.38882	0.39665	0.999874	421	1	-0.018447
PCDH1	4	0.79547	0.79673	0.999528	807	0	0.23833	0.33038	0.34888	0.980394	376	1	0.23833
TAP1	4	0.79576	0.79703	0.999528	808	0	0.062513	0.54607	0.54516	0.999874	564	0	0.062513
EFNB1	4	0.79689	0.7983	0.999528	809	0	1.1357	0.0013889	0.0046981	0.713296	6	2	1.1357
ZNF34	4	0.79803	0.79948	0.999528	810	0	-0.00628	0.66838	0.66762	0.999874	683	0	-0.00628
PIP4P1	4	0.79859	0.80002	0.999528	811	0	-0.028653	0.9034	0.9034	0.999874	939	0	-0.028653
TRPM1	4	0.79916	0.8004	0.999528	812	0	0.53464	0.0059823	0.016385	0.713296	22	2	0.53464
EPHA2	4	0.80112	0.80218	0.999528	813	0	0.081457	0.74481	0.74426	0.999874	768	0	0.081457
PFN1	4	0.8014	0.8025	0.999528	814	0	0.4471	0.6352	0.63429	0.999874	646	0	0.4471
CAB39	4	0.80168	0.80287	0.999528	815	0	0.19678	0.32481	0.34438	0.980317	371	1	0.19678
SF1	4	0.8039	0.80533	0.999528	816	0	0.23868	0.62899	0.62835	0.999874	639	0	0.23868
KIAA0319	4	0.80418	0.80573	0.999528	817	0	0.22569	0.048381	0.089768	0.922955	103	1	0.22569
GMPR2	4	0.80473	0.80637	0.999528	818	0	0.050206	0.57198	0.57225	0.999874	590	0	0.050206
NXT2	4	0.80583	0.80747	0.999528	819	0	0.49345	0.66673	0.66596	0.999874	680	0	0.49345
ANKRD37	4	0.80638	0.80811	0.999528	820	0	0.13443	0.66797	0.66706	0.999874	682	0	0.13443
EXOC6	4	0.80665	0.80849	0.999528	821	0	-0.024676	0.076996	0.13132	0.934158	148	1	-0.024676
PXDN	4	0.80693	0.80874	0.999528	822	0	0.41466	0.097665	0.16152	0.966695	174	2	0.41466
GXYLT1	4	0.80965	0.81181	0.999528	823	0	-0.073015	0.7335	0.7331	0.999874	754	0	-0.073015
RRAGD	4	0.81153	0.81372	0.999528	824	0	0.41354	0.29134	0.31812	0.97867	341	1	0.41354
FXR2	4	0.8118	0.81398	0.999528	825	0	0.61585	0.020337	0.046555	0.820876	56	2	0.61585
KLF5	4	0.81261	0.81489	0.999528	826	0	0.31746	0.78589	0.78675	0.999874	820	0	0.31746
GSX1	4	0.81287	0.81518	0.999528	827	0	0.18818	0.57938	0.5794	0.999874	599	0	0.18818
STX4	4	0.81367	0.81594	0.999528	828	0	-0.011524	0.37045	0.38186	0.997159	404	1	-0.011524
CDK19	8	0.8138	0.82267	0.999528	829	1	0.16795	0.37496	0.50922	0.999874	408	2	0.16795
PSMC3	4	0.8142	0.81659	0.999528	830	0	0.074719	0.72111	0.72047	0.999874	740	0	0.074719
KAT6B	4	0.81527	0.81752	0.999528	831	0	0.086757	0.53296	0.53214	0.999874	553	0	0.086757
DDI1	8	0.81637	0.82437	0.999528	832	1	0.18281	0.011708	0.038571	0.816931	40	3	0.18281
ZDHHC13	4	0.81711	0.81941	0.999528	833	0	0.56333	0.069014	0.11971	0.934158	130	2	0.56333
GPSM2	4	0.81894	0.82115	0.999528	834	0	-0.09883	0.12806	0.20456	0.966695	213	1	-0.09883
SEPHS2	4	0.82076	0.82284	0.999528	835	0	0.20717	0.63564	0.63476	0.999874	647	0	0.20717
RPS15	2	0.82085	0.82031	0.999528	836	0	0.45207	0.31698	0.31568	0.97867	366	0	0.45207
WAS	4	0.82102	0.82311	0.999528	837	0	0.19803	0.46364	0.46458	0.999874	487	1	0.19803
PCGF1	4	0.82153	0.82358	0.999528	838	0	0.54577	0.26934	0.30175	0.977216	326	1	0.54577
RCBTB1	4	0.82307	0.82523	0.999528	839	0	0.98169	0.0036596	0.01056	0.713296	15	3	0.98169
SUV39H1	4	0.82333	0.82544	0.999528	840	0	0.22103	0.75803	0.75821	0.999874	782	0	0.22103
CDK17	4	0.8241	0.82605	0.999528	841	0	0.27522	0.33662	0.35392	0.985045	381	1	0.27522
HEATR5B	4	0.82435	0.82635	0.999528	842	0	0.027252	0.87737	0.87811	0.999874	911	0	0.027252
ATP6V1E1	3	0.82497	0.8252	0.999528	843	0	0.19024	0.48768	0.4859	0.999874	508	0	0.19024
TMEM30B	4	0.82537	0.82718	0.999528	844	0	0.65299	0.10298	0.16957	0.966695	181	2	0.65299
GYS1	4	0.82839	0.83036	0.999528	845	0	0.025379	0.37111	0.38229	0.997159	405	1	0.025379
CLDN4	4	0.82914	0.83096	0.999528	846	0	-0.13689	0.85739	0.8588	0.999874	889	0	-0.13689
PGLS	4	0.82939	0.83123	0.999528	847	0	0.50733	0.21051	0.26009	0.972149	282	1	0.50733
PRDM13	4	0.82964	0.83161	0.999528	848	0	0.56	0.33108	0.34938	0.980394	377	1	0.56
CHMP1A	4	0.83014	0.83216	0.999528	849	0	0.14047	0.68131	0.68041	0.999874	695	0	0.14047
TCF4	4	0.83038	0.83241	0.999528	850	0	0.24316	0.64566	0.64524	0.999874	655	0	0.24316
NBEAL2	4	0.83236	0.83435	0.999528	851	0	0.63439	0.51575	0.51472	0.999874	534	0	0.63439
AP1G1	4	0.83261	0.83462	0.999528	852	0	0.24592	0.65378	0.65323	0.999874	663	0	0.24592
ZMIZ2	4	0.83359	0.83541	0.999528	853	0	0.011593	0.658	0.65735	0.999874	666	0	0.011593
HTR3D	4	0.83383	0.83567	0.999528	854	0	0.29992	0.2042	0.25565	0.972149	276	1	0.29992
RYBP	3	0.83385	0.83446	0.999528	855	0	0.17996	0.197	0.2189	0.966695	271	1	0.17996
CRYBB2	4	0.83408	0.83591	0.999528	856	0	0.31492	0.49415	0.49332	0.999874	517	1	0.31492
UNC45B	4	0.83456	0.83633	0.999528	857	0	0.067028	0.33177	0.34994	0.980394	378	1	0.067028
TCF12	4	0.83698	0.83857	0.999528	858	0	0.009854	0.77351	0.77456	0.999874	800	0	0.009854
OGDHL	4	0.83747	0.83916	0.999528	859	0	0.05173	0.68409	0.68312	0.999874	699	0	0.05173
MYCN	4	0.8389	0.84074	0.999528	860	0	0.36493	0.57247	0.57286	0.999874	591	0	0.36493
RANBP6	3	0.83953	0.8401	0.999528	861	0	0.044442	0.18539	0.21	0.966695	260	1	0.044442
MAT1A	4	0.83962	0.84141	0.999528	862	0	0.1963	0.11785	0.19069	0.966695	196	1	0.1963
TEX45	4	0.83986	0.84169	0.999528	863	0	0.17072	0.86041	0.86155	0.999874	893	0	0.17072
DMXL1	4	0.84033	0.84215	0.999528	864	0	0.24389	0.11271	0.18354	0.966695	189	1	0.24389
CPS1	4	0.84057	0.84236	0.999528	865	0	-0.08996	0.87502	0.87579	0.999874	907	0	-0.08996
FAM50A	4	0.84222	0.8441	0.999528	866	0	0.61899	0.44577	0.44785	0.999874	465	1	0.61899
YIPF7	4	0.84269	0.84462	0.999528	867	0	0.13879	0.4175	0.42163	0.999874	442	1	0.13879
ANKRD10	4	0.84292	0.84481	0.999528	868	0	0.13577	0.45177	0.45329	0.999874	473	1	0.13577
ABTB2	4	0.84362	0.84565	0.999528	869	0	0.22807	0.15402	0.22159	0.966695	235	1	0.22807
SPTA1	4	0.84502	0.84714	0.999528	870	0	0.053487	0.88273	0.88311	0.999874	917	0	0.053487
TOP2B	4	0.8471	0.84916	0.999528	871	0	0.31767	0.44032	0.44263	0.999874	461	1	0.31767
IDH3G	4	0.85051	0.85224	0.999528	872	0	0.29775	0.76317	0.76377	0.999874	790	0	0.29775
PDCD4	4	0.85074	0.8524	0.999528	873	0	0.46269	0.027407	0.057765	0.826666	73	1	0.46269
DZIP3	4	0.85164	0.8532	0.999528	874	0	1.1391	0.0016508	0.0054647	0.713296	8	3	1.1391
SLCO2B1	4	0.85409	0.85558	0.999528	875	0	0.15372	0.47008	0.47048	0.999874	494	1	0.15372
YBX3	4	0.85475	0.85624	0.999528	876	0	-0.14335	0.50697	0.50586	0.999874	528	1	-0.14335
SAP30L	4	0.85497	0.85644	0.999528	877	0	-0.02852	0.73524	0.73495	0.999874	756	0	-0.02852
SUSD1	4	0.85541	0.85688	0.999528	878	0	0.5171	0.30358	0.32728	0.97867	351	1	0.5171
IRF6	4	0.85629	0.85776	0.999528	879	0	0.65694	0.25438	0.29087	0.977216	311	1	0.65694
CLASP2	4	0.8576	0.85905	0.999528	880	0	-0.013922	0.80556	0.80716	0.999874	845	0	-0.013922
SAR1B	4	0.85847	0.85986	0.999528	881	0	-0.0016618	0.88736	0.88745	0.999874	922	0	-0.0016618
MAK	4	0.86318	0.86427	0.999528	882	0	0.26597	0.48849	0.48782	0.999874	510	1	0.26597
TANC2	3	0.86395	0.86402	0.999528	883	0	0.47793	0.19578	0.21794	0.966695	269	1	0.47793
ABCG2	4	0.86528	0.86614	0.999528	884	0	0.19846	0.55586	0.55561	0.999874	578	0	0.19846
KLF4	4	0.86632	0.86708	0.999528	885	0	0.44438	0.12975	0.20562	0.966695	214	1	0.44438
MTMR4	4	0.86652	0.86727	0.999528	886	0	0.50353	0.47415	0.47409	0.999874	499	1	0.50353
RRAGC	4	0.86715	0.86781	0.999528	887	0	0.50821	0.085394	0.14313	0.94935	159	2	0.50821
UBQLN3	4	0.8692	0.86979	0.999528	888	0	0.4208	0.65842	0.65773	0.999874	667	0	0.4208
ACTL6B	4	0.8694	0.86994	0.999528	889	0	-0.042359	0.8831	0.88353	0.999874	918	0	-0.042359
MYBPH	4	0.87103	0.87162	0.999528	890	0	0.69627	0.22535	0.27073	0.97389	290	1	0.69627
TLN2	4	0.87143	0.87204	0.999528	891	0	0.16263	0.33316	0.35123	0.981413	379	1	0.16263
ABCA3	4	0.87284	0.87354	0.999528	892	0	0.14717	0.41311	0.41788	0.999874	436	1	0.14717
PCBD2	4	0.87343	0.8742	0.999528	893	0	0.18612	0.60617	0.60544	0.999874	618	0	0.18612
LNX1	4	0.87383	0.87464	0.999528	894	0	0.316	0.51684	0.51562	0.999874	536	0	0.316
GSTP1	4	0.87542	0.87622	0.999528	895	0	0.30006	0.70566	0.70484	0.999874	723	0	0.30006
RB1	4	0.87581	0.87661	0.999528	896	0	1.7099	1.0245e-05	6.0771e-05	0.042079	1	3	1.7099
FXR1	4	0.87834	0.87898	0.999528	897	0	0.052358	0.52549	0.52484	0.999874	546	0	0.052358
DGAT1	4	0.87969	0.88003	0.999528	898	0	0.36473	0.29928	0.3239	0.97867	347	1	0.36473
MED23	4	0.88045	0.8809	0.999528	899	0	0.0018145	0.67205	0.67115	0.999874	686	0	0.0018145
RBMXL2	4	0.88065	0.88102	0.999528	900	0	0.51221	0.57987	0.57989	0.999874	600	0	0.51221
TOMM20L	4	0.88084	0.88129	0.999528	901	0	0.1414	0.7342	0.73393	0.999874	755	0	0.1414
HOXB1	4	0.8816	0.88194	0.999528	902	0	0.61927	0.067233	0.11695	0.934158	127	2	0.61927
FEZ2	4	0.88292	0.88335	0.999528	903	0	0.18976	0.1598	0.22535	0.966695	242	1	0.18976
BZW1	3	0.88309	0.88335	0.999528	904	0	0.074144	0.34605	0.34705	0.980317	388	1	0.074144
SNRPN	4	0.88423	0.8844	0.999528	905	0	0.48346	0.22767	0.27248	0.97389	293	1	0.48346
NCK2	4	0.88736	0.88745	0.999528	906	0	0.16818	0.072568	0.12489	0.934158	140	1	0.16818
AP2A1	4	0.88773	0.88778	0.999528	907	0	0.44787	0.12211	0.19749	0.966695	207	1	0.44787
DUOX1	4	0.88791	0.88801	0.999528	908	0	0.50822	0.075616	0.12937	0.934158	146	2	0.50822
VIM	4	0.88809	0.88814	0.999528	909	0	1.2357	0.0023517	0.0071382	0.713296	10	3	1.2357
QSOX1	4	0.889	0.88899	0.999528	910	0	0.26951	0.67651	0.67573	0.999874	691	0	0.26951
CDNF	4	0.89025	0.89053	0.999528	911	0	0.012521	0.6954	0.6947	0.999874	713	0	0.012521
LIMK1	4	0.89043	0.89071	0.999528	912	0	0.53845	0.058466	0.10431	0.934158	115	2	0.53845
FOSL1	3	0.8905	0.89041	0.999528	913	0	0.19008	0.79104	0.79184	0.999874	826	0	0.19008
RAD17	3	0.89227	0.89208	0.999528	914	0	0.61014	0.37634	0.37543	0.994803	410	1	0.61014
MACF1	4	0.89327	0.8937	0.999528	915	0	0.56444	0.059665	0.10616	0.934158	117	2	0.56444
DEGS2	4	0.89344	0.89386	0.999528	916	0	0.11992	0.5828	0.58263	0.999874	602	0	0.11992
FLNC	4	0.89431	0.89466	0.999528	917	0	0.010071	0.01818	0.043227	0.820876	52	1	0.010071
CWF19L1	4	0.89501	0.89521	0.999528	918	0	0.043455	0.64867	0.64796	0.999874	657	0	0.043455
GSX2	4	0.89535	0.8956	0.999528	919	0	0.54948	0.65209	0.65149	0.999874	662	0	0.54948
FKBP4	4	0.89775	0.89804	0.999528	920	0	0.087802	0.059188	0.10538	0.934158	116	1	0.087802
COPS7A	4	0.89826	0.89855	0.999528	921	0	0.092583	0.60943	0.60856	0.999874	623	0	0.092583
SEC23A	4	0.89877	0.89905	0.999528	922	0	0.36744	0.15319	0.22101	0.966695	234	1	0.36744
PLD1	4	0.89893	0.89918	0.999528	923	0	0.27585	0.55993	0.56004	0.999874	581	0	0.27585
GIT1	4	0.89927	0.89958	0.999528	924	0	0.7883	0.0079935	0.021424	0.713296	30	2	0.7883
PLEK2	4	0.90044	0.90069	0.999528	925	0	0.39613	0.31496	0.3365	0.97867	363	1	0.39613
CNOT6	4	0.90242	0.90247	0.999528	926	0	0.29663	0.3283	0.34714	0.980317	375	1	0.29663
PPP3CC	4	0.9034	0.9034	0.999528	927	0	0.44354	0.44214	0.44433	0.999874	462	1	0.44354
PDGFC	4	0.90437	0.90437	0.999528	928	0	0.26119	0.73246	0.73186	0.999874	752	0	0.26119
FEZ1	4	0.90534	0.90538	0.999528	929	0	0.097598	0.69193	0.69127	0.999874	712	0	0.097598
COX6B2	4	0.90645	0.90637	0.999528	930	0	0.51386	0.083181	0.13996	0.94935	156	2	0.51386
INTS6L	4	0.90772	0.90781	0.999528	931	0	0.19146	0.16637	0.23003	0.966695	247	1	0.19146
BAP1	4	0.9085	0.90867	0.999528	932	0	0.25831	0.58572	0.58569	0.999874	606	0	0.25831
MED26	4	0.90912	0.9091	0.999528	933	0	0.062113	0.87795	0.87866	0.999874	912	0	0.062113
ATP5PB	4	0.90974	0.90972	0.999528	934	0	-0.00052397	0.35167	0.3665	0.992644	393	1	-0.00052397
FLOT1	4	0.9099	0.90994	0.999528	935	0	0.069898	0.84595	0.84785	0.999874	874	0	0.069898
KIF4A	4	0.91005	0.91011	0.999528	936	0	0.26173	0.46891	0.46941	0.999874	492	1	0.26173
DRD3	4	0.91021	0.91029	0.999528	937	0	0.45401	0.28333	0.31232	0.97867	333	1	0.45401
TMEM30A	4	0.91219	0.91227	0.999528	938	0	-0.025464	0.74006	0.7397	0.999874	763	0	-0.025464
MTA1	4	0.91234	0.91247	0.999528	939	0	0.15822	0.069903	0.12099	0.934158	133	1	0.15822
CTNNB1	4	0.9125	0.91264	0.999528	940	0	0.66293	0.067324	0.11711	0.934158	128	2	0.66293
PHLDA2	4	0.91325	0.91335	0.999528	941	0	0.17523	0.49189	0.49121	0.999874	515	1	0.17523
ARSJ	4	0.91429	0.91425	0.999528	942	0	0.30447	0.0042177	0.01186	0.713296	17	1	0.30447
MDM4	4	0.91606	0.91595	0.999528	943	0	0.42094	0.59865	0.59837	0.999874	616	0	0.42094
APOBEC1	4	0.91636	0.91622	0.999528	944	0	1.6801	1.5027e-05	7.947e-05	0.042079	2	3	1.6801
EGFR	4	0.91679	0.91669	0.999528	945	0	0.16787	0.78142	0.78262	0.999874	811	0	0.16787
CNOT8	3	0.91729	0.91691	0.999528	946	0	0.33435	0.29547	0.3015	0.977216	344	1	0.33435
SNTA1	4	0.91895	0.91881	0.999528	947	0	0.46789	0.53402	0.53309	0.999874	554	0	0.46789
GALR3	4	0.91924	0.919	0.999528	948	0	0.36947	0.22844	0.2729	0.97389	294	1	0.36947
MAPK8IP3	4	0.92051	0.92046	0.999528	949	0	0.5697	0.0014074	0.0047355	0.713296	7	2	0.5697
PACS1	4	0.92093	0.9208	0.999528	950	0	0.16045	0.54555	0.54452	0.999874	563	0	0.16045
ERO1A	4	0.92121	0.9211	0.999528	951	0	0.4182	0.082288	0.13849	0.94935	154	1	0.4182
ARHGEF6	4	0.92135	0.92121	0.999528	952	0	0.32959	0.36979	0.38138	0.997159	403	1	0.32959
G3BP2	4	0.92177	0.92171	0.999528	953	0	1.0431	0.0034862	0.010065	0.713296	14	3	1.0431
MTA3	4	0.92218	0.92219	0.999528	954	0	0.73963	0.024263	0.05296	0.820876	65	2	0.73963
MECP2	4	0.92287	0.92297	0.999528	955	0	0.50071	0.57544	0.57551	0.999874	594	0	0.50071
CBLL2	4	0.92315	0.92312	0.999528	956	0	0.22303	0.73	0.72974	0.999874	749	0	0.22303
MPC1L	4	0.92328	0.92326	0.999528	957	0	0.32565	0.19307	0.24839	0.972149	267	1	0.32565
PDGFD	4	0.92369	0.92359	0.999528	958	0	0.23244	0.6085	0.60765	0.999874	621	0	0.23244
PLD2	4	0.92518	0.92526	0.999528	959	0	0.20422	0.7784	0.77951	0.999874	807	0	0.20422
FMR1	4	0.92638	0.92635	0.999528	960	0	0.46873	0.084285	0.14169	0.94935	158	2	0.46873
REG3A	4	0.92652	0.92645	0.999528	961	0	0.49976	0.40806	0.41338	0.999874	433	1	0.49976
PHLDA3	4	0.92678	0.92672	0.999528	962	0	0.12932	0.18344	0.24186	0.972149	257	1	0.12932
PPP3CA	4	0.92887	0.92888	0.999528	963	0	0.64697	0.42187	0.42585	0.999874	444	1	0.64697
XRCC4	4	0.92926	0.92931	0.999528	964	0	0.26974	0.5958	0.59561	0.999874	613	0	0.26974
MYD88	4	0.92939	0.92944	0.999528	965	0	0.48775	0.09542	0.15797	0.966695	170	1	0.48775
RRM2B	8	0.93009	0.92976	0.999528	966	0	-0.092889	0.37795	0.51259	0.999874	412	1	-0.092889
TNPO2	4	0.93255	0.93262	0.999528	967	0	0.44786	0.48963	0.4889	0.999874	512	1	0.44786
TUBB2A	4	0.9328	0.93289	0.999528	968	0	0.49754	0.15898	0.22482	0.966695	241	1	0.49754
SPTLC2	4	0.93427	0.93446	0.999528	969	0	0.7103	0.0088883	0.02349	0.713296	34	2	0.7103
NAT8L	4	0.93464	0.93482	0.999528	970	0	0.29914	0.20104	0.25331	0.972149	273	1	0.29914
UCHL5	4	0.93726	0.93709	0.999528	971	0	0.183	0.68211	0.68114	0.999874	696	0	0.183
LATS2	4	0.93785	0.9377	0.999528	972	0	0.42504	0.34827	0.36365	0.991537	390	1	0.42504
IQCA1L	4	0.93913	0.93901	0.999528	973	0	0.46876	0.31355	0.3355	0.97867	361	1	0.46876
SNX6	4	0.93993	0.93979	0.999528	974	0	0.12609	0.38296	0.39226	0.999874	417	1	0.12609
ACACB	4	0.94072	0.94049	0.999528	975	0	0.45455	0.11393	0.18521	0.966695	191	2	0.45455
SATB2	4	0.9414	0.94116	0.999528	976	0	0.75924	0.086789	0.14511	0.954462	161	2	0.75924
NCOR2	4	0.94184	0.94166	0.999528	977	0	0.91325	0.0087929	0.023294	0.713296	32	2	0.91325
ARID1A	4	0.94195	0.94173	0.999528	978	0	0.63017	0.45595	0.45725	0.999874	477	1	0.63017
BTG1	4	0.94338	0.94318	0.999528	979	0	0.46025	0.55021	0.5494	0.999874	571	0	0.46025
COPS7B	4	0.94392	0.9438	0.999528	980	0	0.75808	0.11861	0.19195	0.966695	197	2	0.75808
SERPINA9	4	0.94511	0.9451	0.999528	981	0	0.49368	0.64307	0.64232	0.999874	653	0	0.49368
FZD8	4	0.94595	0.94587	0.999528	982	0	0.3701	0.21287	0.26168	0.972149	284	1	0.3701
YIPF5	4	0.94627	0.94617	0.999528	983	0	0.23853	0.6892	0.68869	0.999874	708	0	0.23853
IFIH1	4	0.94679	0.94672	0.999528	984	0	0.65542	0.42992	0.43293	0.999874	451	1	0.65542
TIMP2	4	0.94782	0.94792	0.999528	985	0	0.70207	0.060875	0.10777	0.934158	119	2	0.70207
HMSD	4	0.94833	0.94852	0.999528	986	0	0.24042	0.6491	0.64841	0.999874	658	0	0.24042
HPS1	4	0.94854	0.94869	0.999528	987	0	0.48753	0.57791	0.57792	0.999874	597	0	0.48753
LIN28A	3	0.94877	0.94845	0.999528	988	0	0.96885	0.030508	0.055035	0.820876	77	2	0.96885
NMT2	4	0.94914	0.94928	0.999528	989	0	0.64899	0.15815	0.22427	0.966695	240	1	0.64899
AQP8	4	0.94934	0.94954	0.999528	990	0	0.62955	0.11424	0.18576	0.966695	192	2	0.62955
SLC32A1	4	0.95053	0.95088	0.999528	991	0	0.18413	0.60896	0.6081	0.999874	622	0	0.18413
TSTD1	4	0.95063	0.95098	0.999528	992	0	0.28982	0.68448	0.68351	0.999874	700	0	0.28982
DLL4	4	0.95199	0.95242	0.999528	993	0	0.45125	0.25964	0.29467	0.977216	317	1	0.45125
GPR50	4	0.95228	0.95269	0.999528	994	0	0.3497	0.13397	0.20848	0.966695	217	1	0.3497
CSTF2T	4	0.95266	0.95317	0.999528	995	0	0.27026	0.011683	0.030446	0.79012	39	1	0.27026
UBASH3B	4	0.95295	0.9535	0.999528	996	0	0.71672	0.02492	0.053848	0.820876	70	2	0.71672
MBD4	8	0.95365	0.95384	0.999528	997	0	0.57768	0.78919	0.78865	0.999874	823	0	0.57768
STAM	4	0.95426	0.95476	0.999528	998	0	0.1659	0.68488	0.68395	0.999874	701	0	0.1659
RNF113B	4	0.95473	0.95526	0.999528	999	0	0.61651	0.069361	0.12013	0.934158	131	2	0.61651
ATP6V1C2	8	0.9554	0.95561	0.999528	1000	0	-0.1746	0.99221	0.99233	0.999874	1045	0	-0.1746
ZNF284	4	0.95707	0.95763	0.999528	1001	0	0.4387	0.46833	0.46895	0.999874	491	1	0.4387
SATB1	4	0.95865	0.95905	0.999528	1002	0	0.49686	0.11362	0.18471	0.966695	190	2	0.49686
RAP1GAP2	4	0.95907	0.95947	0.999528	1003	0	0.47764	0.47124	0.47158	0.999874	496	1	0.47764
CAV1	4	0.9615	0.96199	0.999528	1004	0	0.17146	0.79115	0.79234	0.999874	827	0	0.17146
SLC25A25	4	0.96158	0.96202	0.999528	1005	0	0.85099	0.0089013	0.023546	0.713296	35	3	0.85099
CRKL	4	0.96247	0.9629	0.999528	1006	0	0.97253	0.013446	0.034672	0.79012	45	2	0.97253
PRG3	4	0.96279	0.96321	0.999528	1007	0	0.58502	0.37244	0.38341	0.997628	406	1	0.58502
FOXB1	4	0.96373	0.96413	0.999528	1008	0	0.48225	0.59628	0.59608	0.999874	614	0	0.48225
TAF9	4	0.96427	0.96479	0.999528	1009	0	0.50635	0.49019	0.48956	0.999874	513	1	0.50635
ENOX1	4	0.96443	0.9649	0.999528	1010	0	0.53309	0.070904	0.12244	0.934158	137	2	0.53309
CTCFL	4	0.9645	0.96495	0.999528	1011	0	0.47881	0.40552	0.41117	0.999874	431	1	0.47881
TCF3	4	0.96594	0.96631	0.999528	1012	0	0.42151	0.35775	0.3712	0.994803	395	1	0.42151
ADARB2	4	0.96726	0.96757	0.999528	1013	0	0.26605	0.45535	0.45669	0.999874	476	1	0.26605
LARP1	4	0.9684	0.96873	0.999528	1014	0	0.51075	0.50365	0.50252	0.999874	524	1	0.51075
CCND3	4	0.96882	0.96913	0.999528	1015	0	0.30599	0.36245	0.37499	0.994803	399	1	0.30599
LSM4	4	0.96896	0.96925	0.999528	1016	0	1.0123	0.0033656	0.0098028	0.713296	11	3	1.0123
POU5F2	4	0.9691	0.96939	0.999528	1017	0	0.31131	0.42498	0.42867	0.999874	447	1	0.31131
ERBB3	8	0.96924	0.9691	0.999528	1018	0	0.46868	0.0065524	0.023574	0.713296	24	1	0.46868
CHM	4	0.96951	0.96968	0.999528	1019	0	0.45409	0.67891	0.67794	0.999874	693	0	0.45409
ARPC5L	4	0.96965	0.96977	0.999528	1020	0	0.61845	0.09188	0.15287	0.95961	167	2	0.61845
DDX39A	4	0.97006	0.97023	0.999528	1021	0	0.59823	0.098838	0.16333	0.966695	177	2	0.59823
BTBD11	4	0.97046	0.97064	0.999528	1022	0	0.45796	0.60804	0.60727	0.999874	620	0	0.45796
GLT6D1	4	0.97073	0.97088	0.999528	1023	0	0.87414	0.047034	0.087805	0.911619	102	2	0.87414
DENND5A	4	0.97099	0.9712	0.999528	1024	0	0.41565	0.61451	0.61335	0.999874	627	0	0.41565
FOXE3	4	0.97184	0.97194	0.999528	1025	0	1.0452	0.0068091	0.018329	0.713296	25	3	1.0452
FLT1	4	0.97286	0.97301	0.999528	1026	0	0.52268	0.45832	0.45948	0.999874	479	1	0.52268
FCRL3	4	0.97342	0.97349	0.999528	1027	0	0.53146	0.52763	0.52682	0.999874	548	0	0.53146
NET1	4	0.97421	0.97437	0.999528	1028	0	0.95433	0.0074176	0.019928	0.713296	27	2	0.95433
COX4I2	4	0.97475	0.97486	0.999528	1029	0	0.65684	0.3043	0.32792	0.97867	352	1	0.65684
GABPB1	4	0.97487	0.97499	0.999528	1030	0	0.69369	0.045732	0.085692	0.907475	100	2	0.69369
SMAP1	4	0.97505	0.97512	0.999528	1031	0	0.63835	0.11116	0.18114	0.966695	188	2	0.63835
TP53	4	0.97677	0.97683	0.999528	1032	0	0.80715	0.012326	0.03211	0.79012	43	3	0.80715
SPTLC3	4	0.9784	0.97848	0.999528	1033	0	0.69334	0.039304	0.075987	0.894114	90	2	0.69334
ITGB1BP2	4	0.97924	0.97928	0.999528	1034	0	0.58379	0.11767	0.19047	0.966695	195	2	0.58379
SPHKAP	4	0.98009	0.9802	0.999528	1035	0	0.90275	0.013571	0.034934	0.79012	47	2	0.90275
LIM2	4	0.98039	0.98044	0.999528	1036	0	0.6171	0.49864	0.49763	0.999874	519	1	0.6171
PSMB9	4	0.98242	0.98237	0.999528	1037	0	0.3306	0.2491	0.2873	0.977216	308	1	0.3306
ATM	4	0.98547	0.98575	0.999528	1038	0	1.0876	0.0044946	0.012626	0.713296	18	3	1.0876
LMBR1L	4	0.98589	0.98607	0.999528	1039	0	0.60757	0.1205	0.19478	0.966695	204	2	0.60757
KIT	8	0.98638	0.98649	0.999528	1040	0	0.4132	0.77787	0.77758	0.999874	805	0	0.4132
MARCKS	4	0.98708	0.98719	0.999528	1041	0	0.81046	0.066566	0.11605	0.934158	126	2	0.81046
IRF8	4	0.98723	0.98733	0.999528	1042	0	0.58172	0.083168	0.13995	0.94935	155	1	0.58172
ARFIP2	4	0.98809	0.98817	0.999528	1043	0	0.69436	0.024646	0.053436	0.820876	67	1	0.69436
SMARCA2	4	0.98836	0.98837	0.999528	1044	0	0.90956	0.0094466	0.024827	0.730336	36	3	0.90956
FSD1L	4	0.9902	0.99024	0.999528	1045	0	0.54632	0.13566	0.20963	0.966695	221	1	0.54632
TRPC7	4	0.99044	0.99041	0.999528	1046	0	0.81588	0.060148	0.10681	0.934158	118	2	0.81588
NSG1	4	0.99055	0.99048	0.999528	1047	0	0.81024	0.012054	0.0314	0.79012	42	3	0.81024
NUMB	4	0.99105	0.99103	0.999528	1048	0	0.77905	0.064812	0.11367	0.934158	124	2	0.77905
RCBTB2	4	0.99153	0.99143	0.999528	1049	0	0.82751	0.018565	0.043825	0.820876	53	2	0.82751
ERO1B	4	0.99421	0.99425	0.999528	1050	0	0.59551	0.20183	0.25388	0.972149	274	1	0.59551
GBX1	4	0.99436	0.9944	0.999528	1051	0	0.57585	0.17291	0.2346	0.966695	252	1	0.57585
PAPSS2	4	0.99492	0.99501	0.999528	1052	0	0.91109	0.013949	0.035813	0.79012	49	2	0.91109
RTP1	4	0.99525	0.99529	0.999528	1053	0	0.81098	0.032472	0.065619	0.856378	80	2	0.81098
DLL1	4	0.99658	0.99667	0.999528	1054	0	0.78955	0.055628	0.10029	0.934158	110	2	0.78955
SBNO2	4	0.99684	0.99697	0.999528	1055	0	0.61143	0.30716	0.32999	0.97867	353	1	0.61143
TPBGL	4	0.99805	0.99813	0.999528	1056	0	0.99492	0.0050935	0.014141	0.713296	20	3	0.99492
TBC1D9	4	0.99931	0.9994	0.999528	1057	0	0.8762	0.00068563	0.0027066	0.573267	5	4	0.8762
TGM6	4	0.99935	0.99943	0.999528	1058	0	0.85937	0.00065053	0.002501	0.573267	4	4	0.85937
TFDP3	4	0.99949	0.99953	0.999528	1059	0	1.1088	0.00051374	0.0020896	0.573267	3	4	1.1088
