id	num	neg|score	neg|p-value	neg|fdr	neg|rank	neg|goodsgrna	neg|lfc	pos|score	pos|p-value	pos|fdr	pos|rank	pos|goodsgrna	pos|lfc
MYC	8	3.5976e-10	4.6747e-06	0.002475	1	8	-1.2604	1.0	1.0	0.999995	1059	0	-1.2604
RRM2	4	7.432e-07	4.6747e-06	0.002475	2	3	-1.3455	0.57742	0.57749	0.999995	607	0	-1.3455
RRM1	8	4.4853e-06	2.3373e-05	0.006188	3	8	-1.4074	0.99985	0.99987	0.999995	1051	0	-1.4074
MTG2	4	5.001e-06	2.3373e-05	0.006188	4	4	-1.0689	0.99999	1.0	0.999995	1058	0	-1.0689
POLR2L	4	1.5766e-05	7.947e-05	0.011757	5	4	-1.3997	0.99998	1.0	0.999995	1057	0	-1.3997
PRKDC	8	2.022e-05	0.00011687	0.012376	6	7	-0.81371	0.95886	0.95891	0.999995	968	0	-0.81371
BUB3	4	2.1956e-05	7.947e-05	0.011757	7	4	-1.4375	0.99992	0.99992	0.999995	1053	0	-1.4375
RPP21	4	3.044e-05	8.8819e-05	0.011757	8	4	-1.3312	0.99997	1.0	0.999995	1056	0	-1.3312
E2F3	3	3.585e-05	7.947e-05	0.011757	9	3	-1.6193	0.99996	0.99996	0.999995	1055	0	-1.6193
PRPF8	4	3.8895e-05	0.00010752	0.012376	10	4	-1.2602	0.99996	0.99999	0.999995	1054	0	-1.2602
CCND1	4	8.0076e-05	0.0003319	0.031953	11	4	-1.304	0.9999	0.9999	0.999995	1052	0	-1.304
NAE1	8	8.056e-05	0.00047214	0.041667	12	7	-0.74661	0.21727	0.21642	0.970624	230	0	-0.74661
ALDOA	4	0.00015838	0.00074328	0.059736	13	3	-1.0111	0.738	0.73763	0.999995	739	0	-1.0111
HRAS	4	0.00017134	0.00082742	0.059736	14	4	-0.74281	0.99983	0.99985	0.999995	1050	0	-0.74281
PPP4C	4	0.00017845	0.00084612	0.059736	15	3	-1.0102	0.88918	0.8892	0.999995	881	0	-1.0102
KIF11	4	0.00020603	0.00093026	0.060231	16	4	-1.0693	0.99979	0.99978	0.999995	1049	0	-1.0693
CCND3	4	0.00022958	0.00096766	0.060231	17	4	-0.81778	0.99977	0.99976	0.999995	1048	0	-0.81778
CHORDC1	3	0.00033353	0.0010238	0.060231	18	3	-1.0712	0.99967	0.99971	0.999995	1047	0	-1.0712
NMT1	4	0.00035166	0.0015286	0.083687	19	4	-0.93931	0.99965	0.99963	0.999995	1046	0	-0.93931
TOP1MT	4	0.00038447	0.0016502	0.083687	20	3	-0.97546	0.55279	0.55217	0.999995	581	0	-0.97546
TIMM10	4	0.00038664	0.0016595	0.083687	21	4	-0.8352	0.99961	0.99961	0.999995	1045	0	-0.8352
LDB1	8	0.00040428	0.0025384	0.116875	22	7	-0.80202	0.94729	0.94701	0.999995	953	0	-0.80202
SOX9	4	0.00058792	0.002314	0.111386	23	4	-0.66293	0.99941	0.99948	0.999995	1044	0	-0.66293
RPS5	4	0.00076559	0.0029684	0.130982	24	3	-0.81828	0.89792	0.89826	0.999995	896	0	-0.81828
RHBDF1	4	0.00091212	0.003492	0.139897	25	4	-0.72832	0.99909	0.99923	0.999995	1043	0	-0.72832
MRPL41	4	0.00093272	0.0035294	0.139897	26	4	-1.0552	0.99113	0.99109	0.999995	1014	0	-1.0552
CLTC	4	0.00094309	0.0035668	0.139897	27	4	-0.95782	0.99618	0.99612	0.999995	1030	0	-0.95782
MRPL38	4	0.001149	0.0043428	0.163708	28	4	-0.83528	0.99885	0.99899	0.999995	1042	0	-0.83528
SF3B1	4	0.0011785	0.004483	0.163708	29	3	-0.83482	0.55586	0.55561	0.999995	584	0	-0.83482
SLC25A37	4	0.0012707	0.0047542	0.167822	30	4	-1.0374	0.99873	0.99887	0.999995	1041	0	-1.0374
UQCRC1	4	0.0014432	0.0055115	0.188279	31	4	-0.76093	0.99856	0.99863	0.999995	1040	0	-0.76093
PDCD6IP	4	0.0016632	0.0063903	0.211479	32	4	-0.87602	0.99834	0.99845	0.999995	1039	0	-0.87602
MDM4	4	0.0017499	0.0067269	0.212434	33	4	-0.85149	0.99825	0.9984	0.999995	1038	0	-0.85149
SF3A1	4	0.0017917	0.0068204	0.212434	34	3	-1.013	0.21835	0.21777	0.970624	232	0	-1.013
MED18	8	0.0018188	0.010971	0.283386	35	7	-0.78001	0.517	0.51572	0.983324	554	0	-0.78001
GTF3C1	4	0.0019508	0.0072411	0.219095	36	4	-0.80332	0.99805	0.99813	0.999995	1037	0	-0.80332
RPL10A	4	0.0022137	0.008148	0.239057	37	3	-1.0172	0.415	0.4137	0.983324	440	0	-1.0172
COPA	4	0.0022742	0.0083817	0.239057	38	4	-0.91379	0.99773	0.99775	0.999995	1036	0	-0.91379
AP2A1	4	0.0023334	0.0085781	0.239057	39	4	-0.58212	0.99767	0.99769	0.999995	1035	0	-0.58212
HUS1	4	0.002954	0.010579	0.280074	40	3	-0.99533	0.81711	0.81941	0.999995	816	0	-0.99533
PLXDC1	8	0.0029555	0.017862	0.381283	41	8	-0.43669	0.99704	0.99699	0.999995	1034	0	-0.43669
CKAP5	8	0.0030573	0.018404	0.381283	42	7	-0.57693	0.99528	0.99519	0.999995	1026	0	-0.57693
ERBB3	8	0.003181	0.019087	0.381375	43	8	-0.4745	0.99682	0.99678	0.999995	1033	0	-0.4745
PHLDA2	4	0.0035969	0.012823	0.323314	44	4	-0.60796	0.9964	0.99646	0.999995	1032	0	-0.60796
RPL13	3	0.0036075	0.0098309	0.266946	45	3	-0.89311	0.99639	0.99627	0.999995	1031	0	-0.89311
RPL36	4	0.0041195	0.014449	0.353398	46	4	-1.0012	0.99588	0.99587	0.999995	1029	0	-1.0012
NCBP2	4	0.0042177	0.014683	0.353398	47	1	-0.20629	0.39464	0.39316	0.983324	420	0	-0.20629
FZR1	4	0.0043533	0.015076	0.354391	48	4	-0.51833	0.99565	0.99568	0.999995	1028	0	-0.51833
ELL	4	0.0044495	0.015394	0.354391	49	4	-0.6604	0.99555	0.99561	0.999995	1027	0	-0.6604
ZNF407	4	0.0048506	0.016749	0.377396	50	4	-0.78003	0.99515	0.9952	0.999995	1025	0	-0.78003
MTHFD1	4	0.0050788	0.017544	0.381283	51	4	-0.66709	0.99492	0.99501	0.999995	1024	0	-0.66709
SF3B3	4	0.0052597	0.018124	0.381283	52	4	-0.92344	0.99474	0.99478	0.999995	1023	0	-0.92344
NAA10	4	0.0054455	0.018722	0.381283	53	4	-0.82589	0.99455	0.99458	0.999995	1022	0	-0.82589
TACC3	4	0.0057296	0.019723	0.38678	54	3	-0.75653	0.61771	0.61664	0.999995	639	0	-0.75653
TRRAP	4	0.005843	0.020096	0.386949	55	4	-1.0785	0.9721	0.97215	0.999995	983	0	-1.0785
VANGL2	4	0.0061552	0.020901	0.391516	56	4	-0.58191	0.99384	0.99377	0.999995	1021	0	-0.58191
NSG1	4	0.0063009	0.021349	0.391516	57	4	-0.47516	0.9937	0.99359	0.999995	1020	0	-0.47516
H2AFX	4	0.0063274	0.021443	0.391516	58	2	-0.71189	0.16637	0.1664	0.970624	176	0	-0.71189
CHMP1A	4	0.0065566	0.022153	0.397634	59	4	-0.57156	0.99344	0.99333	0.999995	1019	0	-0.57156
TLN1	4	0.0067094	0.022621	0.399257	60	4	-0.74859	0.99329	0.99312	0.999995	1018	0	-0.74859
SF3B5	4	0.0069533	0.023369	0.405697	61	3	-0.93473	0.92783	0.92776	0.999995	932	0	-0.93473
NKAP	4	0.0071604	0.024033	0.410492	62	4	-0.67188	0.99284	0.99279	0.999995	1017	0	-0.67188
STRADA	4	0.0075855	0.025407	0.419117	63	4	-0.65732	0.99241	0.99229	0.999995	1016	0	-0.65732
HASPIN	4	0.007703	0.025725	0.419117	64	4	-0.73917	0.95093	0.95128	0.999995	959	0	-0.73917
RPL19	4	0.0080914	0.027052	0.434068	65	2	-0.61916	0.42436	0.42356	0.983324	450	0	-0.61916
RPL3	7	0.0082445	0.040712	0.538923	66	5	-0.44391	0.66512	0.66609	0.999995	687	0	-0.44391
KIF4A	4	0.0084137	0.0281	0.444141	67	4	-0.62253	0.99159	0.99151	0.999995	1015	0	-0.62253
FDPS	4	0.008691	0.028857	0.449403	68	3	-0.84624	0.27008	0.26872	0.977518	288	0	-0.84624
RPL14	3	0.0091975	0.024519	0.412148	69	2	-1.2578	0.67336	0.67305	0.999995	695	0	-1.2578
ATP5F1B	4	0.0096799	0.031821	0.488377	70	4	-0.79128	0.98278	0.98272	0.999995	1005	0	-0.79128
PCGF1	4	0.0098205	0.032297	0.488614	71	2	-0.19581	0.58862	0.5886	0.999995	611	0	-0.19581
BRSK2	4	0.01055	0.03456	0.508545	72	4	-0.65829	0.9865	0.98664	0.999995	1010	0	-0.65829
CCNT1	4	0.011003	0.036075	0.516256	73	3	-0.7007	0.52172	0.52085	0.983625	560	0	-0.7007
SNRPB	4	0.011209	0.036785	0.519406	74	3	-0.63119	0.45891	0.45843	0.983324	491	0	-0.63119
RRM2B	8	0.011245	0.054586	0.582791	75	7	-0.52189	0.98491	0.98495	0.999995	1007	0	-0.52189
SBNO1	4	0.011626	0.038169	0.531853	76	3	-0.9881	0.40488	0.40336	0.983324	427	0	-0.9881
NDUFB4	4	0.011939	0.039179	0.537849	77	4	-0.56231	0.98806	0.98815	0.999995	1013	0	-0.56231
TRAPPC3	4	0.012163	0.039796	0.537849	78	3	-0.64047	0.1565	0.15646	0.970624	166	0	-0.64047
TOP2A	4	0.012272	0.040123	0.537849	79	4	-0.70071	0.93947	0.93929	0.999995	946	0	-0.70071
DGKZ	3	0.0134	0.034887	0.508545	80	3	-0.75734	0.95572	0.95525	0.999995	966	0	-0.75734
TNPO1	3	0.013457	0.035055	0.508545	81	3	-0.61597	0.98654	0.98646	0.999995	1011	0	-0.61597
VPS37A	4	0.013543	0.043956	0.560544	82	3	-0.60964	0.9191	0.91891	0.999995	921	0	-0.60964
INTS2	4	0.013629	0.044237	0.560544	83	3	-0.77173	0.83383	0.83567	0.999995	833	0	-0.77173
LSM14B	4	0.013696	0.04448	0.560544	84	3	-0.64128	0.91204	0.91217	0.999995	910	0	-0.64128
ABT1	4	0.013746	0.044667	0.560544	85	3	-0.76623	0.74616	0.7456	0.999995	747	0	-0.76623
ATP6V1B2	4	0.014223	0.045873	0.560544	86	4	-0.83649	0.98578	0.98597	0.999995	1009	0	-0.83649
FRS3	4	0.014614	0.047144	0.567338	87	4	-0.5743	0.98539	0.98569	0.999995	1008	0	-0.5743
RRAGC	4	0.01498	0.048238	0.573979	88	2	-0.59304	0.70679	0.70598	0.999995	723	0	-0.59304
PUM1	4	0.015203	0.04893	0.575743	89	4	-0.96262	0.96534	0.9657	0.999995	976	0	-0.96262
TUBB4B	8	0.015425	0.070873	0.612713	90	7	-0.66267	0.98715	0.98726	0.999995	1012	0	-0.66267
GSTP1	4	0.015645	0.05023	0.582791	91	3	-0.56661	0.89604	0.89624	0.999995	892	0	-0.56661
XRCC6	4	0.016172	0.051866	0.582791	92	4	-0.53111	0.98383	0.98403	0.999995	1006	0	-0.53111
SF3B2	4	0.016327	0.052473	0.582791	93	2	-0.49782	0.31071	0.30891	0.977518	329	0	-0.49782
ZNF34	4	0.016422	0.05267	0.582791	94	3	-0.6552	0.37574	0.37452	0.983324	402	0	-0.6552
GAPDH	4	0.016867	0.053941	0.582791	95	3	-0.77971	0.25664	0.25554	0.977518	275	0	-0.77971
NRBP2	4	0.016953	0.054175	0.582791	96	3	-0.89598	0.80196	0.80313	0.999995	804	0	-0.89598
QSOX1	4	0.017442	0.055512	0.582791	97	4	-0.63899	0.98256	0.98248	0.999995	1004	0	-0.63899
CDK7	4	0.017564	0.055877	0.582791	98	3	-0.96118	0.89639	0.89651	0.999995	893	0	-0.96118
PSMB3	3	0.017702	0.045695	0.560544	99	3	-0.91886	0.9823	0.98204	0.999995	1003	0	-0.91886
RPS3	3	0.017846	0.04605	0.560544	100	2	-1.0303	0.43456	0.43315	0.983324	460	0	-1.0303
XYLT2	4	0.018174	0.057522	0.582791	101	4	-0.57859	0.98183	0.98172	0.999995	1002	0	-0.57859
ATP6V1C1	4	0.018267	0.057756	0.582791	102	4	-0.69554	0.98173	0.98166	0.999995	1001	0	-0.69554
PFN1	4	0.018276	0.057784	0.582791	103	2	-0.44662	0.3262	0.32466	0.977518	347	0	-0.44662
MMD2	4	0.018643	0.058962	0.589062	104	4	-0.52191	0.98136	0.98132	0.999995	1000	0	-0.52191
SLC11A2	4	0.018834	0.05957	0.589572	105	4	-0.73838	0.98117	0.98118	0.999995	999	0	-0.73838
MED12	4	0.019147	0.060411	0.592363	106	2	-0.53589	0.4695	0.46892	0.983324	502	0	-0.53589
INTS6	3	0.019721	0.050809	0.582791	107	3	-1.097	0.9361	0.9354	0.999995	943	0	-1.097
PFAS	4	0.020031	0.063057	0.599098	108	2	-0.52862	0.91385	0.91384	0.999995	913	0	-0.52862
ATP5F1D	4	0.020337	0.063852	0.599098	109	4	-0.6704	0.97808	0.97814	0.999995	994	0	-0.6704
FLNC	4	0.020357	0.063898	0.599098	110	4	-0.42056	0.97964	0.97961	0.999995	998	0	-0.42056
LONP1	4	0.020368	0.063926	0.599098	111	3	-0.76858	0.57692	0.57701	0.999995	605	0	-0.76858
CLTA	4	0.02067	0.064927	0.601609	112	3	-0.54821	0.86423	0.86526	0.999995	861	0	-0.54821
CDK5R1	4	0.021206	0.066712	0.601609	113	3	-0.58409	0.45476	0.45425	0.983324	487	0	-0.58409
RPL8	4	0.021388	0.067292	0.601609	114	4	-0.75452	0.97861	0.97861	0.999995	997	0	-0.75452
PEF1	4	0.021652	0.067891	0.601609	115	4	-0.53745	0.97835	0.97843	0.999995	996	0	-0.53745
TUFM	3	0.021703	0.05539	0.582791	116	2	-0.73424	0.18845	0.18828	0.970624	197	0	-0.73424
CCNT2	4	0.021758	0.068171	0.601609	117	4	-0.58517	0.97824	0.97831	0.999995	995	0	-0.58517
AKAP11	4	0.022133	0.069284	0.606374	118	4	-0.379	0.97787	0.97794	0.999995	993	0	-0.379
CLNS1A	3	0.022708	0.057644	0.582791	119	3	-0.56007	0.90915	0.9087	0.999995	907	0	-0.56007
ASF1A	4	0.022802	0.071406	0.612713	120	2	-0.18398	0.014471	0.017395	0.970624	16	1	-0.18398
MED13	4	0.023028	0.071929	0.612713	121	3	-0.80066	0.76476	0.76525	0.999995	768	0	-0.80066
RANBP9	4	0.023132	0.072322	0.612713	122	3	-0.59822	0.22068	0.22029	0.970624	234	0	-0.59822
PSMB8	4	0.023519	0.073369	0.616651	123	3	-0.45606	0.26487	0.26383	0.977518	283	0	-0.45606
DHX9	3	0.024201	0.061187	0.594468	124	3	-0.71282	0.9758	0.9753	0.999995	992	0	-0.71282
HSCB	4	0.02459	0.076567	0.633852	125	4	-1.0146	0.93981	0.93965	0.999995	948	0	-1.0146
CTR9	4	0.024774	0.077174	0.633852	126	4	-0.64874	0.97286	0.97301	0.999995	984	0	-0.64874
EAF1	4	0.02501	0.07781	0.633852	127	4	-0.58357	0.97499	0.97504	0.999995	991	0	-0.58357
ADM	4	0.025069	0.077941	0.633852	128	4	-0.54588	0.97493	0.975	0.999995	990	0	-0.54588
RPS19	4	0.025251	0.078409	0.633852	129	4	-0.88105	0.96979	0.96994	0.999995	980	0	-0.88105
RFC2	4	0.025567	0.079325	0.636401	130	2	-0.72666	0.47877	0.4776	0.983324	511	0	-0.72666
SIN3A	4	0.025983	0.080465	0.640698	131	3	-0.72441	0.80911	0.81118	0.999995	812	0	-0.72441
TBC1D28	3	0.026509	0.066357	0.601609	132	3	-0.58924	0.97349	0.97318	0.999995	989	0	-0.58924
TOP1	4	0.026519	0.082092	0.648773	133	4	-0.75225	0.97348	0.97356	0.999995	988	0	-0.75225
DYNLRB1	3	0.026697	0.066834	0.601609	134	3	-1.0601	0.9733	0.97297	0.999995	987	0	-1.0601
FZD8	4	0.026891	0.083102	0.651536	135	4	-0.33469	0.97311	0.97319	0.999995	986	0	-0.33469
MYBL2	4	0.027079	0.083672	0.651536	136	4	-0.51891	0.97292	0.97304	0.999995	985	0	-0.51891
CDK5R2	4	0.027863	0.085748	0.654058	137	3	-0.50013	0.76885	0.76965	0.999995	773	0	-0.50013
SFPQ	4	0.028326	0.08715	0.654058	138	3	-0.43257	0.59818	0.59784	0.999995	623	0	-0.43257
THRAP3	4	0.028419	0.08744	0.654058	139	4	-0.59122	0.97158	0.97169	0.999995	982	0	-0.59122
SNRPD3	4	0.028498	0.087702	0.654058	140	3	-0.79462	0.92065	0.9206	0.999995	923	0	-0.79462
RHOT2	4	0.029256	0.089703	0.662782	141	4	-0.61815	0.95907	0.95947	0.999995	969	0	-0.61815
HMG20B	4	0.029406	0.090123	0.662782	142	4	-0.56888	0.97059	0.97074	0.999995	981	0	-0.56888
RP1	4	0.030419	0.092797	0.67774	143	4	-0.51179	0.96958	0.96971	0.999995	979	0	-0.51179
RNF40	4	0.031458	0.095602	0.688725	144	4	-0.36275	0.96854	0.96892	0.999995	978	0	-0.36275
AKIRIN2	4	0.031881	0.096715	0.692032	145	4	-0.64179	0.96812	0.96855	0.999995	977	0	-0.64179
EPS15	4	0.03237	0.098061	0.696931	146	3	-0.74402	0.82964	0.83161	0.999995	828	0	-0.74402
SF1	4	0.032659	0.098715	0.696931	147	3	-0.62456	0.3192	0.31751	0.977518	338	0	-0.62456
GATAD2A	4	0.033974	0.10238	0.718018	148	2	-0.35729	0.084047	0.084177	0.970624	85	1	-0.35729
EIF3J	4	0.034741	0.10425	0.720057	149	3	-0.53761	0.48222	0.48124	0.983324	514	0	-0.53761
TOB1	4	0.035113	0.10498	0.720057	150	4	-0.49884	0.96489	0.96529	0.999995	975	0	-0.49884
AHCYL1	4	0.035255	0.10539	0.720057	151	3	-0.65379	0.92545	0.92556	0.999995	930	0	-0.65379
TUBB	3	0.035823	0.087234	0.654058	152	2	-0.53533	0.13782	0.13837	0.970624	142	0	-0.53533
POLR2B	4	0.036972	0.11025	0.731451	153	3	-0.80945	0.055596	0.056232	0.970624	53	1	-0.80945
MED26	4	0.037294	0.11115	0.731451	154	4	-0.44369	0.96271	0.96307	0.999995	974	0	-0.44369
MTUS2	4	0.037374	0.11136	0.731451	155	4	-0.4808	0.96263	0.96301	0.999995	973	0	-0.4808
CRY2	4	0.037519	0.1118	0.731451	156	3	-0.68697	0.84479	0.84686	0.999995	842	0	-0.68697
MED20	4	0.037855	0.11272	0.731451	157	4	-0.60468	0.96215	0.96251	0.999995	972	0	-0.60468
COX6B2	4	0.03796	0.11297	0.731451	158	3	-0.61771	0.34691	0.34574	0.977518	371	0	-0.61771
EIF3B	4	0.038181	0.11365	0.731451	159	3	-0.79757	0.64264	0.64184	0.999995	666	0	-0.79757
COPZ1	4	0.038393	0.11415	0.731451	160	1	-0.12461	0.2269	0.22666	0.970624	243	0	-0.12461
RIC8A	4	0.038515	0.11453	0.731451	161	4	-0.6469	0.94403	0.94384	0.999995	950	0	-0.6469
ADSS	3	0.038569	0.093751	0.680015	162	1	-0.0023467	0.098326	0.099276	0.970624	99	0	-0.0023467
PTPN6	4	0.038585	0.11466	0.731451	163	4	-0.57764	0.96141	0.96194	0.999995	971	0	-0.57764
EPC2	4	0.039076	0.11615	0.736557	164	3	-0.71173	0.72965	0.72933	0.999995	732	0	-0.71173
RNF38	4	0.039575	0.11729	0.739362	165	4	-0.50047	0.96042	0.961	0.999995	970	0	-0.50047
ASCL1	4	0.04048	0.11979	0.748417	166	3	-0.54832	0.67287	0.67197	0.999995	694	0	-0.54832
DUSP10	4	0.040672	0.12024	0.748417	167	3	-0.41222	0.24226	0.24176	0.977518	261	0	-0.41222
IPO5	4	0.041124	0.12138	0.748417	168	3	-0.6285	0.37178	0.37061	0.983324	397	0	-0.6285
PPP3CC	4	0.041182	0.12156	0.748417	169	4	-0.64478	0.95882	0.95925	0.999995	967	0	-0.64478
HMGCS1	3	0.043361	0.1051	0.720057	170	3	-0.72528	0.89354	0.89323	0.999995	890	0	-0.72528
PRPF38A	4	0.04385	0.12867	0.783117	171	3	-0.5718	0.40552	0.40402	0.983324	428	0	-0.5718
ISL1	4	0.044723	0.13078	0.791429	172	4	-0.41195	0.95528	0.95583	0.999995	965	0	-0.41195
RPS8	3	0.044903	0.10879	0.731451	173	3	-0.73294	0.9551	0.95465	0.999995	964	0	-0.73294
COX6B1	8	0.045022	0.16894	0.86825	174	5	-0.50778	0.41886	0.41853	0.983324	445	0	-0.50778
VCP	4	0.045664	0.13326	0.80184	175	3	-0.5172	0.51302	0.51197	0.983324	548	0	-0.5172
YIF1A	4	0.046296	0.13498	0.807602	176	4	-0.61945	0.9537	0.95427	0.999995	963	0	-0.61945
GABPB2	4	0.046672	0.13597	0.808258	177	4	-0.37628	0.95333	0.95392	0.999995	962	0	-0.37628
VMP1	4	0.046945	0.13662	0.808258	178	3	-0.72283	0.87103	0.87162	0.999995	866	0	-0.72283
ISCA2	4	0.047335	0.1375	0.808938	179	4	-0.41444	0.95266	0.95317	0.999995	961	0	-0.41444
RPL37A	2	0.047532	0.084626	0.654058	180	1	-0.66259	0.26562	0.26509	0.977518	285	0	-0.66259
GSDMD	4	0.047831	0.13861	0.80946	181	3	-0.70917	0.40932	0.40786	0.983324	435	0	-0.70917
IRF4	4	0.048086	0.13911	0.80946	182	3	-0.52501	0.36579	0.36453	0.983324	392	0	-0.52501
MYH7	4	0.048683	0.14063	0.813802	183	4	-0.36745	0.95132	0.95168	0.999995	960	0	-0.36745
FANCF	4	0.049171	0.14198	0.817181	184	4	-0.57653	0.95083	0.95115	0.999995	958	0	-0.57653
KCNT1	4	0.049504	0.14279	0.817367	185	3	-0.63745	0.90677	0.90658	0.999995	905	0	-0.63745
ACTL7A	4	0.050558	0.14541	0.825021	186	4	-0.53178	0.94944	0.9496	0.999995	957	0	-0.53178
SEPHS2	4	0.05106	0.14644	0.825021	187	4	-0.45652	0.94894	0.94913	0.999995	956	0	-0.45652
SIK2	4	0.051079	0.14646	0.825021	188	3	-0.60649	0.1507	0.15079	0.970624	159	0	-0.60649
ATP5PB	4	0.051936	0.14855	0.826525	189	2	-0.45371	0.3276	0.32621	0.977518	350	0	-0.45371
PSMC3	4	0.051994	0.14869	0.826525	190	2	-0.57995	0.30215	0.30023	0.977518	319	0	-0.57995
HNRNPH3	4	0.052178	0.14907	0.826525	191	4	-0.4957	0.94782	0.94792	0.999995	955	0	-0.4957
BAP1	4	0.052487	0.14993	0.826965	192	4	-0.3025	0.94751	0.94757	0.999995	954	0	-0.3025
CNOT7	4	0.052895	0.15103	0.827415	193	2	-0.40962	0.47124	0.47063	0.983324	504	0	-0.40962
MAT2A	4	0.053225	0.15185	0.827415	194	3	-0.62451	0.9055	0.90551	0.999995	903	0	-0.62451
ATR	4	0.053538	0.15261	0.827415	195	3	-0.53378	0.20894	0.20837	0.970624	218	0	-0.53378
ESRP1	4	0.05377	0.15314	0.827415	196	3	-0.54829	0.92149	0.9214	0.999995	924	0	-0.54829
TOMM22	4	0.054231	0.15417	0.828743	197	3	-0.54318	0.69386	0.69327	0.999995	713	0	-0.54318
FOXK2	4	0.054895	0.15595	0.832504	198	4	-0.43766	0.94511	0.9451	0.999995	952	0	-0.43766
RBPJL	4	0.055108	0.15644	0.832504	199	4	-0.42858	0.94489	0.94485	0.999995	951	0	-0.42858
DGAT1	4	0.055862	0.15842	0.83491	200	3	-0.53238	0.41876	0.4175	0.983324	444	0	-0.53238
GSX1	4	0.056263	0.15958	0.836609	201	3	-0.55455	0.90645	0.90637	0.999995	904	0	-0.55455
MED13L	4	0.05782	0.16355	0.851073	202	3	-0.67021	0.90324	0.90328	0.999995	901	0	-0.67021
DMXL2	4	0.057963	0.16395	0.851073	203	3	-0.52568	0.91219	0.91227	0.999995	911	0	-0.52568
CHUK	8	0.058956	0.20481	0.920184	204	6	-0.46764	0.44965	0.44878	0.983324	478	0	-0.46764
RSBN1L	4	0.059838	0.16842	0.86825	205	3	-0.62188	0.68567	0.68487	0.999995	705	0	-0.62188
PXDN	4	0.060414	0.16971	0.86825	206	4	-0.34467	0.93959	0.93941	0.999995	947	0	-0.34467
CDIPT	4	0.061362	0.172	0.874153	207	3	-0.45676	0.57643	0.57653	0.999995	604	0	-0.45676
FAM50A	4	0.061567	0.17252	0.874153	208	4	-0.51502	0.93843	0.93827	0.999995	945	0	-0.51502
PUM2	4	0.062195	0.17384	0.876638	209	3	-0.8231	0.63255	0.63165	0.999995	652	0	-0.8231
ACTL6A	4	0.063077	0.17558	0.880979	210	3	-0.74509	0.55637	0.55624	0.999995	585	0	-0.74509
FANCM	4	0.063819	0.17692	0.880979	211	3	-0.62609	0.44697	0.44643	0.983324	475	0	-0.62609
UNC119	4	0.063999	0.17719	0.880979	212	3	-0.55657	0.88589	0.88589	0.999995	878	0	-0.55657
SMARCA4	4	0.064607	0.17824	0.882044	213	3	-0.53977	0.88404	0.88426	0.999995	876	0	-0.53977
TCF3	4	0.065679	0.17985	0.88277	214	3	-0.39315	0.51847	0.51736	0.983324	556	0	-0.39315
WRN	4	0.065833	0.18005	0.88277	215	3	-0.53085	0.73211	0.73166	0.999995	735	0	-0.53085
BICD2	4	0.067324	0.18245	0.890382	216	3	-0.52966	0.9165	0.91639	0.999995	919	0	-0.52966
MTX1	3	0.067992	0.15847	0.83491	217	2	-0.54544	0.20971	0.20879	0.970624	219	0	-0.54544
KIF20A	8	0.070038	0.23111	0.959794	218	5	-0.39041	0.005858	0.011776	0.970624	8	2	-0.39041
TUBB2A	4	0.071163	0.18891	0.913099	219	2	-0.43912	0.23307	0.2325	0.970624	252	0	-0.43912
RPL18A	2	0.072145	0.1251	0.765781	220	2	-0.74936	0.92785	0.92809	0.999995	933	0	-0.74936
PACS1	4	0.072201	0.19059	0.913099	221	2	-0.45303	0.36446	0.36304	0.983275	391	0	-0.45303
RGS19	4	0.072462	0.19105	0.913099	222	3	-0.6225	0.56699	0.56721	0.999995	594	0	-0.6225
SPAG9	4	0.072722	0.19141	0.913099	223	3	-0.59672	0.76093	0.76132	0.999995	763	0	-0.59672
RHOBTB2	4	0.073808	0.19316	0.915206	224	3	-0.65488	0.63608	0.63514	0.999995	655	0	-0.65488
CDK2	4	0.074341	0.19389	0.915206	225	3	-0.6529	0.57098	0.57123	0.999995	599	0	-0.6529
HNRNPK	4	0.075087	0.1952	0.915206	226	2	-0.48729	0.3043	0.30249	0.977518	322	0	-0.48729
COQ10A	4	0.075134	0.19531	0.915206	227	3	-0.59605	0.6559	0.65511	0.999995	676	0	-0.59605
ATP5F1A	4	0.075881	0.19666	0.917455	228	2	-0.46384	0.8223	0.82449	0.999995	823	0	-0.46384
PMPCB	4	0.076996	0.19839	0.918542	229	2	-0.33686	0.6352	0.63429	0.999995	654	0	-0.33686
SLC25A28	4	0.077827	0.19973	0.918542	230	3	-0.43558	0.56799	0.56835	0.999995	595	0	-0.43558
CTPS1	4	0.078017	0.20003	0.918542	231	2	-0.41373	0.79375	0.79505	0.999995	796	0	-0.41373
XAB2	4	0.078339	0.20036	0.918542	232	3	-0.6259	0.89977	0.90007	0.999995	897	0	-0.6259
CLDN4	4	0.079363	0.20208	0.920176	233	3	-0.34594	0.68606	0.68533	0.999995	706	0	-0.34594
RING1	4	0.079634	0.20246	0.920176	234	3	-0.53209	0.12041	0.12049	0.970624	121	0	-0.53209
PAF1	4	0.081098	0.20456	0.920184	235	3	-0.45984	0.93142	0.93151	0.999995	939	0	-0.45984
SLC9A3R2	4	0.081408	0.20506	0.920184	236	3	-0.38876	0.93267	0.93279	0.999995	941	0	-0.38876
BZW2	4	0.083381	0.2083	0.930756	237	3	-0.48947	0.93584	0.93601	0.999995	942	0	-0.48947
PTTG1	3	0.084187	0.19127	0.913099	238	3	-0.5913	0.91581	0.91556	0.999995	916	0	-0.5913
SPOP	4	0.086681	0.2136	0.946284	239	2	-0.33415	0.74074	0.74029	0.999995	740	0	-0.33415
TSG101	4	0.086789	0.21373	0.946284	240	2	-0.48712	0.88254	0.88295	0.999995	874	0	-0.48712
YAF2	4	0.087558	0.21513	0.946284	241	2	-0.31699	0.37508	0.37376	0.983324	401	0	-0.31699
TNPO2	4	0.087693	0.21535	0.946284	242	3	-0.47848	0.48849	0.48749	0.983324	522	0	-0.47848
MRPL27	4	0.088423	0.21661	0.947897	243	3	-0.63318	0.85804	0.85948	0.999995	857	0	-0.63318
MED23	4	0.089038	0.21778	0.949089	244	3	-0.60462	0.71821	0.7175	0.999995	728	0	-0.60462
PRDM16	4	0.089711	0.21876	0.94946	245	3	-0.48473	0.92861	0.92859	0.999995	934	0	-0.48473
POLR2A	4	0.091569	0.22187	0.955446	246	3	-0.57291	0.64133	0.64038	0.999995	663	0	-0.57291
EIF3L	4	0.09213	0.22258	0.955446	247	3	-0.57886	0.86611	0.86689	0.999995	863	0	-0.57886
COX4I2	4	0.092318	0.22285	0.955446	248	3	-0.46253	0.30358	0.30173	0.977518	321	0	-0.46253
NAA15	4	0.094178	0.22581	0.95801	249	2	-0.46341	0.25514	0.25417	0.977518	274	0	-0.46341
RPL5	4	0.094549	0.22642	0.95801	250	3	-0.58749	0.91533	0.91529	0.999995	914	0	-0.58749
UCHL5	4	0.094756	0.22679	0.95801	251	3	-0.5248	0.66176	0.66091	0.999995	681	0	-0.5248
SAP30L	4	0.095925	0.22882	0.958194	252	3	-0.47265	0.52763	0.52682	0.986609	565	0	-0.47265
S1PR4	4	0.096309	0.22951	0.958194	253	3	-0.4832	0.16063	0.16051	0.970624	170	0	-0.4832
ABL2	4	0.096501	0.22982	0.958194	254	3	-0.53754	0.76125	0.76175	0.999995	764	0	-0.53754
MRPL55	4	0.098828	0.23389	0.96172	255	3	-0.38605	0.069903	0.070424	0.970624	70	1	-0.38605
XPR1	4	0.099023	0.23414	0.96172	256	3	-0.54099	0.9323	0.93233	0.999995	940	0	-0.54099
PDS5A	4	0.099132	0.2343	0.96172	257	3	-0.55103	0.9016	0.90173	0.999995	898	0	-0.55103
KLF4	4	0.10179	0.23867	0.972106	258	2	-0.39464	0.21208	0.21151	0.970624	223	0	-0.39464
RPL11	3	0.10256	0.22706	0.95801	259	3	-0.53637	0.89744	0.89708	0.999995	894	0	-0.53637
BTG1	4	0.10478	0.24308	0.986287	260	3	-0.40364	0.8915	0.89176	0.999995	886	0	-0.40364
ARHGEF7	4	0.10598	0.24498	0.990193	261	2	-0.39629	0.43115	0.4302	0.983324	456	0	-0.39629
CRK	4	0.10661	0.24599	0.990494	262	3	-0.47308	0.62899	0.62835	0.999995	649	0	-0.47308
BZW1	3	0.10805	0.23719	0.969819	263	3	-0.38628	0.89195	0.89176	0.999995	887	0	-0.38628
DDX5	4	0.10871	0.2491	0.99886	264	3	-0.54746	0.64867	0.64796	0.999995	669	0	-0.54746
COPS7B	4	0.10928	0.24995	0.99886	265	3	-0.55518	0.38752	0.386	0.983324	412	0	-0.55518
SNX2	4	0.11115	0.25291	0.999995	266	3	-0.43043	0.028326	0.030278	0.970624	29	1	-0.43043
LSM4	4	0.11219	0.25466	0.999995	267	3	-0.48697	0.32271	0.32107	0.977518	342	0	-0.48697
PLXDC2	4	0.11367	0.2569	0.999995	268	3	-0.45912	0.51956	0.51855	0.983324	558	0	-0.45912
TOMM20L	4	0.11494	0.25888	0.999995	269	3	-0.39425	0.10755	0.1081	0.970624	109	0	-0.39425
TOMM40	7	0.11541	0.31542	0.999995	270	4	-0.49624	0.41534	0.41583	0.983324	441	0	-0.49624
ATP6V1D	4	0.11642	0.26108	0.999995	271	2	-0.54205	0.6422	0.64122	0.999995	665	0	-0.54205
ERO1B	4	0.11767	0.26296	0.999995	272	3	-0.46333	0.49358	0.49268	0.983324	528	0	-0.46333
CPSF3	4	0.11815	0.26375	0.999995	273	3	-0.58448	0.90803	0.90813	0.999995	906	0	-0.58448
SNTA1	4	0.11923	0.26563	0.999995	274	3	-0.39371	0.67771	0.67679	0.999995	700	0	-0.39371
EPS15L1	4	0.11945	0.26608	0.999995	275	3	-0.48746	0.6626	0.66174	0.999995	682	0	-0.48746
MT2A	4	0.11967	0.26631	0.999995	276	3	-0.32579	0.86715	0.86781	0.999995	864	0	-0.32579
IL6R	4	0.12018	0.26715	0.999995	277	2	-0.33704	0.51083	0.5097	0.983324	545	0	-0.33704
CCT6A	3	0.12152	0.26113	0.999995	278	2	-0.4998	0.22525	0.22443	0.970624	240	0	-0.4998
RIMKLB	3	0.12176	0.26159	0.999995	279	2	-0.38884	0.87341	0.8737	0.999995	868	0	-0.38884
GPSM1	4	0.12185	0.27013	0.999995	280	3	-0.48548	0.66673	0.66596	0.999995	688	0	-0.48548
PPP2CA	8	0.12194	0.34631	0.999995	281	4	-0.24037	0.084041	0.089123	0.970624	84	1	-0.24037
ASF1B	8	0.12327	0.34892	0.999995	282	5	-0.36356	0.94223	0.94186	0.999995	949	0	-0.36356
NAA11	4	0.1234	0.27248	0.999995	283	3	-0.46722	0.75932	0.75947	0.999995	762	0	-0.46722
AKIRIN1	4	0.1254	0.27547	0.999995	284	3	-0.5226	0.74716	0.74672	0.999995	749	0	-0.5226
UTP14A	4	0.12674	0.2772	0.999995	285	3	-0.55083	0.21913	0.21859	0.970624	233	0	-0.55083
CAND1	4	0.12719	0.27791	0.999995	286	3	-0.52554	0.4385	0.43768	0.983324	466	0	-0.52554
CDS2	4	0.12784	0.27903	0.999995	287	3	-0.53938	0.31	0.30818	0.977518	328	0	-0.53938
NCOR2	4	0.12809	0.2795	0.999995	288	3	-0.52193	0.88534	0.88533	0.999995	877	0	-0.52193
HEATR5B	4	0.12832	0.27985	0.999995	289	3	-0.48487	0.074341	0.074678	0.970624	75	1	-0.48487
TAMM41	4	0.12881	0.28061	0.999995	290	2	-0.37554	0.092805	0.092629	0.970624	92	1	-0.37554
GYS1	4	0.12922	0.28126	0.999995	291	3	-0.43414	0.88367	0.88404	0.999995	875	0	-0.43414
POU4F2	4	0.13043	0.28285	0.999995	292	2	-0.42243	0.77228	0.77315	0.999995	774	0	-0.42243
LOR	4	0.13059	0.28305	0.999995	293	3	-0.46382	0.81868	0.82094	0.999995	818	0	-0.46382
RALGPS2	4	0.13127	0.28406	0.999995	294	3	-0.57982	0.80056	0.80165	0.999995	803	0	-0.57982
RPA1	4	0.13205	0.28525	0.999995	295	3	-0.51288	0.60804	0.60727	0.999995	631	0	-0.51288
CAVIN1	4	0.13242	0.28577	0.999995	296	3	-0.46904	0.92558	0.92573	0.999995	931	0	-0.46904
PPP2R1A	4	0.13313	0.2868	0.999995	297	2	-0.41325	0.85563	0.85715	0.999995	853	0	-0.41325
HOXB1	4	0.13401	0.28818	0.999995	298	2	-0.58868	0.6753	0.6745	0.999995	697	0	-0.58868
E2F4	4	0.13404	0.28825	0.999995	299	3	-0.46848	0.90389	0.90387	0.999995	902	0	-0.46848
ULK1	4	0.135	0.28951	0.999995	300	3	-0.51335	0.84502	0.84714	0.999995	843	0	-0.51335
TMEM120A	4	0.13996	0.29675	0.999995	301	2	-0.39009	0.45535	0.45481	0.983324	488	0	-0.39009
FXR2	4	0.14029	0.29728	0.999995	302	3	-0.38137	0.8659	0.86669	0.999995	862	0	-0.38137
SAMD9	4	0.14153	0.29931	0.999995	303	1	-0.073303	0.42125	0.42025	0.983324	446	0	-0.073303
SPTLC2	4	0.14487	0.30411	0.999995	304	1	-0.025594	0.40869	0.40725	0.983324	433	0	-0.025594
SOD1	4	0.14571	0.30542	0.999995	305	3	-0.45929	0.93003	0.93014	0.999995	937	0	-0.45929
WASL	4	0.14598	0.3058	0.999995	306	3	-0.42768	0.92009	0.91998	0.999995	922	0	-0.42768
MTUS1	4	0.14613	0.306	0.999995	307	3	-0.39263	0.40996	0.40857	0.983324	436	0	-0.39263
ATP6V1C2	8	0.14637	0.39368	0.999995	308	4	-0.38261	0.30915	0.30861	0.977518	325	0	-0.38261
CNOT6	4	0.15201	0.31456	0.999995	309	3	-0.38002	0.47415	0.47325	0.983324	507	0	-0.38002
BATF3	4	0.15209	0.31465	0.999995	310	2	-0.39294	0.77597	0.77695	0.999995	780	0	-0.39294
RNF113A	4	0.15226	0.31489	0.999995	311	3	-0.63388	0.92383	0.92378	0.999995	929	0	-0.63388
GCM2	4	0.15278	0.31548	0.999995	312	3	-0.64359	0.42187	0.42087	0.983324	447	0	-0.64359
LMBR1	4	0.15319	0.31602	0.999995	313	1	-0.25163	0.10237	0.10276	0.970624	102	0	-0.25163
ZIC3	4	0.15346	0.31642	0.999995	314	2	-0.43446	0.9099	0.90994	0.999995	908	0	-0.43446
ABTB2	4	0.1535	0.31652	0.999995	315	3	-0.40713	0.80252	0.80371	0.999995	805	0	-0.40713
NUTF2	4	0.15402	0.31721	0.999995	316	1	-0.10374	0.43789	0.43715	0.983324	465	0	-0.10374
SS18L1	4	0.15425	0.3175	0.999995	317	3	-0.50695	0.91867	0.91852	0.999995	920	0	-0.50695
SNAPC4	4	0.15576	0.3199	0.999995	318	3	-0.44835	0.45714	0.45642	0.983324	490	0	-0.44835
BICD1	4	0.15621	0.32055	0.999995	319	2	-0.47413	0.87561	0.87643	0.999995	870	0	-0.47413
FOSL1	3	0.15711	0.30184	0.999995	320	2	-0.39817	0.82165	0.8216	0.999995	822	0	-0.39817
CWF19L1	4	0.16108	0.32738	0.999995	321	3	-0.5329	0.77351	0.77456	0.999995	776	0	-0.5329
CYP7A1	4	0.16159	0.32824	0.999995	322	3	-0.55465	0.78559	0.78649	0.999995	787	0	-0.55465
MYL7	4	0.16176	0.32851	0.999995	323	2	-0.36752	0.4391	0.43837	0.983324	467	0	-0.36752
DHX29	3	0.16377	0.3089	0.999995	324	2	-0.50635	0.26494	0.26395	0.977518	284	0	-0.50635
SAFB2	4	0.16455	0.33288	0.999995	325	2	-0.53771	0.87443	0.87523	0.999995	869	0	-0.53771
FOXK1	4	0.1652	0.33382	0.999995	326	3	-0.41033	0.85119	0.85277	0.999995	848	0	-0.41033
CRY1	4	0.16649	0.3358	0.999995	327	3	-0.50016	0.10841	0.10892	0.970624	110	0	-0.50016
KAT6A	4	0.16701	0.33663	0.999995	328	3	-0.41589	0.82486	0.8268	0.999995	825	0	-0.41589
ZNF423	4	0.16754	0.33726	0.999995	329	3	-0.39265	0.65081	0.65018	0.999995	671	0	-0.39265
HMGCLL1	4	0.16807	0.33802	0.999995	330	2	-0.43086	0.84386	0.84589	0.999995	840	0	-0.43086
SNRPD2	3	0.16807	0.31348	0.999995	331	2	-0.58472	0.74174	0.74251	0.999995	744	0	-0.58472
PLAU	4	0.16842	0.3386	0.999995	332	2	-0.35776	0.82256	0.82469	0.999995	824	0	-0.35776
IKBKB	4	0.16883	0.33916	0.999995	333	1	-0.1931	0.4601	0.45955	0.983324	493	0	-0.1931
NSG2	4	0.16948	0.34037	0.999995	334	2	-0.26625	0.34895	0.34782	0.977518	374	0	-0.26625
ADAP1	4	0.16963	0.3406	0.999995	335	3	-0.58354	0.39335	0.39174	0.983324	419	0	-0.58354
ARID1A	4	0.17016	0.34128	0.999995	336	3	-0.37589	0.91592	0.91583	0.999995	917	0	-0.37589
PKM	3	0.17245	0.31814	0.999995	337	2	-0.67171	0.84036	0.84099	0.999995	837	0	-0.67171
SPDEF	4	0.17253	0.34482	0.999995	338	3	-0.33592	0.83914	0.84094	0.999995	834	0	-0.33592
SAMD4B	4	0.17267	0.34509	0.999995	339	2	-0.49787	0.89221	0.89253	0.999995	888	0	-0.49787
L3MBTL2	4	0.17466	0.34813	0.999995	340	3	-0.45571	0.85253	0.85415	0.999995	850	0	-0.45571
CDK8	4	0.17546	0.34912	0.999995	341	3	-0.5557	0.92939	0.92944	0.999995	936	0	-0.5557
SMARCC2	4	0.17552	0.34924	0.999995	342	2	-0.45159	0.53718	0.53636	0.9965	570	0	-0.45159
GDI2	8	0.17773	0.4382	0.999995	343	5	-0.3914	0.12327	0.12521	0.970624	124	1	-0.3914
JUP	4	0.17842	0.35358	0.999995	344	3	-0.31794	0.035655	0.037346	0.970624	36	1	-0.31794
LARP1B	4	0.17859	0.35386	0.999995	345	2	-0.426	0.47762	0.47652	0.983324	510	0	-0.426
PLCG2	4	0.17947	0.35531	0.999995	346	2	-0.35961	0.041124	0.042713	0.970624	41	1	-0.35961
AP3M1	4	0.18091	0.35727	0.999995	347	3	-0.4961	0.93632	0.93635	0.999995	944	0	-0.4961
PHLDA3	4	0.18194	0.35891	0.999995	348	3	-0.35531	0.75049	0.75034	0.999995	750	0	-0.35531
UNC45B	4	0.18249	0.35978	0.999995	349	3	-0.453	0.93104	0.93127	0.999995	938	0	-0.453
SIN3B	4	0.18276	0.36012	0.999995	350	3	-0.45251	0.78853	0.78945	0.999995	790	0	-0.45251
RNF113B	4	0.18688	0.36601	0.999995	351	3	-0.37296	0.92205	0.92202	0.999995	926	0	-0.37296
EZH1	4	0.18827	0.36779	0.999995	352	1	-0.30414	0.88007	0.88049	0.999995	873	0	-0.30414
CHSY3	4	0.19072	0.37132	0.999995	353	3	-0.37682	0.76854	0.76934	0.999995	772	0	-0.37682
ABCG2	4	0.19227	0.37337	0.999995	354	1	-0.029768	0.012613	0.015712	0.970624	14	1	-0.029768
ARPC5L	4	0.19255	0.3738	0.999995	355	3	-0.44189	0.90258	0.90261	0.999995	900	0	-0.44189
PRDM13	4	0.19292	0.37434	0.999995	356	2	-0.2614	0.3537	0.35242	0.977518	381	0	-0.2614
RAN	4	0.19467	0.37667	0.999995	357	1	-0.1451	0.41248	0.41112	0.983324	438	0	-0.1451
CAP2	4	0.19526	0.37756	0.999995	358	3	-0.44453	0.71894	0.7182	0.999995	729	0	-0.44453
MCPH1	4	0.19734	0.38051	0.999995	359	2	-0.45291	0.21287	0.21223	0.970624	224	0	-0.45291
FKBP4	4	0.19786	0.38116	0.999995	360	3	-0.42973	0.82511	0.82699	0.999995	826	0	-0.42973
CALY	4	0.1981	0.38149	0.999995	361	3	-0.32296	0.89758	0.89785	0.999995	895	0	-0.32296
ACTL6B	4	0.20104	0.38526	0.999995	362	2	-0.41062	0.87892	0.8794	0.999995	872	0	-0.41062
SPATA21	4	0.20179	0.38632	0.999995	363	2	-0.27917	0.65166	0.65112	0.999995	672	0	-0.27917
ZMIZ2	4	0.20182	0.38635	0.999995	364	3	-0.42583	0.70038	0.70004	0.999995	719	0	-0.42583
CAPN2	4	0.20365	0.38918	0.999995	365	2	-0.46319	0.82587	0.82776	0.999995	827	0	-0.46319
RBM22	4	0.20499	0.39118	0.999995	366	2	-0.38763	0.51901	0.51794	0.983324	557	0	-0.38763
TGM6	4	0.20528	0.39163	0.999995	367	3	-0.54155	0.8899	0.89007	0.999995	882	0	-0.54155
PSMB6	4	0.20557	0.39201	0.999995	368	3	-0.55433	0.88754	0.88761	0.999995	879	0	-0.55433
CABP5	4	0.20627	0.39302	0.999995	369	2	-0.41698	0.75477	0.75494	0.999995	754	0	-0.41698
TEX45	4	0.20701	0.39397	0.999995	370	2	-0.21725	0.16719	0.16722	0.970624	177	0	-0.21725
UAP1L1	4	0.20819	0.39556	0.999995	371	3	-0.45922	0.56849	0.56886	0.999995	596	0	-0.45922
SLC9A3R1	4	0.21259	0.40181	0.999995	372	3	-0.38346	0.90193	0.90204	0.999995	899	0	-0.38346
TMEM9B	4	0.21303	0.40242	0.999995	373	3	-0.36319	0.78999	0.79113	0.999995	791	0	-0.36319
PSMB9	4	0.21495	0.405	0.999995	374	3	-0.47658	0.5891	0.58914	0.999995	613	0	-0.47658
PRG3	4	0.21567	0.40593	0.999995	375	2	-0.45343	0.83962	0.84141	0.999995	835	0	-0.45343
ANKRD10	4	0.21643	0.40688	0.999995	376	3	-0.39128	0.72789	0.72757	0.999995	731	0	-0.39128
FOXE3	4	0.21795	0.40916	0.999995	377	2	-0.27096	0.23384	0.23321	0.970624	253	0	-0.27096
TCERG1	4	0.21871	0.41033	0.999995	378	2	-0.40363	0.29568	0.29382	0.977518	312	0	-0.40363
RBBP4	3	0.21902	0.36735	0.999995	379	2	-0.75084	0.655	0.654	0.999995	675	0	-0.75084
CTSZ	4	0.22062	0.41296	0.999995	380	3	-0.37806	0.85519	0.85663	0.999995	852	0	-0.37806
PIP4P2	4	0.22068	0.41308	0.999995	381	3	-0.4741	0.80556	0.80716	0.999995	808	0	-0.4741
CLASP1	4	0.22303	0.41609	0.999995	382	3	-0.39967	0.68842	0.68786	0.999995	709	0	-0.39967
RPS15	2	0.22374	0.34933	0.999995	383	2	-0.43385	0.77626	0.77581	0.999995	781	0	-0.43385
TAP1	4	0.22404	0.41738	0.999995	384	2	-0.33247	0.59102	0.59105	0.999995	616	0	-0.33247
ARID1B	4	0.22697	0.42167	0.999995	385	3	-0.38005	0.69154	0.69083	0.999995	710	0	-0.38005
IFIH1	4	0.2271	0.42181	0.999995	386	2	-0.36177	0.32969	0.32824	0.977518	353	0	-0.36177
MTA1	4	0.22727	0.422	0.999995	387	3	-0.39753	0.42869	0.4277	0.983324	453	0	-0.39753
GOLPH3	4	0.22749	0.42231	0.999995	388	2	-0.37752	0.92232	0.9223	0.999995	927	0	-0.37752
CAP1	4	0.23153	0.42792	0.999995	389	2	-0.29516	0.37706	0.37589	0.983324	403	0	-0.29516
SMAP1	4	0.23172	0.42813	0.999995	390	3	-0.43656	0.87083	0.87139	0.999995	865	0	-0.43656
CAND2	4	0.2331	0.42998	0.999995	391	3	-0.42939	0.045664	0.047032	0.970624	44	1	-0.42939
PRSS37	4	0.23384	0.43108	0.999995	392	2	-0.2047	0.14069	0.14093	0.970624	146	0	-0.2047
RSBN1	4	0.23403	0.43141	0.999995	393	3	-0.40792	0.91548	0.91538	0.999995	915	0	-0.40792
SEPHS1	3	0.23404	0.38303	0.999995	394	2	-0.47399	0.066415	0.066264	0.970624	65	1	-0.47399
EFR3B	4	0.23433	0.43177	0.999995	395	3	-0.43528	0.5356	0.5348	0.996302	568	0	-0.43528
SBF1	4	0.23442	0.43187	0.999995	396	2	-0.39629	0.86148	0.86265	0.999995	859	0	-0.39629
SHMT1	4	0.23481	0.43243	0.999995	397	2	-0.32462	0.785	0.78601	0.999995	786	0	-0.32462
RNF144B	4	0.23495	0.43263	0.999995	398	3	-0.4919	0.58958	0.58951	0.999995	614	0	-0.4919
BTBD11	4	0.23526	0.43302	0.999995	399	3	-0.3451	0.83088	0.83295	0.999995	831	0	-0.3451
AFG3L2	3	0.23589	0.38494	0.999995	400	1	-0.24115	0.52505	0.52322	0.984181	563	0	-0.24115
SLC22A8	4	0.23635	0.43457	0.999995	401	2	-0.3595	0.45237	0.45168	0.983324	483	0	-0.3595
LIMK1	4	0.2365	0.43479	0.999995	402	3	-0.40224	0.31426	0.31277	0.977518	331	0	-0.40224
NHLRC1	4	0.23829	0.43684	0.999995	403	2	-0.35434	0.49696	0.49592	0.983324	533	0	-0.35434
ABCC3	4	0.23837	0.43699	0.999995	404	3	-0.35433	0.79404	0.79532	0.999995	797	0	-0.35433
TBP	4	0.23844	0.43705	0.999995	405	3	-0.34446	0.70416	0.70363	0.999995	721	0	-0.34446
COX4I1	4	0.23868	0.43732	0.999995	406	2	-0.44462	0.84175	0.84361	0.999995	838	0	-0.44462
FOXB1	4	0.23899	0.43775	0.999995	407	3	-0.38224	0.87834	0.87898	0.999995	871	0	-0.38224
PAX4	4	0.23984	0.43885	0.999995	408	2	-0.4559	0.48164	0.48063	0.983324	513	0	-0.4559
COPG2	4	0.23997	0.43905	0.999995	409	2	-0.34558	0.073454	0.07379	0.970624	74	1	-0.34558
IMPDH1	4	0.24218	0.44204	0.999995	410	2	-0.41588	0.67731	0.67641	0.999995	699	0	-0.41588
RPS23	2	0.24255	0.37256	0.999995	411	2	-0.57796	0.75745	0.7569	0.999995	758	0	-0.57796
LIN28B	4	0.24257	0.44265	0.999995	412	2	-0.45516	0.17046	0.1707	0.970624	179	0	-0.45516
UTP14C	4	0.24302	0.44327	0.999995	413	2	-0.2718	0.14987	0.14991	0.970624	158	0	-0.2718
SEC23B	4	0.24559	0.44647	0.999995	414	3	-0.42967	0.73	0.72974	0.999995	733	0	-0.42967
INCENP	4	0.24717	0.44854	0.999995	415	3	-0.33581	0.74683	0.74637	0.999995	748	0	-0.33581
LGALS9	4	0.24764	0.44933	0.999995	416	2	-0.15553	0.036568	0.038244	0.970624	37	1	-0.15553
HNRNPF	4	0.24844	0.45036	0.999995	417	3	-0.38775	0.74142	0.74093	0.999995	742	0	-0.38775
GMPR2	4	0.24908	0.45138	0.999995	418	3	-0.45429	0.61953	0.61848	0.999995	643	0	-0.45429
GBX2	4	0.25004	0.45255	0.999995	419	3	-0.29858	0.38817	0.38661	0.983324	414	0	-0.29858
ARFGEF1	4	0.25061	0.45323	0.999995	420	1	-0.17818	0.14904	0.14911	0.970624	157	0	-0.17818
PXDNL	4	0.25078	0.45351	0.999995	421	3	-0.41382	0.69847	0.69781	0.999995	717	0	-0.41382
WDR12	4	0.25137	0.45439	0.999995	422	2	-0.44768	0.059188	0.059803	0.970624	57	1	-0.44768
EPHA2	4	0.25156	0.45462	0.999995	423	2	-0.30539	0.17778	0.17778	0.970624	186	0	-0.30539
ARPC5	4	0.25195	0.4551	0.999995	424	3	-0.40973	0.54191	0.54089	0.998046	573	0	-0.40973
TSTD1	4	0.25323	0.45682	0.999995	425	3	-0.35541	0.068124	0.068564	0.970624	67	1	-0.35541
TNR	4	0.25363	0.45734	0.999995	426	2	-0.43584	0.68409	0.68312	0.999995	704	0	-0.43584
RNF103	4	0.25438	0.4584	0.999995	427	2	-0.24651	0.26264	0.26146	0.977518	281	0	-0.24651
TREM2	4	0.25452	0.45861	0.999995	428	3	-0.42216	0.67851	0.67765	0.999995	701	0	-0.42216
IMPDH2	4	0.25581	0.4604	0.999995	429	3	-0.42931	0.929	0.929	0.999995	935	0	-0.42931
GJA8	4	0.25677	0.46154	0.999995	430	3	-0.40889	0.66756	0.66672	0.999995	690	0	-0.40889
EFR3A	4	0.26001	0.46573	0.999995	431	3	-0.40418	0.3283	0.32681	0.977518	351	0	-0.40418
TPST1	4	0.26039	0.46625	0.999995	432	3	-0.38256	0.64523	0.64475	0.999995	668	0	-0.38256
DBT	4	0.26131	0.46766	0.999995	433	3	-0.36129	0.20973	0.20922	0.970624	220	0	-0.36129
COPS7A	4	0.26196	0.46852	0.999995	434	3	-0.35333	0.89043	0.89071	0.999995	883	0	-0.35333
TOMM40L	4	0.26229	0.46893	0.999995	435	3	-0.35127	0.75705	0.75715	0.999995	757	0	-0.35127
SLC35F3	4	0.26264	0.46931	0.999995	436	1	-0.26481	0.59723	0.59698	0.999995	621	0	-0.26481
APOBEC1	4	0.26459	0.47172	0.999995	437	2	-0.39933	0.45297	0.45241	0.983324	484	0	-0.39933
ESRP2	4	0.26523	0.47258	0.999995	438	3	-0.31311	0.91234	0.91247	0.999995	912	0	-0.31311
ARFIP2	4	0.2672	0.47514	0.999995	439	3	-0.39987	0.8118	0.81398	0.999995	813	0	-0.39987
MARCKS	4	0.26819	0.47633	0.999995	440	3	-0.32511	0.088434	0.088384	0.970624	89	1	-0.32511
YBX3	4	0.26885	0.47708	0.999995	441	3	-0.30512	0.47646	0.4754	0.983324	509	0	-0.30512
RNF44	4	0.26934	0.47776	0.999995	442	1	-0.15579	0.2804	0.27891	0.977518	300	0	-0.15579
TOP2B	4	0.27136	0.48017	0.999995	443	2	-0.24529	0.11956	0.1196	0.970624	120	0	-0.24529
ANAPC4	4	0.27248	0.48163	0.999995	444	3	-0.42558	0.85717	0.8586	0.999995	855	0	-0.42558
IRF8	4	0.27281	0.482	0.999995	445	3	-0.33658	0.066342	0.066862	0.970624	64	1	-0.33658
MORF4L2	4	0.27414	0.48382	0.999995	446	3	-0.35305	0.76253	0.76318	0.999995	765	0	-0.35305
ALDOC	4	0.27535	0.48529	0.999995	447	2	-0.3665	0.8039	0.80533	0.999995	806	0	-0.3665
CTPS2	4	0.27915	0.48995	0.999995	448	3	-0.28273	0.658	0.65735	0.999995	678	0	-0.28273
PDGFC	4	0.27949	0.49034	0.999995	449	3	-0.2879	0.23153	0.23096	0.970624	250	0	-0.2879
ZMIZ1	4	0.27967	0.49048	0.999995	450	2	-0.29192	0.37969	0.37847	0.983324	405	0	-0.29192
MED31	4	0.2805	0.49157	0.999995	451	3	-0.40719	0.66714	0.6664	0.999995	689	0	-0.40719
MYBPH	4	0.28096	0.4922	0.999995	452	2	-0.36831	0.56044	0.5607	0.999995	589	0	-0.36831
SLC32A1	4	0.28218	0.49353	0.999995	453	3	-0.46951	0.83063	0.83266	0.999995	830	0	-0.46951
MAK	4	0.28406	0.49603	0.999995	454	1	-0.1398	0.020955	0.023285	0.970624	21	1	-0.1398
CCNL2	4	0.28522	0.49763	0.999995	455	3	-0.31336	0.5201	0.51905	0.983324	559	0	-0.31336
RXFP3	4	0.28556	0.498	0.999995	456	3	-0.39821	0.76539	0.766	0.999995	769	0	-0.39821
APOBEC3C	4	0.28623	0.49893	0.999995	457	3	-0.32559	0.78262	0.78374	0.999995	785	0	-0.32559
NXT1	4	0.2866	0.49938	0.999995	458	3	-0.37939	0.6825	0.68155	0.999995	703	0	-0.37939
YIF1B	4	0.28691	0.49967	0.999995	459	3	-0.30485	0.72576	0.7255	0.999995	730	0	-0.30485
NCKAP1	4	0.28698	0.49976	0.999995	460	3	-0.40466	0.18425	0.18476	0.970624	193	0	-0.40466
SMC1A	4	0.28759	0.50044	0.999995	461	3	-0.46126	0.91005	0.91011	0.999995	909	0	-0.46126
H2BFM	4	0.28821	0.50127	0.999995	462	2	-0.29006	0.30072	0.29875	0.977518	317	0	-0.29006
STX4	4	0.28861	0.50179	0.999995	463	3	-0.23476	0.67691	0.67609	0.999995	698	0	-0.23476
S100A6	4	0.28929	0.50269	0.999995	464	3	-0.26982	0.10669	0.10729	0.970624	108	0	-0.26982
POLR2F	4	0.29144	0.50535	0.999995	465	2	-0.26004	0.39012	0.38852	0.983324	415	0	-0.26004
BCAP31	4	0.29306	0.50736	0.999995	466	3	-0.38121	0.19865	0.19866	0.970624	208	0	-0.38121
TIMP2	4	0.29511	0.51024	0.999995	467	3	-0.30119	0.56196	0.56218	0.999995	591	0	-0.30119
RBMXL2	4	0.2967	0.51213	0.999995	468	2	-0.18734	0.023724	0.02594	0.970624	25	1	-0.18734
FSD1	4	0.29683	0.51233	0.999995	469	3	-0.37548	0.46833	0.46787	0.983324	500	0	-0.37548
GNB3	4	0.29752	0.51318	0.999995	470	3	-0.30185	0.84733	0.84938	0.999995	846	0	-0.30185
XRCC4	4	0.2989	0.5151	0.999995	471	3	-0.40924	0.69502	0.69421	0.999995	714	0	-0.40924
GDF15	4	0.29928	0.51566	0.999995	472	1	-0.12713	0.15402	0.15405	0.970624	163	0	-0.12713
CLTB	4	0.29959	0.51607	0.999995	473	3	-0.34293	0.61036	0.60965	0.999995	633	0	-0.34293
GPSM2	4	0.29995	0.51651	0.999995	474	2	-0.20985	0.034741	0.036533	0.970624	35	1	-0.20985
SBF2	3	0.30087	0.45174	0.999995	475	2	-0.44722	0.85188	0.85195	0.999995	849	0	-0.44722
DST	4	0.30167	0.51864	0.999995	476	3	-0.31311	0.91636	0.91622	0.999995	918	0	-0.31311
HPS1	4	0.30375	0.52127	0.999995	477	3	-0.25401	0.41562	0.41431	0.983324	442	0	-0.25401
HNRNPH1	4	0.30442	0.52222	0.999995	478	2	-0.25724	0.61588	0.61469	0.999995	638	0	-0.25724
PTCH1	4	0.30445	0.52223	0.999995	479	3	-0.39484	0.31779	0.31628	0.977518	336	0	-0.39484
DGKI	4	0.30501	0.52297	0.999995	480	2	-0.24456	0.28916	0.28758	0.977518	307	0	-0.24456
LATS2	4	0.30523	0.52325	0.999995	481	2	-0.24625	0.27082	0.26961	0.977518	289	0	-0.24625
SEC11C	4	0.30689	0.52539	0.999995	482	3	-0.38581	0.92177	0.92171	0.999995	925	0	-0.38581
SERPINA11	4	0.30727	0.52588	0.999995	483	2	-0.25266	0.13313	0.13349	0.970624	136	0	-0.25266
DLL4	4	0.30829	0.52724	0.999995	484	3	-0.27793	0.63871	0.6378	0.999995	660	0	-0.27793
MAPK8IP3	4	0.30864	0.52766	0.999995	485	3	-0.40055	0.92301	0.92305	0.999995	928	0	-0.40055
RAMP2	4	0.31074	0.53012	0.999995	486	3	-0.38672	0.54918	0.54831	0.999995	577	0	-0.38672
TBC1D9	4	0.31109	0.5306	0.999995	487	3	-0.30424	0.83986	0.84169	0.999995	836	0	-0.30424
PTF1A	4	0.31144	0.53104	0.999995	488	3	-0.43336	0.6409	0.63994	0.999995	662	0	-0.43336
BUB1B	4	0.31176	0.53142	0.999995	489	2	-0.38233	0.81447	0.8169	0.999995	815	0	-0.38233
TPST2	4	0.31215	0.53187	0.999995	490	3	-0.34625	0.35167	0.35052	0.977518	377	0	-0.34625
KIT	8	0.31229	0.61083	0.999995	491	5	-0.25373	0.71295	0.71208	0.999995	727	0	-0.25373
IPO7	3	0.31365	0.46454	0.999995	492	2	-0.53037	0.58883	0.58764	0.999995	612	0	-0.53037
ADSSL1	4	0.31462	0.53382	0.999995	493	2	-0.38564	0.73559	0.7353	0.999995	736	0	-0.38564
SOS1	4	0.31585	0.53456	0.999995	494	2	-0.29858	0.5862	0.58616	0.999995	610	0	-0.29858
GXYLT1	4	0.32569	0.54188	0.999995	495	2	-0.23306	0.070792	0.071247	0.970624	71	1	-0.23306
SMARCC1	4	0.32899	0.54439	0.999995	496	2	-0.37935	0.43177	0.43082	0.983324	457	0	-0.37935
SLC25A25	4	0.33392	0.54817	0.999995	497	2	-0.33101	0.35505	0.35359	0.977518	382	0	-0.33101
CASP4	4	0.33599	0.54979	0.999995	498	2	-0.29426	0.21444	0.21379	0.970624	227	0	-0.29426
GIT2	4	0.33887	0.5518	0.999995	499	2	-0.33259	0.0098205	0.012907	0.970624	12	1	-0.33259
FLOT2	4	0.34006	0.55259	0.999995	500	1	-0.12875	0.22999	0.22957	0.970624	248	0	-0.12875
MED8	4	0.34011	0.55261	0.999995	501	2	-0.35014	0.78589	0.78675	0.999995	788	0	-0.35014
ARSJ	4	0.34094	0.55314	0.999995	502	2	-0.3409	0.87244	0.87309	0.999995	867	0	-0.3409
SEC31B	4	0.34135	0.55353	0.999995	503	2	-0.36823	0.81341	0.81561	0.999995	814	0	-0.36823
ZEB1	4	0.34486	0.55608	0.999995	504	2	-0.36688	0.40742	0.40591	0.983324	431	0	-0.36688
PSMA2	4	0.34714	0.55785	0.999995	505	2	-0.39631	0.022802	0.025117	0.970624	23	1	-0.39631
TRPM1	4	0.34895	0.5591	0.999995	506	1	-0.25146	0.30144	0.29947	0.977518	318	0	-0.25146
LRFN1	4	0.35377	0.56252	0.999995	507	2	-0.27336	0.5163	0.5152	0.983324	551	0	-0.27336
CYP26C1	4	0.35501	0.56316	0.999995	508	2	-0.11804	0.06545	0.065936	0.970624	63	1	-0.11804
TPBGL	4	0.35667	0.56453	0.999995	509	2	-0.28192	0.75673	0.75686	0.999995	756	0	-0.28192
TMEM30A	4	0.36331	0.56943	0.999995	510	2	-0.39544	0.84409	0.84623	0.999995	841	0	-0.39544
BRD8	4	0.36581	0.57145	0.999995	511	2	-0.41614	0.79972	0.80097	0.999995	802	0	-0.41614
UTRN	4	0.37205	0.57594	0.999995	512	2	-0.45291	0.25363	0.25253	0.977518	272	0	-0.45291
ABCA3	4	0.3731	0.5768	0.999995	513	2	-0.19472	0.73731	0.73693	0.999995	737	0	-0.19472
BARHL1	4	0.37371	0.5771	0.999995	514	2	-0.27841	0.2415	0.24096	0.977518	260	0	-0.27841
VIM	4	0.37376	0.57711	0.999995	515	1	-0.078921	0.51028	0.50925	0.983324	544	0	-0.078921
AP5M1	4	0.37871	0.58038	0.999995	516	2	-0.34804	0.31567	0.31412	0.977518	333	0	-0.34804
GRHL3	4	0.38037	0.58155	0.999995	517	2	-0.33432	0.55942	0.55956	0.999995	588	0	-0.33432
UNC119B	4	0.381	0.58217	0.999995	518	2	-0.27625	0.85607	0.85759	0.999995	854	0	-0.27625
MMD	4	0.38165	0.58266	0.999995	519	2	-0.34965	0.76728	0.76808	0.999995	770	0	-0.34965
WAS	4	0.38427	0.58447	0.999995	520	1	-0.17565	0.81946	0.82153	0.999995	819	0	-0.17565
GRM4	4	0.38687	0.58615	0.999995	521	2	-0.33094	0.26711	0.26599	0.977518	286	0	-0.33094
RB1	4	0.38746	0.58652	0.999995	522	2	-0.31767	0.47357	0.47275	0.983324	506	0	-0.31767
TANC1	4	0.38787	0.58677	0.999995	523	2	-0.37394	0.89132	0.89155	0.999995	885	0	-0.37394
PMM2	4	0.38871	0.58736	0.999995	524	2	-0.2058	0.48451	0.4837	0.983324	518	0	-0.2058
ICK	4	0.38882	0.58746	0.999995	525	2	-0.36971	0.75346	0.75349	0.999995	753	0	-0.36971
CYFIP1	4	0.39204	0.58976	0.999995	526	2	-0.28076	0.12975	0.13003	0.970624	132	0	-0.28076
NAA16	4	0.39538	0.59235	0.999995	527	2	-0.40422	0.61862	0.61763	0.999995	640	0	-0.40422
RPS11	3	0.39578	0.54834	0.999995	528	2	-0.59661	0.3524	0.35051	0.977518	379	0	-0.59661
IRF6	4	0.39722	0.59357	0.999995	529	2	-0.38446	0.5939	0.59371	0.999995	619	0	-0.38446
GOLPH3L	4	0.39746	0.59372	0.999995	530	2	-0.21795	0.50476	0.50363	0.983324	538	0	-0.21795
MYD88	4	0.39955	0.59531	0.999995	531	2	-0.26238	0.19307	0.19347	0.970624	201	0	-0.26238
ILF3	4	0.4017	0.59677	0.999995	532	2	-0.2559	0.32411	0.32253	0.977518	344	0	-0.2559
GABPB1	4	0.40539	0.5997	0.999995	533	2	-0.25374	0.5228	0.522	0.983625	562	0	-0.25374
NDUFC1	4	0.40664	0.60057	0.999995	534	2	-0.3608	0.79289	0.79416	0.999995	794	0	-0.3608
RNF10	4	0.40742	0.60111	0.999995	535	2	-0.35869	0.39271	0.39104	0.983324	418	0	-0.35869
FKBP9	4	0.41123	0.60381	0.999995	536	2	-0.29133	0.33731	0.33579	0.977518	360	0	-0.29133
MORF4L1	3	0.4117	0.56438	0.999995	537	2	-0.48888	0.74146	0.74222	0.999995	743	0	-0.48888
FAM71A	4	0.41311	0.60528	0.999995	538	2	-0.40779	0.69656	0.69596	0.999995	715	0	-0.40779
DYNC1LI2	4	0.41457	0.60629	0.999995	539	2	-0.3437	0.43422	0.43343	0.983324	459	0	-0.3437
SLC11A1	4	0.41582	0.60721	0.999995	540	2	-0.28482	0.63696	0.63591	0.999995	656	0	-0.28482
ZAP70	4	0.41625	0.60748	0.999995	541	2	-0.16049	0.22612	0.22575	0.970624	242	0	-0.16049
PDX1	4	0.41666	0.60777	0.999995	542	2	-0.32548	0.75867	0.75885	0.999995	760	0	-0.32548
OSMR	4	0.41999	0.61063	0.999995	543	2	-0.34419	0.78202	0.78322	0.999995	783	0	-0.34419
HEATR5A	4	0.42041	0.61104	0.999995	544	2	-0.29673	0.52816	0.52731	0.986609	566	0	-0.29673
PPP2CB	3	0.42244	0.57565	0.999995	545	1	-0.30772	0.80533	0.80565	0.999995	807	0	-0.30772
RPL6	1	0.42279	0.42311	0.999995	546	1	-0.34808	0.57721	0.57792	0.999995	606	0	-0.34808
IQCA1	4	0.42291	0.61297	0.999995	547	2	-0.26779	0.67001	0.66909	0.999995	692	0	-0.26779
RECK	4	0.42374	0.61359	0.999995	548	2	-0.30303	0.37837	0.37714	0.983324	404	0	-0.30303
COPZ2	4	0.4256	0.61512	0.999995	549	1	-0.20762	0.37045	0.36934	0.983324	396	0	-0.20762
SMARCA2	4	0.42583	0.61523	0.999995	550	2	-0.27903	0.40806	0.40658	0.983324	432	0	-0.27903
KLK12	4	0.42622	0.61546	0.999995	551	1	-0.1931	0.064557	0.065235	0.970624	62	1	-0.1931
TANC2	3	0.42701	0.58013	0.999995	552	2	-0.29048	0.61919	0.61934	0.999995	642	0	-0.29048
FUT5	4	0.42708	0.61598	0.999995	553	2	-0.34556	0.89079	0.89098	0.999995	884	0	-0.34556
MOGAT2	4	0.42931	0.61776	0.999995	554	1	-0.26985	0.76444	0.76499	0.999995	767	0	-0.26985
NAPA	4	0.43054	0.61866	0.999995	555	2	-0.46743	0.22302	0.22257	0.970624	237	0	-0.46743
PACS2	4	0.433	0.62053	0.999995	556	1	-0.11721	0.31708	0.31563	0.977518	335	0	-0.11721
PAPSS1	4	0.43544	0.62244	0.999995	557	2	-0.40026	0.45595	0.45538	0.983324	489	0	-0.40026
SIRPA	3	0.43574	0.58902	0.999995	558	2	-0.32613	0.23412	0.23311	0.970624	254	0	-0.32613
IKBKE	4	0.43606	0.62284	0.999995	559	2	-0.30601	0.84618	0.84806	0.999995	845	0	-0.30601
NR5A2	4	0.43666	0.62328	0.999995	560	2	-0.22898	0.046571	0.047976	0.970624	45	1	-0.22898
MTMR4	4	0.43789	0.62411	0.999995	561	1	-0.17173	0.29206	0.29034	0.977518	310	0	-0.17173
KPNA2	3	0.43936	0.59287	0.999995	562	2	-0.30102	0.63846	0.63774	0.999995	659	0	-0.30102
CDC34	4	0.44214	0.62738	0.999995	563	1	-0.27749	0.41185	0.41048	0.983324	437	0	-0.27749
CCNE2	4	0.44333	0.62833	0.999995	564	2	-0.30144	0.19945	0.19934	0.970624	209	0	-0.30144
FARS2	4	0.44577	0.63004	0.999995	565	1	-0.29109	0.85365	0.85513	0.999995	851	0	-0.29109
DENND5A	4	0.44624	0.63042	0.999995	566	2	-0.34264	0.71199	0.71126	0.999995	726	0	-0.34264
TAF1	4	0.44637	0.63055	0.999995	567	1	0.027034	0.18183	0.18211	0.970624	190	0	0.027034
PPP3R2	4	0.45621	0.63795	0.999995	568	2	-0.38831	0.17697	0.17698	0.970624	185	0	-0.38831
MACF1	4	0.45663	0.63821	0.999995	569	2	-0.25189	0.59865	0.59837	0.999995	624	0	-0.25189
SOAT1	4	0.45704	0.63851	0.999995	570	2	-0.44053	0.51684	0.51562	0.983324	553	0	-0.44053
ZNF284	4	0.45714	0.63856	0.999995	571	1	-0.30228	0.84548	0.84746	0.999995	844	0	-0.30228
ATP8B3	4	0.45787	0.63907	0.999995	572	2	-0.24386	0.53876	0.53792	0.99765	571	0	-0.24386
LARP1	4	0.45829	0.63938	0.999995	573	2	-0.36335	0.33316	0.33178	0.977518	356	0	-0.36335
UMPS	4	0.45891	0.63986	0.999995	574	1	-0.10477	0.4256	0.42466	0.983324	451	0	-0.10477
FLT1	4	0.45912	0.64004	0.999995	575	2	-0.24934	0.2964	0.29456	0.977518	313	0	-0.24934
ANKRD37	4	0.45951	0.6403	0.999995	576	2	-0.20542	0.19147	0.19187	0.970624	199	0	-0.20542
HTR3E	4	0.46069	0.64115	0.999995	577	1	-0.12328	0.45416	0.45369	0.983324	486	0	-0.12328
CFL1	4	0.46128	0.6416	0.999995	578	2	-0.30814	0.59006	0.59	0.999995	615	0	-0.30814
SKA1	4	0.4654	0.64471	0.999995	579	2	-0.25849	0.34759	0.3464	0.977518	372	0	-0.25849
RNF2	3	0.46763	0.62074	0.999995	580	2	-0.28849	0.19335	0.1931	0.970624	202	0	-0.28849
RPL17	3	0.4699	0.62303	0.999995	581	2	-0.31074	0.62727	0.62678	0.999995	648	0	-0.31074
EEFSEC	4	0.4703	0.64827	0.999995	582	2	-0.23864	0.22379	0.22331	0.970624	238	0	-0.23864
FLOT1	4	0.47113	0.64885	0.999995	583	2	-0.31922	0.44153	0.44087	0.983324	470	0	-0.31922
G3BP1	4	0.47403	0.65085	0.999995	584	2	-0.41073	0.77413	0.77516	0.999995	777	0	-0.41073
CADPS	4	0.47692	0.65291	0.999995	585	2	-0.31212	0.56498	0.56528	0.999995	593	0	-0.31212
RPL15	2	0.47802	0.52487	0.999995	586	1	-0.23708	0.20698	0.20722	0.970624	217	0	-0.23708
TCF4	4	0.47857	0.65422	0.999995	587	2	-0.21255	0.20341	0.20321	0.970624	213	0	-0.21255
SOHLH1	4	0.48164	0.65649	0.999995	588	1	-0.21655	0.50087	0.49964	0.983324	536	0	-0.21655
MANF	4	0.48336	0.65787	0.999995	589	2	-0.41956	0.38296	0.38195	0.983324	409	0	-0.41956
PTPN21	4	0.48476	0.65894	0.999995	590	2	-0.23096	0.68051	0.67956	0.999995	702	0	-0.23096
CCNE1	4	0.48641	0.66	0.999995	591	2	-0.20278	0.4964	0.49543	0.983324	532	0	-0.20278
AP1G2	4	0.48679	0.66025	0.999995	592	1	-0.19726	0.48565	0.48457	0.983324	519	0	-0.19726
GMPR	4	0.48682	0.66028	0.999995	593	2	-0.29333	0.77566	0.77667	0.999995	779	0	-0.29333
PRKAB2	4	0.48723	0.6606	0.999995	594	2	-0.33079	0.8576	0.85905	0.999995	856	0	-0.33079
CSTF2T	4	0.48846	0.66162	0.999995	595	2	-0.33117	0.19547	0.19572	0.970624	205	0	-0.33117
SNRPB2	3	0.48904	0.6423	0.999995	596	1	-0.17349	0.42876	0.42701	0.983324	454	0	-0.17349
CD44	4	0.4897	0.66239	0.999995	597	2	-0.25157	0.34417	0.34281	0.977518	368	0	-0.25157
EGFR	4	0.49133	0.66356	0.999995	598	1	-0.16449	0.12721	0.12757	0.970624	129	0	-0.16449
PTPN14	4	0.49586	0.66704	0.999995	599	2	-0.35192	0.69231	0.69177	0.999995	711	0	-0.35192
EZH2	4	0.49864	0.66918	0.999995	600	1	-0.003867	0.15733	0.15708	0.970624	167	0	-0.003867
SAR1A	8	0.49964	0.76951	0.999995	601	4	-0.26481	0.0016771	0.0036977	0.783168	5	2	-0.26481
SLC10A2	4	0.50201	0.6718	0.999995	602	2	-0.29583	0.61999	0.61898	0.999995	644	0	-0.29583
DEGS2	4	0.50283	0.67242	0.999995	603	2	-0.30397	0.64046	0.63943	0.999995	661	0	-0.30397
COPG1	4	0.50421	0.6735	0.999995	604	1	-0.1447	0.27525	0.27382	0.977518	294	0	-0.1447
CRYBB2	4	0.50488	0.67398	0.999995	605	2	-0.22563	0.75835	0.75853	0.999995	759	0	-0.22563
ATOH1	4	0.50774	0.67631	0.999995	606	2	-0.30042	0.51138	0.51027	0.983324	546	0	-0.30042
LHFPL5	4	0.50808	0.67659	0.999995	607	1	-0.095272	0.27746	0.27618	0.977518	297	0	-0.095272
TBC1D1	4	0.50815	0.67666	0.999995	608	2	-0.38288	0.78022	0.78152	0.999995	782	0	-0.38288
KIAA0319	4	0.50938	0.67749	0.999995	609	2	-0.17201	0.27599	0.27456	0.977518	295	0	-0.17201
ZWILCH	4	0.51346	0.68041	0.999995	610	2	-0.18713	0.30858	0.30682	0.977518	324	0	-0.18713
ADAP2	4	0.51509	0.68151	0.999995	611	2	-0.36783	0.70791	0.70701	0.999995	724	0	-0.36783
NMT2	4	0.51549	0.68178	0.999995	612	2	-0.29394	0.48963	0.4886	0.983324	523	0	-0.29394
HMGCS2	4	0.5163	0.68241	0.999995	613	1	-0.15349	0.11785	0.11778	0.970624	118	0	-0.15349
RPRD1A	4	0.522	0.68688	0.999995	614	2	-0.31443	0.5977	0.59741	0.999995	622	0	-0.31443
RCBTB1	4	0.52334	0.68794	0.999995	615	1	-0.26607	0.51357	0.51245	0.983324	549	0	-0.26607
LSM14A	4	0.52602	0.68992	0.999995	616	1	-0.064053	0.11013	0.11035	0.970624	111	0	-0.064053
OSBPL6	4	0.52727	0.69075	0.999995	617	2	-0.28965	0.45356	0.45309	0.983324	485	0	-0.28965
GALR3	4	0.53051	0.69321	0.999995	618	2	-0.3497	0.89274	0.89307	0.999995	889	0	-0.3497
SLCO2B1	4	0.53172	0.694	0.999995	619	2	-0.20159	0.21051	0.20992	0.970624	221	0	-0.20159
YIPF5	4	0.53293	0.69478	0.999995	620	2	-0.16319	0.3	0.29798	0.977518	316	0	-0.16319
NAPB	4	0.53349	0.69519	0.999995	621	2	-0.27451	0.28406	0.28251	0.977518	304	0	-0.27451
CAB39L	4	0.53374	0.69539	0.999995	622	2	-0.22745	0.49246	0.49159	0.983324	527	0	-0.22745
DMXL1	4	0.53576	0.69698	0.999995	623	2	-0.24443	0.19467	0.19494	0.970624	204	0	-0.24443
BRSK1	4	0.53778	0.69854	0.999995	624	2	-0.28147	0.098029	0.097995	0.970624	98	0	-0.28147
HACD1	4	0.53876	0.69935	0.999995	625	1	-0.13362	0.60196	0.60148	0.999995	626	0	-0.13362
TOB2	4	0.53981	0.7001	0.999995	626	1	-0.13134	0.4654	0.46501	0.983324	497	0	-0.13134
DUOX1	4	0.54138	0.70111	0.999995	627	1	-0.22384	0.37376	0.37253	0.983324	400	0	-0.22384
CDNF	4	0.54341	0.70276	0.999995	628	2	-0.30863	0.81998	0.82203	0.999995	821	0	-0.30863
NCKAP1L	4	0.54381	0.70297	0.999995	629	2	-0.26613	0.1306	0.13076	0.970624	133	0	-0.26613
SYK	4	0.54541	0.70402	0.999995	630	2	-0.19745	0.39141	0.38975	0.983324	417	0	-0.19745
KRTAP10-10	4	0.54622	0.70477	0.999995	631	2	-0.32005	0.75543	0.75561	0.999995	755	0	-0.32005
EPC1	4	0.54815	0.70631	0.999995	632	1	-0.32151	0.44275	0.44202	0.983324	472	0	-0.32151
G6PC	4	0.55062	0.70803	0.999995	633	2	-0.3733	0.85955	0.86078	0.999995	858	0	-0.3733
H1FOO	4	0.5533	0.71016	0.999995	634	2	-0.31498	0.7949	0.79621	0.999995	798	0	-0.31498
COQ10B	4	0.55462	0.71113	0.999995	635	2	-0.33411	0.65842	0.65773	0.999995	679	0	-0.33411
CHMP1B	4	0.55581	0.71225	0.999995	636	2	-0.28562	0.79115	0.79234	0.999995	793	0	-0.28562
SERPINA12	8	0.55584	0.80796	0.999995	637	2	-0.10668	0.69349	0.69237	0.999995	712	0	-0.10668
SPTA1	4	0.55621	0.71257	0.999995	638	2	-0.25736	0.34143	0.34016	0.977518	364	0	-0.25736
APH1B	4	0.55637	0.71273	0.999995	639	1	-0.20962	0.29279	0.29099	0.977518	311	0	-0.20962
CSTF2	4	0.55701	0.71327	0.999995	640	2	-0.29768	0.51738	0.5162	0.983324	555	0	-0.29768
XPO7	4	0.55739	0.71358	0.999995	641	2	-0.31148	0.060085	0.06071	0.970624	58	1	-0.31148
RHOT1	4	0.5578	0.71394	0.999995	642	2	-0.34218	0.80611	0.8078	0.999995	809	0	-0.34218
RANBP10	4	0.5594	0.71526	0.999995	643	2	-0.24883	0.47008	0.46951	0.983324	503	0	-0.24883
RNF130	4	0.56196	0.71732	0.999995	644	2	-0.28182	0.17128	0.17144	0.970624	180	0	-0.28182
SS18	4	0.56456	0.71922	0.999995	645	2	-0.23091	0.49415	0.49317	0.983324	529	0	-0.23091
TSPO2	4	0.56496	0.71956	0.999995	646	2	-0.31229	0.17209	0.17218	0.970624	181	0	-0.31229
SATB2	4	0.56535	0.71987	0.999995	647	2	-0.25557	0.12211	0.12256	0.970624	122	0	-0.25557
MBD3L1	4	0.56694	0.72108	0.999995	648	2	-0.4484	0.81972	0.82176	0.999995	820	0	-0.4484
KRT25	4	0.56733	0.72144	0.999995	649	2	-0.35007	0.59437	0.59413	0.999995	620	0	-0.35007
DYNC1LI1	3	0.56744	0.68141	0.999995	650	1	-0.017229	0.32731	0.32542	0.977518	349	0	-0.017229
LIM2	4	0.56773	0.72175	0.999995	651	2	-0.2856	0.86212	0.86321	0.999995	860	0	-0.2856
ZNF804B	4	0.56852	0.72233	0.999995	652	2	-0.302	0.3428	0.34154	0.977518	366	0	-0.302
RNF20	4	0.56892	0.72265	0.999995	653	2	-0.26552	0.89414	0.89449	0.999995	891	0	-0.26552
ATAD2	4	0.57089	0.72406	0.999995	654	2	-0.25027	0.67205	0.67115	0.999995	693	0	-0.25027
NETO1	4	0.57129	0.72428	0.999995	655	2	-0.34882	0.13481	0.13517	0.970624	139	0	-0.34882
CHRNB3	4	0.57148	0.72435	0.999995	656	1	-0.25602	0.14821	0.1483	0.970624	156	0	-0.25602
RPA3	4	0.57168	0.72448	0.999995	657	2	-0.29748	0.55021	0.5494	0.999995	579	0	-0.29748
NET1	4	0.57444	0.7265	0.999995	658	2	-0.24791	0.23461	0.23402	0.970624	255	0	-0.24791
STRIP1	4	0.57483	0.72672	0.999995	659	2	-0.26952	0.66467	0.66376	0.999995	686	0	-0.26952
RHBDF2	4	0.57641	0.72804	0.999995	660	2	-0.24013	0.047476	0.048752	0.970624	46	1	-0.24013
RPP14	4	0.57719	0.72862	0.999995	661	2	-0.28632	0.60524	0.60458	0.999995	628	0	-0.28632
TIMM23	4	0.57798	0.72927	0.999995	662	2	-0.36513	0.63784	0.63688	0.999995	657	0	-0.36513
MED12L	4	0.57916	0.73016	0.999995	663	2	-0.22504	0.50587	0.50474	0.983324	540	0	-0.22504
DDI2	4	0.58036	0.73099	0.999995	664	1	0.082081	0.067233	0.067666	0.970624	66	1	0.082081
HUS1B	4	0.58151	0.73177	0.999995	665	2	-0.24503	0.64953	0.64882	0.999995	670	0	-0.24503
AP1G1	4	0.5828	0.73271	0.999995	666	1	-0.25694	0.60617	0.60544	0.999995	629	0	-0.25694
MBD4	8	0.58287	0.82575	0.999995	667	3	-0.20547	0.023229	0.036187	0.970624	24	1	-0.20547
CRNN	4	0.58426	0.73375	0.999995	668	1	-0.24497	0.40106	0.39931	0.983324	424	0	-0.24497
DDX39B	4	0.58503	0.7343	0.999995	669	2	-0.28833	0.1041	0.10458	0.970624	104	0	-0.28833
TANK	4	0.58542	0.73455	0.999995	670	2	-0.17417	0.14153	0.14193	0.970624	147	0	-0.17417
TRAPPC3L	4	0.58572	0.73473	0.999995	671	1	0.082998	0.14237	0.14281	0.970624	148	0	0.082998
GFM1	4	0.5862	0.73517	0.999995	672	1	-0.25782	0.04385	0.045387	0.970624	42	1	-0.25782
PDCD4	4	0.58669	0.7355	0.999995	673	2	-0.19012	0.68803	0.68737	0.999995	708	0	-0.19012
NCK2	4	0.58738	0.73613	0.999995	674	2	-0.11933	0.10323	0.1037	0.970624	103	0	-0.11933
HACD2	4	0.58777	0.73645	0.999995	675	2	-0.37726	0.75313	0.75315	0.999995	752	0	-0.37726
SPATA16	4	0.58933	0.73764	0.999995	676	2	-0.38879	0.47992	0.4788	0.983324	512	0	-0.38879
CEACAM1	4	0.59006	0.73804	0.999995	677	1	-0.27309	0.69771	0.69706	0.999995	716	0	-0.27309
TUBB2B	2	0.59116	0.60898	0.999995	678	1	-0.22553	0.4411	0.43961	0.983324	469	0	-0.22553
GLIS3	4	0.59198	0.73956	0.999995	679	1	-0.043309	0.27156	0.27028	0.977518	290	0	-0.043309
TAF9	4	0.59283	0.74034	0.999995	680	2	-0.30936	0.46128	0.46069	0.983324	494	0	-0.30936
ABL1	4	0.59516	0.742	0.999995	681	2	-0.19882	0.55841	0.55839	0.999995	587	0	-0.19882
SAMD4A	4	0.59554	0.74226	0.999995	682	2	-0.37938	0.57396	0.57422	0.999995	603	0	-0.37938
FAM71B	4	0.59748	0.74373	0.999995	683	2	-0.29009	0.38034	0.37904	0.983324	406	0	-0.29009
TTC7A	8	0.5994	0.83673	0.999995	684	3	-0.24887	0.81722	0.81636	0.999995	817	0	-0.24887
CCT6B	4	0.5998	0.74527	0.999995	685	2	-0.37095	0.35573	0.35422	0.977518	383	0	-0.37095
MEP1B	4	0.60173	0.74666	0.999995	686	2	-0.19794	0.037481	0.039263	0.970624	38	1	-0.19794
RUNX1	4	0.60404	0.74842	0.999995	687	2	-0.17959	0.60054	0.60009	0.999995	625	0	-0.17959
ZNRF4	4	0.6043	0.74866	0.999995	688	2	-0.25348	0.66426	0.66333	0.999995	685	0	-0.25348
PMM1	4	0.60443	0.74872	0.999995	689	2	-0.23992	0.40679	0.40527	0.983324	430	0	-0.23992
MYBPHL	4	0.60481	0.749	0.999995	690	2	-0.25048	0.54243	0.54136	0.998046	574	0	-0.25048
KPNA3	4	0.60635	0.75016	0.999995	691	2	-0.21787	0.50973	0.50866	0.983324	543	0	-0.21787
EIF4A3	4	0.6071	0.75069	0.999995	692	1	-0.34751	0.55432	0.55377	0.999995	583	0	-0.34751
NBEAL2	4	0.6075	0.75099	0.999995	693	2	-0.22007	0.79346	0.79478	0.999995	795	0	-0.22007
RAP1GAP	4	0.60789	0.75134	0.999995	694	2	-0.30292	0.76317	0.76377	0.999995	766	0	-0.30292
NLRP8	4	0.60904	0.75216	0.999995	695	2	-0.25359	0.49076	0.48985	0.983324	525	0	-0.25359
TRPC5	4	0.60942	0.75246	0.999995	696	2	-0.15319	0.27673	0.27536	0.977518	296	0	-0.15319
SAP30	4	0.61248	0.75457	0.999995	697	2	-0.27707	0.79746	0.7989	0.999995	801	0	-0.27707
ARFGEF2	4	0.61287	0.75481	0.999995	698	2	-0.3192	0.62451	0.62376	0.999995	645	0	-0.3192
STT3B	4	0.61313	0.75496	0.999995	699	2	-0.26344	0.67408	0.67319	0.999995	696	0	-0.26344
KIAA0319L	4	0.61706	0.75822	0.999995	700	2	-0.34534	0.60896	0.6081	0.999995	632	0	-0.34534
ERN1	4	0.61771	0.75876	0.999995	701	1	-0.096995	0.38492	0.38376	0.983324	410	0	-0.096995
STRIP2	4	0.61862	0.75956	0.999995	702	1	-0.14005	0.038393	0.040029	0.970624	39	1	-0.14005
PGLS	4	0.61896	0.75982	0.999995	703	2	-0.20157	0.3564	0.35496	0.977518	384	0	-0.20157
CHML	4	0.62086	0.76125	0.999995	704	2	-0.1091	0.13902	0.13906	0.970624	144	0	-0.1091
XDH	4	0.6218	0.76206	0.999995	705	1	-0.22167	0.11185	0.11223	0.970624	112	0	-0.22167
GDI1	4	0.622	0.76222	0.999995	706	2	-0.13589	0.36245	0.36096	0.980135	390	0	-0.13589
ADAM19	4	0.62238	0.7626	0.999995	707	2	-0.30223	0.63033	0.62965	0.999995	650	0	-0.30223
ZG16	4	0.62842	0.7675	0.999995	708	2	-0.3576	0.76791	0.76874	0.999995	771	0	-0.3576
STAM	4	0.62899	0.76795	0.999995	709	1	-0.094739	0.34212	0.34084	0.977518	365	0	-0.094739
CD72	4	0.62917	0.76804	0.999995	710	2	-0.16173	0.18102	0.18121	0.970624	189	0	-0.16173
TBPL2	4	0.63443	0.77193	0.999995	711	2	-0.18311	0.24682	0.24607	0.977518	266	0	-0.18311
ZFYVE19	4	0.64264	0.77819	0.999995	712	1	-0.26896	0.77289	0.77391	0.999995	775	0	-0.26896
FBLN1	4	0.64374	0.77904	0.999995	713	2	-0.22317	0.24606	0.24515	0.977518	265	0	-0.22317
FNIP2	4	0.64411	0.77942	0.999995	714	2	-0.28419	0.77443	0.77548	0.999995	778	0	-0.28419
TNKS2	4	0.64448	0.77972	0.999995	715	2	-0.29501	0.16391	0.16391	0.970624	172	0	-0.29501
SIX6	4	0.6448	0.78001	0.999995	716	1	-0.059989	0.25137	0.25045	0.977518	269	0	-0.059989
AXL	4	0.64485	0.78008	0.999995	717	2	-0.28667	0.032911	0.034831	0.970624	33	1	-0.28667
DDX17	4	0.64633	0.78139	0.999995	718	2	-0.28116	0.052895	0.053689	0.970624	51	1	-0.28116
GIT1	4	0.65166	0.78579	0.999995	719	1	-0.21789	0.33593	0.3345	0.977518	359	0	-0.21789
EFNB1	4	0.65187	0.7859	0.999995	720	2	-0.1903	0.28333	0.28193	0.977518	303	0	-0.1903
NRBP1	4	0.65251	0.78641	0.999995	721	1	-0.14627	0.53507	0.53429	0.996302	567	0	-0.14627
CELA2A	4	0.65553	0.78868	0.999995	722	2	-0.26454	0.25889	0.25781	0.977518	277	0	-0.26454
USP5	4	0.65632	0.7892	0.999995	723	2	-0.22001	0.48336	0.48244	0.983324	516	0	-0.22001
FXR1	4	0.65663	0.78946	0.999995	724	2	-0.27825	0.61908	0.61805	0.999995	641	0	-0.27825
IDH2	4	0.65758	0.79032	0.999995	725	1	-0.19334	0.28552	0.28393	0.977518	306	0	-0.19334
NBEA	4	0.65809	0.79068	0.999995	726	2	-0.27573	0.22921	0.22879	0.970624	247	0	-0.27573
PCDH1	4	0.65846	0.79094	0.999995	727	2	-0.26608	0.28187	0.28033	0.977518	301	0	-0.26608
UAP1	4	0.66064	0.79263	0.999995	728	2	-0.22819	0.13144	0.13159	0.970624	134	0	-0.22819
ITGB1BP2	4	0.6621	0.7939	0.999995	729	2	-0.12731	0.083168	0.083261	0.970624	83	1	-0.12731
DUOX2	4	0.66218	0.79396	0.999995	730	1	-0.23135	0.74176	0.74129	0.999995	745	0	-0.23135
RNF125	4	0.66246	0.79413	0.999995	731	2	-0.20137	0.24454	0.24377	0.977518	263	0	-0.20137
IQCA1L	4	0.66301	0.79453	0.999995	732	1	-0.14693	0.66838	0.66762	0.999995	691	0	-0.14693
ERC1	4	0.66426	0.79541	0.999995	733	1	-0.16593	0.34349	0.34231	0.977518	367	0	-0.16593
NDEL1	4	0.66428	0.79542	0.999995	734	2	-0.17052	0.28989	0.28827	0.977518	308	0	-0.17052
SLC22A13	4	0.66464	0.79568	0.999995	735	2	-0.20529	0.25739	0.25635	0.977518	276	0	-0.20529
CCNL1	4	0.66467	0.79569	0.999995	736	2	-0.30512	0.80802	0.81009	0.999995	811	0	-0.30512
VPS26B	4	0.66572	0.79672	0.999995	737	2	-0.29686	0.16309	0.16304	0.970624	171	0	-0.29686
ACACB	4	0.66753	0.79821	0.999995	738	2	-0.20008	0.22146	0.22111	0.970624	235	0	-0.20008
NR5A1	4	0.66797	0.79841	0.999995	739	1	-0.079492	0.2826	0.281	0.977518	302	0	-0.079492
PCBD1	4	0.66897	0.79923	0.999995	740	2	-0.29674	0.082288	0.082401	0.970624	82	1	-0.29674
ZNF185	4	0.67006	0.79998	0.999995	741	2	-0.16358	0.3731	0.37198	0.983324	399	0	-0.16358
ADGRG7	4	0.67042	0.80035	0.999995	742	2	-0.26993	0.75247	0.75252	0.999995	751	0	-0.26993
DYNLT1	4	0.67691	0.80568	0.999995	743	1	0.04115	0.044758	0.046181	0.970624	43	1	0.04115
IDH1	4	0.67811	0.8066	0.999995	744	1	-0.12045	0.41625	0.4149	0.983324	443	0	-0.12045
BECN1	4	0.67829	0.80673	0.999995	745	2	-0.29065	0.64177	0.64083	0.999995	664	0	-0.29065
SLC25A24	4	0.679	0.80728	0.999995	746	2	-0.29852	0.16555	0.16548	0.970624	174	0	-0.29852
APH1A	4	0.68007	0.80812	0.999995	747	2	-0.2337	0.64393	0.64333	0.999995	667	0	-0.2337
USP13	4	0.68011	0.80816	0.999995	748	1	-0.20343	0.35708	0.35558	0.977518	385	0	-0.20343
TTC23	4	0.68171	0.80939	0.999995	749	1	-0.23026	0.759	0.75919	0.999995	761	0	-0.23026
SMAP2	4	0.6822	0.80974	0.999995	750	2	-0.22947	0.14654	0.14653	0.970624	154	0	-0.22947
MBTD1	4	0.6829	0.81029	0.999995	751	1	-0.095975	0.16801	0.16813	0.970624	178	0	-0.095975
CREBBP	4	0.68433	0.8113	0.999995	752	2	-0.19098	0.39077	0.3891	0.983324	416	0	-0.19098
STX12	4	0.68503	0.81189	0.999995	753	2	-0.26935	0.889	0.88899	0.999995	880	0	-0.26935
IL10RA	4	0.6875	0.81399	0.999995	754	2	-0.17336	0.49019	0.48928	0.983324	524	0	-0.17336
PLEK2	4	0.68881	0.81454	0.999995	755	1	-0.30425	0.6601	0.65935	0.999995	680	0	-0.30425
RBPJ	4	0.68959	0.81475	0.999995	756	1	-0.14287	0.057393	0.057952	0.970624	55	1	-0.14287
DMP1	4	0.69115	0.81517	0.999995	757	1	-0.20207	0.078762	0.079082	0.970624	79	1	-0.20207
SNRPN	4	0.69154	0.81535	0.999995	758	1	-0.053466	0.14404	0.14416	0.970624	150	0	-0.053466
GLT6D1	4	0.6927	0.81578	0.999995	759	1	-0.36451	0.61174	0.61084	0.999995	635	0	-0.36451
SLC17A2	4	0.69348	0.81613	0.999995	760	1	0.10235	0.13734	0.13764	0.970624	141	0	0.10235
KRTAP1-1	4	0.69809	0.81758	0.999995	761	1	-0.004832	0.22535	0.2249	0.970624	241	0	-0.004832
RBMX	3	0.69935	0.7478	0.999995	762	1	-0.057751	0.43504	0.4336	0.983324	462	0	-0.057751
GRIP2	4	0.7	0.81823	0.999995	763	1	-0.23427	0.36713	0.36585	0.983324	393	0	-0.23427
RPS28	2	0.70876	0.70914	0.999995	764	1	-0.2191	0.57081	0.57036	0.999995	598	0	-0.2191
EAF2	4	0.70977	0.82112	0.999995	765	1	-0.059935	0.09716	0.097051	0.970624	97	1	-0.059935
FCRL3	4	0.71162	0.82168	0.999995	766	1	-0.11072	0.2113	0.21077	0.970624	222	0	-0.11072
TGFBR2	4	0.71566	0.82296	0.999995	767	1	-0.27521	0.48792	0.48684	0.983324	521	0	-0.27521
SRI	4	0.71712	0.8234	0.999995	768	1	-0.16629	0.061876	0.062356	0.970624	60	1	-0.16629
CRKL	4	0.72111	0.82488	0.999995	769	1	-0.28181	0.18746	0.18778	0.970624	195	0	-0.28181
CRX	4	0.72147	0.82502	0.999995	770	1	-0.078924	0.040214	0.04175	0.970624	40	1	-0.078924
ABCB1	4	0.72718	0.82691	0.999995	771	1	0.0099146	0.0088883	0.011963	0.970624	11	1	0.0099146
ATP6V1B1	4	0.72789	0.82716	0.999995	772	1	-0.1643	0.59246	0.59234	0.999995	618	0	-0.1643
KCNMB3	4	0.72824	0.82724	0.999995	773	1	-0.28693	0.433	0.43207	0.983324	458	0	-0.28693
LRBA	4	0.73176	0.82836	0.999995	774	1	-0.082163	0.5497	0.54882	0.999995	578	0	-0.082163
UBASH3B	4	0.73489	0.82963	0.999995	775	1	-0.13937	0.085804	0.085785	0.970624	87	1	-0.13937
ERO1A	4	0.73559	0.82988	0.999995	776	1	-0.091664	0.23537	0.23477	0.970624	256	0	-0.091664
VPS26A	4	0.73628	0.83008	0.999995	777	1	-0.029993	0.2453	0.24448	0.977518	264	0	-0.029993
SLC25A15	4	0.73835	0.83079	0.999995	778	1	-0.24435	0.57148	0.57168	0.999995	600	0	-0.24435
REG3A	4	0.73869	0.8309	0.999995	779	1	-0.17645	0.49527	0.49429	0.983324	531	0	-0.17645
RPL27A	2	0.74172	0.74081	0.999995	780	1	-0.21125	0.4753	0.47351	0.983324	508	0	-0.21125
LIN28A	3	0.74741	0.77662	0.999995	781	1	-0.23661	0.25225	0.25147	0.977518	270	0	-0.23661
PDGFD	4	0.74916	0.83461	0.999995	782	1	-0.16133	0.020031	0.022424	0.970624	20	1	-0.16133
CYFIP2	4	0.7495	0.83475	0.999995	783	1	-0.29864	0.80638	0.80811	0.999995	810	0	-0.29864
TIMM23B	4	0.75082	0.83519	0.999995	784	1	-0.15968	0.33247	0.33094	0.977518	355	0	-0.15968
TBC1D4	4	0.75477	0.83662	0.999995	785	1	-0.05314	0.46716	0.46677	0.983324	499	0	-0.05314
PTCH2	4	0.75575	0.83697	0.999995	786	1	-0.24708	0.74108	0.74063	0.999995	741	0	-0.24708
RPL31	2	0.75583	0.75548	0.999995	787	0	-0.34132	0.51661	0.51499	0.983324	552	0	-0.34132
EXOC6B	4	0.75803	0.83776	0.999995	788	1	-0.25016	0.34006	0.33886	0.977518	362	0	-0.25016
FMR1	4	0.75867	0.83793	0.999995	789	1	-0.22744	0.43728	0.43658	0.983324	464	0	-0.22744
GBP3	4	0.76093	0.839	0.999995	790	1	-0.1954	0.56448	0.56463	0.999995	592	0	-0.1954
SOS2	4	0.76253	0.83965	0.999995	791	1	-0.16423	0.15485	0.15487	0.970624	164	0	-0.16423
LNX2	4	0.76285	0.83977	0.999995	792	1	-0.0029327	0.21757	0.21694	0.970624	231	0	-0.0029327
BECN2	4	0.76602	0.84093	0.999995	793	1	-0.16747	0.70454	0.70397	0.999995	722	0	-0.16747
AHCYL2	4	0.76728	0.84152	0.999995	794	1	-0.042519	0.051091	0.052025	0.970624	49	1	-0.042519
ELL2	4	0.76885	0.84219	0.999995	795	1	-0.2897	0.19786	0.198	0.970624	207	0	-0.2897
MBP	4	0.76948	0.84242	0.999995	796	1	-0.22427	0.30716	0.30519	0.977518	323	0	-0.22427
ACACA	4	0.77289	0.84382	0.999995	797	1	-0.28851	0.78824	0.7891	0.999995	789	0	-0.28851
CBLL1	4	0.77505	0.8446	0.999995	798	1	-0.24899	0.58523	0.58525	0.999995	609	0	-0.24899
EPHA3	4	0.77719	0.8454	0.999995	799	1	-0.16288	0.21365	0.21296	0.970624	225	0	-0.16288
ATM	4	0.78022	0.84662	0.999995	800	1	-0.11598	0.51247	0.51149	0.983324	547	0	-0.11598
ADARB2	4	0.78202	0.84737	0.999995	801	1	-0.18485	0.70378	0.70326	0.999995	720	0	-0.18485
DPCR1	4	0.78232	0.84754	0.999995	802	1	-0.18518	0.15898	0.15879	0.970624	168	0	-0.18518
SLITRK1	4	0.78589	0.84877	0.999995	803	1	-0.24423	0.66301	0.66216	0.999995	683	0	-0.24423
MECP2	4	0.78618	0.84883	0.999995	804	1	-0.15414	0.051994	0.052903	0.970624	50	1	-0.15414
DZIP3	4	0.78824	0.84952	0.999995	805	1	-0.14971	0.17453	0.17475	0.970624	183	0	-0.14971
DDX39A	4	0.79144	0.85088	0.999995	806	1	-0.14095	0.06277	0.063337	0.970624	61	1	-0.14095
DEGS1	4	0.79318	0.85168	0.999995	807	1	-0.088804	0.35775	0.3563	0.977518	386	0	-0.088804
KHSRP	4	0.79346	0.8518	0.999995	808	1	-0.255	0.021879	0.024145	0.970624	22	1	-0.255
MYCN	4	0.79404	0.85199	0.999995	809	1	-0.17425	0.49189	0.49103	0.983324	526	0	-0.17425
DNAJC19	3	0.79474	0.80858	0.999995	810	1	0.030241	0.21391	0.21307	0.970624	226	0	0.030241
POLD1	4	0.79803	0.85374	0.999995	811	1	-0.16075	0.33385	0.33249	0.977518	357	0	-0.16075
TMEM120B	4	0.79831	0.85383	0.999995	812	1	-0.12467	0.53613	0.53531	0.996302	569	0	-0.12467
CDS1	4	0.80279	0.85546	0.999995	813	1	-0.16064	0.13566	0.13604	0.970624	140	0	-0.16064
RPL3L	4	0.80665	0.85754	0.999995	814	1	-0.18936	0.63828	0.63732	0.999995	658	0	-0.18936
FNIP1	4	0.80883	0.85864	0.999995	815	1	0.032636	0.12806	0.12834	0.970624	130	0	0.032636
SP110	4	0.80965	0.85907	0.999995	816	1	-0.15892	0.48394	0.48311	0.983324	517	0	-0.15892
ENOX1	4	0.80992	0.85918	0.999995	817	1	-0.1033	0.11442	0.11468	0.970624	115	0	-0.1033
CBLL2	4	0.81394	0.86079	0.999995	818	1	-0.22752	0.46599	0.46551	0.983324	498	0	-0.22752
EP300	4	0.81474	0.8611	0.999995	819	1	-0.21676	0.26039	0.25923	0.977518	279	0	-0.21676
FOXA1	4	0.81553	0.86145	0.999995	820	1	-0.18941	0.70865	0.70789	0.999995	725	0	-0.18941
TYMS	4	0.81816	0.86249	0.999995	821	1	-0.099536	0.14571	0.14559	0.970624	153	0	-0.099536
GBX1	4	0.81946	0.86291	0.999995	822	1	-0.19798	0.0154	0.018124	0.970624	17	1	-0.19798
DCAF8L1	4	0.82282	0.86442	0.999995	823	1	-0.090608	0.3591	0.35768	0.978778	387	0	-0.090608
KRT38	4	0.8241	0.865	0.999995	824	1	-0.21533	0.63432	0.63336	0.999995	653	0	-0.21533
NAT8L	4	0.82511	0.8654	0.999995	825	1	-0.1534	0.20024	0.20001	0.970624	210	0	-0.1534
DYNLT3	4	0.82839	0.86693	0.999995	826	1	-0.23082	0.30929	0.30746	0.977518	326	0	-0.23082
UNC45A	4	0.82889	0.86713	0.999995	827	1	-0.18462	0.47299	0.47223	0.983324	505	0	-0.18462
LBX1	4	0.82939	0.86737	0.999995	828	1	-0.068764	0.01818	0.020732	0.970624	19	1	-0.068764
GALNT2	4	0.83014	0.86773	0.999995	829	1	-0.14022	0.32201	0.3203	0.977518	341	0	-0.14022
VRTN	4	0.83063	0.86794	0.999995	830	1	-0.19369	0.55688	0.5567	0.999995	586	0	-0.19369
SMARCA1	4	0.83137	0.86826	0.999995	831	1	-0.11224	0.49471	0.49371	0.983324	530	0	-0.11224
CNOT8	3	0.83491	0.83943	0.999995	832	1	-0.24666	0.23058	0.22955	0.970624	249	0	-0.24666
GPR151	4	0.83554	0.87009	0.999995	833	1	-0.033188	0.38165	0.38054	0.983324	407	0	-0.033188
NOX3	4	0.8365	0.8705	0.999995	834	1	-0.24786	0.65758	0.65693	0.999995	677	0	-0.24786
DNAJC15	4	0.83698	0.87069	0.999995	835	1	-0.095285	0.38231	0.38125	0.983324	408	0	-0.095285
CAV1	4	0.83819	0.87133	0.999995	836	1	-0.1402	0.22844	0.22795	0.970624	246	0	-0.1402
ALAS2	4	0.83843	0.87149	0.999995	837	1	-0.14487	0.36111	0.35974	0.980135	388	0	-0.14487
ERC2	4	0.83866	0.87165	0.999995	838	1	-0.1738	0.61128	0.61043	0.999995	634	0	-0.1738
RPL21	2	0.83904	0.83823	0.999995	839	0	-0.16509	0.40655	0.40431	0.983324	429	0	-0.16509
PLCG1	4	0.84316	0.87364	0.999995	840	1	-0.22623	0.1187	0.11875	0.970624	119	0	-0.22623
FKBP10	4	0.84386	0.87405	0.999995	841	1	-0.15024	0.51521	0.51422	0.983324	550	0	-0.15024
LATS1	4	0.84525	0.87481	0.999995	842	1	-0.040013	0.11271	0.11311	0.970624	113	0	-0.040013
AOX1	4	0.84641	0.8753	0.999995	843	1	-0.16296	0.30287	0.30109	0.977518	320	0	-0.16296
TMEM9	4	0.84687	0.8756	0.999995	844	1	-0.1693	0.19227	0.19257	0.970624	200	0	-0.1693
IDH3G	4	0.8471	0.87579	0.999995	845	1	-0.053996	0.076111	0.076772	0.970624	77	1	-0.053996
SPHKAP	4	0.84733	0.87588	0.999995	846	1	-0.021133	0.16473	0.16471	0.970624	173	0	-0.021133
FEZ2	4	0.84961	0.8768	0.999995	847	1	-0.11646	0.55381	0.55324	0.999995	582	0	-0.11646
DDI1	8	0.85068	0.95072	0.999995	848	1	-0.14389	0.1047	0.10841	0.970624	105	1	-0.14389
RALGPS1	4	0.85186	0.87792	0.999995	849	1	-0.053999	0.36178	0.36024	0.980135	389	0	-0.053999
NUMBL	4	0.85231	0.87815	0.999995	850	1	-0.22425	0.78232	0.78346	0.999995	784	0	-0.22425
MTA3	4	0.85342	0.87861	0.999995	851	1	-0.065272	0.19067	0.19114	0.970624	198	0	-0.065272
PAPSS2	4	0.85651	0.88017	0.999995	852	1	-0.19944	0.60757	0.6068	0.999995	630	0	-0.19944
NDE1	4	0.8589	0.88138	0.999995	853	1	-0.23836	0.010752	0.013832	0.970624	13	1	-0.23836
AQP8	4	0.86275	0.88352	0.999995	854	1	-0.065262	0.13986	0.14001	0.970624	145	0	-0.065262
RNF144A	4	0.86318	0.88372	0.999995	855	1	-0.12083	0.026487	0.028492	0.970624	27	1	-0.12083
MTMR3	4	0.86611	0.88528	0.999995	856	1	-0.23847	0.2323	0.23175	0.970624	251	0	-0.23847
PCBD2	4	0.86797	0.88633	0.999995	857	1	-0.14644	0.35234	0.35107	0.977518	378	0	-0.14644
GXYLT2	4	0.86961	0.88712	0.999995	858	1	-0.13349	0.11357	0.11381	0.970624	114	0	-0.13349
PTPN11	4	0.87062	0.88777	0.999995	859	1	-0.27534	0.45058	0.4498	0.983324	480	0	-0.27534
PPP2R1B	4	0.87123	0.88821	0.999995	860	1	-0.030108	0.33868	0.33739	0.977518	361	0	-0.030108
ZNF418	4	0.87143	0.88835	0.999995	861	1	-0.15124	0.22457	0.22402	0.970624	239	0	-0.15124
RPS7	1	0.87174	0.87221	0.999995	862	0	0.014637	0.12826	0.12919	0.970624	131	0	0.014637
TBK1	4	0.87403	0.88999	0.999995	863	1	-0.22351	0.07168	0.072116	0.970624	72	1	-0.22351
HMGCL	4	0.8764	0.8914	0.999995	864	1	0.088779	0.089309	0.089273	0.970624	90	1	0.088779
NUMB	4	0.87659	0.89152	0.999995	865	1	-0.14239	0.48679	0.4857	0.983324	520	0	-0.14239
KCNT2	4	0.87718	0.89184	0.999995	866	1	-0.086975	0.37244	0.37125	0.983324	398	0	-0.086975
ZMAT2	4	0.87737	0.89196	0.999995	867	1	-0.02682	0.094549	0.094209	0.970624	94	1	-0.02682
ERN2	4	0.87854	0.8926	0.999995	868	1	-0.1287	0.21678	0.21608	0.970624	229	0	-0.1287
TRIM25	4	0.88007	0.89343	0.999995	869	1	-0.22163	0.29061	0.28896	0.977518	309	0	-0.22163
STT3A	4	0.88122	0.89422	0.999995	870	1	-0.26035	0.79519	0.79647	0.999995	799	0	-0.26035
TBC1D26	2	0.88203	0.88183	0.999995	871	0	-0.089639	0.20489	0.20491	0.970624	214	0	-0.089639
SEC23A	4	0.88235	0.89489	0.999995	872	1	-0.14903	0.52226	0.52134	0.983625	561	0	-0.14903
CADPS2	4	0.8831	0.89538	0.999995	873	1	-0.12783	0.013543	0.016665	0.970624	15	1	-0.12783
SPTAN1	4	0.88516	0.89644	0.999995	874	1	-0.25413	0.44818	0.44768	0.983324	476	0	-0.25413
STX7	4	0.88571	0.89676	0.999995	875	1	-0.23396	0.40042	0.39872	0.983324	423	0	-0.23396
NETO2	4	0.88645	0.89722	0.999995	876	1	0.043001	0.26338	0.26224	0.977518	282	0	0.043001
JAG2	4	0.88663	0.89738	0.999995	877	1	-0.12455	0.32899	0.32755	0.977518	352	0	-0.12455
CD163L1	4	0.88791	0.89829	0.999995	878	1	-0.047848	0.25288	0.25176	0.977518	271	0	-0.047848
TAS1R2	4	0.88809	0.89839	0.999995	879	1	-0.08688	0.45177	0.45112	0.983324	482	0	-0.08688
TREML4	3	0.8897	0.88958	0.999995	880	0	0.014925	0.31535	0.31335	0.977518	332	0	0.014925
RYBP	3	0.88986	0.8897	0.999995	881	0	-0.31661	0.069773	0.069489	0.970624	69	1	-0.31661
FAM126A	4	0.89097	0.90042	0.999995	882	1	-0.15801	0.40425	0.4025	0.983324	426	0	-0.15801
PSEN1	4	0.89168	0.9009	0.999995	883	1	-0.24904	0.17859	0.17861	0.970624	187	0	-0.24904
PSEN2	4	0.89186	0.901	0.999995	884	1	-0.21532	0.50697	0.50586	0.983324	541	0	-0.21532
TFDP3	4	0.89639	0.90405	0.999995	885	1	-0.23655	0.84847	0.85034	0.999995	847	0	-0.23655
INTS6L	4	0.89758	0.90493	0.999995	886	1	-0.018884	0.10496	0.10545	0.970624	106	0	-0.018884
CAB39	4	0.89775	0.90508	0.999995	887	1	0.0092058	0.28479	0.2832	0.977518	305	0	0.0092058
XYLT1	4	0.89809	0.90534	0.999995	888	1	-0.2984	0.31142	0.30971	0.977518	330	0	-0.2984
GALNT5	4	0.89893	0.90594	0.999995	889	1	-0.22827	0.73071	0.73042	0.999995	734	0	-0.22827
GRIP1	4	0.8991	0.9061	0.999995	890	1	-0.30889	0.83211	0.8341	0.999995	832	0	-0.30889
DMD	4	0.9016	0.90782	0.999995	891	1	-0.25692	0.57297	0.57327	0.999995	601	0	-0.25692
PLD1	4	0.90193	0.90803	0.999995	892	1	-0.23135	0.32341	0.32188	0.977518	343	0	-0.23135
ALG14	4	0.90307	0.90885	0.999995	893	1	-0.22185	0.34827	0.34712	0.977518	373	0	-0.22185
CCDC69	4	0.90324	0.90896	0.999995	894	1	-0.25646	0.0060879	0.0095784	0.970624	9	1	-0.25646
SERPINA9	4	0.9034	0.90905	0.999995	895	1	-0.020914	0.44998	0.44923	0.983324	479	0	-0.020914
KRT74	4	0.90356	0.90918	0.999995	896	1	-0.22231	0.17616	0.17632	0.970624	184	0	-0.22231
GRHL2	4	0.90756	0.91195	0.999995	897	1	-0.26315	0.39786	0.39621	0.983324	422	0	-0.26315
CAT	4	0.91295	0.91611	0.999995	898	1	-0.15461	0.22767	0.22733	0.970624	244	0	-0.15461
RCBTB2	4	0.9134	0.91636	0.999995	899	1	-0.11134	0.54034	0.53951	0.998046	572	0	-0.11134
ULK2	4	0.91444	0.91706	0.999995	900	1	-0.22482	0.27304	0.27171	0.977518	292	0	-0.22482
SUV39H1	4	0.91459	0.91723	0.999995	901	1	-0.15095	0.59198	0.59186	0.999995	617	0	-0.15095
TRPC7	4	0.91548	0.91783	0.999995	902	1	-0.22453	0.44878	0.4482	0.983324	477	0	-0.22453
TBR1	4	0.91562	0.91799	0.999995	903	1	-0.17108	0.24985	0.24908	0.977518	267	0	-0.17108
ADARB1	4	0.91665	0.91877	0.999995	904	1	-0.075223	0.50753	0.50655	0.983324	542	0	-0.075223
TYROBP	4	0.91708	0.9191	0.999995	905	1	-0.099942	0.43544	0.43467	0.983324	463	0	-0.099942
DZIP1L	4	0.91752	0.91943	0.999995	906	1	0.052068	0.09629	0.096154	0.970624	96	1	0.052068
TMEM185B	4	0.91867	0.92035	0.999995	907	1	-0.13406	0.56094	0.56119	0.999995	590	0	-0.13406
ATP6V1E2	4	0.91881	0.92049	0.999995	908	1	-0.18246	0.40234	0.40042	0.983324	425	0	-0.18246
SHCBP1L	4	0.9191	0.92068	0.999995	909	1	-0.27969	0.79057	0.79183	0.999995	792	0	-0.27969
HRH1	4	0.91981	0.92123	0.999995	910	1	-0.014883	0.14487	0.14478	0.970624	152	0	-0.014883
KLF5	4	0.92023	0.92167	0.999995	911	1	-0.12505	0.15153	0.15163	0.970624	160	0	-0.12505
SCN10A	4	0.92065	0.92199	0.999995	912	1	-0.25424	0.27378	0.27248	0.977518	293	0	-0.25424
FRS2	4	0.92191	0.92306	0.999995	913	1	-0.13998	0.06098	0.061524	0.970624	59	1	-0.13998
CYP2A6	4	0.92315	0.92414	0.999995	914	1	-0.11989	0.20499	0.20465	0.970624	215	0	-0.11989
CLCA1	4	0.92397	0.92486	0.999995	915	1	-0.23235	0.65378	0.65323	0.999995	674	0	-0.23235
RSPH1	4	0.92451	0.92538	0.999995	916	1	-0.082671	0.2392	0.23853	0.975286	259	0	-0.082671
NKAPL	4	0.92665	0.92719	0.999995	917	1	-0.16705	0.3269	0.32545	0.977518	348	0	-0.16705
LNX1	4	0.92691	0.92739	0.999995	918	1	-0.095481	0.44396	0.44335	0.983324	473	0	-0.095481
SNX6	4	0.92757	0.92809	0.999995	919	1	-0.20152	0.57347	0.57375	0.999995	602	0	-0.20152
OGDHL	4	0.92977	0.93006	0.999995	920	1	-0.080625	0.18344	0.18387	0.970624	192	0	-0.080625
DLL1	4	0.9299	0.93026	0.999995	921	1	-0.13383	0.14738	0.14742	0.970624	155	0	-0.13383
GOLT1A	4	0.9318	0.93193	0.999995	922	1	-0.08405	0.34075	0.33942	0.977518	363	0	-0.08405
ATAD2B	4	0.93192	0.93205	0.999995	923	1	-0.15707	0.45951	0.45899	0.983324	492	0	-0.15707
SBNO2	4	0.93341	0.93349	0.999995	924	1	-0.11471	0.29856	0.29645	0.977518	315	0	-0.11471
ZNF146	4	0.93415	0.93427	0.999995	925	1	-0.058433	0.007022	0.010326	0.970624	10	1	-0.058433
CDK16	4	0.93427	0.93449	0.999995	926	1	0.036595	0.00096491	0.0021737	0.575495	4	2	0.036595
FRYL	4	0.93488	0.93505	0.999995	927	1	-0.078811	0.11614	0.11614	0.970624	116	0	-0.078811
CHSY1	4	0.93524	0.93547	0.999995	928	1	-0.071186	0.29712	0.29514	0.977518	314	0	-0.071186
JAG1	4	0.93632	0.93635	0.999995	929	1	-0.17638	0.63166	0.63084	0.999995	651	0	-0.17638
SUV39H2	3	0.93655	0.93589	0.999995	930	0	-0.10633	0.058321	0.058429	0.970624	56	1	-0.10633
EXOC6	4	0.93726	0.93709	0.999995	931	1	-0.086104	0.42374	0.42285	0.983324	449	0	-0.086104
PHLDA1	4	0.93785	0.9377	0.999995	932	0	0.25864	4.0438e-06	1.4024e-05	0.007426	2	2	0.25864
RRAGD	4	0.93832	0.93811	0.999995	933	0	-0.23963	0.84316	0.84511	0.999995	839	0	-0.23963
STX17	4	0.93924	0.9391	0.999995	934	0	-0.12382	0.09542	0.095191	0.970624	95	1	-0.12382
TOMM20	3	0.93974	0.93913	0.999995	935	0	-0.084573	0.1662	0.16625	0.970624	175	0	-0.084573
PIP4P1	4	0.9405	0.94037	0.999995	936	0	-0.24042	0.13228	0.13256	0.970624	135	0	-0.24042
ARHGEF3	4	0.94061	0.94044	0.999995	937	0	-0.19573	0.79689	0.7983	0.999995	800	0	-0.19573
SEC14L3	4	0.94095	0.94075	0.999995	938	0	-0.027665	0.19706	0.19725	0.970624	206	0	-0.027665
SPOPL	4	0.94184	0.94166	0.999995	939	0	-0.16071	0.054696	0.055418	0.970624	52	1	-0.16071
LMBR1L	4	0.94195	0.94173	0.999995	940	0	-0.10716	0.35031	0.34908	0.977518	376	0	-0.10716
CDK19	8	0.94251	0.97708	0.999995	941	2	-0.17096	0.22782	0.22661	0.970624	245	0	-0.17096
TIRAP	4	0.94262	0.94241	0.999995	942	0	-0.14073	0.54295	0.5419	0.998046	575	0	-0.14073
PDLIM5	4	0.94284	0.94264	0.999995	943	0	-0.20353	0.18505	0.18566	0.970624	194	0	-0.20353
YIPF7	4	0.94338	0.94318	0.999995	944	0	-0.15694	0.4992	0.49803	0.983324	535	0	-0.15694
IDH3B	4	0.94414	0.94394	0.999995	945	0	-0.17335	0.31849	0.31689	0.977518	337	0	-0.17335
TPBG	4	0.94679	0.94672	0.999995	946	0	-0.1793	0.33523	0.3339	0.977518	358	0	-0.1793
TNKS	4	0.947	0.94699	0.999995	947	0	-0.21466	0.58183	0.58167	0.999995	608	0	-0.21466
RSC1A1	4	0.94782	0.94792	0.999995	948	0	-0.079326	0.23844	0.23776	0.975286	258	0	-0.079326
ENOX2	4	0.94813	0.9483	0.999995	949	0	-0.11948	0.11699	0.11692	0.970624	117	0	-0.11948
TAF9B	2	0.94834	0.94802	0.999995	950	0	-0.001304	0.14434	0.14452	0.970624	151	0	-0.001304
AP2A2	4	0.94884	0.94906	0.999995	951	0	-0.22914	0.83038	0.83241	0.999995	829	0	-0.22914
ARID4A	4	0.94964	0.94989	0.999995	952	0	-0.14799	0.45117	0.45045	0.983324	481	0	-0.14799
KAT6B	4	0.95014	0.95043	0.999995	953	0	-0.22763	0.23614	0.23555	0.970624	257	0	-0.22763
RAD17	3	0.95135	0.951	0.999995	954	0	-0.1688	0.38809	0.38642	0.983324	413	0	-0.1688
DRD3	4	0.95199	0.95242	0.999995	955	0	-0.16396	0.2723	0.27101	0.977518	291	0	-0.16396
SEC11A	4	0.95304	0.95357	0.999995	956	0	-0.14008	0.39593	0.39431	0.983324	421	0	-0.14008
NR2E1	4	0.95323	0.95384	0.999995	957	0	-0.088041	0.077879	0.078315	0.970624	78	1	-0.088041
HRH3	4	0.9537	0.95427	0.999995	958	0	-0.22071	0.41311	0.41179	0.983324	439	0	-0.22071
MRGPRX2	4	0.95389	0.95444	0.999995	959	0	-0.12542	0.61496	0.61385	0.999995	637	0	-0.12542
ATP7B	4	0.95537	0.95591	0.999995	960	0	-0.19992	0.18021	0.18025	0.970624	188	0	-0.19992
SATB1	4	0.95609	0.9567	0.999995	961	0	-0.094724	0.10582	0.10648	0.970624	107	0	-0.094724
TTC7B	4	0.95627	0.95689	0.999995	962	0	-0.15096	0.15236	0.15244	0.970624	161	0	-0.15096
GOLT1B	4	0.95734	0.95797	0.999995	963	0	-0.099589	0.12551	0.126	0.970624	127	0	-0.099589
GSX2	4	0.95752	0.95814	0.999995	964	0	-0.10242	0.36912	0.36803	0.983324	394	0	-0.10242
CPS1	4	0.95839	0.95883	0.999995	965	0	-0.1222	0.55227	0.55153	0.999995	580	0	-0.1222
FSD1L	4	0.95942	0.95992	0.999995	966	0	-0.18098	0.091058	0.091077	0.970624	91	1	-0.18098
SHMT2	4	0.9595	0.96	0.999995	967	0	-0.17882	0.072568	0.072949	0.970624	73	1	-0.17882
MAT1A	4	0.95984	0.96036	0.999995	968	0	-0.18835	0.74278	0.7423	0.999995	746	0	-0.18835
POU5F2	4	0.96034	0.96091	0.999995	969	0	-0.047012	0.15319	0.15315	0.970624	162	0	-0.047012
STAM2	4	0.96042	0.961	0.999995	970	0	0.11651	0.079645	0.079839	0.970624	80	1	0.11651
MPC1	4	0.96109	0.96165	0.999995	971	0	-0.23648	0.73766	0.73729	0.999995	738	0	-0.23648
FRY	4	0.96117	0.96175	0.999995	972	0	-0.032166	0.49864	0.49755	0.983324	534	0	-0.032166
ZNF521	4	0.96247	0.9629	0.999995	973	0	-0.14802	0.075226	0.075716	0.970624	76	1	-0.14802
CLTCL1	4	0.96318	0.96362	0.999995	974	0	-0.12179	0.25061	0.24972	0.977518	268	0	-0.12179
LDB2	4	0.96396	0.96439	0.999995	975	0	-0.1996	0.7	0.69961	0.999995	718	0	-0.1996
LIF	4	0.96412	0.96458	0.999995	976	0	-0.19252	0.099766	0.099875	0.970624	100	0	-0.19252
KRT37	4	0.96534	0.9657	0.999995	977	0	-0.22081	0.66384	0.66296	0.999995	684	0	-0.22081
TMEM30B	4	0.96602	0.96642	0.999995	978	0	-0.19483	0.34622	0.34506	0.977518	370	0	-0.19483
UBQLN3	4	0.96609	0.96649	0.999995	979	0	-0.11915	0.68646	0.68567	0.999995	707	0	-0.11915
PDS5B	4	0.96616	0.96655	0.999995	980	0	-0.20545	0.52656	0.52582	0.986609	564	0	-0.20545
CHM	4	0.96646	0.96681	0.999995	981	0	-0.069644	0.086681	0.086617	0.970624	88	1	-0.069644
ZDHHC17	4	0.96668	0.96706	0.999995	982	0	-0.08903	0.44032	0.43957	0.983324	468	0	-0.08903
TAF1L	3	0.96716	0.96666	0.999995	983	0	0.091779	0.13463	0.13514	0.970624	138	0	0.091779
NBEAL1	4	0.96812	0.96855	0.999995	984	0	-0.091677	0.12466	0.1251	0.970624	126	0	-0.091677
ITSN1	4	0.96819	0.96859	0.999995	985	0	-0.2398	0.57048	0.5708	0.999995	597	0	-0.2398
NCK1	4	0.96833	0.96867	0.999995	986	0	-0.14452	0.36979	0.36879	0.983324	395	0	-0.14452
FAM126B	4	0.96917	0.96944	0.999995	987	0	-0.17651	0.46246	0.46199	0.983324	495	0	-0.17651
ZNF260	4	0.96931	0.96953	0.999995	988	0	0.027464	0.25438	0.25331	0.977518	273	0	0.027464
GPR183	4	0.96958	0.96971	0.999995	989	0	-0.046287	0.3206	0.31898	0.977518	340	0	-0.046287
ARFIP1	4	0.96965	0.96977	0.999995	990	0	-0.14882	0.32551	0.32404	0.977518	346	0	-0.14882
SLC25A2	4	0.96985	0.96999	0.999995	991	0	-0.11875	0.62586	0.62519	0.999995	646	0	-0.11875
HMSD	4	0.97053	0.97069	0.999995	992	0	-0.043173	0.19387	0.19421	0.970624	203	0	-0.043173
TLN2	4	0.97059	0.97074	0.999995	993	0	-0.092704	0.216	0.21537	0.970624	228	0	-0.092704
IAPP	4	0.97093	0.97111	0.999995	994	0	-0.24526	0.31638	0.31472	0.977518	334	0	-0.24526
AMELX	4	0.97099	0.9712	0.999995	995	0	-0.14371	0.38557	0.38434	0.983324	411	0	-0.14371
CDK17	4	0.97112	0.97131	0.999995	996	0	0.052675	0.15568	0.15568	0.970624	165	0	0.052675
FKBP5	4	0.97125	0.97141	0.999995	997	0	-0.1662	0.26859	0.26724	0.977518	287	0	-0.1662
CLIP4	4	0.97145	0.97155	0.999995	998	0	-0.019283	0.27893	0.27743	0.977518	299	0	-0.019283
RC3H1	4	0.97184	0.97194	0.999995	999	0	-0.088075	0.20262	0.20233	0.970624	212	0	-0.088075
CTCFL	4	0.97298	0.97306	0.999995	1000	0	-0.14155	0.46891	0.46835	0.983324	501	0	-0.14155
AIPL1	4	0.97323	0.9733	0.999995	1001	0	-0.10436	0.3199	0.31821	0.977518	339	0	-0.10436
HTR3D	4	0.9733	0.97337	0.999995	1002	0	-0.15283	0.61267	0.61172	0.999995	636	0	-0.15283
ZDHHC13	4	0.97373	0.97385	0.999995	1003	0	-0.09746	0.031996	0.033896	0.970624	32	1	-0.09746
KCNG4	4	0.97403	0.97413	0.999995	1004	0	-0.24184	0.65251	0.65187	0.999995	673	0	-0.24184
RTP1	4	0.97475	0.97486	0.999995	1005	0	-0.16535	0.50531	0.50418	0.983324	539	0	-0.16535
ERH	4	0.97511	0.97515	0.999995	1006	0	-0.060398	0.50254	0.50132	0.983324	537	0	-0.060398
RAP1GAP2	4	0.9754	0.97548	0.999995	1007	0	-0.14314	0.60477	0.60415	0.999995	627	0	-0.14314
PPP3R1	4	0.97586	0.97588	0.999995	1008	0	-0.040179	0.48279	0.48194	0.983324	515	0	-0.040179
TPRX1	4	0.97592	0.97594	0.999995	1009	0	-0.11626	0.46305	0.46264	0.983324	496	0	-0.11626
SMC1B	4	0.97716	0.97723	0.999995	1010	0	-0.066643	0.18827	0.18868	0.970624	196	0	-0.066643
TXNDC8	4	0.97732	0.97739	0.999995	1011	0	0.089863	0.030162	0.031923	0.970624	31	1	0.089863
SUSD1	4	0.97743	0.97755	0.999995	1012	0	-0.14752	0.0051531	0.0085687	0.970624	7	1	-0.14752
TCF12	4	0.97856	0.97859	0.999995	1013	0	-0.12667	0.024646	0.026781	0.970624	26	1	-0.12667
DCAF4L2	4	0.97893	0.9789	0.999995	1014	0	-0.03485	0.34963	0.34849	0.977518	375	0	-0.03485
PPP3CA	4	0.97898	0.97898	0.999995	1015	0	-0.12368	0.25964	0.25862	0.977518	278	0	-0.12368
ITSN2	4	0.97903	0.97908	0.999995	1016	0	-0.12751	0.17291	0.1732	0.970624	182	0	-0.12751
CLASP2	4	0.97934	0.97936	0.999995	1017	0	-0.10045	0.42992	0.42893	0.983324	455	0	-0.10045
DENND5B	4	0.97954	0.97953	0.999995	1018	0	-0.061151	0.029244	0.031147	0.970624	30	1	-0.061151
FLNB	4	0.98044	0.98046	0.999995	1019	0	-0.15661	0.44214	0.44139	0.983324	471	0	-0.15661
DGAT2L6	4	0.98059	0.9806	0.999995	1020	0	-0.13036	0.33177	0.33028	0.977518	354	0	-0.13036
FAM50B	4	0.98117	0.98118	0.999995	1021	0	-0.12738	0.43483	0.43405	0.983324	461	0	-0.12738
IL6ST	4	0.98201	0.98189	0.999995	1022	0	-0.067686	0.1432	0.14357	0.970624	149	0	-0.067686
VANGL1	4	0.98233	0.98223	0.999995	1023	0	-0.1138	0.44516	0.44455	0.983324	474	0	-0.1138
IPO8	4	0.98269	0.98261	0.999995	1024	0	-0.066413	0.20657	0.20612	0.970624	216	0	-0.066413
LIMK2	4	0.98296	0.98284	0.999995	1025	0	-0.15722	0.084926	0.084934	0.970624	86	1	-0.15722
RPRD1B	4	0.98309	0.98299	0.999995	1026	0	-0.12427	0.42312	0.42219	0.983324	448	0	-0.12427
SEC31A	4	0.98314	0.98302	0.999995	1027	0	-0.084898	0.42684	0.42577	0.983324	452	0	-0.084898
PRKAB1	4	0.98507	0.98532	0.999995	1028	0	-0.17701	0.34554	0.34436	0.977518	369	0	-0.17701
NSDHL	4	0.98539	0.98569	0.999995	1029	0	-0.16329	0.093677	0.093405	0.970624	93	1	-0.16329
MECOM	4	0.98653	0.98667	0.999995	1030	0	-0.094624	0.017254	0.019863	0.970624	18	1	-0.094624
RBBP7	4	0.98779	0.98788	0.999995	1031	0	-0.042431	0.033827	0.03571	0.970624	34	1	-0.042431
ATP6V1E1	3	0.988	0.98806	0.999995	1032	0	-0.074191	0.40915	0.40723	0.983324	434	0	-0.074191
CYP2C8	4	0.98843	0.98844	0.999995	1033	0	0.043795	0.069014	0.069555	0.970624	68	1	0.043795
TMEM185A	4	0.98914	0.98908	0.999995	1034	0	-0.0054383	0.1598	0.15963	0.970624	169	0	-0.0054383
RANBP6	3	0.98969	0.98978	0.999995	1035	0	-0.037866	0.30932	0.30772	0.977518	327	0	-0.037866
SAR1B	4	0.99009	0.99012	0.999995	1036	0	0.027735	0.32481	0.32337	0.977518	345	0	0.027735
HTR2C	4	0.99023	0.99026	0.999995	1037	0	-0.14404	0.027407	0.029352	0.970624	28	1	-0.14404
CNOT6L	4	0.99032	0.99032	0.999995	1038	0	-0.093986	0.2782	0.2768	0.977518	298	0	-0.093986
RIC8B	4	0.99047	0.99042	0.999995	1039	0	-0.031247	0.13818	0.13842	0.970624	143	0	-0.031247
MAP4K4	4	0.99161	0.99153	0.999995	1040	0	0.13901	0.12296	0.12345	0.970624	123	0	0.13901
GYS2	4	0.9921	0.99201	0.999995	1041	0	-0.1232	0.12636	0.12674	0.970624	128	0	-0.1232
SPTLC3	4	0.99232	0.99221	0.999995	1042	0	-0.086752	0.24378	0.24311	0.977518	262	0	-0.086752
PLD2	4	0.99361	0.99352	0.999995	1043	0	-0.0083435	0.12381	0.12434	0.970624	125	0	-0.0083435
CTNNB1	4	0.99442	0.99442	0.999995	1044	0	0.022681	0.13397	0.13443	0.970624	137	0	0.022681
SLC35F4	4	0.99455	0.99458	0.999995	1045	0	-0.0054253	0.20183	0.20153	0.970624	211	0	-0.0054253
ANXA1	4	0.9948	0.99484	0.999995	1046	0	-0.06648	0.54607	0.54516	0.999995	576	0	-0.06648
NXT2	4	0.99499	0.9951	0.999995	1047	0	-0.041413	0.26114	0.26009	0.977518	280	0	-0.041413
FEZ1	4	0.99511	0.99517	0.999995	1048	0	-0.012986	0.10063	0.10072	0.970624	101	0	-0.012986
MPC1L	4	0.99636	0.99641	0.999995	1049	0	0.029897	0.18263	0.18304	0.970624	191	0	0.029897
ALAS1	8	0.99669	0.99666	0.999995	1050	0	-0.040079	0.62646	0.62562	0.999995	647	0	-0.040079
DYNLRB2	4	0.99713	0.99724	0.999995	1051	0	-0.041285	0.22224	0.22188	0.970624	236	0	-0.041285
NCBP2L	4	0.99726	0.99731	0.999995	1052	0	0.06669	0.049285	0.050632	0.970624	48	1	0.06669
RANBP17	4	0.99742	0.99746	0.999995	1053	0	-0.056444	0.081408	0.081466	0.970624	81	1	-0.056444
G3BP2	4	0.99822	0.99835	0.999995	1054	0	-0.046622	0.35302	0.35183	0.977518	380	0	-0.046622
GPR50	4	0.99831	0.99843	0.999995	1055	0	0.036131	0.048381	0.049715	0.970624	47	1	0.036131
RC3H2	4	0.99899	0.99916	0.999995	1056	0	0.22132	0.00067445	0.0015847	0.559406	3	2	0.22132
ARHGEF6	4	0.99986	0.99988	0.999995	1057	0	0.10207	0.056495	0.057101	0.970624	54	1	0.10207
TP53	4	0.99987	0.99988	0.999995	1058	0	0.16489	0.0031707	0.0063155	0.970624	6	2	0.16489
ATP7A	4	1.0	1.0	0.999995	1059	0	0.57363	4.7078e-09	4.6747e-06	0.00495	1	4	0.57363
