id	num	neg|score	neg|p-value	neg|fdr	neg|rank	neg|goodsgrna	neg|lfc	pos|score	pos|p-value	pos|fdr	pos|rank	pos|goodsgrna	pos|lfc
RRM1	16	1.3841e-15	4.6703e-06	0.000165	1	15	-3.2994	1.0	1.0	0.999995	1058	0	-3.2994
MYC	16	5.2301e-14	4.6703e-06	0.000165	2	15	-1.9432	1.0	1.0	0.999995	1060	0	-1.9432
COPA	8	6.9282e-11	4.6703e-06	0.000165	3	8	-3.544	1.0	1.0	0.999995	1059	0	-3.544
PRPF8	8	2.64e-10	4.6703e-06	0.000165	4	8	-2.8836	1.0	1.0	0.999995	1057	0	-2.8836
CCND1	8	2.8399e-10	4.6703e-06	0.000165	5	8	-3.6293	1.0	1.0	0.999995	1056	0	-3.6293
NAE1	16	8.8001e-10	4.6703e-06	0.000165	6	14	-0.93789	0.99276	0.99919	0.999995	929	1	-0.93789
BUB3	8	1.366e-09	4.6703e-06	0.000165	7	8	-3.3731	1.0	1.0	0.999995	1055	0	-3.3731
SF3B3	8	3.0113e-09	4.6703e-06	0.000165	8	8	-2.5672	1.0	1.0	0.999995	1054	0	-2.5672
POLR2L	8	3.4251e-09	4.6703e-06	0.000165	9	8	-3.5449	1.0	1.0	0.999995	1053	0	-3.5449
RPL3	14	5.1679e-09	4.6703e-06	0.000165	10	11	-2.2961	0.98529	0.99797	0.999995	915	2	-2.2961
CDIPT	8	1.1321e-08	4.6703e-06	0.000165	11	6	-3.1479	0.99998	0.99999	0.999995	1020	0	-3.1479
MED18	16	2.7461e-08	4.6703e-06	0.000165	12	10	-1.7967	0.7621	0.95646	0.999995	783	2	-1.7967
KIF11	8	3.6029e-08	4.6703e-06	0.000165	13	8	-1.8853	1.0	1.0	0.999995	1052	0	-1.8853
ATP6V1B2	8	1.1864e-07	4.6703e-06	0.000165	14	8	-2.9882	1.0	1.0	0.999995	1051	0	-2.9882
PPP4C	8	1.2699e-07	4.6703e-06	0.000165	15	8	-2.2859	1.0	1.0	0.999995	1050	0	-2.2859
RPA1	8	1.6255e-07	4.6703e-06	0.000165	16	8	-2.1185	1.0	1.0	0.999995	1049	0	-2.1185
ALDOA	8	1.8143e-07	4.6703e-06	0.000165	17	7	-2.9323	0.99228	0.99325	0.999995	928	1	-2.9323
PSMB3	7	2.803e-07	4.6703e-06	0.000165	18	7	-3.3351	1.0	1.0	0.999995	1048	0	-3.3351
MTHFD1	8	3.4897e-07	4.6703e-06	0.000165	19	8	-1.5307	1.0	1.0	0.999995	1047	0	-1.5307
CKAP5	16	3.8871e-07	1.4011e-05	0.00045	20	12	-1.4478	0.99995	0.99995	0.999995	1011	1	-1.4478
VCP	8	4.0281e-07	4.6703e-06	0.000165	21	7	-3.859	0.96272	0.98494	0.999995	895	1	-3.859
TOP1	8	5.4573e-07	4.6703e-06	0.000165	22	8	-1.3167	1.0	1.0	0.999995	1046	0	-1.3167
INTS6	6	6.0193e-07	4.6703e-06	0.000165	23	6	-2.1935	1.0	1.0	0.999995	1045	0	-2.1935
TOP2A	8	6.0677e-07	4.6703e-06	0.000165	24	8	-2.5031	1.0	1.0	0.999995	1041	0	-2.5031
ATP5F1B	8	6.5613e-07	4.6703e-06	0.000165	25	8	-1.246	1.0	1.0	0.999995	1044	0	-1.246
PPP2CA	16	6.889e-07	1.4011e-05	0.00045	26	12	-1.6469	0.99981	0.99992	0.999995	995	1	-1.6469
HMGCS1	7	7.5328e-07	4.6703e-06	0.000165	27	7	-3.1041	1.0	1.0	0.999995	1043	0	-3.1041
RPL13	6	7.752e-07	4.6703e-06	0.000165	28	6	-2.295	1.0	1.0	0.999995	1042	0	-2.295
SF3B1	8	8.8497e-07	4.6703e-06	0.000165	29	7	-2.0285	0.99982	0.99973	0.999995	996	0	-2.0285
CDK2	8	1.0094e-06	4.6703e-06	0.000165	30	7	-2.5314	0.91348	0.96693	0.999995	854	1	-2.5314
RPS19	8	1.081e-06	4.6703e-06	0.000165	31	7	-2.689	1.0	1.0	0.999995	1032	0	-2.689
RPL14	6	1.1775e-06	4.6703e-06	0.000165	32	5	-3.1103	0.99687	0.99686	0.999995	951	0	-3.1103
CDK7	7	1.3862e-06	1.4011e-05	0.00045	33	6	-2.3074	0.99998	0.99999	0.999995	1022	0	-2.3074
DYNLRB1	7	2.2406e-06	2.3351e-05	0.000728	34	6	-2.5149	0.99989	0.99991	0.999995	1001	0	-2.5149
SNRPD3	8	2.5875e-06	3.2692e-05	0.000889	35	6	-3.2023	0.97219	0.98697	0.999995	901	1	-3.2023
XAB2	8	2.608e-06	3.2692e-05	0.000889	36	7	-2.3166	0.87782	0.95786	0.999995	829	1	-2.3166
RIC8A	8	2.6782e-06	3.2692e-05	0.000889	37	7	-1.3953	0.99907	0.999	0.999995	977	0	-1.3953
HNRNPK	7	3.4488e-06	3.2692e-05	0.000889	38	5	-3.1171	0.64429	0.84184	0.999995	737	2	-3.1171
ELL	8	4.1188e-06	4.2033e-05	0.001087	39	7	-1.7265	0.99996	0.99996	0.999995	1012	0	-1.7265
AHCYL1	8	4.4363e-06	4.2033e-05	0.001087	40	7	-1.9044	1.0	1.0	0.999995	1037	0	-1.9044
TOMM40	14	5.3712e-06	3.2692e-05	0.000889	41	10	-0.80919	0.9978	0.99952	0.999995	961	2	-0.80919
SMC1A	8	6.0647e-06	5.1373e-05	0.001134	42	7	-1.337	0.99985	0.99977	0.999995	998	0	-1.337
RPS5	8	6.1004e-06	5.1373e-05	0.001134	43	7	-2.1162	0.99098	0.99249	0.999995	925	1	-2.1162
MED12	8	6.2451e-06	5.1373e-05	0.001134	44	7	-1.7203	0.97299	0.98709	0.999995	903	1	-1.7203
ATP5F1A	8	7.7276e-06	5.1373e-05	0.001134	45	7	-1.2778	0.99994	0.99994	0.999995	1010	0	-1.2778
NDUFB4	8	7.9942e-06	5.1373e-05	0.001134	46	7	-1.2022	1.0	1.0	0.999995	1039	0	-1.2022
MAT2A	8	8.2685e-06	6.0714e-05	0.001238	47	7	-1.9375	1.0	1.0	0.999995	1040	0	-1.9375
RPL10A	7	8.8389e-06	5.1373e-05	0.001134	48	6	-2.0826	0.99977	0.99982	0.999995	992	0	-2.0826
PRPF38A	8	9.2739e-06	6.0714e-05	0.001238	49	6	-2.1946	0.64696	0.86471	0.999995	739	1	-2.1946
RPS23	6	9.3687e-06	5.1373e-05	0.001134	50	6	-2.1515	0.99999	0.99999	0.999995	1027	0	-2.1515
UTP14A	8	9.6573e-06	6.0714e-05	0.001238	51	7	-1.0625	0.95667	0.98223	0.999995	886	1	-1.0625
VMP1	8	1.0423e-05	7.0054e-05	0.00135	52	7	-1.9436	1.0	1.0	0.999995	1033	0	-1.9436
CDS2	8	1.0651e-05	7.0054e-05	0.00135	53	7	-1.5529	0.9952	0.99529	0.999995	943	1	-1.5529
CAND1	8	1.1422e-05	8.8735e-05	0.00168	54	7	-1.3756	0.74679	0.9054	0.999995	777	1	-1.3756
ZNF407	8	1.2435e-05	9.8076e-05	0.001762	55	7	-1.2046	1.0	1.0	0.999995	1034	0	-1.2046
ATP6V1C1	8	1.2566e-05	9.8076e-05	0.001762	56	7	-0.83222	0.9995	0.99941	0.999995	988	0	-0.83222
MED20	8	1.3383e-05	9.8076e-05	0.001762	57	7	-1.3587	0.99999	1.0	0.999995	1031	0	-1.3587
ACTL6A	8	1.4541e-05	0.00010742	0.001867	58	7	-1.7846	0.91425	0.96713	0.999995	855	1	-1.7846
POLR2B	8	1.5623e-05	0.00010742	0.001867	59	7	-1.8624	0.92432	0.97023	0.999995	861	1	-1.8624
SFPQ	8	1.5977e-05	0.00011676	0.001964	60	4	-0.9473	0.99474	0.9949	0.999995	939	1	-0.9473
NUTF2	7	1.6134e-05	6.0714e-05	0.001238	61	4	-3.7459	0.99933	0.99933	0.999995	984	0	-3.7459
TIMM10	8	1.6858e-05	0.00011676	0.001964	62	7	-1.7392	0.99984	0.99976	0.999995	997	0	-1.7392
UQCRC1	8	1.9006e-05	0.00013544	0.002243	63	7	-1.0332	0.99999	1.0	0.999995	1030	0	-1.0332
CLTC	8	1.9385e-05	0.00014478	0.002291	64	7	-1.8283	0.99999	1.0	0.999995	1028	0	-1.8283
KIF4A	8	1.9772e-05	0.00014478	0.002291	65	7	-1.8314	1.0	1.0	0.999995	1038	0	-1.8314
TUFM	7	2.0933e-05	7.0054e-05	0.00135	66	6	-1.7098	0.99993	0.99996	0.999995	1005	0	-1.7098
MORF4L2	8	2.1801e-05	0.00015412	0.002368	67	7	-0.94863	0.99308	0.99376	0.999995	930	1	-0.94863
SOD1	8	2.2065e-05	0.00015412	0.002368	68	6	-1.8578	0.99637	0.99628	0.999995	948	0	-1.8578
NAA10	8	2.3214e-05	0.00016346	0.00244	69	7	-1.092	0.99979	0.99972	0.999995	994	0	-1.092
RNF113A	8	2.3664e-05	0.00016346	0.00244	70	7	-1.7604	0.91003	0.96597	0.999995	849	1	-1.7604
EZH2	8	2.6898e-05	0.00021016	0.00301	71	7	-0.84478	0.99975	0.99969	0.999995	991	0	-0.84478
AFG3L2	6	2.8256e-05	0.00019148	0.002819	72	6	-1.5134	0.99997	0.99997	0.999995	1017	0	-1.5134
RPL36	8	2.8631e-05	0.0002195	0.003022	73	6	-1.6283	0.99999	1.0	0.999995	1025	0	-1.6283
MRPL41	8	3.0221e-05	0.0002195	0.003022	74	7	-0.95584	0.99998	0.99999	0.999995	1019	0	-0.95584
DHX9	6	3.0353e-05	0.00021016	0.00301	75	6	-1.31	0.99997	0.99997	0.999995	1016	0	-1.31
RPL11	7	3.0747e-05	0.00014478	0.002291	76	6	-1.894	0.99921	0.99921	0.999995	979	0	-1.894
NKAP	8	3.0925e-05	0.00022884	0.00311	77	7	-0.99577	1.0	1.0	0.999995	1035	0	-0.99577
TRRAP	8	3.1644e-05	0.00023818	0.003156	78	7	-1.9815	1.0	1.0	0.999995	1036	0	-1.9815
MRPL38	8	3.5135e-05	0.00026621	0.003441	79	7	-0.87634	0.99999	1.0	0.999995	1026	0	-0.87634
COX6B1	16	3.9547e-05	0.00034093	0.004252	80	10	-1.0016	0.29207	0.66647	0.999995	570	4	-1.0016
SNRPD2	6	4.02e-05	0.00023818	0.003156	81	4	-2.9353	0.98646	0.98639	0.999995	919	0	-2.9353
RAN	7	4.5051e-05	0.0002195	0.003022	82	4	-2.1183	0.99449	0.99413	0.999995	937	0	-2.1183
LONP1	8	4.8017e-05	0.00032225	0.004066	83	6	-1.4703	0.86723	0.95549	0.999995	826	1	-1.4703
CLNS1A	7	5.6882e-05	0.00024752	0.003239	84	6	-2.2065	0.99999	1.0	0.999995	1024	0	-2.2065
RPL8	8	5.6924e-05	0.00037829	0.004663	85	6	-2.3693	0.99943	0.99929	0.999995	987	0	-2.3693
PSMA2	8	5.7901e-05	0.00038763	0.004723	86	6	-1.5606	0.61948	0.84961	0.999995	726	2	-1.5606
TUBB	6	6.4125e-05	0.00032225	0.004066	87	5	-1.9494	0.49886	0.73192	0.999995	679	1	-1.9494
PFAS	8	7.2553e-05	0.00044368	0.005344	88	6	-2.2273	0.9951	0.99521	0.999995	942	1	-2.2273
EIF4A3	8	7.4566e-05	0.0004717	0.005542	89	6	-2.6919	0.99899	0.99895	0.999995	972	0	-2.6919
SF3B5	8	7.9209e-05	0.00048104	0.005542	90	5	-2.0732	0.93456	0.97366	0.999995	872	1	-2.0732
GAPDH	8	8.1363e-05	0.00048104	0.005542	91	6	-1.8481	0.99481	0.99495	0.999995	940	1	-1.8481
EAF1	8	8.5404e-05	0.00050906	0.005802	92	6	-1.4647	0.99986	0.99978	0.999995	999	0	-1.4647
TSG101	8	8.7251e-05	0.00052774	0.005951	93	6	-1.2697	0.99904	0.99899	0.999995	976	0	-1.2697
SF1	8	0.00010356	0.00059313	0.006482	94	6	-2.3729	0.99616	0.9961	0.999995	945	0	-2.3729
SBNO1	8	0.00010594	0.00060247	0.006485	95	6	-1.5058	0.44492	0.72866	0.999995	652	1	-1.5058
CTR9	8	0.00011039	0.00061181	0.006485	96	6	-1.2084	0.42515	0.71376	0.999995	646	1	-1.2084
PMPCB	8	0.00011044	0.00061181	0.006485	97	6	-2.1737	0.54222	0.79701	0.999995	695	1	-2.1737
RPS11	7	0.000111	0.00046236	0.005507	98	5	-2.8474	0.99927	0.99929	0.999995	981	0	-2.8474
GFM1	8	0.00011913	0.00063983	0.006649	99	6	-1.4226	0.96018	0.98379	0.999995	891	1	-1.4226
POLR2F	8	0.00012877	0.00067719	0.006969	100	5	-2.0188	0.90362	0.96439	0.999995	846	2	-2.0188
RRM2	7	0.0001304	0.0005651	0.006305	101	5	-0.8758	0.54721	0.79055	0.999995	697	2	-0.8758
RPL5	7	0.00013204	0.00057444	0.006343	102	6	-1.2738	0.86263	0.94118	0.999995	823	1	-1.2738
RPS3	6	0.00013609	0.00063983	0.006649	103	5	-2.1176	0.99937	0.99934	0.999995	986	0	-2.1176
ILF3	8	0.00013696	0.00069587	0.007093	104	6	-1.7231	0.97582	0.98771	0.999995	905	1	-1.7231
MED8	8	0.00013764	0.00070521	0.007119	105	6	-1.0557	0.89278	0.9614	0.999995	839	1	-1.0557
RFC2	8	0.00014036	0.00071455	0.007146	106	6	-1.383	0.65912	0.86996	0.999995	748	1	-1.383
SF3A1	8	0.00014738	0.00076126	0.007541	107	6	-1.4109	0.99432	0.99455	0.999995	934	1	-1.4109
ERH	8	0.00015011	0.00078928	0.007747	108	5	-1.7658	0.7115	0.89091	0.999995	764	1	-1.7658
CAP1	8	0.00015172	0.00079862	0.007766	109	6	-1.1213	0.2332	0.51344	0.999995	537	1	-1.1213
PKM	6	0.00017435	0.00083598	0.008056	110	5	-1.2792	0.31879	0.58595	0.999995	592	1	-1.2792
ATR	8	0.00018427	0.00099477	0.009415	111	6	-1.3495	0.90867	0.96565	0.999995	848	1	-1.3495
RPL17	6	0.0001931	0.00088268	0.008429	112	5	-1.5996	0.98301	0.98302	0.999995	914	1	-1.5996
RNF40	8	0.00019966	0.0010321	0.009682	113	6	-1.8556	0.99996	0.99996	0.999995	1014	0	-1.8556
ATP6V1D	8	0.00030838	0.0016206	0.015069	114	6	-1.7939	0.81492	0.93499	0.999995	801	1	-1.7939
PRKDC	16	0.00032931	0.0024145	0.020634	115	9	-0.51615	0.87159	0.98201	0.999995	827	2	-0.51615
EIF3B	8	0.00034103	0.0018261	0.016772	116	6	-1.1345	0.99743	0.99741	0.999995	957	0	-1.1345
NXT1	8	0.00034245	0.0018354	0.016772	117	6	-1.0191	0.80445	0.93026	0.999995	798	1	-1.0191
ARID1A	8	0.0003749	0.0020316	0.01825	118	6	-0.70198	0.99997	0.99999	0.999995	1018	0	-0.70198
RPP21	8	0.00039046	0.0020876	0.018596	119	6	-0.76774	0.9819	0.9893	0.999995	912	1	-0.76774
SMARCA4	8	0.00039523	0.002125	0.018771	120	6	-1.1501	0.99994	0.99994	0.999995	1007	0	-1.1501
LSM4	8	0.00040454	0.0021717	0.019025	121	5	-1.7842	0.96198	0.98464	0.999995	894	1	-1.7842
CHORDC1	6	0.00042439	0.0020035	0.018152	122	5	-1.5608	0.89489	0.94996	0.999995	841	1	-1.5608
WRN	8	0.00044205	0.0023398	0.020164	123	6	-0.90943	0.9857	0.99044	0.999995	918	1	-0.90943
RPRD1B	8	0.0004438	0.0023398	0.020164	124	6	-0.67409	0.90185	0.96389	0.999995	845	2	-0.67409
ABT1	8	0.00049136	0.0024332	0.020634	125	6	-1.0409	0.99147	0.9928	0.999995	926	1	-1.0409
SBNO2	8	0.00051376	0.0025266	0.021166	126	4	-1.1821	0.99685	0.99672	0.999995	950	0	-1.1821
VPS37A	8	0.00051657	0.002536	0.021166	127	6	-1.6252	0.73245	0.89958	0.999995	773	1	-1.6252
BUB1B	8	0.00053886	0.002648	0.021759	128	6	-1.2214	0.97264	0.98704	0.999995	902	1	-1.2214
NDUFC1	8	0.0005878	0.0029002	0.023468	129	6	-0.5157	0.97179	0.98691	0.999995	900	1	-0.5157
XRCC6	7	0.00059303	0.0025733	0.02131	130	5	-1.2377	0.99991	0.99992	0.999995	1002	0	-1.2377
PSMC3	8	0.00062857	0.0030871	0.02442	131	6	-0.93588	0.64882	0.86555	0.999995	740	1	-0.93588
SF3B2	8	0.00062869	0.0030871	0.02442	132	5	-1.5321	0.99034	0.99222	0.999995	923	1	-1.5321
ATP7A	8	0.00064265	0.0031431	0.024679	133	6	-0.67126	0.99927	0.99915	0.999995	982	0	-0.67126
PSMB6	8	0.00065459	0.0031805	0.024789	134	6	-1.1261	0.99754	0.99752	0.999995	958	0	-1.1261
RPL19	6	0.00075396	0.0034607	0.026776	135	3	-1.446	0.41903	0.67257	0.999995	640	2	-1.446
COPG1	8	0.00076215	0.0036101	0.02773	136	4	-1.0032	0.85029	0.95065	0.999995	818	3	-1.0032
GTF3C1	8	0.00077729	0.0036848	0.0281	137	5	-1.1238	0.99932	0.99922	0.999995	983	0	-1.1238
RPL31	5	0.00078097	0.0030684	0.02442	138	4	-2.8613	0.99977	0.99975	0.999995	993	0	-2.8613
POLR2A	8	0.00084783	0.0038717	0.029314	139	5	-1.3316	0.99999	1.0	0.999995	1029	0	-1.3316
RPA3	8	0.0009051	0.0041239	0.031002	140	4	-0.44466	0.67373	0.87556	0.999995	753	3	-0.44466
RPL18A	3	0.00098368	0.0027788	0.022658	141	3	-2.1258	0.99902	0.99898	0.999995	975	0	-2.1258
CCT6A	7	0.0010239	0.0044041	0.032875	142	5	-1.4733	0.99874	0.99874	0.999995	969	0	-1.4733
PTPN11	7	0.0010357	0.0044601	0.033061	143	5	-0.91561	0.99461	0.9943	0.999995	938	0	-0.91561
PFN1	7	0.0011251	0.0048524	0.035719	144	5	-1.5665	0.77624	0.91353	0.999995	788	2	-1.5665
MED31	8	0.0011906	0.0049645	0.036292	145	5	-1.6335	0.99924	0.99913	0.999995	980	0	-1.6335
RBBP4	7	0.0012656	0.0053661	0.03896	146	5	-1.4412	0.68964	0.86702	0.999995	757	1	-1.4412
RPS8	5	0.0014456	0.0055997	0.040379	147	3	-2.9953	0.99879	0.99879	0.999995	970	0	-2.9953
RPL15	5	0.0014915	0.0057958	0.041511	148	3	-2.7643	0.77426	0.87683	0.999995	786	2	-2.7643
INTS2	8	0.001593	0.0067486	0.047756	149	5	-1.3609	0.99997	0.99998	0.999995	1015	0	-1.3609
NCBP2	8	0.0015951	0.0067579	0.047756	150	4	-0.71286	0.34299	0.64514	0.999995	610	3	-0.71286
AKIRIN2	8	0.0017132	0.0072062	0.050587	151	5	-1.1598	0.999	0.99895	0.999995	973	0	-1.1598
NAA15	8	0.002084	0.00857	0.059757	152	5	-0.93992	0.58887	0.82899	0.999995	717	1	-0.93992
E2F3	7	0.0020872	0.0088408	0.059879	153	5	-0.61033	0.99993	0.99996	0.999995	1004	0	-0.61033
GATAD2A	8	0.0021	0.0086353	0.059757	154	5	-0.90738	0.63441	0.85936	0.999995	735	2	-0.90738
SLC25A28	8	0.002116	0.0087194	0.059757	155	5	-0.86302	0.99992	0.99991	0.999995	1003	0	-0.86302
MED26	8	0.0021241	0.0087381	0.059757	156	5	-1.1555	0.89224	0.96129	0.999995	838	2	-1.1555
PPP2R1A	8	0.0021567	0.0088689	0.059879	157	5	-0.89402	0.36146	0.66526	0.999995	617	1	-0.89402
SKA1	8	0.0024023	0.0097375	0.065328	158	4	-1.0196	0.24856	0.53305	0.999995	546	1	-1.0196
UCHL5	8	0.0025313	0.010102	0.067345	159	5	-0.8773	0.92567	0.97068	0.999995	862	1	-0.8773
SPTLC2	8	0.0025685	0.010251	0.067915	160	5	-0.75873	0.9761	0.98782	0.999995	906	1	-0.75873
ATP6V1E1	7	0.0026563	0.011167	0.073519	161	4	-0.97568	0.93363	0.97105	0.999995	870	2	-0.97568
USP5	8	0.0029246	0.011353	0.074288	162	5	-0.80143	0.10884	0.31977	0.807037	419	2	-0.80143
CAB39	8	0.0029743	0.011466	0.074561	163	5	-0.83369	0.83303	0.94357	0.999995	807	1	-0.83369
NRBP1	8	0.0029944	0.01154	0.074589	164	4	-0.77895	0.46463	0.74256	0.999995	658	2	-0.77895
HSCB	8	0.0030375	0.01168	0.075038	165	5	-0.96765	0.99993	0.99994	0.999995	1006	0	-0.96765
ATP5F1D	8	0.0032111	0.012353	0.07888	166	5	-0.83469	0.99038	0.99223	0.999995	924	1	-0.83469
WDR12	8	0.0033007	0.012661	0.08018	167	5	-0.96433	0.99833	0.9983	0.999995	965	0	-0.96433
DDX5	8	0.003312	0.012708	0.08018	168	5	-0.78667	0.99177	0.99296	0.999995	927	1	-0.78667
PDCD6IP	8	0.0034502	0.013222	0.082928	169	5	-0.86484	0.99994	0.99994	0.999995	1008	0	-0.86484
NAPA	8	0.0036291	0.013829	0.086226	170	5	-0.7205	0.64572	0.86423	0.999995	738	3	-0.7205
TYMS	8	0.0039816	0.015314	0.094928	171	5	-0.74016	0.30871	0.60591	0.999995	585	1	-0.74016
EP300	8	0.0040869	0.015697	0.096662	172	5	-0.57918	0.95296	0.98064	0.999995	885	1	-0.57918
MYBL2	8	0.0041136	0.015809	0.096662	173	5	-0.65185	0.99987	0.99981	0.999995	1000	0	-0.65185
RING1	8	0.004127	0.015912	0.096662	174	5	-0.55362	0.67268	0.87509	0.999995	752	1	-0.55362
FARS2	8	0.0041404	0.015958	0.096662	175	5	-0.64404	0.91138	0.96634	0.999995	851	1	-0.64404
HNRNPH1	8	0.0041673	0.016061	0.096732	176	5	-0.75097	0.91434	0.96714	0.999995	856	2	-0.75097
ISCA2	8	0.0044437	0.017266	0.10282	177	5	-0.6548	0.48996	0.7602	0.999995	671	1	-0.6548
EEFSEC	8	0.0044863	0.017434	0.103241	178	5	-0.7831	0.99485	0.99496	0.999995	941	1	-0.7831
SNRPB	8	0.0045437	0.017612	0.103713	179	5	-0.85069	0.99711	0.99702	0.999995	955	0	-0.85069
MTG2	8	0.0046894	0.018163	0.106367	180	5	-0.45323	0.99996	0.99996	0.999995	1013	0	-0.45323
TNPO1	6	0.0049355	0.016687	0.099933	181	4	-0.84118	0.96128	0.96917	0.999995	893	1	-0.84118
CPSF3	8	0.0049573	0.019078	0.110832	182	4	-0.89706	0.99998	1.0	0.999995	1021	0	-0.89706
MRPL27	8	0.0051951	0.019825	0.114211	183	5	-0.54851	0.80085	0.92847	0.999995	796	1	-0.54851
EIF3L	8	0.0052271	0.019947	0.11429	184	5	-0.64639	0.75858	0.91038	0.999995	781	1	-0.64639
TOMM22	7	0.0053973	0.019134	0.110832	185	4	-0.98275	0.99439	0.99405	0.999995	935	0	-0.98275
CCNE2	8	0.0054546	0.020834	0.118468	186	5	-0.58193	0.9935	0.99399	0.999995	932	1	-0.58193
SNAPC4	8	0.0054716	0.020899	0.118468	187	4	-0.7896	0.97974	0.98869	0.999995	909	1	-0.7896
RNF20	8	0.0055544	0.021226	0.119681	188	5	-0.77348	0.65694	0.86905	0.999995	746	1	-0.77348
NDE1	8	0.007821	0.028437	0.15949	189	4	-0.73495	0.48111	0.75397	0.999995	665	2	-0.73495
FANCM	8	0.0081155	0.029306	0.163497	190	4	-0.59001	0.39643	0.69272	0.999995	631	1	-0.59001
TRAPPC3	8	0.0086222	0.030492	0.168343	191	4	-0.63821	0.70549	0.8885	0.999995	762	2	-0.63821
SPOP	8	0.011081	0.037227	0.203404	192	4	-0.63268	0.99701	0.99686	0.999995	953	0	-0.63268
RPS15	4	0.01154	0.029596	0.164248	193	2	-1.3856	0.95869	0.95816	0.999995	889	0	-1.3856
CRKL	8	0.011992	0.039562	0.213957	194	4	-0.56602	0.54736	0.80069	0.999995	698	2	-0.56602
ADSS	7	0.012365	0.039235	0.213277	195	4	-0.64103	0.91497	0.96224	0.999995	858	2	-0.64103
TAMM41	8	0.013367	0.043382	0.233427	196	4	-0.55173	0.97835	0.98833	0.999995	907	1	-0.55173
RPP14	8	0.01362	0.044045	0.235061	197	4	-0.69024	0.99821	0.99817	0.999995	964	0	-0.69024
SEPHS2	8	0.014532	0.046511	0.24651	198	4	-0.56298	0.93042	0.9723	0.999995	867	1	-0.56298
INCENP	8	0.015378	0.048622	0.256416	199	4	-0.49628	0.87915	0.95816	0.999995	831	2	-0.49628
COPZ1	8	0.016382	0.051116	0.268234	200	4	-0.56906	0.92005	0.9689	0.999995	859	2	-0.56906
RPS7	3	0.017019	0.035116	0.192864	201	2	-2.1994	0.98234	0.98237	0.999995	913	0	-2.1994
COX4I1	8	0.017869	0.054834	0.285454	202	4	-0.53697	0.93317	0.97327	0.999995	869	1	-0.53697
EIF3J	7	0.019602	0.058981	0.304975	203	4	-0.46981	0.99726	0.99692	0.999995	956	0	-0.46981
SEPHS1	7	0.020362	0.06097	0.313732	204	4	-0.51022	0.807	0.92252	0.999995	799	1	-0.51022
DDI2	8	0.021278	0.063651	0.325943	205	4	-0.52393	0.78465	0.92142	0.999995	792	2	-0.52393
RPL37A	5	0.02188	0.054936	0.285454	206	3	-1.0044	0.91081	0.93287	0.999995	850	1	-1.0044
RPL6	3	0.022626	0.044129	0.235061	207	2	-1.8106	0.80239	0.81304	0.999995	797	1	-1.8106
ANAPC4	8	0.024146	0.071516	0.364456	208	4	-0.4556	0.99863	0.99858	0.999995	967	0	-0.4556
SOS1	8	0.024271	0.071899	0.364655	209	4	-0.4234	0.84027	0.94661	0.999995	814	1	-0.4234
HUS1	8	0.025866	0.076027	0.383758	210	4	-0.43941	0.99965	0.99955	0.999995	990	0	-0.43941
RBM22	8	0.026193	0.076849	0.386068	211	4	-0.13052	0.44908	0.73166	0.999995	654	3	-0.13052
CFL1	8	0.027191	0.078858	0.394288	212	4	-0.35501	0.93033	0.97229	0.999995	866	2	-0.35501
TAF1	8	0.029613	0.084593	0.420978	213	4	-0.2123	0.37083	0.67306	0.999995	624	3	-0.2123
RBMX	7	0.031741	0.08506	0.421324	214	3	-0.19033	0.19276	0.44915	0.953356	506	3	-0.19033
ATP5PB	8	0.034947	0.097754	0.479717	215	4	-0.38229	0.91205	0.9665	0.999995	852	2	-0.38229
IMPDH2	8	0.035584	0.099211	0.484624	216	4	-0.46114	0.96661	0.98609	0.999995	898	1	-0.46114
MED13	8	0.038543	0.10648	0.517451	217	4	-0.49623	0.99755	0.99752	0.999995	959	0	-0.49623
TMEM30A	8	0.038712	0.10691	0.517451	218	4	-0.33719	0.95263	0.98047	0.999995	884	1	-0.33719
POLD1	8	0.042278	0.11324	0.545612	219	3	-0.1161	0.95073	0.97975	0.999995	882	2	-0.1161
SNRPB2	7	0.050965	0.12219	0.586062	220	3	-0.10841	0.88439	0.9495	0.999995	833	2	-0.10841
RPL27A	4	0.052696	0.097184	0.479139	221	1	0.52932	0.18946	0.36928	0.867939	501	3	0.52932
TIMM23	6	0.054228	0.12372	0.590737	222	3	-0.59305	0.98569	0.98559	0.999995	917	0	-0.59305
NMT1	8	0.064327	0.15208	0.721026	223	3	-0.21124	0.99633	0.99626	0.999995	946	0	-0.21124
DGKZ	6	0.073628	0.16053	0.752935	224	3	-0.52059	0.99901	0.99902	0.999995	974	0	-0.52059
MTX1	6	0.074243	0.16147	0.75398	225	3	-0.43255	0.83312	0.91863	0.999995	808	2	-0.43255
CREBBP	8	0.077169	0.17411	0.809471	226	3	-0.069554	0.94071	0.976	0.999995	878	1	-0.069554
TBP	8	0.079156	0.17731	0.820723	227	3	-0.035281	0.9126	0.9667	0.999995	853	1	-0.035281
GABPB1	8	0.083789	0.18505	0.852841	228	2	-0.013849	0.86023	0.95404	0.999995	821	2	-0.013849
MECP2	8	0.08668	0.18979	0.868291	229	3	-0.3891	0.98545	0.99036	0.999995	916	1	-0.3891
KPNA2	7	0.0891	0.19021	0.868291	230	3	-0.43001	0.51923	0.77551	0.999995	686	1	-0.43001
IPO7	7	0.089417	0.19086	0.868291	231	3	0.0499	0.9982	0.99819	0.999995	963	0	0.0499
SIN3A	8	0.089917	0.19546	0.885398	232	3	-0.3264	0.99914	0.99902	0.999995	978	0	-0.3264
RPS28	3	0.098367	0.15237	0.721026	233	1	0.27047	0.16105	0.30577	0.792091	473	1	0.27047
RPL21	3	0.09967	0.15327	0.72209	234	1	-0.42294	0.84957	0.85113	0.999995	817	1	-0.42294
NBEAL1	8	0.10007	0.21208	0.952865	235	1	0.43259	0.1436	0.38966	0.882574	465	4	0.43259
TCERG1	8	0.10014	0.21215	0.952865	236	3	-0.050087	0.90422	0.96456	0.999995	847	1	-0.050087
PAF1	8	0.11108	0.23028	0.999995	237	3	-0.32953	0.4217	0.71101	0.999995	643	1	-0.32953
BZW2	8	0.11309	0.23364	0.999995	238	3	-0.15348	0.99777	0.99774	0.999995	960	0	-0.15348
FANCF	8	0.12698	0.25568	0.999995	239	3	-0.36728	0.99999	1.0	0.999995	1023	0	-0.36728
MRPL55	8	0.13561	0.26916	0.999995	240	3	0.3954	0.027587	0.11445	0.493138	245	5	0.3954
HNRNPH3	8	0.13693	0.27124	0.999995	241	3	-0.21657	0.99883	0.99882	0.999995	971	0	-0.21657
DGAT1	8	0.13803	0.27284	0.999995	242	3	-0.01862	0.17325	0.43213	0.930822	489	3	-0.01862
CHMP1A	8	0.15084	0.29291	0.999995	243	3	-0.3248	0.99695	0.99683	0.999995	952	0	-0.3248
DDX39B	8	0.15129	0.29359	0.999995	244	3	0.041689	0.93891	0.97523	0.999995	874	2	0.041689
ZMAT2	8	0.15138	0.29373	0.999995	245	2	-0.010648	0.66238	0.87107	0.999995	750	3	-0.010648
HASPIN	8	0.15267	0.29559	0.999995	246	3	-0.18182	0.27075	0.56056	0.999995	559	1	-0.18182
DNAJC19	6	0.16029	0.26162	0.999995	247	2	-0.2346	0.69207	0.85807	0.999995	759	2	-0.2346
TOMM20	6	0.19724	0.30379	0.999995	248	2	0.58115	0.034484	0.12134	0.512985	275	4	0.58115
SBF1	7	0.23945	0.36449	0.999995	249	2	0.44355	0.30583	0.5839	0.999995	582	4	0.44355
ARPC5L	8	0.26863	0.40768	0.999995	250	1	0.22016	0.98834	0.99138	0.999995	921	1	0.22016
RAD17	6	0.2882	0.41083	0.999995	251	2	0.44895	0.082786	0.24099	0.70372	380	3	0.44895
KIF20A	16	0.28839	0.52443	0.999995	252	4	-0.15051	0.39855	0.77236	0.999995	634	3	-0.15051
BECN1	8	0.29436	0.43216	0.999995	253	2	-0.28852	0.88403	0.95926	0.999995	832	1	-0.28852
XRCC4	8	0.30803	0.44487	0.999995	254	2	-0.097087	0.96396	0.98548	0.999995	897	1	-0.097087
DYNC1LI1	7	0.31956	0.45085	0.999995	255	2	-0.15378	0.99801	0.998	0.999995	962	0	-0.15378
ALG14	8	0.32141	0.45817	0.999995	256	2	0.094941	0.77508	0.91736	0.999995	787	3	0.094941
FAM50A	8	0.32462	0.46149	0.999995	257	2	-0.033167	0.95762	0.98262	0.999995	888	2	-0.033167
TLN1	8	0.32499	0.46189	0.999995	258	2	0.0092237	0.98809	0.99132	0.999995	920	1	0.0092237
TBC1D28	7	0.3284	0.46067	0.999995	259	2	0.18922	0.035696	0.13326	0.524624	278	2	0.18922
SHMT2	8	0.3368	0.47343	0.999995	260	2	-0.16968	0.95934	0.98343	0.999995	890	1	-0.16968
BICD2	8	0.34049	0.47728	0.999995	261	2	0.15439	0.95189	0.98019	0.999995	883	2	0.15439
MTMR3	8	0.34381	0.48045	0.999995	262	2	-0.13026	0.94924	0.97921	0.999995	880	1	-0.13026
ADAP1	8	0.34529	0.48182	0.999995	263	2	0.25553	0.83958	0.94633	0.999995	812	3	0.25553
ACACA	8	0.3545	0.49131	0.999995	264	2	0.11226	0.84019	0.9466	0.999995	813	2	0.11226
MTMR4	8	0.3703	0.5065	0.999995	265	2	0.091645	0.79261	0.92486	0.999995	794	3	0.091645
SLC32A1	8	0.37066	0.50691	0.999995	266	2	0.31353	0.61988	0.84986	0.999995	727	3	0.31353
FOXK2	8	0.38069	0.51653	0.999995	267	1	0.42611	0.12886	0.36135	0.863856	441	6	0.42611
CBLL1	8	0.38858	0.52453	0.999995	268	2	0.0021255	0.77629	0.91787	0.999995	789	3	0.0021255
NSG2	8	0.39882	0.53524	0.999995	269	1	0.62644	0.043357	0.16302	0.577916	300	5	0.62644
EGFR	8	0.39914	0.53556	0.999995	270	2	-0.014332	0.71558	0.89255	0.999995	767	3	-0.014332
SP110	8	0.40204	0.53837	0.999995	271	2	-0.21382	0.76022	0.91112	0.999995	782	2	-0.21382
STT3B	8	0.40712	0.54372	0.999995	272	2	-0.34696	0.99955	0.99946	0.999995	989	0	-0.34696
DYNC1LI2	8	0.41074	0.54759	0.999995	273	2	-0.27783	0.99994	0.99994	0.999995	1009	0	-0.27783
GPR50	8	0.41254	0.54929	0.999995	274	2	0.36341	0.35681	0.65999	0.999995	614	5	0.36341
FDPS	8	0.42011	0.55666	0.999995	275	2	-0.17324	0.085723	0.26912	0.740941	385	2	-0.17324
SMARCC1	8	0.42263	0.55906	0.999995	276	2	-0.076783	0.19256	0.45958	0.958775	505	2	-0.076783
RP1	8	0.42478	0.56136	0.999995	277	2	-0.072138	0.99704	0.9969	0.999995	954	0	-0.072138
PMM2	8	0.42694	0.56364	0.999995	278	2	-0.087089	0.34749	0.65013	0.999995	612	3	-0.087089
CCNT2	8	0.42765	0.56438	0.999995	279	2	0.27056	0.49117	0.76099	0.999995	672	4	0.27056
SEC31A	8	0.4298	0.56666	0.999995	280	2	-0.16311	0.8579	0.95356	0.999995	820	2	-0.16311
XPO7	8	0.43052	0.56742	0.999995	281	2	-0.020457	0.4273	0.71531	0.999995	648	3	-0.020457
SAR1A	16	0.44855	0.6623	0.999995	282	3	-0.012419	0.50694	0.84476	0.999995	682	5	-0.012419
TUBB2B	6	0.4524	0.5062	0.999995	283	1	0.20816	0.32322	0.59097	0.999995	596	2	0.20816
ZWILCH	8	0.51966	0.60905	0.999995	284	1	-0.060136	0.66125	0.8707	0.999995	749	3	-0.060136
LDB1	16	0.52759	0.72598	0.999995	285	3	0.033874	0.86606	0.98067	0.999995	825	1	0.033874
CNOT7	7	0.53382	0.58655	0.999995	286	1	-0.17088	0.19387	0.45076	0.953706	509	3	-0.17088
UTP14C	8	0.53464	0.6163	0.999995	287	1	0.7658	0.00029987	0.0019662	0.069472	30	7	0.7658
H2AFX	8	0.54643	0.62211	0.999995	288	1	0.62099	0.25283	0.53825	0.999995	547	4	0.62099
TSPO2	8	0.54783	0.62288	0.999995	289	1	0.44529	0.17685	0.43731	0.930822	496	5	0.44529
TIMM23B	7	0.555	0.59929	0.999995	290	1	0.26557	0.4801	0.74759	0.999995	664	3	0.26557
TAF9	7	0.56107	0.60311	0.999995	291	1	0.56851	0.061929	0.21041	0.652148	344	6	0.56851
RIC8B	8	0.57144	0.63499	0.999995	292	1	0.34337	0.78198	0.92035	0.999995	791	3	0.34337
SOAT1	8	0.5741	0.63639	0.999995	293	1	0.50577	0.26331	0.55183	0.999995	555	5	0.50577
MED23	8	0.57805	0.63878	0.999995	294	1	-0.041551	0.89802	0.96292	0.999995	842	2	-0.041551
LIF	8	0.58801	0.64452	0.999995	295	1	0.57107	0.10994	0.32213	0.81107	420	6	0.57107
YIF1B	8	0.5927	0.64716	0.999995	296	1	0.5592	0.019193	0.084266	0.43453	206	7	0.5592
NUMBL	8	0.60153	0.65209	0.999995	297	1	0.53866	0.044994	0.16761	0.583882	304	6	0.53866
MBTD1	8	0.6106	0.65709	0.999995	298	1	-0.010466	0.73489	0.90045	0.999995	774	2	-0.010466
MYL7	8	0.61141	0.65762	0.999995	299	1	0.07654	0.91495	0.96731	0.999995	857	2	0.07654
PTTG1	7	0.62364	0.6439	0.999995	300	1	0.17827	0.88511	0.94986	0.999995	834	2	0.17827
BRD8	8	0.62583	0.66597	0.999995	301	1	0.30772	0.17607	0.43626	0.930822	491	3	0.30772
MED13L	8	0.62819	0.66739	0.999995	302	1	0.16786	0.97949	0.98865	0.999995	908	1	0.16786
CTSZ	8	0.63131	0.66932	0.999995	303	1	0.4039	0.020227	0.08817	0.439784	213	4	0.4039
THRAP3	7	0.63168	0.64949	0.999995	304	1	0.76274	0.03679	0.13686	0.525703	283	5	0.76274
AP1G2	8	0.63441	0.67145	0.999995	305	1	0.25682	0.58691	0.82747	0.999995	714	3	0.25682
BZW1	6	0.64008	0.64523	0.999995	306	1	0.24595	0.47968	0.7177	0.999995	663	3	0.24595
FKBP5	8	0.64957	0.68073	0.999995	307	1	0.28152	0.17462	0.43411	0.930822	490	3	0.28152
DHX29	7	0.65063	0.66322	0.999995	308	1	0.051875	0.73908	0.89348	0.999995	775	3	0.051875
RSBN1L	8	0.65068	0.6813	0.999995	309	1	0.46533	0.34299	0.64513	0.999995	609	5	0.46533
CLASP2	8	0.65401	0.68346	0.999995	310	1	0.38562	0.44346	0.72753	0.999995	650	4	0.38562
ZNF804B	8	0.66057	0.68773	0.999995	311	1	0.64364	0.063184	0.21503	0.664535	345	6	0.64364
NRBP2	8	0.66238	0.68884	0.999995	312	1	0.018616	0.90082	0.96371	0.999995	844	1	0.018616
EPC1	8	0.66774	0.69224	0.999995	313	1	0.47786	0.12178	0.34684	0.842162	434	4	0.47786
HOXB1	8	0.66845	0.6927	0.999995	314	1	0.29206	0.14734	0.39591	0.892911	467	3	0.29206
DDX17	8	0.66916	0.69306	0.999995	315	1	0.37141	0.32049	0.61961	0.999995	594	4	0.37141
S1PR4	8	0.67478	0.69719	0.999995	316	1	-0.14296	0.33644	0.63768	0.999995	604	2	-0.14296
ITGB1BP2	8	0.67617	0.69815	0.999995	317	1	0.67746	0.015895	0.071936	0.410545	185	7	0.67746
LGALS9	7	0.67872	0.68482	0.999995	318	1	0.63699	0.015804	0.067649	0.406472	183	6	0.63699
GSTP1	8	0.67893	0.69988	0.999995	319	1	0.4454	0.063786	0.2166	0.665899	347	6	0.4454
NAA16	8	0.67962	0.70033	0.999995	320	1	0.82005	0.0041136	0.023048	0.234748	104	7	0.82005
APH1A	8	0.6827	0.70249	0.999995	321	1	-0.0069131	0.96666	0.9861	0.999995	899	1	-0.0069131
GPSM2	8	0.68373	0.70309	0.999995	322	1	0.22655	0.53796	0.79412	0.999995	691	4	0.22655
TBC1D26	6	0.68627	0.68755	0.999995	323	1	0.22346	0.33137	0.60079	0.999995	600	1	0.22346
MRGPRX2	8	0.68644	0.70506	0.999995	324	1	0.65428	0.026193	0.10996	0.487696	238	7	0.65428
LIN28B	8	0.69609	0.71178	0.999995	325	1	0.2919	0.28369	0.57645	0.999995	564	3	0.2919
GDI1	8	0.70066	0.71487	0.999995	326	1	0.41035	0.3417	0.64368	0.999995	607	4	0.41035
TREML4	7	0.70255	0.70508	0.999995	327	1	0.36364	0.19566	0.45347	0.955623	510	4	0.36364
PCGF1	8	0.70421	0.71767	0.999995	328	1	0.456	0.048177	0.17599	0.592912	314	5	0.456
TPRX1	8	0.71024	0.72172	0.999995	329	1	0.65303	0.018944	0.083136	0.431979	205	7	0.65303
GOLT1B	8	0.71182	0.72285	0.999995	330	1	0.57619	0.032468	0.13167	0.524624	265	7	0.57619
GRHL3	8	0.71213	0.72306	0.999995	331	1	0.46875	0.30133	0.59747	0.999995	576	5	0.46875
LSM14B	8	0.71648	0.7262	0.999995	332	1	0.25234	0.88558	0.95965	0.999995	835	2	0.25234
GRHL2	8	0.71803	0.72736	0.999995	333	1	0.37869	0.5213	0.7821	0.999995	687	4	0.37869
NMT2	8	0.71895	0.72805	0.999995	334	1	0.11932	0.32462	0.62449	0.999995	597	3	0.11932
FUT5	8	0.71987	0.72868	0.999995	335	1	0.18011	0.40676	0.7002	0.999995	637	2	0.18011
FKBP9	7	0.72078	0.72063	0.999995	336	1	0.14231	0.55491	0.79476	0.999995	701	3	0.14231
HRAS	8	0.72382	0.73166	0.999995	337	1	0.33127	0.5883	0.82856	0.999995	716	4	0.33127
CRY2	8	0.72742	0.73437	0.999995	338	1	0.40485	0.2553	0.54125	0.999995	548	4	0.40485
TBC1D9	8	0.72802	0.73484	0.999995	339	1	0.46959	0.16614	0.42235	0.921169	482	5	0.46959
RYBP	7	0.72887	0.7278	0.999995	340	1	-0.076968	0.1761	0.42181	0.921169	492	2	-0.076968
GXYLT1	8	0.72921	0.73579	0.999995	341	1	0.08904	0.20624	0.47833	0.975067	519	3	0.08904
TUBB4B	16	0.73075	0.84052	0.999995	342	2	0.27543	0.23187	0.59798	0.999995	536	7	0.27543
CCNL1	8	0.73187	0.73769	0.999995	343	1	0.26313	0.26366	0.55232	0.999995	556	2	0.26313
SNRPN	7	0.73336	0.73218	0.999995	344	1	0.83843	0.0020627	0.011494	0.154539	82	6	0.83843
ALDOC	8	0.73392	0.73943	0.999995	345	1	-0.094936	0.30058	0.59658	0.999995	575	2	-0.094936
GSDMD	8	0.7345	0.73996	0.999995	346	1	0.11859	0.49766	0.76583	0.999995	676	3	0.11859
CCNE1	8	0.73654	0.74162	0.999995	347	1	0.076119	0.62987	0.85616	0.999995	730	3	0.076119
NCKAP1	8	0.73712	0.74214	0.999995	348	1	-0.060745	0.89359	0.96164	0.999995	840	2	-0.060745
STT3A	8	0.73798	0.74278	0.999995	349	1	0.2178	0.49151	0.7613	0.999995	673	3	0.2178
PEF1	7	0.73959	0.73822	0.999995	350	1	0.13107	0.52614	0.77927	0.999995	689	1	0.13107
NR2E1	8	0.74028	0.74442	0.999995	351	1	0.53837	0.16931	0.42682	0.927018	485	5	0.53837
COX4I2	8	0.74057	0.74466	0.999995	352	1	-0.077154	0.86061	0.95412	0.999995	822	2	-0.077154
ARFGEF1	8	0.74086	0.74491	0.999995	353	1	0.47776	0.20394	0.47521	0.974313	516	5	0.47776
KCNT2	8	0.74143	0.74545	0.999995	354	1	0.67598	0.066101	0.22218	0.669062	355	5	0.67598
KRT25	8	0.742	0.74591	0.999995	355	1	0.36257	0.17257	0.43122	0.930822	488	3	0.36257
FAM71B	8	0.74455	0.74801	0.999995	356	1	0.30864	0.65582	0.86856	0.999995	745	3	0.30864
ESRP1	8	0.74595	0.74934	0.999995	357	1	0.019408	0.68356	0.87957	0.999995	755	3	0.019408
IPO5	8	0.74791	0.75118	0.999995	358	1	0.37072	0.58009	0.82279	0.999995	709	4	0.37072
RXFP3	8	0.75234	0.75483	0.999995	359	1	0.053324	0.99862	0.99858	0.999995	966	0	0.053324
BICD1	8	0.75261	0.75511	0.999995	360	1	0.35208	0.63978	0.86182	0.999995	736	2	0.35208
H1FOO	8	0.75453	0.75692	0.999995	361	1	0.6021	0.017392	0.077363	0.425717	192	6	0.6021
SRI	8	0.75965	0.76147	0.999995	362	1	0.59611	0.020369	0.088787	0.439784	215	6	0.59611
PACS1	8	0.76179	0.76331	0.999995	363	1	0.14286	0.83744	0.94541	0.999995	809	3	0.14286
CEACAM1	8	0.76205	0.76357	0.999995	364	1	0.51162	0.056036	0.19687	0.638478	327	6	0.51162
MT2A	6	0.76291	0.76374	0.999995	365	0	-0.0015418	0.92677	0.95733	0.999995	863	1	-0.0015418
TNPO2	8	0.7639	0.76526	0.999995	366	1	0.59432	0.048008	0.17564	0.592912	313	6	0.59432
TFDP3	7	0.76542	0.7642	0.999995	367	0	0.31814	0.84718	0.93564	0.999995	815	2	0.31814
AKIRIN1	8	0.76548	0.76669	0.999995	368	1	-0.078856	0.26579	0.55487	0.999995	557	2	-0.078856
TUBB2A	6	0.76625	0.76698	0.999995	369	0	0.36127	0.18882	0.41613	0.921169	499	4	0.36127
RALGPS2	8	0.76652	0.76764	0.999995	370	1	0.14156	0.36479	0.66841	0.999995	619	2	0.14156
TAF1L	7	0.76753	0.76621	0.999995	371	0	0.5793	0.20727	0.47139	0.971806	520	4	0.5793
SLC25A25	8	0.76808	0.76911	0.999995	372	1	0.33289	0.54204	0.79686	0.999995	694	4	0.33289
OSBPL6	8	0.7686	0.76965	0.999995	373	1	0.16999	0.75372	0.90808	0.999995	780	3	0.16999
G3BP1	7	0.76939	0.76808	0.999995	374	0	0.13075	0.99936	0.99936	0.999995	985	0	0.13075
UTRN	8	0.77143	0.77208	0.999995	375	1	0.71504	0.041801	0.15881	0.573601	293	6	0.71504
CDC34	8	0.77296	0.77345	0.999995	376	1	0.095816	0.20518	0.47705	0.974313	518	3	0.095816
IQCA1	8	0.77321	0.7737	0.999995	377	1	0.57226	0.096927	0.2942	0.785533	397	6	0.57226
FSD1L	8	0.77347	0.77396	0.999995	378	1	0.60973	0.047034	0.17314	0.592912	309	6	0.60973
DGKI	8	0.77398	0.77451	0.999995	379	1	0.65872	0.025374	0.10718	0.483779	235	6	0.65872
DMXL2	8	0.77423	0.77471	0.999995	380	1	0.22217	0.044276	0.16573	0.579796	303	3	0.22217
VANGL2	8	0.77549	0.77581	0.999995	381	1	0.34558	0.37942	0.67937	0.999995	627	3	0.34558
CYP26C1	8	0.77625	0.77649	0.999995	382	1	0.63989	0.0083192	0.04172	0.315462	138	5	0.63989
CLASP1	8	0.7765	0.7767	0.999995	383	1	-0.28149	0.92294	0.96973	0.999995	860	2	-0.28149
GABPB2	8	0.778	0.77822	0.999995	384	1	0.37124	0.086834	0.2717	0.744199	387	4	0.37124
ZMIZ1	8	0.77875	0.77898	0.999995	385	1	0.38052	0.47832	0.75173	0.999995	662	4	0.38052
RPRD1A	8	0.77974	0.78004	0.999995	386	1	0.68734	0.0051989	0.02797	0.264567	112	6	0.68734
LHFPL5	8	0.78196	0.78227	0.999995	387	1	0.50952	0.11948	0.34218	0.837663	432	6	0.50952
PTF1A	8	0.78319	0.78338	0.999995	388	1	0.417	0.31263	0.61069	0.999995	587	5	0.417
RHBDF1	8	0.78343	0.7836	0.999995	389	1	0.14234	0.56564	0.81264	0.999995	704	2	0.14234
WAS	8	0.78416	0.78436	0.999995	390	1	0.51554	0.056879	0.1988	0.638569	331	6	0.51554
MYBPHL	8	0.78489	0.7851	0.999995	391	1	0.026106	0.99587	0.99585	0.999995	944	1	0.026106
ZNF185	8	0.78562	0.78579	0.999995	392	1	0.18135	0.9441	0.97731	0.999995	879	2	0.18135
EPC2	8	0.78658	0.78656	0.999995	393	1	-0.16556	0.87726	0.95764	0.999995	828	2	-0.16556
APOBEC1	8	0.78802	0.78793	0.999995	394	1	0.14452	0.7298	0.89841	0.999995	772	1	0.14452
REG3A	8	0.7885	0.78837	0.999995	395	1	0.35328	0.39424	0.69087	0.999995	628	4	0.35328
POU4F2	8	0.78898	0.78882	0.999995	396	1	0.22505	0.21153	0.48548	0.980207	526	3	0.22505
TACC3	8	0.79017	0.79001	0.999995	397	1	0.52109	0.007887	0.039973	0.309279	135	5	0.52109
UNC119	8	0.79065	0.79045	0.999995	398	1	0.069264	0.9501	0.97958	0.999995	881	2	0.069264
SUSD1	8	0.79088	0.79069	0.999995	399	1	0.65558	0.045659	0.16939	0.586763	306	6	0.65558
CHUK	16	0.79125	0.87861	0.999995	400	2	0.28901	0.6908	0.93196	0.999995	758	6	0.28901
ATP6V1B1	8	0.79324	0.79315	0.999995	401	1	0.45668	0.31921	0.61827	0.999995	593	4	0.45668
WASL	8	0.79371	0.79354	0.999995	402	0	0.084873	0.9987	0.99869	0.999995	968	0	0.084873
DCAF4L2	8	0.79511	0.79476	0.999995	403	0	0.13898	0.98122	0.9891	0.999995	911	1	0.13898
LIM2	8	0.79534	0.79504	0.999995	404	0	0.47524	0.2243	0.50226	0.999995	531	5	0.47524
ARID4A	8	0.79627	0.79594	0.999995	405	0	-0.051213	0.99636	0.99627	0.999995	947	0	-0.051213
NCOR2	8	0.79742	0.79715	0.999995	406	0	0.27318	0.41037	0.70285	0.999995	638	2	0.27318
COQ10B	8	0.79857	0.79831	0.999995	407	0	0.16482	0.89995	0.96352	0.999995	843	1	0.16482
CCND3	8	0.79971	0.79959	0.999995	408	0	0.026017	0.81513	0.93511	0.999995	802	3	0.026017
EZH1	8	0.79994	0.7998	0.999995	409	0	0.12747	0.36516	0.66867	0.999995	620	3	0.12747
CYFIP2	8	0.8004	0.80026	0.999995	410	0	0.60404	0.01875	0.082388	0.431979	201	6	0.60404
PRG3	8	0.80062	0.80044	0.999995	411	0	0.030141	0.75052	0.90685	0.999995	779	3	0.030141
SIN3B	8	0.80221	0.802	0.999995	412	0	0.20744	0.94009	0.9757	0.999995	876	2	0.20744
YIF1A	8	0.80288	0.80283	0.999995	413	0	0.1005	0.36083	0.66464	0.999995	616	2	0.1005
SUV39H1	8	0.80311	0.80307	0.999995	414	0	0.058589	0.57615	0.81993	0.999995	708	3	0.058589
ZG16	8	0.80378	0.80387	0.999995	415	0	0.14022	0.92804	0.97158	0.999995	864	2	0.14022
FOXK1	8	0.804	0.80408	0.999995	416	0	0.27136	0.71184	0.89099	0.999995	765	3	0.27136
SLC17A2	8	0.80467	0.80481	0.999995	417	0	0.47718	0.28771	0.58108	0.999995	567	5	0.47718
XPR1	8	0.8049	0.80503	0.999995	418	0	-0.15934	0.93755	0.97467	0.999995	873	2	-0.15934
ARFIP1	8	0.80534	0.80551	0.999995	419	0	0.75897	0.00060783	0.003825	0.086531	45	7	0.75897
ERC2	8	0.80556	0.80567	0.999995	420	0	0.42548	0.43706	0.72301	0.999995	649	4	0.42548
PRKAB2	8	0.80667	0.8069	0.999995	421	0	0.39029	0.017663	0.078307	0.425717	194	4	0.39029
MBD3L1	8	0.80689	0.80713	0.999995	422	0	0.23182	0.63301	0.8584	0.999995	732	3	0.23182
GLIS3	8	0.80711	0.80729	0.999995	423	0	0.47631	0.13113	0.36588	0.865278	447	5	0.47631
DUSP10	8	0.808	0.80808	0.999995	424	0	0.028903	0.5856	0.82657	0.999995	713	3	0.028903
HMGCS2	8	0.80821	0.80831	0.999995	425	0	0.31367	0.65218	0.86699	0.999995	743	3	0.31367
ZNF34	8	0.80887	0.80892	0.999995	426	0	0.042523	0.11942	0.34201	0.837663	431	1	0.042523
CCT6B	8	0.81105	0.81107	0.999995	427	0	0.44561	0.28515	0.57808	0.999995	565	5	0.44561
PSMB8	8	0.81213	0.8122	0.999995	428	0	0.4366	0.29517	0.5901	0.999995	572	5	0.4366
ANKRD10	8	0.81235	0.81241	0.999995	429	0	0.78791	4.2355e-05	0.00035027	0.045615	8	7	0.78791
HTR3E	8	0.81385	0.81394	0.999995	430	0	0.52311	0.12936	0.36242	0.863856	443	5	0.52311
GOLT1A	8	0.81555	0.81555	0.999995	431	0	0.45271	0.10506	0.31152	0.797616	412	6	0.45271
RBMXL2	8	0.81576	0.8158	0.999995	432	0	0.63207	0.03033	0.12396	0.517327	253	6	0.63207
TMEM120A	8	0.81598	0.81605	0.999995	433	0	0.61238	0.034006	0.13662	0.525703	273	5	0.61238
TOB2	8	0.81619	0.81618	0.999995	434	0	0.54884	0.083086	0.26333	0.732634	382	6	0.54884
DDX39A	8	0.81661	0.81662	0.999995	435	0	0.16771	0.82465	0.93958	0.999995	806	2	0.16771
MEP1B	8	0.81724	0.81724	0.999995	436	0	0.417	0.41911	0.70907	0.999995	641	4	0.417
PAPSS2	8	0.81745	0.81752	0.999995	437	0	0.46572	0.28864	0.58224	0.999995	568	5	0.46572
LIN28A	7	0.81844	0.81702	0.999995	438	0	0.18537	0.21794	0.48787	0.983163	529	2	0.18537
ABTB2	8	0.81892	0.81884	0.999995	439	0	0.3196	0.031675	0.12898	0.523373	260	3	0.3196
ABCA3	8	0.81975	0.81973	0.999995	440	0	0.42206	0.1933	0.46075	0.958775	507	5	0.42206
CTPS1	8	0.82079	0.82075	0.999995	441	0	0.28674	0.47149	0.74713	0.999995	660	4	0.28674
SHCBP1L	8	0.821	0.82095	0.999995	442	0	0.46473	0.13028	0.36429	0.863856	445	6	0.46473
PSEN1	8	0.8212	0.82116	0.999995	443	0	0.26604	0.50319	0.76944	0.999995	680	4	0.26604
TOP1MT	8	0.82203	0.82187	0.999995	444	0	-0.21453	0.88862	0.96036	0.999995	836	1	-0.21453
TOB1	8	0.82244	0.82225	0.999995	445	0	-0.077992	0.72073	0.89442	0.999995	769	3	-0.077992
KIAA0319L	8	0.82264	0.82244	0.999995	446	0	0.22788	0.97419	0.98733	0.999995	904	1	0.22788
COQ10A	8	0.82305	0.82275	0.999995	447	0	0.26304	0.68488	0.88004	0.999995	756	3	0.26304
SAMD9	8	0.82387	0.8236	0.999995	448	0	0.72646	0.029756	0.12195	0.512985	250	6	0.72646
EFR3A	8	0.82448	0.82424	0.999995	449	0	0.27904	0.85169	0.95124	0.999995	819	3	0.27904
FOXE3	8	0.82468	0.82441	0.999995	450	0	0.26235	0.79396	0.92552	0.999995	795	3	0.26235
ASF1A	8	0.82549	0.82526	0.999995	451	0	0.32287	0.1642	0.41977	0.921169	480	4	0.32287
LOR	8	0.8259	0.82562	0.999995	452	0	0.24409	0.18994	0.45603	0.95721	502	4	0.24409
GOLPH3	8	0.8261	0.82589	0.999995	453	0	0.28366	0.74971	0.90654	0.999995	778	3	0.28366
CLDN4	8	0.8265	0.82626	0.999995	454	0	0.20493	0.83764	0.9455	0.999995	810	2	0.20493
IRF4	8	0.8267	0.82644	0.999995	455	0	0.13344	0.40653	0.70007	0.999995	636	3	0.13344
CYP7A1	8	0.8277	0.82737	0.999995	456	0	-0.11812	0.99398	0.99433	0.999995	933	1	-0.11812
RIMKLB	6	0.82782	0.82952	0.999995	457	0	0.61489	0.04001	0.13607	0.525703	290	5	0.61489
STX12	8	0.8289	0.82875	0.999995	458	0	0.10406	0.99336	0.99394	0.999995	931	1	0.10406
HACD1	8	0.8293	0.82911	0.999995	459	0	0.4136	0.016497	0.074262	0.420951	187	4	0.4136
IAPP	8	0.82989	0.82966	0.999995	460	0	0.23467	0.42598	0.71437	0.999995	647	3	0.23467
SAP30	8	0.83088	0.83072	0.999995	461	0	0.71744	0.0042351	0.023646	0.236456	106	6	0.71744
MARCKS	8	0.83186	0.83167	0.999995	462	0	0.52821	0.036448	0.14398	0.541201	282	6	0.52821
GJA8	8	0.83244	0.83227	0.999995	463	0	0.14347	0.9341	0.97351	0.999995	871	2	0.14347
CNOT8	7	0.83266	0.83112	0.999995	464	0	0.71322	0.028227	0.10926	0.487696	248	6	0.71322
GCM2	8	0.83322	0.83303	0.999995	465	0	0.16817	0.20241	0.47318	0.972034	515	2	0.16817
SOS2	8	0.83342	0.8332	0.999995	466	0	0.38003	0.055848	0.19633	0.638478	326	4	0.38003
FSD1	8	0.8338	0.83362	0.999995	467	0	0.3719	0.4438	0.72778	0.999995	651	4	0.3719
VPS26A	8	0.834	0.83385	0.999995	468	0	0.49435	0.18536	0.4497	0.953356	497	5	0.49435
SPATA16	8	0.83458	0.83446	0.999995	469	0	0.4163	0.33454	0.63562	0.999995	602	5	0.4163
SEC11A	7	0.83476	0.83323	0.999995	470	0	0.61208	0.014105	0.061792	0.383041	172	6	0.61208
SOX9	8	0.83592	0.83562	0.999995	471	0	0.29246	0.36724	0.6702	0.999995	621	4	0.29246
FOSL1	6	0.8365	0.83814	0.999995	472	0	0.33693	0.60035	0.80487	0.999995	722	3	0.33693
ZEB1	8	0.83726	0.83695	0.999995	473	0	0.251	0.53033	0.78831	0.999995	690	3	0.251
GLT6D1	8	0.83896	0.83878	0.999995	474	0	0.49829	0.17146	0.42968	0.929511	487	5	0.49829
SMAP2	8	0.83915	0.83896	0.999995	475	0	0.46683	0.032372	0.13124	0.524624	264	7	0.46683
NCKAP1L	8	0.83934	0.83911	0.999995	476	0	0.80742	0.024985	0.10582	0.48143	234	6	0.80742
CDK8	8	0.83952	0.83931	0.999995	477	0	0.5826	0.026478	0.111	0.490243	239	7	0.5826
SYK	8	0.8399	0.83966	0.999995	478	0	0.27552	0.37653	0.67707	0.999995	626	3	0.27552
KRT38	8	0.84121	0.84092	0.999995	479	0	0.39844	0.58274	0.82469	0.999995	712	4	0.39844
GRM4	8	0.84176	0.84144	0.999995	480	0	0.2497	0.47569	0.75	0.999995	661	3	0.2497
GIT2	8	0.84251	0.84204	0.999995	481	0	0.15903	0.5944	0.83272	0.999995	720	2	0.15903
SEC23A	8	0.84324	0.84278	0.999995	482	0	0.090982	0.6666	0.87283	0.999995	751	3	0.090982
GXYLT2	8	0.84343	0.84294	0.999995	483	0	0.5829	0.019895	0.086956	0.43684	212	6	0.5829
TRPC5	8	0.84379	0.84331	0.999995	484	0	0.25716	0.023498	0.1004	0.468814	228	4	0.25716
IFIH1	8	0.84453	0.84406	0.999995	485	0	0.4429	0.095073	0.29022	0.77684	396	6	0.4429
GALR3	8	0.84489	0.84448	0.999995	486	0	0.36251	0.24421	0.52769	0.999995	541	4	0.36251
CCNT1	8	0.84526	0.8449	0.999995	487	0	0.13778	0.98918	0.99163	0.999995	922	1	0.13778
NSDHL	8	0.84562	0.84543	0.999995	488	0	0.65653	0.052021	0.18606	0.618253	319	6	0.65653
STX4	8	0.8467	0.84642	0.999995	489	0	0.49272	0.069048	0.22972	0.683989	359	5	0.49272
FOXB1	8	0.84707	0.84681	0.999995	490	0	0.54264	0.10084	0.30257	0.78997	405	5	0.54264
CRY1	8	0.84743	0.84709	0.999995	491	0	0.52561	0.11289	0.32868	0.823643	422	4	0.52561
AP2A1	8	0.8476	0.84731	0.999995	492	0	0.36287	0.03258	0.13196	0.524624	267	4	0.36287
TPST1	8	0.84796	0.84775	0.999995	493	0	0.33939	0.30194	0.59816	0.999995	577	4	0.33939
CSTF2T	8	0.84832	0.84807	0.999995	494	0	0.1917	0.56706	0.81361	0.999995	705	3	0.1917
GOLPH3L	8	0.8485	0.8483	0.999995	495	0	0.55523	0.029907	0.12248	0.513149	251	6	0.55523
NOX3	8	0.84886	0.84879	0.999995	496	0	0.4933	0.19219	0.45901	0.958775	504	4	0.4933
SS18	8	0.84903	0.84899	0.999995	497	0	0.22624	0.82058	0.93768	0.999995	804	3	0.22624
ARFGEF2	8	0.84921	0.84912	0.999995	498	0	0.16343	0.93992	0.97566	0.999995	875	1	0.16343
SPAG9	8	0.8501	0.84991	0.999995	499	0	0.13373	0.99664	0.99653	0.999995	949	0	0.13373
NHLRC1	8	0.85133	0.85128	0.999995	500	0	0.55291	0.0054264	0.029072	0.267455	115	4	0.55291
KRT37	8	0.85273	0.85268	0.999995	501	0	0.52256	0.010646	0.051649	0.360181	152	6	0.52256
VIM	8	0.85378	0.85356	0.999995	502	0	0.16769	0.87885	0.95812	0.999995	830	2	0.16769
KHSRP	8	0.85447	0.8543	0.999995	503	0	-0.0043259	0.31742	0.61626	0.999995	590	2	-0.0043259
RECK	8	0.85464	0.85453	0.999995	504	0	0.57679	0.0088401	0.043989	0.328371	142	7	0.57679
UNC45B	8	0.85498	0.85487	0.999995	505	0	0.22316	0.56769	0.8141	0.999995	706	2	0.22316
PTPN6	8	0.85635	0.85615	0.999995	506	0	0.35777	0.303	0.59918	0.999995	578	5	0.35777
KAT6B	8	0.85669	0.8565	0.999995	507	0	0.66411	0.019395	0.085106	0.43453	208	6	0.66411
PRDM16	8	0.85703	0.85685	0.999995	508	0	0.5947	0.10333	0.30787	0.792091	410	5	0.5947
LSM14A	8	0.85788	0.85768	0.999995	509	0	0.25669	0.12191	0.34708	0.842162	435	4	0.25669
FLOT2	8	0.85822	0.85798	0.999995	510	0	0.31449	0.48581	0.75735	0.999995	669	3	0.31449
SERPINA12	16	0.85822	0.90415	0.999995	511	1	0.44399	0.20797	0.56241	0.999995	522	10	0.44399
YBX3	8	0.85839	0.85812	0.999995	512	0	0.35046	0.3738	0.67531	0.999995	625	4	0.35046
HTR3D	8	0.85872	0.85838	0.999995	513	0	0.43169	0.25619	0.54246	0.999995	549	5	0.43169
GDF15	8	0.85889	0.85857	0.999995	514	0	0.58035	0.1078	0.31748	0.807026	415	6	0.58035
MPC1	8	0.86039	0.85979	0.999995	515	0	0.37628	0.81579	0.9354	0.999995	803	3	0.37628
PUM2	8	0.86172	0.86119	0.999995	516	0	0.51709	0.24097	0.52369	0.999995	539	5	0.51709
BARHL1	8	0.86188	0.86133	0.999995	517	0	0.21238	0.68339	0.87954	0.999995	754	3	0.21238
CYP2C8	8	0.86205	0.8615	0.999995	518	0	0.54465	0.13388	0.37143	0.868947	450	6	0.54465
PSMB9	8	0.86238	0.86185	0.999995	519	0	0.3029	0.69345	0.88374	0.999995	760	3	0.3029
CRYBB2	7	0.86248	0.86128	0.999995	520	0	0.5184	0.10809	0.3025	0.78997	416	5	0.5184
TMEM30B	8	0.86254	0.86198	0.999995	521	0	0.3891	0.3486	0.65134	0.999995	613	4	0.3891
FAM126A	8	0.8627	0.8621	0.999995	522	0	0.42129	0.32589	0.62581	0.999995	599	4	0.42129
CRK	8	0.86287	0.86229	0.999995	523	0	0.40946	0.075831	0.24601	0.707586	369	5	0.40946
SLC9A3R2	8	0.86303	0.86245	0.999995	524	0	0.58332	0.07148	0.2358	0.694293	362	5	0.58332
ADGRG7	8	0.86319	0.86263	0.999995	525	0	0.68035	0.0079695	0.040281	0.309406	136	7	0.68035
PTCH2	8	0.86352	0.86295	0.999995	526	0	0.27709	0.73922	0.90214	0.999995	776	3	0.27709
ATAD2	8	0.86368	0.86315	0.999995	527	0	0.32222	0.54798	0.80114	0.999995	699	4	0.32222
MMD	8	0.86401	0.86345	0.999995	528	0	0.25846	0.49202	0.76166	0.999995	674	3	0.25846
MOGAT2	8	0.86514	0.86451	0.999995	529	0	0.46277	0.13928	0.38178	0.875767	460	4	0.46277
IMPDH1	8	0.86611	0.86549	0.999995	530	0	0.32706	0.58223	0.82432	0.999995	711	4	0.32706
PGLS	8	0.86627	0.86568	0.999995	531	0	0.44739	0.083813	0.26506	0.735265	383	5	0.44739
GPR151	8	0.86643	0.86583	0.999995	532	0	0.35785	0.2269	0.50532	0.999995	534	3	0.35785
ZIC3	8	0.86659	0.86602	0.999995	533	0	0.14773	0.65848	0.86968	0.999995	747	3	0.14773
DMP1	8	0.86691	0.86633	0.999995	534	0	0.26192	0.65474	0.86808	0.999995	744	3	0.26192
FBLN1	8	0.86707	0.86651	0.999995	535	0	0.629	0.011787	0.056104	0.371689	159	6	0.629
HPS1	8	0.86738	0.86683	0.999995	536	0	0.59659	0.0073954	0.03789	0.307477	130	6	0.59659
HEATR5A	8	0.8677	0.86715	0.999995	537	0	0.1403	0.39583	0.69221	0.999995	630	3	0.1403
MMD2	8	0.86786	0.86734	0.999995	538	0	0.13025	0.99443	0.99465	0.999995	936	1	0.13025
LRBA	8	0.86802	0.86751	0.999995	539	0	0.48304	0.13512	0.37363	0.868947	453	5	0.48304
TIMP2	8	0.86897	0.86838	0.999995	540	0	0.46168	0.21531	0.49027	0.986125	527	5	0.46168
MDM4	8	0.86991	0.86933	0.999995	541	0	0.30696	0.61215	0.84461	0.999995	724	4	0.30696
TCF3	8	0.87115	0.87046	0.999995	542	0	0.29532	0.30653	0.6034	0.999995	584	4	0.29532
SUV39H2	7	0.8713	0.87029	0.999995	543	0	0.43398	0.39768	0.67257	0.999995	632	4	0.43398
RRAGC	8	0.87162	0.87088	0.999995	544	0	0.57494	0.097814	0.2962	0.787686	398	5	0.57494
PHLDA1	8	0.87192	0.87115	0.999995	545	0	0.4427	0.054711	0.19334	0.637215	322	6	0.4427
SERPINA11	8	0.87208	0.87128	0.999995	546	0	0.70104	0.018937	0.083126	0.431979	204	7	0.70104
CAPN2	8	0.87239	0.87166	0.999995	547	0	0.502	0.077026	0.24926	0.709805	373	6	0.502
MAPK8IP3	8	0.87285	0.87213	0.999995	548	0	0.42084	0.30633	0.60306	0.999995	583	5	0.42084
UNC119B	8	0.873	0.87224	0.999995	549	0	0.36349	0.16181	0.41661	0.921169	474	5	0.36349
YIPF5	8	0.87331	0.87254	0.999995	550	0	0.22065	0.18943	0.45526	0.95721	500	3	0.22065
ADAP2	8	0.87346	0.87267	0.999995	551	0	0.29322	0.28615	0.57932	0.999995	566	2	0.29322
STX17	8	0.87376	0.87303	0.999995	552	0	0.56446	0.044	0.1649	0.579355	301	6	0.56446
GBX2	8	0.87407	0.87328	0.999995	553	0	0.76221	0.019324	0.084826	0.43453	207	7	0.76221
ELL2	7	0.87408	0.87311	0.999995	554	0	0.71394	0.015465	0.066556	0.405457	179	5	0.71394
CAVIN1	8	0.87422	0.87341	0.999995	555	0	0.41242	0.11858	0.34026	0.83684	430	4	0.41242
XYLT2	8	0.87437	0.87364	0.999995	556	0	0.20692	0.49872	0.76666	0.999995	678	3	0.20692
PDS5A	8	0.87498	0.87437	0.999995	557	0	0.23274	0.92979	0.97215	0.999995	865	1	0.23274
SLC11A1	8	0.87528	0.87464	0.999995	558	0	0.18462	0.80865	0.93225	0.999995	800	3	0.18462
ZAP70	8	0.87558	0.87494	0.999995	559	0	0.11826	0.26193	0.55006	0.999995	553	3	0.11826
HEATR5B	8	0.87573	0.87507	0.999995	560	0	0.3888	0.50424	0.77009	0.999995	681	4	0.3888
FKBP10	8	0.87588	0.87513	0.999995	561	0	0.62215	0.0051407	0.027793	0.264567	111	7	0.62215
MAT1A	8	0.87678	0.87596	0.999995	562	0	0.62325	0.04074	0.15605	0.568524	292	6	0.62325
CRNN	8	0.87707	0.87623	0.999995	563	0	0.43363	0.32126	0.6205	0.999995	595	4	0.43363
AP1G1	8	0.87737	0.87652	0.999995	564	0	0.38746	0.54447	0.7987	0.999995	696	4	0.38746
MYD88	8	0.87767	0.87691	0.999995	565	0	0.23036	0.24844	0.53292	0.999995	545	3	0.23036
LIMK1	8	0.87811	0.87738	0.999995	566	0	0.49319	0.11668	0.33633	0.830889	428	6	0.49319
CHSY3	8	0.87855	0.87783	0.999995	567	0	0.55924	0.13029	0.36429	0.863856	446	5	0.55924
LMBR1	8	0.87885	0.8781	0.999995	568	0	0.53089	0.064666	0.2187	0.667976	350	6	0.53089
CABP5	8	0.87899	0.87826	0.999995	569	0	0.085746	0.96295	0.98502	0.999995	896	2	0.085746
GBX1	8	0.87943	0.87871	0.999995	570	0	0.34022	0.36848	0.67121	0.999995	622	3	0.34022
CNOT6	8	0.87973	0.87898	0.999995	571	0	0.65906	0.064143	0.21736	0.665899	349	5	0.65906
EPS15	8	0.8806	0.87982	0.999995	572	0	0.15739	0.64909	0.86562	0.999995	741	3	0.15739
SPATA21	8	0.88147	0.88086	0.999995	573	0	0.26786	0.34234	0.64436	0.999995	608	3	0.26786
ABCG2	8	0.88247	0.88211	0.999995	574	0	0.63191	0.024473	0.10393	0.476898	231	5	0.63191
FZR1	8	0.88304	0.88264	0.999995	575	0	0.60737	0.008379	0.041962	0.315462	139	6	0.60737
AP3M1	8	0.88333	0.883	0.999995	576	0	0.53367	0.10166	0.30441	0.792091	406	6	0.53367
G6PC	8	0.88446	0.88422	0.999995	577	0	0.35481	0.78547	0.92175	0.999995	793	2	0.35481
NSG1	8	0.8846	0.88433	0.999995	578	0	0.4479	0.031011	0.12635	0.52169	255	6	0.4479
CADPS2	8	0.88488	0.8846	0.999995	579	0	0.54072	0.17651	0.43688	0.930822	494	4	0.54072
HMGCLL1	8	0.88558	0.88529	0.999995	580	0	0.31085	0.62147	0.85082	0.999995	728	4	0.31085
BCAP31	8	0.88572	0.88544	0.999995	581	0	0.023289	0.33195	0.63263	0.999995	601	1	0.023289
COPG2	8	0.88628	0.88606	0.999995	582	0	0.66267	0.0075339	0.03846	0.307477	132	5	0.66267
ADARB2	8	0.88642	0.88618	0.999995	583	0	0.40865	0.1443	0.3911	0.883943	466	6	0.40865
CNOT6L	6	0.88673	0.88809	0.999995	584	0	0.37718	0.51218	0.74171	0.999995	684	3	0.37718
PRSS37	8	0.88711	0.88682	0.999995	585	0	0.22904	0.51325	0.77635	0.999995	685	3	0.22904
GRIP1	8	0.88738	0.88716	0.999995	586	0	0.32517	0.57189	0.81715	0.999995	707	4	0.32517
FRS3	8	0.88848	0.88826	0.999995	587	0	0.34872	0.46946	0.7457	0.999995	659	3	0.34872
PPP3R1	8	0.88862	0.88844	0.999995	588	0	0.2897	0.42054	0.71008	0.999995	642	4	0.2897
PIP4P2	8	0.88889	0.88872	0.999995	589	0	0.35047	0.5967	0.83419	0.999995	721	3	0.35047
CDK5R1	8	0.88916	0.88895	0.999995	590	0	0.22761	0.39822	0.69395	0.999995	633	3	0.22761
ZNF284	8	0.8897	0.8894	0.999995	591	0	0.70953	0.039784	0.15347	0.565027	288	5	0.70953
CTCFL	8	0.88984	0.88952	0.999995	592	0	0.27614	0.96068	0.984	0.999995	892	1	0.27614
CYFIP1	8	0.89024	0.88986	0.999995	593	0	0.26633	0.63393	0.85905	0.999995	734	2	0.26633
CD44	8	0.89078	0.89037	0.999995	594	0	0.34682	0.45854	0.7382	0.999995	656	3	0.34682
VRTN	8	0.89118	0.89079	0.999995	595	0	0.22166	0.7229	0.89546	0.999995	770	3	0.22166
ZNRF4	8	0.89132	0.89099	0.999995	596	0	0.12946	0.4951	0.76404	0.999995	675	3	0.12946
STX7	8	0.89185	0.89152	0.999995	597	0	0.62406	0.018516	0.081492	0.431979	199	7	0.62406
ADSSL1	8	0.89198	0.89166	0.999995	598	0	0.32126	0.16884	0.42617	0.927018	484	3	0.32126
SLC11A2	8	0.89212	0.89182	0.999995	599	0	0.10575	0.71433	0.89208	0.999995	766	2	0.10575
GRIP2	8	0.89291	0.89264	0.999995	600	0	0.48203	0.16352	0.41887	0.921169	479	5	0.48203
PMM1	8	0.89344	0.89326	0.999995	601	0	0.5781	0.074968	0.24406	0.707586	366	6	0.5781
MCPH1	8	0.89383	0.89365	0.999995	602	0	0.40544	0.42345	0.71232	0.999995	645	4	0.40544
NLRP8	8	0.89513	0.89493	0.999995	603	0	0.30598	0.62958	0.85596	0.999995	729	3	0.30598
ESRP2	8	0.89526	0.89508	0.999995	604	0	0.50065	0.068212	0.22743	0.679082	358	6	0.50065
CAT	8	0.8959	0.89572	0.999995	605	0	0.57262	0.012828	0.060401	0.3811	168	7	0.57262
NCK2	8	0.89603	0.89581	0.999995	606	0	0.36173	0.48161	0.75428	0.999995	666	4	0.36173
EXOC6	8	0.89629	0.89609	0.999995	607	0	0.55786	0.047241	0.17371	0.592912	310	6	0.55786
TRIM25	8	0.89744	0.89733	0.999995	608	0	0.43353	0.48926	0.75975	0.999995	670	4	0.43353
BTG1	8	0.89782	0.89766	0.999995	609	0	0.31444	0.26294	0.55133	0.999995	554	4	0.31444
MAK	8	0.8982	0.89797	0.999995	610	0	0.23525	0.03529	0.14097	0.53752	277	3	0.23525
SLITRK1	8	0.89845	0.89824	0.999995	611	0	0.642	0.060905	0.20893	0.649473	343	5	0.642
TOP2B	8	0.8987	0.89854	0.999995	612	0	0.19857	0.8473	0.94943	0.999995	816	3	0.19857
DMXL1	8	0.89908	0.89888	0.999995	613	0	0.71887	0.012306	0.058168	0.37657	163	7	0.71887
CRX	8	0.89933	0.89924	0.999995	614	0	0.7518	0.0144	0.066351	0.405457	173	5	0.7518
ERO1B	8	0.89958	0.89942	0.999995	615	0	0.6693	0.012755	0.060055	0.3811	167	6	0.6693
SCN10A	8	0.8997	0.89954	0.999995	616	0	0.46189	0.1634	0.4188	0.921169	477	4	0.46189
GPSM1	8	0.89995	0.89986	0.999995	617	0	0.64363	0.04257	0.16089	0.576147	297	6	0.64363
TRPC7	8	0.9002	0.90007	0.999995	618	0	0.40899	0.1244	0.35212	0.851767	437	4	0.40899
EPS15L1	8	0.90032	0.90011	0.999995	619	0	0.34738	0.078626	0.25283	0.712779	377	4	0.34738
PTCH1	8	0.90045	0.90018	0.999995	620	0	0.40586	0.26958	0.55929	0.999995	558	4	0.40586
RBPJL	8	0.90143	0.90121	0.999995	621	0	0.25604	0.83826	0.94571	0.999995	811	3	0.25604
LRFN1	8	0.9018	0.90148	0.999995	622	0	0.5536	0.076485	0.2477	0.707707	372	6	0.5536
UNC45A	8	0.90241	0.90196	0.999995	623	0	0.45378	0.30873	0.60594	0.999995	586	5	0.45378
BRSK2	8	0.90265	0.90219	0.999995	624	0	0.38646	0.22581	0.50411	0.999995	533	4	0.38646
RALGPS1	8	0.9035	0.903	0.999995	625	0	0.69007	0.071272	0.23517	0.694293	361	6	0.69007
ULK2	8	0.90362	0.90312	0.999995	626	0	0.60246	0.015922	0.072039	0.410545	186	7	0.60246
PXDNL	8	0.90386	0.90333	0.999995	627	0	0.33309	0.45539	0.73613	0.999995	655	4	0.33309
TAP1	8	0.90469	0.90406	0.999995	628	0	0.73058	0.0064839	0.03406	0.285775	125	5	0.73058
LBX1	8	0.90493	0.9043	0.999995	629	0	0.25937	0.25913	0.54629	0.999995	550	3	0.25937
CLTCL1	8	0.90529	0.90459	0.999995	630	0	0.43872	0.2937	0.58828	0.999995	571	4	0.43872
RC3H1	8	0.90564	0.90486	0.999995	631	0	0.11025	0.89038	0.96083	0.999995	837	1	0.11025
CELA2A	8	0.90576	0.90502	0.999995	632	0	0.20916	0.58808	0.82836	0.999995	715	3	0.20916
CCDC69	8	0.90623	0.90555	0.999995	633	0	0.48966	0.01032	0.050154	0.352075	151	7	0.48966
ACACB	8	0.90646	0.90573	0.999995	634	0	0.45322	0.24602	0.52995	0.999995	543	5	0.45322
TOMM20L	8	0.90751	0.9068	0.999995	635	0	0.53909	0.043168	0.16256	0.577916	299	6	0.53909
RBPJ	8	0.90774	0.907	0.999995	636	0	0.23631	0.091546	0.28233	0.763592	391	3	0.23631
ITSN1	8	0.90786	0.90711	0.999995	637	0	0.59432	0.055488	0.19538	0.638478	324	6	0.59432
AOX1	8	0.90809	0.90732	0.999995	638	0	0.49989	0.15402	0.4056	0.908955	470	5	0.49989
RSC1A1	8	0.90867	0.9079	0.999995	639	0	0.52862	0.1063	0.31395	0.799969	414	6	0.52862
FXR1	8	0.90912	0.90837	0.999995	640	0	0.46356	0.15893	0.41248	0.92049	472	5	0.46356
H2BFM	8	0.90924	0.90848	0.999995	641	0	0.092555	0.98061	0.98892	0.999995	910	1	0.092555
PACS2	8	0.90935	0.90861	0.999995	642	0	0.63961	0.051611	0.1851	0.61699	317	6	0.63961
ASCL1	8	0.90969	0.90895	0.999995	643	0	0.36181	0.27146	0.56138	0.999995	560	4	0.36181
OSMR	8	0.90992	0.90924	0.999995	644	0	0.28297	0.63328	0.85857	0.999995	733	4	0.28297
FZD8	8	0.91037	0.90977	0.999995	645	0	0.54649	0.022349	0.095904	0.457921	223	6	0.54649
SLC35F3	8	0.91093	0.91023	0.999995	646	0	0.39791	0.12606	0.35545	0.85437	440	4	0.39791
DYNLT3	6	0.91124	0.91262	0.999995	647	0	0.7812	0.0065248	0.030427	0.273109	126	5	0.7812
CTPS2	8	0.91161	0.91097	0.999995	648	0	0.60113	0.014006	0.064847	0.399637	171	6	0.60113
TEX45	8	0.91183	0.91121	0.999995	649	0	0.40889	0.52226	0.78289	0.999995	688	4	0.40889
PLXDC1	16	0.91213	0.92661	0.999995	650	1	0.38716	0.49862	0.8399	0.999995	677	8	0.38716
ICK	8	0.91271	0.91218	0.999995	651	0	0.60546	0.10884	0.31977	0.807037	418	6	0.60546
TANC1	8	0.91293	0.91241	0.999995	652	0	0.49333	0.16213	0.41703	0.921169	475	5	0.49333
CDS1	8	0.91304	0.91255	0.999995	653	0	0.59962	0.0061898	0.032762	0.282339	122	7	0.59962
RANBP9	8	0.91315	0.91265	0.999995	654	0	0.68217	0.018697	0.082155	0.431979	200	5	0.68217
JUP	8	0.9137	0.91314	0.999995	655	0	0.40618	0.13921	0.3817	0.875767	459	4	0.40618
RGS19	8	0.91381	0.91317	0.999995	656	0	0.62561	0.098647	0.29802	0.787771	401	5	0.62561
KLF4	8	0.91414	0.91355	0.999995	657	0	0.25093	0.39957	0.69495	0.999995	635	3	0.25093
TCF12	8	0.91435	0.91379	0.999995	658	0	0.60974	0.00078107	0.004759	0.093879	52	7	0.60974
IQCA1L	8	0.915	0.91432	0.999995	659	0	0.41056	0.36856	0.67127	0.999995	623	4	0.41056
HNRNPF	8	0.91575	0.91502	0.999995	660	0	0.34153	0.45961	0.73905	0.999995	657	4	0.34153
KCNT1	8	0.91618	0.91547	0.999995	661	0	0.37076	0.038893	0.15096	0.559492	287	5	0.37076
MYH7	8	0.91629	0.91555	0.999995	662	0	0.43414	0.09069	0.28035	0.763592	389	4	0.43414
CDK5R2	8	0.91745	0.91673	0.999995	663	0	0.31354	0.82075	0.93777	0.999995	805	3	0.31354
USP13	8	0.91755	0.91678	0.999995	664	0	0.54024	0.015472	0.070414	0.410545	180	7	0.54024
TBPL2	8	0.91776	0.91697	0.999995	665	0	0.3396	0.2903	0.5843	0.999995	569	3	0.3396
ISL1	8	0.91787	0.91712	0.999995	666	0	0.60086	0.021114	0.091299	0.447803	216	6	0.60086
AQP8	8	0.91942	0.91882	0.999995	667	0	0.51828	0.092402	0.28442	0.763592	394	5	0.51828
SAMD4B	8	0.91983	0.91919	0.999995	668	0	0.37885	0.39541	0.69183	0.999995	629	3	0.37885
RSBN1	8	0.91993	0.91928	0.999995	669	0	0.26295	0.76444	0.91297	0.999995	784	3	0.26295
SATB2	8	0.92085	0.92024	0.999995	670	0	0.76575	0.0062914	0.033294	0.284614	123	7	0.76575
GBP3	8	0.92166	0.92116	0.999995	671	0	0.48525	0.12569	0.35467	0.85437	439	5	0.48525
UBQLN3	8	0.92235	0.92179	0.999995	672	0	0.50143	0.24636	0.53035	0.999995	544	5	0.50143
ATP8B3	8	0.92265	0.92203	0.999995	673	0	0.23677	0.94048	0.97592	0.999995	877	2	0.23677
PLXDC2	8	0.92305	0.92248	0.999995	674	0	0.45062	0.067608	0.22592	0.678414	356	4	0.45062
PPP3CA	8	0.92315	0.9226	0.999995	675	0	0.57776	0.051612	0.1851	0.61699	318	6	0.57776
ASF1B	16	0.92322	0.93238	0.999995	676	1	0.51683	0.063339	0.26636	0.735265	346	11	0.51683
TPST2	8	0.92325	0.92273	0.999995	677	0	0.50693	0.047953	0.1755	0.592912	312	5	0.50693
RRM2B	16	0.92339	0.93249	0.999995	678	1	-0.037531	0.42324	0.78996	0.999995	644	3	-0.037531
ARHGEF7	8	0.92393	0.92341	0.999995	679	0	0.34032	0.41381	0.70528	0.999995	639	4	0.34032
RHOBTB2	8	0.92413	0.92359	0.999995	680	0	0.58958	0.12899	0.36161	0.863856	442	5	0.58958
BTBD11	8	0.92423	0.92371	0.999995	681	0	0.48947	0.13143	0.36652	0.865278	448	6	0.48947
RPL3L	8	0.92442	0.92383	0.999995	682	0	0.58638	0.023068	0.098725	0.465853	225	6	0.58638
NUMB	8	0.92452	0.92389	0.999995	683	0	0.59913	0.024474	0.10393	0.476898	232	7	0.59913
LIMK2	8	0.92471	0.92408	0.999995	684	0	0.61508	0.041919	0.15909	0.573601	295	5	0.61508
TMEM9	8	0.9249	0.92425	0.999995	685	0	0.62928	0.023475	0.10027	0.468814	227	6	0.62928
RNF2	7	0.92518	0.92446	0.999995	686	0	0.3129	0.69841	0.87159	0.999995	761	3	0.3129
DUOX2	8	0.92519	0.92446	0.999995	687	0	0.70124	0.021718	0.093457	0.448837	221	6	0.70124
SMARCC2	8	0.92596	0.92523	0.999995	688	0	0.26375	0.55444	0.80533	0.999995	700	4	0.26375
SEC23B	8	0.92663	0.92585	0.999995	689	0	0.58215	0.0093126	0.045764	0.334551	145	7	0.58215
GIT1	8	0.92719	0.92638	0.999995	690	0	0.57209	0.098263	0.29724	0.787686	400	5	0.57209
CSTF2	8	0.92757	0.92683	0.999995	691	0	0.44623	0.21002	0.48349	0.979867	524	5	0.44623
ZFYVE19	8	0.92766	0.92689	0.999995	692	0	0.47354	0.0052907	0.028465	0.264678	114	5	0.47354
CWF19L1	8	0.92804	0.9273	0.999995	693	0	0.32468	0.48573	0.75729	0.999995	668	4	0.32468
IDH3G	8	0.92822	0.92747	0.999995	694	0	0.43467	0.20157	0.47205	0.971806	513	4	0.43467
PRDM13	8	0.92831	0.92757	0.999995	695	0	0.56317	0.1032	0.30765	0.792091	408	6	0.56317
SAFB2	8	0.92868	0.92796	0.999995	696	0	0.51903	0.20478	0.47643	0.974313	517	5	0.51903
TREM2	8	0.92887	0.92817	0.999995	697	0	0.58465	0.072106	0.23739	0.69706	363	5	0.58465
ABCC3	8	0.92951	0.92876	0.999995	698	0	0.23336	0.72585	0.89681	0.999995	771	3	0.23336
CAV1	8	0.92988	0.92909	0.999995	699	0	0.58334	0.011683	0.055693	0.371287	158	7	0.58334
CADPS	8	0.93033	0.9295	0.999995	700	0	0.6271	0.031038	0.12649	0.52169	256	5	0.6271
GMPR2	8	0.93051	0.92969	0.999995	701	0	0.42311	0.21078	0.48439	0.979867	525	4	0.42311
YAF2	8	0.9306	0.92979	0.999995	702	0	0.40714	0.30506	0.60149	0.999995	581	5	0.40714
SBF2	7	0.93082	0.93035	0.999995	703	0	0.69176	0.03207	0.12167	0.512985	262	5	0.69176
GNB3	8	0.93105	0.93023	0.999995	704	0	0.36023	0.33496	0.63609	0.999995	603	4	0.36023
SPOPL	8	0.93132	0.93044	0.999995	705	0	0.56097	0.076237	0.24699	0.707586	371	6	0.56097
RNF44	8	0.93141	0.93054	0.999995	706	0	0.39973	0.16986	0.42765	0.927018	486	4	0.39973
PLAU	8	0.93185	0.93095	0.999995	707	0	0.45114	0.22891	0.50805	0.999995	535	5	0.45114
AHCYL2	8	0.93265	0.93186	0.999995	708	0	0.23146	0.24566	0.52937	0.999995	542	3	0.23146
SNX2	8	0.93282	0.932	0.999995	709	0	0.49645	0.13643	0.37621	0.868947	456	6	0.49645
SLC22A8	8	0.93309	0.93231	0.999995	710	0	0.28933	0.9569	0.9823	0.999995	887	2	0.28933
HACD2	8	0.93317	0.93239	0.999995	711	0	0.52907	0.033828	0.13606	0.525703	272	7	0.52907
ULK1	8	0.93335	0.93253	0.999995	712	0	0.73838	0.028139	0.11644	0.497704	247	5	0.73838
SATB1	8	0.93352	0.93273	0.999995	713	0	0.55373	0.10022	0.30139	0.78997	404	6	0.55373
NET1	8	0.93378	0.93303	0.999995	714	0	0.65156	0.011151	0.053619	0.364337	155	6	0.65156
TNR	8	0.9343	0.93359	0.999995	715	0	0.41144	0.59094	0.83036	0.999995	719	4	0.41144
SNX6	8	0.93447	0.93373	0.999995	716	0	0.35257	0.56035	0.80912	0.999995	702	3	0.35257
GPR183	8	0.93456	0.93381	0.999995	717	0	0.89865	0.00077026	0.0046936	0.093879	51	7	0.89865
STAM2	8	0.93464	0.93391	0.999995	718	0	0.40436	0.077842	0.25116	0.709954	376	4	0.40436
RAMP2	8	0.9349	0.93409	0.999995	719	0	0.2312	0.16341	0.41881	0.921169	478	2	0.2312
INTS6L	8	0.93524	0.93452	0.999995	720	0	0.32306	0.54025	0.79563	0.999995	693	3	0.32306
DUOX1	8	0.93532	0.93461	0.999995	721	0	0.45307	0.30347	0.59961	0.999995	580	5	0.45307
NCK1	8	0.93549	0.93484	0.999995	722	0	0.41907	0.11273	0.3283	0.823643	421	4	0.41907
ITSN2	8	0.93558	0.93488	0.999995	723	0	0.60495	0.042491	0.16078	0.576147	296	6	0.60495
ERN1	8	0.93617	0.93541	0.999995	724	0	0.37525	0.32568	0.6256	0.999995	598	5	0.37525
RNF113B	8	0.93667	0.93587	0.999995	725	0	0.30804	0.16579	0.42191	0.921169	481	4	0.30804
SLC25A24	8	0.937	0.93621	0.999995	726	0	0.58075	0.056344	0.19757	0.638478	329	5	0.58075
RCBTB1	8	0.93708	0.93634	0.999995	727	0	0.50145	0.12949	0.36271	0.863856	444	4	0.50145
APOBEC3C	8	0.93766	0.937	0.999995	728	0	0.55201	0.1147	0.33243	0.824015	426	5	0.55201
ADAM19	8	0.93832	0.93753	0.999995	729	0	0.91358	0.00014036	0.00087334	0.05363	17	7	0.91358
BECN2	8	0.93856	0.93776	0.999995	730	0	0.58437	0.037323	0.14652	0.548805	284	5	0.58437
UMPS	8	0.93872	0.93799	0.999995	731	0	0.65109	0.0074213	0.038002	0.307477	131	6	0.65109
MANF	8	0.94064	0.93996	0.999995	732	0	0.52811	0.23835	0.52029	0.999995	538	5	0.52811
DBT	8	0.94087	0.94019	0.999995	733	0	0.44548	0.075677	0.24567	0.707586	368	5	0.44548
TLN2	8	0.94103	0.94032	0.999995	734	0	0.49942	0.082502	0.26211	0.732634	379	6	0.49942
SNTA1	8	0.94118	0.94044	0.999995	735	0	0.22409	0.44547	0.72911	0.999995	653	2	0.22409
TANK	8	0.94165	0.9408	0.999995	736	0	0.48319	0.090004	0.27869	0.761368	388	6	0.48319
TBR1	8	0.94211	0.94131	0.999995	737	0	0.41781	0.31329	0.61145	0.999995	588	5	0.41781
RNF38	8	0.94273	0.94205	0.999995	738	0	0.35022	0.26022	0.54762	0.999995	552	4	0.35022
SAR1B	8	0.94295	0.94231	0.999995	739	0	0.42439	0.31875	0.61772	0.999995	591	5	0.42439
MTA1	8	0.94303	0.94239	0.999995	740	0	0.8063	0.0015678	0.0092798	0.138544	71	6	0.8063
VANGL1	8	0.94311	0.94244	0.999995	741	0	0.51112	0.17631	0.43669	0.930822	493	5	0.51112
FLNC	8	0.94318	0.94248	0.999995	742	0	0.34746	0.63149	0.85729	0.999995	731	4	0.34746
NAA11	8	0.94341	0.94271	0.999995	743	0	0.54002	0.14338	0.38931	0.882574	464	5	0.54002
MACF1	8	0.94348	0.94276	0.999995	744	0	0.33208	0.099223	0.29919	0.788914	402	5	0.33208
ANXA1	8	0.94438	0.94363	0.999995	745	0	0.58717	0.060107	0.20682	0.646704	341	5	0.58717
RTP1	8	0.94483	0.94409	0.999995	746	0	0.40808	0.34149	0.6434	0.999995	606	5	0.40808
ABL2	8	0.94563	0.9449	0.999995	747	0	0.3363	0.65078	0.86631	0.999995	742	3	0.3363
ARID1B	8	0.94571	0.94493	0.999995	748	0	0.34775	0.057618	0.20045	0.639488	333	4	0.34775
RNF125	8	0.94679	0.94616	0.999995	749	0	0.25925	0.064074	0.2172	0.665899	348	4	0.25925
RNF130	8	0.947	0.94638	0.999995	750	0	0.64099	0.059384	0.20488	0.64396	339	5	0.64099
CAND2	8	0.94707	0.94644	0.999995	751	0	0.281	0.074283	0.24258	0.706411	365	2	0.281
ALAS1	16	0.94729	0.94839	0.999995	752	1	0.25093	0.86484	0.98042	0.999995	824	5	0.25093
FEZ2	8	0.94729	0.94665	0.999995	753	0	0.49929	0.092009	0.28348	0.763592	392	6	0.49929
VPS26B	8	0.94764	0.94704	0.999995	754	0	0.51901	0.057945	0.20113	0.639488	334	6	0.51901
S100A6	8	0.94792	0.94734	0.999995	755	0	0.27132	0.10321	0.30766	0.792091	409	3	0.27132
HMSD	8	0.94813	0.94756	0.999995	756	0	0.65197	0.0061577	0.032594	0.282339	121	7	0.65197
HRH3	8	0.94862	0.94801	0.999995	757	0	0.4865	0.18778	0.45312	0.955623	498	4	0.4865
IRF6	8	0.94883	0.9483	0.999995	758	0	0.41424	0.17684	0.43731	0.930822	495	4	0.41424
SLC22A13	8	0.94931	0.94886	0.999995	759	0	0.44474	0.19869	0.46785	0.968605	512	5	0.44474
SMAP1	8	0.94958	0.94915	0.999995	760	0	0.46218	0.091366	0.2819	0.763592	390	5	0.46218
LARP1	8	0.95019	0.94979	0.999995	761	0	0.46365	0.20165	0.47215	0.971806	514	5	0.46365
ZMIZ2	8	0.95033	0.94993	0.999995	762	0	0.2941	0.29785	0.59337	0.999995	573	3	0.2941
QSOX1	8	0.95039	0.94998	0.999995	763	0	0.26752	0.50976	0.7739	0.999995	683	2	0.26752
TTC23	8	0.95073	0.9502	0.999995	764	0	0.57996	0.13576	0.37492	0.868947	455	5	0.57996
NDEL1	8	0.95106	0.95053	0.999995	765	0	0.50033	0.22043	0.49748	0.996846	530	5	0.50033
BRSK1	8	0.95126	0.9507	0.999995	766	0	0.50113	0.13962	0.38253	0.875767	461	6	0.50113
ATP6V1E2	8	0.95146	0.95088	0.999995	767	0	0.32937	0.60407	0.83917	0.999995	723	4	0.32937
IPO8	8	0.95251	0.95195	0.999995	768	0	0.6227	0.048251	0.1762	0.592912	315	5	0.6227
SLCO2B1	8	0.95283	0.95224	0.999995	769	0	0.53148	0.19366	0.4613	0.958775	508	5	0.53148
ADARB1	8	0.95296	0.95236	0.999995	770	0	0.49001	0.065077	0.21964	0.667976	351	6	0.49001
COPZ2	8	0.95302	0.95242	0.999995	771	0	0.62763	0.020337	0.088628	0.439784	214	6	0.62763
ARPC5	8	0.95315	0.9525	0.999995	772	0	0.5932	0.099744	0.30034	0.78997	403	6	0.5932
RBBP7	8	0.95321	0.95256	0.999995	773	0	0.39011	0.34649	0.64902	0.999995	611	5	0.39011
ERO1A	8	0.95328	0.95261	0.999995	774	0	0.89916	0.0013661	0.0078974	0.126838	66	7	0.89916
L3MBTL2	8	0.9534	0.95269	0.999995	775	0	0.50003	0.14976	0.39954	0.897267	469	5	0.50003
NBEAL2	8	0.95391	0.95313	0.999995	776	0	0.6915	0.00025694	0.0016112	0.067593	25	7	0.6915
SPTAN1	8	0.9546	0.95383	0.999995	777	0	0.81376	0.002461	0.01423	0.171411	87	6	0.81376
ACTL7A	8	0.95472	0.95391	0.999995	778	0	0.39582	0.77192	0.91597	0.999995	785	2	0.39582
STAM	8	0.95479	0.95397	0.999995	779	0	0.35139	0.19166	0.45834	0.958775	503	3	0.35139
EAF2	8	0.95522	0.95442	0.999995	780	0	0.62368	0.01677	0.075168	0.421578	189	7	0.62368
LARP1B	8	0.9554	0.95462	0.999995	781	0	0.51128	0.22434	0.5023	0.999995	532	5	0.51128
EFR3B	8	0.95565	0.95477	0.999995	782	0	0.44787	0.11419	0.33143	0.824015	424	6	0.44787
NAPB	8	0.95607	0.95518	0.999995	783	0	0.55746	0.060776	0.20856	0.649473	342	6	0.55746
TRPM1	8	0.95643	0.95552	0.999995	784	0	0.32058	0.59041	0.82994	0.999995	718	4	0.32058
SMARCA2	8	0.95655	0.95559	0.999995	785	0	0.48474	0.021651	0.093195	0.448837	219	7	0.48474
KRTAP10-10	8	0.95667	0.95579	0.999995	786	0	0.72185	0.028581	0.11802	0.502426	249	6	0.72185
RHOT1	8	0.95697	0.95607	0.999995	787	0	0.59248	0.065884	0.22167	0.669062	354	6	0.59248
ATOH1	8	0.95727	0.95642	0.999995	788	0	0.24345	0.14084	0.38453	0.878446	462	3	0.24345
PLD1	8	0.95732	0.95652	0.999995	789	0	0.26235	0.48332	0.75546	0.999995	667	2	0.26235
GYS2	8	0.95774	0.95694	0.999995	790	0	0.63982	0.04662	0.1721	0.592275	308	6	0.63982
PUM1	8	0.95797	0.95718	0.999995	791	0	0.43762	0.12197	0.34719	0.842162	436	4	0.43762
PXDN	8	0.95803	0.95723	0.999995	792	0	0.42522	0.055629	0.19568	0.638478	325	5	0.42522
FEZ1	8	0.95809	0.95731	0.999995	793	0	0.51813	0.019729	0.086321	0.435714	211	7	0.51813
RCBTB2	8	0.95832	0.95751	0.999995	794	0	0.85467	0.0006667	0.0040772	0.0882	49	6	0.85467
FLOT1	8	0.95912	0.95836	0.999995	795	0	0.56356	0.10843	0.31884	0.807037	417	6	0.56356
TOMM40L	8	0.95917	0.95846	0.999995	796	0	0.42564	0.11411	0.33129	0.824015	423	5	0.42564
RRAGD	8	0.95923	0.95849	0.999995	797	0	0.48163	0.20752	0.4799	0.975864	521	5	0.48163
GALNT5	8	0.95934	0.95861	0.999995	798	0	0.25036	0.71778	0.89341	0.999995	768	2	0.25036
DDI1	16	0.95979	0.95988	0.999995	799	0	0.57501	0.059197	0.25463	0.715931	338	11	0.57501
SIX6	8	0.95985	0.95919	0.999995	800	0	0.57529	0.092097	0.28366	0.763592	393	6	0.57529
PDLIM5	8	0.96013	0.9595	0.999995	801	0	0.67336	0.00063288	0.0039184	0.086531	47	7	0.67336
ZNF146	8	0.96024	0.95957	0.999995	802	0	0.97988	0.00051269	0.0032272	0.085259	39	7	0.97988
CDNF	8	0.9603	0.95961	0.999995	803	0	0.58775	0.057475	0.20017	0.639488	332	6	0.58775
G3BP2	8	0.96095	0.96025	0.999995	804	0	0.28002	0.7058	0.88863	0.999995	763	3	0.28002
HMGCL	8	0.96117	0.96047	0.999995	805	0	0.4214	0.1349	0.37316	0.868947	452	6	0.4214
FMR1	8	0.96208	0.96135	0.999995	806	0	0.36497	0.30321	0.59937	0.999995	579	4	0.36497
FKBP4	8	0.96282	0.9622	0.999995	807	0	0.56624	0.0048199	0.026457	0.26068	107	5	0.56624
SPDEF	8	0.96303	0.96239	0.999995	808	0	0.49308	0.11708	0.33706	0.830889	429	6	0.49308
MTA3	8	0.96324	0.96267	0.999995	809	0	0.62922	0.019497	0.085443	0.43453	209	6	0.62922
CAP2	8	0.9637	0.96315	0.999995	810	0	0.5699	0.03605	0.143	0.539498	280	6	0.5699
EPHA2	8	0.96375	0.96323	0.999995	811	0	0.40932	0.13534	0.37403	0.868947	454	6	0.40932
FNIP1	8	0.96471	0.9643	0.999995	812	0	0.63008	0.027337	0.11364	0.491796	243	7	0.63008
NBEA	6	0.96472	0.96497	0.999995	813	0	0.51828	0.16653	0.38553	0.878835	483	4	0.51828
ARHGEF3	8	0.96481	0.96439	0.999995	814	0	0.52529	0.0092438	0.045465	0.334551	144	7	0.52529
KRTAP1-1	8	0.96501	0.96462	0.999995	815	0	0.59338	0.017653	0.078279	0.425717	193	6	0.59338
GMPR	8	0.96545	0.965	0.999995	816	0	0.60105	0.046618	0.17209	0.592275	307	6	0.60105
TGM6	8	0.96575	0.96527	0.999995	817	0	0.58177	0.14178	0.3864	0.878925	463	5	0.58177
RSPH1	8	0.96584	0.96532	0.999995	818	0	0.73239	0.0037522	0.02103	0.220714	101	7	0.73239
AIPL1	8	0.96628	0.96572	0.999995	819	0	0.2911	0.78095	0.91989	0.999995	790	3	0.2911
CASP4	8	0.96633	0.96576	0.999995	820	0	0.37886	0.33976	0.64159	0.999995	605	5	0.37886
IDH2	8	0.96642	0.96588	0.999995	821	0	0.34031	0.58115	0.82343	0.999995	710	4	0.34031
ZNF521	8	0.96647	0.96593	0.999995	822	0	0.61683	0.030759	0.12544	0.521433	254	6	0.61683
HUS1B	8	0.9668	0.96624	0.999995	823	0	0.44309	0.24415	0.5276	0.999995	540	5	0.44309
PPP3R2	8	0.96694	0.96634	0.999995	824	0	0.49862	0.13649	0.37627	0.868947	457	5	0.49862
TNKS	8	0.96699	0.96636	0.999995	825	0	0.57496	0.10202	0.30511	0.792091	407	5	0.57496
CCNL2	8	0.96778	0.96711	0.999995	826	0	0.44612	0.1144	0.33188	0.824015	425	5	0.44612
SOHLH1	8	0.96833	0.96764	0.999995	827	0	0.46	0.208	0.48057	0.975864	523	5	0.46
YIPF7	8	0.96949	0.96889	0.999995	828	0	0.54322	0.039816	0.15352	0.565027	289	6	0.54322
FXR2	8	0.96962	0.96899	0.999995	829	0	0.39944	0.042779	0.16144	0.576174	298	5	0.39944
SLC25A2	8	0.96976	0.96912	0.999995	830	0	0.65094	0.036067	0.14302	0.539498	281	6	0.65094
RHBDF2	8	0.9701	0.96949	0.999995	831	0	0.58643	0.072855	0.23899	0.699811	364	6	0.58643
TGFBR2	8	0.97023	0.96958	0.999995	832	0	0.51976	0.086195	0.27016	0.741895	386	6	0.51976
MED12L	8	0.97027	0.96964	0.999995	833	0	0.70399	0.011133	0.053479	0.364337	154	7	0.70399
COPS7A	8	0.97057	0.97002	0.999995	834	0	0.39561	0.53961	0.79515	0.999995	692	4	0.39561
LNX1	8	0.97083	0.97024	0.999995	835	0	0.52407	0.035824	0.14243	0.539498	279	6	0.52407
DCAF8L1	8	0.97179	0.97108	0.999995	836	0	0.82164	0.0038754	0.02174	0.223734	103	5	0.82164
IRF8	8	0.97195	0.97121	0.999995	837	0	0.43254	0.041854	0.15889	0.573601	294	6	0.43254
DYNLT1	8	0.97199	0.97123	0.999995	838	0	0.38369	0.13869	0.38065	0.875767	458	4	0.38369
RNF103	8	0.97207	0.97128	0.999995	839	0	0.42297	0.56409	0.81163	0.999995	703	4	0.42297
PAPSS1	8	0.97211	0.9713	0.999995	840	0	0.76267	0.012748	0.060027	0.3811	166	7	0.76267
IDH1	8	0.9726	0.97181	0.999995	841	0	0.75739	0.0016173	0.0095787	0.139767	72	7	0.75739
CLCA1	8	0.97272	0.97195	0.999995	842	0	0.41897	0.35909	0.66265	0.999995	615	5	0.41897
CHRNB3	8	0.97327	0.97251	0.999995	843	0	0.33562	0.61304	0.84527	0.999995	725	3	0.33562
DEGS2	8	0.97335	0.97261	0.999995	844	0	0.49225	0.027254	0.11339	0.491796	241	7	0.49225
LNX2	8	0.97339	0.97266	0.999995	845	0	0.70237	0.0052363	0.028204	0.264567	113	7	0.70237
DEGS1	8	0.97358	0.97287	0.999995	846	0	0.66295	0.027851	0.11541	0.49527	246	7	0.66295
RHOT2	8	0.97366	0.97296	0.999995	847	0	0.56727	0.033094	0.13363	0.524624	270	7	0.56727
AP5M1	8	0.97374	0.97305	0.999995	848	0	0.49054	0.19599	0.46444	0.963409	511	5	0.49054
LMBR1L	8	0.97438	0.97372	0.999995	849	0	0.33412	0.36315	0.66711	0.999995	618	5	0.33412
TRAPPC3L	8	0.9745	0.9738	0.999995	850	0	0.67012	0.03843	0.1496	0.556418	286	6	0.67012
TMEM120B	8	0.97461	0.97391	0.999995	851	0	0.26987	0.12172	0.34673	0.842162	433	3	0.26987
DST	8	0.97494	0.97432	0.999995	852	0	0.59251	0.011518	0.055077	0.371287	156	7	0.59251
HRH1	8	0.97505	0.97444	0.999995	853	0	0.81131	0.0055879	0.029829	0.270246	117	6	0.81131
TMEM9B	8	0.97509	0.97446	0.999995	854	0	0.59438	0.016712	0.075009	0.421578	188	6	0.59438
IKBKE	8	0.97571	0.97512	0.999995	855	0	0.57526	0.021208	0.091673	0.447803	218	7	0.57526
GSX2	8	0.97592	0.97529	0.999995	856	0	0.54726	0.21636	0.49177	0.987258	528	5	0.54726
FRS2	8	0.976	0.97534	0.999995	857	0	0.43949	0.2833	0.57595	0.999995	563	5	0.43949
ERBB3	16	0.97628	0.97673	0.999995	858	0	0.42862	0.030126	0.15608	0.568524	252	12	0.42862
CLIP4	8	0.9766	0.976	0.999995	859	0	0.45915	0.29967	0.59555	0.999995	574	5	0.45915
ARSJ	8	0.97691	0.97633	0.999995	860	0	0.53232	0.032948	0.13315	0.524624	269	7	0.53232
BAP1	8	0.97711	0.97662	0.999995	861	0	0.35569	0.16293	0.41807	0.921169	476	5	0.35569
NXT2	8	0.97722	0.97672	0.999995	862	0	0.66662	0.0066851	0.034976	0.287397	129	7	0.66662
SMC1B	8	0.97735	0.97689	0.999995	863	0	0.59037	0.059573	0.20534	0.64396	340	6	0.59037
MAP4K4	8	0.97742	0.97692	0.999995	864	0	0.72927	0.0014639	0.0085139	0.130481	68	7	0.72927
SEC31B	8	0.97745	0.97697	0.999995	865	0	0.57515	0.065619	0.22102	0.669062	353	6	0.57515
SLC35F4	8	0.97749	0.97701	0.999995	866	0	0.54142	0.034075	0.13688	0.525703	274	7	0.54142
CD163L1	8	0.97765	0.97711	0.999995	867	0	0.88157	0.00038243	0.0025827	0.079859	33	7	0.88157
FNIP2	8	0.97795	0.97738	0.999995	868	0	0.67547	0.03829	0.14912	0.556418	285	6	0.67547
KCNMB3	7	0.97804	0.97816	0.999995	869	0	0.45844	0.058733	0.2015	0.639488	335	6	0.45844
PTPN21	8	0.97809	0.97748	0.999995	870	0	0.48899	0.08295	0.2631	0.732634	381	5	0.48899
TMEM185B	8	0.97828	0.97769	0.999995	871	0	0.40274	0.1248	0.35276	0.851767	438	6	0.40274
DNAJC15	8	0.97841	0.97781	0.999995	872	0	0.70801	0.031367	0.12784	0.522715	257	6	0.70801
KIAA0319	8	0.97848	0.9779	0.999995	873	0	0.71564	0.015617	0.070806	0.410545	181	6	0.71564
GYS1	8	0.97854	0.97792	0.999995	874	0	0.56803	0.044065	0.16506	0.579355	302	6	0.56803
ATP6V1C2	16	0.97857	0.97915	0.999995	875	0	0.39575	0.25975	0.63035	0.999995	551	7	0.39575
PSEN2	8	0.97873	0.97811	0.999995	876	0	0.6455	0.021755	0.093578	0.448837	222	7	0.6455
CHMP1B	8	0.9788	0.97816	0.999995	877	0	0.25878	0.93189	0.97284	0.999995	868	2	0.25878
APH1B	8	0.97883	0.97821	0.999995	878	0	0.6257	0.059087	0.20409	0.643844	337	5	0.6257
TXNDC8	8	0.97971	0.97927	0.999995	879	0	0.68052	0.052612	0.18775	0.621921	321	5	0.68052
ADM	8	0.97974	0.9793	0.999995	880	0	0.546	0.027351	0.11367	0.491796	244	5	0.546
ARHGEF6	8	0.9798	0.97934	0.999995	881	0	0.57321	0.05896	0.20379	0.643844	336	6	0.57321
MYBPH	8	0.97983	0.97937	0.999995	882	0	0.42111	0.11484	0.33272	0.824015	427	6	0.42111
STRIP1	8	0.98019	0.97972	0.999995	883	0	0.44639	0.31667	0.61542	0.999995	589	5	0.44639
RAP1GAP	8	0.98055	0.9801	0.999995	884	0	0.5676	0.067897	0.22661	0.678539	357	5	0.5676
CDK19	16	0.98159	0.9823	0.999995	885	0	0.56617	0.032095	0.16429	0.579355	263	12	0.56617
EFNB1	8	0.98176	0.98143	0.999995	886	0	0.55852	0.075163	0.24455	0.707586	367	6	0.55852
ABCB1	8	0.98182	0.98149	0.999995	887	0	0.63811	0.018186	0.080091	0.431979	196	6	0.63811
LDB2	8	0.98188	0.98156	0.999995	888	0	0.58155	0.084282	0.26602	0.735265	384	6	0.58155
ATM	8	0.98196	0.98165	0.999995	889	0	0.62266	0.07768	0.25072	0.709954	375	5	0.62266
HTR2C	8	0.98212	0.98183	0.999995	890	0	0.73706	0.0058195	0.030959	0.273474	119	7	0.73706
PLCG2	8	0.98229	0.98197	0.999995	891	0	0.81259	0.00052004	0.0032645	0.085259	40	7	0.81259
STRADA	8	0.9824	0.98208	0.999995	892	0	0.4478	0.27916	0.5709	0.999995	562	5	0.4478
DMD	8	0.98248	0.98217	0.999995	893	0	0.68902	0.040488	0.15529	0.568524	291	6	0.68902
ERC1	8	0.98251	0.98221	0.999995	894	0	0.68562	0.00098079	0.0057771	0.105582	58	7	0.68562
CBLL2	8	0.98253	0.98226	0.999995	895	0	0.56332	0.0065809	0.034509	0.285775	128	7	0.56332
TSTD1	8	0.98261	0.98231	0.999995	896	0	0.6632	0.070439	0.23312	0.692168	360	6	0.6632
KLK12	8	0.98275	0.98246	0.999995	897	0	0.58256	0.021672	0.093251	0.448837	220	6	0.58256
NR5A1	8	0.98283	0.98253	0.999995	898	0	0.51134	0.098092	0.29688	0.787686	399	6	0.51134
FAM71A	8	0.98285	0.98259	0.999995	899	0	0.42598	0.27778	0.56934	0.999995	561	5	0.42598
TPBGL	8	0.98301	0.98276	0.999995	900	0	0.4415	0.01957	0.085676	0.43453	210	7	0.4415
PCBD2	8	0.98309	0.98284	0.999995	901	0	0.61868	0.017665	0.078316	0.425717	195	6	0.61868
JAG2	8	0.98346	0.98326	0.999995	902	0	0.56334	0.0090233	0.044662	0.33106	143	7	0.56334
UAP1L1	8	0.98353	0.98332	0.999995	903	0	0.50824	0.054788	0.19357	0.637215	323	6	0.50824
POU5F2	8	0.98361	0.98342	0.999995	904	0	0.53592	0.013099	0.061353	0.382557	170	7	0.53592
CAB39L	8	0.98396	0.98384	0.999995	905	0	0.63392	0.015212	0.069368	0.410545	176	7	0.63392
CHM	8	0.98458	0.98453	0.999995	906	0	0.76906	0.0020335	0.012054	0.154539	80	6	0.76906
TNKS2	8	0.98463	0.98457	0.999995	907	0	0.53989	0.031477	0.12821	0.522715	259	7	0.53989
RNF144B	8	0.98472	0.98468	0.999995	908	0	0.59384	0.07725	0.24977	0.709805	374	6	0.59384
EXOC6B	8	0.98484	0.9848	0.999995	909	0	0.66685	0.018288	0.080567	0.431979	197	6	0.66685
FAM126B	8	0.98487	0.98482	0.999995	910	0	0.60638	0.076134	0.24678	0.707586	370	6	0.60638
ALAS2	8	0.98496	0.9849	0.999995	911	0	0.57717	0.0011452	0.0067579	0.118081	60	7	0.57717
PCBD1	8	0.98501	0.98494	0.999995	912	0	0.65531	0.032472	0.13168	0.524624	266	6	0.65531
AKAP11	8	0.98503	0.98498	0.999995	913	0	0.50882	0.045128	0.168	0.583882	305	6	0.50882
KPNA3	8	0.98606	0.98601	0.999995	914	0	0.52118	0.021174	0.091514	0.447803	217	7	0.52118
FCRL3	8	0.9861	0.98604	0.999995	915	0	0.57024	0.0057715	0.03066	0.273109	118	7	0.57024
NKAPL	8	0.98613	0.98605	0.999995	916	0	0.65751	0.0093816	0.04611	0.334769	146	6	0.65751
PDGFD	8	0.98619	0.9861	0.999995	917	0	0.72407	0.0018545	0.011148	0.154539	76	7	0.72407
AMELX	8	0.98639	0.98627	0.999995	918	0	0.73195	0.010752	0.05206	0.360674	153	7	0.73195
AXL	8	0.98688	0.98673	0.999995	919	0	0.64888	0.023103	0.098884	0.465853	226	6	0.64888
CHML	8	0.98694	0.9868	0.999995	920	0	0.80936	0.0028772	0.016248	0.185328	91	7	0.80936
PPP3CC	8	0.98703	0.98687	0.999995	921	0	0.73927	0.0076578	0.039001	0.307477	134	6	0.73927
SMARCA1	8	0.98731	0.98716	0.999995	922	0	0.78244	0.0054735	0.029269	0.267455	116	6	0.78244
SEC14L3	8	0.98737	0.98722	0.999995	923	0	0.5305	0.13475	0.3729	0.868947	451	6	0.5305
STRIP2	8	0.98768	0.98754	0.999995	924	0	0.98109	0.00029503	0.0019288	0.069472	28	7	0.98109
MTUS1	8	0.98779	0.98761	0.999995	925	0	0.8821	8.1805e-05	0.00060247	0.045615	14	7	0.8821
DZIP3	8	0.98783	0.98765	0.999995	926	0	0.77427	0.0037016	0.020694	0.219356	100	7	0.77427
SIRPA	6	0.98783	0.98783	0.999995	927	0	0.68269	0.012166	0.052667	0.362511	161	6	0.68269
IL10RA	8	0.98813	0.98792	0.999995	928	0	0.48305	0.092458	0.28455	0.763592	395	6	0.48305
KRT74	8	0.98824	0.98801	0.999995	929	0	0.71446	0.015709	0.071077	0.410545	182	7	0.71446
CYP2A6	8	0.98826	0.98803	0.999995	930	0	0.64897	0.0027406	0.015603	0.185094	88	7	0.64897
PTPN14	8	0.98835	0.9881	0.999995	931	0	0.92862	5.6074e-05	0.00046236	0.045615	10	7	0.92862
PDX1	8	0.98851	0.98824	0.999995	932	0	0.47503	0.15621	0.40876	0.914097	471	4	0.47503
DYNLRB2	8	0.98873	0.98849	0.999995	933	0	0.81989	0.00042146	0.0028629	0.079859	38	7	0.81989
UAP1	8	0.98904	0.98868	0.999995	934	0	0.54663	0.023059	0.098697	0.465853	224	6	0.54663
FRYL	8	0.98909	0.98872	0.999995	935	0	0.60775	0.033729	0.13573	0.525703	271	7	0.60775
NETO1	8	0.98925	0.98894	0.999995	936	0	0.63191	0.011932	0.056599	0.37264	160	7	0.63191
TAS1R2	8	0.98934	0.98903	0.999995	937	0	0.50916	0.024818	0.10523	0.480774	233	7	0.50916
NR5A2	8	0.98953	0.98927	0.999995	938	0	0.51573	0.081984	0.26081	0.731377	378	6	0.51573
CLTA	8	0.98989	0.98979	0.999995	939	0	0.60105	0.0116	0.055404	0.371287	157	7	0.60105
TMEM185A	8	0.98992	0.9898	0.999995	940	0	0.63294	0.024137	0.10274	0.475572	230	7	0.63294
KCNG4	8	0.99026	0.99008	0.999995	941	0	0.68831	0.018486	0.081408	0.431979	198	7	0.68831
FAM50B	8	0.99038	0.9902	0.999995	942	0	0.6011	0.026153	0.10978	0.487696	237	7	0.6011
SPHKAP	8	0.9906	0.99037	0.999995	943	0	0.47207	0.047589	0.17468	0.592912	311	6	0.47207
GSX1	8	0.99086	0.99062	0.999995	944	0	0.73816	0.0076495	0.038955	0.307477	133	7	0.73816
CTNNB1	8	0.99095	0.99069	0.999995	945	0	0.41064	0.017096	0.076308	0.424265	190	7	0.41064
COPS7B	8	0.99097	0.99071	0.999995	946	0	0.49684	0.13215	0.36795	0.866722	449	6	0.49684
SAMD4A	8	0.99119	0.99097	0.999995	947	0	0.42185	0.1042	0.30987	0.795304	411	6	0.42185
MORF4L1	6	0.99125	0.99121	0.999995	948	0	0.85056	0.008753	0.03945	0.307477	141	6	0.85056
ATAD2B	8	0.99131	0.99111	0.999995	949	0	0.5435	0.024021	0.10231	0.475572	229	7	0.5435
RANBP6	6	0.99131	0.99128	0.999995	950	0	0.56588	0.0086859	0.039198	0.307477	140	6	0.56588
PPP2R1B	8	0.99133	0.99113	0.999995	951	0	0.52818	0.065179	0.21993	0.667976	352	6	0.52818
SLC10A2	8	0.99135	0.99115	0.999995	952	0	0.48671	0.14924	0.39877	0.897267	468	5	0.48671
FLNB	7	0.99137	0.99104	0.999995	953	0	0.68894	0.0050981	0.02656	0.26068	110	6	0.68894
RC3H2	8	0.9916	0.99146	0.999995	954	0	0.65091	0.018835	0.082715	0.431979	203	6	0.65091
RNF10	8	0.99177	0.99164	0.999995	955	0	0.73704	0.01232	0.058262	0.37657	164	7	0.73704
DPCR1	8	0.99184	0.99177	0.999995	956	0	0.69165	0.0259	0.10903	0.487696	236	7	0.69165
DRD3	8	0.99192	0.99187	0.999995	957	0	0.75538	0.0097317	0.047576	0.340748	148	6	0.75538
PLEK2	8	0.99193	0.99189	0.999995	958	0	0.6117	0.027213	0.11328	0.491796	240	7	0.6117
XYLT1	8	0.992	0.99195	0.999995	959	0	0.6263	0.031798	0.12936	0.523373	261	6	0.6263
E2F4	8	0.99218	0.99212	0.999995	960	0	0.84034	0.0016724	0.009943	0.141452	74	7	0.84034
SLC25A15	8	0.99232	0.99225	0.999995	961	0	0.60131	0.012177	0.057701	0.37657	162	7	0.60131
SAP30L	8	0.99247	0.99242	0.999995	962	0	0.66641	0.012501	0.059149	0.379988	165	7	0.66641
TBC1D4	8	0.99268	0.99263	0.999995	963	0	0.56929	0.056167	0.19711	0.638478	328	6	0.56929
GDI2	16	0.99285	0.99351	0.999995	964	0	0.49075	0.052515	0.23427	0.693636	320	9	0.49075
SS18L1	8	0.99305	0.99302	0.999995	965	0	0.48992	0.031384	0.1279	0.522715	258	7	0.48992
PHLDA3	8	0.99313	0.99307	0.999995	966	0	0.60564	0.0065809	0.034509	0.285775	127	7	0.60564
DZIP1L	8	0.99314	0.99308	0.999995	967	0	0.85071	0.00037185	0.0025173	0.079859	32	6	0.85071
ZDHHC13	8	0.99323	0.99319	0.999995	968	0	0.74882	0.015316	0.069807	0.410545	178	7	0.74882
EPHA3	8	0.99331	0.99326	0.999995	969	0	0.53374	0.032804	0.13265	0.524624	268	7	0.53374
SEC11C	8	0.99346	0.99336	0.999995	970	0	0.74771	0.010223	0.049668	0.35099	150	7	0.74771
CD72	8	0.9935	0.99342	0.999995	971	0	0.66063	0.0063823	0.033621	0.285109	124	6	0.66063
TTC7B	8	0.99353	0.99347	0.999995	972	0	0.7342	0.0096626	0.047315	0.340748	147	7	0.7342
PRKAB1	8	0.9936	0.99356	0.999995	973	0	0.69569	0.014678	0.067313	0.406472	174	7	0.69569
BATF3	8	0.99361	0.99359	0.999995	974	0	0.49207	0.048784	0.17759	0.595704	316	6	0.49207
FLT1	8	0.99373	0.99373	0.999995	975	0	0.57688	0.001624	0.0096254	0.139767	73	7	0.57688
PLCG1	8	0.99397	0.99394	0.999995	976	0	0.5661	0.027296	0.1135	0.491796	242	7	0.5661
JAG1	8	0.99403	0.99397	0.999995	977	0	0.72265	0.005052	0.027466	0.264567	109	7	0.72265
TIRAP	8	0.99407	0.99403	0.999995	978	0	0.57349	0.014829	0.067873	0.406472	175	7	0.57349
OGDHL	8	0.99417	0.9941	0.999995	979	0	0.78232	0.0012119	0.0070381	0.120329	62	7	0.78232
PCDH1	8	0.99428	0.99421	0.999995	980	0	0.70471	0.0041418	0.023253	0.234748	105	7	0.70471
SLC25A37	8	0.99456	0.99455	0.999995	981	0	0.49116	0.015869	0.071852	0.410545	184	7	0.49116
SPTA1	8	0.99459	0.99461	0.999995	982	0	0.60071	0.034575	0.13867	0.530632	276	7	0.60071
ATP7B	8	0.99465	0.99463	0.999995	983	0	0.64359	0.017137	0.076448	0.424265	191	7	0.64359
MTUS2	8	0.99488	0.99488	0.999995	984	0	0.40461	0.1058	0.31309	0.799702	413	6	0.40461
COX6B2	8	0.995	0.99501	0.999995	985	0	0.61025	0.05679	0.1986	0.638569	330	6	0.61025
HMG20B	8	0.99507	0.99508	0.999995	986	0	0.59546	0.013008	0.061017	0.382557	169	7	0.59546
DENND5B	8	0.99522	0.99523	0.999995	987	0	0.78161	0.0049246	0.026924	0.261831	108	7	0.78161
MYCN	8	0.99527	0.99529	0.999995	988	0	0.74337	0.0061358	0.032482	0.282339	120	7	0.74337
CDK16	8	0.99528	0.99529	0.999995	989	0	0.66168	0.0082619	0.041458	0.315462	137	7	0.66168
CALY	8	0.99555	0.99547	0.999995	990	0	0.58791	0.010079	0.048949	0.348229	149	7	0.58791
DENND5A	8	0.9956	0.99552	0.999995	991	0	0.59597	0.015233	0.06948	0.410545	177	7	0.59597
KIT	16	0.99606	0.99667	0.999995	992	0	0.52559	4.6505e-05	0.00054642	0.045615	9	15	0.52559
TBC1D1	8	0.99616	0.9961	0.999995	993	0	0.5717	0.0038448	0.021525	0.223694	102	8	0.5717
MPC1L	8	0.99625	0.99618	0.999995	994	0	0.92388	0.00056594	0.0035821	0.085259	43	8	0.92388
TBK1	8	0.99643	0.99635	0.999995	995	0	0.54214	0.0035671	0.02005	0.214671	99	8	0.54214
DGAT2L6	8	0.99664	0.99653	0.999995	996	0	0.64967	0.0033641	0.018854	0.20393	98	8	0.64967
PDS5B	8	0.99672	0.9966	0.999995	997	0	0.72388	0.003282	0.018396	0.201031	97	8	0.72388
ANKRD37	8	0.99675	0.99661	0.999995	998	0	0.71586	0.00080659	0.0048711	0.093879	55	8	0.71586
FOXA1	8	0.99688	0.99677	0.999995	999	0	0.5799	0.003123	0.017406	0.192193	96	8	0.5799
TTC7A	16	0.99692	0.99738	0.999995	1000	0	0.50237	0.018796	0.10725	0.483779	202	12	0.50237
LATS2	8	0.99694	0.99683	0.999995	1001	0	0.66693	0.0030579	0.017126	0.191089	95	8	0.66693
SLC9A3R1	8	0.99696	0.99684	0.999995	1002	0	0.84707	0.00084189	0.0050392	0.095385	56	8	0.84707
PDGFC	8	0.99708	0.99694	0.999995	1003	0	0.51982	0.0029198	0.016435	0.185328	94	8	0.51982
PPP2CB	6	0.99711	0.99715	0.999995	1004	0	0.62789	0.0028941	0.014109	0.171411	93	6	0.62789
PAX4	8	0.99711	0.99699	0.999995	1005	0	0.51822	0.0028917	0.016285	0.185328	92	8	0.51822
ENOX2	8	0.99714	0.99707	0.999995	1006	0	0.57249	0.0028583	0.016173	0.185328	90	8	0.57249
CHSY1	8	0.99724	0.99718	0.999995	1007	0	0.61257	0.0027602	0.015715	0.185094	89	8	0.61257
TANC2	7	0.99731	0.99702	0.999995	1008	0	0.63081	0.0021338	0.011905	0.154539	84	7	0.63081
RUNX1	8	0.99733	0.9973	0.999995	1009	0	0.77778	0.00010626	0.00074257	0.049196	16	8	0.77778
PDCD4	8	0.99749	0.99747	0.999995	1010	0	0.72958	0.0002452	0.0014992	0.067593	22	8	0.72958
ZDHHC17	8	0.99759	0.99759	0.999995	1011	0	0.64651	0.0024061	0.01395	0.171411	86	8	0.64651
TPBG	8	0.99767	0.99764	0.999995	1012	0	0.47689	0.0023263	0.013614	0.169773	85	8	0.47689
MBP	8	0.9979	0.99791	0.999995	1013	0	0.70666	0.0020966	0.01239	0.156353	83	8	0.70666
CLTB	8	0.99796	0.99794	0.999995	1014	0	0.66059	0.0020423	0.012101	0.154539	81	8	0.66059
TYROBP	8	0.99797	0.99796	0.999995	1015	0	0.54021	0.0020259	0.012035	0.154539	79	8	0.54021
RANBP10	8	0.99804	0.99802	0.999995	1016	0	0.69513	0.0019613	0.011652	0.154539	78	8	0.69513
XDH	8	0.99812	0.99807	0.999995	1017	0	0.55149	0.0018792	0.011279	0.154539	77	8	0.55149
ZNF423	8	0.99824	0.99818	0.999995	1018	0	0.67767	0.0014073	0.0081777	0.129378	67	8	0.67767
SHMT1	7	0.99824	0.99823	0.999995	1019	0	0.79669	0.0015067	0.0086167	0.130481	70	7	0.79669
RAP1GAP2	8	0.99832	0.99827	0.999995	1020	0	0.68417	0.0016819	0.010008	0.141452	75	8	0.68417
NETO2	8	0.99846	0.99845	0.999995	1021	0	0.71498	0.00057334	0.0036195	0.085259	44	8	0.71498
CPS1	8	0.99853	0.99847	0.999995	1022	0	0.66349	0.0014685	0.0085419	0.130481	69	8	0.66349
ENOX1	8	0.99863	0.99858	0.999995	1023	0	0.84131	0.00089263	0.0053661	0.099792	57	8	0.84131
PIP4P1	8	0.99864	0.99859	0.999995	1024	0	0.57186	0.001358	0.0078881	0.126838	65	8	0.57186
RNF144A	8	0.99869	0.99867	0.999995	1025	0	0.65525	0.0013097	0.0077106	0.126838	64	8	0.65525
KAT6A	8	0.99873	0.99872	0.999995	1026	0	0.87183	0.00040981	0.0027695	0.079859	36	8	0.87183
GALNT2	8	0.99875	0.99873	0.999995	1027	0	0.66989	0.0012495	0.007309	0.122977	63	8	0.66989
PHLDA2	8	0.99884	0.99883	0.999995	1028	0	0.59466	0.0011586	0.0067953	0.118081	61	8	0.59466
ACTL6B	8	0.99893	0.9989	0.999995	1029	0	0.54761	0.0010712	0.0063376	0.113861	59	8	0.54761
AP2A2	8	0.99905	0.99899	0.999995	1030	0	0.89585	0.00025608	0.0015926	0.067593	24	8	0.89585
ZNF418	8	0.9991	0.99901	0.999995	1031	0	0.8556	0.00029962	0.0019662	0.069472	29	8	0.8556
IL6R	8	0.9991	0.99901	0.999995	1032	0	1.201	1.5879e-06	1.4011e-05	0.00297	5	8	1.201
KLF5	8	0.99914	0.99903	0.999995	1033	0	0.86434	0.00024647	0.0014992	0.067593	23	8	0.86434
ZNF260	8	0.99919	0.99908	0.999995	1034	0	0.61086	0.00080537	0.0048711	0.093879	54	8	0.61086
DLL4	8	0.9992	0.99909	0.999995	1035	0	0.66665	0.00080173	0.0048618	0.093879	53	8	0.66665
CDK17	8	0.99927	0.99915	0.999995	1036	0	0.60893	0.00072674	0.0044881	0.093879	50	8	0.60893
TAF9B	6	0.99933	0.99931	0.999995	1037	0	0.73169	0.00066669	0.0035074	0.085259	48	6	0.73169
ABL1	8	0.99937	0.99924	0.999995	1038	0	0.64793	0.00062796	0.0038903	0.086531	46	8	0.64793
SERPINA9	8	0.99945	0.99933	0.999995	1039	0	0.64725	0.00055023	0.0034887	0.085259	42	8	0.64725
UBASH3B	8	0.99947	0.99937	0.999995	1040	0	0.69019	0.00053344	0.0033299	0.085259	41	8	0.69019
DLL1	8	0.99958	0.99948	0.999995	1041	0	0.69937	0.00041961	0.0028535	0.079859	37	8	0.69937
SPTLC3	8	0.99959	0.99949	0.999995	1042	0	0.92009	0.00040838	0.0027601	0.079859	35	8	0.92009
TCF4	8	0.99961	0.99952	0.999995	1043	0	0.61137	0.00038672	0.0026107	0.079859	34	8	0.61137
FRY	8	0.99965	0.99955	0.999995	1044	0	0.6843	0.00034813	0.0024052	0.079859	31	8	0.6843
PLD2	8	0.99971	0.99964	0.999995	1045	0	0.80319	0.00029429	0.0019195	0.069472	27	8	0.80319
ERN2	8	0.99974	0.99968	0.999995	1046	0	0.73586	0.00026395	0.0016579	0.067593	26	8	0.73586
IKBKB	8	0.99974	0.99968	0.999995	1047	0	0.8995	0.00014686	0.0009107	0.05363	18	8	0.8995
IL6ST	8	0.99977	0.99971	0.999995	1048	0	0.92773	7.4343e-05	0.0005651	0.045615	12	8	0.92773
IDH3B	8	0.99977	0.99971	0.999995	1049	0	0.70714	0.00022657	0.0013964	0.067593	21	8	0.70714
LATS1	8	0.99979	0.99971	0.999995	1050	0	0.83133	0.0001951	0.001247	0.066089	20	8	0.83133
NCBP2L	8	0.99984	0.99976	0.999995	1051	0	0.74969	0.00015738	0.0010135	0.05654	19	8	0.74969
RANBP17	8	0.99991	0.99989	0.999995	1052	0	0.7658	9.2726e-05	0.00066785	0.047195	15	8	0.7658
MECOM	8	0.99992	0.9999	0.999995	1053	0	0.82719	8.1517e-05	0.00060247	0.045615	13	8	0.82719
ARFIP2	8	0.99993	0.99994	0.999995	1054	0	0.83078	7.2617e-05	0.00054642	0.045615	11	8	0.83078
MBD4	16	0.99994	0.99991	0.999995	1055	0	0.65896	1.9194e-05	0.00026621	0.040311	7	15	0.65896
SIK2	8	0.99998	0.99999	0.999995	1056	0	1.1316	2.295e-07	4.6703e-06	0.001238	4	8	1.1316
safe_control	74	0.99999	1.0	0.999995	1057	2	0.77796	2.6489e-09	4.6703e-06	0.001238	3	55	0.77796
NAT8L	8	0.99999	1.0	0.999995	1058	0	0.91677	5.5638e-06	4.2033e-05	0.007426	6	8	0.91677
RB1	8	1.0	1.0	0.999995	1059	0	1.7354	8.9895e-15	4.6703e-06	0.001238	2	8	1.7354
TP53	8	1.0	1.0	0.999995	1060	0	2.0737	1.0502e-21	4.6703e-06	0.001238	1	8	2.0737
