id	num	neg|score	neg|p-value	neg|fdr	neg|rank	neg|goodsgrna	neg|lfc	pos|score	pos|p-value	pos|fdr	pos|rank	pos|goodsgrna	pos|lfc
MYC	8	2.5248e-09	4.6703e-06	0.000825	1	8	-1.1853	1.0	1.0	0.999995	1057	0	-1.1853
RRM1	8	8.1119e-08	4.6703e-06	0.000825	2	8	-1.5187	0.99995	0.99993	0.999995	1052	0	-1.5187
CCND1	4	6.1709e-07	4.6703e-06	0.000825	3	4	-1.5504	1.0	1.0	0.999995	1060	0	-1.5504
PRPF8	4	1.1352e-06	4.6703e-06	0.000825	4	4	-1.3837	1.0	1.0	0.999995	1059	0	-1.3837
BUB3	4	1.3403e-06	4.6703e-06	0.000825	5	4	-1.802	1.0	1.0	0.999995	1058	0	-1.802
NAE1	8	1.7114e-06	4.6703e-06	0.000825	6	7	-0.66251	0.96825	0.96811	0.999995	950	0	-0.66251
COPA	4	3.6516e-06	1.4011e-05	0.00165	7	4	-1.5665	1.0	1.0	0.999995	1056	0	-1.5665
RRM2	4	3.907e-06	1.4011e-05	0.00165	8	2	-1.0397	0.57288	0.57267	0.999995	545	0	-1.0397
ATP6V1B2	4	4.0525e-06	1.4011e-05	0.00165	9	4	-1.6066	1.0	1.0	0.999995	1055	0	-1.6066
POLR2L	4	1.7281e-05	7.0054e-05	0.007426	10	4	-1.6599	0.99998	0.99999	0.999995	1054	0	-1.6599
SF3B3	4	4.2736e-05	0.00011676	0.011251	11	4	-1.3119	0.99996	0.99996	0.999995	1053	0	-1.3119
UQCRC1	4	6.4507e-05	0.00018214	0.015613	12	4	-0.60981	0.99994	0.99993	0.999995	1051	0	-0.60981
KIF11	4	6.8585e-05	0.00019148	0.015613	13	4	-1.1391	0.99993	0.99993	0.999995	1050	0	-1.1391
KIF4A	4	9.1951e-05	0.00036895	0.024231	14	4	-0.72443	0.99991	0.9999	0.999995	1049	0	-0.72443
NDUFB4	4	0.00010759	0.00040631	0.024231	15	4	-0.92925	0.99989	0.99989	0.999995	1048	0	-0.92925
TSG101	4	0.00011154	0.00041565	0.024231	16	4	-0.85424	0.99989	0.99989	0.999995	1047	0	-0.85424
EAF1	4	0.00011356	0.000425	0.024231	17	4	-1.0612	0.99989	0.99989	0.999995	1046	0	-1.0612
PPP4C	4	0.00011413	0.000425	0.024231	18	4	-0.96301	0.99985	0.99986	0.999995	1043	0	-0.96301
MTHFD1	4	0.0001156	0.00043434	0.024231	19	4	-0.84161	0.99988	0.99989	0.999995	1045	0	-0.84161
SMARCA4	4	0.00012732	0.00054642	0.02896	20	4	-1.0847	0.99689	0.99694	0.999995	1012	0	-1.0847
ZNF407	4	0.00013526	0.00058378	0.029467	21	4	-1.3832	0.99986	0.99986	0.999995	1044	0	-1.3832
NKAP	4	0.00016795	0.00073323	0.035084	22	4	-0.69368	0.99983	0.99986	0.999995	1042	0	-0.69368
ALDOA	4	0.00022806	0.00095741	0.042285	23	3	-1.3102	0.78482	0.78526	0.999995	757	0	-1.3102
INTS6	3	0.00024566	0.00076126	0.035084	24	3	-1.3829	0.99975	0.99977	0.999995	1041	0	-1.3829
TOP2A	4	0.0002563	0.0011255	0.045655	25	4	-0.85676	0.99974	0.99976	0.999995	1040	0	-0.85676
ATP5F1B	4	0.00026386	0.0011536	0.045655	26	4	-0.67145	0.99974	0.99975	0.999995	1039	0	-0.67145
PDCD6IP	4	0.00026964	0.0011629	0.045655	27	4	-0.80391	0.99973	0.99974	0.999995	1038	0	-0.80391
MORF4L2	4	0.00030632	0.0012843	0.047969	28	4	-0.78893	0.99969	0.99972	0.999995	1037	0	-0.78893
SF3B1	4	0.000376	0.0015459	0.052859	29	4	-0.9721	0.97954	0.97969	0.999995	969	0	-0.9721
MED18	8	0.00038854	0.0024612	0.068656	30	6	-0.76666	0.58857	0.58849	0.999995	562	0	-0.76666
MTG2	4	0.00039854	0.0016673	0.055229	31	4	-0.75196	0.9996	0.99961	0.999995	1036	0	-0.75196
E2F3	3	0.00041558	0.0013123	0.047969	32	3	-0.73948	0.99958	0.99959	0.999995	1035	0	-0.73948
MAT2A	4	0.00045895	0.0018634	0.058969	33	4	-0.84829	0.99954	0.99957	0.999995	1034	0	-0.84829
SF3A1	4	0.00046661	0.0018915	0.058969	34	3	-1.2056	0.77322	0.77388	0.999995	745	0	-1.2056
MRPL38	4	0.00047656	0.0019475	0.058982	35	4	-0.61035	0.99952	0.99956	0.999995	1033	0	-0.61035
RPL13	3	0.00048034	0.0014431	0.05099	36	3	-1.0354	0.99952	0.99952	0.999995	1032	0	-1.0354
RPL3	7	0.00050215	0.0033019	0.081395	37	5	-0.87789	0.81611	0.81864	0.999995	783	0	-0.87789
CDIPT	4	0.0005172	0.002097	0.061744	38	4	-0.90359	0.9766	0.97676	0.999995	963	0	-0.90359
SNRPD3	4	0.00059229	0.0024145	0.068656	39	3	-1.4498	0.94935	0.94895	0.999995	923	0	-1.4498
SBNO1	4	0.00064659	0.002648	0.071973	40	3	-1.2244	0.26012	0.25903	0.999995	256	0	-1.2244
CDK7	4	0.00068732	0.0028068	0.074381	41	4	-1.326	0.99885	0.999	0.999995	1026	0	-1.326
TOP1	4	0.00075047	0.0030123	0.07788	42	4	-1.0173	0.99925	0.99934	0.999995	1031	0	-1.0173
RPS19	4	0.00077375	0.0030964	0.078147	43	4	-1.0602	0.999	0.99915	0.999995	1028	0	-1.0602
VMP1	4	0.00092253	0.0037502	0.090347	44	4	-0.87774	0.99908	0.99925	0.999995	1030	0	-0.87774
CTR9	4	0.00096223	0.0038997	0.090723	45	4	-0.79992	0.99904	0.99921	0.999995	1029	0	-0.79992
RPL10A	4	0.00097779	0.003937	0.090723	46	4	-1.1921	0.97904	0.97932	0.999995	967	0	-1.1921
MRPL41	4	0.0010508	0.0042453	0.09375	47	4	-0.72091	0.99895	0.99912	0.999995	1027	0	-0.72091
RPA1	4	0.0011902	0.004759	0.101089	48	4	-0.99069	0.99806	0.99817	0.999995	1018	0	-0.99069
RPL36	4	0.0011921	0.0047684	0.101089	49	4	-1.0026	0.99881	0.99896	0.999995	1025	0	-1.0026
XRCC6	4	0.0012897	0.005114	0.103026	50	4	-0.82955	0.99871	0.99887	0.999995	1024	0	-0.82955
AHCYL1	4	0.0014041	0.0054876	0.107719	51	4	-0.87913	0.99835	0.99844	0.999995	1021	0	-0.87913
CHORDC1	3	0.0014664	0.0041612	0.09375	52	3	-0.99115	0.99853	0.9984	0.999995	1023	0	-0.99115
SLC25A28	4	0.0014956	0.0058332	0.112421	53	4	-0.57973	0.9985	0.99858	0.999995	1022	0	-0.57973
TRRAP	4	0.0017098	0.0067205	0.125152	54	4	-0.97413	0.99829	0.99839	0.999995	1020	0	-0.97413
CDK2	4	0.0017162	0.0067299	0.125152	55	3	-1.1957	0.72244	0.72173	0.999995	702	0	-1.1957
HMGCS1	3	0.001751	0.0048991	0.101825	56	3	-0.99023	0.99825	0.99814	0.999995	1019	0	-0.99023
RPL14	3	0.001848	0.0051513	0.103026	57	2	-1.7189	0.88624	0.88643	0.999995	862	0	-1.7189
RPL19	4	0.0018723	0.0072436	0.132383	58	2	-0.76507	0.31658	0.31585	0.999995	314	0	-0.76507
POLR2A	4	0.0020596	0.0077387	0.139033	59	4	-0.55428	0.99794	0.99804	0.999995	1017	0	-0.55428
CLTC	4	0.0021046	0.0078881	0.139356	60	4	-0.60812	0.9979	0.99799	0.999995	1016	0	-0.60812
ELL	4	0.0022639	0.0084859	0.143951	61	4	-0.69472	0.99631	0.99638	0.999995	1009	0	-0.69472
PSMC3	4	0.0023048	0.008598	0.143951	62	3	-0.56851	0.28841	0.28702	0.999995	282	0	-0.56851
MED12	4	0.0023259	0.0086914	0.143951	63	3	-0.93625	0.85029	0.85094	0.999995	815	0	-0.93625
CAND1	4	0.0023743	0.0088408	0.144174	64	3	-0.84477	0.35526	0.35433	0.999995	353	0	-0.84477
UTP14A	4	0.0026654	0.009859	0.155978	65	3	-0.74217	0.76679	0.76708	0.999995	738	0	-0.74217
RNF40	4	0.0027699	0.010205	0.156533	66	4	-0.43675	0.99723	0.99723	0.999995	1015	0	-0.43675
RPS5	4	0.0028298	0.010447	0.156533	67	3	-0.79197	0.89001	0.88983	0.999995	864	0	-0.79197
RIC8A	4	0.0028508	0.010485	0.156533	68	3	-0.81275	0.96807	0.96819	0.999995	949	0	-0.81275
STT3B	4	0.0030471	0.011101	0.163435	69	4	-0.41473	0.99695	0.997	0.999995	1014	0	-0.41473
PSMB3	3	0.0030621	0.0083645	0.143951	70	3	-0.99023	0.99694	0.99677	0.999995	1013	0	-0.99023
SMC1A	4	0.0032057	0.011718	0.167195	71	4	-0.72043	0.99679	0.99685	0.999995	1011	0	-0.72043
HNRNPK	4	0.0032496	0.01183	0.167195	72	2	-0.7325	0.30119	0.29988	0.999995	296	0	-0.7325
TIMM10	4	0.0033151	0.012073	0.168382	73	4	-0.79198	0.98827	0.98876	0.999995	987	0	-0.79198
MED20	4	0.0034325	0.012446	0.169777	74	4	-0.7162	0.99246	0.99278	0.999995	995	0	-0.7162
XAB2	4	0.0034563	0.012493	0.169777	75	3	-1.0336	0.57434	0.57411	0.999995	546	0	-1.0336
DHX9	3	0.0036181	0.0098123	0.155978	76	3	-0.71229	0.99638	0.99627	0.999995	1010	0	-0.71229
CKAP5	8	0.0036213	0.01962	0.217667	77	7	-0.45774	0.96426	0.96414	0.999995	944	0	-0.45774
RPS3	3	0.0038159	0.010401	0.156533	78	3	-1.3246	0.94872	0.94834	0.999995	922	0	-1.3246
INTS2	4	0.0041837	0.015052	0.196981	79	4	-0.7381	0.99582	0.99596	0.999995	1008	0	-0.7381
ATP5F1A	4	0.0042747	0.015314	0.197602	80	4	-0.7708	0.98606	0.9864	0.999995	980	0	-0.7708
PAF1	4	0.004322	0.015473	0.197602	81	4	-0.66609	0.99568	0.99581	0.999995	1007	0	-0.66609
HSCB	4	0.0045117	0.016154	0.203203	82	4	-0.56086	0.99549	0.99566	0.999995	1006	0	-0.56086
MYBL2	4	0.00456	0.016295	0.203203	83	4	-0.45449	0.99544	0.99561	0.999995	1005	0	-0.45449
WRN	4	0.0047241	0.016864	0.207863	84	4	-0.67597	0.99528	0.99547	0.999995	1004	0	-0.67597
RPP21	4	0.0048743	0.017322	0.211015	85	3	-0.78358	0.67445	0.674	0.999995	647	0	-0.78358
ARID1A	4	0.0049341	0.017518	0.211015	86	4	-0.54812	0.98992	0.99043	0.999995	990	0	-0.54812
AFG3L2	3	0.0050046	0.013642	0.183043	87	3	-0.77194	0.995	0.99487	0.999995	1003	0	-0.77194
SF3B5	4	0.0050653	0.018004	0.214429	88	2	-0.72911	0.60554	0.60494	0.999995	580	0	-0.72911
SNRPB	4	0.0052089	0.018452	0.217327	89	3	-0.75578	0.96842	0.96853	0.999995	951	0	-0.75578
NAA10	4	0.0054613	0.019125	0.217667	90	4	-0.6263	0.99334	0.9936	0.999995	996	0	-0.6263
TUFM	3	0.0055064	0.015006	0.196981	91	3	-1.1909	0.99449	0.99442	0.999995	1002	0	-1.1909
PFAS	4	0.0055397	0.019293	0.217667	92	4	-0.72604	0.97643	0.97661	0.999995	962	0	-0.72604
RNF113B	4	0.005612	0.019526	0.217667	93	4	-0.2761	0.99439	0.99465	0.999995	1001	0	-0.2761
ACTL6A	4	0.0056557	0.019713	0.217667	94	3	-0.87659	0.74068	0.74014	0.999995	719	0	-0.87659
RPL18A	2	0.0057774	0.0114	0.165536	95	2	-1.1317	0.99422	0.99404	0.999995	1000	0	-1.1317
VCP	4	0.0058545	0.020479	0.223793	96	3	-0.93176	0.83723	0.83754	0.999995	801	0	-0.93176
VPS37A	4	0.0059555	0.020825	0.225248	97	3	-0.75192	0.549	0.54785	0.999995	521	0	-0.75192
FANCF	4	0.0060399	0.02117	0.226287	98	4	-0.44144	0.99396	0.99428	0.999995	999	0	-0.44144
RXFP3	4	0.0061203	0.021348	0.226287	99	4	-0.44906	0.99388	0.99419	0.999995	998	0	-0.44906
TOMM40	7	0.0062231	0.029007	0.279523	100	4	-0.46886	0.97952	0.98091	0.999995	968	0	-0.46886
CDS2	4	0.0063356	0.021983	0.228451	101	4	-0.69985	0.9761	0.97642	0.999995	960	0	-0.69985
ISCA2	4	0.0066194	0.022926	0.234815	102	4	-0.49808	0.99338	0.99363	0.999995	997	0	-0.49808
ABT1	4	0.0066579	0.023038	0.234815	103	3	-0.85817	0.83172	0.83232	0.999995	794	0	-0.85817
SFPQ	4	0.0069025	0.023674	0.238991	104	3	-0.25253	0.95129	0.95089	0.999995	925	0	-0.25253
RNF113A	4	0.007295	0.024963	0.249626	105	3	-0.85044	0.8154	0.81623	0.999995	781	0	-0.85044
DYNLRB1	3	0.0072994	0.019639	0.217667	106	3	-1.2845	0.98807	0.98812	0.999995	986	0	-1.2845
CLNS1A	3	0.0080416	0.021609	0.226791	107	3	-0.76852	0.99196	0.99204	0.999995	994	0	-0.76852
CPSF3	4	0.0081249	0.027671	0.270915	108	4	-0.47099	0.99188	0.99235	0.999995	993	0	-0.47099
BUB1B	4	0.0081757	0.027858	0.270915	109	3	-0.68271	0.71783	0.71692	0.999995	697	0	-0.68271
LDB1	8	0.0083778	0.041598	0.352752	110	7	-0.28869	0.70245	0.70263	0.999995	678	0	-0.28869
WASL	4	0.008954	0.030221	0.28542	111	4	-0.29248	0.99105	0.99151	0.999995	992	0	-0.29248
AKIRIN2	4	0.0090041	0.030408	0.28542	112	3	-0.67051	0.93397	0.93324	0.999995	905	0	-0.67051
RPL8	4	0.0090078	0.030427	0.28542	113	4	-0.65387	0.99099	0.99148	0.999995	991	0	-0.65387
EZH2	4	0.0096657	0.032519	0.301808	114	3	-0.62907	0.91283	0.91175	0.999995	884	0	-0.62907
ATP6V1C1	4	0.0097583	0.032743	0.301808	115	4	-0.64936	0.97582	0.97615	0.999995	958	0	-0.64936
SIN3A	4	0.010196	0.034205	0.307266	116	4	-0.50049	0.9898	0.99031	0.999995	989	0	-0.50049
COX6B1	8	0.010288	0.048959	0.384415	117	5	-0.46305	0.13763	0.14036	0.999995	141	1	-0.46305
TRAPPC3	4	0.010471	0.035032	0.311922	118	3	-0.42351	0.49768	0.4957	0.999995	475	0	-0.42351
RHBDF1	4	0.010555	0.035312	0.311922	119	4	-0.32935	0.98944	0.98988	0.999995	988	0	-0.32935
EIF4A3	4	0.010716	0.035742	0.313109	120	4	-1.0688	0.97593	0.97625	0.999995	959	0	-1.0688
ATP7A	4	0.011216	0.037386	0.324826	121	3	-0.54166	0.96862	0.96882	0.999995	952	0	-0.54166
EIF3B	4	0.011421	0.038133	0.328624	122	3	-0.68173	0.93409	0.93338	0.999995	906	0	-0.68173
PRKDC	8	0.011809	0.05404	0.405348	123	6	-0.33032	0.86227	0.86153	0.999995	827	0	-0.33032
SEPHS2	4	0.011994	0.039814	0.340347	124	3	-0.54844	0.84738	0.84807	0.999995	813	0	-0.54844
RPL11	3	0.012612	0.033089	0.302364	125	3	-1.0455	0.95894	0.95858	0.999995	934	0	-1.0455
RPS8	3	0.012817	0.033631	0.304688	126	3	-0.48901	0.98718	0.98714	0.999995	985	0	-0.48901
PRPF38A	4	0.012861	0.042373	0.356475	127	3	-0.49575	0.50371	0.502	0.999995	482	0	-0.49575
EIF3L	4	0.013196	0.04327	0.361152	128	3	-0.52969	0.54492	0.54363	0.999995	515	0	-0.52969
GTF3C1	4	0.013421	0.044101	0.364851	129	4	-0.55988	0.98658	0.98697	0.999995	984	0	-0.55988
NMT1	4	0.013604	0.044681	0.364851	130	4	-0.3077	0.9864	0.98675	0.999995	983	0	-0.3077
HRAS	4	0.013641	0.044746	0.364851	131	4	-0.30774	0.98636	0.98671	0.999995	982	0	-0.30774
RPS23	2	0.013814	0.026158	0.259138	132	2	-1.115	0.98619	0.98565	0.999995	981	0	-1.115
LSM14B	4	0.013976	0.045783	0.370456	133	4	-0.23106	0.98602	0.98637	0.999995	979	0	-0.23106
POLR2B	4	0.014832	0.048034	0.382826	134	3	-0.86561	0.80962	0.81012	0.999995	778	0	-0.86561
SF1	4	0.015095	0.048837	0.384415	135	4	-0.43056	0.9849	0.98522	0.999995	978	0	-0.43056
BICD2	4	0.015456	0.049893	0.388869	136	4	-0.35581	0.98454	0.98483	0.999995	977	0	-0.35581
NUTF2	4	0.015865	0.051013	0.394703	137	4	-0.37883	0.98414	0.98449	0.999995	976	0	-0.37883
PMPCB	4	0.01605	0.051593	0.396291	138	3	-0.53315	0.29411	0.29291	0.999995	290	0	-0.53315
PPP2CA	8	0.016202	0.068975	0.471702	139	5	-0.38709	0.97811	0.97847	0.999995	966	0	-0.38709
TOMM22	4	0.016323	0.052461	0.400064	140	4	-0.68844	0.98368	0.98402	0.999995	975	0	-0.68844
COX4I2	4	0.016721	0.053526	0.405269	141	4	-0.35338	0.97542	0.97571	0.999995	956	0	-0.35338
NCBP2	4	0.016961	0.054301	0.405348	142	1	-0.1448	0.79792	0.79834	0.999995	771	0	-0.1448
OSBPL6	4	0.017358	0.05545	0.41103	143	4	-0.29196	0.98264	0.98294	0.999995	974	0	-0.29196
HNRNPH3	4	0.018075	0.057608	0.423284	144	4	-0.32348	0.98192	0.98236	0.999995	973	0	-0.32348
PTPN11	4	0.018337	0.058327	0.423284	145	3	-0.53212	0.96329	0.9632	0.999995	941	0	-0.53212
TUBB	3	0.018452	0.047557	0.381901	146	2	-0.99044	0.28934	0.28754	0.999995	285	0	-0.99044
GFM1	4	0.018476	0.058701	0.423284	147	3	-0.54746	0.71532	0.71453	0.999995	693	0	-0.54746
GAPDH	4	0.018685	0.059317	0.423716	148	3	-0.69725	0.91532	0.91429	0.999995	889	0	-0.69725
DYNC1LI2	4	0.018767	0.05956	0.423716	149	4	-0.3676	0.98123	0.98162	0.999995	972	0	-0.3676
RRM2B	8	0.019416	0.079708	0.508765	150	6	-0.27361	0.38611	0.38708	0.999995	375	0	-0.27361
XYLT2	4	0.019672	0.062288	0.440165	151	4	-0.2499	0.98033	0.98057	0.999995	971	0	-0.2499
PEF1	4	0.02036	0.0641	0.448118	152	4	-0.31369	0.97964	0.97979	0.999995	970	0	-0.31369
TOP1MT	4	0.020415	0.064258	0.448118	153	3	-0.38402	0.74732	0.74713	0.999995	724	0	-0.38402
MED26	4	0.021464	0.067387	0.4639	154	2	-0.56172	0.87714	0.8775	0.999995	848	0	-0.56172
SP110	4	0.021469	0.067397	0.4639	155	3	-0.41232	0.54543	0.54407	0.999995	516	0	-0.41232
HASPIN	4	0.022398	0.070124	0.476485	156	3	-0.49133	0.154	0.1536	0.999995	156	0	-0.49133
MYH7	4	0.0228	0.071329	0.481585	157	4	-0.27347	0.9772	0.97738	0.999995	965	0	-0.27347
RPL17	3	0.022882	0.057991	0.423284	158	2	-0.73832	0.80344	0.80406	0.999995	775	0	-0.73832
GABPB2	4	0.023181	0.07245	0.486057	159	4	-0.20573	0.97682	0.97693	0.999995	964	0	-0.20573
CHMP1A	4	0.023514	0.073524	0.490161	160	3	-0.3661	0.95985	0.95948	0.999995	935	0	-0.3661
EPS15	4	0.023846	0.074542	0.493843	161	4	-0.27853	0.97615	0.97645	0.999995	961	0	-0.27853
EIF3J	4	0.02424	0.075785	0.498955	162	4	-0.5271	0.97576	0.9761	0.999995	957	0	-0.5271
ATR	4	0.025084	0.078073	0.508765	163	3	-0.45348	0.54133	0.53995	0.999995	512	0	-0.45348
FAM50A	4	0.025252	0.078475	0.508765	164	3	-0.40041	0.90135	0.90054	0.999995	874	0	-0.40041
CAP1	4	0.025337	0.078774	0.508765	165	3	-0.67373	0.11677	0.11656	0.999995	117	0	-0.67373
RP1	4	0.025507	0.079241	0.508765	166	3	-0.40578	0.95696	0.95674	0.999995	931	0	-0.40578
PSMB6	4	0.02602	0.080819	0.508765	167	3	-0.60077	0.96421	0.96403	0.999995	943	0	-0.60077
ZMIZ2	4	0.026226	0.081482	0.508765	168	4	-0.19029	0.97377	0.97412	0.999995	955	0	-0.19029
MED8	4	0.026236	0.08151	0.508765	169	2	-0.52939	0.72665	0.72617	0.999995	704	0	-0.52939
ARID4A	4	0.02628	0.081594	0.508765	170	3	-0.36427	0.96744	0.96763	0.999995	948	0	-0.36427
XRCC4	4	0.026832	0.083108	0.512648	171	4	-0.34922	0.97317	0.97347	0.999995	954	0	-0.34922
UNC119	4	0.026979	0.083509	0.512648	172	3	-0.45364	0.95243	0.95227	0.999995	926	0	-0.45364
ATP5F1D	4	0.027073	0.083668	0.512648	173	3	-0.59348	0.93552	0.9349	0.999995	907	0	-0.59348
FANCM	4	0.029129	0.088273	0.534682	174	3	-0.5595	0.92041	0.91982	0.999995	892	0	-0.5595
ATP6V1D	4	0.0321	0.094055	0.566466	175	3	-0.51809	0.49713	0.49515	0.999995	474	0	-0.51809
CCND3	4	0.033492	0.096698	0.575843	176	3	-0.30406	0.77684	0.77724	0.999995	749	0	-0.30406
NDUFC1	4	0.033998	0.09767	0.578378	177	3	-0.43317	0.84557	0.84623	0.999995	810	0	-0.43317
PKM	3	0.034957	0.085387	0.520172	178	2	-0.79017	0.18726	0.1869	0.999995	191	0	-0.79017
RFC2	4	0.035054	0.099547	0.584952	179	2	-0.63494	0.4179	0.41623	0.999995	399	0	-0.63494
NAA15	4	0.035231	0.099883	0.584952	180	3	-0.59507	0.84443	0.8451	0.999995	807	0	-0.59507
LONP1	4	0.03723	0.10367	0.600471	181	3	-0.48965	0.61735	0.61655	0.999995	589	0	-0.48965
SOD1	4	0.038009	0.10505	0.603987	182	3	-0.66402	0.89228	0.89187	0.999995	868	0	-0.66402
SHMT2	4	0.038214	0.10541	0.603987	183	3	-0.38447	0.90998	0.90868	0.999995	881	0	-0.38447
POU4F2	4	0.040776	0.11061	0.626966	184	3	-0.38917	0.38077	0.37978	0.999995	370	0	-0.38917
DGKZ	3	0.04172	0.10119	0.589354	185	3	-0.32666	0.95828	0.95793	0.999995	933	0	-0.32666
COPZ1	4	0.043114	0.11482	0.629846	186	1	-0.13735	0.79456	0.79493	0.999995	767	0	-0.13735
MED13	4	0.043205	0.11501	0.629846	187	3	-0.46559	0.93715	0.93636	0.999995	909	0	-0.46559
PSMA2	4	0.043244	0.11504	0.629846	188	2	-0.44183	0.32142	0.32067	0.999995	321	0	-0.44183
ILF3	4	0.043451	0.11546	0.629846	189	2	-0.48348	0.87327	0.87346	0.999995	843	0	-0.48348
SOS1	4	0.043658	0.11591	0.629846	190	3	-0.44444	0.64358	0.64295	0.999995	612	0	-0.44444
APH1A	4	0.044034	0.11664	0.629846	191	3	-0.41894	0.95355	0.95345	0.999995	928	0	-0.41894
TMEM30A	4	0.044153	0.11683	0.629846	192	3	-0.32706	0.76956	0.76979	0.999995	742	0	-0.32706
RNF20	4	0.044511	0.11742	0.629846	193	3	-0.38723	0.59814	0.59747	0.999995	571	0	-0.38723
EP300	4	0.044751	0.11785	0.629846	194	3	-0.40229	0.85316	0.85352	0.999995	819	0	-0.40229
SNAPC4	4	0.044898	0.11816	0.629846	195	3	-0.30853	0.94155	0.94079	0.999995	910	0	-0.30853
RBM22	4	0.044912	0.11819	0.629846	196	2	-0.37164	0.40738	0.40547	0.999995	392	0	-0.37164
RPRD1B	4	0.045123	0.11863	0.629846	197	2	-0.3662	0.86586	0.86601	0.999995	833	0	-0.3662
RPL5	4	0.045476	0.11926	0.629846	198	3	-0.58979	0.67405	0.67354	0.999995	646	0	-0.58979
GATAD2A	4	0.045545	0.11943	0.629846	199	2	-0.3344	0.34592	0.34541	0.999995	341	0	-0.3344
RING1	4	0.047036	0.1221	0.639687	200	3	-0.34176	0.42403	0.42236	0.999995	404	0	-0.34176
PFN1	4	0.04725	0.12251	0.639687	201	2	-0.33597	0.78772	0.78804	0.999995	761	0	-0.33597
HUS1	4	0.048982	0.12585	0.653926	202	3	-0.43095	0.96259	0.96255	0.999995	940	0	-0.43095
CDK5R1	4	0.049334	0.12649	0.654021	203	3	-0.28674	0.21495	0.21427	0.999995	218	0	-0.28674
FUT5	4	0.050749	0.12892	0.66339	204	3	-0.33133	0.95336	0.95327	0.999995	927	0	-0.33133
MBTD1	4	0.052056	0.13133	0.672526	205	3	-0.32702	0.6393	0.63849	0.999995	607	0	-0.32702
TBC1D9	4	0.053919	0.13516	0.688809	206	3	-0.29604	0.93373	0.933	0.999995	904	0	-0.29604
RPL31	2	0.054337	0.095988	0.574845	207	2	-0.54088	0.94566	0.94523	0.999995	916	0	-0.54088
DMXL2	4	0.055548	0.13809	0.700341	208	3	-0.31534	0.96414	0.96393	0.999995	942	0	-0.31534
NXT1	4	0.056169	0.13927	0.702994	209	2	-0.36612	0.58685	0.5863	0.999995	559	0	-0.36612
DDX5	4	0.057097	0.14085	0.706823	210	2	-0.41381	0.89503	0.89444	0.999995	870	0	-0.41381
BCAP31	4	0.057345	0.14136	0.706823	211	3	-0.26495	0.13346	0.13358	0.999995	135	0	-0.26495
WDR12	4	0.057796	0.14207	0.707038	212	2	-0.53723	0.91503	0.91399	0.999995	888	0	-0.53723
IRF4	4	0.059177	0.1449	0.717752	213	3	-0.31138	0.15887	0.15821	0.999995	162	0	-0.31138
SBNO2	4	0.059963	0.14619	0.720769	214	3	-0.2769	0.94477	0.94402	0.999995	915	0	-0.2769
RPL37A	2	0.060196	0.10618	0.605105	215	1	-0.68914	0.65003	0.649	0.999995	620	0	-0.68914
TBP	4	0.062208	0.15031	0.737647	216	3	-0.31852	0.44032	0.43877	0.999995	418	0	-0.31852
SPOP	4	0.063482	0.15276	0.746202	217	3	-0.34249	0.96687	0.96695	0.999995	945	0	-0.34249
SAR1A	8	0.066921	0.21091	0.935375	218	4	-0.172	0.35661	0.35735	0.999995	354	0	-0.172
TAMM41	4	0.067155	0.15932	0.771124	219	3	-0.31358	0.88036	0.8807	0.999995	854	0	-0.31358
TNPO1	3	0.067208	0.1569	0.762899	220	3	-0.28649	0.93279	0.93217	0.999995	903	0	-0.28649
YIF1A	4	0.073453	0.17055	0.818041	221	3	-0.36772	0.69045	0.68986	0.999995	669	0	-0.36772
SNRPD2	3	0.075852	0.16733	0.806233	222	1	-0.21073	0.87894	0.87902	0.999995	850	0	-0.21073
MECP2	4	0.076651	0.17647	0.841695	223	3	-0.31879	0.90799	0.90668	0.999995	879	0	-0.31879
COX4I1	4	0.077059	0.17707	0.841695	224	3	-0.30844	0.58494	0.58456	0.999995	556	0	-0.30844
UCHL5	4	0.079023	0.18056	0.854425	225	3	-0.32042	0.87637	0.87688	0.999995	845	0	-0.32042
SF3B2	4	0.080086	0.18235	0.859076	226	2	-0.30504	0.85898	0.85934	0.999995	822	0	-0.30504
SUV39H1	4	0.081108	0.18426	0.864212	227	3	-0.2775	0.64443	0.6439	0.999995	613	0	-0.2775
ZMIZ1	4	0.083852	0.18934	0.880254	228	3	-0.29535	0.83556	0.83588	0.999995	800	0	-0.29535
POLR2F	4	0.086975	0.19495	0.898654	229	2	-0.2354	0.68076	0.68005	0.999995	656	0	-0.2354
ATP5PB	4	0.087132	0.19528	0.898654	230	2	-0.2902	0.59954	0.59898	0.999995	572	0	-0.2902
FARS2	4	0.087409	0.19584	0.898654	231	3	-0.41699	0.58827	0.58762	0.999995	561	0	-0.41699
CABP5	4	0.089208	0.19901	0.909248	232	3	-0.30401	0.79512	0.79542	0.999995	768	0	-0.30401
ZG16	4	0.090297	0.20096	0.909732	233	3	-0.2717	0.616	0.61532	0.999995	588	0	-0.2717
TCERG1	4	0.090662	0.20156	0.909732	234	3	-0.28368	0.55001	0.54887	0.999995	523	0	-0.28368
MED31	4	0.09074	0.20169	0.909732	235	3	-0.34568	0.92247	0.92181	0.999995	895	0	-0.34568
CCT6A	3	0.092009	0.18876	0.880254	236	2	-0.34045	0.85113	0.8512	0.999995	817	0	-0.34045
RAN	4	0.092136	0.20414	0.916426	237	1	-0.18751	0.9169	0.9159	0.999995	891	0	-0.18751
MYD88	4	0.092684	0.2049	0.916426	238	3	-0.23521	0.63412	0.63334	0.999995	600	0	-0.23521
ZNRF4	4	0.093425	0.20629	0.918774	239	3	-0.25218	0.31519	0.31435	0.999995	312	0	-0.25218
CLDN4	4	0.097946	0.21374	0.940081	240	3	-0.21003	0.43913	0.43756	0.999995	416	0	-0.21003
PRG3	4	0.09948	0.21669	0.949124	241	3	-0.31314	0.82282	0.82365	0.999995	791	0	-0.31314
TRPC5	4	0.10142	0.22025	0.960742	242	3	-0.27255	0.67919	0.67853	0.999995	653	0	-0.27255
CCNE2	4	0.10189	0.22131	0.961431	243	3	-0.37218	0.88018	0.88051	0.999995	853	0	-0.37218
ADAP1	4	0.10454	0.22576	0.973311	244	2	-0.40682	0.74699	0.74679	0.999995	723	0	-0.40682
TYMS	4	0.10535	0.22739	0.973311	245	3	-0.34072	0.1613	0.16079	0.999995	165	0	-0.34072
CFL1	4	0.10542	0.22748	0.973311	246	3	-0.43425	0.80069	0.80086	0.999995	774	0	-0.43425
SLC11A2	4	0.10555	0.22772	0.973311	247	3	-0.3326	0.6541	0.65345	0.999995	627	0	-0.3326
GABPB1	4	0.10655	0.22928	0.974317	248	3	-0.29275	0.56897	0.5689	0.999995	542	0	-0.29275
ZNF34	4	0.10691	0.22979	0.974317	249	3	-0.30844	0.052896	0.054339	0.999995	52	1	-0.30844
MMD2	4	0.10856	0.23286	0.981907	250	3	-0.26589	0.89537	0.89474	0.999995	871	0	-0.26589
SPTLC2	4	0.10897	0.23343	0.981907	251	3	-0.31163	0.8494	0.85003	0.999995	814	0	-0.31163
NSG2	4	0.11002	0.23527	0.984223	252	2	-0.13347	0.68389	0.68322	0.999995	660	0	-0.13347
DYNC1LI1	3	0.11039	0.21178	0.935375	253	2	-0.32145	0.87911	0.87923	0.999995	852	0	-0.32145
DUSP10	4	0.1105	0.23612	0.984223	254	2	-0.23277	0.72103	0.72033	0.999995	700	0	-0.23277
SIN3B	4	0.11162	0.23802	0.984223	255	3	-0.22959	0.88074	0.88114	0.999995	855	0	-0.22959
CLASP1	4	0.1117	0.23815	0.984223	256	2	-0.26839	0.8691	0.86926	0.999995	837	0	-0.26839
RC3H1	4	0.11245	0.23939	0.984223	257	3	-0.20428	0.67045	0.6699	0.999995	643	0	-0.20428
BZW2	4	0.11291	0.24007	0.984223	258	2	-0.24878	0.92138	0.92073	0.999995	893	0	-0.24878
SEC23A	4	0.11369	0.2415	0.984223	259	3	-0.26444	0.69615	0.69589	0.999995	674	0	-0.26444
CCNT2	4	0.1139	0.24189	0.984223	260	3	-0.2608	0.96729	0.96747	0.999995	947	0	-0.2608
ATP6V1E2	4	0.11431	0.24263	0.984223	261	3	-0.25745	0.85403	0.85443	0.999995	820	0	-0.25745
FDPS	4	0.11474	0.24327	0.984223	262	3	-0.33478	0.35327	0.35267	0.999995	350	0	-0.33478
H2AFX	4	0.11535	0.24438	0.98496	263	2	-0.18783	0.51881	0.51756	0.999995	492	0	-0.18783
NRBP2	4	0.11662	0.24631	0.988955	264	3	-0.39593	0.53148	0.5303	0.999995	505	0	-0.39593
CCNT1	4	0.1181	0.2488	0.991458	265	3	-0.24076	0.84535	0.84605	0.999995	809	0	-0.24076
CYP7A1	4	0.11959	0.25124	0.993701	266	3	-0.25497	0.85962	0.8599	0.999995	823	0	-0.25497
TOB1	4	0.12023	0.2523	0.994203	267	3	-0.33661	0.71996	0.71926	0.999995	699	0	-0.33661
TIMM23	4	0.12245	0.25626	0.999995	268	2	-0.32261	0.91179	0.91062	0.999995	883	0	-0.32261
INCENP	4	0.12277	0.25671	0.999995	269	2	-0.22635	0.70732	0.70666	0.999995	684	0	-0.22635
FXR2	4	0.12434	0.25937	0.999995	270	3	-0.19913	0.96251	0.96238	0.999995	939	0	-0.19913
BRSK2	4	0.12544	0.26128	0.999995	271	3	-0.27558	0.96124	0.96099	0.999995	937	0	-0.27558
IMPDH2	4	0.12566	0.26167	0.999995	272	3	-0.30559	0.86214	0.86224	0.999995	826	0	-0.30559
CRY2	4	0.12632	0.26261	0.999995	273	3	-0.20938	0.56206	0.56176	0.999995	534	0	-0.20938
COQ10A	4	0.12875	0.26659	0.999995	274	3	-0.31917	0.76555	0.76581	0.999995	736	0	-0.31917
S1PR4	4	0.12939	0.26768	0.999995	275	2	-0.16458	0.2049	0.20442	0.999995	208	0	-0.16458
GCM2	4	0.12987	0.26843	0.999995	276	3	-0.24481	0.093851	0.093737	0.999995	90	1	-0.24481
CREBBP	4	0.13097	0.27033	0.999995	277	2	-0.20807	0.7854	0.78573	0.999995	758	0	-0.20807
H2BFM	4	0.13166	0.27159	0.999995	278	3	-0.22217	0.8703	0.87052	0.999995	838	0	-0.22217
FOXB1	4	0.13347	0.27468	0.999995	279	3	-0.18853	0.18292	0.18294	0.999995	189	0	-0.18853
MTUS2	4	0.13484	0.27681	0.999995	280	3	-0.16633	0.94602	0.94549	0.999995	917	0	-0.16633
COPG1	4	0.13512	0.27734	0.999995	281	1	-0.18809	0.8877	0.8876	0.999995	863	0	-0.18809
PDS5A	4	0.1353	0.2776	0.999995	282	3	-0.20263	0.94393	0.94322	0.999995	913	0	-0.20263
MED13L	4	0.13552	0.27797	0.999995	283	3	-0.25696	0.97243	0.97272	0.999995	953	0	-0.25696
PACS1	4	0.13621	0.27923	0.999995	284	3	-0.24078	0.96694	0.96701	0.999995	946	0	-0.24078
EEFSEC	4	0.13713	0.2806	0.999995	285	3	-0.20296	0.95023	0.94985	0.999995	924	0	-0.20296
GOLPH3	4	0.13968	0.28455	0.999995	286	3	-0.21198	0.91618	0.9152	0.999995	890	0	-0.21198
RSBN1	4	0.14038	0.28578	0.999995	287	3	-0.18859	0.92775	0.92696	0.999995	897	0	-0.18859
IRF6	4	0.14085	0.28656	0.999995	288	3	-0.23292	0.44627	0.44505	0.999995	423	0	-0.23292
TLN1	4	0.1439	0.29146	0.999995	289	3	-0.21609	0.90876	0.90757	0.999995	880	0	-0.21609
OSMR	4	0.14414	0.2918	0.999995	290	3	-0.2183	0.95748	0.95734	0.999995	932	0	-0.2183
ADSSL1	4	0.14461	0.29247	0.999995	291	3	-0.20642	0.2934	0.29212	0.999995	289	0	-0.20642
ALDOC	4	0.14464	0.29251	0.999995	292	2	-0.21845	0.16936	0.16913	0.999995	174	0	-0.21845
TAF1	4	0.14501	0.29314	0.999995	293	1	-0.0058764	0.24678	0.24603	0.999995	241	0	-0.0058764
SKA1	4	0.14629	0.29538	0.999995	294	2	-0.3199	0.10664	0.10711	0.999995	103	1	-0.3199
CTPS1	4	0.14696	0.29642	0.999995	295	2	-0.21935	0.52781	0.52698	0.999995	501	0	-0.21935
HNRNPF	4	0.147	0.29647	0.999995	296	3	-0.25603	0.75351	0.75359	0.999995	729	0	-0.25603
CNOT7	4	0.14795	0.29788	0.999995	297	2	-0.22911	0.077458	0.078138	0.999995	75	1	-0.22911
NCOR2	4	0.1482	0.2983	0.999995	298	3	-0.21038	0.92953	0.92868	0.999995	900	0	-0.21038
COQ10B	4	0.14844	0.29869	0.999995	299	3	-0.2489	0.75512	0.7552	0.999995	731	0	-0.2489
ANAPC4	4	0.14988	0.30117	0.999995	300	3	-0.27725	0.94166	0.9409	0.999995	911	0	-0.27725
GSDMD	4	0.15029	0.30178	0.999995	301	2	-0.27075	0.19239	0.19249	0.999995	198	0	-0.27075
RPP14	4	0.1513	0.30333	0.999995	302	2	-0.27721	0.96164	0.96144	0.999995	938	0	-0.27721
BARHL1	4	0.15158	0.30376	0.999995	303	3	-0.21052	0.88149	0.88189	0.999995	856	0	-0.21052
RPS15	2	0.15315	0.25037	0.993701	304	2	-0.30117	0.84685	0.84544	0.999995	811	0	-0.30117
CCNE1	4	0.15353	0.3069	0.999995	305	3	-0.19996	0.73832	0.73776	0.999995	716	0	-0.19996
BECN1	4	0.15365	0.30699	0.999995	306	2	-0.28243	0.78598	0.78622	0.999995	759	0	-0.28243
RBBP4	3	0.15593	0.26681	0.999995	307	2	-0.4665	0.54201	0.54061	0.999995	513	0	-0.4665
SNTA1	4	0.15624	0.31112	0.999995	308	3	-0.20547	0.81592	0.81684	0.999995	782	0	-0.20547
GJA8	4	0.15698	0.31218	0.999995	309	3	-0.27262	0.94816	0.94767	0.999995	920	0	-0.27262
ATP8B3	4	0.15723	0.31263	0.999995	310	3	-0.17271	0.59674	0.59625	0.999995	570	0	-0.17271
FOXE3	4	0.15798	0.31379	0.999995	311	3	-0.19513	0.82206	0.82291	0.999995	790	0	-0.19513
KIF20A	8	0.15853	0.38398	0.999995	312	5	-0.2206	0.30468	0.30474	0.999995	300	0	-0.2206
TMEM120B	4	0.15872	0.31501	0.999995	313	3	-0.18611	0.41606	0.41424	0.999995	398	0	-0.18611
DDI2	4	0.16211	0.32037	0.999995	314	2	-0.25127	0.64187	0.64103	0.999995	611	0	-0.25127
G3BP1	4	0.16223	0.32059	0.999995	315	3	-0.31677	0.94826	0.94778	0.999995	921	0	-0.31677
SNRPB2	3	0.16292	0.27512	0.999995	316	1	-0.16767	0.54774	0.54652	0.999995	520	0	-0.16767
RAMP2	4	0.16299	0.32175	0.999995	317	3	-0.2354	0.073108	0.073786	0.999995	71	1	-0.2354
PSMB9	4	0.16451	0.32399	0.999995	318	3	-0.2669	0.84214	0.84267	0.999995	806	0	-0.2669
TCF3	4	0.16886	0.33134	0.999995	319	3	-0.17327	0.32004	0.31934	0.999995	319	0	-0.17327
RPS11	3	0.17027	0.28392	0.999995	320	1	-0.2179	0.87098	0.87122	0.999995	840	0	-0.2179
FRS3	4	0.17067	0.33445	0.999995	321	3	-0.19592	0.8185	0.81937	0.999995	785	0	-0.19592
GIT2	4	0.17093	0.33484	0.999995	322	3	-0.34358	0.69121	0.69062	0.999995	670	0	-0.34358
NAPA	4	0.17113	0.33519	0.999995	323	2	-0.33314	0.36844	0.36743	0.999995	361	0	-0.33314
MED23	4	0.17249	0.33764	0.999995	324	3	-0.22823	0.64059	0.6397	0.999995	608	0	-0.22823
MYBPHL	4	0.17358	0.33952	0.999995	325	2	-0.22853	0.89806	0.89731	0.999995	873	0	-0.22853
BRD8	4	0.1738	0.33981	0.999995	326	3	-0.22847	0.07572	0.076607	0.999995	73	1	-0.22847
PSMB8	4	0.17463	0.34094	0.999995	327	2	-0.17974	0.39418	0.39263	0.999995	380	0	-0.17974
ABTB2	4	0.17511	0.34168	0.999995	328	3	-0.23213	0.55606	0.55539	0.999995	528	0	-0.23213
HMGCLL1	4	0.17854	0.34713	0.999995	329	3	-0.19174	0.92151	0.92086	0.999995	894	0	-0.19174
LIM2	4	0.1788	0.3476	0.999995	330	3	-0.19167	0.58637	0.58577	0.999995	558	0	-0.19167
CDK5R2	4	0.1796	0.34912	0.999995	331	3	-0.18458	0.85162	0.85208	0.999995	818	0	-0.18458
MTMR3	4	0.18062	0.35054	0.999995	332	2	-0.28203	0.86297	0.86313	0.999995	829	0	-0.28203
TBC1D28	3	0.18153	0.2978	0.999995	333	2	-0.22091	0.88493	0.88526	0.999995	861	0	-0.22091
PLD1	4	0.18307	0.35446	0.999995	334	3	-0.19159	0.32829	0.32784	0.999995	328	0	-0.19159
SMARCC1	4	0.18382	0.3557	0.999995	335	2	-0.16445	0.098982	0.099015	0.999995	96	1	-0.16445
TACC3	4	0.18524	0.35795	0.999995	336	2	-0.11037	0.0023048	0.004787	0.999995	5	1	-0.11037
NAA11	4	0.18577	0.3588	0.999995	337	3	-0.22033	0.81514	0.81598	0.999995	780	0	-0.22033
RALGPS2	4	0.18632	0.3597	0.999995	338	2	-0.26032	0.3138	0.31299	0.999995	310	0	-0.26032
AKIRIN1	4	0.18882	0.36243	0.999995	339	2	-0.30404	0.12931	0.12939	0.999995	130	0	-0.30404
SEC31A	4	0.1917	0.36496	0.999995	340	2	-0.1788	0.79059	0.79099	0.999995	764	0	-0.1788
RRAGC	4	0.1935	0.36656	0.999995	341	2	-0.19762	0.52571	0.52492	0.999995	498	0	-0.19762
CRKL	4	0.19423	0.36724	0.999995	342	2	-0.16639	0.29907	0.29762	0.999995	294	0	-0.16639
DGKI	4	0.19495	0.36785	0.999995	343	2	-0.14234	0.27907	0.27775	0.999995	274	0	-0.14234
PRSS37	4	0.19568	0.36852	0.999995	344	2	-0.23322	0.22719	0.22699	0.999995	227	0	-0.23322
EZH1	4	0.19749	0.37003	0.999995	345	2	-0.17586	0.28051	0.27923	0.999995	276	0	-0.17586
MT2A	4	0.2004	0.37256	0.999995	346	2	-0.21119	0.92813	0.92731	0.999995	898	0	-0.21119
UNC45B	4	0.20077	0.37284	0.999995	347	2	-0.17523	0.66194	0.66132	0.999995	633	0	-0.17523
TPST2	4	0.2015	0.37357	0.999995	348	2	-0.19215	0.64866	0.64794	0.999995	617	0	-0.19215
HNRNPH1	4	0.20516	0.37677	0.999995	349	2	-0.27504	0.76179	0.76202	0.999995	734	0	-0.27504
ABCA3	4	0.2059	0.37735	0.999995	350	2	-0.17884	0.91386	0.9127	0.999995	886	0	-0.17884
RSBN1L	4	0.20774	0.37894	0.999995	351	2	-0.22431	0.72839	0.72782	0.999995	708	0	-0.22431
MYL7	4	0.20955	0.38065	0.999995	352	2	-0.17934	0.85727	0.85757	0.999995	821	0	-0.17934
UTP14C	4	0.21187	0.38311	0.999995	353	1	-0.00091808	0.45686	0.45541	0.999995	432	0	-0.00091808
CAB39	4	0.21264	0.38381	0.999995	354	1	-0.15789	0.57774	0.57724	0.999995	552	0	-0.15789
DGAT1	4	0.21365	0.38462	0.999995	355	2	-0.18141	0.43312	0.4313	0.999995	413	0	-0.18141
UTRN	4	0.21402	0.38502	0.999995	356	2	-0.15049	0.30048	0.29922	0.999995	295	0	-0.15049
RANBP9	4	0.21477	0.38567	0.999995	357	2	-0.16882	0.076589	0.077429	0.999995	74	1	-0.16882
HEATR5A	4	0.21663	0.38739	0.999995	358	2	-0.21758	0.3033	0.30212	0.999995	299	0	-0.21758
SLC11A1	4	0.217	0.38782	0.999995	359	2	-0.20538	0.7277	0.72712	0.999995	706	0	-0.20538
IPO7	3	0.2236	0.34786	0.999995	360	2	-0.28674	0.83916	0.83976	0.999995	805	0	-0.28674
PSEN1	4	0.22411	0.39405	0.999995	361	2	-0.22785	0.91134	0.9101	0.999995	882	0	-0.22785
TUBB4B	8	0.23204	0.48399	0.999995	362	4	-0.21017	0.11799	0.12265	0.999995	118	1	-0.21017
FOXK1	4	0.23241	0.40184	0.999995	363	2	-0.26221	0.9541	0.95386	0.999995	929	0	-0.26221
CTSZ	4	0.23964	0.40861	0.999995	364	2	-0.22605	0.66965	0.66913	0.999995	642	0	-0.22605
HTR3E	4	0.24423	0.41256	0.999995	365	2	-0.1881	0.80424	0.80432	0.999995	776	0	-0.1881
MRPL27	4	0.24692	0.41495	0.999995	366	2	-0.23322	0.55102	0.5498	0.999995	525	0	-0.23322
RPS7	1	0.24764	0.24819	0.991458	367	1	-0.33657	0.75236	0.75398	0.999995	728	0	-0.33657
LSM4	4	0.25199	0.4191	0.999995	368	2	-0.20861	0.94361	0.9429	0.999995	912	0	-0.20861
RPL21	2	0.25587	0.32772	0.999995	369	1	-0.28653	0.58176	0.5803	0.999995	555	0	-0.28653
POLD1	4	0.25696	0.42373	0.999995	370	2	-0.20425	0.71098	0.71044	0.999995	690	0	-0.20425
BTG1	4	0.25851	0.42507	0.999995	371	2	-0.16698	0.78071	0.7811	0.999995	753	0	-0.16698
STX12	4	0.26318	0.42961	0.999995	372	2	-0.20693	0.89141	0.89108	0.999995	866	0	-0.20693
SPATA21	4	0.26474	0.43109	0.999995	373	2	-0.18921	0.47927	0.47716	0.999995	458	0	-0.18921
ACACA	4	0.2663	0.43247	0.999995	374	2	-0.21669	0.84489	0.84555	0.999995	808	0	-0.21669
ARFGEF2	4	0.26669	0.43286	0.999995	375	2	-0.24551	0.94446	0.94372	0.999995	914	0	-0.24551
NDE1	4	0.26786	0.43379	0.999995	376	2	-0.23292	0.17576	0.17548	0.999995	181	0	-0.23292
EPS15L1	4	0.26826	0.43409	0.999995	377	2	-0.23343	0.035952	0.038506	0.999995	33	1	-0.23343
PPP2R1A	4	0.26964	0.43533	0.999995	378	2	-0.20099	0.29624	0.295	0.999995	292	0	-0.20099
PRDM16	4	0.26982	0.43552	0.999995	379	2	-0.16156	0.58542	0.58494	0.999995	557	0	-0.16156
FZD8	4	0.27139	0.4369	0.999995	380	2	-0.16073	0.66276	0.662	0.999995	634	0	-0.16073
VANGL2	4	0.27178	0.43734	0.999995	381	2	-0.15133	0.52991	0.52887	0.999995	504	0	-0.15133
TUBB2A	4	0.27217	0.43763	0.999995	382	2	-0.2259	0.12264	0.12292	0.999995	123	0	-0.2259
LOR	4	0.27335	0.4385	0.999995	383	2	-0.19662	0.52939	0.52838	0.999995	503	0	-0.19662
GDI1	4	0.27374	0.43881	0.999995	384	2	-0.1626	0.14828	0.14813	0.999995	150	0	-0.1626
BZW1	3	0.27399	0.40628	0.999995	385	2	-0.2697	0.89199	0.89178	0.999995	867	0	-0.2697
KPNA2	3	0.27994	0.41306	0.999995	386	2	-0.23191	0.29099	0.28928	0.999995	286	0	-0.23191
GXYLT1	4	0.28202	0.44687	0.999995	387	2	-0.18073	0.26085	0.25973	0.999995	257	0	-0.18073
HOXB1	4	0.28339	0.44819	0.999995	388	1	-0.029417	0.068742	0.069723	0.999995	68	1	-0.029417
TNR	4	0.28399	0.44872	0.999995	389	2	-0.23391	0.33239	0.3318	0.999995	332	0	-0.23391
MTA1	4	0.28637	0.45081	0.999995	390	2	-0.14878	0.37948	0.37839	0.999995	369	0	-0.14878
USP5	4	0.29033	0.45452	0.999995	391	2	-0.082367	0.04579	0.047968	0.999995	43	1	-0.082367
TNPO2	4	0.29152	0.45552	0.999995	392	2	-0.14792	0.7671	0.76745	0.999995	739	0	-0.14792
MTX1	3	0.29323	0.42836	0.999995	393	2	-0.15341	0.74234	0.74325	0.999995	721	0	-0.15341
PCGF1	4	0.29482	0.4587	0.999995	394	1	-0.033811	0.20412	0.20366	0.999995	207	0	-0.033811
CHUK	8	0.2957	0.55514	0.999995	395	4	-0.15574	0.71065	0.71078	0.999995	689	0	-0.15574
ICK	4	0.29749	0.46099	0.999995	396	2	-0.14552	0.46671	0.46541	0.999995	440	0	-0.14552
PTPN6	4	0.29789	0.46147	0.999995	397	2	-0.19399	0.32417	0.32346	0.999995	325	0	-0.19399
CAVIN1	4	0.30068	0.46408	0.999995	398	2	-0.11778	0.072236	0.072992	0.999995	70	1	-0.11778
IDH3G	4	0.30188	0.46519	0.999995	399	2	-0.13193	0.71134	0.71076	0.999995	691	0	-0.13193
NMT2	4	0.30628	0.46917	0.999995	400	2	-0.19995	0.42464	0.42291	0.999995	405	0	-0.19995
MAPK8IP3	4	0.30668	0.46955	0.999995	401	2	-0.14888	0.6648	0.66399	0.999995	638	0	-0.14888
FLNC	4	0.30789	0.47073	0.999995	402	2	-0.20673	0.88279	0.88288	0.999995	858	0	-0.20673
ELL2	4	0.30869	0.47134	0.999995	403	2	-0.1269	0.20645	0.20592	0.999995	210	0	-0.1269
EGFR	4	0.30909	0.47168	0.999995	404	2	-0.18678	0.60508	0.6045	0.999995	579	0	-0.18678
BAP1	4	0.3119	0.4742	0.999995	405	2	-0.10672	0.65948	0.65889	0.999995	632	0	-0.10672
CELA2A	4	0.31431	0.47672	0.999995	406	2	-0.21204	0.63151	0.63093	0.999995	599	0	-0.21204
PTF1A	4	0.31632	0.47847	0.999995	407	2	-0.16619	0.57725	0.57678	0.999995	551	0	-0.16619
TGFBR2	4	0.31753	0.47965	0.999995	408	2	-0.16796	0.83317	0.83364	0.999995	795	0	-0.16796
DHX29	3	0.31762	0.45561	0.999995	409	1	-0.097021	0.6553	0.65437	0.999995	628	0	-0.097021
STT3A	4	0.31954	0.48131	0.999995	410	2	-0.21763	0.26452	0.26325	0.999995	261	0	-0.21763
PRKAB2	4	0.32075	0.48256	0.999995	411	2	-0.2064	0.27328	0.27212	0.999995	267	0	-0.2064
ADSS	3	0.32083	0.4595	0.999995	412	1	-0.072496	0.47887	0.47692	0.999995	456	0	-0.072496
SLC32A1	4	0.32115	0.48287	0.999995	413	2	-0.15361	0.28912	0.28785	0.999995	284	0	-0.15361
RNF2	3	0.32515	0.46435	0.999995	414	2	-0.18713	0.70355	0.70403	0.999995	681	0	-0.18713
MAK	4	0.326	0.48741	0.999995	415	2	-0.057861	0.011484	0.015818	0.999995	12	1	-0.057861
PRDM13	4	0.32883	0.49008	0.999995	416	2	-0.12778	0.45919	0.45779	0.999995	435	0	-0.12778
GRHL3	4	0.33103	0.49209	0.999995	417	1	-0.14395	0.78916	0.78938	0.999995	762	0	-0.14395
MCPH1	4	0.33449	0.49535	0.999995	418	2	-0.1433	0.50043	0.49856	0.999995	478	0	-0.1433
CYP26C1	4	0.33579	0.49661	0.999995	419	2	-0.15257	0.04668	0.048837	0.999995	44	1	-0.15257
SMARCC2	4	0.33611	0.49689	0.999995	420	2	-0.17642	0.66884	0.66837	0.999995	641	0	-0.17642
SOAT1	4	0.3385	0.49906	0.999995	421	1	-0.11763	0.18609	0.18616	0.999995	190	0	-0.11763
ADAP2	4	0.34098	0.50117	0.999995	422	2	-0.18725	0.83509	0.83537	0.999995	798	0	-0.18725
H1FOO	4	0.34323	0.50326	0.999995	423	1	-0.12136	0.70511	0.70465	0.999995	682	0	-0.12136
HMGCS2	4	0.34423	0.50415	0.999995	424	2	-0.12994	0.532	0.5309	0.999995	506	0	-0.12994
RPA3	4	0.34545	0.50527	0.999995	425	2	-0.23735	0.62182	0.62137	0.999995	592	0	-0.23735
ZNF185	4	0.34708	0.50691	0.999995	426	2	-0.21995	0.86067	0.86078	0.999995	824	0	-0.21995
LIN28A	3	0.34885	0.49115	0.999995	427	2	-0.19203	0.68822	0.68866	0.999995	667	0	-0.19203
SPAG9	4	0.34952	0.50888	0.999995	428	2	-0.19767	0.94684	0.94628	0.999995	918	0	-0.19767
FSD1L	4	0.35074	0.50995	0.999995	429	2	-0.18295	0.83533	0.83561	0.999995	799	0	-0.18295
SEPHS1	3	0.35241	0.49533	0.999995	430	1	-0.18225	0.45244	0.45122	0.999995	429	0	-0.18225
SPDEF	4	0.35522	0.51364	0.999995	431	2	-0.12801	0.43131	0.42952	0.999995	410	0	-0.12801
ARPC5L	4	0.35604	0.51434	0.999995	432	2	-0.20694	0.86463	0.86483	0.999995	831	0	-0.20694
TMEM120A	4	0.35767	0.51586	0.999995	433	2	-0.14482	0.70806	0.70736	0.999995	685	0	-0.14482
SNRPN	4	0.36187	0.51988	0.999995	434	1	-0.035286	0.13263	0.13273	0.999995	134	0	-0.035286
TPST1	4	0.36298	0.52094	0.999995	435	2	-0.15605	0.75026	0.75035	0.999995	726	0	-0.15605
ASF1A	4	0.36385	0.52177	0.999995	436	2	-0.046013	0.063482	0.064613	0.999995	63	1	-0.046013
TFDP3	4	0.36706	0.5249	0.999995	437	2	-0.16575	0.82408	0.82484	0.999995	792	0	-0.16575
EPC2	4	0.36829	0.526	0.999995	438	2	-0.22761	0.75156	0.75172	0.999995	727	0	-0.22761
SAP30	4	0.36974	0.52742	0.999995	439	1	0.062174	0.065238	0.066276	0.999995	64	1	0.062174
LRBA	4	0.37278	0.53004	0.999995	440	2	-0.17435	0.051123	0.052667	0.999995	49	1	-0.17435
ESRP1	4	0.37401	0.53108	0.999995	441	2	-0.13069	0.70103	0.70087	0.999995	677	0	-0.13069
DNAJC19	3	0.37443	0.51224	0.999995	442	1	-0.043933	0.36015	0.35816	0.999995	356	0	-0.043933
TLN2	4	0.38138	0.53771	0.999995	443	2	-0.17217	0.26159	0.26055	0.999995	258	0	-0.17217
RNF38	4	0.38261	0.53894	0.999995	444	2	-0.24495	0.31449	0.31364	0.999995	311	0	-0.24495
TBR1	4	0.38507	0.54096	0.999995	445	2	-0.19276	0.40426	0.40223	0.999995	389	0	-0.19276
ZNF804B	4	0.38526	0.54113	0.999995	446	2	-0.057101	0.31866	0.31785	0.999995	317	0	-0.057101
BICD1	4	0.38588	0.54169	0.999995	447	2	-0.20738	0.89106	0.89086	0.999995	865	0	-0.20738
DDX39B	4	0.38629	0.54207	0.999995	448	2	-0.18587	0.87149	0.87157	0.999995	841	0	-0.18587
ZAP70	4	0.3867	0.54248	0.999995	449	2	-0.1108	0.45217	0.45096	0.999995	428	0	-0.1108
MTMR4	4	0.38782	0.54352	0.999995	450	1	-0.14066	0.51077	0.50901	0.999995	486	0	-0.14066
ZIC3	4	0.38793	0.54363	0.999995	451	2	-0.16543	0.70988	0.70935	0.999995	688	0	-0.16543
TUBB2B	2	0.38973	0.42332	0.999995	452	1	-0.1621	0.47917	0.47612	0.999995	457	0	-0.1621
HPS1	4	0.38998	0.5456	0.999995	453	2	-0.12129	0.67958	0.679	0.999995	654	0	-0.12129
PHLDA1	4	0.39164	0.54706	0.999995	454	1	-0.12376	0.95652	0.95632	0.999995	930	0	-0.12376
RBPJ	4	0.39326	0.54858	0.999995	455	2	-0.20007	0.034156	0.037021	0.999995	31	1	-0.20007
YBX3	4	0.39367	0.54906	0.999995	456	2	-0.11977	0.49049	0.48856	0.999995	468	0	-0.11977
PLXDC2	4	0.39408	0.54945	0.999995	457	2	-0.10881	0.17176	0.17149	0.999995	177	0	-0.10881
ZEB1	4	0.3949	0.55025	0.999995	458	2	-0.14601	0.21032	0.20974	0.999995	213	0	-0.14601
KIAA0319L	4	0.39734	0.55248	0.999995	459	2	-0.21654	0.94776	0.9472	0.999995	919	0	-0.21654
GRM4	4	0.39777	0.55291	0.999995	460	2	-0.15715	0.26306	0.26185	0.999995	259	0	-0.15715
MACF1	4	0.39859	0.5538	0.999995	461	2	-0.12543	0.027847	0.030847	0.999995	25	1	-0.12543
VRTN	4	0.40105	0.55608	0.999995	462	2	-0.18542	0.82105	0.82199	0.999995	789	0	-0.18542
IPO8	4	0.40433	0.55911	0.999995	463	2	-0.06946	0.36647	0.36542	0.999995	360	0	-0.06946
NET1	4	0.41048	0.5649	0.999995	464	2	-0.12139	0.55757	0.55708	0.999995	531	0	-0.12139
QSOX1	4	0.41089	0.56522	0.999995	465	2	-0.19976	0.85096	0.85154	0.999995	816	0	-0.19976
EFR3A	4	0.4113	0.56572	0.999995	466	2	-0.24217	0.92645	0.92576	0.999995	896	0	-0.24217
GLIS3	4	0.41235	0.56657	0.999995	467	1	-0.16417	0.90613	0.90482	0.999995	877	0	-0.16417
NHLRC1	4	0.41417	0.56862	0.999995	468	2	-0.068299	0.087837	0.088011	0.999995	83	1	-0.068299
EPHA2	4	0.4154	0.56978	0.999995	469	2	-0.15082	0.066115	0.067107	0.999995	65	1	-0.15082
ARFGEF1	4	0.41544	0.56982	0.999995	470	1	-0.11076	0.098128	0.098099	0.999995	95	1	-0.11076
VIM	4	0.41606	0.5703	0.999995	471	1	-0.15688	0.79875	0.79914	0.999995	772	0	-0.15688
ASCL1	4	0.41786	0.57223	0.999995	472	2	-0.14592	0.81978	0.82052	0.999995	787	0	-0.14592
LMBR1	4	0.41975	0.57393	0.999995	473	1	-0.012411	0.017872	0.021413	0.999995	18	1	-0.012411
PMM2	4	0.42155	0.57562	0.999995	474	2	-0.13788	0.20567	0.20521	0.999995	209	0	-0.13788
GBX1	4	0.42278	0.57682	0.999995	475	2	-0.18388	0.74168	0.74115	0.999995	720	0	-0.18388
IQCA1	4	0.4301	0.58379	0.999995	476	1	0.01964	0.23552	0.23491	0.999995	234	0	0.01964
GPR50	4	0.43192	0.58555	0.999995	477	1	-0.17054	0.79002	0.79035	0.999995	763	0	-0.17054
KRT37	4	0.43221	0.5858	0.999995	478	2	-0.16846	0.76833	0.76869	0.999995	741	0	-0.16846
AKAP11	4	0.43344	0.58716	0.999995	479	2	-0.12178	0.56305	0.56278	0.999995	535	0	-0.12178
CYFIP1	4	0.43589	0.58937	0.999995	480	2	-0.097619	0.35393	0.35322	0.999995	351	0	-0.097619
GPSM2	4	0.44211	0.59503	0.999995	481	1	-0.10499	0.33579	0.33518	0.999995	334	0	-0.10499
SAFB2	4	0.44244	0.59532	0.999995	482	2	-0.17774	0.6866	0.686	0.999995	664	0	-0.17774
TAP1	4	0.44285	0.59573	0.999995	483	2	-0.18646	0.11256	0.11283	0.999995	112	0	-0.18646
MANF	4	0.44367	0.59646	0.999995	484	2	-0.18039	0.55657	0.55594	0.999995	529	0	-0.18039
SERPINA12	8	0.44381	0.70065	0.999995	485	3	-0.13656	0.59195	0.59177	0.999995	565	0	-0.13656
TGM6	4	0.44408	0.59682	0.999995	486	2	-0.17849	0.83148	0.83207	0.999995	793	0	-0.17849
FMR1	4	0.44735	0.59977	0.999995	487	2	-0.14416	0.63887	0.63806	0.999995	606	0	-0.14416
CRYBB2	4	0.44857	0.60098	0.999995	488	2	-0.12393	0.58159	0.58115	0.999995	554	0	-0.12393
CRK	4	0.44923	0.60146	0.999995	489	2	-0.063651	0.10239	0.10271	0.999995	99	1	-0.063651
SYK	4	0.45266	0.60474	0.999995	490	2	-0.080308	0.25569	0.25479	0.999995	251	0	-0.080308
GDF15	4	0.45334	0.60537	0.999995	491	1	-0.050582	0.52518	0.52422	0.999995	496	0	-0.050582
SAMD9	4	0.4551	0.60677	0.999995	492	1	-0.01285	0.16291	0.16246	0.999995	167	0	-0.01285
AP2A1	4	0.45744	0.60883	0.999995	493	2	-0.11651	0.76617	0.76641	0.999995	737	0	-0.11651
IMPDH1	4	0.45837	0.60974	0.999995	494	2	-0.19711	0.78248	0.78301	0.999995	755	0	-0.19711
CAND2	4	0.45878	0.61006	0.999995	495	2	-0.14461	0.025134	0.02826	0.999995	24	1	-0.14461
APOBEC1	4	0.46041	0.61156	0.999995	496	2	-0.18835	0.48378	0.48188	0.999995	461	0	-0.18835
ERC2	4	0.46163	0.61277	0.999995	497	2	-0.14581	0.51721	0.51586	0.999995	490	0	-0.14581
STRADA	4	0.46326	0.61432	0.999995	498	2	-0.16323	0.9066	0.90514	0.999995	878	0	-0.16323
DMD	4	0.46367	0.61477	0.999995	499	2	-0.095882	0.57967	0.57925	0.999995	553	0	-0.095882
LARP1	4	0.4653	0.61618	0.999995	500	2	-0.12975	0.10494	0.10524	0.999995	101	1	-0.12975
CHSY3	4	0.46693	0.6176	0.999995	501	2	-0.16639	0.2505	0.24961	0.999995	244	0	-0.16639
AP1G1	4	0.46734	0.61807	0.999995	502	2	-0.18064	0.8705	0.87073	0.999995	839	0	-0.18064
ULK1	4	0.471	0.62125	0.999995	503	2	-0.15338	0.72735	0.72676	0.999995	705	0	-0.15338
ZFYVE19	4	0.47181	0.62192	0.999995	504	2	-0.1313	0.01605	0.019816	0.999995	15	1	-0.1313
ADM	4	0.47384	0.62358	0.999995	505	2	-0.14099	0.8377	0.83808	0.999995	802	0	-0.14099
AHCYL2	4	0.47425	0.62405	0.999995	506	2	-0.10933	0.11509	0.11503	0.999995	115	0	-0.10933
SLC9A3R2	4	0.4753	0.62512	0.999995	507	1	-0.11329	0.65202	0.65146	0.999995	623	0	-0.11329
FAM71B	4	0.47643	0.62606	0.999995	508	2	-0.14884	0.65076	0.65014	0.999995	622	0	-0.14884
FKBP9	4	0.477	0.62655	0.999995	509	1	-0.073506	0.61914	0.61841	0.999995	591	0	-0.073506
SCN10A	4	0.47709	0.62667	0.999995	510	2	-0.13871	0.43733	0.43575	0.999995	415	0	-0.13871
NRBP1	4	0.47993	0.62932	0.999995	511	2	-0.12014	0.19003	0.19037	0.999995	195	0	-0.12014
RTP1	4	0.48237	0.63142	0.999995	512	2	-0.14964	0.44982	0.4485	0.999995	426	0	-0.14964
CBLL1	4	0.48265	0.63171	0.999995	513	2	-0.17255	0.77952	0.77996	0.999995	751	0	-0.17255
ARHGEF7	4	0.48277	0.63181	0.999995	514	2	-0.19381	0.81824	0.81915	0.999995	784	0	-0.19381
FBLN1	4	0.48322	0.63223	0.999995	515	1	-0.086707	0.7315	0.73076	0.999995	711	0	-0.086707
PPP3R2	4	0.4848	0.63361	0.999995	516	2	-0.083013	0.19632	0.19632	0.999995	203	0	-0.083013
PLXDC1	8	0.48544	0.72725	0.999995	517	1	-0.093039	0.67591	0.67613	0.999995	649	0	-0.093039
ABCG2	4	0.48602	0.63472	0.999995	518	1	0.051788	0.13097	0.1309	0.999995	132	0	0.051788
DDX17	4	0.48804	0.63679	0.999995	519	2	-0.1414	0.41235	0.41048	0.999995	395	0	-0.1414
IRF8	4	0.48925	0.63797	0.999995	520	2	-0.13778	0.12515	0.12538	0.999995	126	0	-0.13778
PAPSS2	4	0.48937	0.63806	0.999995	521	1	-0.14515	0.67801	0.67734	0.999995	651	0	-0.14515
ABL2	4	0.48965	0.6383	0.999995	522	2	-0.19974	0.83793	0.83833	0.999995	803	0	-0.19974
DCAF4L2	4	0.49127	0.63958	0.999995	523	2	-0.17268	0.91474	0.91367	0.999995	887	0	-0.17268
CDC34	4	0.4916	0.63987	0.999995	524	1	0.045511	0.15318	0.1527	0.999995	155	0	0.045511
KIAA0319	4	0.49248	0.64076	0.999995	525	2	-0.085133	0.2579	0.25694	0.999995	254	0	-0.085133
JUP	4	0.49326	0.64154	0.999995	526	1	-0.065016	0.10324	0.10357	0.999995	100	1	-0.065016
CSTF2T	4	0.49329	0.64156	0.999995	527	2	-0.15465	0.54236	0.54095	0.999995	514	0	-0.15465
DUOX2	4	0.4937	0.64188	0.999995	528	2	-0.16728	0.52094	0.51978	0.999995	495	0	-0.16728
CRY1	4	0.49382	0.64196	0.999995	529	2	-0.18747	0.59205	0.59162	0.999995	566	0	-0.18747
TOMM20L	4	0.49437	0.64264	0.999995	530	2	-0.11839	0.23326	0.23269	0.999995	231	0	-0.11839
KLK12	4	0.4945	0.64279	0.999995	531	2	-0.14552	0.6893	0.68865	0.999995	668	0	-0.14552
CCNL2	4	0.49491	0.6432	0.999995	532	2	-0.13533	0.73933	0.73885	0.999995	718	0	-0.13533
NCKAP1	4	0.49571	0.64399	0.999995	533	2	-0.16192	0.82054	0.82139	0.999995	788	0	-0.16192
TBPL2	4	0.49733	0.6456	0.999995	534	2	-0.16815	0.21956	0.21896	0.999995	222	0	-0.16815
FKBP4	4	0.49894	0.64715	0.999995	535	2	-0.16966	0.35924	0.35828	0.999995	355	0	-0.16966
MEP1B	4	0.50096	0.64901	0.999995	536	2	-0.18269	0.77383	0.77441	0.999995	746	0	-0.18269
ERH	4	0.50136	0.64938	0.999995	537	2	-0.19559	0.37883	0.37775	0.999995	368	0	-0.19559
CASP4	4	0.50297	0.65095	0.999995	538	2	-0.088218	0.477	0.47498	0.999995	452	0	-0.088218
RBMXL2	4	0.50317	0.65116	0.999995	539	1	-0.10294	0.45099	0.44972	0.999995	427	0	-0.10294
KLF4	4	0.50337	0.65132	0.999995	540	2	-0.099547	0.55707	0.55657	0.999995	530	0	-0.099547
FLOT1	4	0.50418	0.65217	0.999995	541	2	-0.073615	0.17656	0.17615	0.999995	182	0	-0.073615
CTCFL	4	0.50458	0.65264	0.999995	542	2	-0.18251	0.93575	0.93509	0.999995	908	0	-0.18251
ZMAT2	4	0.50535	0.65343	0.999995	543	1	-0.084059	0.35127	0.35071	0.999995	348	0	-0.084059
DDX39A	4	0.50538	0.65347	0.999995	544	2	-0.12502	0.62448	0.62419	0.999995	595	0	-0.12502
ASF1B	8	0.50579	0.74014	0.999995	545	3	-0.078272	0.66402	0.66443	0.999995	637	0	-0.078272
PGLS	4	0.50619	0.65423	0.999995	546	2	-0.081504	0.39608	0.39448	0.999995	382	0	-0.081504
PDX1	4	0.50659	0.65458	0.999995	547	2	-0.17092	0.80505	0.80502	0.999995	777	0	-0.17092
SOX9	4	0.50698	0.65496	0.999995	548	1	-0.11241	0.93202	0.93119	0.999995	901	0	-0.11241
RECK	4	0.51131	0.65903	0.999995	549	1	-0.052342	0.23703	0.23645	0.999995	235	0	-0.052342
UNC119B	4	0.5114	0.65914	0.999995	550	2	-0.17818	0.96075	0.96048	0.999995	936	0	-0.17818
RNF130	4	0.51381	0.66138	0.999995	551	2	-0.064671	0.018782	0.022301	0.999995	19	1	-0.064671
ESRP2	4	0.514	0.66159	0.999995	552	1	-0.10433	0.67998	0.67943	0.999995	655	0	-0.10433
COPG2	4	0.51721	0.66454	0.999995	553	1	-0.015816	0.084387	0.084808	0.999995	81	1	-0.015816
YIF1B	4	0.51775	0.66508	0.999995	554	1	0.0034637	0.11171	0.11201	0.999995	111	1	0.0034637
FLOT2	4	0.52021	0.66726	0.999995	555	2	-0.1508	0.19866	0.19855	0.999995	205	0	-0.1508
ATOH1	4	0.52061	0.66767	0.999995	556	2	-0.19707	0.408	0.40602	0.999995	393	0	-0.19707
BTBD11	4	0.52141	0.66827	0.999995	557	2	-0.12209	0.49326	0.49114	0.999995	470	0	-0.12209
PTCH1	4	0.52181	0.66868	0.999995	558	2	-0.16157	0.57483	0.5746	0.999995	547	0	-0.16157
ATP6V1C2	8	0.5224	0.75071	0.999995	559	3	-0.14704	0.65248	0.65303	0.999995	625	0	-0.14704
PUM1	4	0.52261	0.66948	0.999995	560	2	-0.11698	0.23099	0.23045	0.999995	229	0	-0.11698
PUM2	4	0.52412	0.67092	0.999995	561	1	-0.013821	0.65535	0.65471	0.999995	629	0	-0.013821
COPS7A	4	0.525	0.67174	0.999995	562	2	-0.12635	0.67125	0.67071	0.999995	644	0	-0.12635
ERO1B	4	0.52676	0.67327	0.999995	563	1	-0.087428	0.51668	0.51533	0.999995	489	0	-0.087428
KCNT1	4	0.52739	0.67397	0.999995	564	2	-0.14175	0.8638	0.86395	0.999995	830	0	-0.14175
KRT25	4	0.52819	0.67468	0.999995	565	2	-0.19837	0.73866	0.73818	0.999995	717	0	-0.19837
NLRP8	4	0.52978	0.67618	0.999995	566	2	-0.1712	0.89706	0.89632	0.999995	872	0	-0.1712
STX4	4	0.53216	0.67827	0.999995	567	2	-0.083373	0.023323	0.026616	0.999995	22	1	-0.083373
KHSRP	4	0.53253	0.67853	0.999995	568	1	-0.093831	0.16372	0.16318	0.999995	168	0	-0.093831
DZIP3	4	0.53375	0.67957	0.999995	569	2	-0.071251	0.52623	0.52537	0.999995	499	0	-0.071251
SLC35F3	4	0.53409	0.67984	0.999995	570	1	-0.18295	0.044007	0.046343	0.999995	41	1	-0.18295
RPL6	1	0.53576	0.53551	0.999995	571	0	-0.11033	0.46424	0.46415	0.999995	438	0	-0.11033
MARCKS	4	0.53772	0.6825	0.999995	572	1	-0.080992	0.39482	0.39324	0.999995	381	0	-0.080992
GXYLT2	4	0.54133	0.68371	0.999995	573	1	-0.037973	0.56503	0.56487	0.999995	538	0	-0.037973
ISL1	4	0.5439	0.68471	0.999995	574	1	-0.042211	0.42586	0.42408	0.999995	407	0	-0.042211
RGS19	4	0.54441	0.68499	0.999995	575	1	-0.088104	0.3439	0.34345	0.999995	340	0	-0.088104
FSD1	4	0.54747	0.68631	0.999995	576	1	-0.10678	0.65243	0.65186	0.999995	624	0	-0.10678
GALR3	4	0.549	0.68689	0.999995	577	1	-0.14675	0.34993	0.34927	0.999995	346	0	-0.14675
RPS28	2	0.55108	0.55543	0.999995	578	1	-0.038314	0.12177	0.12146	0.999995	122	0	-0.038314
GSTP1	4	0.55153	0.68772	0.999995	579	1	-0.10966	0.64908	0.64825	0.999995	618	0	-0.10966
CDK8	4	0.55254	0.68813	0.999995	580	1	-0.0084923	0.44211	0.44063	0.999995	420	0	-0.0084923
PXDNL	4	0.55456	0.68896	0.999995	581	1	-0.058542	0.30822	0.30694	0.999995	305	0	-0.058542
PACS2	4	0.55556	0.68942	0.999995	582	1	0.036062	0.17496	0.17465	0.999995	180	0	0.036062
LSM14A	4	0.56404	0.69304	0.999995	583	1	0.020055	0.053782	0.055179	0.999995	53	1	0.020055
TIMP2	4	0.57434	0.69731	0.999995	584	1	-0.10538	0.11929	0.11927	0.999995	120	0	-0.10538
RNF44	4	0.57483	0.69747	0.999995	585	1	-0.129	0.86235	0.86252	0.999995	828	0	-0.129
KAT6B	4	0.57628	0.69801	0.999995	586	1	-0.015786	0.07049	0.071367	0.999995	69	1	-0.015786
ATP6V1E1	3	0.57647	0.62302	0.999995	587	1	-0.1265	0.83462	0.83525	0.999995	797	0	-0.1265
SBF2	3	0.57997	0.62519	0.999995	588	1	-0.044461	0.11086	0.11184	0.999995	109	0	-0.044461
IAPP	4	0.5878	0.70255	0.999995	589	1	-0.089946	0.4804	0.47829	0.999995	459	0	-0.089946
RALGPS1	4	0.59064	0.70373	0.999995	590	1	0.071292	0.20723	0.20652	0.999995	211	0	0.071292
RHOBTB2	4	0.59158	0.70414	0.999995	591	1	-0.046384	0.69954	0.69932	0.999995	676	0	-0.046384
ERO1A	4	0.59487	0.70535	0.999995	592	1	0.11245	0.10748	0.10793	0.999995	104	1	0.11245
GIT1	4	0.59534	0.70551	0.999995	593	1	-0.049076	0.70879	0.70813	0.999995	687	0	-0.049076
NSG1	4	0.59954	0.70728	0.999995	594	1	-0.11365	0.76148	0.76169	0.999995	733	0	-0.11365
ALAS1	8	0.6003	0.80074	0.999995	595	2	-0.12721	0.73293	0.73223	0.999995	712	0	-0.12721
NOX3	4	0.60046	0.70766	0.999995	596	1	-0.14217	0.57628	0.57584	0.999995	549	0	-0.14217
ERBB3	8	0.60397	0.80317	0.999995	597	2	-0.097104	0.77754	0.77667	0.999995	750	0	-0.097104
MBD3L1	4	0.60554	0.70988	0.999995	598	1	-0.12535	0.59581	0.59534	0.999995	569	0	-0.12535
IPO5	4	0.60646	0.71031	0.999995	599	1	-0.1417	0.79202	0.7924	0.999995	766	0	-0.1417
YAF2	4	0.61102	0.71215	0.999995	600	1	-0.12588	0.75447	0.75452	0.999995	730	0	-0.12588
RCBTB1	4	0.61284	0.71286	0.999995	601	1	-0.085115	0.50207	0.50034	0.999995	479	0	-0.085115
SOS2	4	0.61374	0.71328	0.999995	602	1	-0.094513	0.25495	0.25401	0.999995	249	0	-0.094513
GNB3	4	0.62536	0.71824	0.999995	603	1	-0.062258	0.25199	0.25095	0.999995	245	0	-0.062258
CNOT6	4	0.62669	0.71894	0.999995	604	1	-0.016749	0.39861	0.39688	0.999995	385	0	-0.016749
SS18	4	0.62801	0.71939	0.999995	605	1	-0.09588	0.57677	0.57631	0.999995	550	0	-0.09588
CRNN	4	0.63064	0.72047	0.999995	606	1	-0.036882	0.67245	0.67211	0.999995	645	0	-0.036882
SBF1	4	0.63107	0.7207	0.999995	607	1	-0.043266	0.53565	0.53456	0.999995	509	0	-0.043266
REG3A	4	0.63369	0.72172	0.999995	608	1	-0.086074	0.61011	0.60958	0.999995	584	0	-0.086074
TMEM9B	4	0.63456	0.72209	0.999995	609	1	-0.12279	0.64145	0.64065	0.999995	609	0	-0.12279
INTS6L	4	0.63629	0.72299	0.999995	610	1	-0.15982	0.42097	0.41918	0.999995	401	0	-0.15982
ZWILCH	4	0.63672	0.72319	0.999995	611	1	-0.051663	0.69159	0.69109	0.999995	671	0	-0.051663
AP3M1	4	0.63801	0.72377	0.999995	612	1	-0.086714	0.73561	0.73494	0.999995	714	0	-0.086714
XPR1	4	0.63973	0.72453	0.999995	613	1	-0.14692	0.89245	0.89206	0.999995	869	0	-0.14692
FZR1	4	0.64187	0.72548	0.999995	614	1	-0.061987	0.31796	0.31722	0.999995	316	0	-0.061987
RIMKLB	3	0.64221	0.6675	0.999995	615	1	-0.043043	0.64151	0.64074	0.999995	610	0	-0.043043
RSC1A1	4	0.64273	0.72593	0.999995	616	1	-0.084736	0.54747	0.54636	0.999995	519	0	-0.084736
KRT38	4	0.64315	0.72617	0.999995	617	1	-0.11265	0.87248	0.87264	0.999995	842	0	-0.11265
AP1G2	4	0.64485	0.7271	0.999995	618	1	-0.054086	0.61824	0.61752	0.999995	590	0	-0.054086
LIMK2	4	0.64613	0.7277	0.999995	619	1	-0.035245	0.42281	0.42111	0.999995	403	0	-0.035245
SMAP1	4	0.64697	0.72797	0.999995	620	1	-0.036747	0.4142	0.41239	0.999995	397	0	-0.036747
RCBTB2	4	0.65118	0.72984	0.999995	621	1	0.074669	0.0206	0.024038	0.999995	20	1	0.074669
NCK1	4	0.65327	0.73085	0.999995	622	1	-0.18681	0.056435	0.057561	0.999995	56	1	-0.18681
SLC22A8	4	0.65493	0.73155	0.999995	623	1	-0.16579	0.90344	0.90251	0.999995	875	0	-0.16579
SNX2	4	0.65618	0.73217	0.999995	624	1	-0.091309	0.66357	0.66275	0.999995	636	0	-0.091309
TBC1D26	2	0.65736	0.65635	0.999995	625	0	-0.077917	0.22247	0.22195	0.999995	224	0	-0.077917
LIMK1	4	0.65866	0.73307	0.999995	626	1	-0.13242	0.4586	0.45713	0.999995	434	0	-0.13242
ULK2	4	0.66317	0.73513	0.999995	627	1	-0.071596	0.52041	0.51917	0.999995	494	0	-0.071596
ABCC3	4	0.66642	0.73662	0.999995	628	1	-0.13078	0.88204	0.88229	0.999995	857	0	-0.13078
TRIM25	4	0.66965	0.73833	0.999995	629	1	-0.098638	0.55405	0.553	0.999995	526	0	-0.098638
ADARB2	4	0.67045	0.73872	0.999995	630	1	-0.1254	0.56552	0.56523	0.999995	539	0	-0.1254
PPP3CA	4	0.67085	0.73891	0.999995	631	1	-0.051966	0.39986	0.39814	0.999995	387	0	-0.051966
RNF103	4	0.67125	0.73907	0.999995	632	1	-0.11839	0.67683	0.67638	0.999995	650	0	-0.11839
NAPB	4	0.67205	0.73942	0.999995	633	1	-0.0094241	0.05201	0.053507	0.999995	50	1	-0.0094241
KCNMB3	4	0.67484	0.74078	0.999995	634	1	-0.093416	0.73595	0.73527	0.999995	715	0	-0.093416
CAPN2	4	0.6784	0.74256	0.999995	635	1	-0.087867	0.30752	0.30615	0.999995	304	0	-0.087867
RIC8B	4	0.68427	0.74539	0.999995	636	1	-0.12425	0.48993	0.48796	0.999995	467	0	-0.12425
SPATA16	4	0.68466	0.74554	0.999995	637	1	-0.11568	0.56156	0.56117	0.999995	533	0	-0.11568
PDLIM5	4	0.68699	0.74691	0.999995	638	1	-0.03592	0.65368	0.65315	0.999995	626	0	-0.03592
BECN2	4	0.69045	0.7487	0.999995	639	1	-0.043724	0.18846	0.18864	0.999995	193	0	-0.043724
S100A6	4	0.69236	0.74976	0.999995	640	1	0.035708	0.46729	0.46597	0.999995	441	0	0.035708
COX6B2	4	0.69577	0.75149	0.999995	641	1	-0.15883	0.23174	0.23121	0.999995	230	0	-0.15883
TEX45	4	0.69766	0.75241	0.999995	642	1	-0.030302	0.43252	0.43074	0.999995	412	0	-0.030302
EFR3B	4	0.69803	0.75263	0.999995	643	1	-0.14653	0.79116	0.79153	0.999995	765	0	-0.14653
SMARCA2	4	0.69916	0.75329	0.999995	644	1	-0.10868	0.87904	0.87935	0.999995	851	0	-0.10868
SLC25A24	4	0.69954	0.7535	0.999995	645	1	-0.10884	0.53305	0.53187	0.999995	507	0	-0.10884
MMD	4	0.70178	0.75476	0.999995	646	1	-0.12326	0.33171	0.33112	0.999995	331	0	-0.12326
NUMBL	4	0.70289	0.75529	0.999995	647	1	-0.051173	0.14665	0.14632	0.999995	148	0	-0.051173
DMXL1	4	0.704	0.7559	0.999995	648	1	-0.083698	0.70842	0.70782	0.999995	686	0	-0.083698
VPS26B	4	0.70437	0.75603	0.999995	649	1	-0.04069	0.3019	0.3006	0.999995	297	0	-0.04069
TSTD1	4	0.70474	0.75619	0.999995	650	1	-0.054026	0.49658	0.49463	0.999995	473	0	-0.054026
APOBEC3C	4	0.70659	0.75704	0.999995	651	1	-0.043011	0.49988	0.49787	0.999995	477	0	-0.043011
L3MBTL2	4	0.70842	0.75793	0.999995	652	1	-0.043847	0.4551	0.45385	0.999995	430	0	-0.043847
SEC23B	4	0.70915	0.75834	0.999995	653	1	-0.053629	0.71568	0.71497	0.999995	694	0	-0.053629
DYNLT3	4	0.7117	0.75963	0.999995	654	1	-0.054336	0.26745	0.26622	0.999995	264	0	-0.054336
STRIP2	4	0.71243	0.76001	0.999995	655	1	0.070692	0.18213	0.18199	0.999995	188	0	0.070692
FAM50B	4	0.71279	0.76018	0.999995	656	1	-0.086421	0.25273	0.25176	0.999995	246	0	-0.086421
RBBP7	4	0.71315	0.76034	0.999995	657	1	-0.13863	0.28555	0.2843	0.999995	279	0	-0.13863
TOB2	4	0.71388	0.76075	0.999995	658	1	0.023587	0.27473	0.27361	0.999995	268	0	0.023587
SNX6	4	0.71604	0.76174	0.999995	659	1	-0.062393	0.55506	0.55411	0.999995	527	0	-0.062393
HRH3	4	0.71711	0.76236	0.999995	660	1	-0.10037	0.42646	0.42459	0.999995	408	0	-0.10037
MPC1	4	0.71854	0.76317	0.999995	661	1	-0.10128	0.77413	0.77476	0.999995	747	0	-0.10128
KCNT2	4	0.72209	0.7652	0.999995	662	1	0.0070465	0.19082	0.19112	0.999995	196	0	0.0070465
PPP3R1	4	0.7249	0.76679	0.999995	663	1	-0.089427	0.21341	0.21267	0.999995	216	0	-0.089427
IDH2	4	0.72804	0.76835	0.999995	664	1	-0.12178	0.68505	0.68441	0.999995	663	0	-0.12178
CADPS	4	0.72839	0.76853	0.999995	665	1	-0.11606	0.71604	0.71521	0.999995	695	0	-0.11606
SLC22A13	4	0.72909	0.76884	0.999995	666	1	-0.13153	0.79653	0.79699	0.999995	770	0	-0.13153
HTR3D	4	0.73322	0.77097	0.999995	667	1	-0.11573	0.68233	0.68173	0.999995	659	0	-0.11573
TSPO2	4	0.73356	0.77123	0.999995	668	1	-0.0016424	0.079194	0.079698	0.999995	77	1	-0.0016424
CTNNB1	4	0.73459	0.77195	0.999995	669	1	-0.10723	0.0069025	0.011428	0.999995	9	1	-0.10723
XPO7	4	0.73561	0.77252	0.999995	670	1	-0.010302	0.31171	0.31058	0.999995	307	0	-0.010302
G6PC	4	0.73697	0.7733	0.999995	671	1	-0.14083	0.74468	0.74424	0.999995	722	0	-0.14083
STAM	4	0.73731	0.77354	0.999995	672	1	-0.11763	0.091277	0.091449	0.999995	87	1	-0.11763
FKBP5	4	0.73933	0.77472	0.999995	673	1	-0.084617	0.29198	0.29076	0.999995	288	0	-0.084617
ATP6V1B1	4	0.74135	0.77582	0.999995	674	1	-0.092734	0.7189	0.71815	0.999995	698	0	-0.092734
SIX6	4	0.74301	0.77676	0.999995	675	1	-0.016613	0.33307	0.33255	0.999995	333	0	-0.016613
CD44	4	0.74368	0.77717	0.999995	676	1	-0.24663	0.62359	0.62322	0.999995	594	0	-0.24663
CCNL1	4	0.74401	0.77736	0.999995	677	1	-0.1553	0.11002	0.11016	0.999995	108	1	-0.1553
HTR2C	4	0.74501	0.77804	0.999995	678	1	-0.048726	0.073979	0.074608	0.999995	72	1	-0.048726
ARPC5	4	0.74534	0.77824	0.999995	679	1	-0.0659	0.22491	0.22436	0.999995	226	0	-0.0659
PHLDA3	4	0.74765	0.77982	0.999995	680	1	-0.039679	0.62315	0.62281	0.999995	593	0	-0.039679
NBEAL2	4	0.74961	0.78105	0.999995	681	1	-0.047925	0.68427	0.68357	0.999995	661	0	-0.047925
NBEAL1	4	0.75189	0.78244	0.999995	682	1	0.043396	0.21802	0.21732	0.999995	220	0	0.043396
SLC25A2	4	0.75221	0.78259	0.999995	683	1	-0.14874	0.3859	0.38462	0.999995	374	0	-0.14874
TREM2	4	0.75351	0.78342	0.999995	684	1	-0.048893	0.15562	0.15528	0.999995	158	0	-0.048893
FNIP2	4	0.75383	0.78358	0.999995	685	1	-0.0087709	0.50317	0.50145	0.999995	481	0	-0.0087709
ERN1	4	0.75447	0.78391	0.999995	686	1	-0.04645	0.43613	0.43453	0.999995	414	0	-0.04645
GRHL2	4	0.75544	0.78449	0.999995	687	1	-0.10422	0.60416	0.60355	0.999995	578	0	-0.10422
GRIP1	4	0.75608	0.78482	0.999995	688	1	-0.16776	0.8687	0.86895	0.999995	836	0	-0.16776
ZNF146	4	0.758	0.78598	0.999995	689	1	0.0040349	0.11424	0.11437	0.999995	114	0	0.0040349
DMP1	4	0.75863	0.78646	0.999995	690	1	-0.13503	0.25938	0.25833	0.999995	255	0	-0.13503
JAG2	4	0.75958	0.78713	0.999995	691	1	-0.073623	0.3891	0.38772	0.999995	377	0	-0.073623
CWF19L1	4	0.76053	0.78768	0.999995	692	1	-0.10715	0.68115	0.68049	0.999995	657	0	-0.10715
ACACB	4	0.76274	0.78906	0.999995	693	1	-0.11139	0.55052	0.5493	0.999995	524	0	-0.11139
HACD1	4	0.76305	0.78926	0.999995	694	1	-0.12576	0.055551	0.056814	0.999995	55	1	-0.12576
RPL15	2	0.76387	0.76196	0.999995	695	0	-0.076993	0.4556	0.45311	0.999995	431	0	-0.076993
STAM2	4	0.7643	0.79005	0.999995	696	1	0.11673	0.19318	0.19338	0.999995	199	0	0.11673
CDS1	4	0.76461	0.7902	0.999995	697	1	-0.01702	0.27545	0.27422	0.999995	269	0	-0.01702
SLCO2B1	4	0.76555	0.79078	0.999995	698	1	0.011183	0.16211	0.16165	0.999995	166	0	0.011183
DYNLT1	4	0.76617	0.7911	0.999995	699	1	-0.066876	0.3228	0.32208	0.999995	323	0	-0.066876
CD163L1	4	0.76741	0.792	0.999995	700	1	0.018628	0.15155	0.15123	0.999995	153	0	0.018628
GMPR	4	0.76833	0.7926	0.999995	701	1	-0.00058402	0.16533	0.16484	0.999995	170	0	-0.00058402
PXDN	4	0.76864	0.79286	0.999995	702	1	-0.11835	0.17895	0.17864	0.999995	185	0	-0.11835
KIT	8	0.76948	0.89008	0.999995	703	2	-0.097826	0.16007	0.16113	0.999995	163	1	-0.097826
FNIP1	4	0.77048	0.7939	0.999995	704	1	-0.021717	0.067867	0.068798	0.999995	67	1	-0.021717
CRX	4	0.7717	0.79476	0.999995	705	1	0.024152	0.2769	0.27584	0.999995	271	0	0.024152
MED12L	4	0.77353	0.79604	0.999995	706	1	-0.062272	0.37495	0.37374	0.999995	365	0	-0.062272
RRAGD	4	0.77383	0.79625	0.999995	707	1	-0.063135	0.47587	0.47393	0.999995	450	0	-0.063135
CAV1	4	0.77564	0.79727	0.999995	708	1	-0.071156	0.17974	0.17941	0.999995	186	0	-0.071156
GSX2	4	0.77684	0.79807	0.999995	709	1	-0.14449	0.77443	0.77508	0.999995	748	0	-0.14449
LIN28B	4	0.77744	0.79848	0.999995	710	1	-0.18914	0.31727	0.31664	0.999995	315	0	-0.18914
TTC7A	8	0.77777	0.89355	0.999995	711	2	-0.13756	0.87862	0.87807	0.999995	849	0	-0.13756
ANKRD37	4	0.77893	0.79945	0.999995	712	1	-0.036676	0.36187	0.36065	0.999995	358	0	-0.036676
DEGS2	4	0.77982	0.80007	0.999995	713	1	-0.088767	0.6784	0.67776	0.999995	652	0	-0.088767
RNF125	4	0.78041	0.80042	0.999995	714	1	-0.1046	0.033256	0.036134	0.999995	30	1	-0.1046
ITSN1	4	0.78071	0.8006	0.999995	715	1	-0.054192	0.69388	0.69334	0.999995	673	0	-0.054192
LBX1	4	0.78159	0.8013	0.999995	716	1	-0.08782	0.25421	0.25318	0.999995	248	0	-0.08782
KRTAP10-10	4	0.78277	0.80199	0.999995	717	1	-0.066098	0.54645	0.5453	0.999995	518	0	-0.066098
APH1B	4	0.78424	0.80306	0.999995	718	1	-0.064095	0.28483	0.28355	0.999995	278	0	-0.064095
FEZ1	4	0.78482	0.80332	0.999995	719	1	-0.06837	0.34793	0.34731	0.999995	344	0	-0.06837
FOXK2	4	0.78656	0.80434	0.999995	720	1	-0.15101	0.88315	0.88322	0.999995	859	0	-0.15101
ADGRG7	4	0.78945	0.80614	0.999995	721	1	-0.04804	0.53409	0.53286	0.999995	508	0	-0.04804
PCBD2	4	0.79002	0.80667	0.999995	722	1	0.058403	0.049348	0.05134	0.999995	47	1	0.058403
GMPR2	4	0.79031	0.80683	0.999995	723	1	-0.010182	0.52676	0.52589	0.999995	500	0	-0.010182
TTC23	4	0.79145	0.80758	0.999995	724	1	-0.11367	0.73493	0.73434	0.999995	713	0	-0.11367
HACD2	4	0.79173	0.80775	0.999995	725	1	-0.092722	0.59158	0.59118	0.999995	564	0	-0.092722
TMEM30B	4	0.79202	0.80795	0.999995	726	1	-0.13405	0.40676	0.4049	0.999995	391	0	-0.13405
ACTL7A	4	0.79428	0.80955	0.999995	727	1	-0.16487	0.87695	0.87733	0.999995	847	0	-0.16487
PTPN21	4	0.79708	0.81147	0.999995	728	1	-0.1506	0.86708	0.86734	0.999995	835	0	-0.1506
TIMM23B	4	0.79764	0.8119	0.999995	729	1	-0.03414	0.34926	0.3487	0.999995	345	0	-0.03414
MRPL55	4	0.79931	0.81284	0.999995	730	1	-0.078951	0.12765	0.12771	0.999995	129	0	-0.078951
RPL27A	2	0.79962	0.79752	0.999995	731	0	-0.073446	0.52538	0.52252	0.999995	497	0	-0.073446
AIPL1	4	0.79986	0.81315	0.999995	732	1	-0.17949	0.88462	0.88452	0.999995	860	0	-0.17949
TRAPPC3L	4	0.80013	0.81334	0.999995	733	1	0.067353	0.30471	0.30335	0.999995	301	0	0.067353
ZNF284	4	0.80124	0.81405	0.999995	734	1	0.0043761	0.4787	0.47654	0.999995	455	0	0.0043761
DCAF8L1	4	0.80288	0.81519	0.999995	735	1	-0.0090708	0.19553	0.19566	0.999995	202	0	-0.0090708
AOX1	4	0.80342	0.81562	0.999995	736	1	-0.15341	0.64992	0.64912	0.999995	619	0	-0.15341
TMEM185B	4	0.80532	0.81702	0.999995	737	1	-0.031333	0.29482	0.29362	0.999995	291	0	-0.031333
NKAPL	4	0.80559	0.8172	0.999995	738	1	-0.020455	0.19397	0.19405	0.999995	200	0	-0.020455
IDH1	4	0.80721	0.81851	0.999995	739	1	0.13705	0.0028271	0.0057958	0.999995	6	2	0.13705
PMM1	4	0.80748	0.8188	0.999995	740	1	0.0053746	0.56404	0.5638	0.999995	537	0	0.0053746
TANK	4	0.80855	0.81972	0.999995	741	1	-0.12369	0.1971	0.19716	0.999995	204	0	-0.12369
LMBR1L	4	0.80882	0.81997	0.999995	742	1	-0.13172	0.70252	0.70227	0.999995	679	0	-0.13172
GYS1	4	0.80988	0.82074	0.999995	743	1	-0.054797	0.47757	0.47553	0.999995	453	0	-0.054797
LARP1B	4	0.81041	0.82116	0.999995	744	1	-0.14099	0.77982	0.78031	0.999995	752	0	-0.14099
LRFN1	4	0.81121	0.82166	0.999995	745	1	-0.11145	0.47643	0.47443	0.999995	451	0	-0.11145
TPBGL	4	0.81279	0.82295	0.999995	746	1	-0.043122	0.567	0.56674	0.999995	540	0	-0.043122
RAP1GAP	4	0.81305	0.82318	0.999995	747	1	-0.10504	0.41359	0.41164	0.999995	396	0	-0.10504
CLTA	4	0.81357	0.82354	0.999995	748	1	-0.041969	0.63844	0.63771	0.999995	605	0	-0.041969
ARSJ	4	0.81488	0.82454	0.999995	749	1	-0.13568	0.45802	0.45651	0.999995	433	0	-0.13568
GPR151	4	0.81566	0.8251	0.999995	750	1	0.0058301	0.12598	0.12621	0.999995	127	0	0.0058301
DNAJC15	4	0.81618	0.82553	0.999995	751	1	-0.071503	0.46901	0.46752	0.999995	445	0	-0.071503
CAT	4	0.81669	0.82588	0.999995	752	1	-0.077258	0.30682	0.30532	0.999995	303	0	-0.077258
TMEM9	4	0.81747	0.82647	0.999995	753	1	-0.025559	0.090418	0.090655	0.999995	86	1	-0.025559
SERPINA11	4	0.81773	0.82669	0.999995	754	1	-0.046626	0.19161	0.19178	0.999995	197	0	-0.046626
GALNT5	4	0.81824	0.82707	0.999995	755	1	-0.19321	0.83365	0.83404	0.999995	796	0	-0.19321
SOHLH1	4	0.81875	0.82736	0.999995	756	1	-0.10276	0.5878	0.58721	0.999995	560	0	-0.10276
SLITRK1	4	0.81952	0.82781	0.999995	757	1	-0.074357	0.50262	0.50078	0.999995	480	0	-0.074357
CAP2	4	0.81978	0.82805	0.999995	758	1	-0.071243	0.79569	0.79589	0.999995	769	0	-0.071243
CYFIP2	4	0.82105	0.82918	0.999995	759	1	-0.093357	0.6092	0.60853	0.999995	583	0	-0.093357
TIRAP	4	0.82156	0.82949	0.999995	760	1	-0.023956	0.37105	0.37	0.999995	363	0	-0.023956
PTTG1	3	0.82266	0.82256	0.999995	761	0	-0.15562	0.87672	0.87694	0.999995	846	0	-0.15562
PTCH2	4	0.82358	0.83104	0.999995	762	1	-0.10064	0.70622	0.70566	0.999995	683	0	-0.10064
CHM	4	0.82383	0.83127	0.999995	763	1	0.033026	0.13842	0.13832	0.999995	142	0	0.033026
DST	4	0.82458	0.83181	0.999995	764	1	-0.043771	0.38846	0.38699	0.999995	376	0	-0.043771
FOSL1	3	0.82462	0.82481	0.999995	765	0	-0.06108	0.63836	0.63769	0.999995	604	0	-0.06108
YIPF5	4	0.82607	0.83282	0.999995	766	1	0.0013541	0.10918	0.10949	0.999995	107	1	0.0013541
EPC1	4	0.82632	0.83302	0.999995	767	1	0.02213	0.061724	0.062698	0.999995	61	1	0.02213
SEC31B	4	0.82756	0.8339	0.999995	768	1	-0.057063	0.57044	0.57024	0.999995	543	0	-0.057063
ALG14	4	0.83002	0.83576	0.999995	769	1	-0.11044	0.86172	0.86183	0.999995	825	0	-0.11044
SLC17A2	4	0.83026	0.83598	0.999995	770	1	-0.11539	0.84693	0.84766	0.999995	812	0	-0.11539
AQP8	4	0.83172	0.83718	0.999995	771	1	-0.0046586	0.030555	0.033378	0.999995	27	1	-0.0046586
GYS2	4	0.83245	0.83775	0.999995	772	1	-0.019322	0.3546	0.35377	0.999995	352	0	-0.019322
CLTCL1	4	0.83293	0.83802	0.999995	773	1	-0.041692	0.72209	0.72139	0.999995	701	0	-0.041692
SLC25A15	4	0.83341	0.8384	0.999995	774	1	-0.093412	0.76492	0.76504	0.999995	735	0	-0.093412
BRSK1	4	0.83365	0.83855	0.999995	775	1	-0.12301	0.57531	0.57495	0.999995	548	0	-0.12301
GLT6D1	4	0.83413	0.83895	0.999995	776	1	-0.088052	0.45977	0.45831	0.999995	436	0	-0.088052
CLASP2	4	0.83485	0.83949	0.999995	777	1	-0.072633	0.62976	0.6294	0.999995	597	0	-0.072633
ITSN2	4	0.83509	0.83963	0.999995	778	1	-0.039649	0.13014	0.13017	0.999995	131	0	-0.039649
HEATR5B	4	0.83793	0.84199	0.999995	779	1	-0.037937	0.47814	0.47598	0.999995	454	0	-0.037937
PLAU	4	0.83864	0.84265	0.999995	780	1	-0.1073	0.54594	0.54469	0.999995	517	0	-0.1073
LNX2	4	0.83888	0.84283	0.999995	781	1	0.0025483	0.23401	0.23346	0.999995	232	0	0.0025483
SAMD4B	4	0.83981	0.84363	0.999995	782	1	-0.15322	0.48602	0.48398	0.999995	464	0	-0.15322
PIP4P2	4	0.84051	0.8441	0.999995	783	1	-0.060324	0.41111	0.40931	0.999995	394	0	-0.060324
EFNB1	4	0.84098	0.8445	0.999995	784	1	-0.10958	0.72804	0.72748	0.999995	707	0	-0.10958
MTA3	4	0.84121	0.84471	0.999995	785	1	-0.050812	0.28123	0.27994	0.999995	277	0	-0.050812
ARID1B	4	0.84144	0.84491	0.999995	786	1	-0.12381	0.83864	0.83917	0.999995	804	0	-0.12381
CSTF2	4	0.84237	0.84575	0.999995	787	1	-0.15501	0.9044	0.90334	0.999995	876	0	-0.15501
CHMP1B	4	0.84489	0.84794	0.999995	788	1	-0.1777	0.92826	0.92742	0.999995	899	0	-0.1777
MYBPH	4	0.84625	0.849	0.999995	789	1	-0.12653	0.91298	0.9119	0.999995	885	0	-0.12653
IKBKE	4	0.84648	0.84921	0.999995	790	1	-0.065786	0.53927	0.53822	0.999995	510	0	-0.065786
SPTAN1	4	0.84716	0.84986	0.999995	791	1	-0.055945	0.15643	0.1559	0.999995	159	0	-0.055945
FOXA1	4	0.84851	0.85102	0.999995	792	1	-0.016629	0.63456	0.63385	0.999995	601	0	-0.016629
ATM	4	0.84873	0.85121	0.999995	793	1	-0.10442	0.044898	0.04709	0.999995	42	1	-0.10442
RBPJL	4	0.84962	0.85202	0.999995	794	1	-0.13502	0.7813	0.78173	0.999995	754	0	-0.13502
STX17	4	0.85029	0.85258	0.999995	795	1	-0.019214	0.13429	0.13451	0.999995	136	0	-0.019214
GBP3	4	0.85096	0.85312	0.999995	796	1	-0.092041	0.86545	0.86561	0.999995	832	0	-0.092041
MPC1L	4	0.8514	0.85343	0.999995	797	1	0.097758	0.12431	0.12453	0.999995	125	0	0.097758
DDI1	8	0.85185	0.92615	0.999995	798	2	-0.050039	0.43936	0.43972	0.999995	417	0	-0.050039
CAB39L	4	0.85447	0.85613	0.999995	799	1	-0.10307	0.39671	0.39504	0.999995	383	0	-0.10307
SLC25A25	4	0.85512	0.8567	0.999995	800	1	-0.18205	0.69198	0.69155	0.999995	672	0	-0.18205
CALY	4	0.85555	0.85703	0.999995	801	1	-0.13344	0.81357	0.81439	0.999995	779	0	-0.13344
DBT	4	0.85598	0.85742	0.999995	802	1	0.0071222	0.14172	0.14184	0.999995	145	0	0.0071222
NCK2	4	0.85727	0.85848	0.999995	803	1	-0.14753	0.36974	0.36888	0.999995	362	0	-0.14753
HRH1	4	0.85791	0.85901	0.999995	804	1	-0.036465	0.3756	0.37438	0.999995	366	0	-0.036465
MAP4K4	4	0.85962	0.86059	0.999995	805	1	0.034215	0.32692	0.32651	0.999995	327	0	0.034215
PCDH1	4	0.8613	0.86199	0.999995	806	1	-0.064728	0.17016	0.17005	0.999995	175	0	-0.064728
LNX1	4	0.86151	0.86221	0.999995	807	1	-0.010564	0.47188	0.47011	0.999995	447	0	-0.010564
PPP3CC	4	0.86297	0.86355	0.999995	808	1	-0.082861	0.56056	0.56017	0.999995	532	0	-0.082861
EXOC6B	4	0.86586	0.86636	0.999995	809	1	-0.027163	0.51131	0.50962	0.999995	487	0	-0.027163
LATS2	4	0.86606	0.86654	0.999995	810	1	-0.078723	0.33985	0.33953	0.999995	338	0	-0.078723
PDCD4	4	0.86667	0.86715	0.999995	811	1	-0.035929	0.082659	0.082996	0.999995	80	1	-0.035929
TBC1D4	4	0.86708	0.86759	0.999995	812	1	-0.071122	0.46786	0.46649	0.999995	443	0	-0.071122
GSX1	4	0.86789	0.86831	0.999995	813	1	-0.016364	0.51828	0.517	0.999995	491	0	-0.016364
TPBG	4	0.8697	0.86996	0.999995	814	1	-0.10985	0.65034	0.64969	0.999995	621	0	-0.10985
GRIP2	4	0.8703	0.87062	0.999995	815	1	-0.11082	0.76772	0.7681	0.999995	740	0	-0.11082
TOP2B	4	0.8709	0.8711	0.999995	816	1	-0.13452	0.67564	0.67525	0.999995	648	0	-0.13452
PTPN14	4	0.8711	0.87131	0.999995	817	1	-0.038535	0.024229	0.027485	0.999995	23	1	-0.038535
HUS1B	4	0.87189	0.87209	0.999995	818	1	-0.1221	0.86647	0.86665	0.999995	834	0	-0.1221
EPHA3	4	0.87228	0.87247	0.999995	819	1	-0.037106	0.23477	0.23426	0.999995	233	0	-0.037106
SMARCA1	4	0.87268	0.87289	0.999995	820	1	-0.0072002	0.31935	0.31857	0.999995	318	0	-0.0072002
TRPM1	4	0.87366	0.87391	0.999995	821	1	-0.16412	0.93239	0.93157	0.999995	902	0	-0.16412
JAG1	4	0.87385	0.87409	0.999995	822	1	-0.016419	0.31031	0.30902	0.999995	306	0	-0.016419
PDGFD	4	0.87424	0.87446	0.999995	823	1	-0.00078	0.10833	0.10878	0.999995	106	1	-0.00078
ZDHHC13	4	0.87463	0.87492	0.999995	824	1	0.021966	0.1491	0.14888	0.999995	151	0	0.021966
IQCA1L	4	0.87502	0.87536	0.999995	825	1	-0.12495	0.60324	0.60271	0.999995	577	0	-0.12495
UBQLN3	4	0.87541	0.87575	0.999995	826	1	-0.084702	0.73081	0.73005	0.999995	709	0	-0.084702
FXR1	4	0.87618	0.87666	0.999995	827	0	-0.0293	0.64613	0.64571	0.999995	615	0	-0.0293
BATF3	4	0.87752	0.87794	0.999995	828	0	-0.051266	0.60231	0.60161	0.999995	576	0	-0.051266
DRD3	4	0.87771	0.87807	0.999995	829	0	-0.045355	0.47302	0.47119	0.999995	448	0	-0.045355
HMGCL	4	0.8779	0.87825	0.999995	830	0	0.0078298	0.32349	0.32277	0.999995	324	0	0.0078298
ABL1	4	0.8781	0.87851	0.999995	831	0	-0.046699	0.10579	0.10629	0.999995	102	1	-0.046699
G3BP2	4	0.87829	0.87864	0.999995	832	0	-0.054647	0.32966	0.32918	0.999995	330	0	-0.054647
GPSM1	4	0.87885	0.87918	0.999995	833	0	-0.062091	0.5048	0.50319	0.999995	484	0	-0.062091
SLC10A2	4	0.87923	0.87958	0.999995	834	0	-0.11507	0.24528	0.2445	0.999995	240	0	-0.11507
DUOX1	4	0.87942	0.87978	0.999995	835	0	-0.10672	0.39797	0.39619	0.999995	384	0	-0.10672
TRPC7	4	0.87961	0.87993	0.999995	836	0	-0.12544	0.059963	0.061092	0.999995	60	1	-0.12544
AP5M1	4	0.88055	0.88092	0.999995	837	0	-0.087296	0.53979	0.53867	0.999995	511	0	-0.087296
GOLPH3L	4	0.88111	0.88166	0.999995	838	0	-0.06436	0.097274	0.097184	0.999995	94	1	-0.06436
PHLDA2	4	0.88149	0.88189	0.999995	839	0	-0.059343	0.44805	0.44688	0.999995	424	0	-0.059343
TNKS	4	0.88241	0.88255	0.999995	840	0	-0.10167	0.5495	0.54835	0.999995	522	0	-0.10167
CHRNB3	4	0.88352	0.88362	0.999995	841	0	-0.10942	0.6457	0.64537	0.999995	614	0	-0.10942
CCT6B	4	0.88371	0.88372	0.999995	842	0	-0.10897	0.62932	0.6289	0.999995	596	0	-0.10897
CNOT8	3	0.88411	0.88444	0.999995	843	0	-0.048124	0.21232	0.21135	0.999995	214	0	-0.048124
EAF2	4	0.88426	0.88425	0.999995	844	0	-0.047837	0.31588	0.31505	0.999995	313	0	-0.047837
TAS1R2	4	0.88481	0.88466	0.999995	845	0	-0.093743	0.059082	0.060205	0.999995	59	1	-0.093743
SPTA1	4	0.88553	0.88545	0.999995	846	0	-0.042345	0.3131	0.31212	0.999995	309	0	-0.042345
TANC2	3	0.88656	0.88669	0.999995	847	0	-0.097099	0.64776	0.6467	0.999995	616	0	-0.097099
SIRPA	3	0.88689	0.88697	0.999995	848	0	0.078111	0.016175	0.017602	0.999995	16	1	0.078111
PDGFC	4	0.88788	0.88788	0.999995	849	0	-0.093745	0.77201	0.77248	0.999995	744	0	-0.093745
CDK16	4	0.89036	0.89018	0.999995	850	0	-0.052894	0.17336	0.1733	0.999995	179	0	-0.052894
SEC11C	4	0.89123	0.89101	0.999995	851	0	-0.052048	0.38141	0.38039	0.999995	371	0	-0.052048
CLTB	4	0.89141	0.89108	0.999995	852	0	-0.067859	0.20101	0.20062	0.999995	206	0	-0.067859
ARHGEF6	4	0.89228	0.89187	0.999995	853	0	-0.053278	0.29126	0.29012	0.999995	287	0	-0.053278
SUV39H2	3	0.89277	0.89255	0.999995	854	0	-0.10384	0.49965	0.49744	0.999995	476	0	-0.10384
SS18L1	4	0.89297	0.89263	0.999995	855	0	-0.11278	0.79931	0.79962	0.999995	773	0	-0.11278
ATAD2	4	0.894	0.89354	0.999995	856	0	-0.045811	0.49104	0.48901	0.999995	469	0	-0.045811
AXL	4	0.89469	0.89417	0.999995	857	0	-0.056032	0.21418	0.21348	0.999995	217	0	-0.056032
AMELX	4	0.89503	0.89444	0.999995	858	0	-0.080161	0.048459	0.050574	0.999995	46	1	-0.080161
SRI	4	0.89605	0.89533	0.999995	859	0	-0.029766	0.031456	0.0342	0.999995	28	1	-0.029766
FAM71A	4	0.89672	0.89603	0.999995	860	0	-0.11129	0.81901	0.81982	0.999995	786	0	-0.11129
RANBP6	3	0.89754	0.89715	0.999995	861	0	-0.073691	0.58922	0.58809	0.999995	563	0	-0.073691
CTPS2	4	0.89772	0.89697	0.999995	862	0	-0.14405	0.4877	0.48563	0.999995	465	0	-0.14405
TREML4	3	0.89845	0.89796	0.999995	863	0	0.027311	0.28879	0.28696	0.999995	283	0	0.027311
KRT74	4	0.90102	0.90028	0.999995	864	0	0.051035	0.27762	0.27655	0.999995	272	0	0.051035
FRYL	4	0.90199	0.90113	0.999995	865	0	-0.12083	0.68814	0.68752	0.999995	666	0	-0.12083
IL10RA	4	0.90248	0.9016	0.999995	866	0	-0.021583	0.11845	0.11838	0.999995	119	0	-0.021583
SPHKAP	4	0.90296	0.90208	0.999995	867	0	-0.04824	0.51935	0.51807	0.999995	493	0	-0.04824
RPRD1A	4	0.90328	0.90241	0.999995	868	0	-0.0038619	0.10154	0.10179	0.999995	98	1	-0.0038619
CD72	4	0.90613	0.90482	0.999995	869	0	-0.10556	0.42525	0.42353	0.999995	406	0	-0.10556
LHFPL5	4	0.90629	0.90494	0.999995	870	0	-0.067773	0.42158	0.4197	0.999995	402	0	-0.067773
LDB2	4	0.90675	0.90523	0.999995	871	0	-0.06703	0.61148	0.61099	0.999995	585	0	-0.06703
CHML	4	0.90738	0.90583	0.999995	872	0	0.13445	0.16049	0.15992	0.999995	164	0	0.13445
SLC35F4	4	0.90815	0.90689	0.999995	873	0	-0.018344	0.092994	0.092897	0.999995	89	1	-0.018344
YIPF7	4	0.90846	0.90725	0.999995	874	0	0.0075293	0.17815	0.17774	0.999995	184	0	0.0075293
ATP7B	4	0.90892	0.90768	0.999995	875	0	-0.036294	0.26379	0.26261	0.999995	260	0	-0.036294
PPP2R1B	4	0.90922	0.90807	0.999995	876	0	-0.025388	0.44508	0.4438	0.999995	421	0	-0.025388
CBLL2	4	0.91074	0.90935	0.999995	877	0	-0.079209	0.69766	0.69723	0.999995	675	0	-0.079209
MORF4L1	3	0.91086	0.91051	0.999995	878	0	-0.053811	0.17332	0.17312	0.999995	178	0	-0.053811
NUMB	4	0.91104	0.90972	0.999995	879	0	-0.043448	0.36056	0.35954	0.999995	357	0	-0.043448
GBX2	4	0.91134	0.9101	0.999995	880	0	-0.00211	0.14747	0.14719	0.999995	149	0	-0.00211
NR5A2	4	0.91223	0.9111	0.999995	881	0	-0.078734	0.089558	0.089683	0.999995	85	1	-0.078734
HMG20B	4	0.91342	0.91231	0.999995	882	0	-0.090899	0.514	0.51265	0.999995	488	0	-0.090899
PCBD1	4	0.9143	0.91318	0.999995	883	0	-0.068434	0.3026	0.30143	0.999995	298	0	-0.068434
FRS2	4	0.91503	0.91399	0.999995	884	0	-0.1361	0.78743	0.78782	0.999995	760	0	-0.1361
RHBDF2	4	0.91575	0.91475	0.999995	885	0	0.022646	0.041327	0.043756	0.999995	38	1	0.022646
SMAP2	4	0.91747	0.9166	0.999995	886	0	-0.020893	0.6	0.59942	0.999995	573	0	-0.020893
RYBP	3	0.91798	0.91771	0.999995	887	0	0.04379	0.05268	0.052769	0.999995	51	1	0.04379
SAR1B	4	0.91804	0.91718	0.999995	888	0	-0.10273	0.15237	0.15199	0.999995	154	0	-0.10273
POU5F2	4	0.91874	0.91786	0.999995	889	0	-0.080295	0.73116	0.73044	0.999995	710	0	-0.080295
MYCN	4	0.91916	0.9183	0.999995	890	0	0.019496	0.49382	0.49164	0.999995	471	0	0.019496
RHOT2	4	0.91944	0.91861	0.999995	891	0	-0.015279	0.18133	0.18117	0.999995	187	0	-0.015279
XYLT1	4	0.92138	0.92073	0.999995	892	0	-0.10479	0.60783	0.60728	0.999995	581	0	-0.10479
PLEK2	4	0.92179	0.92105	0.999995	893	0	-0.13163	0.49437	0.49225	0.999995	472	0	-0.13163
FEZ2	4	0.92206	0.92133	0.999995	894	0	-0.086453	0.63064	0.63017	0.999995	598	0	-0.086453
TXNDC8	4	0.9222	0.9215	0.999995	895	0	0.061024	0.16775	0.16745	0.999995	172	0	0.061024
SAP30L	4	0.92341	0.92276	0.999995	896	0	-0.073383	0.60046	0.59979	0.999995	574	0	-0.073383
CADPS2	4	0.92395	0.92337	0.999995	897	0	0.017772	0.56354	0.56327	0.999995	536	0	0.017772
ENOX2	4	0.92421	0.92363	0.999995	898	0	-0.083454	0.208	0.20752	0.999995	212	0	-0.083454
ALAS2	4	0.92461	0.92403	0.999995	899	0	-0.10273	0.057318	0.058355	0.999995	57	1	-0.10273
FLNB	4	0.92501	0.92437	0.999995	900	0	-0.034265	0.65866	0.65798	0.999995	631	0	-0.034265
PAX4	4	0.92593	0.92524	0.999995	901	0	-0.094095	0.48882	0.48684	0.999995	466	0	-0.094095
DEGS1	4	0.92606	0.92538	0.999995	902	0	-0.005979	0.24004	0.23937	0.999995	238	0	-0.005979
TANC1	4	0.92619	0.9255	0.999995	903	0	-0.12803	0.63542	0.63479	0.999995	602	0	-0.12803
DLL4	4	0.92645	0.92576	0.999995	904	0	-0.0088446	0.5944	0.59401	0.999995	568	0	-0.0088446
NETO1	4	0.92658	0.92585	0.999995	905	0	-0.078175	0.71388	0.71321	0.999995	692	0	-0.078175
GDI2	8	0.92698	0.95765	0.999995	906	1	0.032557	0.33626	0.33698	0.999995	335	0	0.032557
CNOT6L	4	0.92749	0.92667	0.999995	907	0	-0.06404	0.48153	0.47958	0.999995	460	0	-0.06404
ENOX1	4	0.92762	0.9268	0.999995	908	0	0.054836	0.0087371	0.013016	0.999995	11	1	0.054836
SATB2	4	0.9289	0.92803	0.999995	909	0	-0.0052299	0.032356	0.035247	0.999995	29	1	-0.0052299
TOMM40L	4	0.92928	0.92845	0.999995	910	0	-0.11826	0.32211	0.32131	0.999995	322	0	-0.11826
HMSD	4	0.93004	0.92926	0.999995	911	0	-0.021732	0.21726	0.21644	0.999995	219	0	-0.021732
NDEL1	4	0.93066	0.92989	0.999995	912	0	-0.10887	0.61193	0.61146	0.999995	586	0	-0.10887
IFIH1	4	0.93079	0.93001	0.999995	913	0	-0.06859	0.68466	0.68389	0.999995	662	0	-0.06859
TTC7B	4	0.9319	0.93107	0.999995	914	0	-0.024103	0.373	0.37198	0.999995	364	0	-0.024103
MRGPRX2	4	0.93215	0.93131	0.999995	915	0	-0.0031081	0.11593	0.11582	0.999995	116	0	-0.0031081
TYROBP	4	0.93239	0.93157	0.999995	916	0	-0.087697	0.29836	0.29692	0.999995	293	0	-0.087697
UAP1	4	0.93336	0.93258	0.999995	917	0	-0.0026953	0.013312	0.017453	0.999995	13	1	-0.0026953
CLIP4	4	0.93349	0.93276	0.999995	918	0	-0.1202	0.7483	0.7483	0.999995	725	0	-0.1202
KAT6A	4	0.93361	0.93287	0.999995	919	0	0.053884	0.0041458	0.0080843	0.999995	7	1	0.053884
ACTL6B	4	0.93373	0.933	0.999995	920	0	-0.071445	0.72595	0.72541	0.999995	703	0	-0.071445
ARHGEF3	4	0.93409	0.93338	0.999995	921	0	-0.080972	0.87463	0.87492	0.999995	844	0	-0.080972
MOGAT2	4	0.93421	0.9336	0.999995	922	0	-0.028059	0.4849	0.48294	0.999995	463	0	-0.028059
TCF4	4	0.93433	0.93382	0.999995	923	0	-0.04604	0.50915	0.5075	0.999995	485	0	-0.04604
SUSD1	4	0.93552	0.9349	0.999995	924	0	0.026077	0.095564	0.095446	0.999995	92	1	0.026077
COPS7B	4	0.93575	0.93509	0.999995	925	0	-0.11196	0.68194	0.68139	0.999995	658	0	-0.11196
FLT1	4	0.93622	0.93555	0.999995	926	0	-0.05305	0.61419	0.61363	0.999995	587	0	-0.05305
FAM126B	4	0.93669	0.93596	0.999995	927	0	-0.038888	0.47359	0.47167	0.999995	449	0	-0.038888
NR5A1	4	0.93807	0.93726	0.999995	928	0	-0.0086694	0.32073	0.32004	0.999995	320	0	-0.0086694
CCDC69	4	0.9383	0.93753	0.999995	929	0	-0.017576	0.26964	0.2685	0.999995	266	0	-0.017576
SLC25A37	4	0.93933	0.93868	0.999995	930	0	-0.11031	0.022416	0.025673	0.999995	21	1	-0.11031
CEACAM1	4	0.94033	0.9397	0.999995	931	0	-0.043671	0.1318	0.13179	0.999995	133	0	-0.043671
KPNA3	4	0.94155	0.94079	0.999995	932	0	0.0044395	0.24752	0.24685	0.999995	242	0	0.0044395
DPCR1	4	0.94221	0.94144	0.999995	933	0	-0.061607	0.59252	0.59218	0.999995	567	0	-0.061607
UBASH3B	4	0.94275	0.94198	0.999995	934	0	-0.028908	0.33918	0.33882	0.999995	337	0	-0.028908
WAS	4	0.94286	0.94214	0.999995	935	0	-0.039492	0.60829	0.60772	0.999995	582	0	-0.039492
LGALS9	4	0.94296	0.94224	0.999995	936	0	-0.062409	0.30611	0.30472	0.999995	302	0	-0.062409
MBP	4	0.94361	0.9429	0.999995	937	0	-0.038322	0.36253	0.36146	0.999995	359	0	-0.038322
TNKS2	4	0.94403	0.94335	0.999995	938	0	-0.068061	0.66642	0.66565	0.999995	640	0	-0.068061
VPS26A	4	0.94446	0.94372	0.999995	939	0	0.046371	0.1134	0.11352	0.999995	113	0	0.046371
IL6R	4	0.94456	0.94378	0.999995	940	0	0.083199	0.038643	0.041187	0.999995	36	1	0.083199
TOMM20	3	0.94511	0.94448	0.999995	941	0	0.056868	0.10765	0.10879	0.999995	105	0	0.056868
MDM4	4	0.94633	0.94585	0.999995	942	0	-0.094088	0.77048	0.77081	0.999995	743	0	-0.094088
STX7	4	0.94643	0.9459	0.999995	943	0	0.037873	0.050236	0.05206	0.999995	48	1	0.037873
TBC1D1	4	0.94654	0.946	0.999995	944	0	-0.051846	0.27835	0.27719	0.999995	273	0	-0.051846
UNC45A	4	0.94664	0.94609	0.999995	945	0	-0.054099	0.44568	0.44448	0.999995	422	0	-0.054099
PRKAB1	4	0.94816	0.94767	0.999995	946	0	-0.039138	0.34323	0.34266	0.999995	339	0	-0.039138
RNF10	4	0.94846	0.94799	0.999995	947	0	0.016098	0.47073	0.46916	0.999995	446	0	0.016098
FKBP10	4	0.94886	0.94841	0.999995	948	0	-0.046117	0.6652	0.66448	0.999995	639	0	-0.046117
GOLT1B	4	0.94916	0.94876	0.999995	949	0	-0.0078776	0.25717	0.25619	0.999995	253	0	-0.0078776
RNF144B	4	0.94975	0.94935	0.999995	950	0	-0.088397	0.71675	0.71602	0.999995	696	0	-0.088397
CYP2C8	4	0.95033	0.94999	0.999995	951	0	-0.066279	0.23778	0.23715	0.999995	236	0	-0.066279
TBK1	4	0.95129	0.95089	0.999995	952	0	-0.081015	0.34659	0.34609	0.999995	342	0	-0.081015
GPR183	4	0.95149	0.95114	0.999995	953	0	0.082052	0.043114	0.045418	0.999995	40	1	0.082052
SAMD4A	4	0.95158	0.95123	0.999995	954	0	-0.042397	0.32898	0.32853	0.999995	329	0	-0.042397
CLCA1	4	0.95215	0.95189	0.999995	955	0	-0.07895	0.18767	0.1878	0.999995	192	0	-0.07895
STRIP1	4	0.95224	0.95203	0.999995	956	0	-0.080587	0.38398	0.38292	0.999995	373	0	-0.080587
PPP2CB	3	0.95272	0.95221	0.999995	957	0	0.0061954	0.0079374	0.010018	0.999995	10	1	0.0061954
NCKAP1L	4	0.95299	0.95297	0.999995	958	0	0.048015	0.39923	0.39753	0.999995	386	0	0.048015
NAA16	4	0.95336	0.95327	0.999995	959	0	-0.0063925	0.12681	0.12702	0.999995	128	0	-0.0063925
DZIP1L	4	0.95428	0.95404	0.999995	960	0	0.11139	0.081793	0.082136	0.999995	79	1	0.11139
DENND5A	4	0.95573	0.95547	0.999995	961	0	-0.0012059	0.03685	0.039487	0.999995	34	1	-0.0012059
RAD17	3	0.95753	0.9572	0.999995	962	0	0.098618	0.09152	0.092336	0.999995	88	0	0.098618
USP13	4	0.95783	0.95756	0.999995	963	0	-0.04468	0.60185	0.60109	0.999995	575	0	-0.04468
ZDHHC17	4	0.95791	0.95765	0.999995	964	0	-0.039397	0.48434	0.48254	0.999995	462	0	-0.039397
GOLT1A	4	0.95825	0.95798	0.999995	965	0	-0.080973	0.57093	0.57058	0.999995	544	0	-0.080973
PLD2	4	0.95993	0.95957	0.999995	966	0	0.022484	0.14007	0.14002	0.999995	144	0	0.022484
RANBP10	4	0.96043	0.96015	0.999995	967	0	0.018202	0.23854	0.23782	0.999995	237	0	0.018202
FAM126A	4	0.96051	0.9602	0.999995	968	0	-0.06959	0.65576	0.65515	0.999995	630	0	-0.06959
FCRL3	4	0.96124	0.96099	0.999995	969	0	-0.049492	0.3506	0.34989	0.999995	347	0	-0.049492
COPZ2	4	0.96259	0.96255	0.999995	970	0	-0.030414	0.39101	0.38944	0.999995	378	0	-0.030414
PSEN2	4	0.9629	0.96281	0.999995	971	0	0.043323	0.24976	0.2489	0.999995	243	0	0.043323
ADARB1	4	0.96329	0.9632	0.999995	972	0	-0.081453	0.13595	0.13605	0.999995	138	0	-0.081453
MAT1A	4	0.96345	0.96334	0.999995	973	0	0.082495	0.14992	0.14969	0.999995	152	0	0.082495
SHCBP1L	4	0.96352	0.9634	0.999995	974	0	-0.080519	0.7564	0.75634	0.999995	732	0	-0.080519
CHSY1	4	0.96406	0.96387	0.999995	975	0	-0.036995	0.50426	0.5026	0.999995	483	0	-0.036995
UAP1L1	4	0.96414	0.96393	0.999995	976	0	-0.076617	0.78394	0.78452	0.999995	756	0	-0.076617
ERC1	4	0.96429	0.96411	0.999995	977	0	-0.038467	0.25347	0.25251	0.999995	247	0	-0.038467
KCNG4	4	0.96451	0.96433	0.999995	978	0	-0.079469	0.39355	0.39186	0.999995	379	0	-0.079469
KRTAP1-1	4	0.96534	0.96538	0.999995	979	0	-0.046704	0.403	0.40085	0.999995	388	0	-0.046704
PLCG1	4	0.96614	0.96625	0.999995	980	0	-0.064046	0.22109	0.22062	0.999995	223	0	-0.064046
ZNF418	4	0.96779	0.96791	0.999995	981	0	0.099575	0.19475	0.19488	0.999995	201	0	0.099575
SPOPL	4	0.96807	0.96819	0.999995	982	0	0.0015705	0.43192	0.43007	0.999995	411	0	0.0015705
RNF144A	4	0.96876	0.96903	0.999995	983	0	-0.059531	0.039538	0.042018	0.999995	37	1	-0.059531
DLL1	4	0.96937	0.96959	0.999995	984	0	-0.0044266	0.34726	0.34665	0.999995	343	0	-0.0044266
RAP1GAP2	4	0.97011	0.97028	0.999995	985	0	-0.0099167	0.080061	0.080492	0.999995	78	1	-0.0099167
RPL3L	4	0.97077	0.97094	0.999995	986	0	-0.048182	0.68699	0.68639	0.999995	665	0	-0.048182
CDNF	4	0.9709	0.97104	0.999995	987	0	0.013532	0.37689	0.37585	0.999995	367	0	0.013532
PIP4P1	4	0.97154	0.97174	0.999995	988	0	0.0060606	0.094707	0.094559	0.999995	91	1	0.0060606
VANGL1	4	0.97173	0.97196	0.999995	989	0	-0.053487	0.63672	0.63595	0.999995	603	0	-0.053487
SHMT1	4	0.9718	0.97205	0.999995	990	0	0.038958	0.27618	0.27499	0.999995	270	0	0.038958
ZNF260	4	0.97249	0.97279	0.999995	991	0	0.040329	0.11087	0.11119	0.999995	110	1	0.040329
ITGB1BP2	4	0.97274	0.97307	0.999995	992	0	0.02672	0.28769	0.2863	0.999995	281	0	0.02672
TMEM185A	4	0.97305	0.97332	0.999995	993	0	-0.0078675	0.17735	0.17695	0.999995	183	0	-0.0078675
NBEA	4	0.97317	0.97347	0.999995	994	0	-0.068425	0.70326	0.7029	0.999995	680	0	-0.068425
KLF5	4	0.97472	0.97495	0.999995	995	0	-0.029151	0.12347	0.1237	0.999995	124	0	-0.029151
TAF1L	3	0.97494	0.97453	0.999995	996	0	0.074125	0.26482	0.26381	0.999995	262	0	0.074125
E2F4	4	0.97576	0.9761	0.999995	997	0	0.052043	0.13512	0.13527	0.999995	137	0	0.052043
XDH	4	0.97587	0.9762	0.999995	998	0	-0.06039	0.035054	0.037694	0.999995	32	1	-0.06039
ADAM19	4	0.97725	0.97747	0.999995	999	0	0.064678	0.24229	0.24174	0.999995	239	0	0.064678
IDH3B	4	0.97763	0.97784	0.999995	1000	0	-0.041275	0.66317	0.66244	0.999995	635	0	-0.041275
RHOT1	4	0.98057	0.98085	0.999995	1001	0	0.046737	0.21264	0.21195	0.999995	215	0	0.046737
PDS5B	4	0.98119	0.98158	0.999995	1002	0	-0.019771	0.054667	0.056011	0.999995	54	1	-0.019771
NETO2	4	0.98123	0.98162	0.999995	1003	0	0.082382	0.096419	0.096399	0.999995	93	1	0.082382
TAF9B	2	0.98138	0.98085	0.999995	1004	0	0.10276	0.14283	0.1428	0.999995	146	0	0.10276
MTUS1	4	0.98156	0.98194	0.999995	1005	0	0.085334	0.1376	0.13761	0.999995	140	0	0.085334
ANKRD10	4	0.98206	0.98251	0.999995	1006	0	0.023995	0.46498	0.4639	0.999995	439	0	0.023995
ABCB1	4	0.98317	0.9835	0.999995	1007	0	0.0092296	0.56848	0.56827	0.999995	541	0	0.0092296
SPTLC3	4	0.98414	0.98449	0.999995	1008	0	0.044651	0.042221	0.044615	0.999995	39	1	0.044651
ATAD2B	4	0.9843	0.98464	0.999995	1009	0	-0.03444	0.46844	0.46704	0.999995	444	0	-0.03444
TCF12	4	0.98466	0.98493	0.999995	1010	0	-0.019416	0.13677	0.13697	0.999995	139	0	-0.019416
SMC1B	4	0.9847	0.98499	0.999995	1011	0	0.007023	0.32624	0.32574	0.999995	326	0	0.007023
ZNF423	4	0.98482	0.98513	0.999995	1012	0	-0.033066	0.15725	0.15663	0.999995	160	0	-0.033066
SEC14L3	4	0.98522	0.98557	0.999995	1013	0	-0.010375	0.52886	0.52789	0.999995	502	0	-0.010375
CYP2A6	4	0.9853	0.98569	0.999995	1014	0	-0.020483	0.078326	0.078942	0.999995	76	1	-0.020483
TAF9	4	0.98541	0.9858	0.999995	1015	0	-0.014874	0.27979	0.27841	0.999995	275	0	-0.014874
FRY	4	0.98553	0.98591	0.999995	1016	0	-0.0069805	0.41975	0.41798	0.999995	400	0	-0.0069805
CDK19	8	0.98569	0.98581	0.999995	1017	0	-0.057339	0.46764	0.46731	0.999995	442	0	-0.057339
CDK17	4	0.98625	0.98661	0.999995	1018	0	-0.025407	0.15481	0.15444	0.999995	157	0	-0.025407
IL6ST	4	0.98647	0.98686	0.999995	1019	0	0.090672	0.062603	0.063689	0.999995	62	1	0.090672
NR2E1	4	0.98676	0.98716	0.999995	1020	0	0.0018861	0.44092	0.43947	0.999995	419	0	0.0018861
ZNF521	4	0.98715	0.98761	0.999995	1021	0	-0.021695	0.46383	0.4626	0.999995	437	0	-0.021695
RC3H2	4	0.98747	0.988	0.999995	1022	0	0.041229	0.25643	0.2554	0.999995	252	0	0.041229
SATB1	4	0.98753	0.98807	0.999995	1023	0	-0.0081207	0.40551	0.40364	0.999995	390	0	-0.0081207
SERPINA9	4	0.98757	0.9881	0.999995	1024	0	-0.017188	0.44923	0.44787	0.999995	425	0	-0.017188
EXOC6	4	0.9876	0.98818	0.999995	1025	0	-0.040477	0.04757	0.049603	0.999995	45	1	-0.040477
PAPSS1	4	0.98798	0.98847	0.999995	1026	0	0.047111	0.099835	0.099921	0.999995	97	1	0.047111
SEC11A	4	0.98866	0.98914	0.999995	1027	0	0.0072716	0.12096	0.12106	0.999995	121	0	0.0072716
LIF	4	0.98873	0.98919	0.999995	1028	0	0.032552	0.28698	0.28565	0.999995	280	0	0.032552
THRAP3	4	0.98972	0.9902	0.999995	1029	0	0.070476	0.26818	0.26703	0.999995	265	0	0.070476
NAT8L	4	0.99047	0.99099	0.999995	1030	0	0.094267	0.17096	0.17072	0.999995	176	0	0.094267
RSPH1	4	0.99086	0.99135	0.999995	1031	0	0.061178	0.13925	0.13904	0.999995	143	0	0.061178
LATS1	4	0.99113	0.99155	0.999995	1032	0	0.030437	0.14583	0.1454	0.999995	147	0	0.030437
CPS1	4	0.99172	0.99221	0.999995	1033	0	0.016439	0.16855	0.16827	0.999995	173	0	0.016439
AP2A2	4	0.99269	0.99301	0.999995	1034	0	0.062141	0.33715	0.3365	0.999995	336	0	0.062141
DYNLRB2	4	0.99278	0.99306	0.999995	1035	0	0.070637	0.015138	0.019003	0.999995	14	1	0.070637
GALNT2	4	0.99305	0.9933	0.999995	1036	0	0.0344	0.38205	0.38108	0.999995	372	0	0.0344
RBMX	3	0.99312	0.9931	0.999995	1037	0	0.028123	0.25519	0.25421	0.999995	250	0	0.028123
ERN2	4	0.99425	0.99453	0.999995	1038	0	0.022854	0.16453	0.16405	0.999995	169	0	0.022854
PLCG2	4	0.99427	0.99455	0.999995	1039	0	0.052348	0.22338	0.22293	0.999995	225	0	0.052348
NCBP2L	4	0.9945	0.99475	0.999995	1040	0	0.029928	0.22795	0.22754	0.999995	228	0	0.029928
UMPS	4	0.99488	0.99512	0.999995	1041	0	0.14979	0.066991	0.067985	0.999995	66	1	0.14979
TPRX1	4	0.99531	0.99552	0.999995	1042	0	0.055618	0.21879	0.21817	0.999995	221	0	0.055618
RUNX1	4	0.99555	0.9957	0.999995	1043	0	0.034118	0.037747	0.040365	0.999995	35	1	0.034118
SLC9A3R1	4	0.99576	0.99589	0.999995	1044	0	0.065109	0.26599	0.26475	0.999995	263	0	0.065109
ARFIP2	4	0.99591	0.99607	0.999995	1045	0	0.021609	0.42768	0.42575	0.999995	409	0	0.021609
ANXA1	4	0.99621	0.99632	0.999995	1046	0	0.0284	0.016961	0.020638	0.999995	17	1	0.0284
DENND5B	4	0.99659	0.99661	0.999995	1047	0	0.083536	0.088698	0.088833	0.999995	84	1	0.083536
NSDHL	4	0.99674	0.99677	0.999995	1048	0	0.04585	0.16694	0.16663	0.999995	171	0	0.04585
NXT2	4	0.9969	0.99694	0.999995	1049	0	0.054692	0.31241	0.31121	0.999995	308	0	0.054692
DGAT2L6	4	0.99698	0.99703	0.999995	1050	0	0.047745	0.3526	0.35204	0.999995	349	0	0.047745
SIK2	4	0.99759	0.99765	0.999995	1051	0	0.12036	0.0042504	0.0082804	0.999995	8	2	0.12036
MBD4	8	0.99769	0.99764	0.999995	1052	0	-0.022531	0.058427	0.070703	0.999995	58	1	-0.022531
ARFIP1	4	0.99796	0.99806	0.999995	1053	0	0.045544	0.02875	0.0318	0.999995	26	1	0.045544
MECOM	4	0.99835	0.99844	0.999995	1054	0	0.099019	0.18925	0.18956	0.999995	194	0	0.099019
RANBP17	4	0.9987	0.99886	0.999995	1055	0	0.053494	0.15806	0.15742	0.999995	161	0	0.053494
OGDHL	4	0.99904	0.99922	0.999995	1056	0	0.037143	0.086975	0.087124	0.999995	82	1	0.037143
IKBKB	4	0.99979	0.99981	0.999995	1057	0	0.18532	7.0383e-05	0.00016346	0.057756	3	3	0.18532
safe_control	74	0.99997	1.0	0.999995	1058	12	0.033914	0.001968	0.010718	0.999995	4	7	0.033914
RB1	4	1.0	1.0	0.999995	1059	0	0.33618	1.8995e-07	4.6703e-06	0.002475	2	4	0.33618
TP53	4	1.0	1.0	0.999995	1060	0	0.41971	1.4782e-11	4.6703e-06	0.002475	1	4	0.41971
