id	num	neg|score	neg|p-value	neg|fdr	neg|rank	neg|goodsgrna	neg|lfc	pos|score	pos|p-value	pos|fdr	pos|rank	pos|goodsgrna	pos|lfc
RRM1	16	2.236e-16	4.6703e-06	0.00019	1	16	-6.2658	1.0	1.0	0.999995	1060	0	-6.2658
MYC	16	7.5379e-13	4.6703e-06	0.00019	2	16	-6.4789	1.0	1.0	0.999995	1047	0	-6.4789
TUBB4B	16	2.9756e-11	4.6703e-06	0.00019	3	15	-5.8979	0.99983	0.99982	0.999995	1013	0	-5.8979
RPL3	14	1.0377e-10	4.6703e-06	0.00019	4	14	-6.6035	1.0	1.0	0.999995	1033	0	-6.6035
TOMM40	14	1.7078e-10	4.6703e-06	0.00019	5	14	-4.9468	1.0	1.0	0.999995	1059	0	-4.9468
CKAP5	16	5.4847e-10	4.6703e-06	0.00019	6	16	-5.9922	0.99999	0.99998	0.999995	1027	0	-5.9922
PRPF8	8	2.8132e-09	4.6703e-06	0.00019	7	8	-6.583	1.0	1.0	0.999995	1055	0	-6.583
POLR2L	8	5.5092e-09	4.6703e-06	0.00019	8	8	-6.2781	1.0	1.0	0.999995	1058	0	-6.2781
KIF11	8	1.1412e-08	4.6703e-06	0.00019	9	8	-6.207	1.0	1.0	0.999995	1057	0	-6.207
RPS19	8	1.4049e-08	4.6703e-06	0.00019	10	8	-5.9272	1.0	1.0	0.999995	1056	0	-5.9272
RPL8	8	2.8723e-08	4.6703e-06	0.00019	11	8	-6.3237	1.0	1.0	0.999995	1049	0	-6.3237
RPL11	7	3.5655e-08	4.6703e-06	0.00019	12	7	-6.6843	1.0	1.0	0.999995	1054	0	-6.6843
TOP2A	8	6.1176e-08	4.6703e-06	0.00019	13	8	-6.2221	1.0	1.0	0.999995	1053	0	-6.2221
RPL36	8	1.3136e-07	4.6703e-06	0.00019	14	8	-5.4487	1.0	1.0	0.999995	1052	0	-5.4487
DYNLRB1	7	2.3326e-07	4.6703e-06	0.00019	15	7	-6.0591	1.0	1.0	0.999995	1048	0	-6.0591
RPS23	6	2.5567e-07	4.6703e-06	0.00019	16	6	-6.1041	1.0	1.0	0.999995	1051	0	-6.1041
CCND1	8	2.9876e-07	4.6703e-06	0.00019	17	8	-6.5571	1.0	1.0	0.999995	1040	0	-6.5571
MDM4	8	3.2473e-07	4.6703e-06	0.00019	18	8	-5.5941	1.0	1.0	0.999995	1050	0	-5.5941
COPA	8	3.86e-07	4.6703e-06	0.00019	19	8	-5.9856	0.99996	0.99996	0.999995	1022	0	-5.9856
RPP21	8	5.8711e-07	4.6703e-06	0.00019	20	8	-6.0058	1.0	1.0	0.999995	1046	0	-6.0058
GAPDH	8	6.1051e-07	4.6703e-06	0.00019	21	8	-5.65	1.0	1.0	0.999995	1045	0	-5.65
SIN3A	8	6.2424e-07	4.6703e-06	0.00019	22	8	-5.6947	1.0	1.0	0.999995	1044	0	-5.6947
RPL13	6	7.0462e-07	4.6703e-06	0.00019	23	6	-6.2621	1.0	1.0	0.999995	1043	0	-6.2621
RPS11	7	8.2008e-07	4.6703e-06	0.00019	24	7	-5.0499	1.0	1.0	0.999995	1042	0	-5.0499
ALDOA	8	8.6523e-07	4.6703e-06	0.00019	25	8	-6.0541	1.0	1.0	0.999995	1041	0	-6.0541
BUB3	8	1.1922e-06	4.6703e-06	0.00019	26	8	-6.3245	0.99999	1.0	0.999995	1030	0	-6.3245
MED20	8	1.2653e-06	1.4011e-05	0.00045	27	8	-5.5549	0.99999	1.0	0.999995	1032	0	-5.5549
XAB2	8	1.3721e-06	1.4011e-05	0.00045	28	8	-5.7783	0.99947	0.99938	0.999995	993	0	-5.7783
GDI2	16	1.5373e-06	1.4011e-05	0.00045	29	15	-4.1939	0.75869	0.75748	0.999995	679	0	-4.1939
NAA10	8	1.6985e-06	1.4011e-05	0.00045	30	8	-6.2393	1.0	1.0	0.999995	1039	0	-6.2393
TRRAP	8	1.9062e-06	1.4011e-05	0.00045	31	8	-6.0786	1.0	1.0	0.999995	1037	0	-6.0786
SF3B1	8	2.0012e-06	1.4011e-05	0.00045	32	8	-6.2794	0.99979	0.99972	0.999995	1012	0	-6.2794
RIC8A	8	2.0713e-06	2.3351e-05	0.000707	33	8	-5.1041	1.0	1.0	0.999995	1038	0	-5.1041
HSCB	8	2.8881e-06	3.2692e-05	0.000937	34	8	-6.0599	1.0	1.0	0.999995	1036	0	-6.0599
RBBP7	8	3.0509e-06	3.2692e-05	0.000937	35	8	-4.7916	1.0	1.0	0.999995	1035	0	-4.7916
PPP2CA	16	3.8528e-06	2.3351e-05	0.000707	36	15	-5.5747	0.99288	0.99357	0.999995	947	0	-5.5747
TUBB	6	4.2639e-06	1.4011e-05	0.00045	37	6	-6.3881	0.99175	0.99181	0.999995	941	0	-6.3881
ATP6V1B2	8	4.395e-06	4.2033e-05	0.001036	38	8	-6.132	1.0	1.0	0.999995	1034	0	-6.132
ILF3	8	4.8036e-06	4.2033e-05	0.001036	39	8	-6.2744	0.99714	0.99707	0.999995	965	0	-6.2744
TAMM41	8	5.0118e-06	4.2033e-05	0.001036	40	7	-5.7381	0.63749	0.63846	0.999995	558	0	-5.7381
WDR12	8	5.6163e-06	4.2033e-05	0.001036	41	8	-5.9509	0.99997	0.99999	0.999995	1025	0	-5.9509
PDS5A	8	5.7789e-06	5.1373e-05	0.001184	42	8	-5.2739	0.99999	1.0	0.999995	1031	0	-5.2739
CCNL1	8	6.3356e-06	5.1373e-05	0.001184	43	8	-5.9452	0.99999	1.0	0.999995	1029	0	-5.9452
PSMB3	7	6.4574e-06	4.2033e-05	0.001036	44	7	-5.4932	0.99997	0.99998	0.999995	1024	0	-5.4932
CDK7	7	7.2222e-06	4.2033e-05	0.001036	45	7	-6.1047	0.99999	1.0	0.999995	1028	0	-6.1047
HMGCS1	7	8.1216e-06	5.1373e-05	0.001184	46	7	-6.0711	0.99978	0.99983	0.999995	1009	0	-6.0711
VMP1	8	9.3957e-06	6.0714e-05	0.001341	47	7	-5.4504	0.10346	0.10336	0.999995	71	0	-5.4504
NAA15	8	1.0199e-05	7.0054e-05	0.001485	48	7	-5.1656	0.99374	0.99374	0.999995	951	0	-5.1656
SOD1	8	1.0896e-05	7.0054e-05	0.001485	49	6	-6.061	0.97427	0.97361	0.999995	895	0	-6.061
VCP	8	1.1678e-05	8.8735e-05	0.001844	50	7	-5.8003	0.4716	0.47178	0.999995	411	0	-5.8003
EIF3B	8	1.2566e-05	0.00010742	0.00219	51	8	-5.2876	0.99971	0.99964	0.999995	1004	0	-5.2876
SF3B3	8	1.3879e-05	0.0001261	0.002475	52	8	-6.3703	0.9999	0.99987	0.999995	1017	0	-6.3703
RPL5	7	1.571e-05	6.0714e-05	0.001341	53	6	-5.812	0.98491	0.98468	0.999995	920	0	-5.812
HUS1	8	1.6103e-05	0.00014478	0.00274	54	8	-4.5491	0.99998	1.0	0.999995	1026	0	-4.5491
PPP4C	8	2.0664e-05	0.00018214	0.003387	55	7	-5.6785	0.99277	0.99271	0.999995	946	0	-5.6785
PDS5B	8	2.1072e-05	0.00019148	0.003499	56	8	-5.2689	0.99992	0.9999	0.999995	1019	0	-5.2689
RPL31	5	2.2058e-05	0.0001261	0.002475	57	5	-6.1511	0.99643	0.99662	0.999995	961	0	-6.1511
CLNS1A	7	2.636e-05	0.00013544	0.00261	58	7	-5.369	0.99986	0.9999	0.999995	1014	0	-5.369
RPS3	6	2.9611e-05	0.00020082	0.003548	59	6	-6.2088	0.99349	0.99341	0.999995	949	0	-6.2088
RFC2	8	3.1693e-05	0.00028489	0.004793	60	8	-5.3869	0.99997	0.99998	0.999995	1023	0	-5.3869
CDK2	8	3.2376e-05	0.00029423	0.004798	61	7	-5.5883	0.92481	0.92418	0.999995	847	0	-5.5883
ANAPC4	8	3.2674e-05	0.00029423	0.004798	62	8	-4.9685	0.99888	0.99887	0.999995	983	0	-4.9685
RRM2	7	3.7453e-05	0.00020082	0.003548	63	5	-3.8888	0.52614	0.5262	0.999995	457	0	-3.8888
AFG3L2	6	3.9089e-05	0.00024752	0.004301	64	6	-5.859	0.99967	0.9997	0.999995	1000	0	-5.859
AKIRIN2	8	4.1618e-05	0.00035027	0.00546	65	8	-4.9297	0.99969	0.99961	0.999995	1002	0	-4.9297
EIF4A3	8	4.6885e-05	0.00039697	0.006098	66	7	-5.4533	0.91293	0.91241	0.999995	835	0	-5.4533
RBMX	7	5.0125e-05	0.00027555	0.004711	67	6	-5.8363	0.96364	0.96363	0.999995	883	0	-5.8363
LONP1	8	5.185e-05	0.00043434	0.006577	68	8	-6.1418	0.99989	0.99986	0.999995	1016	0	-6.1418
DHX9	6	5.4015e-05	0.00030357	0.004875	69	6	-5.0562	0.99995	0.99996	0.999995	1021	0	-5.0562
TIMM10	8	5.437e-05	0.00045302	0.006763	70	7	-6.0283	0.99536	0.99533	0.999995	957	0	-6.0283
MRPL41	8	6.1642e-05	0.00048104	0.007082	71	8	-4.8491	0.99848	0.99846	0.999995	976	0	-4.8491
NAE1	16	6.3604e-05	0.00075191	0.009603	72	14	-4.8312	0.82048	0.82021	0.999995	747	0	-4.8312
SEPHS1	7	6.3772e-05	0.00035027	0.00546	73	7	-5.4371	0.99994	0.99997	0.999995	1020	0	-5.4371
SF3B5	8	6.4519e-05	0.00049972	0.0071	74	8	-5.7716	0.99969	0.99959	0.999995	1001	0	-5.7716
SFPQ	8	6.7104e-05	0.00050906	0.0071	75	7	-4.521	0.33521	0.33526	0.999995	284	0	-4.521
KIF20A	16	6.8291e-05	0.00079862	0.009843	76	14	-4.6472	0.36507	0.36442	0.999995	306	0	-4.6472
ERH	8	6.8608e-05	0.00050906	0.0071	77	6	-5.1306	0.6447	0.64551	0.999995	567	0	-5.1306
SMC1A	8	8.0908e-05	0.00059313	0.00806	78	7	-5.0074	0.98524	0.98515	0.999995	921	0	-5.0074
SF1	8	9.1045e-05	0.00065851	0.008725	79	7	-5.904	0.97303	0.9723	0.999995	893	0	-5.904
RPL10A	7	9.301e-05	0.00049038	0.0071	80	6	-6.1778	0.96741	0.96732	0.999995	886	0	-6.1778
RPA1	8	0.00010252	0.00073323	0.009478	81	8	-4.504	0.9999	0.99987	0.999995	1018	0	-4.504
RAN	7	0.00011241	0.0005651	0.007779	82	6	-6.2282	0.83107	0.82946	0.999995	756	0	-6.2282
RPS5	8	0.00011557	0.00077994	0.009842	83	7	-5.4906	0.85498	0.85487	0.999995	783	0	-5.4906
RPL14	6	0.00011598	0.00066785	0.00874	84	6	-5.4545	0.99426	0.99407	0.999995	952	0	-5.4545
PRPF38A	8	0.00012065	0.00079862	0.009843	85	7	-5.7951	0.59609	0.59655	0.999995	513	0	-5.7951
CCT6A	7	0.00012422	0.00064917	0.00871	86	7	-5.4508	0.99988	0.99991	0.999995	1015	0	-5.4508
MED8	8	0.00012589	0.0008173	0.009958	87	7	-5.4083	0.57586	0.57578	0.999995	498	0	-5.4083
SNRPD3	8	0.00013764	0.000864	0.01029	88	7	-5.7516	0.8653	0.86469	0.999995	794	0	-5.7516
USP5	8	0.00014427	0.00089202	0.010506	89	7	-5.9509	0.80243	0.80234	0.999995	729	0	-5.9509
ATP6V1C1	8	0.00014595	0.0009107	0.010608	90	7	-5.2923	0.76963	0.76949	0.999995	692	0	-5.2923
SF3B2	8	0.00015382	0.00098543	0.011354	91	7	-5.5188	0.70708	0.70754	0.999995	634	0	-5.5188
INTS6	6	0.00015492	0.000864	0.01029	92	5	-5.6984	0.98069	0.98053	0.999995	906	0	-5.6984
CTR9	8	0.00016566	0.0010695	0.012015	93	7	-6.0457	0.60773	0.6082	0.999995	530	0	-6.0457
PSMA2	8	0.00016775	0.0010882	0.012015	94	7	-5.2655	0.91671	0.91603	0.999995	841	0	-5.2655
SKA1	8	0.00017358	0.0011349	0.012201	95	6	-4.694	0.79534	0.79504	0.999995	718	0	-4.694
DDI2	8	0.00017379	0.0011395	0.012201	96	7	-5.2202	0.98272	0.98244	0.999995	911	0	-5.2202
ATP6V1E1	7	0.00018309	0.0010041	0.011445	97	6	-5.2379	0.5505	0.55025	0.999995	477	0	-5.2379
CPSF3	8	0.0001886	0.0012189	0.012921	98	7	-5.1279	0.99248	0.99246	0.999995	945	0	-5.1279
ATP5F1A	8	0.00021267	0.0013217	0.013871	99	7	-5.6498	0.97531	0.97466	0.999995	898	0	-5.6498
RPS8	5	0.00021533	0.0010788	0.012015	100	5	-5.2276	0.99978	0.99976	0.999995	1011	0	-5.2276
NCKAP1	8	0.00021886	0.0013497	0.014026	101	8	-4.9882	0.99978	0.99971	0.999995	1010	0	-4.9882
RPL37A	5	0.0002294	0.0011349	0.012201	102	4	-5.9293	0.95483	0.95531	0.999995	874	0	-5.9293
SUV39H1	8	0.00024984	0.0015272	0.015717	103	8	-4.2259	0.99975	0.99969	0.999995	1008	0	-4.2259
ATP5F1B	8	0.00025314	0.0015552	0.015851	104	8	-5.1707	0.99975	0.99969	0.999995	1007	0	-5.1707
KIF4A	8	0.00025714	0.0016112	0.016112	105	8	-5.1057	0.99974	0.99969	0.999995	1006	0	-5.1057
MED18	16	0.00028461	0.0029376	0.024519	106	13	-4.5556	0.99901	0.99925	0.999995	985	0	-4.5556
SNRPD2	6	0.00028999	0.0015739	0.015889	107	6	-5.8477	0.99971	0.99972	0.999995	1005	0	-5.8477
UTP14A	8	0.00030775	0.0020222	0.019848	108	7	-4.5484	0.41532	0.41517	0.999995	353	0	-4.5484
PPP2R1A	8	0.0003199	0.0021437	0.020657	109	7	-5.3176	0.55153	0.55128	0.999995	478	0	-5.3176
RPP14	8	0.0003301	0.0022651	0.021614	110	7	-5.1614	0.8289	0.82875	0.999995	754	0	-5.1614
RPL17	6	0.00033373	0.00177	0.017535	111	6	-5.2268	0.99962	0.99966	0.999995	997	0	-5.2268
MRPL38	8	0.000334	0.0022838	0.021614	112	8	-4.9232	0.99873	0.99871	0.999995	978	0	-4.9232
MTG2	8	0.0003386	0.0023211	0.021669	113	8	-4.5445	0.99966	0.99956	0.999995	999	0	-4.5445
ELL	8	0.00034118	0.0023305	0.021669	114	8	-4.9435	0.99966	0.99956	0.999995	998	0	-4.9435
PSMC3	8	0.00037185	0.0025173	0.023003	115	6	-4.8202	0.1642	0.16497	0.999995	121	0	-4.8202
RNF113A	8	0.00037643	0.002564	0.023229	116	6	-5.3153	0.68946	0.69011	0.999995	611	0	-5.3153
ARHGEF7	8	0.00040454	0.0027415	0.024028	117	6	-5.6493	0.094965	0.094905	0.999995	60	0	-5.6493
STT3B	8	0.00040738	0.0027508	0.024028	118	8	-4.1413	0.99959	0.9995	0.999995	996	0	-4.1413
POLR2B	8	0.00040817	0.0027601	0.024028	119	7	-5.2556	0.98958	0.98937	0.999995	932	0	-5.2556
NXT1	8	0.00040908	0.0027601	0.024028	120	8	-6.025	0.9995	0.99941	0.999995	995	0	-6.025
SEPHS2	8	0.00040981	0.0027695	0.024028	121	7	-5.6081	0.99304	0.99298	0.999995	948	0	-5.6081
DDX5	8	0.00041937	0.0028535	0.024198	122	7	-4.793	0.99485	0.99481	0.999995	956	0	-4.793
LSM4	8	0.00044438	0.0029656	0.024559	123	7	-5.4696	0.89895	0.89873	0.999995	821	0	-5.4696
CHORDC1	6	0.00045024	0.0024052	0.02217	124	5	-5.5286	0.75328	0.75434	0.999995	673	0	-5.5286
TOMM22	7	0.00050084	0.0027882	0.024028	125	7	-5.8659	0.9995	0.99951	0.999995	994	0	-5.8659
SNRPB2	7	0.00051794	0.0029002	0.024399	126	6	-5.2142	0.86528	0.86438	0.999995	793	0	-5.2142
RPRD1B	8	0.00052627	0.0033019	0.026869	127	8	-4.6679	0.9983	0.99822	0.999995	974	0	-4.6679
SBNO1	8	0.00052867	0.0033112	0.026869	128	7	-5.1332	0.99	0.98985	0.999995	934	0	-5.1332
MAT2A	8	0.00052941	0.0033206	0.026869	129	7	-4.3693	0.90253	0.90211	0.999995	826	0	-4.3693
RPL19	6	0.00054488	0.0028162	0.024074	130	4	-5.9429	0.18353	0.18181	0.999995	140	0	-5.9429
FARS2	8	0.00057153	0.0036008	0.028698	131	8	-3.9482	0.99943	0.99929	0.999995	992	0	-3.9482
ATP6V1D	8	0.0005794	0.0036568	0.02886	132	7	-5.4641	0.99565	0.99555	0.999995	958	0	-5.4641
RBM22	8	0.00058382	0.0036755	0.02886	133	8	-5.0669	0.99942	0.99927	0.999995	991	0	-5.0669
NUTF2	7	0.00060543	0.0034887	0.028015	134	4	-5.6761	0.83855	0.83725	0.999995	766	0	-5.6761
NKAP	8	0.00065338	0.0040211	0.031341	135	8	-4.7374	0.99935	0.99923	0.999995	990	0	-4.7374
TLN1	8	0.00066473	0.0040772	0.031546	136	8	-5.1152	0.99798	0.99797	0.999995	972	0	-5.1152
RPL18A	3	0.0007353	0.0021343	0.020657	137	3	-5.8707	0.99926	0.99928	0.999995	989	0	-5.8707
EPC2	8	0.00075525	0.0045909	0.035263	138	8	-4.7855	0.9968	0.99667	0.999995	963	0	-4.7855
FZR1	8	0.00079426	0.0048057	0.036648	139	7	-4.238	0.83107	0.83089	0.999995	757	0	-4.238
SPTLC2	8	0.00080374	0.0048618	0.03681	140	6	-4.3345	0.98946	0.98919	0.999995	931	0	-4.3345
FANCF	8	0.00085797	0.0051046	0.038375	141	8	-4.74	0.99914	0.99903	0.999995	988	0	-4.74
NDE1	8	0.00088034	0.0053008	0.039569	142	7	-4.9975	0.61182	0.61252	0.999995	533	0	-4.9975
CRKL	8	0.00091764	0.0055156	0.040738	143	8	-5.2494	0.99908	0.999	0.999995	987	0	-5.2494
ABT1	8	0.00092175	0.0055343	0.040738	144	8	-4.8522	0.99908	0.999	0.999995	986	0	-4.8522
SNRPB	8	0.00093857	0.0056277	0.04114	145	6	-5.5874	0.10431	0.10419	0.999995	72	0	-5.5874
AP1G1	8	0.00095466	0.0057024	0.041401	146	8	-4.6803	0.99683	0.9967	0.999995	964	0	-4.6803
PTPN11	7	0.00098783	0.0057958	0.041511	147	6	-5.8106	0.9183	0.91717	0.999995	842	0	-5.8106
RBBP4	7	0.0010475	0.0061321	0.043624	148	6	-5.5679	0.68239	0.68111	0.999995	608	0	-5.5679
INTS2	8	0.001083	0.0063936	0.045182	149	8	-3.9778	0.99892	0.99889	0.999995	984	0	-3.9778
RHOT2	8	0.0011386	0.0067018	0.047046	150	8	-3.9482	0.99886	0.99887	0.999995	982	0	-3.9482
PMPCB	8	0.0011505	0.0067672	0.047193	151	8	-5.1089	0.99809	0.99806	0.999995	973	0	-5.1089
FOSL1	6	0.0011611	0.0057678	0.041511	152	6	-5.2495	0.99884	0.99887	0.999995	981	0	-5.2495
CLASP1	8	0.0011728	0.0068793	0.047661	153	6	-4.4627	0.8572	0.85708	0.999995	785	0	-4.4627
AKIRIN1	8	0.0011841	0.006926	0.047673	154	7	-4.0579	0.779	0.77886	0.999995	698	0	-4.0579
GIT2	8	0.0012098	0.0070288	0.048068	155	8	-3.8317	0.99879	0.99878	0.999995	980	0	-3.8317
HNRNPH1	8	0.0012438	0.007281	0.049473	156	7	-4.7174	0.13101	0.13149	0.999995	92	0	-4.7174
POLR2A	8	0.0012656	0.0074117	0.050041	157	8	-5.1951	0.99873	0.99872	0.999995	979	0	-5.1951
CDIPT	8	0.001293	0.0076266	0.050636	158	7	-5.3641	0.9958	0.99574	0.999995	959	0	-5.3641
XRCC6	7	0.0012997	0.0074865	0.050226	159	7	-4.7626	0.99735	0.99711	0.999995	968	0	-4.7626
MED31	8	0.0013069	0.0077013	0.050636	160	8	-4.8835	0.99869	0.99868	0.999995	977	0	-4.8835
INCENP	8	0.0013202	0.0077387	0.050636	161	7	-4.7177	0.98031	0.97986	0.999995	905	0	-4.7177
EAF1	8	0.0013532	0.0078788	0.051236	162	7	-5.4051	0.9915	0.99132	0.999995	940	0	-5.4051
MED26	8	0.0013719	0.0079441	0.051346	163	7	-5.0267	0.99031	0.99011	0.999995	935	0	-5.0267
CRK	8	0.0014778	0.0085606	0.054995	164	8	-4.5938	0.99839	0.99837	0.999995	975	0	-4.5938
POLR2F	8	0.0015143	0.0088315	0.056394	165	7	-4.3521	0.94896	0.94851	0.999995	871	0	-4.3521
TACC3	8	0.001628	0.0096628	0.061333	166	8	-4.3159	0.9967	0.99658	0.999995	962	0	-4.3159
RPL15	5	0.0016847	0.0077387	0.050636	167	5	-5.7924	0.99072	0.99051	0.999995	939	0	-5.7924
FRS2	8	0.0019051	0.011372	0.071753	168	7	-5.1858	0.98545	0.98538	0.999995	922	0	-5.1858
GTF3C1	8	0.0021868	0.012904	0.080936	169	8	-4.2889	0.99781	0.99783	0.999995	970	0	-4.2889
CDS2	8	0.0022134	0.013081	0.081263	170	6	-4.9329	0.69445	0.69528	0.999995	617	0	-4.9329
NRBP1	8	0.0022209	0.013109	0.081263	171	6	-3.4588	0.16261	0.16328	0.999995	119	0	-3.4588
PRDM16	8	0.0022805	0.013408	0.082423	172	8	-3.6882	0.99772	0.99766	0.999995	969	0	-3.6882
PFN1	7	0.0024667	0.01353	0.082423	173	6	-4.6064	0.7057	0.70479	0.999995	632	0	-4.6064
TRAPPC3	8	0.0024854	0.01437	0.087044	174	7	-5.069	0.99467	0.99464	0.999995	953	0	-5.069
BCAP31	8	0.002665	0.015202	0.091556	175	8	-4.0478	0.99733	0.9973	0.999995	967	0	-4.0478
TNPO1	6	0.0027372	0.013492	0.082423	176	6	-5.1417	0.99726	0.99728	0.999995	966	0	-5.1417
EEFSEC	8	0.0027806	0.015809	0.094675	177	7	-5.1669	0.9756	0.975	0.999995	900	0	-5.1669
ARID1A	8	0.0030063	0.016902	0.100651	178	7	-4.2056	0.98772	0.98757	0.999995	926	0	-4.2056
TAF1	8	0.0030475	0.017033	0.100863	179	6	-4.748	0.76652	0.7663	0.999995	689	0	-4.748
SAMD4B	8	0.0031655	0.017705	0.104263	180	7	-3.752	0.96074	0.96	0.999995	878	0	-3.752
HASPIN	8	0.0032871	0.018443	0.108008	181	7	-4.0188	0.9609	0.96018	0.999995	879	0	-4.0188
BRD8	8	0.0033902	0.019059	0.110399	182	7	-4.2753	0.96565	0.9652	0.999995	884	0	-4.2753
ISCA2	8	0.0034731	0.01948	0.11222	183	7	-4.2792	0.7348	0.73426	0.999995	655	0	-4.2792
HNRNPK	7	0.003493	0.018789	0.109428	184	6	-4.8365	0.97729	0.97725	0.999995	902	0	-4.8365
ACTL6A	8	0.0037256	0.020871	0.118945	185	6	-4.7745	0.98105	0.98067	0.999995	907	0	-4.7745
ATP5PB	8	0.0037522	0.02103	0.119209	186	6	-4.9626	0.40239	0.40233	0.999995	342	0	-4.9626
IPO7	7	0.0038145	0.020311	0.116377	187	6	-4.3639	0.90091	0.8998	0.999995	824	0	-4.3639
ALG14	8	0.0040628	0.022861	0.128897	188	7	-4.5872	0.96764	0.967	0.999995	888	0	-4.5872
NAPA	8	0.0041362	0.023225	0.130258	189	6	-4.2599	0.95923	0.95849	0.999995	877	0	-4.2599
RC3H1	8	0.0042346	0.023636	0.131434	190	7	-4.0181	0.58759	0.58799	0.999995	507	0	-4.0181
ATP5F1D	8	0.0042435	0.023683	0.131434	191	6	-5.0993	0.89038	0.89003	0.999995	812	0	-5.0993
ACACA	8	0.0042626	0.023832	0.131575	192	6	-4.633	0.73856	0.73789	0.999995	658	0	-4.633
BUB1B	8	0.00432	0.024169	0.13274	193	7	-5.081	0.99601	0.99597	0.999995	960	0	-5.081
PSMB6	8	0.0046342	0.025523	0.139456	194	6	-3.2742	0.98682	0.98667	0.999995	924	0	-3.2742
POLD1	8	0.0049451	0.026962	0.14656	195	6	-4.7711	0.66987	0.67072	0.999995	598	0	-4.7711
ATR	8	0.0051392	0.027793	0.150308	196	7	-4.4173	0.9947	0.99466	0.999995	954	0	-4.4173
RPA3	8	0.005609	0.029922	0.160191	197	5	-4.1131	0.89995	0.89986	0.999995	822	0	-4.1131
PTTG1	7	0.0063452	0.032258	0.171824	198	6	-4.0684	0.37693	0.37701	0.999995	316	0	-4.0684
GABPB1	8	0.0065716	0.03449	0.181888	199	6	-4.7427	0.97704	0.97647	0.999995	901	0	-4.7427
BICD2	8	0.007171	0.037059	0.193508	200	7	-4.1717	0.87752	0.87673	0.999995	797	0	-4.1717
TCERG1	8	0.0072298	0.03733	0.193967	201	6	-4.287	0.52793	0.52791	0.999995	460	0	-4.287
TUFM	7	0.0072392	0.036554	0.191819	202	6	-5.1736	0.98653	0.9863	0.999995	923	0	-5.1736
RALGPS2	8	0.007439	0.038086	0.196933	203	7	-3.9961	0.98889	0.98863	0.999995	929	0	-3.9961
PRKDC	16	0.0075922	0.052293	0.262705	204	13	-3.448	0.99782	0.99813	0.999995	971	0	-3.448
COPG1	8	0.0081143	0.040935	0.210636	205	6	-4.7467	0.804	0.80408	0.999995	732	0	-4.7467
ZNF407	8	0.008241	0.041374	0.211867	206	6	-4.5018	0.81235	0.81241	0.999995	736	0	-4.5018
GFM1	8	0.0085149	0.042551	0.216846	207	7	-4.647	0.81996	0.81989	0.999995	746	0	-4.647
RPS15	4	0.009035	0.02953	0.158893	208	4	-5.3766	0.98999	0.98982	0.999995	933	0	-5.3766
TMEM30A	8	0.0099504	0.048473	0.244672	209	7	-4.7032	0.66632	0.66726	0.999995	592	0	-4.7032
ZWILCH	8	0.011151	0.053619	0.268097	210	7	-4.3596	0.99196	0.99193	0.999995	942	0	-4.3596
RPS28	3	0.012173	0.032594	0.172748	211	3	-5.1199	0.98783	0.98782	0.999995	927	0	-5.1199
DNAJC19	6	0.012539	0.054161	0.269535	212	3	-3.9997	0.19467	0.19223	0.999995	148	0	-3.9997
NCBP2	8	0.0126	0.059504	0.293369	213	6	-3.2039	0.90552	0.90479	0.999995	828	0	-3.2039
IPO5	8	0.013118	0.061419	0.301407	214	7	-3.8405	0.97553	0.97493	0.999995	899	0	-3.8405
CCNT1	8	0.0132	0.061727	0.301524	215	6	-4.4014	0.98477	0.98476	0.999995	919	0	-4.4014
CLASP2	8	0.01326	0.062073	0.301821	216	7	-3.4483	0.8338	0.83362	0.999995	761	0	-3.4483
SF3A1	8	0.01416	0.065473	0.316899	217	6	-4.4668	0.99368	0.99368	0.999995	950	0	-4.4668
CCNE2	8	0.01438	0.066267	0.319284	218	7	-3.8189	0.97867	0.97806	0.999995	903	0	-3.8189
RNF20	8	0.015109	0.06891	0.330518	219	6	-3.962	0.98923	0.98892	0.999995	930	0	-3.962
XRCC4	8	0.015433	0.070283	0.335586	220	6	-4.04	0.66489	0.6659	0.999995	588	0	-4.04
COPZ1	8	0.015648	0.070899	0.337011	221	6	-3.6665	0.65876	0.6597	0.999995	579	0	-3.6665
ASF1B	16	0.016896	0.098846	0.446703	222	12	-3.2694	0.9997	0.99969	0.999995	1003	0	-3.2694
SS18	8	0.017193	0.076691	0.35928	223	7	-3.5483	0.99057	0.99036	0.999995	938	0	-3.5483
RPL27A	4	0.01731	0.055049	0.27267	224	3	-5.0751	0.087955	0.0876	0.999995	51	0	-5.0751
USP13	8	0.017327	0.077148	0.35928	225	6	-3.7169	0.24711	0.24735	0.999995	197	0	-3.7169
PMM2	8	0.017359	0.077279	0.35928	226	6	-4.0136	0.90481	0.90414	0.999995	827	0	-4.0136
RPS7	3	0.018132	0.047333	0.240063	227	2	-5.4029	0.7464	0.74618	0.999995	663	0	-5.4029
EIF3J	7	0.018269	0.076027	0.358174	228	5	-4.0976	0.70427	0.70338	0.999995	630	0	-4.0976
TIMM23	6	0.018512	0.074785	0.353894	229	5	-4.857	0.79688	0.79795	0.999995	722	0	-4.857
UCHL5	8	0.018628	0.081875	0.377335	230	6	-4.0051	0.96787	0.96725	0.999995	889	0	-4.0051
FANCM	8	0.021041	0.09101	0.41582	231	6	-4.2981	0.75912	0.75907	0.999995	681	0	-4.2981
HACD2	8	0.022102	0.095007	0.432223	232	7	-3.61	0.98004	0.97958	0.999995	904	0	-3.61
YIF1A	8	0.023136	0.099033	0.446703	233	7	-3.6098	0.43256	0.43258	0.999995	369	0	-3.6098
NSG2	8	0.023498	0.1004	0.450936	234	2	-2.1251	0.26721	0.26757	0.999995	223	0	-2.1251
GABPB2	8	0.024058	0.10247	0.45704	235	7	-3.5993	0.79627	0.79594	0.999995	720	0	-3.5993
GJA8	8	0.024096	0.10265	0.45704	236	7	-3.1126	0.85221	0.85215	0.999995	782	0	-3.1126
MCPH1	8	0.024221	0.10305	0.45704	237	6	-3.7273	0.24856	0.24878	0.999995	198	0	-3.7273
TSG101	8	0.02532	0.10703	0.47271	238	5	-3.3448	0.8261	0.82589	0.999995	750	0	-3.3448
MRPL27	8	0.026265	0.11021	0.484758	239	6	-4.0342	0.98312	0.98286	0.999995	914	0	-4.0342
NMT1	8	0.027713	0.11498	0.502159	240	7	-3.7585	0.75343	0.75311	0.999995	674	0	-3.7585
CHMP1A	8	0.027755	0.11512	0.502159	241	7	-3.441	0.98283	0.98253	0.999995	912	0	-3.441
DYNC1LI2	8	0.028274	0.11701	0.508339	242	6	-3.8804	0.98384	0.98363	0.999995	916	0	-3.8804
EFR3B	8	0.028867	0.11889	0.514387	243	7	-4.0279	0.86975	0.8692	0.999995	796	0	-4.0279
MPC1	8	0.031338	0.1277	0.55025	244	7	-3.2146	0.97268	0.9719	0.999995	891	0	-3.2146
RPL21	3	0.032175	0.079455	0.367785	245	3	-5.3685	0.89304	0.89265	0.999995	815	0	-5.3685
SIX6	8	0.032325	0.13105	0.560519	246	7	-3.3041	0.95053	0.95009	0.999995	873	0	-3.3041
LSM14A	8	0.032372	0.13124	0.560519	247	7	-3.5544	0.93141	0.93054	0.999995	852	0	-3.5544
SLITRK1	8	0.032468	0.13167	0.560519	248	7	-3.0535	0.49254	0.49275	0.999995	425	0	-3.0535
GLT6D1	8	0.033828	0.13606	0.576891	249	7	-3.2037	0.93783	0.93717	0.999995	858	0	-3.2037
IL6ST	8	0.034474	0.13837	0.584336	250	7	-2.9999	0.99239	0.99235	0.999995	944	0	-2.9999
SOS1	8	0.035599	0.14175	0.59624	251	6	-3.6323	0.96755	0.9669	0.999995	887	0	-3.6323
RPL6	3	0.035955	0.088282	0.405105	252	3	-5.2304	0.9631	0.96289	0.999995	882	0	-5.2304
ATAD2B	8	0.03622	0.14342	0.600888	253	6	-3.25	0.7639	0.76374	0.999995	682	0	-3.25
CAP1	8	0.040949	0.15653	0.653251	254	6	-4.0653	0.47373	0.4739	0.999995	413	0	-4.0653
SLC25A28	8	0.04302	0.16218	0.67418	255	5	-4.0438	0.70228	0.70294	0.999995	626	0	-4.0438
RNF40	8	0.04421	0.16548	0.685199	256	5	-3.7386	0.85116	0.85115	0.999995	780	0	-3.7386
PAF1	8	0.048649	0.17716	0.72874	257	6	-3.8605	0.98748	0.98734	0.999995	925	0	-3.8605
ARID1B	8	0.048714	0.17737	0.72874	258	6	-3.5175	0.99199	0.99194	0.999995	943	0	-3.5175
GPSM1	8	0.049069	0.17845	0.730322	259	6	-3.3923	0.86417	0.86359	0.999995	791	0	-3.3923
MMD	8	0.049858	0.18043	0.735586	260	6	-3.7559	0.96256	0.96195	0.999995	881	0	-3.7559
SNAPC4	8	0.051053	0.18366	0.743349	261	5	-3.6807	0.63092	0.63151	0.999995	549	0	-3.6807
CNOT7	7	0.052385	0.18373	0.743349	262	6	-3.8492	0.99056	0.99032	0.999995	937	0	-3.8492
ZMAT2	8	0.053293	0.18959	0.764127	263	5	-3.7818	0.4951	0.49541	0.999995	428	0	-3.7818
MYBL2	8	0.056969	0.19899	0.798961	264	5	-3.8632	0.11021	0.11038	0.999995	74	0	-3.8632
PPP3R2	8	0.05814	0.20161	0.806445	265	5	-3.5938	0.4159	0.41566	0.999995	354	0	-3.5938
TRPC5	8	0.060565	0.20814	0.829431	266	6	-3.0801	0.43708	0.43732	0.999995	377	0	-3.0801
ZNF34	8	0.063528	0.21585	0.856918	267	6	-3.1697	0.44213	0.44262	0.999995	382	0	-3.1697
SLCO2B1	8	0.064531	0.21825	0.863215	268	5	-3.5822	0.26223	0.26278	0.999995	217	0	-3.5822
UQCRC1	8	0.066594	0.2233	0.879918	269	6	-3.2596	0.89448	0.89429	0.999995	816	0	-3.2596
TPST1	8	0.068575	0.22849	0.897048	270	6	-3.4401	0.77245	0.77211	0.999995	694	0	-3.4401
RBPJ	8	0.069888	0.23178	0.906598	271	6	-3.6546	0.81598	0.81605	0.999995	738	0	-3.6546
NCKAP1L	8	0.071065	0.23457	0.914149	272	6	-3.3575	0.93856	0.93776	0.999995	860	0	-3.3575
EIF3L	8	0.071627	0.23619	0.91604	273	6	-3.2574	0.77675	0.77659	0.999995	696	0	-3.2574
NCK1	8	0.071889	0.23679	0.91604	274	5	-3.4428	0.42572	0.42548	0.999995	362	0	-3.4428
APOBEC1	8	0.075294	0.24489	0.938575	275	5	-3.6521	0.76574	0.76553	0.999995	687	0	-3.6521
ZNF804B	8	0.075455	0.24527	0.938575	276	6	-3.4522	0.35641	0.35643	0.999995	302	0	-3.4522
MECOM	8	0.077125	0.24943	0.951047	277	6	-3.4802	0.71213	0.71206	0.999995	641	0	-3.4802
KPNA2	7	0.07764	0.24278	0.935824	278	5	-3.4862	0.94861	0.94804	0.999995	870	0	-3.4862
COX4I2	8	0.07802	0.25147	0.951998	279	6	-3.5705	0.93692	0.93612	0.999995	857	0	-3.5705
GBX2	8	0.080851	0.25806	0.973451	280	6	-3.054	0.80423	0.80431	0.999995	733	0	-3.054
E2F3	7	0.081336	0.25063	0.951998	281	4	-2.8815	0.84443	0.84287	0.999995	772	0	-2.8815
SOHLH1	8	0.082161	0.26125	0.982006	282	6	-3.3196	0.23835	0.23897	0.999995	187	0	-3.3196
RBPJL	8	0.082814	0.26284	0.984484	283	6	-3.6294	0.93326	0.93245	0.999995	855	0	-3.6294
MRGPRX2	8	0.08386	0.2652	0.986364	284	6	-3.1519	0.92423	0.92371	0.999995	845	0	-3.1519
UNC45A	8	0.086625	0.27112	0.999995	285	6	-3.3737	0.95559	0.95473	0.999995	875	0	-3.3737
PTCH2	8	0.088841	0.2761	0.999995	286	5	-3.5183	0.88175	0.8813	0.999995	801	0	-3.5183
PRKAB1	8	0.089453	0.27736	0.999995	287	6	-3.4602	0.34941	0.34959	0.999995	297	0	-3.4602
TAS1R2	8	0.089673	0.27785	0.999995	288	6	-3.11	0.51671	0.51686	0.999995	447	0	-3.11
COX4I1	8	0.090336	0.27952	0.999995	289	6	-3.5921	0.88002	0.87923	0.999995	800	0	-3.5921
RAD17	6	0.093268	0.26449	0.986364	290	3	-2.9065	0.98133	0.98121	0.999995	909	0	-2.9065
CYFIP1	8	0.096046	0.29235	0.999995	291	5	-3.7108	0.46625	0.46682	0.999995	404	0	-3.7108
NRBP2	8	0.097506	0.29553	0.999995	292	6	-3.58	0.93815	0.93743	0.999995	859	0	-3.58
COX6B1	16	0.09782	0.35844	0.999995	293	11	-3.089	0.99485	0.99541	0.999995	955	0	-3.089
FDPS	8	0.09811	0.29689	0.999995	294	4	-3.3055	0.79159	0.79143	0.999995	716	0	-3.3055
GALR3	8	0.098326	0.29744	0.999995	295	6	-3.5134	0.24566	0.24593	0.999995	195	0	-3.5134
BECN1	8	0.098853	0.29842	0.999995	296	5	-3.4589	0.93042	0.92961	0.999995	850	0	-3.4589
PAPSS2	8	0.099152	0.29909	0.999995	297	6	-3.4895	0.98207	0.98174	0.999995	910	0	-3.4895
RGS19	8	0.10408	0.30952	0.999995	298	6	-2.9272	0.71525	0.71503	0.999995	645	0	-2.9272
CCNT2	8	0.10413	0.30968	0.999995	299	5	-3.5449	0.92615	0.92538	0.999995	848	0	-3.5449
TGM6	8	0.10445	0.31034	0.999995	300	6	-3.2699	0.6394	0.64038	0.999995	560	0	-3.2699
MT2A	6	0.10474	0.2896	0.999995	301	4	-3.5484	0.8315	0.83329	0.999995	758	0	-3.5484
NR5A1	8	0.10556	0.31263	0.999995	302	6	-3.2566	0.69871	0.6991	0.999995	622	0	-3.2566
DYNC1LI1	7	0.10575	0.29817	0.999995	303	4	-3.8041	0.63888	0.63803	0.999995	559	0	-3.8041
TNKS	8	0.10692	0.31543	0.999995	304	6	-3.2604	0.93087	0.93006	0.999995	851	0	-3.2604
MAT1A	8	0.10748	0.31668	0.999995	305	5	-3.5442	0.21606	0.21657	0.999995	166	0	-3.5442
MTMR4	8	0.10991	0.32202	0.999995	306	5	-3.392	0.065544	0.064744	0.999995	33	0	-3.392
CHRNB3	8	0.1137	0.33053	0.999995	307	5	-2.9352	0.11357	0.11382	0.999995	77	0	-2.9352
VPS26B	8	0.11419	0.33143	0.999995	308	6	-3.3082	0.52308	0.52306	0.999995	454	0	-3.3082
IPO8	8	0.11432	0.33165	0.999995	309	6	-3.1496	0.94111	0.9404	0.999995	863	0	-3.1496
IFIH1	8	0.11721	0.33729	0.999995	310	6	-3.2307	0.83496	0.83476	0.999995	763	0	-3.2307
TBC1D28	7	0.11818	0.32102	0.999995	311	5	-3.6871	0.37801	0.37812	0.999995	317	0	-3.6871
MMD2	8	0.11841	0.33989	0.999995	312	6	-2.9925	0.83707	0.83683	0.999995	765	0	-2.9925
LIN28A	7	0.11963	0.32362	0.999995	313	5	-3.707	0.29499	0.29491	0.999995	247	0	-3.707
ACTL7A	8	0.12144	0.3461	0.999995	314	5	-3.4655	0.7704	0.77029	0.999995	693	0	-3.4655
SAMD4A	8	0.12246	0.34826	0.999995	315	6	-3.2113	0.97472	0.97405	0.999995	896	0	-3.2113
CSTF2	8	0.12479	0.35274	0.999995	316	5	-3.4736	0.83554	0.83522	0.999995	764	0	-3.4736
FSD1L	8	0.12569	0.35467	0.999995	317	5	-3.5786	0.78147	0.78152	0.999995	702	0	-3.5786
UBASH3B	8	0.12578	0.35484	0.999995	318	6	-2.9537	0.57805	0.57817	0.999995	500	0	-2.9537
GSX2	8	0.12614	0.35563	0.999995	319	5	-3.3758	0.19705	0.19756	0.999995	150	0	-3.3758
MOGAT2	8	0.12957	0.36289	0.999995	320	6	-2.9941	0.34749	0.3477	0.999995	296	0	-2.9941
BAP1	8	0.13043	0.36453	0.999995	321	6	-3.1923	0.98117	0.98076	0.999995	908	0	-3.1923
NUMBL	8	0.13258	0.36875	0.999995	322	6	-3.1413	0.22653	0.22689	0.999995	176	0	-3.1413
APH1B	8	0.1333	0.37032	0.999995	323	6	-3.2306	0.84306	0.8426	0.999995	769	0	-3.2306
ARPC5L	8	0.13678	0.37687	0.999995	324	4	-2.955	0.75096	0.75068	0.999995	670	0	-2.955
LSM14B	8	0.13681	0.37692	0.999995	325	6	-3.0488	0.067298	0.066407	0.999995	35	0	-3.0488
LNX2	8	0.13821	0.37955	0.999995	326	4	-3.2614	0.83877	0.83849	0.999995	767	0	-3.2614
NAA16	8	0.13962	0.38253	0.999995	327	6	-3.0524	0.94416	0.9434	0.999995	865	0	-3.0524
SUSD1	8	0.144	0.39051	0.999995	328	6	-2.8501	0.97494	0.97432	0.999995	897	0	-2.8501
IMPDH2	8	0.14468	0.39185	0.999995	329	5	-3.3787	0.8185	0.81842	0.999995	744	0	-3.3787
SIN3B	8	0.14992	0.39984	0.999995	330	5	-3.3279	0.5408	0.54082	0.999995	470	0	-3.3279
YIPF7	8	0.15009	0.40001	0.999995	331	5	-3.4211	0.50071	0.50097	0.999995	436	0	-3.4211
RAMP2	8	0.15309	0.40419	0.999995	332	5	-3.3812	0.85133	0.85128	0.999995	781	0	-3.3812
BICD1	8	0.16032	0.41456	0.999995	333	5	-3.3573	0.58284	0.58315	0.999995	503	0	-3.3573
SLC25A25	8	0.16034	0.41458	0.999995	334	4	-3.0455	0.66774	0.66865	0.999995	594	0	-3.0455
ESRP2	8	0.16126	0.41574	0.999995	335	5	-3.2281	0.27988	0.28052	0.999995	233	0	-3.2281
SHCBP1L	8	0.16144	0.41597	0.999995	336	5	-3.172	0.88875	0.88859	0.999995	810	0	-3.172
TOP1MT	8	0.16753	0.4243	0.999995	337	5	-3.4894	0.22579	0.22606	0.999995	175	0	-3.4894
ARFGEF1	8	0.16826	0.42519	0.999995	338	5	-3.2024	0.6656	0.66653	0.999995	591	0	-3.2024
TBP	8	0.1685	0.42559	0.999995	339	3	-2.1926	0.51966	0.51991	0.999995	451	0	-2.1926
VANGL2	8	0.16892	0.42627	0.999995	340	5	-3.3285	0.98288	0.98265	0.999995	913	0	-3.3285
GMPR2	8	0.17079	0.42879	0.999995	341	3	-2.4824	0.63364	0.63449	0.999995	552	0	-2.4824
PUM2	8	0.1711	0.4292	0.999995	342	4	-2.9917	0.85973	0.85933	0.999995	787	0	-2.9917
COQ10A	8	0.17223	0.43077	0.999995	343	4	-2.7844	0.45485	0.4553	0.999995	394	0	-2.7844
AP1G2	8	0.17398	0.43303	0.999995	344	5	-3.1986	0.89011	0.8898	0.999995	811	0	-3.1986
GSDMD	8	0.17452	0.43387	0.999995	345	5	-3.4756	0.91942	0.91882	0.999995	843	0	-3.4756
TRPC7	8	0.18054	0.44265	0.999995	346	5	-2.9961	0.52744	0.52733	0.999995	459	0	-2.9961
H2AFX	8	0.18099	0.44319	0.999995	347	5	-3.2711	0.74707	0.74647	0.999995	665	0	-3.2711
YIPF5	8	0.18297	0.44604	0.999995	348	3	-2.6462	0.080358	0.079624	0.999995	45	0	-2.6462
HEATR5B	8	0.18324	0.44649	0.999995	349	5	-3.299	0.54222	0.54235	0.999995	471	0	-3.299
SMARCC2	8	0.1863	0.4511	0.999995	350	5	-3.1827	0.90216	0.90179	0.999995	825	0	-3.1827
FEZ1	8	0.19044	0.45671	0.999995	351	5	-3	0.79206	0.79193	0.999995	717	0	-3
AHCYL1	8	0.1937	0.46133	0.999995	352	3	-2.3873	0.22281	0.22316	0.999995	172	0	-2.3873
RC3H2	8	0.19387	0.46155	0.999995	353	5	-3.111	0.80017	0.80006	0.999995	726	0	-3.111
MORF4L1	6	0.19698	0.42733	0.999995	354	4	-3.2733	0.23407	0.23228	0.999995	183	0	-3.2733
RNF103	8	0.1985	0.46757	0.999995	355	5	-3.3626	0.40712	0.40724	0.999995	346	0	-3.3626
PRG3	8	0.20183	0.47236	0.999995	356	4	-2.7107	0.54362	0.54376	0.999995	472	0	-2.7107
TREML4	7	0.20205	0.46344	0.999995	357	5	-2.9237	0.94546	0.94483	0.999995	867	0	-2.9237
KCNT2	8	0.20518	0.47705	0.999995	358	4	-2.7222	0.1144	0.11468	0.999995	78	0	-2.7222
CREBBP	8	0.20608	0.47812	0.999995	359	5	-3.3136	0.43369	0.43374	0.999995	371	0	-3.3136
KLF4	8	0.20651	0.47866	0.999995	360	4	-3.1321	0.98411	0.98403	0.999995	917	0	-3.1321
DPCR1	8	0.20752	0.4799	0.999995	361	5	-3.0519	0.65511	0.65617	0.999995	575	0	-3.0519
CRY1	8	0.2158	0.49105	0.999995	362	5	-3.0857	0.76521	0.76506	0.999995	685	0	-3.0857
EAF2	8	0.21615	0.49148	0.999995	363	5	-2.9885	0.78874	0.78854	0.999995	713	0	-2.9885
TBK1	8	0.21859	0.49488	0.999995	364	5	-3.0154	0.48529	0.48563	0.999995	421	0	-3.0154
RXFP3	8	0.22017	0.4971	0.999995	365	4	-2.9901	0.7965	0.79615	0.999995	721	0	-2.9901
ATP6V1E2	8	0.22642	0.50482	0.999995	366	5	-3.1713	0.19782	0.19824	0.999995	151	0	-3.1713
CFL1	8	0.22714	0.50558	0.999995	367	4	-3.0574	0.89807	0.89785	0.999995	820	0	-3.0574
SLC9A3R1	8	0.2285	0.50745	0.999995	368	5	-3.0412	0.808	0.80808	0.999995	735	0	-3.0412
RNF38	8	0.23055	0.51005	0.999995	369	5	-3.1484	0.91522	0.91451	0.999995	837	0	-3.1484
STRIP1	8	0.23185	0.51172	0.999995	370	5	-3.1987	0.74623	0.74559	0.999995	662	0	-3.1987
PKM	6	0.23233	0.47576	0.999995	371	3	-3.0087	0.624	0.62561	0.999995	543	0	-3.0087
CYP7A1	8	0.23581	0.5171	0.999995	372	4	-3.0885	0.90681	0.9061	0.999995	830	0	-3.0885
ATP6V1B1	8	0.23713	0.51883	0.999995	373	5	-3.1139	0.56068	0.5604	0.999995	482	0	-3.1139
TTC7B	8	0.23756	0.51932	0.999995	374	5	-2.8684	0.98369	0.9835	0.999995	915	0	-2.8684
CTCFL	8	0.23759	0.51936	0.999995	375	5	-2.9322	0.61828	0.61882	0.999995	538	0	-2.9322
SLC32A1	8	0.23762	0.5194	0.999995	376	4	-2.4281	0.66202	0.66302	0.999995	583	0	-2.4281
EXOC6	8	0.23798	0.5198	0.999995	377	5	-3.1145	0.77924	0.77907	0.999995	699	0	-3.1145
CNOT8	7	0.23976	0.51505	0.999995	378	4	-3.2554	0.62117	0.62049	0.999995	542	0	-3.2554
BARHL1	8	0.24083	0.52356	0.999995	379	4	-2.8329	0.30126	0.30158	0.999995	251	0	-2.8329
DDX17	8	0.2449	0.52839	0.999995	380	3	-2.4751	0.57542	0.57524	0.999995	497	0	-2.4751
CLTC	8	0.24836	0.53281	0.999995	381	4	-3.1413	0.99041	0.99021	0.999995	936	0	-3.1413
VIM	8	0.24896	0.53365	0.999995	382	5	-3.0334	0.93212	0.93126	0.999995	853	0	-3.0334
TOMM20	6	0.24966	0.49895	0.999995	383	3	-2.9359	0.5261	0.52759	0.999995	456	0	-2.9359
CWF19L1	8	0.25224	0.53761	0.999995	384	5	-3.1689	0.60236	0.60285	0.999995	524	0	-3.1689
ZEB1	8	0.25282	0.53824	0.999995	385	5	-2.887	0.9491	0.94863	0.999995	872	0	-2.887
RANBP10	8	0.25331	0.53885	0.999995	386	4	-2.7325	0.37021	0.37006	0.999995	311	0	-2.7325
AMELX	8	0.25354	0.53918	0.999995	387	5	-3.1129	0.16659	0.16729	0.999995	124	0	-3.1129
SMAP2	8	0.25639	0.54271	0.999995	388	4	-2.9217	0.90705	0.90637	0.999995	831	0	-2.9217
VPS26A	8	0.25907	0.5462	0.999995	389	5	-3.0718	0.9349	0.93409	0.999995	856	0	-3.0718
RP1	8	0.26092	0.54865	0.999995	390	4	-2.7682	0.78658	0.78647	0.999995	710	0	-2.7682
UBQLN3	8	0.26442	0.55313	0.999995	391	5	-3.0885	0.84102	0.84082	0.999995	768	0	-3.0885
NETO2	8	0.26532	0.5543	0.999995	392	5	-2.9954	0.61788	0.61843	0.999995	537	0	-2.9954
SOAT1	8	0.26779	0.55721	0.999995	393	5	-3.1215	0.424	0.42384	0.999995	360	0	-3.1215
TOP1	8	0.26804	0.55749	0.999995	394	5	-3.1207	0.14329	0.14376	0.999995	99	0	-3.1207
CTSZ	8	0.26982	0.55949	0.999995	395	5	-3.2032	0.778	0.77777	0.999995	697	0	-3.2032
PPP2R1B	8	0.27128	0.56118	0.999995	396	4	-3.0301	0.19859	0.19899	0.999995	152	0	-3.0301
PDCD6IP	8	0.27371	0.56438	0.999995	397	4	-3.0487	0.28128	0.28186	0.999995	235	0	-3.0487
RIC8B	8	0.27568	0.56678	0.999995	398	3	-2.4091	0.78319	0.78318	0.999995	706	0	-2.4091
MBP	8	0.27664	0.56789	0.999995	399	5	-2.9258	0.60526	0.60571	0.999995	526	0	-2.9258
LGALS9	7	0.28166	0.55864	0.999995	400	4	-3.1913	0.095633	0.09554	0.999995	61	0	-3.1913
MTMR3	8	0.28179	0.57398	0.999995	401	4	-3.0629	0.94475	0.94402	0.999995	866	0	-3.0629
SEC11C	8	0.28302	0.57556	0.999995	402	4	-2.6801	0.25218	0.25268	0.999995	203	0	-2.6801
ATP8B3	8	0.284	0.57675	0.999995	403	5	-3.1309	0.50926	0.50959	0.999995	443	0	-3.1309
REG3A	8	0.28701	0.58037	0.999995	404	5	-2.9732	0.09069	0.090636	0.999995	55	0	-2.9732
PLCG2	8	0.28934	0.58315	0.999995	405	5	-2.8696	0.89145	0.89109	0.999995	813	0	-2.8696
QSOX1	8	0.28944	0.58328	0.999995	406	4	-2.7839	0.7673	0.7672	0.999995	691	0	-2.7839
BTBD11	8	0.29027	0.58429	0.999995	407	5	-3.0484	0.60028	0.60082	0.999995	519	0	-3.0484
NCOR2	8	0.29308	0.5875	0.999995	408	5	-3.0809	0.70066	0.70109	0.999995	625	0	-3.0809
TEX45	8	0.29425	0.58895	0.999995	409	5	-2.8042	0.21832	0.21869	0.999995	168	0	-2.8042
IRF8	8	0.29567	0.59079	0.999995	410	4	-2.9802	0.43426	0.43466	0.999995	372	0	-2.9802
TAF9	7	0.29901	0.57703	0.999995	411	4	-3.1375	0.69674	0.69566	0.999995	619	0	-3.1375
SS18L1	8	0.29991	0.59588	0.999995	412	5	-2.9075	0.72921	0.72872	0.999995	654	0	-2.9075
PSMB9	8	0.30181	0.59803	0.999995	413	5	-2.742	0.050523	0.04936	0.999995	22	0	-2.742
TIMP2	8	0.30205	0.59828	0.999995	414	5	-2.9271	0.75041	0.75014	0.999995	669	0	-2.9271
CNOT6	8	0.30245	0.59871	0.999995	415	4	-2.9422	0.91216	0.91161	0.999995	834	0	-2.9422
RPL3L	8	0.30486	0.60129	0.999995	416	4	-2.3872	0.76495	0.76485	0.999995	684	0	-2.3872
COQ10B	8	0.3049	0.60134	0.999995	417	5	-3.0268	0.71987	0.71954	0.999995	648	0	-3.0268
PTCH1	8	0.30522	0.60167	0.999995	418	4	-2.818	0.8846	0.88433	0.999995	804	0	-2.818
SHMT2	8	0.30668	0.60355	0.999995	419	5	-2.8779	0.97412	0.97342	0.999995	894	0	-2.8779
WRN	8	0.30753	0.60449	0.999995	420	5	-3.0154	0.90032	0.90011	0.999995	823	0	-3.0154
EXOC6B	8	0.30902	0.60628	0.999995	421	4	-2.6602	0.4488	0.44935	0.999995	387	0	-2.6602
NR2E1	8	0.31033	0.6079	0.999995	422	3	-2.3705	0.26792	0.26833	0.999995	224	0	-2.3705
KLF5	8	0.31064	0.6083	0.999995	423	5	-2.9727	0.94064	0.93996	0.999995	862	0	-2.9727
IL10RA	8	0.31233	0.61028	0.999995	424	5	-2.8938	0.62544	0.62597	0.999995	546	0	-2.8938
SAMD9	8	0.31244	0.6104	0.999995	425	3	-2.51	0.88361	0.88337	0.999995	803	0	-2.51
SBF1	7	0.31466	0.59281	0.999995	426	3	-2.2024	0.041211	0.041673	0.999995	17	1	-2.2024
CSTF2T	8	0.31589	0.61449	0.999995	427	5	-3.1036	0.72622	0.72601	0.999995	652	0	-3.1036
GOLT1B	8	0.31716	0.61595	0.999995	428	4	-2.9585	0.7988	0.79862	0.999995	724	0	-2.9585
TOB1	8	0.3187	0.61767	0.999995	429	4	-2.9208	0.46085	0.46106	0.999995	398	0	-2.9208
S1PR4	8	0.31875	0.61772	0.999995	430	4	-3.0007	0.153	0.15372	0.999995	109	0	-3.0007
ADGRG7	8	0.32031	0.61937	0.999995	431	5	-3.0149	0.30938	0.30997	0.999995	257	0	-3.0149
TNKS2	8	0.32075	0.61986	0.999995	432	4	-2.6502	0.54503	0.54511	0.999995	473	0	-2.6502
HRH3	8	0.32247	0.62198	0.999995	433	5	-2.864	0.48581	0.48608	0.999995	422	0	-2.864
HOXB1	8	0.32275	0.62236	0.999995	434	5	-2.932	0.42457	0.42441	0.999995	361	0	-2.932
SIRPA	6	0.32572	0.59413	0.999995	435	3	-2.9477	0.25069	0.24949	0.999995	201	0	-2.9477
MYH7	8	0.32589	0.62581	0.999995	436	4	-2.7288	0.43989	0.44028	0.999995	380	0	-2.7288
ZIC3	8	0.32764	0.62777	0.999995	437	5	-2.7841	0.5893	0.58972	0.999995	508	0	-2.7841
KHSRP	8	0.32887	0.62904	0.999995	438	4	-2.8586	0.61988	0.62043	0.999995	540	0	-2.8586
JAG1	8	0.33034	0.63059	0.999995	439	5	-2.8472	0.81829	0.81828	0.999995	743	0	-2.8472
TANK	8	0.33061	0.63086	0.999995	440	4	-2.5443	0.50626	0.50654	0.999995	441	0	-2.5443
ADAP1	8	0.33158	0.6321	0.999995	441	5	-2.8877	0.84992	0.84976	0.999995	778	0	-2.8877
SLC22A13	8	0.33208	0.63278	0.999995	442	4	-2.8516	0.64092	0.64188	0.999995	562	0	-2.8516
KRT38	8	0.33355	0.63452	0.999995	443	5	-2.815	0.87811	0.87738	0.999995	798	0	-2.815
RNF10	8	0.33429	0.63536	0.999995	444	5	-2.8543	0.98475	0.98471	0.999995	918	0	-2.8543
GRIP1	8	0.33627	0.63754	0.999995	445	5	-2.8324	0.38921	0.38909	0.999995	326	0	-2.8324
SAR1B	8	0.33936	0.64115	0.999995	446	4	-2.9105	0.092402	0.092401	0.999995	57	0	-2.9105
SLC35F3	8	0.34275	0.64485	0.999995	447	4	-2.8738	0.44101	0.44139	0.999995	381	0	-2.8738
S100A6	8	0.34323	0.64544	0.999995	448	5	-2.9118	0.33391	0.3338	0.999995	282	0	-2.9118
ADSSL1	8	0.34347	0.64574	0.999995	449	3	-2.3146	0.18389	0.18428	0.999995	141	0	-2.3146
TSTD1	8	0.34464	0.64695	0.999995	450	3	-2.329	0.30736	0.30774	0.999995	255	0	-2.329
PSEN1	8	0.34548	0.64794	0.999995	451	5	-2.9696	0.95832	0.95751	0.999995	876	0	-2.9696
FOXK2	8	0.34685	0.64938	0.999995	452	2	-1.7023	0.075153	0.074542	0.999995	41	0	-1.7023
LIMK1	8	0.34772	0.65038	0.999995	453	4	-2.8595	0.4438	0.44414	0.999995	384	0	-2.8595
PGLS	8	0.35323	0.65621	0.999995	454	4	-2.7953	0.84598	0.84584	0.999995	775	0	-2.7953
CLTCL1	8	0.35378	0.65676	0.999995	455	5	-2.9578	0.59819	0.59864	0.999995	517	0	-2.9578
CDC34	8	0.35479	0.65774	0.999995	456	5	-2.8302	0.81661	0.81662	0.999995	739	0	-2.8302
KCNMB3	7	0.3568	0.63407	0.999995	457	4	-3.0881	0.11489	0.11473	0.999995	79	0	-3.0881
STX7	8	0.35731	0.66056	0.999995	458	5	-2.8915	0.25579	0.25633	0.999995	208	0	-2.8915
POU4F2	8	0.35928	0.66285	0.999995	459	4	-2.5249	0.31073	0.3112	0.999995	258	0	-2.5249
BRSK2	8	0.35929	0.66286	0.999995	460	4	-2.8289	0.21531	0.21573	0.999995	165	0	-2.8289
DMP1	8	0.36326	0.66728	0.999995	461	4	-2.8854	0.085537	0.085004	0.999995	49	0	-2.8854
APH1A	8	0.36442	0.66817	0.999995	462	4	-2.8769	0.54689	0.54694	0.999995	475	0	-2.8769
SMARCC1	8	0.36494	0.66854	0.999995	463	3	-2.1668	0.50122	0.50144	0.999995	437	0	-2.1668
GLIS3	8	0.36589	0.66921	0.999995	464	3	-2.4119	0.69903	0.69932	0.999995	623	0	-2.4119
TSPO2	8	0.36626	0.66943	0.999995	465	4	-2.3532	0.67997	0.68083	0.999995	605	0	-2.3532
AP5M1	8	0.36644	0.66956	0.999995	466	4	-2.8212	0.11105	0.11132	0.999995	75	0	-2.8212
CLIP4	8	0.36663	0.66969	0.999995	467	2	-1.8578	0.61506	0.61582	0.999995	536	0	-1.8578
PEF1	7	0.36797	0.6451	0.999995	468	3	-2.8477	0.70255	0.70173	0.999995	627	0	-2.8477
SLC9A3R2	8	0.37122	0.6734	0.999995	469	4	-2.4915	0.32141	0.32178	0.999995	272	0	-2.4915
CDK17	8	0.37143	0.67352	0.999995	470	4	-2.8961	0.8627	0.8621	0.999995	790	0	-2.8961
CLDN4	8	0.37149	0.67357	0.999995	471	4	-2.6735	0.77448	0.77434	0.999995	695	0	-2.6735
HNRNPH3	8	0.37175	0.67377	0.999995	472	4	-2.9608	0.74313	0.74225	0.999995	659	0	-2.9608
MORF4L2	8	0.37616	0.67683	0.999995	473	4	-2.4762	0.44492	0.44511	0.999995	386	0	-2.4762
TIMM23B	7	0.38104	0.65724	0.999995	474	4	-2.8009	0.9715	0.97138	0.999995	890	0	-2.8009
SP110	8	0.38297	0.68214	0.999995	475	3	-2.5073	0.75398	0.75373	0.999995	675	0	-2.5073
ISL1	8	0.38403	0.68293	0.999995	476	4	-2.912	0.71617	0.71593	0.999995	646	0	-2.912
LARP1B	8	0.38537	0.68398	0.999995	477	4	-2.6174	0.61948	0.62002	0.999995	539	0	-2.6174
SLC22A8	8	0.3883	0.68633	0.999995	478	4	-2.9177	0.42227	0.42182	0.999995	358	0	-2.9177
PFAS	8	0.39114	0.6885	0.999995	479	4	-2.7626	0.084675	0.083967	0.999995	48	0	-2.7626
ERC2	8	0.39296	0.68986	0.999995	480	4	-2.7793	0.29579	0.29647	0.999995	248	0	-2.7793
MED13L	8	0.39332	0.69014	0.999995	481	3	-2.19	0.59398	0.59434	0.999995	511	0	-2.19
CRY2	8	0.39571	0.69213	0.999995	482	4	-2.5404	0.32998	0.33028	0.999995	279	0	-2.5404
MBD3L1	8	0.39666	0.6929	0.999995	483	4	-2.6669	0.64282	0.64391	0.999995	566	0	-2.6669
TOP2B	8	0.39808	0.69383	0.999995	484	3	-2.3993	0.46409	0.46452	0.999995	401	0	-2.3993
SPATA21	8	0.40253	0.69718	0.999995	485	4	-2.7482	0.52502	0.52501	0.999995	455	0	-2.7482
L3MBTL2	8	0.40699	0.70036	0.999995	486	3	-2.2594	0.36834	0.36826	0.999995	309	0	-2.2594
DNAJC15	8	0.40908	0.70193	0.999995	487	4	-2.7335	0.88474	0.88448	0.999995	805	0	-2.7335
ITSN1	8	0.41065	0.70309	0.999995	488	2	-2.394	0.42112	0.42066	0.999995	357	0	-2.394
CAND1	8	0.4107	0.70312	0.999995	489	4	-2.732	0.57277	0.57283	0.999995	493	0	-2.732
ZNF418	8	0.41151	0.70373	0.999995	490	4	-2.8894	0.88558	0.88529	0.999995	806	0	-2.8894
SLC11A2	8	0.41292	0.70471	0.999995	491	3	-2.2115	0.081223	0.080576	0.999995	46	0	-2.2115
GRHL2	8	0.41399	0.70533	0.999995	492	3	-2.5804	0.6413	0.64227	0.999995	563	0	-2.5804
AOX1	8	0.41449	0.70568	0.999995	493	4	-2.8346	0.64206	0.64315	0.999995	565	0	-2.8346
KPNA3	8	0.41666	0.70715	0.999995	494	4	-2.6781	0.8279	0.82753	0.999995	751	0	-2.6781
SPATA16	8	0.41678	0.70722	0.999995	495	4	-2.5138	0.32801	0.32837	0.999995	277	0	-2.5138
CAND2	8	0.41903	0.70901	0.999995	496	4	-2.9511	0.11691	0.11732	0.999995	81	0	-2.9511
TBR1	8	0.42237	0.7115	0.999995	497	4	-2.5274	0.78586	0.78586	0.999995	709	0	-2.5274
EFR3A	8	0.42345	0.71232	0.999995	498	4	-2.7866	0.52112	0.52131	0.999995	453	0	-2.7866
PIP4P2	8	0.4239	0.71265	0.999995	499	3	-1.9942	0.714	0.71374	0.999995	643	0	-1.9942
CYFIP2	8	0.42508	0.71372	0.999995	500	4	-2.8125	0.6898	0.69048	0.999995	612	0	-2.8125
ADSS	7	0.42587	0.6984	0.999995	501	4	-2.9861	0.33676	0.33722	0.999995	287	0	-2.9861
CABP5	8	0.42835	0.71624	0.999995	502	4	-2.5675	0.56788	0.56813	0.999995	488	0	-2.5675
GCM2	8	0.42998	0.71783	0.999995	503	4	-2.7919	0.75261	0.75223	0.999995	672	0	-2.7919
FXR1	8	0.43013	0.7179	0.999995	504	4	-2.8647	0.8501	0.84991	0.999995	779	0	-2.8647
KCNT1	8	0.43488	0.72139	0.999995	505	4	-2.6259	0.31207	0.31241	0.999995	260	0	-2.6259
TBC1D26	6	0.44389	0.69136	0.999995	506	2	-2.5493	0.57347	0.57496	0.999995	494	0	-2.5493
MBTD1	8	0.44478	0.72859	0.999995	507	3	-2.7136	0.91315	0.91265	0.999995	836	0	-2.7136
TPRX1	8	0.44492	0.72866	0.999995	508	2	-2.2797	0.48944	0.48978	0.999995	423	0	-2.2797
TMEM30B	8	0.44962	0.73201	0.999995	509	4	-2.6567	0.80108	0.80092	0.999995	727	0	-2.6567
PUM1	8	0.44989	0.73215	0.999995	510	4	-2.8649	0.75234	0.75193	0.999995	671	0	-2.8649
CCND3	8	0.45045	0.7326	0.999995	511	4	-2.8462	0.18623	0.18654	0.999995	142	0	-2.8462
DDI1	16	0.45066	0.80869	0.999995	512	6	-2.384	0.058834	0.06084	0.999995	28	1	-2.384
NBEAL1	8	0.4518	0.73342	0.999995	513	4	-2.8436	0.89629	0.89609	0.999995	818	0	-2.8436
NET1	8	0.45645	0.73668	0.999995	514	4	-2.4175	0.22728	0.22754	0.999995	177	0	-2.4175
IDH1	8	0.45672	0.73684	0.999995	515	4	-2.8117	0.78122	0.78121	0.999995	701	0	-2.8117
RNF44	8	0.45809	0.73791	0.999995	516	4	-2.832	0.40358	0.40356	0.999995	343	0	-2.832
CHML	8	0.45836	0.7381	0.999995	517	4	-2.8745	0.90623	0.90555	0.999995	829	0	-2.8745
LOR	8	0.46246	0.74116	0.999995	518	4	-2.4468	0.7074	0.70782	0.999995	635	0	-2.4468
SNX2	8	0.46453	0.74251	0.999995	519	2	-2.2245	0.89238	0.89214	0.999995	814	0	-2.2245
TAF1L	7	0.47166	0.73995	0.999995	520	3	-2.6189	0.25669	0.25614	0.999995	210	0	-2.6189
PXDN	8	0.47176	0.74732	0.999995	521	4	-2.6941	0.85805	0.85786	0.999995	786	0	-2.6941
TUBB2B	6	0.47279	0.71274	0.999995	522	3	-2.7565	0.60923	0.61075	0.999995	531	0	-2.7565
NBEAL2	8	0.47313	0.74832	0.999995	523	4	-2.8996	0.47106	0.47125	0.999995	410	0	-2.8996
SAR1A	16	0.47405	0.82434	0.999995	524	8	-2.8734	0.25764	0.25724	0.999995	212	0	-2.8734
ADAP2	8	0.47639	0.75045	0.999995	525	3	-2.5162	0.74342	0.7425	0.999995	660	0	-2.5162
GSTP1	8	0.47668	0.7506	0.999995	526	4	-2.9348	0.58544	0.58567	0.999995	506	0	-2.9348
CD72	8	0.47696	0.75082	0.999995	527	4	-2.9575	0.57454	0.57436	0.999995	495	0	-2.9575
LDB2	8	0.47743	0.75109	0.999995	528	3	-1.8098	0.67163	0.67261	0.999995	599	0	-1.8098
FKBP9	7	0.47963	0.74719	0.999995	529	3	-2.6019	0.76542	0.7642	0.999995	686	0	-2.6019
STX17	8	0.48059	0.75363	0.999995	530	3	-2.6454	0.39403	0.39421	0.999995	333	0	-2.6454
OSMR	8	0.48133	0.7541	0.999995	531	4	-2.9281	0.60402	0.60441	0.999995	525	0	-2.9281
LARP1	8	0.48366	0.75571	0.999995	532	3	-2.6129	0.25722	0.25777	0.999995	211	0	-2.6129
DYNLT3	6	0.48431	0.72127	0.999995	533	3	-2.8577	0.17702	0.17532	0.999995	134	0	-2.8577
NMT2	8	0.4847	0.75653	0.999995	534	2	-2.0004	0.52015	0.52031	0.999995	452	0	-2.0004
RSBN1L	8	0.48677	0.75803	0.999995	535	4	-2.8021	0.74735	0.74677	0.999995	667	0	-2.8021
GPR151	8	0.48763	0.75861	0.999995	536	4	-2.6527	0.53177	0.5318	0.999995	463	0	-2.6527
MED12L	8	0.48817	0.75894	0.999995	537	4	-2.657	0.80266	0.80255	0.999995	730	0	-2.657
SIK2	8	0.48952	0.75993	0.999995	538	4	-2.6595	0.29785	0.29846	0.999995	250	0	-2.6595
ARID4A	8	0.48968	0.76002	0.999995	539	4	-2.7501	0.5356	0.53587	0.999995	468	0	-2.7501
UNC119B	8	0.49055	0.7606	0.999995	540	4	-2.6309	0.70033	0.70078	0.999995	624	0	-2.6309
XPR1	8	0.49227	0.7619	0.999995	541	4	-2.7149	0.63402	0.63486	0.999995	553	0	-2.7149
RHBDF1	8	0.49555	0.76435	0.999995	542	4	-2.7994	0.66382	0.66464	0.999995	586	0	-2.7994
MYBPH	8	0.49746	0.76572	0.999995	543	4	-2.7272	0.94333	0.94263	0.999995	864	0	-2.7272
DGKZ	6	0.49994	0.7327	0.999995	544	3	-2.7805	0.74712	0.74799	0.999995	666	0	-2.7805
KRT37	8	0.50073	0.76797	0.999995	545	4	-2.8007	0.17999	0.18032	0.999995	138	0	-2.8007
SPOPL	8	0.5021	0.76883	0.999995	546	4	-2.7795	0.83283	0.83262	0.999995	759	0	-2.7795
TRPM1	8	0.50337	0.76953	0.999995	547	3	-2.304	0.63441	0.63528	0.999995	554	0	-2.304
GRIP2	8	0.50374	0.76969	0.999995	548	3	-2.0268	0.35069	0.35089	0.999995	298	0	-2.0268
FOXB1	8	0.50387	0.76979	0.999995	549	3	-2.1574	0.43652	0.4369	0.999995	375	0	-2.1574
CDK5R2	8	0.50428	0.7701	0.999995	550	4	-2.9006	0.59735	0.59787	0.999995	515	0	-2.9006
CHSY3	8	0.50783	0.77252	0.999995	551	4	-2.6788	0.74679	0.74618	0.999995	664	0	-2.6788
HPS1	8	0.50919	0.77344	0.999995	552	4	-2.5111	0.78245	0.78252	0.999995	703	0	-2.5111
PMM1	8	0.50973	0.77387	0.999995	553	4	-2.7599	0.89513	0.89493	0.999995	817	0	-2.7599
HRAS	8	0.51028	0.77426	0.999995	554	4	-2.7986	0.8467	0.84642	0.999995	777	0	-2.7986
IRF4	8	0.51382	0.77673	0.999995	555	4	-2.7309	0.56519	0.56509	0.999995	485	0	-2.7309
STX12	8	0.51409	0.77697	0.999995	556	4	-2.5424	0.1343	0.13515	0.999995	93	0	-2.5424
PAPSS1	8	0.51518	0.77766	0.999995	557	4	-2.7836	0.53225	0.53235	0.999995	464	0	-2.7836
STRADA	8	0.51572	0.77808	0.999995	558	4	-2.8479	0.86073	0.86009	0.999995	789	0	-2.8479
CCT6B	8	0.51736	0.77912	0.999995	559	4	-2.5795	0.24055	0.24115	0.999995	188	0	-2.5795
BTG1	8	0.51981	0.78118	0.999995	560	4	-2.7986	0.97288	0.97212	0.999995	892	0	-2.7986
CLCA1	8	0.52035	0.78156	0.999995	561	4	-2.7941	0.14247	0.14298	0.999995	98	0	-2.7941
MRPL55	8	0.52306	0.78346	0.999995	562	3	-2.3581	0.26437	0.26493	0.999995	219	0	-2.3581
SCN10A	8	0.52339	0.78369	0.999995	563	4	-2.5523	0.92933	0.92862	0.999995	849	0	-2.5523
KRT74	8	0.52389	0.78404	0.999995	564	4	-2.1776	0.17449	0.17508	0.999995	131	0	-2.1776
OSBPL6	8	0.52443	0.78435	0.999995	565	4	-2.8665	0.92285	0.92236	0.999995	844	0	-2.8665
IL6R	8	0.52502	0.78478	0.999995	566	4	-2.7715	0.98818	0.98797	0.999995	928	0	-2.7715
NETO1	8	0.5266	0.78579	0.999995	567	4	-2.6197	0.6908	0.69158	0.999995	613	0	-2.6197
FUT5	8	0.52838	0.78691	0.999995	568	3	-2.1694	0.31875	0.31932	0.999995	270	0	-2.1694
MTHFD1	8	0.53037	0.78834	0.999995	569	3	-2.2365	0.6688	0.66963	0.999995	596	0	-2.2365
FAM126B	8	0.53106	0.78881	0.999995	570	3	-2.5664	0.71244	0.71241	0.999995	642	0	-2.5664
IQCA1	8	0.53257	0.78996	0.999995	571	4	-2.4408	0.39882	0.39903	0.999995	338	0	-2.4408
ERBB3	16	0.53343	0.86067	0.999995	572	5	-1.8791	0.62023	0.61839	0.999995	541	0	-1.8791
CAT	8	0.53474	0.79172	0.999995	573	4	-2.8407	0.71956	0.71924	0.999995	647	0	-2.8407
HMGCLL1	8	0.5356	0.79249	0.999995	574	3	-2.3888	0.92471	0.92408	0.999995	846	0	-2.3888
MYBPHL	8	0.53582	0.79265	0.999995	575	4	-2.7957	0.91639	0.91569	0.999995	840	0	-2.7957
ARFGEF2	8	0.53598	0.79274	0.999995	576	3	-2.5827	0.54783	0.54775	0.999995	476	0	-2.5827
LRFN1	8	0.53663	0.79319	0.999995	577	4	-2.6551	0.8291	0.82892	0.999995	755	0	-2.6551
PLXDC2	8	0.53702	0.79345	0.999995	578	3	-2.4267	0.70898	0.70924	0.999995	638	0	-2.4267
SPTA1	8	0.5388	0.79465	0.999995	579	4	-2.6686	0.78562	0.78568	0.999995	708	0	-2.6686
HTR2C	8	0.5396	0.79513	0.999995	580	3	-1.8493	0.077759	0.077027	0.999995	43	0	-1.8493
RIMKLB	6	0.54008	0.76253	0.999995	581	3	-2.6804	0.69364	0.69498	0.999995	614	0	-2.6804
NDUFB4	8	0.54015	0.79551	0.999995	582	4	-2.8441	0.79088	0.79068	0.999995	715	0	-2.8441
FEZ2	8	0.54156	0.79656	0.999995	583	2	-2.6082	0.62897	0.6295	0.999995	547	0	-2.6082
SLC17A2	8	0.54312	0.79757	0.999995	584	4	-2.604	0.47743	0.47734	0.999995	417	0	-2.604
IDH3B	8	0.54389	0.79829	0.999995	585	3	-2.5009	0.90912	0.90837	0.999995	832	0	-2.5009
HEATR5A	8	0.54447	0.7987	0.999995	586	4	-2.7409	0.65179	0.65247	0.999995	572	0	-2.7409
RAP1GAP2	8	0.54582	0.79963	0.999995	587	4	-2.7692	0.49664	0.49701	0.999995	429	0	-2.7692
ALDOC	8	0.54701	0.80042	0.999995	588	4	-2.5889	0.84398	0.84348	0.999995	771	0	-2.5889
DYNLT1	8	0.54874	0.80161	0.999995	589	4	-2.733	0.7958	0.79546	0.999995	719	0	-2.733
RHBDF2	8	0.54986	0.80243	0.999995	590	4	-2.6183	0.72321	0.72283	0.999995	649	0	-2.6183
PLAU	8	0.55094	0.80297	0.999995	591	4	-2.5161	0.25937	0.25985	0.999995	214	0	-2.5161
DENND5B	8	0.55202	0.80361	0.999995	592	4	-2.8137	0.91532	0.91461	0.999995	838	0	-2.8137
UNC45B	8	0.55309	0.8044	0.999995	593	4	-2.1529	0.33911	0.33908	0.999995	289	0	-2.1529
SAFB2	8	0.55456	0.80547	0.999995	594	3	-2.0106	0.6065	0.60703	0.999995	527	0	-2.0106
MYL7	8	0.55548	0.80603	0.999995	595	3	-1.5778	0.29167	0.29224	0.999995	244	0	-1.5778
NLRP8	8	0.55577	0.8063	0.999995	596	3	-2.3694	0.36083	0.36055	0.999995	304	0	-2.3694
WASL	8	0.55578	0.80632	0.999995	597	4	-2.5249	0.67338	0.67446	0.999995	601	0	-2.5249
NXT2	8	0.56306	0.81099	0.999995	598	4	-2.8261	0.60691	0.60738	0.999995	528	0	-2.8261
ABTB2	8	0.56323	0.81107	0.999995	599	3	-2.4443	0.89693	0.89681	0.999995	819	0	-2.4443
PLXDC1	16	0.56329	0.87752	0.999995	600	8	-2.7855	0.66556	0.66461	0.999995	590	0	-2.7855
RSBN1	8	0.56474	0.81206	0.999995	601	3	-2.4939	0.25507	0.25552	0.999995	207	0	-2.4939
DUOX1	8	0.56543	0.81244	0.999995	602	4	-2.6802	0.60195	0.60245	0.999995	523	0	-2.6802
NAPB	8	0.56597	0.8129	0.999995	603	4	-2.7317	0.8212	0.82116	0.999995	749	0	-2.7317
ADAM19	8	0.56833	0.81456	0.999995	604	3	-2.3969	0.20165	0.20246	0.999995	155	0	-2.3969
PPP3R1	8	0.56917	0.81507	0.999995	605	4	-2.5561	0.96128	0.96053	0.999995	880	0	-2.5561
MTX1	6	0.56994	0.78363	0.999995	606	2	-2.6518	0.65988	0.66164	0.999995	580	0	-2.6518
ERO1B	8	0.57277	0.81775	0.999995	607	3	-2.6293	0.031675	0.030931	0.999995	11	1	-2.6293
RSC1A1	8	0.57291	0.8178	0.999995	608	4	-2.5842	0.45101	0.45127	0.999995	391	0	-2.5842
FLNC	8	0.5753	0.8194	0.999995	609	4	-2.5322	0.44935	0.44977	0.999995	388	0	-2.5322
SLC25A37	8	0.57671	0.82038	0.999995	610	3	-1.9418	0.39343	0.3934	0.999995	332	0	-1.9418
RAP1GAP	8	0.5769	0.82048	0.999995	611	4	-2.6168	0.32538	0.32577	0.999995	274	0	-2.6168
HACD1	8	0.57698	0.82054	0.999995	612	3	-1.1527	0.33781	0.33785	0.999995	288	0	-1.1527
RANBP9	8	0.5777	0.82105	0.999995	613	4	-2.8297	0.040691	0.039711	0.999995	16	1	-2.8297
VRTN	8	0.57864	0.82168	0.999995	614	3	-2.48	0.49408	0.49432	0.999995	426	0	-2.48
PHLDA1	8	0.57936	0.82217	0.999995	615	1	-2.5056	0.821	0.82095	0.999995	748	0	-2.5056
GPR50	8	0.5838	0.82534	0.999995	616	4	-2.571	0.585	0.58532	0.999995	505	0	-2.571
ASF1A	8	0.58513	0.8263	0.999995	617	4	-2.7866	0.76704	0.76697	0.999995	690	0	-2.7866
CADPS	8	0.5856	0.82657	0.999995	618	2	-2.1175	0.24639	0.24671	0.999995	196	0	-2.1175
TPST2	8	0.58592	0.82683	0.999995	619	4	-2.7239	0.37516	0.37499	0.999995	314	0	-2.7239
PLCG1	8	0.58645	0.82716	0.999995	620	4	-2.5061	0.070796	0.069788	0.999995	39	0	-2.5061
UTP14C	8	0.58671	0.82736	0.999995	621	4	-2.1929	0.093257	0.093382	0.999995	58	0	-2.1929
COPS7B	8	0.58673	0.82738	0.999995	622	2	-2.3894	0.68677	0.68755	0.999995	610	0	-2.3894
ARHGEF6	8	0.58856	0.82879	0.999995	623	4	-2.4258	0.41006	0.4102	0.999995	350	0	-2.4258
DHX29	7	0.59137	0.814	0.999995	624	3	-2.0982	0.20398	0.20291	0.999995	158	0	-2.0982
SPTAN1	8	0.59143	0.83069	0.999995	625	2	-1.5772	0.056733	0.055572	0.999995	27	0	-1.5772
STAM	8	0.59238	0.83147	0.999995	626	3	-2.2214	0.17292	0.17352	0.999995	129	0	-2.2214
DMXL2	8	0.59265	0.83159	0.999995	627	3	-2.1869	0.25435	0.25482	0.999995	206	0	-2.1869
CYP2C8	8	0.59517	0.8333	0.999995	628	3	-2.7963	0.84652	0.84624	0.999995	776	0	-2.7963
TNR	8	0.59592	0.83371	0.999995	629	3	-2.3662	0.56023	0.56003	0.999995	481	0	-2.3662
CDK5R1	8	0.5962	0.8339	0.999995	630	4	-2.6262	0.62425	0.62487	0.999995	544	0	-2.6262
RNF130	8	0.59804	0.83522	0.999995	631	4	-2.6102	0.22505	0.22537	0.999995	174	0	-2.6102
MTA1	8	0.59884	0.83562	0.999995	632	2	-2.5168	0.53464	0.53481	0.999995	467	0	-2.5168
ATAD2	8	0.59962	0.83621	0.999995	633	4	-2.5945	0.083813	0.083192	0.999995	47	0	-2.5945
FAM71A	8	0.6004	0.83667	0.999995	634	4	-2.7706	0.81449	0.81455	0.999995	737	0	-2.7706
ANKRD10	8	0.60119	0.83731	0.999995	635	4	-2.8466	0.61304	0.61373	0.999995	535	0	-2.8466
GOLPH3L	8	0.6031	0.83847	0.999995	636	2	-2.2701	0.88738	0.88716	0.999995	807	0	-2.2701
SEC31A	8	0.60324	0.83858	0.999995	637	4	-2.4531	0.41065	0.41072	0.999995	351	0	-2.4531
CEACAM1	8	0.60937	0.84258	0.999995	638	3	-2.5933	0.64845	0.64929	0.999995	569	0	-2.5933
FKBP5	8	0.61019	0.84317	0.999995	639	1	-1.8189	0.22206	0.22254	0.999995	171	0	-1.8189
STAM2	8	0.61163	0.84427	0.999995	640	4	-2.6332	0.63595	0.63697	0.999995	555	0	-2.6332
CAVIN1	8	0.61189	0.84444	0.999995	641	4	-2.6956	0.94813	0.94756	0.999995	869	0	-2.6956
YBX3	8	0.61244	0.84477	0.999995	642	3	-1.8135	0.37269	0.37274	0.999995	313	0	-1.8135
XDH	8	0.61293	0.84517	0.999995	643	4	-2.6753	0.75453	0.75427	0.999995	676	0	-2.6753
NDUFC1	8	0.61394	0.84585	0.999995	644	3	-2.6549	0.56922	0.56939	0.999995	489	0	-2.6549
CDK16	8	0.61526	0.84675	0.999995	645	4	-2.5001	0.066421	0.065678	0.999995	34	0	-2.5001
LIN28B	8	0.61667	0.84772	0.999995	646	3	-2.4196	0.11273	0.11297	0.999995	76	0	-2.4196
KRT25	8	0.61988	0.84986	0.999995	647	3	-2.1462	0.29374	0.2943	0.999995	246	0	-2.1462
GOLT1A	8	0.62121	0.85069	0.999995	648	4	-2.5836	0.88261	0.88224	0.999995	802	0	-2.5836
DUOX2	8	0.62408	0.85256	0.999995	649	3	-1.4865	0.33456	0.33453	0.999995	283	0	-1.4865
HMSD	8	0.6243	0.85265	0.999995	650	4	-2.7864	0.57011	0.57026	0.999995	490	0	-2.7864
SEC31B	8	0.62456	0.85277	0.999995	651	4	-2.5068	0.87943	0.87871	0.999995	799	0	-2.5068
LIF	8	0.62507	0.85308	0.999995	652	4	-2.1952	0.1932	0.19362	0.999995	147	0	-2.1952
FAM50A	8	0.62533	0.85324	0.999995	653	4	-2.7585	0.68202	0.68293	0.999995	607	0	-2.7585
GRHL3	8	0.62695	0.85435	0.999995	654	2	-2.5023	0.62975	0.63027	0.999995	548	0	-2.5023
GATAD2A	8	0.62893	0.85552	0.999995	655	4	-2.5675	0.59861	0.59904	0.999995	518	0	-2.5675
TTC23	8	0.62958	0.85596	0.999995	656	2	-0.84323	0.12936	0.12995	0.999995	91	0	-0.84323
RANBP6	6	0.62983	0.82555	0.999995	657	2	-2.1069	0.65702	0.65874	0.999995	577	0	-2.1069
SRI	8	0.63016	0.85633	0.999995	658	3	-2.3798	0.6529	0.65369	0.999995	573	0	-2.3798
DGAT2L6	8	0.63092	0.85687	0.999995	659	3	-2.5272	0.80176	0.80153	0.999995	728	0	-2.5272
NAT8L	8	0.63161	0.85738	0.999995	660	2	-2.0267	0.75534	0.75498	0.999995	677	0	-2.0267
UTRN	8	0.63225	0.85789	0.999995	661	4	-2.6935	0.24274	0.24322	0.999995	191	0	-2.6935
CPS1	8	0.63249	0.85811	0.999995	662	3	-2.4454	0.93282	0.932	0.999995	854	0	-2.4454
RHOT1	8	0.63335	0.8586	0.999995	663	3	-2.7033	0.62504	0.62559	0.999995	545	0	-2.7033
ARFIP2	8	0.63634	0.86046	0.999995	664	4	-2.4665	0.72502	0.72486	0.999995	651	0	-2.4665
RPRD1A	8	0.63666	0.86073	0.999995	665	3	-2.2497	0.571	0.57119	0.999995	491	0	-2.2497
MACF1	8	0.63848	0.8614	0.999995	666	3	-1.8762	0.087257	0.087115	0.999995	50	0	-1.8762
SLC10A2	8	0.64016	0.8619	0.999995	667	1	-2.0431	0.47479	0.47499	0.999995	414	0	-2.0431
BZW1	6	0.64052	0.83324	0.999995	668	3	-2.4327	0.10316	0.10221	0.999995	70	0	-2.4327
TUBB2A	6	0.64318	0.83502	0.999995	669	3	-2.4316	0.36652	0.36648	0.999995	308	0	-2.4316
MEP1B	8	0.64752	0.86497	0.999995	670	3	-2.493	0.65621	0.65721	0.999995	576	0	-2.493
YIF1B	8	0.64906	0.86561	0.999995	671	3	-2.0414	0.069923	0.06905	0.999995	38	0	-2.0414
G6PC	8	0.65303	0.86737	0.999995	672	3	-2.1242	0.58328	0.58363	0.999995	504	0	-2.1242
BZW2	8	0.65499	0.86817	0.999995	673	3	-2.2673	0.22056	0.22097	0.999995	170	0	-2.2673
CHUK	16	0.65725	0.91984	0.999995	674	5	-2.148	0.83446	0.83422	0.999995	762	0	-2.148
DCAF4L2	8	0.6575	0.86926	0.999995	675	2	-2.4582	0.43821	0.43858	0.999995	378	0	-2.4582
CYP26C1	8	0.65797	0.86945	0.999995	676	3	-2.3439	0.94686	0.94623	0.999995	868	0	-2.3439
GPR183	8	0.66082	0.87055	0.999995	677	3	-2.2288	0.7885	0.78832	0.999995	712	0	-2.2288
RRAGC	8	0.6615	0.87083	0.999995	678	3	-2.6978	0.81892	0.81884	0.999995	745	0	-2.6978
KAT6A	8	0.66377	0.87162	0.999995	679	3	-1.8573	0.6631	0.66395	0.999995	585	0	-1.8573
FNIP1	8	0.66417	0.87189	0.999995	680	3	-1.7709	0.27568	0.27656	0.999995	229	0	-1.7709
EP300	8	0.66453	0.8721	0.999995	681	1	0.29914	0.036192	0.035181	0.999995	13	1	0.29914
ULK1	8	0.66916	0.87364	0.999995	682	2	-2.2976	0.091546	0.091533	0.999995	56	0	-2.2976
SNRPN	7	0.66917	0.85563	0.999995	683	3	-2.1506	0.039638	0.040048	0.999995	15	1	-2.1506
PCBD2	8	0.67015	0.87406	0.999995	684	3	-2.0953	0.31609	0.3164	0.999995	266	0	-2.0953
ZFYVE19	8	0.67225	0.8749	0.999995	685	3	-2.0481	0.8049	0.80503	0.999995	734	0	-2.0481
DMXL1	8	0.67268	0.87509	0.999995	686	3	-2.407	0.17685	0.17733	0.999995	133	0	-2.407
CELA2A	8	0.67275	0.87512	0.999995	687	3	-2.2789	0.24347	0.24398	0.999995	192	0	-2.2789
INTS6L	8	0.67299	0.87523	0.999995	688	3	-2.3769	0.39583	0.39612	0.999995	335	0	-2.3769
VANGL1	8	0.6777	0.87707	0.999995	689	3	-2.5558	0.2085	0.20912	0.999995	161	0	-2.5558
CRX	8	0.67867	0.87757	0.999995	690	3	-2.5638	0.88848	0.88826	0.999995	809	0	-2.5638
ZNRF4	8	0.67916	0.87776	0.999995	691	3	-1.8908	0.24128	0.2419	0.999995	189	0	-1.8908
SBNO2	8	0.67965	0.87796	0.999995	692	3	-2.4387	0.9404	0.93971	0.999995	861	0	-2.4387
SLC11A1	8	0.68168	0.87882	0.999995	693	1	-2.4567	0.84544	0.84518	0.999995	774	0	-2.4567
GBP3	8	0.68185	0.87888	0.999995	694	3	-2.4192	0.84379	0.84331	0.999995	770	0	-2.4192
WAS	8	0.68283	0.87932	0.999995	695	3	-2.0445	0.46732	0.46789	0.999995	407	0	-2.0445
APOBEC3C	8	0.68383	0.87965	0.999995	696	3	-2.7599	0.66916	0.66989	0.999995	597	0	-2.7599
AP3M1	8	0.69131	0.88289	0.999995	697	3	-2.1313	0.60732	0.60771	0.999995	529	0	-2.1313
DZIP1L	8	0.69155	0.88303	0.999995	698	3	-2.1532	0.10007	0.10012	0.999995	67	0	-2.1532
RNF125	8	0.69179	0.8831	0.999995	699	3	-2.5995	0.21756	0.21802	0.999995	167	0	-2.5995
DRD3	8	0.69412	0.88401	0.999995	700	3	-2.1461	0.22355	0.22389	0.999995	173	0	-2.1461
ZG16	8	0.69445	0.88418	0.999995	701	3	-2.2198	0.45758	0.45798	0.999995	396	0	-2.2198
EZH1	8	0.69609	0.8847	0.999995	702	3	-2.6362	0.86023	0.85966	0.999995	788	0	-2.6362
LNX1	8	0.69706	0.88503	0.999995	703	3	-2.0224	0.60153	0.602	0.999995	522	0	-2.0224
GALNT5	8	0.69708	0.88504	0.999995	704	1	-2.1468	0.7115	0.7115	0.999995	640	0	-2.1468
CASP4	8	0.69729	0.88514	0.999995	705	3	-2.1682	0.069048	0.068228	0.999995	37	0	-2.1682
SERPINA11	8	0.7048	0.88832	0.999995	706	3	-1.8762	0.34492	0.34481	0.999995	293	0	-1.8762
CYP2A6	8	0.70556	0.88853	0.999995	707	2	-2.2888	0.165	0.16571	0.999995	122	0	-2.2888
TPBG	8	0.70959	0.89011	0.999995	708	2	-2.265	0.24201	0.24242	0.999995	190	0	-2.265
EZH2	8	0.70984	0.89026	0.999995	709	3	-2.6613	0.96732	0.96668	0.999995	885	0	-2.6613
AIPL1	8	0.71059	0.89057	0.999995	710	2	-1.7304	0.4012	0.40134	0.999995	341	0	-1.7304
TFDP3	7	0.71165	0.8785	0.999995	711	2	-2.1557	0.67655	0.67535	0.999995	603	0	-2.1557
ITGB1BP2	8	0.71284	0.89142	0.999995	712	2	-2.2189	0.7827	0.78272	0.999995	704	0	-2.2189
SEC23B	8	0.71482	0.89227	0.999995	713	3	-2.6718	0.39223	0.39226	0.999995	331	0	-2.6718
TPBGL	8	0.71535	0.89249	0.999995	714	3	-2.1888	0.21907	0.21941	0.999995	169	0	-2.1888
RBMXL2	8	0.7171	0.89309	0.999995	715	1	-1.8266	0.034387	0.033407	0.999995	12	1	-1.8266
ADARB2	8	0.71902	0.89388	0.999995	716	3	-2.179	0.2442	0.24451	0.999995	193	0	-2.179
COX6B2	8	0.72017	0.89425	0.999995	717	3	-2.1325	0.61141	0.61213	0.999995	532	0	-2.1325
ZNF260	8	0.72085	0.89446	0.999995	718	3	-2.223	0.098372	0.098445	0.999995	64	0	-2.223
GYS2	8	0.7217	0.89491	0.999995	719	3	-2.6084	0.64583	0.64677	0.999995	568	0	-2.6084
ZDHHC13	8	0.72382	0.89589	0.999995	720	2	-2.1342	0.33129	0.33144	0.999995	280	0	-2.1342
ATM	8	0.72703	0.89722	0.999995	721	2	-2.0049	0.56474	0.56459	0.999995	484	0	-2.0049
PTF1A	8	0.73134	0.89909	0.999995	722	3	-2.5564	0.7058	0.70634	0.999995	633	0	-2.5564
GBX1	8	0.73236	0.89957	0.999995	723	3	-2.2288	0.15862	0.15922	0.999995	116	0	-2.2288
TOB2	8	0.73324	0.89985	0.999995	724	2	-2.546	0.79926	0.79911	0.999995	725	0	-2.546
PSEN2	8	0.73363	0.90002	0.999995	725	2	-2.3325	0.72351	0.72319	0.999995	650	0	-2.3325
STT3A	8	0.73481	0.90042	0.999995	726	3	-2.3702	0.88834	0.88815	0.999995	808	0	-2.3702
BECN2	8	0.73513	0.90053	0.999995	727	2	-2.2972	0.86498	0.86441	0.999995	792	0	-2.2972
GSX1	8	0.7368	0.90127	0.999995	728	3	-2.431	0.26579	0.26615	0.999995	221	0	-2.431
HMGCS2	8	0.73683	0.90127	0.999995	729	2	-2.0309	0.50374	0.50383	0.999995	439	0	-2.0309
EFNB1	8	0.73901	0.90213	0.999995	730	3	-1.682	0.41996	0.41965	0.999995	356	0	-1.682
PPP3CC	8	0.74143	0.90304	0.999995	731	2	-2.2129	0.15782	0.15844	0.999995	115	0	-2.2129
SPTLC3	8	0.74295	0.90361	0.999995	732	3	-2.4011	0.46463	0.46509	0.999995	402	0	-2.4011
ABCG2	8	0.74606	0.90511	0.999995	733	2	-1.9363	0.20394	0.20454	0.999995	157	0	-1.9363
PRKAB2	8	0.74707	0.90552	0.999995	734	2	-2.1942	0.49715	0.49754	0.999995	430	0	-2.1942
NDEL1	8	0.74743	0.90563	0.999995	735	2	-2.1434	0.30194	0.30233	0.999995	252	0	-2.1434
NR5A2	8	0.74811	0.90593	0.999995	736	2	-1.8705	0.12523	0.12609	0.999995	88	0	-1.8705
KAT6B	8	0.74875	0.90618	0.999995	737	2	-2.3371	0.39523	0.39546	0.999995	334	0	-2.3371
ZAP70	8	0.74944	0.90649	0.999995	738	3	-2.7469	0.57718	0.57721	0.999995	499	0	-2.7469
ACACB	8	0.74971	0.90654	0.999995	739	3	-2.649	0.57233	0.57248	0.999995	492	0	-2.649
ULK2	8	0.75039	0.90681	0.999995	740	2	-2.0101	0.77949	0.77939	0.999995	700	0	-2.0101
LHFPL5	8	0.75223	0.90759	0.999995	741	3	-2.5695	0.78294	0.78295	0.999995	705	0	-2.5695
G3BP1	7	0.75267	0.90124	0.999995	742	3	-2.2873	0.33962	0.34006	0.999995	290	0	-2.2873
ARPC5	8	0.75343	0.90795	0.999995	743	2	-2.3957	0.54033	0.54041	0.999995	469	0	-2.3957
COPG2	8	0.75478	0.90859	0.999995	744	3	-2.2226	0.23246	0.23287	0.999995	181	0	-2.2226
FAM71B	8	0.75578	0.90896	0.999995	745	2	-2.1078	0.58973	0.59012	0.999995	509	0	-2.1078
PAX4	8	0.75965	0.91081	0.999995	746	1	-1.2813	0.37947	0.37951	0.999995	318	0	-1.2813
LMBR1L	8	0.76072	0.91133	0.999995	747	3	-1.5959	0.1244	0.1253	0.999995	87	0	-1.5959
RANBP17	8	0.76089	0.91138	0.999995	748	3	-2.3575	0.76469	0.76451	0.999995	683	0	-2.3575
TOMM40L	8	0.76125	0.91149	0.999995	749	3	-2.2249	0.38981	0.3898	0.999995	327	0	-2.2249
SERPINA12	16	0.76349	0.95692	0.999995	750	6	-2.1692	0.26045	0.26014	0.999995	215	0	-2.1692
RTP1	8	0.76395	0.91267	0.999995	751	3	-2.5782	0.5944	0.59476	0.999995	512	0	-2.5782
DGKI	8	0.76548	0.91336	0.999995	752	2	-1.8367	0.25794	0.25839	0.999995	213	0	-1.8367
KCNG4	8	0.76569	0.91346	0.999995	753	3	-2.2584	0.31274	0.31311	0.999995	261	0	-2.2584
THRAP3	7	0.76636	0.90895	0.999995	754	1	-1.9982	0.57456	0.57472	0.999995	496	0	-1.9982
PTPN21	8	0.7672	0.91421	0.999995	755	2	-1.6987	0.34428	0.34408	0.999995	292	0	-1.6987
SNTA1	8	0.76763	0.91439	0.999995	756	2	-1.4966	0.20012	0.20072	0.999995	153	0	-1.4966
TTC7A	16	0.76809	0.95848	0.999995	757	6	-2.6511	0.23187	0.23161	0.999995	180	0	-2.6511
KRTAP10-10	8	0.76886	0.91486	0.999995	758	2	-2.111	0.2565	0.25703	0.999995	209	0	-2.111
ZNF284	8	0.77163	0.91588	0.999995	759	3	-2.2495	0.6827	0.68361	0.999995	609	0	-2.2495
EPC1	8	0.77296	0.9165	0.999995	760	1	-1.7255	0.66021	0.66119	0.999995	581	0	-1.7255
HTR3D	8	0.77298	0.91651	0.999995	761	2	-2.2204	0.4554	0.45578	0.999995	395	0	-2.2204
POU5F2	8	0.77319	0.91663	0.999995	762	3	-2.6323	0.31475	0.31503	0.999995	265	0	-2.6323
PACS1	8	0.77489	0.91728	0.999995	763	3	-2.1808	0.6317	0.63233	0.999995	550	0	-2.1808
DEGS2	8	0.77636	0.91789	0.999995	764	2	-2.3018	0.16341	0.16405	0.999995	120	0	-2.3018
FLOT1	8	0.77709	0.91819	0.999995	765	3	-1.7489	0.48268	0.4828	0.999995	419	0	-1.7489
KLK12	8	0.77769	0.91847	0.999995	766	3	-2.2151	0.71462	0.71445	0.999995	644	0	-2.2151
GXYLT1	8	0.78073	0.91977	0.999995	767	2	-2.4012	0.31742	0.31792	0.999995	268	0	-2.4012
TYROBP	8	0.78136	0.92011	0.999995	768	2	-1.8153	0.27638	0.27714	0.999995	230	0	-1.8153
MYCN	8	0.78221	0.9204	0.999995	769	2	-2.4435	0.49766	0.49815	0.999995	431	0	-2.4435
NKAPL	8	0.78294	0.92069	0.999995	770	2	-2.5444	0.69576	0.69648	0.999995	618	0	-2.5444
CAV1	8	0.78444	0.92135	0.999995	771	3	-2.4056	0.16579	0.16655	0.999995	123	0	-2.4056
GPSM2	8	0.78464	0.92141	0.999995	772	3	-2.2005	0.15621	0.15684	0.999995	113	0	-2.2005
ABCC3	8	0.78562	0.92177	0.999995	773	3	-2.4682	0.28198	0.28256	0.999995	236	0	-2.4682
ADM	8	0.78608	0.92194	0.999995	774	2	-1.8748	0.50976	0.51019	0.999995	444	0	-1.8748
LRBA	8	0.79049	0.92386	0.999995	775	3	-1.8553	0.53321	0.53329	0.999995	465	0	-1.8553
SMARCA4	8	0.79107	0.92408	0.999995	776	3	-2.492	0.27287	0.27372	0.999995	228	0	-2.492
DLL1	8	0.79312	0.92512	0.999995	777	2	-2.1294	0.65105	0.65171	0.999995	571	0	-2.1294
ERN2	8	0.79338	0.92525	0.999995	778	3	-2.1362	0.65767	0.65872	0.999995	578	0	-2.1362
ATP6V1C2	16	0.79453	0.96492	0.999995	779	6	-2.4414	0.56664	0.56466	0.999995	487	0	-2.4414
RCBTB1	8	0.79491	0.92588	0.999995	780	2	-2.0411	0.42972	0.42961	0.999995	367	0	-2.0411
SYK	8	0.7953	0.92605	0.999995	781	2	-1.2699	0.2332	0.23381	0.999995	182	0	-1.2699
LBX1	8	0.7957	0.92616	0.999995	782	2	-2.2595	0.69806	0.69838	0.999995	621	0	-2.2595
PSMB8	8	0.79776	0.92704	0.999995	783	3	-2.5941	0.84471	0.84428	0.999995	773	0	-2.5941
SLC35F4	8	0.79903	0.92768	0.999995	784	1	-2.4136	0.27075	0.27151	0.999995	226	0	-2.4136
PRDM13	8	0.80022	0.92823	0.999995	785	3	-2.2637	0.56654	0.56664	0.999995	486	0	-2.2637
XYLT1	8	0.80153	0.92886	0.999995	786	3	-2.5085	0.38739	0.38725	0.999995	325	0	-2.5085
CTPS2	8	0.80538	0.9307	0.999995	787	3	-2.3001	0.55245	0.55211	0.999995	479	0	-2.3001
DBT	8	0.80823	0.93208	0.999995	788	2	-2.3407	0.12854	0.12919	0.999995	90	0	-2.3407
IRF6	8	0.80887	0.93235	0.999995	789	3	-2.4616	0.11608	0.11646	0.999995	80	0	-2.4616
MYD88	8	0.80909	0.93246	0.999995	790	2	-1.6049	0.4083	0.40834	0.999995	348	0	-1.6049
E2F4	8	0.80953	0.93272	0.999995	791	2	-2.0972	0.73741	0.73683	0.999995	657	0	-2.0972
PHLDA2	8	0.81111	0.93329	0.999995	792	3	-2.4357	0.14491	0.14547	0.999995	101	0	-2.4357
ABL2	8	0.81202	0.93373	0.999995	793	3	-1.95	0.43313	0.43309	0.999995	370	0	-1.95
TREM2	8	0.8131	0.93421	0.999995	794	3	-2.2318	0.27708	0.27782	0.999995	231	0	-2.2318
EPHA3	8	0.81562	0.93528	0.999995	795	3	-2.5819	0.76626	0.76604	0.999995	688	0	-2.5819
NHLRC1	8	0.8173	0.9361	0.999995	796	2	-2.1164	0.46247	0.46277	0.999995	400	0	-2.1164
DENND5A	8	0.81775	0.93629	0.999995	797	3	-2.4294	0.70388	0.70446	0.999995	628	0	-2.4294
PDX1	8	0.8185	0.93657	0.999995	798	1	-1.7779	0.23762	0.23831	0.999995	186	0	-1.7779
SOS2	8	0.81892	0.93683	0.999995	799	2	-2.3757	0.53081	0.53077	0.999995	462	0	-2.3757
SAP30	8	0.81917	0.93697	0.999995	800	3	-1.9103	0.34556	0.34548	0.999995	294	0	-1.9103
MTA3	8	0.82075	0.93777	0.999995	801	3	-1.8052	0.51818	0.51851	0.999995	449	0	-1.8052
ERO1A	8	0.82162	0.93817	0.999995	802	2	-2.3371	0.30262	0.30296	0.999995	253	0	-2.3371
SPDEF	8	0.82182	0.93826	0.999995	803	1	-2.2903	0.42858	0.42839	0.999995	365	0	-2.2903
RHOBTB2	8	0.82367	0.93908	0.999995	804	1	-2.5392	0.29716	0.29779	0.999995	249	0	-2.5392
ABCB1	8	0.82494	0.93971	0.999995	805	3	-2.3507	0.42285	0.42246	0.999995	359	0	-2.3507
GNB3	8	0.82511	0.93981	0.999995	806	3	-2.2589	0.74875	0.74848	0.999995	668	0	-2.2589
PACS2	8	0.82563	0.94012	0.999995	807	3	-1.9858	0.63286	0.63366	0.999995	551	0	-1.9858
BRSK1	8	0.827	0.94077	0.999995	808	3	-2.3395	0.43539	0.43583	0.999995	374	0	-2.3395
UAP1L1	8	0.82735	0.94093	0.999995	809	3	-2.6371	0.8283	0.82811	0.999995	752	0	-2.6371
SEC23A	8	0.82746	0.94097	0.999995	810	2	-2.4599	0.15138	0.15212	0.999995	107	0	-2.4599
PRSS37	8	0.8294	0.94178	0.999995	811	3	-2.018	0.6492	0.65	0.999995	570	0	-2.018
LMBR1	8	0.83075	0.94238	0.999995	812	3	-1.9473	0.81724	0.81724	0.999995	740	0	-1.9473
UAP1	8	0.83109	0.94257	0.999995	813	3	-2.541	0.47213	0.47235	0.999995	412	0	-2.541
CCDC69	8	0.8316	0.94291	0.999995	814	3	-1.8574	0.40594	0.40601	0.999995	345	0	-1.8574
TMEM9B	8	0.83362	0.94374	0.999995	815	3	-2.2169	0.53369	0.53388	0.999995	466	0	-2.2169
LATS1	8	0.83502	0.94433	0.999995	816	2	-1.791	0.042485	0.041421	0.999995	18	1	-1.791
GIT1	8	0.83595	0.94479	0.999995	817	3	-2.4253	0.49151	0.49172	0.999995	424	0	-2.4253
TCF3	8	0.83611	0.9449	0.999995	818	2	-1.5891	0.2529	0.25336	0.999995	204	0	-1.5891
IDH3G	8	0.83744	0.94541	0.999995	819	3	-2.4093	0.49969	0.50007	0.999995	433	0	-2.4093
JAG2	8	0.83908	0.9461	0.999995	820	3	-1.8086	0.21078	0.21131	0.999995	162	0	-1.8086
DCAF8L1	8	0.83974	0.9464	0.999995	821	3	-1.6104	0.51325	0.51353	0.999995	446	0	-1.6104
IKBKB	8	0.84104	0.94695	0.999995	822	3	-2.5205	0.69708	0.69759	0.999995	620	0	-2.5205
SMARCA2	8	0.84507	0.9486	0.999995	823	3	-2.6137	0.36958	0.36943	0.999995	310	0	-2.6137
UMPS	8	0.84619	0.94903	0.999995	824	3	-2.3362	0.50525	0.50544	0.999995	440	0	-2.3362
TMEM185A	8	0.84635	0.94907	0.999995	825	3	-1.7348	0.076022	0.07528	0.999995	42	0	-1.7348
PIP4P1	8	0.8467	0.94919	0.999995	826	2	-1.55	0.20623	0.20692	0.999995	160	0	-1.55
SPAG9	8	0.8467	0.9492	0.999995	827	3	-2.2597	0.38557	0.38552	0.999995	324	0	-2.2597
BATF3	8	0.84683	0.94925	0.999995	828	3	-1.8759	0.22802	0.22834	0.999995	178	0	-1.8759
CAPN2	8	0.84904	0.95017	0.999995	829	3	-2.4436	0.31809	0.31859	0.999995	269	0	-2.4436
ATOH1	8	0.84919	0.95024	0.999995	830	3	-2.4779	0.83303	0.83281	0.999995	760	0	-2.4779
ZMIZ2	8	0.84998	0.95053	0.999995	831	3	-2.3065	0.29236	0.29292	0.999995	245	0	-2.3065
LIM2	8	0.85013	0.9506	0.999995	832	3	-2.7501	0.17764	0.17799	0.999995	135	0	-2.7501
DST	8	0.85092	0.95096	0.999995	833	3	-2.0124	0.66845	0.66932	0.999995	595	0	-2.0124
TAF9B	6	0.85094	0.92757	0.999995	834	2	-2.2204	0.17106	0.16942	0.999995	128	0	-2.2204
CDNF	8	0.85123	0.95107	0.999995	835	3	-2.423	0.28891	0.28957	0.999995	240	0	-2.423
H2BFM	8	0.85231	0.95153	0.999995	836	3	-2.038	0.64168	0.64261	0.999995	564	0	-2.038
RALGPS1	8	0.8537	0.95202	0.999995	837	3	-2.4866	0.75643	0.75623	0.999995	678	0	-2.4866
IQCA1L	8	0.85478	0.95266	0.999995	838	3	-2.1972	0.66166	0.66267	0.999995	582	0	-2.1972
SEC11A	7	0.85502	0.93841	0.999995	839	2	-1.623	0.57808	0.5782	0.999995	501	0	-1.623
NCBP2L	8	0.85562	0.953	0.999995	840	2	-1.9133	0.054076	0.053059	0.999995	25	0	-1.9133
VPS37A	8	0.85601	0.95307	0.999995	841	1	-1.6922	0.65364	0.65455	0.999995	574	0	-1.6922
ERC1	8	0.85686	0.95328	0.999995	842	1	-2.1521	0.13676	0.13721	0.999995	94	0	-2.1521
GMPR	8	0.85956	0.9539	0.999995	843	2	-2.3644	0.67233	0.67334	0.999995	600	0	-2.3644
DDX39A	8	0.86139	0.95426	0.999995	844	2	-2.1869	0.26152	0.26197	0.999995	216	0	-2.1869
TBC1D4	8	0.86283	0.9546	0.999995	845	2	-2.6224	0.86546	0.86492	0.999995	795	0	-2.6224
RCBTB2	8	0.86489	0.95499	0.999995	846	2	-2.4207	0.25001	0.25044	0.999995	200	0	-2.4207
CHM	8	0.86576	0.95518	0.999995	847	2	-2.1788	0.059384	0.058206	0.999995	29	0	-2.1788
SAP30L	8	0.86864	0.9558	0.999995	848	2	-2.1684	0.23615	0.23679	0.999995	185	0	-2.1684
TYMS	8	0.86959	0.95601	0.999995	849	1	-1.3854	0.42801	0.42778	0.999995	364	0	-1.3854
ZDHHC17	8	0.87361	0.95692	0.999995	850	2	-2.1944	0.073412	0.072665	0.999995	40	0	-2.1944
ESRP1	8	0.87425	0.9571	0.999995	851	2	-2.6587	0.91161	0.91097	0.999995	833	0	-2.6587
ITSN2	8	0.87508	0.95726	0.999995	852	2	-1.7416	0.1538	0.15467	0.999995	110	0	-1.7416
TMEM120B	8	0.87588	0.95743	0.999995	853	1	-1.9805	0.3114	0.31172	0.999995	259	0	-1.9805
PLD2	8	0.87678	0.95753	0.999995	854	2	-1.7468	0.38069	0.38083	0.999995	319	0	-1.7468
AKAP11	8	0.87826	0.95796	0.999995	855	1	-1.9632	0.42686	0.42669	0.999995	363	0	-1.9632
CBLL2	8	0.8787	0.9581	0.999995	856	2	-1.7712	0.6371	0.63802	0.999995	557	0	-1.7712
STX4	8	0.87885	0.95812	0.999995	857	1	-1.9814	0.66525	0.66617	0.999995	589	0	-1.9814
AHCYL2	8	0.87942	0.9582	0.999995	858	2	-2.5252	0.78946	0.78923	0.999995	714	0	-2.5252
ALAS2	8	0.87973	0.95829	0.999995	859	1	-1.434	0.14084	0.14124	0.999995	97	0	-1.434
H1FOO	8	0.88062	0.9585	0.999995	860	2	-2.0239	0.28961	0.29027	0.999995	242	0	-2.0239
CDS1	8	0.88194	0.95878	0.999995	861	2	-1.4627	0.094111	0.094214	0.999995	59	0	-1.4627
DEGS1	8	0.88233	0.9589	0.999995	862	2	-2.1808	0.088975	0.088833	0.999995	53	0	-2.1808
COPS7A	8	0.88247	0.95895	0.999995	863	2	-2.1039	0.46893	0.4693	0.999995	408	0	-2.1039
TBC1D1	8	0.88276	0.95902	0.999995	864	2	-2.4251	0.12274	0.12373	0.999995	86	0	-2.4251
FOXE3	8	0.88432	0.95935	0.999995	865	1	-1.7862	0.78682	0.78665	0.999995	711	0	-1.7862
DGAT1	8	0.88558	0.95965	0.999995	866	2	-1.6796	0.52696	0.52681	0.999995	458	0	-1.6796
ASCL1	8	0.88584	0.95969	0.999995	867	2	-1.8469	0.28058	0.28115	0.999995	234	0	-1.8469
CDK8	8	0.88766	0.96008	0.999995	868	1	-1.6629	0.099223	0.099388	0.999995	66	0	-1.6629
ADARB1	8	0.88813	0.9602	0.999995	869	2	-2.0089	0.064666	0.063875	0.999995	32	0	-2.0089
TOMM20L	8	0.88997	0.96072	0.999995	870	1	-2.2664	0.72802	0.72759	0.999995	653	0	-2.2664
DLL4	8	0.89105	0.96098	0.999995	871	1	-2.0799	0.81787	0.81797	0.999995	742	0	-2.0799
ACTL6B	8	0.89357	0.96163	0.999995	872	2	-1.9793	0.15219	0.15298	0.999995	108	0	-1.9793
YAF2	8	0.89468	0.96195	0.999995	873	2	-1.414	0.16022	0.16093	0.999995	117	0	-1.414
CLTB	8	0.90012	0.96355	0.999995	874	2	-2.1223	0.6007	0.60124	0.999995	520	0	-2.1223
ENOX1	8	0.9035	0.96435	0.999995	875	1	-1.9937	0.28267	0.2832	0.999995	237	0	-1.9937
DZIP3	8	0.90398	0.96448	0.999995	876	1	-1.6596	0.33651	0.33647	0.999995	286	0	-1.6596
RECK	8	0.90422	0.96456	0.999995	877	1	-2.2398	0.58154	0.58182	0.999995	502	0	-2.2398
RSPH1	8	0.90434	0.96458	0.999995	878	2	-1.6312	0.11775	0.11832	0.999995	82	0	-1.6312
DYNLRB2	8	0.90656	0.96515	0.999995	879	2	-2.0972	0.19011	0.19071	0.999995	145	0	-2.0972
MANF	8	0.90821	0.9655	0.999995	880	1	-2.0453	0.4769	0.47688	0.999995	416	0	-2.0453
CAB39L	8	0.90855	0.96561	0.999995	881	1	-1.4466	0.59186	0.59227	0.999995	510	0	-1.4466
HTR3E	8	0.90918	0.96577	0.999995	882	2	-2.1019	0.45266	0.45308	0.999995	393	0	-2.1019
SLC25A24	8	0.91105	0.96624	0.999995	883	2	-2.6485	0.66703	0.66793	0.999995	593	0	-2.6485
FZD8	8	0.91382	0.967	0.999995	884	2	-1.1934	0.47585	0.47591	0.999995	415	0	-1.1934
OGDHL	8	0.91403	0.96706	0.999995	885	2	-2.2711	0.70803	0.70826	0.999995	636	0	-2.2711
CADPS2	8	0.91425	0.96713	0.999995	886	1	-2.0491	0.70867	0.70892	0.999995	637	0	-2.0491
CD44	8	0.91457	0.96719	0.999995	887	1	-1.5049	0.049632	0.048305	0.999995	21	0	-1.5049
NSG1	8	0.91901	0.96863	0.999995	888	1	-2.359	0.17842	0.17862	0.999995	136	0	-2.359
TBPL2	8	0.91907	0.96864	0.999995	889	2	-1.3422	0.35957	0.35936	0.999995	303	0	-1.3422
GALNT2	8	0.91993	0.96888	0.999995	890	1	-1.233	0.10177	0.10176	0.999995	68	0	-1.233
SUV39H2	7	0.92015	0.96482	0.999995	891	2	-1.6267	0.56468	0.56444	0.999995	483	0	-1.6267
ICK	8	0.92122	0.96916	0.999995	892	2	-2.0239	0.51176	0.51212	0.999995	445	0	-2.0239
G3BP2	8	0.92199	0.96941	0.999995	893	2	-2.2258	0.40001	0.40022	0.999995	340	0	-2.2258
GDI1	8	0.92256	0.9696	0.999995	894	2	-2.3766	0.91586	0.9152	0.999995	839	0	-2.3766
TANC2	7	0.92269	0.96594	0.999995	895	2	-1.7484	0.69409	0.69326	0.999995	615	0	-1.7484
CNOT6L	6	0.92305	0.95614	0.999995	896	1	-2.5894	0.212	0.20976	0.999995	164	0	-2.5894
NBEA	6	0.92387	0.95641	0.999995	897	1	-2.0852	0.60119	0.60226	0.999995	521	0	-2.0852
TMEM185B	8	0.92703	0.97122	0.999995	898	2	-2.2253	0.42915	0.42901	0.999995	366	0	-2.2253
SNX6	8	0.92775	0.97146	0.999995	899	2	-1.895	0.40889	0.40894	0.999995	349	0	-1.895
MECP2	8	0.92936	0.97203	0.999995	900	2	-2.0669	0.75885	0.75874	0.999995	680	0	-2.0669
DDX39B	8	0.92969	0.97212	0.999995	901	2	-1.9207	0.31341	0.31372	0.999995	262	0	-1.9207
ZMIZ1	8	0.93042	0.9723	0.999995	902	2	-1.4048	0.3813	0.38151	0.999995	320	0	-1.4048
DUSP10	8	0.9305	0.97232	0.999995	903	2	-2.4088	0.44325	0.4436	0.999995	383	0	-2.4088
CRNN	8	0.93177	0.9728	0.999995	904	1	-2.0467	0.23468	0.23539	0.999995	184	0	-2.0467
TLN2	8	0.93224	0.97297	0.999995	905	2	-1.985	0.31408	0.31437	0.999995	263	0	-1.985
NSDHL	8	0.93265	0.9731	0.999995	906	2	-2.3986	0.44436	0.44466	0.999995	385	0	-2.3986
CCNE1	8	0.93282	0.97314	0.999995	907	2	-1.4893	0.39042	0.39051	0.999995	328	0	-1.4893
RNF144B	8	0.93309	0.97323	0.999995	908	1	-2.3368	0.27918	0.27981	0.999995	232	0	-2.3368
AXL	8	0.93309	0.97324	0.999995	909	2	-1.9217	0.73712	0.73657	0.999995	656	0	-1.9217
TAP1	8	0.93334	0.97331	0.999995	910	2	-1.9452	0.39163	0.39172	0.999995	330	0	-1.9452
KIAA0319	8	0.93452	0.97365	0.999995	911	2	-2.3993	0.8285	0.82832	0.999995	753	0	-2.3993
SPHKAP	8	0.93477	0.97376	0.999995	912	2	-2.1347	0.50223	0.50242	0.999995	438	0	-2.1347
SMC1B	8	0.93481	0.97377	0.999995	913	2	-2.2122	0.10515	0.1052	0.999995	73	0	-2.2122
PXDNL	8	0.9349	0.97379	0.999995	914	1	-1.5853	0.12108	0.12189	0.999995	85	0	-1.5853
SEC14L3	8	0.93583	0.97413	0.999995	915	1	-2.153	0.66274	0.66363	0.999995	584	0	-2.153
RRAGD	8	0.93699	0.97455	0.999995	916	2	-2.3077	0.50676	0.5071	0.999995	442	0	-2.3077
NOX3	8	0.93883	0.9752	0.999995	917	2	-2.1812	0.70421	0.70477	0.999995	629	0	-2.1812
TANC1	8	0.93985	0.97564	0.999995	918	2	-2.106	0.39763	0.39778	0.999995	337	0	-2.106
TGFBR2	8	0.93992	0.97566	0.999995	919	1	-1.7621	0.5455	0.5456	0.999995	474	0	-1.7621
ARHGEF3	8	0.94048	0.97592	0.999995	920	2	-1.9964	0.10262	0.10261	0.999995	69	0	-1.9964
FCRL3	8	0.94086	0.97606	0.999995	921	2	-2.0996	0.31675	0.31714	0.999995	267	0	-2.0996
ANXA1	8	0.94095	0.97608	0.999995	922	1	-1.9427	0.55658	0.55652	0.999995	480	0	-1.9427
PLEK2	8	0.94102	0.97609	0.999995	923	2	-2.0288	0.49919	0.49958	0.999995	432	0	-2.0288
TMEM9	8	0.94196	0.97642	0.999995	924	1	-2.0924	0.26508	0.26547	0.999995	220	0	-2.0924
FKBP4	8	0.94276	0.9767	0.999995	925	2	-2.3197	0.38191	0.38207	0.999995	321	0	-2.3197
MAPK8IP3	8	0.94333	0.97695	0.999995	926	1	-1.8795	0.34685	0.34686	0.999995	295	0	-1.8795
FMR1	8	0.94394	0.97722	0.999995	927	1	-2.3322	0.45813	0.4585	0.999995	397	0	-2.3322
TCF4	8	0.94403	0.97728	0.999995	928	2	-1.5165	0.048742	0.04752	0.999995	20	0	-1.5165
DMD	8	0.94462	0.97751	0.999995	929	2	-2.3539	0.46946	0.46992	0.999995	409	0	-2.3539
RRM2B	16	0.9462	0.99359	0.999995	930	5	-2.6247	0.79721	0.79674	0.999995	723	0	-2.6247
CCNL2	8	0.94699	0.97835	0.999995	931	2	-2.3675	0.49459	0.49488	0.999995	427	0	-2.3675
UNC119	8	0.94776	0.97868	0.999995	932	2	-2.3353	0.16181	0.16255	0.999995	118	0	-2.3353
KRTAP1-1	8	0.94799	0.97873	0.999995	933	2	-1.6946	0.12606	0.12671	0.999995	89	0	-1.6946
IKBKE	8	0.94846	0.97884	0.999995	934	2	-1.9657	0.47901	0.47912	0.999995	418	0	-1.9657
CAP2	8	0.9488	0.97901	0.999995	935	2	-2.2001	0.6779	0.67876	0.999995	604	0	-2.2001
SLC25A15	8	0.94921	0.9792	0.999995	936	2	-2.4049	0.38496	0.38487	0.999995	323	0	-2.4049
SMARCA1	8	0.9508	0.97977	0.999995	937	2	-2.1013	0.45046	0.4508	0.999995	390	0	-2.1013
AP2A2	8	0.95136	0.97996	0.999995	938	2	-1.7178	0.20088	0.20156	0.999995	154	0	-1.7178
FRS3	8	0.95163	0.98007	0.999995	939	2	-2.1796	0.78392	0.78396	0.999995	707	0	-2.1796
SERPINA9	8	0.95222	0.9803	0.999995	940	2	-1.8252	0.23172	0.23223	0.999995	179	0	-1.8252
SATB2	8	0.95293	0.98062	0.999995	941	2	-1.6243	0.17055	0.17118	0.999995	127	0	-1.6243
TRIM25	8	0.95331	0.98086	0.999995	942	2	-1.8392	0.52841	0.5284	0.999995	461	0	-1.8392
CD163L1	8	0.95414	0.98111	0.999995	943	2	-2.1918	0.19243	0.19285	0.999995	146	0	-2.1918
IMPDH1	8	0.95454	0.98135	0.999995	944	1	-1.8149	0.40535	0.40529	0.999995	344	0	-1.8149
PDGFC	8	0.95466	0.98137	0.999995	945	2	-1.494	0.15461	0.1554	0.999995	111	0	-1.494
CHMP1B	8	0.95565	0.98179	0.999995	946	1	-1.7473	0.29098	0.29164	0.999995	243	0	-1.7473
ALAS1	16	0.95623	0.9952	0.999995	947	5	-2.2379	0.85702	0.85695	0.999995	784	0	-2.2379
GRM4	8	0.95779	0.98271	0.999995	948	1	-2.0463	0.27146	0.27242	0.999995	227	0	-2.0463
CTPS1	8	0.95844	0.98294	0.999995	949	2	-2.0316	0.59777	0.5982	0.999995	516	0	-2.0316
FLT1	8	0.9585	0.98296	0.999995	950	2	-1.5646	0.16976	0.17044	0.999995	126	0	-1.5646
IDH2	8	0.95861	0.983	0.999995	951	2	-1.9839	0.19628	0.19674	0.999995	149	0	-1.9839
NCK2	8	0.95873	0.98304	0.999995	952	2	-2.5842	0.43877	0.43919	0.999995	379	0	-2.5842
PHLDA3	8	0.96021	0.9838	0.999995	953	2	-1.9208	0.33195	0.33216	0.999995	281	0	-1.9208
TXNDC8	8	0.96121	0.98429	0.999995	954	2	-2.1305	0.36584	0.36588	0.999995	307	0	-2.1305
RNF113B	8	0.96127	0.98432	0.999995	955	2	-1.6501	0.15701	0.15764	0.999995	114	0	-1.6501
TMEM120A	8	0.96143	0.98442	0.999995	956	2	-1.7508	0.14815	0.14872	0.999995	104	0	-1.7508
FSD1	8	0.96225	0.98474	0.999995	957	2	-1.7463	0.27004	0.27072	0.999995	225	0	-1.7463
GXYLT2	8	0.96279	0.98495	0.999995	958	2	-2.5236	0.18933	0.18979	0.999995	144	0	-2.5236
PPP2CB	6	0.96332	0.97018	0.999995	959	1	-2.3343	0.437	0.43777	0.999995	376	0	-2.3343
ENOX2	8	0.96353	0.98522	0.999995	960	2	-2.3697	0.61263	0.61332	0.999995	534	0	-2.3697
ZNF423	8	0.96358	0.98525	0.999995	961	2	-1.8928	0.36459	0.36457	0.999995	305	0	-1.8928
ARFIP1	8	0.96368	0.98531	0.999995	962	2	-2.0213	0.068173	0.06735	0.999995	36	0	-2.0213
NAA11	8	0.96389	0.98546	0.999995	963	2	-2.3959	0.46517	0.46565	0.999995	403	0	-2.3959
AQP8	8	0.96411	0.98554	0.999995	964	1	-1.6915	0.41938	0.41908	0.999995	355	0	-1.6915
ARSJ	8	0.96441	0.98562	0.999995	965	2	-1.7105	0.69412	0.69484	0.999995	616	0	-1.7105
LIMK2	8	0.9668	0.98612	0.999995	966	1	-2.338	0.30533	0.30569	0.999995	254	0	-2.338
PDCD4	8	0.96936	0.9865	0.999995	967	1	-1.5442	0.28337	0.28388	0.999995	238	0	-1.5442
MAK	8	0.96997	0.98661	0.999995	968	1	-1.3006	0.40771	0.40779	0.999995	347	0	-1.3006
EPS15	8	0.97256	0.98703	0.999995	969	1	-2.0592	0.089833	0.089543	0.999995	54	0	-2.0592
FOXK1	8	0.97327	0.98715	0.999995	970	1	-1.4471	0.24929	0.24971	0.999995	199	0	-1.4471
SATB1	8	0.97362	0.98718	0.999995	971	1	-2.1228	0.13921	0.13966	0.999995	96	0	-2.1228
FLOT2	8	0.97549	0.98766	0.999995	972	1	-1.8387	0.088116	0.087918	0.999995	52	0	-1.8387
CBLL1	8	0.97578	0.9877	0.999995	973	1	-1.029	0.079492	0.078792	0.999995	44	0	-1.029
ERN1	8	0.97738	0.98811	0.999995	974	1	-2.1901	0.5002	0.50057	0.999995	434	0	-2.1901
EGFR	8	0.97789	0.9882	0.999995	975	1	-2.11	0.30803	0.3085	0.999995	256	0	-2.11
HRH1	8	0.97968	0.98868	0.999995	976	1	-2.1118	0.70485	0.70538	0.999995	631	0	-2.1118
EPS15L1	8	0.97977	0.98869	0.999995	977	1	-1.2564	0.25363	0.25399	0.999995	205	0	-1.2564
RNF2	7	0.9813	0.98499	0.999995	978	1	-1.0962	0.11782	0.11747	0.999995	83	0	-1.0962
MED23	8	0.98148	0.98918	0.999995	979	1	-0.97855	0.053189	0.052144	0.999995	24	0	-0.97855
SHMT1	7	0.98371	0.98602	0.999995	980	1	-1.9213	0.46693	0.46695	0.999995	406	0	-1.9213
MARCKS	8	0.98379	0.98976	0.999995	981	1	-1.0939	0.14572	0.14631	0.999995	102	0	-1.0939
FAM50B	8	0.98406	0.98991	0.999995	982	1	-2.0341	0.59651	0.59695	0.999995	514	0	-2.0341
SMAP1	8	0.98448	0.99008	0.999995	983	1	-2.1885	0.67478	0.67584	0.999995	602	0	-2.1885
ZNF146	8	0.9861	0.99059	0.999995	984	1	-1.7391	0.46678	0.46739	0.999995	405	0	-1.7391
ABCA3	8	0.98656	0.99077	0.999995	985	1	-2.1136	0.46139	0.46172	0.999995	399	0	-2.1136
HUS1B	8	0.98709	0.99096	0.999995	986	1	-1.8101	0.63672	0.63771	0.999995	556	0	-1.8101
CDK19	16	0.98722	0.9986	0.999995	987	2	-1.7094	0.50022	0.49852	0.999995	435	0	-1.7094
PDLIM5	8	0.98729	0.99102	0.999995	988	1	-2.0096	0.32867	0.3289	0.999995	278	0	-2.0096
FOXA1	8	0.98797	0.99126	0.999995	989	1	-2.3598	0.80311	0.80307	0.999995	731	0	-2.3598
FAM126A	8	0.98834	0.99138	0.999995	990	1	-1.4913	0.14977	0.15048	0.999995	106	0	-1.4913
ANKRD37	8	0.98958	0.99184	0.999995	991	1	-1.6676	0.18155	0.18189	0.999995	139	0	-1.6676
ELL2	7	0.98993	0.99	0.999995	992	1	-1.9667	0.35544	0.35608	0.999995	301	0	-1.9667
GDF15	8	0.99058	0.99231	0.999995	993	1	-1.4549	0.32008	0.32043	0.999995	271	0	-1.4549
ZNF185	8	0.9915	0.99281	0.999995	994	1	-1.4589	0.17921	0.17951	0.999995	137	0	-1.4589
KIAA0319L	8	0.99206	0.99315	0.999995	995	1	-2.3481	0.37578	0.37562	0.999995	315	0	-2.3481
RING1	8	0.99291	0.99362	0.999995	996	1	-1.8133	0.046064	0.044989	0.999995	19	1	-1.8133
FNIP2	8	0.99346	0.99397	0.999995	997	1	-1.6339	0.32736	0.3277	0.999995	276	0	-1.6339
FBLN1	8	0.9936	0.99406	0.999995	998	1	-2.3269	0.43483	0.43527	0.999995	373	0	-2.3269
HMG20B	8	0.99391	0.99431	0.999995	999	1	-1.7052	0.4124	0.41247	0.999995	352	0	-1.7052
TIRAP	8	0.99422	0.99449	0.999995	1000	1	-1.9067	0.24493	0.24523	0.999995	194	0	-1.9067
ZNF521	8	0.99467	0.99487	0.999995	1001	1	-1.6595	0.1441	0.14464	0.999995	100	0	-1.6595
XPO7	8	0.99468	0.99488	0.999995	1002	1	-1.4457	0.14896	0.14956	0.999995	105	0	-1.4457
PCDH1	8	0.99481	0.99495	0.999995	1003	1	-2.1899	0.26366	0.26424	0.999995	218	0	-2.1899
PTPN6	8	0.9949	0.99504	0.999995	1004	1	-1.3586	0.37145	0.37153	0.999995	312	0	-1.3586
PLD1	8	0.9951	0.99521	0.999995	1005	1	-2.4236	0.51867	0.51898	0.999995	450	0	-2.4236
XYLT2	8	0.99536	0.99538	0.999995	1006	1	-2.1155	0.28476	0.28541	0.999995	239	0	-2.1155
TBC1D9	8	0.99549	0.99547	0.999995	1007	1	-1.9539	0.095818	0.095736	0.999995	62	0	-1.9539
CLTA	8	0.99561	0.99555	0.999995	1008	1	-1.1916	0.055848	0.054628	0.999995	26	0	-1.1916
CALY	8	0.99586	0.99583	0.999995	1009	1	-1.9751	0.4499	0.45023	0.999995	389	0	-1.9751
TRAPPC3L	8	0.99588	0.99586	0.999995	1010	1	-2.1457	0.2665	0.26679	0.999995	222	0	-2.1457
CTNNB1	8	0.99597	0.99591	0.999995	1011	1	-1.5297	0.037994	0.037087	0.999995	14	1	-1.5297
HMGCL	8	0.99599	0.99593	0.999995	1012	1	-2.4983	0.81766	0.81773	0.999995	741	0	-2.4983
COPZ2	8	0.99625	0.99618	0.999995	1013	0	-2.2004	0.3526	0.35295	0.999995	299	0	-2.2004
GOLPH3	8	0.99632	0.99625	0.999995	1014	0	-1.8851	0.17371	0.17427	0.999995	130	0	-1.8851
PCBD1	8	0.99649	0.99642	0.999995	1015	0	-2.1092	0.13758	0.13803	0.999995	95	0	-2.1092
IAPP	8	0.9966	0.99652	0.999995	1016	0	-1.3145	0.097522	0.097567	0.999995	63	0	-1.3145
CHSY1	8	0.99674	0.99661	0.999995	1017	0	-1.7258	0.45156	0.45173	0.999995	392	0	-1.7258
PDGFD	8	0.99677	0.99662	0.999995	1018	0	-1.737	0.5172	0.51737	0.999995	448	0	-1.737
RB1	8	0.99722	0.99717	0.999995	1019	0	-0.98936	0.14653	0.14717	0.999995	103	0	-0.98936
safe_control	74	0.99727	1.0	0.999995	1020	23	-2.0497	0.39158	0.3915	0.999995	329	0	-2.0497
JUP	8	0.99728	0.99722	0.999995	1021	0	-1.8348	0.20546	0.20616	0.999995	159	0	-1.8348
EPHA2	8	0.99732	0.99729	0.999995	1022	0	-1.8837	0.21153	0.21216	0.999995	163	0	-1.8837
ATP7B	8	0.9975	0.99749	0.999995	1023	0	-1.9125	0.34363	0.34347	0.999995	291	0	-1.9125
TCF12	8	0.99776	0.99773	0.999995	1024	0	-1.7833	0.32207	0.3224	0.999995	273	0	-1.7833
STRIP2	8	0.99783	0.99784	0.999995	1025	0	-1.7776	0.35323	0.35346	0.999995	300	0	-1.7776
CRYBB2	7	0.99811	0.99807	0.999995	1026	0	-1.568	0.38234	0.3826	0.999995	322	0	-1.568
ATP7A	8	0.99816	0.99812	0.999995	1027	0	-1.9694	0.32604	0.32635	0.999995	275	0	-1.9694
FKBP10	8	0.99837	0.99834	0.999995	1028	0	-2.1674	0.48477	0.485	0.999995	420	0	-2.1674
GYS1	8	0.9984	0.99837	0.999995	1029	0	-1.6591	0.39942	0.39958	0.999995	339	0	-1.6591
MTUS1	8	0.99873	0.99872	0.999995	1030	0	-1.7502	0.25146	0.2519	0.999995	202	0	-1.7502
FXR2	8	0.99876	0.99873	0.999995	1031	0	-2.1092	0.64054	0.6415	0.999995	561	0	-2.1092
MED12	8	0.99891	0.99889	0.999995	1032	0	-0.65293	0.0010202	0.0017047	0.225866	8	2	-0.65293
SLC25A2	8	0.99907	0.999	0.999995	1033	0	-1.4084	0.051412	0.050248	0.999995	23	0	-1.4084
NUMB	8	0.99913	0.99902	0.999995	1034	0	-1.8984	0.39703	0.39716	0.999995	336	0	-1.8984
SPOP	8	0.99916	0.99905	0.999995	1035	0	-1.5037	0.12025	0.12093	0.999995	84	0	-1.5037
MPC1L	8	0.99933	0.99922	0.999995	1036	0	-2.0789	0.68134	0.6822	0.999995	606	0	-2.0789
SBF2	7	0.99936	0.99936	0.999995	1037	0	-1.6865	0.28893	0.28902	0.999995	241	0	-1.6865
HNRNPF	8	0.99938	0.99925	0.999995	1038	0	-1.7361	0.18856	0.18903	0.999995	143	0	-1.7361
FRY	8	0.9994	0.99926	0.999995	1039	0	-1.6539	0.66453	0.66545	0.999995	587	0	-1.6539
TNPO2	8	0.99953	0.99944	0.999995	1040	0	-2.0376	0.15541	0.15616	0.999995	112	0	-2.0376
FLNB	7	0.99955	0.9996	0.999995	1041	0	-1.326	0.17679	0.17535	0.999995	132	0	-1.326
RNF144A	8	0.99963	0.99954	0.999995	1042	0	-1.8181	0.71119	0.71115	0.999995	639	0	-1.8181
PPP3CA	8	0.99979	0.99971	0.999995	1043	0	-1.6912	0.43029	0.43015	0.999995	368	0	-1.6912
MED13	8	0.99981	0.99972	0.999995	1044	0	0.66212	9.861e-06	2.3351e-05	0.004125	6	3	0.66212
PCGF1	8	0.99983	0.99973	0.999995	1045	0	-1.0453	0.16897	0.16976	0.999995	125	0	-1.0453
MTUS2	8	0.99989	0.99986	0.999995	1046	0	-2.0166	0.74398	0.74302	0.999995	661	0	-2.0166
SOX9	8	0.99996	0.99996	0.999995	1047	0	0.03865	0.061148	0.060298	0.999995	30	0	0.03865
KIT	16	0.99997	0.99996	0.999995	1048	1	-1.6623	0.31463	0.31341	0.999995	264	0	-1.6623
AP2A1	8	0.99997	0.99999	0.999995	1049	0	-1.1798	0.20241	0.20328	0.999995	156	0	-1.1798
RYBP	7	0.99998	0.99999	0.999995	1050	0	-1.2334	0.098619	0.09851	0.999995	65	0	-1.2334
ABL1	8	0.99999	1.0	0.999995	1051	0	-1.5227	0.063788	0.063091	0.999995	31	0	-1.5227
MBD4	16	0.99999	0.99999	0.999995	1052	0	-2.1812	0.33651	0.33538	0.999995	285	0	-2.1812
LDB1	16	1.0	1.0	0.999995	1053	0	-1.6628	0.0029341	0.0056837	0.669417	9	2	-1.6628
FRYL	8	1.0	1.0	0.999995	1054	0	3.2345	5.7712e-16	4.6703e-06	0.00099	3	7	3.2345
CAB39	8	1.0	1.0	0.999995	1055	0	-0.13918	0.00083704	0.0015085	0.225866	7	2	-0.13918
LATS2	8	1.0	1.0	0.999995	1056	0	1.4651	1.5976e-08	4.6703e-06	0.00099	5	4	1.4651
MAP4K4	8	1.0	1.0	0.999995	1057	0	0.45589	0.022586	0.022263	0.999995	10	1	0.45589
RUNX1	8	1.0	1.0	0.999995	1058	0	2.7347	1.3832e-13	4.6703e-06	0.00099	4	6	2.7347
TP53	8	1.0	1.0	0.999995	1059	0	5.8254	1.03e-23	4.6703e-06	0.00099	1	8	5.8254
PTPN14	8	1.0	1.0	0.999995	1060	0	2.996	1.6253e-19	4.6703e-06	0.00099	2	8	2.996
