id	num	neg|score	neg|p-value	neg|fdr	neg|rank	neg|goodsgrna	neg|lfc	pos|score	pos|p-value	pos|fdr	pos|rank	pos|goodsgrna	pos|lfc
MYC	8	4.0763e-09	4.6703e-06	0.00099	1	8	-0.95715	1.0	1.0	0.999995	1060	0	-0.95715
RRM1	8	1.7127e-07	4.6703e-06	0.00099	2	8	-1.2476	0.99998	0.99997	0.999995	1056	0	-1.2476
E2F3	3	6.4733e-07	4.6703e-06	0.00099	3	3	-1.3105	1.0	1.0	0.999995	1059	0	-1.3105
NAE1	8	6.5429e-07	4.6703e-06	0.00099	4	7	-0.63555	0.90105	0.90152	0.999995	895	0	-0.63555
RRM2	4	7.1805e-07	4.6703e-06	0.00099	5	2	-1.03	0.76274	0.7629	0.999995	757	0	-1.03
CCND1	4	2.748e-06	1.4011e-05	0.001856	6	4	-1.341	1.0	1.0	0.999995	1058	0	-1.341
BUB3	4	2.7834e-06	1.4011e-05	0.001856	7	4	-1.1776	0.99994	0.99995	0.999995	1050	0	-1.1776
ALDOA	4	4.0112e-06	1.4011e-05	0.001856	8	4	-1.3916	0.99429	0.99458	0.999995	1012	0	-1.3916
RPP21	4	1.151e-05	4.2033e-05	0.00495	9	4	-1.3551	0.99999	0.99999	0.999995	1057	0	-1.3551
PRPF8	4	2.7005e-05	7.9395e-05	0.007651	10	4	-1.0412	0.99997	0.99998	0.999995	1055	0	-1.0412
POLR2L	4	2.9139e-05	7.9395e-05	0.007651	11	4	-1.755	0.99997	0.99998	0.999995	1054	0	-1.755
PDCD6IP	4	3.8064e-05	0.00010742	0.009488	12	4	-0.93302	0.99996	0.99996	0.999995	1053	0	-0.93302
COPA	4	4.4218e-05	0.0001261	0.009547	13	4	-1.1676	0.99996	0.99996	0.999995	1052	0	-1.1676
NKAP	4	4.5738e-05	0.0001261	0.009547	14	4	-0.93354	0.99995	0.99996	0.999995	1051	0	-0.93354
MTG2	4	5.9864e-05	0.00015412	0.010891	15	4	-0.81345	0.99988	0.99987	0.999995	1046	0	-0.81345
CHORDC1	3	7.0995e-05	0.00020082	0.013304	16	3	-1.1728	0.99993	0.99992	0.999995	1049	0	-1.1728
SF3B3	4	8.1986e-05	0.00027555	0.017181	17	4	-1.074	0.99992	0.99991	0.999995	1048	0	-1.074
ATP6V1B2	4	0.00012083	0.00048104	0.028328	18	4	-0.84425	0.99988	0.99987	0.999995	1047	0	-0.84425
PAF1	4	0.00014969	0.00063049	0.030828	19	4	-0.62437	0.99985	0.99986	0.999995	1045	0	-0.62437
FZR1	4	0.00015475	0.00063983	0.030828	20	4	-0.58921	0.99985	0.99986	0.999995	1044	0	-0.58921
SF3A1	4	0.00015666	0.00063983	0.030828	21	3	-1.0858	0.45977	0.45831	0.999995	468	0	-1.0858
NAA10	4	0.00017487	0.00077994	0.035945	22	4	-0.77814	0.99983	0.99985	0.999995	1043	0	-0.77814
INTS6	3	0.00019295	0.00059313	0.030828	23	3	-1.6424	0.99981	0.99982	0.999995	1042	0	-1.6424
TOMM22	4	0.00020309	0.00090136	0.03981	24	4	-0.73784	0.9998	0.99982	0.999995	1041	0	-0.73784
CLTC	4	0.0002677	0.0011629	0.049307	25	4	-0.62991	0.99973	0.99975	0.999995	1040	0	-0.62991
ASF1B	8	0.00026825	0.0017233	0.062991	26	7	-0.60622	0.7966	0.79584	0.999995	798	0	-0.60622
CDIPT	4	0.00030336	0.001275	0.05198	27	3	-0.75919	0.0087371	0.016528	0.993276	11	1	-0.75919
SF3B1	4	0.00033859	0.0013684	0.053722	28	3	-0.88122	0.79653	0.79699	0.999995	797	0	-0.88122
HSCB	4	0.00041097	0.001686	0.062991	29	4	-1.1291	0.97449	0.97471	0.999995	977	0	-1.1291
RPRD1B	4	0.00044466	0.0018167	0.063892	30	4	-0.62843	0.99956	0.99958	0.999995	1039	0	-0.62843
TIMM10	4	0.00047064	0.0019195	0.063892	31	4	-0.82886	0.99953	0.99956	0.999995	1038	0	-0.82886
HUS1	4	0.00047308	0.0019288	0.063892	32	4	-0.94302	0.97826	0.97849	0.999995	981	0	-0.94302
TOP2A	4	0.00048858	0.0019942	0.064056	33	4	-0.7037	0.99951	0.99955	0.999995	1037	0	-0.7037
RPL3	7	0.00051618	0.0034046	0.092536	34	4	-0.85349	0.3328	0.33194	0.999995	349	0	-0.85349
RNF113A	4	0.00058478	0.0023865	0.073126	35	3	-1.0685	0.41913	0.41742	0.999995	429	0	-1.0685
GTF3C1	4	0.00059308	0.0024145	0.073126	36	4	-0.56409	0.99941	0.99944	0.999995	1036	0	-0.56409
KIF11	4	0.00062528	0.0025453	0.074945	37	4	-1.0171	0.99937	0.99944	0.999995	1035	0	-1.0171
SMARCA4	4	0.00069566	0.0028349	0.081215	38	3	-0.99479	0.29695	0.29565	0.999995	309	0	-0.99479
THRAP3	4	0.00073799	0.002975	0.082986	39	4	-0.63353	0.99926	0.99935	0.999995	1034	0	-0.63353
AKIRIN2	4	0.00099888	0.0040305	0.104202	40	4	-0.82293	0.99762	0.9977	0.999995	1022	0	-0.82293
PRKDC	8	0.0010077	0.0059453	0.121192	41	7	-0.3895	0.87266	0.8721	0.999995	868	0	-0.3895
RPS19	4	0.0011002	0.0044134	0.107776	42	4	-0.88333	0.9989	0.99907	0.999995	1033	0	-0.88333
SIN3A	4	0.0011317	0.0045255	0.107776	43	4	-0.89743	0.99305	0.9933	0.999995	1008	0	-0.89743
STT3B	4	0.0011397	0.0045535	0.107776	44	4	-0.65258	0.99886	0.99901	0.999995	1032	0	-0.65258
MRPL38	4	0.0011902	0.004759	0.107776	45	3	-0.68532	0.79258	0.79296	0.999995	791	0	-0.68532
CCND3	4	0.0012159	0.0048524	0.107776	46	4	-0.4221	0.99878	0.99893	0.999995	1031	0	-0.4221
SBNO1	4	0.001222	0.0048711	0.107776	47	4	-1.1108	0.99878	0.99892	0.999995	1030	0	-1.1108
SMC1A	4	0.0012834	0.0050953	0.110224	48	4	-0.67047	0.99872	0.99887	0.999995	1029	0	-0.67047
TOP1	4	0.0013086	0.0052074	0.110396	49	4	-0.80117	0.99869	0.99885	0.999995	1028	0	-0.80117
DYNLRB1	3	0.0013449	0.0038343	0.101609	50	3	-0.74836	0.99866	0.99854	0.999995	1027	0	-0.74836
NXT1	4	0.0014267	0.0055903	0.116191	51	4	-0.44978	0.99857	0.99869	0.999995	1026	0	-0.44978
DHX9	3	0.001741	0.0048804	0.107776	52	3	-0.87543	0.99826	0.99814	0.999995	1025	0	-0.87543
MED18	8	0.0018648	0.010475	0.176253	53	6	-0.43151	0.88122	0.88088	0.999995	876	0	-0.43151
SNRPD3	4	0.0019366	0.0073931	0.147861	54	3	-0.9656	0.46267	0.46143	0.999995	470	0	-0.9656
ATP6V1C1	4	0.0021046	0.0078881	0.15484	55	4	-0.72941	0.9979	0.99799	0.999995	1024	0	-0.72941
KAT6A	4	0.0022821	0.0085419	0.162324	56	4	-0.703	0.98771	0.98824	0.999995	993	0	-0.703
ASF1A	4	0.0023048	0.008598	0.162324	57	3	-0.6106	0.89806	0.89731	0.999995	893	0	-0.6106
ZNF407	4	0.0023406	0.0087288	0.162324	58	4	-0.95677	0.99766	0.99773	0.999995	1023	0	-0.95677
PPP4C	4	0.0024119	0.0089156	0.16294	59	4	-0.72147	0.97934	0.97955	0.999995	983	0	-0.72147
PPP2CA	8	0.0025323	0.014025	0.215454	60	6	-0.61265	0.5928	0.59271	0.999995	583	0	-0.61265
CTR9	4	0.0025328	0.0093172	0.167394	61	4	-0.54727	0.99747	0.9975	0.999995	1021	0	-0.54727
TRAPPC3	4	0.0026254	0.0097188	0.170508	62	3	-0.68707	0.77079	0.7711	0.999995	765	0	-0.68707
MED12	4	0.0026547	0.0098123	0.170508	63	4	-0.70644	0.97649	0.97664	0.999995	980	0	-0.70644
ABT1	4	0.0028089	0.010363	0.176253	64	3	-0.83977	0.92328	0.92262	0.999995	916	0	-0.83977
SAFB2	4	0.0029759	0.010924	0.180274	65	4	-0.58491	0.99702	0.99705	0.999995	1020	0	-0.58491
GAPDH	4	0.0030352	0.011055	0.180274	66	4	-0.78069	0.99696	0.99702	0.999995	1019	0	-0.78069
RB1	4	0.003246	0.01183	0.189994	67	3	-0.61597	0.25938	0.25833	0.997507	274	0	-0.61597
KIF4A	4	0.0034485	0.012484	0.197503	68	4	-0.6708	0.99655	0.99659	0.999995	1018	0	-0.6708
SF3B5	4	0.0038346	0.013763	0.214546	69	3	-0.8969	0.79625	0.79662	0.999995	796	0	-0.8969
AHCYL1	4	0.0041662	0.014968	0.226662	70	3	-0.58617	0.38012	0.37899	0.999995	392	0	-0.58617
FOXK2	4	0.0045763	0.016341	0.24223	71	4	-0.4882	0.99542	0.99561	0.999995	1017	0	-0.4882
RIC8A	4	0.0046088	0.016453	0.24223	72	4	-0.54354	0.99539	0.99559	0.999995	1016	0	-0.54354
FANCM	4	0.0047615	0.017042	0.244503	73	2	-0.7825	0.95346	0.95338	0.999995	955	0	-0.7825
SEPHS2	4	0.0048078	0.017117	0.244503	74	4	-0.55224	0.99519	0.99535	0.999995	1015	0	-0.55224
PCGF1	4	0.0049042	0.017443	0.244503	75	3	-0.30367	0.55254	0.55134	0.999995	547	0	-0.30367
MED13L	4	0.0049612	0.01764	0.244503	76	4	-0.52199	0.99504	0.99522	0.999995	1014	0	-0.52199
SFPQ	4	0.0050653	0.018004	0.244669	77	3	-0.34049	0.95774	0.95753	0.999995	959	0	-0.34049
RPS5	4	0.0054594	0.019115	0.255433	78	3	-0.73078	0.55405	0.553	0.999995	549	0	-0.73078
BAP1	4	0.005623	0.019582	0.255433	79	4	-0.41412	0.99265	0.99296	0.999995	1004	0	-0.41412
RPL36	4	0.0056689	0.01976	0.255433	80	4	-0.70019	0.99433	0.99463	0.999995	1013	0	-0.70019
RHBDF1	4	0.0058816	0.020582	0.262853	81	4	-0.36062	0.99412	0.99445	0.999995	1011	0	-0.36062
KIF20A	8	0.005945	0.030446	0.319527	82	6	-0.38466	0.22582	0.22975	0.996584	237	1	-0.38466
CAND1	4	0.006092	0.021292	0.268682	83	3	-0.56298	0.94984	0.94943	0.999995	949	0	-0.56298
CCT6A	3	0.0065912	0.017761	0.244503	84	2	-0.76671	0.85915	0.85939	0.999995	855	0	-0.76671
MED13	4	0.0067309	0.023281	0.281447	85	4	-0.72573	0.99094	0.99142	0.999995	1000	0	-0.72573
RNF40	4	0.0067676	0.023356	0.281447	86	4	-0.49222	0.98986	0.99038	0.999995	997	0	-0.49222
TSG101	4	0.0067706	0.023365	0.281447	87	4	-0.56906	0.99323	0.99348	0.999995	1009	0	-0.56906
COPZ1	4	0.0069025	0.023674	0.281956	88	1	-0.067139	0.48882	0.48684	0.999995	495	0	-0.067139
XRCC6	4	0.0070358	0.024197	0.282547	89	4	-0.37748	0.99296	0.99323	0.999995	1007	0	-0.37748
ZMIZ2	4	0.0071485	0.02458	0.282547	90	4	-0.33617	0.99285	0.99314	0.999995	1006	0	-0.33617
TUFM	3	0.0072336	0.019489	0.255433	91	2	-0.91696	0.75798	0.7584	0.999995	751	0	-0.91696
MED20	4	0.0072856	0.024944	0.282547	92	4	-0.60282	0.99271	0.99302	0.999995	1005	0	-0.60282
CCNL1	4	0.0075894	0.025925	0.289265	93	4	-0.48623	0.99241	0.99276	0.999995	1003	0	-0.48623
FOXK1	4	0.0080255	0.027326	0.301722	94	4	-0.39833	0.99197	0.99242	0.999995	1002	0	-0.39833
ELL	4	0.0082173	0.027933	0.303546	95	4	-0.65892	0.97643	0.97661	0.999995	979	0	-0.65892
CTNNB1	4	0.008259	0.028064	0.303546	96	3	-0.41429	0.050236	0.05687	0.993276	59	1	-0.41429
RPL10A	4	0.008512	0.028904	0.309481	97	3	-0.84458	0.95555	0.9553	0.999995	956	0	-0.84458
PSMB3	3	0.008581	0.022936	0.281447	98	3	-0.79878	0.99142	0.99152	0.999995	1001	0	-0.79878
TCERG1	4	0.0092083	0.031109	0.32159	99	3	-0.59601	0.87424	0.87446	0.999995	871	0	-0.59601
LONP1	4	0.0092557	0.031249	0.32159	100	3	-0.64963	0.6169	0.61614	0.999995	610	0	-0.64963
CLNS1A	3	0.0093135	0.024776	0.282547	101	3	-0.40613	0.93792	0.93712	0.999995	934	0	-0.40613
TNPO1	3	0.0094191	0.025056	0.282547	102	3	-0.5219	0.99058	0.99051	0.999995	999	0	-0.5219
MTHFD1	4	0.0095315	0.032118	0.326308	103	4	-0.48217	0.99047	0.99099	0.999995	998	0	-0.48217
FAM50A	4	0.0096231	0.032323	0.326308	104	3	-0.81207	0.92684	0.92606	0.999995	920	0	-0.81207
SNRPB	4	0.01023	0.034313	0.343125	105	3	-0.54701	0.24901	0.24822	0.996584	262	0	-0.54701
SF1	4	0.010667	0.035545	0.352133	106	3	-0.65427	0.80342	0.80342	0.999995	803	0	-0.65427
POLR2A	4	0.011176	0.037255	0.361299	107	4	-0.40965	0.98882	0.9893	0.999995	996	0	-0.40965
CDK2	4	0.011216	0.037386	0.361299	108	3	-0.98264	0.92762	0.9268	0.999995	921	0	-0.98264
VMP1	4	0.011318	0.037759	0.361299	109	3	-0.74705	0.97057	0.97076	0.999995	973	0	-0.74705
RPL13	3	0.011325	0.029708	0.314901	110	3	-0.75265	0.98867	0.98867	0.999995	995	0	-0.75265
SF3B2	4	0.011482	0.038357	0.361299	111	3	-0.57583	0.93239	0.93157	0.999995	925	0	-0.57583
NCBP2	4	0.011484	0.038357	0.361299	112	1	-0.13135	0.40862	0.40676	0.999995	421	0	-0.13135
RPL19	4	0.011826	0.039347	0.365859	113	2	-0.6379	0.514	0.51265	0.999995	513	0	-0.6379
NAPA	4	0.012708	0.041934	0.386526	114	4	-0.41751	0.98729	0.98782	0.999995	992	0	-0.41751
POLR2B	4	0.013709	0.044961	0.410848	115	3	-0.66372	0.15725	0.15673	0.996584	164	1	-0.66372
RBM22	4	0.01424	0.046493	0.421215	116	4	-0.56292	0.98576	0.98609	0.999995	991	0	-0.56292
RPS8	3	0.014748	0.038516	0.361299	117	2	-0.76295	0.90961	0.90921	0.999995	907	0	-0.76295
EIF3J	4	0.015015	0.048622	0.436776	118	3	-0.72636	0.66682	0.66611	0.999995	663	0	-0.72636
RPL8	4	0.016268	0.052246	0.461457	119	3	-0.70959	0.71351	0.71293	0.999995	704	0	-0.70959
SOX9	4	0.01645	0.052788	0.461457	120	4	-0.27412	0.98355	0.98389	0.999995	990	0	-0.27412
SOD1	4	0.016721	0.053526	0.461457	121	3	-0.48375	0.88462	0.88452	0.999995	880	0	-0.48375
INTS2	4	0.016961	0.054301	0.461457	122	3	-0.53609	0.93634	0.93564	0.999995	932	0	-0.53609
WASL	4	0.016993	0.054423	0.461457	123	3	-0.46312	0.62182	0.62137	0.999995	618	0	-0.46312
PLAU	4	0.017316	0.05531	0.461643	124	3	-0.40751	0.77504	0.77561	0.999995	770	0	-0.40751
SAP30	4	0.018268	0.058168	0.475666	125	3	-0.41423	0.87867	0.87902	0.999995	872	0	-0.41423
UQCRC1	4	0.01835	0.058336	0.475666	126	4	-0.33996	0.98165	0.98207	0.999995	989	0	-0.33996
TACC3	4	0.018721	0.059448	0.481029	127	4	-0.37129	0.98128	0.98168	0.999995	988	0	-0.37129
IQCA1	4	0.019335	0.061335	0.492537	128	4	-0.42874	0.98066	0.98097	0.999995	986	0	-0.42874
ARID1A	4	0.01961	0.062129	0.49287	129	3	-0.47215	0.68155	0.68094	0.999995	675	0	-0.47215
XAB2	4	0.019682	0.062306	0.49287	130	3	-0.70599	0.90535	0.9042	0.999995	900	0	-0.70599
RPS3	3	0.019702	0.050724	0.451826	131	2	-0.95649	0.44406	0.4429	0.999995	451	0	-0.95649
RPA1	4	0.02031	0.063978	0.502293	132	4	-0.53182	0.97969	0.97984	0.999995	985	0	-0.53182
ANAPC4	4	0.020459	0.064445	0.502293	133	4	-0.34406	0.97954	0.97969	0.999995	984	0	-0.34406
LDB1	8	0.020784	0.084238	0.595281	134	6	-0.32787	0.99403	0.99396	0.999995	1010	0	-0.32787
RPL14	3	0.020959	0.053704	0.461457	135	2	-1.154	0.6789	0.67885	0.999995	673	0	-1.154
PTTG1	3	0.021451	0.054852	0.461457	136	3	-0.37824	0.97855	0.97821	0.999995	982	0	-0.37824
RFC2	4	0.021464	0.067387	0.521392	137	2	-0.64525	0.18609	0.18616	0.996584	195	0	-0.64525
RBBP4	3	0.02243	0.057019	0.472192	138	3	-0.92376	0.95778	0.95746	0.999995	960	0	-0.92376
CDS2	4	0.022714	0.071068	0.545882	139	3	-0.65686	0.28841	0.28702	0.999995	300	0	-0.65686
PFAS	4	0.023321	0.072954	0.556343	140	2	-0.42646	0.69121	0.69062	0.999995	683	0	-0.42646
CPSF3	4	0.025044	0.077933	0.588828	141	4	-0.52555	0.97496	0.97516	0.999995	978	0	-0.52555
PSMB8	4	0.025167	0.078325	0.588828	142	3	-0.32272	0.65493	0.65427	0.999995	653	0	-0.32272
RAN	4	0.025848	0.080249	0.590681	143	3	-0.60334	0.83652	0.83687	0.999995	833	0	-0.60334
DDX5	4	0.02607	0.080941	0.590681	144	3	-0.56699	0.79343	0.79398	0.999995	794	0	-0.56699
ATR	4	0.02628	0.081594	0.590681	145	3	-0.44386	0.73322	0.73226	0.999995	727	0	-0.44386
NAA11	4	0.026346	0.081828	0.590681	146	4	-0.45757	0.97365	0.97395	0.999995	976	0	-0.45757
MAT2A	4	0.026402	0.08194	0.590681	147	3	-0.5259	0.96869	0.96893	0.999995	972	0	-0.5259
MYL7	4	0.026588	0.082472	0.590681	148	4	-0.3457	0.97341	0.97375	0.999995	975	0	-0.3457
NMT1	4	0.026891	0.083257	0.592298	149	3	-0.33773	0.9723	0.97259	0.999995	974	0	-0.33773
GDI2	8	0.027105	0.10418	0.659801	150	6	-0.35244	0.20039	0.20653	0.996584	211	1	-0.35244
XYLT2	4	0.02814	0.085984	0.6036	151	3	-0.44243	0.91804	0.91718	0.999995	915	0	-0.44243
CDK7	4	0.028595	0.086965	0.606468	152	3	-0.55638	0.95876	0.95843	0.999995	962	0	-0.55638
RRM2B	8	0.029011	0.11009	0.668656	153	5	-0.28559	0.63528	0.63539	0.999995	635	0	-0.28559
TOMM40	7	0.029097	0.10685	0.666249	154	5	-0.31163	0.61494	0.61708	0.999995	608	0	-0.31163
NAA15	4	0.029798	0.089235	0.612552	155	3	-0.71897	0.91474	0.91367	0.999995	914	0	-0.71897
MRPL41	4	0.029985	0.089571	0.612552	156	3	-0.53833	0.95783	0.95756	0.999995	961	0	-0.53833
ILF3	4	0.030935	0.091533	0.617992	157	3	-0.66418	0.89106	0.89086	0.999995	884	0	-0.66418
AKIRIN1	4	0.0321	0.093775	0.62912	158	3	-0.57276	0.88859	0.88842	0.999995	881	0	-0.57276
RING1	4	0.032494	0.094587	0.630581	159	3	-0.34957	0.22871	0.22819	0.996584	240	0	-0.34957
HMGCS1	3	0.032648	0.080044	0.590681	160	3	-0.58954	0.96735	0.96683	0.999995	971	0	-0.58954
COX4I2	4	0.033795	0.096978	0.642481	161	3	-0.37636	0.90675	0.90523	0.999995	903	0	-0.37636
TTC7A	8	0.033922	0.12478	0.722745	162	6	-0.35131	0.98809	0.98835	0.999995	994	0	-0.35131
PFN1	4	0.034746	0.098697	0.649279	163	2	-0.36898	0.19397	0.19405	0.996584	202	0	-0.36898
BZW2	4	0.035023	0.099229	0.649279	164	3	-0.43107	0.94916	0.94876	0.999995	945	0	-0.43107
RPS11	3	0.036387	0.088525	0.612552	165	3	-0.75059	0.96361	0.96318	0.999995	967	0	-0.75059
CDK5R2	4	0.037239	0.10342	0.659801	166	3	-0.31578	0.96526	0.96522	0.999995	970	0	-0.31578
RPL11	3	0.037307	0.090711	0.616368	167	3	-0.69495	0.96269	0.96212	0.999995	966	0	-0.69495
CKAP5	8	0.037927	0.13718	0.76532	168	4	-0.33648	0.98088	0.98113	0.999995	987	0	-0.33648
SPAG9	4	0.038652	0.10614	0.665739	169	3	-0.34351	0.32761	0.32723	0.999995	343	0	-0.34351
PRPF38A	4	0.03965	0.10812	0.668656	170	3	-0.53727	0.053782	0.059794	0.993276	63	1	-0.53727
G3BP2	4	0.040098	0.109	0.668656	171	3	-0.9033	0.95014	0.94972	0.999995	950	0	-0.9033
TOB1	4	0.040663	0.11015	0.668656	172	3	-0.46706	0.65701	0.65646	0.999995	654	0	-0.46706
ACTL6A	4	0.040792	0.11039	0.668656	173	2	-0.60894	0.77383	0.77441	0.999995	768	0	-0.60894
TBC1D28	3	0.042558	0.10328	0.659801	174	3	-0.20876	0.95744	0.95718	0.999995	958	0	-0.20876
PDS5A	4	0.044075	0.11646	0.69746	175	3	-0.5102	0.26818	0.26703	0.999995	281	0	-0.5102
CFL1	4	0.045113	0.11838	0.704945	176	3	-0.45484	0.79931	0.79962	0.999995	800	0	-0.45484
TRRAP	4	0.045841	0.11966	0.708585	177	3	-0.67545	0.92408	0.92353	0.999995	918	0	-0.67545
SNAPC4	4	0.046454	0.12076	0.711139	178	3	-0.49695	0.73425	0.73355	0.999995	728	0	-0.49695
TLN1	4	0.046947	0.12164	0.712352	179	3	-0.344	0.9066	0.90514	0.999995	902	0	-0.344
TUBB2A	4	0.048459	0.12464	0.722745	180	2	-0.22094	0.3859	0.38462	0.999995	398	0	-0.22094
UTP14A	4	0.049858	0.12701	0.727856	181	3	-0.41354	0.477	0.47498	0.999995	483	0	-0.41354
GFM1	4	0.050232	0.12772	0.727856	182	3	-0.4829	0.17656	0.17615	0.996584	183	0	-0.4829
BUB1B	4	0.050962	0.12902	0.731323	183	2	-0.35973	0.84352	0.8442	0.999995	839	0	-0.35973
AFG3L2	3	0.053603	0.12727	0.727856	184	3	-0.39557	0.9464	0.94591	0.999995	941	0	-0.39557
TAMM41	4	0.05473	0.1365	0.76532	185	3	-0.44129	0.44686	0.44565	0.999995	452	0	-0.44129
DGKZ	3	0.055696	0.13235	0.746234	186	3	-0.5809	0.9443	0.94368	0.999995	939	0	-0.5809
MED23	4	0.056373	0.13939	0.772612	187	3	-0.57244	0.93563	0.93498	0.999995	931	0	-0.57244
WDR12	4	0.056632	0.13994	0.772612	188	3	-0.48756	0.781	0.78141	0.999995	774	0	-0.48756
RPL18A	2	0.058854	0.10377	0.659801	189	2	-1.0851	0.91316	0.91262	0.999995	912	0	-1.0851
VCP	4	0.059205	0.14474	0.793923	190	3	-0.44912	0.8549	0.85539	0.999995	850	0	-0.44912
RPL31	2	0.059284	0.10453	0.659801	191	2	-0.6184	0.94072	0.94014	0.999995	937	0	-0.6184
RPL37A	2	0.059301	0.10457	0.659801	192	2	-0.85652	0.84775	0.84626	0.999995	846	0	-0.85652
UTP14C	4	0.059963	0.14597	0.793923	193	1	0.031309	0.032356	0.040916	0.993276	37	1	0.031309
ATP7A	4	0.060153	0.14631	0.793923	194	2	-0.47876	0.94975	0.94935	0.999995	948	0	-0.47876
CNOT7	4	0.060391	0.1468	0.793923	195	2	-0.39436	0.90644	0.90506	0.999995	901	0	-0.39436
ULK1	4	0.062066	0.14979	0.805976	196	2	-0.31709	0.7277	0.72712	0.999995	720	0	-0.31709
MTMR4	4	0.06518	0.15575	0.821363	197	3	-0.3446	0.059963	0.065333	0.995801	70	1	-0.3446
SEPHS1	3	0.065282	0.15277	0.814431	198	3	-0.31145	0.93472	0.93401	0.999995	930	0	-0.31145
IPO7	3	0.065641	0.15351	0.814431	199	2	-0.63476	0.827	0.8273	0.999995	829	0	-0.63476
RPS23	2	0.06586	0.11624	0.69746	200	2	-0.69273	0.93414	0.93376	0.999995	928	0	-0.69273
PMPCB	4	0.066115	0.15732	0.825532	201	1	-0.29596	0.83341	0.83388	0.999995	830	0	-0.29596
EIF4A3	4	0.067616	0.15995	0.831125	202	3	-0.64937	0.84214	0.84267	0.999995	838	0	-0.64937
PKM	3	0.069522	0.15912	0.830878	203	2	-0.76414	0.54283	0.54139	0.999995	538	0	-0.76414
ACTL6B	4	0.069616	0.16364	0.842041	204	1	-0.17276	0.22643	0.22611	0.996584	238	0	-0.17276
PPP2R1A	4	0.07042	0.1651	0.845435	205	3	-0.30457	0.71747	0.71666	0.999995	708	0	-0.30457
ADSS	3	0.071248	0.16128	0.833929	206	1	-0.043725	0.60058	0.60003	0.999995	589	0	-0.043725
MANF	4	0.071363	0.16688	0.850462	207	2	-0.44481	0.83461	0.83501	0.999995	832	0	-0.44481
SAMD9	4	0.073108	0.16978	0.861078	208	1	-0.22828	0.4439	0.44257	0.999995	450	0	-0.22828
YIF1A	4	0.074308	0.17165	0.866407	209	3	-0.42591	0.90328	0.90241	0.999995	897	0	-0.42591
CRK	4	0.076128	0.17541	0.881212	210	2	-0.37588	0.8562	0.85655	0.999995	853	0	-0.37588
MED8	4	0.076727	0.17642	0.882099	211	3	-0.34971	0.90922	0.90807	0.999995	906	0	-0.34971
BRD8	4	0.077965	0.1786	0.883228	212	2	-0.3819	0.90424	0.9032	0.999995	898	0	-0.3819
LIN28B	4	0.078563	0.1796	0.883228	213	3	-0.40834	0.92658	0.92585	0.999995	919	0	-0.40834
MRPL55	4	0.078758	0.17998	0.883228	214	3	-0.23449	0.45744	0.45595	0.999995	464	0	-0.23449
MDM4	4	0.079554	0.18125	0.883618	215	3	-0.44241	0.95935	0.95898	0.999995	964	0	-0.44241
FDPS	4	0.082769	0.18716	0.905895	216	3	-0.40533	0.35393	0.35322	0.999995	371	0	-0.40533
IMPDH1	4	0.083526	0.18858	0.908618	217	3	-0.36349	0.3546	0.35377	0.999995	372	0	-0.36349
RIC8B	4	0.085102	0.19136	0.914704	218	3	-0.40077	0.63456	0.63385	0.999995	633	0	-0.40077
SPOP	4	0.085213	0.19157	0.914704	219	3	-0.3756	0.35592	0.35496	0.999995	374	0	-0.3756
SNRPD2	3	0.085666	0.17985	0.883228	220	2	-0.31565	0.79102	0.7918	0.999995	790	0	-0.31565
BRSK1	4	0.086033	0.19313	0.916394	221	2	-0.2271	0.11087	0.11273	0.996584	117	1	-0.2271
HASPIN	4	0.08634	0.19365	0.916394	222	3	-0.46926	0.59158	0.59118	0.999995	581	0	-0.46926
TUBB	3	0.087218	0.18173	0.883618	223	2	-0.60069	0.20343	0.20275	0.996584	215	0	-0.60069
HNRNPK	4	0.088791	0.19822	0.933839	224	2	-0.41594	0.46786	0.46649	0.999995	476	0	-0.41594
RPS15	2	0.088896	0.15367	0.814431	225	2	-0.63207	0.9111	0.91075	0.999995	909	0	-0.63207
YIPF7	4	0.089933	0.20016	0.93882	226	3	-0.30434	0.30961	0.30834	0.999995	325	0	-0.30434
SAMD4B	4	0.090479	0.20117	0.939395	227	3	-0.30247	0.80988	0.81043	0.999995	814	0	-0.30247
RGS19	4	0.09417	0.20749	0.96463	228	3	-0.35067	0.77322	0.77388	0.999995	767	0	-0.35067
XRCC4	4	0.096804	0.21174	0.98009	229	3	-0.34301	0.83981	0.84037	0.999995	836	0	-0.34301
SKA1	4	0.097547	0.21299	0.980177	230	2	-0.33047	0.13014	0.13108	0.996584	136	1	-0.33047
ARID4A	4	0.097946	0.2136	0.980177	231	3	-0.37264	0.94275	0.94198	0.999995	938	0	-0.37264
TOP1MT	4	0.098988	0.2156	0.985084	232	2	-0.34342	0.89672	0.89603	0.999995	889	0	-0.34342
UNC119	4	0.10044	0.2183	0.993137	233	2	-0.43978	0.89789	0.89717	0.999995	892	0	-0.43978
GSTP1	4	0.10122	0.21973	0.995367	234	3	-0.21376	0.61148	0.61099	0.999995	603	0	-0.21376
RAMP2	4	0.1022	0.2217	0.99742	235	3	-0.37431	0.6541	0.65345	0.999995	651	0	-0.37431
TBP	4	0.10239	0.22207	0.99742	236	3	-0.32021	0.96459	0.96442	0.999995	969	0	-0.32021
PRDM16	4	0.10298	0.22311	0.99789	237	3	-0.26213	0.74567	0.74534	0.999995	736	0	-0.26213
CAP2	4	0.10456	0.22568	0.999995	238	3	-0.35433	0.12848	0.1296	0.996584	134	1	-0.35433
RNF20	4	0.10515	0.2269	0.999995	239	3	-0.30316	0.26085	0.25973	0.997507	276	0	-0.30316
EIF3B	4	0.10579	0.22797	0.999995	240	2	-0.34155	0.71604	0.71521	0.999995	705	0	-0.34155
CYP26C1	4	0.10595	0.22828	0.999995	241	3	-0.2699	0.054667	0.060588	0.993276	64	1	-0.2699
RPA3	4	0.10615	0.22866	0.999995	242	3	-0.49392	0.26891	0.26763	0.999995	282	0	-0.49392
IRF4	4	0.1084	0.23249	0.999995	243	3	-0.39242	0.17256	0.17244	0.996584	178	1	-0.39242
PSMC3	4	0.10918	0.23373	0.999995	244	2	-0.3122	0.6258	0.62557	0.999995	625	0	-0.3122
ATP5F1A	4	0.10978	0.2348	0.999995	245	3	-0.2962	0.3599	0.35896	0.999995	378	0	-0.2962
COPG2	4	0.112	0.23854	0.999995	246	2	-0.30855	0.81331	0.81417	0.999995	817	0	-0.30855
CAND2	4	0.11382	0.24166	0.999995	247	3	-0.37135	0.099835	0.10206	0.996584	108	1	-0.37135
KRT25	4	0.11452	0.24287	0.999995	248	3	-0.35605	0.4295	0.42766	0.999995	437	0	-0.35605
GATAD2A	4	0.11504	0.24371	0.999995	249	2	-0.3099	0.18133	0.18117	0.996584	189	0	-0.3099
LSM14B	4	0.11578	0.24499	0.999995	250	3	-0.29611	0.50589	0.50428	0.999995	506	0	-0.29611
ADAP1	4	0.11596	0.24533	0.999995	251	3	-0.36724	0.17496	0.17465	0.996584	181	0	-0.36724
PUM2	4	0.11662	0.24621	0.999995	252	3	-0.3234	0.95318	0.95312	0.999995	953	0	-0.3234
SPTLC2	4	0.11845	0.24932	0.999995	253	1	-0.11722	0.80451	0.80461	0.999995	805	0	-0.11722
MTUS2	4	0.11852	0.24948	0.999995	254	3	-0.19517	0.26306	0.26185	0.999995	277	0	-0.19517
COPS7A	4	0.11938	0.2508	0.999995	255	3	-0.28972	0.8707	0.87095	0.999995	866	0	-0.28972
FKBP9	4	0.12152	0.25445	0.999995	256	2	-0.20956	0.22262	0.22214	0.996584	235	0	-0.20956
LGALS9	4	0.12183	0.25508	0.999995	257	2	-0.28964	0.78159	0.78206	0.999995	776	0	-0.28964
MTMR3	4	0.12195	0.2553	0.999995	258	3	-0.25821	0.91164	0.91047	0.999995	910	0	-0.25821
ABCA3	4	0.12402	0.25885	0.999995	259	3	-0.26582	0.90691	0.90542	0.999995	904	0	-0.26582
COX6B2	4	0.12496	0.26027	0.999995	260	2	-0.1958	0.16533	0.16488	0.996584	172	1	-0.1958
PUM1	4	0.12559	0.26145	0.999995	261	2	-0.30746	0.69236	0.692	0.999995	684	0	-0.30746
TMEM30B	4	0.12676	0.26319	0.999995	262	3	-0.33472	0.37365	0.37256	0.999995	386	0	-0.33472
TOB2	4	0.12812	0.26559	0.999995	263	2	-0.35961	0.83365	0.83404	0.999995	831	0	-0.35961
GXYLT2	4	0.13067	0.26976	0.999995	264	2	-0.33905	0.65034	0.64969	0.999995	647	0	-0.33905
CDK17	4	0.13076	0.26991	0.999995	265	3	-0.36384	0.93785	0.93708	0.999995	933	0	-0.36384
DENND5A	4	0.13234	0.27261	0.999995	266	3	-0.28123	0.85983	0.85999	0.999995	857	0	-0.28123
RNF144B	4	0.13302	0.2739	0.999995	267	3	-0.30795	0.77443	0.77508	0.999995	769	0	-0.30795
XPO7	4	0.13387	0.27525	0.999995	268	2	-0.42697	0.55001	0.54887	0.999995	545	0	-0.42697
GRHL3	4	0.13393	0.27536	0.999995	269	3	-0.27094	0.45686	0.45541	0.999995	463	0	-0.27094
STT3A	4	0.13552	0.27791	0.999995	270	3	-0.32969	0.57386	0.57366	0.999995	566	0	-0.32969
AP1G1	4	0.1369	0.28021	0.999995	271	3	-0.30338	0.49382	0.49164	0.999995	498	0	-0.30338
COX4I1	4	0.13875	0.2829	0.999995	272	3	-0.29384	0.90037	0.89963	0.999995	894	0	-0.29384
ATP6V1B1	4	0.13898	0.2832	0.999995	273	3	-0.31147	0.86627	0.86645	0.999995	860	0	-0.31147
USP5	4	0.13906	0.28331	0.999995	274	2	-0.21395	0.45393	0.45282	0.999995	459	0	-0.21395
PLXDC1	8	0.13956	0.35024	0.999995	275	5	-0.275	0.83663	0.83564	0.999995	834	0	-0.275
AP2A1	4	0.14038	0.28574	0.999995	276	3	-0.24788	0.38654	0.38517	0.999995	399	0	-0.24788
EIF3L	4	0.14061	0.28612	0.999995	277	3	-0.22414	0.81927	0.82006	0.999995	824	0	-0.22414
RCBTB1	4	0.1409	0.28663	0.999995	278	1	-0.038351	0.28698	0.28565	0.999995	298	0	-0.038351
SMARCA2	4	0.14108	0.28697	0.999995	279	3	-0.28809	0.15155	0.1514	0.996584	160	1	-0.28809
NMT2	4	0.14652	0.29576	0.999995	280	3	-0.28947	0.46729	0.46597	0.999995	475	0	-0.28947
PHLDA2	4	0.14844	0.29866	0.999995	281	3	-0.19294	0.96391	0.96374	0.999995	968	0	-0.19294
RSBN1L	4	0.15134	0.30338	0.999995	282	3	-0.48597	0.85206	0.85245	0.999995	849	0	-0.48597
FKBP5	4	0.15158	0.30375	0.999995	283	3	-0.2617	0.76399	0.76417	0.999995	759	0	-0.2617
SAR1A	8	0.15216	0.37263	0.999995	284	3	-0.21199	0.30869	0.30899	0.999995	323	1	-0.21199
DUSP10	4	0.15231	0.30499	0.999995	285	3	-0.20359	0.94011	0.93952	0.999995	936	0	-0.20359
ARFIP2	4	0.1528	0.30573	0.999995	286	3	-0.27601	0.85641	0.85673	0.999995	854	0	-0.27601
POLR2F	4	0.15298	0.306	0.999995	287	2	-0.24452	0.7242	0.72357	0.999995	714	0	-0.24452
RBBP7	4	0.15353	0.30689	0.999995	288	3	-0.36547	0.79428	0.79467	0.999995	795	0	-0.36547
UNC45A	4	0.15534	0.30986	0.999995	289	3	-0.33087	0.52939	0.52838	0.999995	530	0	-0.33087
INCENP	4	0.15643	0.31147	0.999995	290	2	-0.21613	0.52991	0.52887	0.999995	531	0	-0.21613
TCF4	4	0.15723	0.31262	0.999995	291	3	-0.204	0.3033	0.30212	0.999995	318	0	-0.204
SNRPN	4	0.15748	0.31299	0.999995	292	3	-0.26788	0.89756	0.89683	0.999995	891	0	-0.26788
HPS1	4	0.15872	0.315	0.999995	293	3	-0.2307	0.88334	0.88343	0.999995	879	0	-0.2307
ELL2	4	0.15922	0.31572	0.999995	294	3	-0.23061	0.51185	0.51019	0.999995	512	0	-0.23061
DMD	4	0.15975	0.31656	0.999995	295	2	-0.27097	0.73798	0.7374	0.999995	732	0	-0.27097
RHOBTB2	4	0.15997	0.31686	0.999995	296	3	-0.27296	0.24079	0.24019	0.996584	253	0	-0.27296
NHLRC1	4	0.1613	0.31912	0.999995	297	1	-0.14435	0.1318	0.13261	0.996584	138	1	-0.14435
ADSSL1	4	0.16173	0.3198	0.999995	298	3	-0.26515	0.62404	0.62373	0.999995	621	0	-0.26515
SBF1	4	0.16274	0.32139	0.999995	299	3	-0.20582	0.78394	0.78452	0.999995	778	0	-0.20582
GSX1	4	0.16401	0.32333	0.999995	300	3	-0.27797	0.15074	0.15063	0.996584	159	1	-0.27797
SNRPB2	3	0.16642	0.27881	0.999995	301	2	-0.38667	0.41985	0.41829	0.999995	430	0	-0.38667
NUTF2	4	0.16694	0.32814	0.999995	302	2	-0.38904	0.8689	0.86912	0.999995	863	0	-0.38904
RSBN1	4	0.16697	0.32818	0.999995	303	2	-0.26514	0.94725	0.94667	0.999995	943	0	-0.26514
PTF1A	4	0.16861	0.3309	0.999995	304	3	-0.30157	0.84716	0.84788	0.999995	844	0	-0.30157
CLDN4	4	0.16905	0.33169	0.999995	305	2	-0.14895	0.3138	0.31299	0.999995	330	0	-0.14895
EPC2	4	0.16912	0.33182	0.999995	306	3	-0.28426	0.62092	0.62034	0.999995	616	0	-0.28426
ICK	4	0.16938	0.33231	0.999995	307	3	-0.26122	0.78801	0.7883	0.999995	783	0	-0.26122
GJA8	4	0.17015	0.33364	0.999995	308	3	-0.26053	0.19239	0.19249	0.996584	200	0	-0.26053
NSG2	4	0.17016	0.33365	0.999995	309	1	-0.0088037	0.42829	0.4264	0.999995	435	0	-0.0088037
ATP6V1D	4	0.17041	0.33406	0.999995	310	3	-0.35217	0.72735	0.72676	0.999995	719	0	-0.35217
CCNE2	4	0.17044	0.33411	0.999995	311	2	-0.24814	0.52094	0.51978	0.999995	521	0	-0.24814
ACACA	4	0.17067	0.33445	0.999995	312	3	-0.35098	0.19318	0.19338	0.996584	201	0	-0.35098
ATP5F1B	4	0.17079	0.33461	0.999995	313	2	-0.2657	0.95336	0.95327	0.999995	954	0	-0.2657
BICD1	4	0.17145	0.33575	0.999995	314	3	-0.33367	0.9454	0.94481	0.999995	940	0	-0.33367
NSG1	4	0.17327	0.33897	0.999995	315	3	-0.17275	0.87228	0.87243	0.999995	867	0	-0.17275
SEC23A	4	0.17358	0.33952	0.999995	316	2	-0.23866	0.78453	0.78502	0.999995	779	0	-0.23866
ARSJ	4	0.17406	0.34025	0.999995	317	3	-0.22244	0.59252	0.59218	0.999995	582	0	-0.22244
TSTD1	4	0.17416	0.34044	0.999995	318	1	-0.080547	0.011484	0.021871	0.993276	18	1	-0.080547
TANK	4	0.17748	0.34549	0.999995	319	3	-0.25081	0.098128	0.10038	0.996584	107	1	-0.25081
NRBP2	4	0.17933	0.34864	0.999995	320	3	-0.23913	0.95187	0.95154	0.999995	951	0	-0.23913
KPNA2	3	0.18044	0.29587	0.999995	321	2	-0.31127	0.90863	0.90824	0.999995	905	0	-0.31127
PLD2	4	0.18098	0.35111	0.999995	322	2	-0.28147	0.70769	0.70695	0.999995	698	0	-0.28147
LSM4	4	0.18133	0.3517	0.999995	323	2	-0.17315	0.21572	0.21493	0.996584	226	0	-0.17315
RXFP3	4	0.18307	0.35446	0.999995	324	3	-0.3567	0.096419	0.098837	0.996584	106	1	-0.3567
IMPDH2	4	0.18334	0.35487	0.999995	325	3	-0.28162	0.81068	0.81129	0.999995	815	0	-0.28162
RIMKLB	3	0.18483	0.30148	0.999995	326	2	-0.21943	0.048669	0.050444	0.993276	57	1	-0.21943
VPS37A	4	0.18846	0.36089	0.999995	327	1	-0.084373	0.72943	0.72866	0.999995	722	0	-0.084373
MTX1	3	0.18898	0.30664	0.999995	328	2	-0.26066	0.21879	0.21815	0.996584	229	0	-0.26066
ZNF34	4	0.1899	0.36229	0.999995	329	2	-0.12102	0.45276	0.45156	0.999995	457	0	-0.12102
TPST1	4	0.19206	0.3641	0.999995	330	2	-0.24687	0.34121	0.34055	0.999995	358	0	-0.24687
HMG20B	4	0.19459	0.3664	0.999995	331	2	-0.286	0.95309	0.95303	0.999995	952	0	-0.286
DDI2	4	0.19475	0.36652	0.999995	332	2	-0.24949	0.067867	0.072562	0.995801	79	1	-0.24949
FOXB1	4	0.20004	0.3711	0.999995	333	2	-0.049914	0.15968	0.15921	0.996584	166	1	-0.049914
CALY	4	0.20369	0.37445	0.999995	334	2	-0.16252	0.40676	0.4049	0.999995	418	0	-0.16252
FANCF	4	0.20723	0.37723	0.999995	335	2	-0.37007	0.88074	0.88114	0.999995	875	0	-0.37007
HRAS	4	0.21032	0.38035	0.999995	336	1	-0.14351	0.93324	0.93249	0.999995	927	0	-0.14351
ABCC3	4	0.21069	0.3807	0.999995	337	2	-0.2204	0.82105	0.82199	0.999995	826	0	-0.2204
EP300	4	0.21328	0.38316	0.999995	338	2	-0.26036	0.61193	0.61146	0.999995	604	0	-0.26036
HNRNPH1	4	0.21418	0.38401	0.999995	339	1	-0.14917	0.58111	0.58068	0.999995	575	0	-0.14917
CLTA	4	0.21626	0.38599	0.999995	340	2	-0.1879	0.25273	0.25176	0.996584	266	0	-0.1879
RPL17	3	0.21629	0.33896	0.999995	341	2	-0.32111	0.43418	0.43275	0.999995	439	0	-0.32111
WAS	4	0.21775	0.38744	0.999995	342	2	-0.15026	0.70437	0.70399	0.999995	694	0	-0.15026
SLC22A8	4	0.21849	0.38803	0.999995	343	2	-0.28656	0.86809	0.86834	0.999995	862	0	-0.28656
L3MBTL2	4	0.21887	0.38842	0.999995	344	2	-0.26556	0.88149	0.88189	0.999995	877	0	-0.26556
TAP1	4	0.22338	0.39238	0.999995	345	1	-0.11282	0.02875	0.037647	0.993276	33	1	-0.11282
EZH2	4	0.22524	0.39406	0.999995	346	2	-0.27794	0.94925	0.94888	0.999995	946	0	-0.27794
ERBB3	8	0.22582	0.47614	0.999995	347	3	-0.068209	0.18817	0.19589	0.996584	198	1	-0.068209
ZMAT2	4	0.22643	0.39505	0.999995	348	1	-0.056612	0.34659	0.34609	0.999995	363	0	-0.056612
SLC25A28	4	0.22712	0.39584	0.999995	349	2	-0.21055	0.75156	0.75172	0.999995	743	0	-0.21055
COQ10A	4	0.22901	0.39758	0.999995	350	2	-0.30438	0.95635	0.95614	0.999995	957	0	-0.30438
GPSM1	4	0.23703	0.40531	0.999995	351	2	-0.085322	0.11509	0.11641	0.996584	122	1	-0.085322
MBD4	8	0.23777	0.48982	0.999995	352	3	-0.052273	0.51559	0.51595	0.999995	514	0	-0.052273
CASP4	4	0.23888	0.40687	0.999995	353	2	-0.23301	0.052896	0.059	0.993276	62	1	-0.23301
KLF4	4	0.23964	0.40755	0.999995	354	2	-0.21128	0.76492	0.76504	0.999995	760	0	-0.21128
MED31	4	0.24004	0.4079	0.999995	355	2	-0.21697	0.85184	0.85227	0.999995	848	0	-0.21697
TPST2	4	0.24079	0.40854	0.999995	356	2	-0.1156	0.29126	0.29012	0.999995	304	0	-0.1156
COPG1	4	0.24454	0.41171	0.999995	357	1	-0.074998	0.10409	0.10629	0.996584	113	1	-0.074998
COX6B1	8	0.2481	0.50199	0.999995	358	4	-0.15772	0.030047	0.054217	0.993276	35	1	-0.15772
INTS6L	4	0.24923	0.41582	0.999995	359	2	-0.27512	0.56007	0.55962	0.999995	553	0	-0.27512
RPL21	2	0.25109	0.32386	0.999995	360	1	-0.19716	0.21962	0.21902	0.996584	231	0	-0.19716
RALGPS2	4	0.25193	0.41803	0.999995	361	2	-0.25824	0.84443	0.8451	0.999995	841	0	-0.25824
ATP6V1E2	4	0.25309	0.41914	0.999995	362	2	-0.29572	0.70103	0.70087	0.999995	689	0	-0.29572
CRKL	4	0.25657	0.42238	0.999995	363	2	-0.17713	0.66357	0.66275	0.999995	659	0	-0.17713
RANBP9	4	0.25774	0.42346	0.999995	364	2	-0.098848	0.14336	0.14377	0.996584	151	1	-0.098848
DDX39B	4	0.26085	0.42619	0.999995	365	1	-0.19731	0.81226	0.81297	0.999995	816	0	-0.19731
QSOX1	4	0.26162	0.42708	0.999995	366	2	-0.28877	0.67245	0.67211	0.999995	667	0	-0.28877
MRPL27	4	0.26232	0.42778	0.999995	367	1	-0.18602	0.93899	0.93831	0.999995	935	0	-0.18602
SHMT2	4	0.26452	0.42987	0.999995	368	2	-0.23766	0.88018	0.88051	0.999995	874	0	-0.23766
TPBGL	4	0.26599	0.43114	0.999995	369	2	-0.14789	0.75383	0.75393	0.999995	746	0	-0.14789
PSMB6	4	0.26669	0.43186	0.999995	370	2	-0.3288	0.23552	0.23491	0.996584	247	0	-0.3288
RNF103	4	0.26745	0.43248	0.999995	371	1	0.011715	0.3506	0.34989	0.999995	367	0	0.011715
MCPH1	4	0.26747	0.43251	0.999995	372	2	-0.30646	0.48658	0.48454	0.999995	492	0	-0.30646
FRS2	4	0.26891	0.4336	0.999995	373	1	-0.21617	0.71279	0.71217	0.999995	702	0	-0.21617
LMBR1	4	0.2706	0.4352	0.999995	374	2	-0.15672	0.27618	0.27499	0.999995	287	0	-0.15672
EEFSEC	4	0.27255	0.43691	0.999995	375	2	-0.18424	0.8154	0.81623	0.999995	820	0	-0.18424
ABCG2	4	0.27414	0.43826	0.999995	376	2	-0.10474	0.11171	0.11349	0.996584	118	1	-0.10474
CTSZ	4	0.27532	0.4395	0.999995	377	2	-0.24408	0.93079	0.93001	0.999995	922	0	-0.24408
NUMB	4	0.27571	0.43987	0.999995	378	2	-0.14293	0.52147	0.52031	0.999995	522	0	-0.14293
SIN3B	4	0.27835	0.4425	0.999995	379	2	-0.20213	0.6092	0.60853	0.999995	599	0	-0.20213
TMEM120A	4	0.28195	0.44584	0.999995	380	2	-0.23327	0.63672	0.63595	0.999995	638	0	-0.23327
TIMP2	4	0.28281	0.44656	0.999995	381	2	-0.25684	0.89018	0.89002	0.999995	883	0	-0.25684
RHOT2	4	0.28339	0.44723	0.999995	382	2	-0.23266	0.87942	0.87978	0.999995	873	0	-0.23266
TIMM23	4	0.28626	0.44977	0.999995	383	1	-0.14158	0.83675	0.83706	0.999995	835	0	-0.14158
SNX2	4	0.28769	0.45119	0.999995	384	1	-0.11977	0.50806	0.50648	0.999995	508	0	-0.11977
GLT6D1	4	0.28914	0.45245	0.999995	385	2	-0.36653	0.64908	0.64825	0.999995	646	0	-0.36653
NCOR2	4	0.28984	0.45315	0.999995	386	2	-0.17043	0.2325	0.23199	0.996584	245	0	-0.17043
MORF4L1	3	0.29164	0.42649	0.999995	387	2	-0.37506	0.60693	0.6067	0.999995	596	0	-0.37506
EGFR	4	0.29311	0.45609	0.999995	388	2	-0.15775	0.41606	0.41424	0.999995	427	0	-0.15775
PLXDC2	4	0.2951	0.45809	0.999995	389	2	-0.087841	0.39861	0.39688	0.999995	410	0	-0.087841
ATP6V1E1	3	0.29546	0.43073	0.999995	390	2	-0.29403	0.05668	0.058822	0.993276	67	1	-0.29403
TAF1	4	0.29624	0.45907	0.999995	391	2	0.0048265	0.010479	0.019919	0.993276	15	2	0.0048265
CDK5R1	4	0.30048	0.46305	0.999995	392	2	-0.15804	0.8141	0.81493	0.999995	819	0	-0.15804
GMPR	4	0.30308	0.46545	0.999995	393	2	-0.27531	0.9591	0.95883	0.999995	963	0	-0.27531
FAM71A	4	0.30508	0.4673	0.999995	394	2	-0.23218	0.50426	0.5026	0.999995	505	0	-0.23218
TNPO2	4	0.30611	0.46819	0.999995	395	2	-0.20754	0.93421	0.9336	0.999995	929	0	-0.20754
CCNT1	4	0.30628	0.46834	0.999995	396	2	-0.17632	0.081793	0.085247	0.996584	90	1	-0.17632
PAX4	4	0.3111	0.47267	0.999995	397	2	-0.23761	0.27762	0.27655	0.999995	289	0	-0.23761
SLC9A3R2	4	0.3123	0.47373	0.999995	398	2	-0.2266	0.63282	0.63226	0.999995	632	0	-0.2266
IDH3G	4	0.3127	0.47412	0.999995	399	2	-0.096656	0.03685	0.044923	0.993276	41	1	-0.096656
ABTB2	4	0.3135	0.47498	0.999995	400	2	-0.20027	0.48322	0.48135	0.999995	490	0	-0.20027
MED26	4	0.31431	0.47592	0.999995	401	2	-0.26315	0.94826	0.94778	0.999995	944	0	-0.26315
SMARCC2	4	0.31552	0.47695	0.999995	402	2	-0.15825	0.51935	0.51807	0.999995	518	0	-0.15825
SPATA21	4	0.31658	0.47796	0.999995	403	1	-0.12941	0.57531	0.57495	0.999995	569	0	-0.12941
CADPS2	4	0.31712	0.47855	0.999995	404	2	-0.13595	0.010569	0.020096	0.993276	16	1	-0.13595
IPO5	4	0.31833	0.47957	0.999995	405	2	-0.2214	0.56453	0.56431	0.999995	556	0	-0.2214
VANGL1	4	0.32075	0.48177	0.999995	406	2	-0.11563	0.095564	0.097931	0.996584	105	1	-0.11563
PEF1	4	0.32142	0.48241	0.999995	407	2	-0.21738	0.81978	0.82052	0.999995	825	0	-0.21738
RBPJ	4	0.32236	0.48325	0.999995	408	2	-0.11952	0.29978	0.29843	0.999995	313	0	-0.11952
IRF6	4	0.32438	0.48518	0.999995	409	2	-0.2236	0.44211	0.44063	0.999995	447	0	-0.2236
TIRAP	4	0.32478	0.4856	0.999995	410	2	-0.087121	0.16614	0.16576	0.996584	173	1	-0.087121
PTPN11	4	0.32761	0.48824	0.999995	411	1	-0.20351	0.76555	0.76581	0.999995	762	0	-0.20351
MEP1B	4	0.32829	0.48888	0.999995	412	2	-0.28697	0.71675	0.71602	0.999995	707	0	-0.28697
FRS3	4	0.32923	0.48972	0.999995	413	2	-0.22275	0.60231	0.60161	0.999995	592	0	-0.22275
RPL27A	2	0.32957	0.37839	0.999995	414	1	-0.28441	0.73144	0.72995	0.999995	725	0	-0.28441
PDS5B	4	0.33287	0.49304	0.999995	415	2	-0.29935	0.88877	0.88857	0.999995	882	0	-0.29935
SNTA1	4	0.33328	0.49347	0.999995	416	2	-0.17379	0.066115	0.070974	0.995801	76	1	-0.17379
DGAT1	4	0.33443	0.49453	0.999995	417	2	-0.11604	0.48937	0.48738	0.999995	496	0	-0.11604
BZW1	3	0.33465	0.4753	0.999995	418	2	-0.23353	0.69485	0.69544	0.999995	686	0	-0.23353
SLC25A24	4	0.3353	0.4954	0.999995	419	2	-0.21587	0.63195	0.6313	0.999995	631	0	-0.21587
FOSL1	3	0.33569	0.47651	0.999995	420	1	-0.13511	0.57842	0.57721	0.999995	573	0	-0.13511
DBT	4	0.33814	0.49799	0.999995	421	2	-0.26453	0.51077	0.50901	0.999995	510	0	-0.26453
RPS28	2	0.34085	0.38663	0.999995	422	1	-0.30561	0.81817	0.81629	0.999995	823	0	-0.30561
BTBD11	4	0.34383	0.50307	0.999995	423	2	-0.1995	0.58637	0.58577	0.999995	579	0	-0.1995
CHRNB3	4	0.3439	0.50314	0.999995	424	2	-0.083554	0.041327	0.049005	0.993276	48	1	-0.083554
ITSN2	4	0.34464	0.50385	0.999995	425	2	-0.26791	0.16372	0.16326	0.996584	170	1	-0.26791
XYLT1	4	0.34545	0.50461	0.999995	426	2	-0.24354	0.72385	0.72318	0.999995	713	0	-0.24354
SOS1	4	0.34793	0.50699	0.999995	427	1	-0.048272	0.090418	0.09341	0.996584	100	1	-0.048272
GCM2	4	0.34993	0.5086	0.999995	428	2	-0.29919	0.93215	0.93131	0.999995	923	0	-0.29919
PIP4P2	4	0.35074	0.50932	0.999995	429	2	-0.23829	0.32004	0.31934	0.999995	335	0	-0.23829
ANKRD37	4	0.35193	0.51031	0.999995	430	1	-0.049859	0.60783	0.60728	0.999995	597	0	-0.049859
TMEM9B	4	0.35237	0.51068	0.999995	431	2	-0.17704	0.704	0.7037	0.999995	693	0	-0.17704
NDE1	4	0.354	0.51205	0.999995	432	2	-0.29417	0.68427	0.68357	0.999995	677	0	-0.29417
FLNC	4	0.35482	0.51273	0.999995	433	2	-0.16367	0.65118	0.65063	0.999995	648	0	-0.16367
PSEN1	4	0.35563	0.51339	0.999995	434	2	-0.18182	0.31588	0.31505	0.999995	331	0	-0.18182
ALDOC	4	0.35604	0.51374	0.999995	435	2	-0.21164	0.66763	0.66705	0.999995	665	0	-0.21164
GRHL2	4	0.35808	0.51566	0.999995	436	2	-0.27837	0.0206	0.030324	0.993276	25	1	-0.27837
UBASH3B	4	0.36093	0.51846	0.999995	437	2	-0.22467	0.74666	0.74644	0.999995	737	0	-0.22467
RPL5	4	0.36216	0.51956	0.999995	438	2	-0.31324	0.43071	0.42884	0.999995	438	0	-0.31324
DZIP3	4	0.36298	0.52038	0.999995	439	2	-0.15249	0.63758	0.63685	0.999995	639	0	-0.15249
ZMIZ1	4	0.36319	0.52057	0.999995	440	2	-0.15226	0.76679	0.76708	0.999995	763	0	-0.15226
LHFPL5	4	0.3642	0.52165	0.999995	441	2	-0.2961	0.76524	0.76545	0.999995	761	0	-0.2961
RRAGC	4	0.36502	0.52254	0.999995	442	2	-0.18631	0.57142	0.57111	0.999995	562	0	-0.18631
CRYBB2	4	0.36582	0.52318	0.999995	443	1	-0.05249	0.038643	0.046549	0.993276	43	1	-0.05249
ATP6V1C2	8	0.36658	0.62994	0.999995	444	3	-0.20198	0.93292	0.93319	0.999995	926	0	-0.20198
ARPC5L	4	0.36665	0.52406	0.999995	445	2	-0.24874	0.1853	0.18542	0.996584	194	0	-0.24874
IDH3B	4	0.36778	0.52503	0.999995	446	1	0.049819	0.1376	0.13821	0.996584	144	1	0.049819
SERPINA11	4	0.3691	0.52626	0.999995	447	2	-0.20244	0.3026	0.30143	0.999995	317	0	-0.20244
RNF10	4	0.37156	0.52841	0.999995	448	2	-0.20004	0.44982	0.4485	0.999995	453	0	-0.20004
ISCA2	4	0.37235	0.52914	0.999995	449	2	-0.20495	0.71315	0.7125	0.999995	703	0	-0.20495
AHCYL2	4	0.37401	0.53055	0.999995	450	2	-0.25335	0.71818	0.71737	0.999995	709	0	-0.25335
GALNT5	4	0.3781	0.53414	0.999995	451	2	-0.28658	0.7968	0.79718	0.999995	799	0	-0.28658
FEZ1	4	0.37974	0.53569	0.999995	452	2	-0.12511	0.060844	0.066117	0.995801	71	1	-0.12511
HNRNPF	4	0.38077	0.53668	0.999995	453	1	-0.075639	0.33579	0.33518	0.999995	353	0	-0.075639
PHLDA3	4	0.38462	0.54002	0.999995	454	1	-0.055244	0.36974	0.36888	0.999995	384	0	-0.055244
DUOX2	4	0.38793	0.54314	0.999995	455	2	-0.15242	0.75026	0.75035	0.999995	740	0	-0.15242
PACS2	4	0.38834	0.54351	0.999995	456	2	-0.19092	0.34926	0.3487	0.999995	365	0	-0.19092
DHX29	3	0.3885	0.51728	0.999995	457	1	-0.037399	0.383	0.38121	0.999995	395	0	-0.037399
PHLDA1	4	0.38875	0.54391	0.999995	458	2	-0.095132	0.69006	0.68952	0.999995	682	0	-0.095132
ARPC5	4	0.38973	0.54487	0.999995	459	2	-0.23867	0.86667	0.86686	0.999995	861	0	-0.23867
CCDC69	4	0.38998	0.5451	0.999995	460	2	-0.069365	0.048459	0.055441	0.993276	56	1	-0.069365
ISL1	4	0.39121	0.54618	0.999995	461	2	-0.17468	0.022416	0.031875	0.993276	27	1	-0.17468
NKAPL	4	0.39355	0.5484	0.999995	462	1	-0.10701	0.32624	0.32574	0.999995	342	0	-0.10701
FARS2	4	0.39449	0.54937	0.999995	463	2	-0.22545	0.4804	0.47829	0.999995	487	0	-0.22545
GABPB1	4	0.39608	0.55088	0.999995	464	2	-0.068381	0.14665	0.14664	0.996584	155	1	-0.068381
RPP14	4	0.39859	0.55332	0.999995	465	2	-0.23326	0.19945	0.19928	0.996584	209	0	-0.23326
NDUFB4	4	0.399	0.55369	0.999995	466	2	-0.12759	0.78887	0.78911	0.999995	784	0	-0.12759
SAP30L	4	0.40023	0.55488	0.999995	467	2	-0.19534	0.87385	0.87408	0.999995	869	0	-0.19534
PSMA2	4	0.40187	0.55631	0.999995	468	2	-0.23662	0.21032	0.20974	0.996584	221	0	-0.23662
EPS15L1	4	0.40228	0.55667	0.999995	469	2	-0.14001	0.039538	0.047361	0.993276	46	1	-0.14001
SPATA16	4	0.4031	0.55742	0.999995	470	2	-0.19909	0.47757	0.47553	0.999995	484	0	-0.19909
GRIP1	4	0.40551	0.55987	0.999995	471	1	-0.13464	0.84625	0.84689	0.999995	843	0	-0.13464
RHBDF2	4	0.40556	0.55991	0.999995	472	2	-0.097625	0.32966	0.32918	0.999995	345	0	-0.097625
CRY2	4	0.40597	0.56036	0.999995	473	2	-0.19577	0.72455	0.72397	0.999995	715	0	-0.19577
ZWILCH	4	0.4072	0.56146	0.999995	474	2	-0.24225	0.28339	0.28219	0.999995	294	0	-0.24225
FOXE3	4	0.40761	0.56175	0.999995	475	2	-0.046819	0.071363	0.075775	0.996584	82	1	-0.046819
CDK8	4	0.40802	0.56206	0.999995	476	2	-0.26747	0.49603	0.49405	0.999995	500	0	-0.26747
VPS26A	4	0.40843	0.56252	0.999995	477	2	-0.16352	0.47983	0.47778	0.999995	486	0	-0.16352
LATS2	4	0.40925	0.56331	0.999995	478	2	-0.085427	0.24603	0.24509	0.996584	258	0	-0.085427
LSM14A	4	0.40966	0.56374	0.999995	479	2	-0.1131	0.51988	0.51853	0.999995	520	0	-0.1131
CBLL1	4	0.40987	0.56395	0.999995	480	1	-0.10771	0.049348	0.056151	0.993276	58	1	-0.10771
MAP4K4	4	0.41089	0.56482	0.999995	481	2	-0.17948	0.023323	0.032771	0.993276	28	1	-0.17948
E2F4	4	0.4113	0.56531	0.999995	482	2	-0.22454	0.52571	0.52492	0.999995	527	0	-0.22454
KIAA0319	4	0.41212	0.56601	0.999995	483	2	-0.078347	0.12931	0.13036	0.996584	135	1	-0.078347
GPR151	4	0.41235	0.56617	0.999995	484	1	-0.17486	0.18688	0.18694	0.996584	196	0	-0.17486
APH1B	4	0.41745	0.57137	0.999995	485	2	-0.30865	0.88297	0.883	0.999995	878	0	-0.30865
PPP3CA	4	0.4179	0.57191	0.999995	486	1	-0.056101	0.23023	0.22975	0.996584	242	0	-0.056101
NBEA	4	0.41852	0.57237	0.999995	487	1	0.027368	0.3891	0.38772	0.999995	400	0	0.027368
FEZ2	4	0.41868	0.57251	0.999995	488	2	-0.064707	0.010047	0.01905	0.993276	14	2	-0.064707
CYP7A1	4	0.41909	0.57298	0.999995	489	2	-0.19354	0.088698	0.091692	0.996584	98	1	-0.19354
GXYLT1	4	0.4195	0.57334	0.999995	490	2	-0.13524	0.18371	0.18379	0.996584	192	0	-0.13524
IPO8	4	0.42097	0.57481	0.999995	491	1	-0.033969	0.46959	0.46803	0.999995	477	0	-0.033969
MBTD1	4	0.42114	0.57502	0.999995	492	2	-0.21498	0.072236	0.076513	0.996584	83	1	-0.21498
PTPN21	4	0.42319	0.57692	0.999995	493	2	-0.21698	0.86214	0.86224	0.999995	858	0	-0.21698
ATP5F1D	4	0.42403	0.57762	0.999995	494	1	-0.15717	0.057318	0.062783	0.993276	68	1	-0.15717
TNR	4	0.42464	0.57828	0.999995	495	1	-0.099809	0.68583	0.68523	0.999995	679	0	-0.099809
MYBPH	4	0.42524	0.57886	0.999995	496	2	-0.18054	0.80478	0.80483	0.999995	806	0	-0.18054
STX12	4	0.42565	0.57927	0.999995	497	2	-0.1691	0.38526	0.38413	0.999995	397	0	-0.1691
ADARB2	4	0.42606	0.57957	0.999995	498	2	-0.22313	0.061724	0.066874	0.995801	72	1	-0.22313
SLC32A1	4	0.42647	0.57997	0.999995	499	2	-0.21028	0.70326	0.7029	0.999995	692	0	-0.21028
IKBKE	4	0.42688	0.58034	0.999995	500	2	-0.16018	0.36056	0.35954	0.999995	379	0	-0.16018
CAVIN1	4	0.42768	0.58116	0.999995	501	1	-0.077741	0.45158	0.45038	0.999995	455	0	-0.077741
SLC25A37	4	0.4277	0.58116	0.999995	502	2	-0.13384	0.62448	0.62419	0.999995	622	0	-0.13384
RPL15	2	0.42908	0.45344	0.999995	503	1	-0.34561	0.81758	0.81575	0.999995	822	0	-0.34561
SCN10A	4	0.43016	0.58353	0.999995	504	2	-0.26462	0.91044	0.90912	0.999995	908	0	-0.26462
SRI	4	0.43098	0.58426	0.999995	505	2	-0.22745	0.55355	0.55248	0.999995	548	0	-0.22745
CPS1	4	0.43507	0.58834	0.999995	506	2	-0.15849	0.62492	0.62467	0.999995	623	0	-0.15849
CHMP1A	4	0.43589	0.58908	0.999995	507	2	-0.15574	0.65783	0.65732	0.999995	655	0	-0.15574
LOR	4	0.43673	0.58986	0.999995	508	1	-0.053868	0.63064	0.63017	0.999995	629	0	-0.053868
ADAP2	4	0.43712	0.59019	0.999995	509	2	-0.21773	0.73116	0.73044	0.999995	724	0	-0.21773
SPTA1	4	0.43853	0.59154	0.999995	510	1	0.076031	0.0078201	0.014875	0.993276	10	1	0.076031
MMD	4	0.44032	0.59318	0.999995	511	1	-0.094835	0.75863	0.75868	0.999995	754	0	-0.094835
ARID1B	4	0.44121	0.59392	0.999995	512	2	-0.1431	0.64613	0.64571	0.999995	643	0	-0.1431
FOXA1	4	0.44152	0.59419	0.999995	513	2	-0.11011	0.53305	0.53187	0.999995	532	0	-0.11011
KIT	8	0.4417	0.69802	0.999995	514	2	-0.072454	0.067145	0.10025	0.996584	78	1	-0.072454
PIP4P1	4	0.44203	0.59473	0.999995	515	2	-0.11257	0.1134	0.11497	0.996584	120	1	-0.11257
KIAA0319L	4	0.44285	0.59548	0.999995	516	2	-0.13194	0.64528	0.64489	0.999995	642	0	-0.13194
DDX39A	4	0.44367	0.59622	0.999995	517	2	-0.15272	0.41544	0.41371	0.999995	426	0	-0.15272
SLC11A2	4	0.44408	0.59659	0.999995	518	2	-0.23962	0.89469	0.89417	0.999995	885	0	-0.23962
IRF8	4	0.44627	0.59857	0.999995	519	2	-0.034937	0.15643	0.15603	0.996584	163	1	-0.034937
NET1	4	0.44686	0.59917	0.999995	520	1	0.063112	0.073979	0.078026	0.996584	84	1	0.063112
ZG16	4	0.44735	0.59955	0.999995	521	2	-0.30203	0.20256	0.20212	0.996584	213	0	-0.30203
IDH2	4	0.45021	0.60215	0.999995	522	2	-0.15338	0.41667	0.41485	0.999995	428	0	-0.15338
TTC23	4	0.4504	0.60245	0.999995	523	1	-0.22653	0.35526	0.35433	0.999995	373	0	-0.22653
RNF38	4	0.45674	0.60807	0.999995	524	2	-0.18486	0.46325	0.46201	0.999995	471	0	-0.18486
FUT5	4	0.45686	0.60817	0.999995	525	1	-0.018898	0.0096534	0.018359	0.993276	12	1	-0.018898
STX17	4	0.45715	0.6084	0.999995	526	2	-0.16038	0.18213	0.18199	0.996584	190	0	-0.16038
SBF2	3	0.4589	0.5535	0.999995	527	1	-0.19503	0.79005	0.79086	0.999995	787	0	-0.19503
LARP1B	4	0.46	0.6111	0.999995	528	2	-0.23328	0.96075	0.96048	0.999995	965	0	-0.23328
MACF1	4	0.46082	0.61188	0.999995	529	2	-0.15837	0.17576	0.17548	0.996584	182	0	-0.15837
EFNB1	4	0.46209	0.61299	0.999995	530	1	0.053414	0.29624	0.295	0.999995	308	0	0.053414
RNF44	4	0.46267	0.61354	0.999995	531	1	-0.02586	0.41235	0.41048	0.999995	424	0	-0.02586
LIMK1	4	0.46408	0.61492	0.999995	532	2	-0.20432	0.9044	0.90334	0.999995	899	0	-0.20432
PAPSS1	4	0.46612	0.61673	0.999995	533	2	-0.212	0.80559	0.80561	0.999995	807	0	-0.212
ADGRG7	4	0.46729	0.61782	0.999995	534	1	-0.14532	0.64655	0.64604	0.999995	644	0	-0.14532
CCNL2	4	0.46734	0.6179	0.999995	535	2	-0.18265	0.39164	0.39005	0.999995	402	0	-0.18265
ACACB	4	0.46937	0.61973	0.999995	536	2	-0.17851	0.62048	0.61979	0.999995	615	0	-0.17851
FXR1	4	0.47018	0.62035	0.999995	537	2	-0.10924	0.66723	0.6666	0.999995	664	0	-0.10924
TBR1	4	0.471	0.6211	0.999995	538	2	-0.12082	0.42281	0.42111	0.999995	432	0	-0.12082
ADAM19	4	0.47466	0.62432	0.999995	539	2	-0.20083	0.79315	0.79364	0.999995	793	0	-0.20083
GRM4	4	0.477	0.6264	0.999995	540	1	-0.094074	0.2111	0.21053	0.996584	222	0	-0.094074
PAPSS2	4	0.47927	0.62848	0.999995	541	1	-0.068976	0.40049	0.39873	0.999995	411	0	-0.068976
UNC119B	4	0.47993	0.62918	0.999995	542	2	-0.26847	0.79287	0.79329	0.999995	792	0	-0.26847
MYCN	4	0.48034	0.62954	0.999995	543	2	-0.15707	0.05201	0.058243	0.993276	61	1	-0.15707
MAPK8IP3	4	0.4804	0.62959	0.999995	544	1	-0.069779	0.70659	0.70595	0.999995	697	0	-0.069779
S100A6	4	0.48277	0.63166	0.999995	545	2	-0.10628	0.17416	0.17406	0.996584	180	0	-0.10628
HNRNPH3	4	0.48322	0.63208	0.999995	546	1	0.0090009	0.21726	0.21644	0.996584	228	0	0.0090009
SIRPA	3	0.48423	0.56702	0.999995	547	1	-0.10953	0.013434	0.018079	0.993276	22	1	-0.10953
GDI1	4	0.48658	0.63529	0.999995	548	1	0.042319	0.035054	0.043233	0.993276	39	1	0.042319
STRADA	4	0.48885	0.63756	0.999995	549	2	-0.18148	0.78627	0.7865	0.999995	780	0	-0.18148
NAA16	4	0.49127	0.63946	0.999995	550	2	-0.11018	0.62003	0.61941	0.999995	614	0	-0.11018
TMEM30A	4	0.4916	0.63975	0.999995	551	1	-0.19495	0.61914	0.61841	0.999995	613	0	-0.19495
CADPS	4	0.49168	0.63981	0.999995	552	2	-0.17188	0.10833	0.11045	0.996584	116	1	-0.17188
ABL1	4	0.49248	0.64064	0.999995	553	2	-0.13396	0.408	0.40602	0.999995	420	0	-0.13396
PRKAB1	4	0.4941	0.64215	0.999995	554	2	-0.11495	0.25569	0.25479	0.996584	271	0	-0.11495
ZNF804B	4	0.49493	0.64308	0.999995	555	1	-0.095703	0.10748	0.10963	0.996584	115	1	-0.095703
DMXL2	4	0.49652	0.64455	0.999995	556	2	-0.15196	0.8037	0.80377	0.999995	804	0	-0.15196
TUBB2B	2	0.49732	0.50777	0.999995	557	1	-0.13475	0.34944	0.34789	0.999995	366	0	-0.13475
MED12L	4	0.49813	0.64625	0.999995	558	2	-0.15939	0.606	0.60542	0.999995	595	0	-0.15939
CDS1	4	0.49823	0.64637	0.999995	559	1	0.011009	0.46556	0.4644	0.999995	473	0	0.011009
DEGS1	4	0.49854	0.64671	0.999995	560	2	-0.16998	0.54082	0.53959	0.999995	536	0	-0.16998
EFR3B	4	0.50015	0.64809	0.999995	561	2	-0.21259	0.54594	0.54469	0.999995	541	0	-0.21259
CLTB	4	0.50153	0.64949	0.999995	562	1	0.071694	0.011941	0.022721	0.993276	19	2	0.071694
CEACAM1	4	0.50262	0.65048	0.999995	563	2	-0.089046	0.33375	0.33324	0.999995	351	0	-0.089046
G6PC	4	0.50337	0.65124	0.999995	564	2	-0.23348	0.56106	0.5607	0.999995	554	0	-0.23348
NCKAP1L	4	0.50418	0.65209	0.999995	565	2	-0.14811	0.74268	0.74215	0.999995	734	0	-0.14811
KHSRP	4	0.50538	0.65339	0.999995	566	2	-0.063725	0.10154	0.10383	0.996584	110	1	-0.063725
CNOT8	3	0.50875	0.58062	0.999995	567	1	0.049899	0.24949	0.24861	0.996584	263	0	0.049899
DGKI	4	0.50915	0.65689	0.999995	568	1	0.010785	0.30048	0.29922	0.999995	314	0	0.010785
MAK	4	0.50969	0.65734	0.999995	569	1	-0.11147	0.086113	0.089282	0.996584	95	1	-0.11147
CRX	4	0.514	0.66153	0.999995	570	1	-0.15161	0.57483	0.5746	0.999995	568	0	-0.15161
GPSM2	4	0.51454	0.66198	0.999995	571	2	-0.14213	0.0059842	0.011624	0.993276	5	1	-0.14213
VPS26B	4	0.51501	0.66252	0.999995	572	2	-0.15728	0.75189	0.75205	0.999995	744	0	-0.15728
APOBEC1	4	0.51741	0.66471	0.999995	573	2	-0.14548	0.55153	0.55029	0.999995	546	0	-0.14548
FAM126A	4	0.51935	0.66643	0.999995	574	1	-0.09786	0.36713	0.36598	0.999995	383	0	-0.09786
APH1A	4	0.51941	0.66648	0.999995	575	2	-0.12683	0.39545	0.39378	0.999995	407	0	-0.12683
ASCL1	4	0.52147	0.66829	0.999995	576	1	0.0088328	0.34053	0.34009	0.999995	357	0	0.0088328
VANGL2	4	0.52253	0.66941	0.999995	577	1	-0.23045	0.86442	0.86461	0.999995	859	0	-0.23045
FLOT1	4	0.52306	0.66997	0.999995	578	1	-0.051715	0.57725	0.57678	0.999995	572	0	-0.051715
OSBPL6	4	0.5238	0.67061	0.999995	579	2	-0.19177	0.77231	0.77277	0.999995	766	0	-0.19177
FKBP10	4	0.52518	0.67195	0.999995	580	1	-0.059619	0.29766	0.29625	0.999995	310	0	-0.059619
CREBBP	4	0.5254	0.67216	0.999995	581	2	-0.078931	0.39355	0.39186	0.999995	405	0	-0.078931
TRPM1	4	0.52619	0.67279	0.999995	582	2	-0.20248	0.5758	0.57544	0.999995	570	0	-0.20248
GOLT1B	4	0.52623	0.67283	0.999995	583	1	-0.10171	0.68233	0.68173	0.999995	676	0	-0.10171
EPHA2	4	0.52819	0.67467	0.999995	584	2	-0.11643	0.54645	0.5453	0.999995	542	0	-0.11643
ABCB1	4	0.52991	0.67627	0.999995	585	1	0.013226	0.086975	0.090057	0.996584	96	1	0.013226
NCKAP1	4	0.53044	0.6767	0.999995	586	1	-0.13735	0.25717	0.25619	0.997507	272	0	-0.13735
GBX1	4	0.53096	0.67722	0.999995	587	1	-0.028228	0.17096	0.17074	0.996584	177	1	-0.028228
RP1	4	0.53176	0.67791	0.999995	588	2	-0.23135	0.9143	0.91318	0.999995	913	0	-0.23135
PPP2CB	3	0.53498	0.59633	0.999995	589	1	-0.17196	0.67401	0.67376	0.999995	669	0	-0.17196
SOAT1	4	0.53565	0.68016	0.999995	590	1	-0.13034	0.13429	0.13521	0.996584	140	1	-0.13034
EPS15	4	0.53617	0.68034	0.999995	591	1	-0.13573	0.79031	0.79057	0.999995	788	0	-0.13573
CRNN	4	0.54082	0.68187	0.999995	592	1	-0.10979	0.80206	0.80215	0.999995	802	0	-0.10979
GALR3	4	0.54287	0.68262	0.999995	593	1	-0.1885	0.82433	0.8251	0.999995	828	0	-0.1885
ERO1A	4	0.54492	0.6835	0.999995	594	1	-0.020626	0.28483	0.28355	0.999995	295	0	-0.020626
CAP1	4	0.54543	0.68371	0.999995	595	1	-0.14341	0.61869	0.61795	0.999995	612	0	-0.14341
POU4F2	4	0.54594	0.68401	0.999995	596	1	-0.071351	0.45802	0.45651	0.999995	466	0	-0.071351
TUBB4B	8	0.54617	0.76476	0.999995	597	3	-0.086599	0.94647	0.94643	0.999995	942	0	-0.086599
ATP7B	4	0.54696	0.68445	0.999995	598	1	-0.12224	0.4586	0.45713	0.999995	467	0	-0.12224
NUMBL	4	0.54747	0.68465	0.999995	599	1	-0.099853	0.22032	0.21976	0.996584	232	0	-0.099853
POLD1	4	0.54798	0.68489	0.999995	600	1	-0.063744	0.67683	0.67638	0.999995	672	0	-0.063744
COPS7B	4	0.549	0.68524	0.999995	601	1	-0.16289	0.74896	0.74909	0.999995	739	0	-0.16289
EXOC6B	4	0.55657	0.68828	0.999995	602	1	-0.02367	0.19866	0.19855	0.996584	208	0	-0.02367
LIN28A	3	0.55786	0.61049	0.999995	603	1	-0.14857	0.81603	0.81597	0.999995	821	0	-0.14857
FSD1	4	0.55957	0.68955	0.999995	604	1	0.02765	0.208	0.20752	0.996584	218	0	0.02765
GABPB2	4	0.56156	0.69036	0.999995	605	1	-0.031912	0.055551	0.061325	0.993276	65	1	-0.031912
BECN2	4	0.56503	0.69192	0.999995	606	1	-0.026602	0.60554	0.60494	0.999995	594	0	-0.026602
SAMD4A	4	0.56602	0.69221	0.999995	607	1	-0.17331	0.80586	0.80601	0.999995	808	0	-0.17331
ERO1B	4	0.56651	0.69245	0.999995	608	1	-0.020182	0.0069025	0.013287	0.993276	9	1	-0.020182
GIT2	4	0.56946	0.69391	0.999995	609	1	-0.12527	0.67445	0.674	0.999995	670	0	-0.12527
HMSD	4	0.57239	0.69495	0.999995	610	1	-0.049857	0.47245	0.47071	0.999995	479	0	-0.049857
S1PR4	4	0.57386	0.69559	0.999995	611	1	0.0016789	0.5495	0.54835	0.999995	544	0	0.0016789
SLC25A25	4	0.57531	0.69605	0.999995	612	1	-0.11718	0.57093	0.57058	0.999995	561	0	-0.11718
YIF1B	4	0.58015	0.69801	0.999995	613	1	-0.18213	0.51881	0.51756	0.999995	517	0	-0.18213
PLEK2	4	0.58207	0.69869	0.999995	614	1	-0.17582	0.37819	0.37707	0.999995	390	0	-0.17582
YBX3	4	0.5878	0.70103	0.999995	615	1	-0.026834	0.23778	0.23715	0.996584	250	0	-0.026834
AP2A2	4	0.59158	0.70263	0.999995	616	1	-0.13949	0.48714	0.48509	0.999995	493	0	-0.13949
STX4	4	0.59205	0.70279	0.999995	617	1	0.028504	0.23628	0.23555	0.996584	248	0	0.028504
MTA1	4	0.59346	0.70334	0.999995	618	1	-0.15074	0.026944	0.035938	0.993276	31	1	-0.15074
SLC17A2	4	0.59581	0.70428	0.999995	619	1	0.029428	0.029653	0.038329	0.993276	34	1	0.029428
DYNLT1	4	0.59861	0.70531	0.999995	620	1	-0.10372	0.10069	0.10285	0.996584	109	1	-0.10372
CLASP2	4	0.60139	0.7065	0.999995	621	1	-0.070975	0.11677	0.11788	0.996584	124	1	-0.070975
MYBPHL	4	0.60278	0.70715	0.999995	622	1	-0.13987	0.7813	0.78173	0.999995	775	0	-0.13987
FNIP1	4	0.60324	0.70739	0.999995	623	1	-0.19948	0.75768	0.75766	0.999995	750	0	-0.19948
H2AFX	4	0.60554	0.70841	0.999995	624	1	-0.19037	0.73731	0.73674	0.999995	731	0	-0.19037
POU5F2	4	0.60646	0.70884	0.999995	625	1	-0.13619	0.6393	0.63849	0.999995	640	0	-0.13619
GSDMD	4	0.60737	0.70919	0.999995	626	1	-0.22546	0.75091	0.7511	0.999995	742	0	-0.22546
HACD2	4	0.60874	0.70969	0.999995	627	1	-0.24229	0.70289	0.70259	0.999995	691	0	-0.24229
PDLIM5	4	0.61011	0.71035	0.999995	628	1	-0.11253	0.33034	0.32983	0.999995	346	0	-0.11253
SLC11A1	4	0.61057	0.71056	0.999995	629	1	-0.13845	0.20023	0.19995	0.996584	210	0	-0.13845
PGLS	4	0.61193	0.71104	0.999995	630	1	-0.036776	0.33443	0.3339	0.999995	352	0	-0.036776
CHMP1B	4	0.61419	0.71193	0.999995	631	1	-0.10575	0.45334	0.45233	0.999995	458	0	-0.10575
DYNC1LI2	4	0.616	0.71266	0.999995	632	1	0.047522	0.29482	0.29362	0.999995	307	0	0.047522
PTPN6	4	0.6169	0.7131	0.999995	633	1	-0.099977	0.65452	0.65394	0.999995	652	0	-0.099977
CBLL2	4	0.61779	0.71351	0.999995	634	1	-0.029666	0.29269	0.29152	0.999995	305	0	-0.029666
PTCH1	4	0.62048	0.71484	0.999995	635	1	-0.16093	0.12431	0.12564	0.996584	132	1	-0.16093
G3BP1	4	0.62182	0.71544	0.999995	636	1	-0.17153	0.25495	0.25401	0.996584	270	0	-0.17153
IDH1	4	0.62359	0.71615	0.999995	637	1	-0.12285	0.57628	0.57584	0.999995	571	0	-0.12285
CCNE1	4	0.62448	0.71653	0.999995	638	1	-0.12626	0.84985	0.85043	0.999995	847	0	-0.12626
ATP5PB	4	0.62536	0.71685	0.999995	639	1	-0.028196	0.38973	0.38835	0.999995	401	0	-0.028196
SLC9A3R1	4	0.62669	0.71756	0.999995	640	1	-0.052	0.56651	0.56623	0.999995	558	0	-0.052
STAM	4	0.62845	0.71824	0.999995	641	1	-0.055344	0.080928	0.084453	0.996584	88	1	-0.055344
NBEAL2	4	0.64059	0.72354	0.999995	642	1	-0.13838	0.7235	0.7228	0.999995	712	0	-0.13838
FXR2	4	0.64187	0.72411	0.999995	643	1	-0.13117	0.45569	0.45441	0.999995	462	0	-0.13117
SLC10A2	4	0.64443	0.72552	0.999995	644	1	-0.17784	0.69728	0.69693	0.999995	687	0	-0.17784
HTR3D	4	0.64528	0.72598	0.999995	645	1	-0.029991	0.54849	0.54738	0.999995	543	0	-0.029991
HTR3E	4	0.6457	0.72621	0.999995	646	1	-0.15023	0.35127	0.35071	0.999995	368	0	-0.15023
EPHA3	4	0.64866	0.72743	0.999995	647	1	-0.03705	0.28984	0.28863	0.999995	302	0	-0.03705
CDNF	4	0.6495	0.7277	0.999995	648	1	-0.15025	0.64443	0.6439	0.999995	641	0	-0.15025
RBPJL	4	0.65076	0.7283	0.999995	649	1	-0.057643	0.43973	0.43817	0.999995	444	0	-0.057643
ZAP70	4	0.65118	0.72853	0.999995	650	1	-0.096347	0.22947	0.22899	0.996584	241	0	-0.096347
ZDHHC13	4	0.6516	0.72873	0.999995	651	1	-0.10847	0.12598	0.12728	0.996584	133	1	-0.10847
PTCH2	4	0.65202	0.7289	0.999995	652	1	-0.096816	0.23929	0.23852	0.996584	251	0	-0.096816
GNB3	4	0.65243	0.7291	0.999995	653	1	-0.1387	0.60966	0.60907	0.999995	600	0	-0.1387
ARHGEF7	4	0.65576	0.73067	0.999995	654	1	-0.062483	0.68968	0.68899	0.999995	681	0	-0.062483
PCDH1	4	0.6603	0.73255	0.999995	655	1	-0.036897	0.45217	0.45096	0.999995	456	0	-0.036897
YIPF5	4	0.66357	0.73399	0.999995	656	1	-0.15839	0.75544	0.75546	0.999995	748	0	-0.15839
STRIP1	4	0.66398	0.73419	0.999995	657	1	-0.15454	0.71961	0.71898	0.999995	710	0	-0.15454
KCNT2	4	0.66439	0.73441	0.999995	658	1	-0.10824	0.56799	0.56783	0.999995	559	0	-0.10824
PXDN	4	0.66763	0.73609	0.999995	659	1	0.084879	0.092994	0.095503	0.996584	102	1	0.084879
TIMM23B	4	0.66965	0.73711	0.999995	660	1	-0.026169	0.33715	0.3365	0.999995	354	0	-0.026169
RBMX	3	0.67269	0.68883	0.999995	661	1	-0.1468	0.66541	0.66482	0.999995	660	0	-0.1468
ATAD2	4	0.67285	0.73866	0.999995	662	1	0.1278	0.27182	0.27071	0.999995	284	0	0.1278
CTPS1	4	0.67325	0.73885	0.999995	663	1	-0.10353	0.14747	0.14752	0.996584	156	1	-0.10353
EZH1	4	0.67524	0.7398	0.999995	664	1	-0.085957	0.72665	0.72617	0.999995	718	0	-0.085957
CDK19	8	0.6807	0.85367	0.999995	665	1	-0.078534	0.46337	0.46357	0.999995	472	0	-0.078534
ANXA1	4	0.68155	0.74291	0.999995	666	1	-0.076649	0.094707	0.0971	0.996584	104	1	-0.076649
H2BFM	4	0.68233	0.74331	0.999995	667	1	0.041085	0.012399	0.023347	0.993276	20	1	0.041085
NLRP8	4	0.68311	0.74376	0.999995	668	1	-0.076368	0.39228	0.39062	0.999995	403	0	-0.076368
PDGFC	4	0.68505	0.74469	0.999995	669	1	-0.1097	0.40738	0.40547	0.999995	419	0	-0.1097
RYBP	3	0.68534	0.69927	0.999995	670	1	-0.16666	0.56465	0.56319	0.999995	557	0	-0.16666
GLIS3	4	0.6866	0.74562	0.999995	671	1	-0.080797	0.28769	0.2863	0.999995	299	0	-0.080797
EAF1	4	0.68891	0.74686	0.999995	672	1	-0.23846	0.84375	0.84437	0.999995	840	0	-0.23846
TBC1D26	2	0.68926	0.68803	0.999995	673	0	-0.1516	0.62362	0.62219	0.999995	620	0	-0.1516
WRN	4	0.69198	0.74847	0.999995	674	1	-0.12969	0.62315	0.62281	0.999995	619	0	-0.12969
HUS1B	4	0.69274	0.74887	0.999995	675	1	-0.14447	0.36647	0.36542	0.999995	382	0	-0.14447
USP13	4	0.6954	0.75024	0.999995	676	1	-0.1366	0.04757	0.054497	0.993276	55	1	-0.1366
TOMM20L	4	0.69803	0.75157	0.999995	677	1	-0.15374	0.90296	0.90208	0.999995	896	0	-0.15374
KRT38	4	0.69879	0.75202	0.999995	678	1	0.001139	0.28555	0.2843	0.999995	296	0	0.001139
UCHL5	4	0.69991	0.75269	0.999995	679	1	-0.13227	0.43853	0.43692	0.999995	443	0	-0.13227
FCRL3	4	0.70178	0.75372	0.999995	680	1	-0.092883	0.7117	0.71112	0.999995	701	0	-0.092883
ZNF418	4	0.70252	0.75411	0.999995	681	1	0.0069847	0.30752	0.30615	0.999995	322	0	0.0069847
KRTAP10-10	4	0.70289	0.75425	0.999995	682	1	0.10091	0.39671	0.39504	0.999995	408	0	0.10091
RAP1GAP2	4	0.70363	0.75467	0.999995	683	1	-0.15905	0.758	0.75799	0.999995	752	0	-0.15905
GRIP2	4	0.70585	0.75567	0.999995	684	1	-0.031204	0.23099	0.23045	0.996584	243	0	-0.031204
FNIP2	4	0.70622	0.7559	0.999995	685	1	-0.20012	0.52676	0.52589	0.999995	528	0	-0.20012
ADM	4	0.70842	0.75694	0.999995	686	1	-0.20376	0.58351	0.58297	0.999995	577	0	-0.20376
BATF3	4	0.70952	0.7575	0.999995	687	1	-0.16407	0.85577	0.85614	0.999995	852	0	-0.16407
TREM2	4	0.71061	0.75816	0.999995	688	1	-0.037196	0.40363	0.40146	0.999995	414	0	-0.037196
TLN2	4	0.71388	0.75977	0.999995	689	1	-0.16985	0.89638	0.89574	0.999995	888	0	-0.16985
GYS1	4	0.7146	0.76003	0.999995	690	1	-0.030845	0.32555	0.32504	0.999995	341	0	-0.030845
DMP1	4	0.71496	0.7602	0.999995	691	1	-0.1845	0.50153	0.49972	0.999995	502	0	-0.1845
CYP2A6	4	0.71568	0.76062	0.999995	692	1	-0.18413	0.75059	0.7507	0.999995	741	0	-0.18413
KRT74	4	0.71639	0.76103	0.999995	693	1	0.029967	0.04579	0.052966	0.993276	53	1	0.029967
MARCKS	4	0.71675	0.76121	0.999995	694	1	-0.050851	0.70842	0.70782	0.999995	699	0	-0.050851
CNOT6	4	0.72032	0.76324	0.999995	695	1	-0.10705	0.32349	0.32277	0.999995	339	0	-0.10705
BARHL1	4	0.72103	0.76375	0.999995	696	1	-0.016411	0.39291	0.39133	0.999995	404	0	-0.016411
CYFIP1	4	0.72385	0.7652	0.999995	697	1	-0.12498	0.30611	0.30472	0.999995	321	0	-0.12498
PRG3	4	0.72595	0.76639	0.999995	698	1	-0.068481	0.13512	0.13594	0.996584	141	1	-0.068481
HACD1	4	0.73012	0.76843	0.999995	699	1	-0.12092	0.60874	0.60807	0.999995	598	0	-0.12092
TRPC5	4	0.73116	0.76904	0.999995	700	1	-0.059006	0.51131	0.50962	0.999995	511	0	-0.059006
SEC31B	4	0.73253	0.76979	0.999995	701	1	-0.078572	0.20334	0.203	0.996584	214	0	-0.078572
PPP3CC	4	0.7339	0.77057	0.999995	702	1	-0.1275	0.80908	0.80952	0.999995	813	0	-0.1275
SUSD1	4	0.73425	0.77086	0.999995	703	1	-0.10717	0.522	0.52075	0.999995	523	0	-0.10717
TYMS	4	0.73493	0.77133	0.999995	704	1	-0.25889	0.84738	0.84807	0.999995	845	0	-0.25889
ESRP1	4	0.73527	0.77147	0.999995	705	1	-0.10853	0.77714	0.77762	0.999995	772	0	-0.10853
HMGCS2	4	0.73629	0.77203	0.999995	706	1	-0.20139	0.19161	0.19178	0.996584	199	0	-0.20139
UNC45B	4	0.73663	0.77224	0.999995	707	1	-0.17532	0.91179	0.91062	0.999995	911	0	-0.17532
MT2A	4	0.73697	0.77242	0.999995	708	1	-0.00060025	0.24678	0.24603	0.996584	259	0	-0.00060025
FMR1	4	0.73832	0.77323	0.999995	709	1	-0.011616	0.3019	0.3006	0.999995	316	0	-0.011616
PACS1	4	0.73866	0.77347	0.999995	710	1	0.017834	0.011255	0.02146	0.993276	17	2	0.017834
PRKAB2	4	0.73933	0.77385	0.999995	711	1	-0.10815	0.78772	0.78804	0.999995	782	0	-0.10815
TXNDC8	4	0.74301	0.77591	0.999995	712	1	-0.025356	0.085251	0.088422	0.996584	94	1	-0.025356
KLF5	4	0.74368	0.77633	0.999995	713	1	0.076494	0.17895	0.17864	0.996584	186	0	0.076494
SLC25A2	4	0.74501	0.7772	0.999995	714	1	0.050895	0.29907	0.29762	0.999995	312	0	0.050895
DEGS2	4	0.74567	0.77766	0.999995	715	1	-0.20748	0.94935	0.94895	0.999995	947	0	-0.20748
RPL6	1	0.74706	0.74861	0.999995	716	0	-0.0051277	0.25294	0.25334	0.996584	267	0	-0.0051277
IKBKB	4	0.74863	0.77964	0.999995	717	1	-0.095134	0.11256	0.1143	0.996584	119	1	-0.095134
TGM6	4	0.74928	0.78009	0.999995	718	1	-0.031837	0.37883	0.37775	0.999995	391	0	-0.031837
APOBEC3C	4	0.75059	0.78084	0.999995	719	1	-0.12019	0.43553	0.43385	0.999995	440	0	-0.12019
SOS2	4	0.75124	0.78122	0.999995	720	1	-0.2093	0.67325	0.67281	0.999995	668	0	-0.2093
DYNC1LI1	3	0.75202	0.75432	0.999995	721	1	-0.085662	0.72807	0.72881	0.999995	721	0	-0.085662
ITSN1	4	0.75351	0.7826	0.999995	722	1	-0.12786	0.6866	0.686	0.999995	680	0	-0.12786
LNX2	4	0.75447	0.78312	0.999995	723	1	-0.12748	0.2505	0.24961	0.996584	264	0	-0.12748
BECN1	4	0.75512	0.78351	0.999995	724	1	-0.084156	0.4504	0.44911	0.999995	454	0	-0.084156
CDK16	4	0.758	0.78519	0.999995	725	1	-0.071512	0.23174	0.23121	0.996584	244	0	-0.071512
IL6ST	4	0.75831	0.7855	0.999995	726	1	-0.18765	0.79088	0.79126	0.999995	789	0	-0.18765
ENOX1	4	0.75927	0.78614	0.999995	727	1	-0.11255	0.68115	0.68049	0.999995	674	0	-0.11255
SLC35F3	4	0.7599	0.78655	0.999995	728	1	-0.16867	0.75447	0.75452	0.999995	747	0	-0.16867
MAT1A	4	0.76085	0.78711	0.999995	729	1	-0.035885	0.73081	0.73005	0.999995	723	0	-0.035885
PSMB9	4	0.76211	0.78781	0.999995	730	1	-0.20839	0.89605	0.89533	0.999995	886	0	-0.20839
FSD1L	4	0.76336	0.78872	0.999995	731	1	-0.069332	0.13346	0.13433	0.996584	139	1	-0.069332
GOLPH3	4	0.76524	0.7898	0.999995	732	1	-0.076	0.53409	0.53286	0.999995	533	0	-0.076
PDGFD	4	0.76617	0.79034	0.999995	733	1	0.11178	0.0063741	0.012334	0.993276	7	2	0.11178
YAF2	4	0.76648	0.79054	0.999995	734	1	-0.19067	0.46614	0.46491	0.999995	474	0	-0.19067
SS18	4	0.7671	0.79101	0.999995	735	1	-0.18362	0.75576	0.75579	0.999995	749	0	-0.18362
ATM	4	0.76895	0.79225	0.999995	736	1	-0.14816	0.77684	0.77724	0.999995	771	0	-0.14816
H1FOO	4	0.76925	0.7924	0.999995	737	1	0.067965	0.065238	0.07019	0.995801	75	1	0.067965
RANBP17	4	0.77322	0.79512	0.999995	738	1	-0.057052	0.47416	0.47216	0.999995	482	0	-0.057052
ABL2	4	0.77413	0.79576	0.999995	739	1	-0.12945	0.63107	0.63055	0.999995	630	0	-0.12945
SMC1B	4	0.77624	0.79702	0.999995	740	1	-0.15547	0.85962	0.8599	0.999995	856	0	-0.15547
RECK	4	0.77684	0.79733	0.999995	741	1	0.023631	0.17735	0.17695	0.996584	184	0	0.023631
SEC31A	4	0.77833	0.79836	0.999995	742	1	-0.17533	0.92341	0.92276	0.999995	917	0	-0.17533
TMEM185B	4	0.77893	0.79873	0.999995	743	1	-0.054403	0.20878	0.20817	0.996584	219	0	-0.054403
NDUFC1	4	0.77952	0.79912	0.999995	744	1	-0.11593	0.056435	0.062026	0.993276	66	1	-0.11593
CD163L1	4	0.77982	0.79934	0.999995	745	1	-0.15189	0.57239	0.57219	0.999995	564	0	-0.15189
SATB2	4	0.78012	0.79952	0.999995	746	1	0.009617	0.24752	0.24685	0.996584	260	0	0.009617
VRTN	4	0.78041	0.79971	0.999995	747	1	-0.17729	0.87405	0.87429	0.999995	870	0	-0.17729
XPR1	4	0.78071	0.79988	0.999995	748	1	-0.14095	0.8699	0.87006	0.999995	865	0	-0.14095
GOLT1A	4	0.78159	0.80059	0.999995	749	1	0.013713	0.16049	0.16	0.996584	167	1	0.013713
SS18L1	4	0.78306	0.80149	0.999995	750	1	-0.097769	0.013312	0.024131	0.993276	21	1	-0.097769
LARP1	4	0.78424	0.80237	0.999995	751	1	-0.062181	0.3827	0.38172	0.999995	394	0	-0.062181
AKAP11	4	0.78482	0.80263	0.999995	752	1	-0.12189	0.76305	0.76325	0.999995	758	0	-0.12189
MBP	4	0.7854	0.80297	0.999995	753	1	-0.11844	0.3756	0.37438	0.999995	387	0	-0.11844
MYD88	4	0.78685	0.80388	0.999995	754	1	-0.13736	0.34323	0.34266	0.999995	359	0	-0.13736
LATS1	4	0.78743	0.80424	0.999995	755	1	-0.14301	0.31866	0.31785	0.999995	333	0	-0.14301
FLOT2	4	0.78772	0.80439	0.999995	756	1	-0.14694	0.85512	0.85562	0.999995	851	0	-0.14694
SNX6	4	0.78887	0.80511	0.999995	757	1	-0.11645	0.78071	0.7811	0.999995	773	0	-0.11645
TANC2	3	0.78956	0.79051	0.999995	758	0	-0.14379	0.62844	0.62786	0.999995	626	0	-0.14379
ENOX2	4	0.79031	0.8062	0.999995	759	1	-0.10749	0.64697	0.64641	0.999995	645	0	-0.10749
TYROBP	4	0.79173	0.80713	0.999995	760	1	0.00055973	0.080061	0.083677	0.996584	87	1	0.00055973
FLT1	4	0.79202	0.80735	0.999995	761	1	-0.092192	0.48378	0.48188	0.999995	491	0	-0.092192
TTC7B	4	0.7923	0.8075	0.999995	762	1	-0.0080179	0.37754	0.37646	0.999995	389	0	-0.0080179
ZNF284	4	0.79287	0.80798	0.999995	763	1	-0.11517	0.33103	0.33044	0.999995	347	0	-0.11517
TCF3	4	0.79456	0.80915	0.999995	764	1	-0.064642	0.70178	0.70156	0.999995	690	0	-0.064642
NR5A2	4	0.79708	0.8109	0.999995	765	1	-0.11271	0.25347	0.25251	0.996584	268	0	-0.11271
TBC1D9	4	0.7982	0.81171	0.999995	766	1	-0.1395	0.36385	0.36275	0.999995	380	0	-0.1395
RANBP10	4	0.79986	0.81259	0.999995	767	1	-0.086291	0.61238	0.61189	0.999995	605	0	-0.086291
SERPINA12	8	0.80023	0.90227	0.999995	768	2	-0.099088	0.39686	0.39745	0.999995	409	0	-0.099088
CLIP4	4	0.80178	0.81391	0.999995	769	1	0.0051193	0.16936	0.16915	0.996584	175	1	0.0051193
GIT1	4	0.80424	0.81575	0.999995	770	1	0.05556	0.078326	0.082183	0.996584	85	1	0.05556
SUV39H2	3	0.80438	0.80493	0.999995	771	0	-0.073499	0.083708	0.084882	0.996584	92	1	-0.073499
TMEM185A	4	0.80451	0.81599	0.999995	772	1	0.0045848	0.21649	0.21569	0.996584	227	0	0.0045848
TBK1	4	0.80748	0.81828	0.999995	773	1	-0.12478	0.80828	0.80862	0.999995	811	0	-0.12478
BTG1	4	0.80775	0.8185	0.999995	774	1	-0.033135	0.22109	0.22062	0.996584	233	0	-0.033135
CSTF2T	4	0.80828	0.81895	0.999995	775	1	0.0077971	0.0097282	0.018508	0.993276	13	2	0.0077971
KCNT1	4	0.80882	0.81945	0.999995	776	1	-0.073269	0.3526	0.35204	0.999995	369	0	-0.073269
DLL4	4	0.81094	0.82097	0.999995	777	1	-0.028775	0.34726	0.34665	0.999995	364	0	-0.028775
FKBP4	4	0.81121	0.82116	0.999995	778	1	-0.15244	0.4142	0.41239	0.999995	425	0	-0.15244
IQCA1L	4	0.81173	0.82155	0.999995	779	1	-0.11944	0.30541	0.30414	0.999995	320	0	-0.11944
BRSK2	4	0.81226	0.822	0.999995	780	1	-0.099715	0.73595	0.73527	0.999995	729	0	-0.099715
SEC23B	4	0.81331	0.82286	0.999995	781	1	-0.039167	0.65285	0.6523	0.999995	650	0	-0.039167
MYH7	4	0.81383	0.82323	0.999995	782	1	-0.14846	0.61057	0.61015	0.999995	601	0	-0.14846
MOGAT2	4	0.81592	0.82485	0.999995	783	1	-0.025338	0.44271	0.44114	0.999995	448	0	-0.025338
TANC1	4	0.81747	0.82601	0.999995	784	1	-0.20639	0.89722	0.89648	0.999995	890	0	-0.20639
DPCR1	4	0.81798	0.82646	0.999995	785	1	-0.0053338	0.26012	0.25903	0.997507	275	0	-0.0053338
RAD17	3	0.81892	0.81883	0.999995	786	0	0.028392	0.044647	0.046988	0.993276	51	1	0.028392
MPC1	4	0.81901	0.82707	0.999995	787	1	-0.15042	0.55757	0.55708	0.999995	551	0	-0.15042
PTPN14	4	0.81978	0.82761	0.999995	788	1	-0.16043	0.21956	0.21896	0.996584	230	0	-0.16043
ZIC3	4	0.82232	0.82971	0.999995	789	1	-0.18846	0.84005	0.84056	0.999995	837	0	-0.18846
CRY1	4	0.82257	0.82989	0.999995	790	1	-0.073434	0.25199	0.25095	0.996584	265	0	-0.073434
TCF12	4	0.82282	0.83006	0.999995	791	1	-0.028298	0.33239	0.3318	0.999995	348	0	-0.028298
NAT8L	4	0.82332	0.83045	0.999995	792	1	0.019028	0.22414	0.22352	0.996584	236	0	0.019028
HEATR5A	4	0.82433	0.83125	0.999995	793	1	-0.16675	0.154	0.15375	0.996584	161	1	-0.16675
SEC14L3	4	0.82533	0.83191	0.999995	794	1	-0.13267	0.17815	0.17774	0.996584	185	0	-0.13267
TPBG	4	0.82707	0.83317	0.999995	795	1	-0.10955	0.61284	0.61232	0.999995	606	0	-0.10955
TOMM40L	4	0.82731	0.83337	0.999995	796	1	-0.095375	0.50644	0.50486	0.999995	507	0	-0.095375
HRH3	4	0.82756	0.83351	0.999995	797	1	-0.1062	0.019691	0.02954	0.993276	24	1	-0.1062
RBMXL2	4	0.82904	0.83459	0.999995	798	1	0.12259	0.033256	0.041757	0.993276	38	1	0.12259
AP1G2	4	0.83075	0.83595	0.999995	799	1	-0.039651	0.36451	0.36342	0.999995	381	0	-0.039651
ERH	4	0.83099	0.83623	0.999995	800	1	-0.14469	0.58207	0.5816	0.999995	576	0	-0.14469
KCNG4	4	0.83196	0.83702	0.999995	801	1	-0.1362	0.2769	0.27584	0.999995	288	0	-0.1362
KRT37	4	0.83269	0.83757	0.999995	802	1	-0.035333	0.51561	0.51429	0.999995	515	0	-0.035333
TOP2B	4	0.83317	0.83786	0.999995	803	1	-0.16841	0.51721	0.51586	0.999995	516	0	-0.16841
ZDHHC17	4	0.83389	0.8384	0.999995	804	1	-0.086623	0.1218	0.12319	0.996584	129	1	-0.086623
XDH	4	0.83413	0.83862	0.999995	805	1	-0.015534	0.16453	0.16412	0.996584	171	1	-0.015534
EAF2	4	0.83556	0.83973	0.999995	806	1	-0.028017	0.13677	0.13757	0.996584	143	1	-0.028017
PMM1	4	0.83628	0.84032	0.999995	807	1	-0.17743	0.89621	0.89553	0.999995	887	0	-0.17743
NBEAL1	4	0.83746	0.84126	0.999995	808	1	-0.10319	0.80882	0.8093	0.999995	812	0	-0.10319
RANBP6	3	0.83896	0.83957	0.999995	809	0	0.044145	0.081094	0.082248	0.996584	89	1	0.044145
TRIM25	4	0.83911	0.84272	0.999995	810	1	-0.074459	0.4877	0.48563	0.999995	494	0	-0.074459
CD44	4	0.84005	0.84348	0.999995	811	1	-0.19335	0.80694	0.80705	0.999995	810	0	-0.19335
TMEM9	4	0.84028	0.84365	0.999995	812	1	-0.090293	0.63629	0.63553	0.999995	637	0	-0.090293
ANKRD10	4	0.84098	0.84421	0.999995	813	1	-0.13339	0.53461	0.53356	0.999995	534	0	-0.13339
RUNX1	4	0.8419	0.84501	0.999995	814	1	-0.08128	0.53617	0.53508	0.999995	535	0	-0.08128
SERPINA9	4	0.84329	0.84632	0.999995	815	1	-0.043997	0.40426	0.40223	0.999995	415	0	-0.043997
ATAD2B	4	0.84398	0.8469	0.999995	816	1	-0.0066305	0.27255	0.2714	0.999995	285	0	-0.0066305
STRIP2	4	0.84489	0.84767	0.999995	817	1	-0.043537	0.31935	0.31857	0.999995	334	0	-0.043537
ATOH1	4	0.84512	0.84786	0.999995	818	1	-0.16075	0.66601	0.66522	0.999995	662	0	-0.16075
AXL	4	0.84557	0.84821	0.999995	819	1	-0.12053	0.14583	0.14575	0.996584	154	1	-0.12053
SLCO2B1	4	0.8458	0.84836	0.999995	820	1	-0.15206	0.24528	0.2445	0.996584	257	0	-0.15206
NRBP1	4	0.84648	0.84896	0.999995	821	1	-0.043345	0.6037	0.60312	0.999995	593	0	-0.043345
CELA2A	4	0.84873	0.85097	0.999995	822	1	-0.16997	0.78714	0.78758	0.999995	781	0	-0.16997
UMPS	4	0.85007	0.85215	0.999995	823	1	-0.037949	0.33918	0.33882	0.999995	356	0	-0.037949
PSEN2	4	0.85029	0.85235	0.999995	824	1	0.06888	0.18054	0.18026	0.996584	188	0	0.06888
FRY	4	0.85074	0.8527	0.999995	825	1	-0.023943	0.26379	0.26261	0.999995	278	0	-0.023943
HEATR5B	4	0.85184	0.85353	0.999995	826	1	-0.078519	0.62536	0.62506	0.999995	624	0	-0.078519
ACTL7A	4	0.85206	0.85371	0.999995	827	1	-0.23121	0.57337	0.57314	0.999995	565	0	-0.23121
ARFGEF1	4	0.85228	0.85388	0.999995	828	1	-0.095637	0.014226	0.024925	0.993276	23	1	-0.095637
OSMR	4	0.85338	0.85482	0.999995	829	1	-0.12886	0.74401	0.74355	0.999995	735	0	-0.12886
NCK2	4	0.85533	0.85667	0.999995	830	1	-0.092153	0.30119	0.29988	0.999995	315	0	-0.092153
GBX2	4	0.85555	0.85684	0.999995	831	1	-0.12508	0.68505	0.68441	0.999995	678	0	-0.12508
CABP5	4	0.8562	0.85741	0.999995	832	1	-0.076273	0.33307	0.33255	0.999995	350	0	-0.076273
RCBTB2	4	0.85706	0.8581	0.999995	833	1	-0.017836	0.60139	0.60058	0.999995	590	0	-0.017836
EFR3A	4	0.85855	0.85952	0.999995	834	1	-0.068222	0.15887	0.15831	0.996584	165	1	-0.068222
KRTAP1-1	4	0.85877	0.85967	0.999995	835	1	-0.072361	0.45452	0.45339	0.999995	460	0	-0.072361
SEC11C	4	0.85898	0.85991	0.999995	836	1	-0.16605	0.27835	0.27719	0.999995	290	0	-0.16605
UAP1L1	4	0.85919	0.86006	0.999995	837	1	-0.081716	0.40175	0.39973	0.999995	412	0	-0.081716
PXDNL	4	0.86025	0.8609	0.999995	838	1	0.0047665	0.23401	0.23346	0.996584	246	0	0.0047665
IFIH1	4	0.86088	0.86145	0.999995	839	1	-0.058036	0.24379	0.24314	0.996584	255	0	-0.058036
CWF19L1	4	0.86109	0.86162	0.999995	840	1	-0.19766	0.29055	0.2894	0.999995	303	0	-0.19766
TPRX1	4	0.86151	0.86206	0.999995	841	1	-0.00076095	0.40488	0.40298	0.999995	416	0	-0.00076095
NETO2	4	0.86193	0.86246	0.999995	842	1	-0.045426	0.50371	0.502	0.999995	504	0	-0.045426
DZIP1L	4	0.86235	0.86289	0.999995	843	1	-0.11938	0.3385	0.3381	0.999995	355	0	-0.11938
BCAP31	4	0.86421	0.86467	0.999995	844	1	-0.20856	0.42707	0.42518	0.999995	434	0	-0.20856
ERC1	4	0.86504	0.8655	0.999995	845	1	-0.031407	0.6	0.59942	0.999995	588	0	-0.031407
SPTLC3	4	0.86524	0.86567	0.999995	846	1	-0.22976	0.75831	0.75839	0.999995	753	0	-0.22976
ZFYVE19	4	0.86627	0.86667	0.999995	847	1	-0.10671	0.72595	0.72541	0.999995	717	0	-0.10671
CHML	4	0.86708	0.86752	0.999995	848	1	-0.094169	0.73899	0.73852	0.999995	733	0	-0.094169
BICD2	4	0.86728	0.86769	0.999995	849	1	-0.11012	0.76085	0.76104	0.999995	756	0	-0.11012
SPHKAP	4	0.86829	0.86864	0.999995	850	1	-0.021856	0.021508	0.031081	0.993276	26	1	-0.021856
DUOX1	4	0.8687	0.86906	0.999995	851	1	-0.080169	0.38205	0.38108	0.999995	393	0	-0.080169
NDEL1	4	0.8689	0.86923	0.999995	852	1	-0.045409	0.56206	0.56176	0.999995	555	0	-0.045409
SMAP2	4	0.8693	0.86956	0.999995	853	1	0.020109	0.43673	0.43509	0.999995	441	0	0.020109
IL6R	4	0.8695	0.86976	0.999995	854	1	-0.11765	0.47016	0.46857	0.999995	478	0	-0.11765
ADARB1	4	0.8697	0.86991	0.999995	855	1	-0.042789	0.49271	0.49059	0.999995	497	0	-0.042789
PPP2R1B	4	0.8709	0.87108	0.999995	856	1	-0.19465	0.55556	0.5547	0.999995	550	0	-0.19465
JUP	4	0.87149	0.87161	0.999995	857	1	-0.014118	0.10494	0.10707	0.996584	114	1	-0.014118
TGFBR2	4	0.87169	0.87183	0.999995	858	1	-0.1221	0.65907	0.65847	0.999995	656	0	-0.1221
CTPS2	4	0.87248	0.87265	0.999995	859	1	0.032992	0.11929	0.12054	0.996584	127	1	0.032992
DLL1	4	0.87307	0.87324	0.999995	860	1	-0.071079	0.54133	0.53995	0.999995	537	0	-0.071079
MTA3	4	0.87424	0.87446	0.999995	861	1	-0.1525	0.8695	0.86967	0.999995	864	0	-0.1525
VIM	4	0.87444	0.87471	0.999995	862	1	-0.097865	0.59721	0.59665	0.999995	586	0	-0.097865
LIM2	4	0.87463	0.87492	0.999995	863	1	-0.034964	0.3228	0.32208	0.999995	338	0	-0.034964
LIMK2	4	0.87521	0.87561	0.999995	864	0	-0.050653	0.35327	0.35267	0.999995	370	0	-0.050653
ZEB1	4	0.87541	0.87575	0.999995	865	0	-0.11806	0.32829	0.32784	0.999995	344	0	-0.11806
IL10RA	4	0.8756	0.87591	0.999995	866	0	-0.055132	0.20179	0.20141	0.996584	212	0	-0.055132
NXT2	4	0.87657	0.87706	0.999995	867	0	-0.10537	0.47302	0.47119	0.999995	480	0	-0.10537
IAPP	4	0.87733	0.87773	0.999995	868	0	0.0092022	0.16211	0.16173	0.996584	168	1	0.0092022
CAB39L	4	0.87848	0.87886	0.999995	869	0	-0.032836	0.28195	0.28071	0.999995	292	0	-0.032836
ZNF423	4	0.87885	0.87918	0.999995	870	0	-0.10422	0.55857	0.55811	0.999995	552	0	-0.10422
LNX1	4	0.88036	0.8807	0.999995	871	0	-0.079063	0.70622	0.70566	0.999995	696	0	-0.079063
GBP3	4	0.8826	0.88273	0.999995	872	0	0.007113	0.025134	0.034322	0.993276	30	1	0.007113
ALAS1	8	0.88292	0.94213	0.999995	873	1	-0.12156	0.51949	0.51982	0.999995	519	0	-0.12156
ZNF521	4	0.88297	0.883	0.999995	874	0	-0.10219	0.63499	0.63435	0.999995	634	0	-0.10219
CYFIP2	4	0.88352	0.88362	0.999995	875	0	-0.095314	0.52359	0.52253	0.999995	525	0	-0.095314
RNF144A	4	0.88407	0.88408	0.999995	876	0	-0.086038	0.61779	0.617	0.999995	611	0	-0.086038
LRFN1	4	0.88462	0.88452	0.999995	877	0	-0.039898	0.093851	0.096334	0.996584	103	1	-0.039898
PLCG2	4	0.88535	0.88531	0.999995	878	0	-0.14731	0.40238	0.40028	0.999995	413	0	-0.14731
CLTCL1	4	0.88608	0.88594	0.999995	879	0	0.092404	0.35924	0.35828	0.999995	377	0	0.092404
AOX1	4	0.88626	0.88614	0.999995	880	0	-0.016448	0.4551	0.45385	0.999995	461	0	-0.016448
TREML4	3	0.88721	0.8873	0.999995	881	0	0.020496	0.39495	0.39325	0.999995	406	0	0.020496
TAF9	4	0.88752	0.8874	0.999995	882	0	0.14257	0.17974	0.17941	0.996584	187	0	0.14257
ERN2	4	0.8877	0.8876	0.999995	883	0	-0.10534	0.6516	0.65108	0.999995	649	0	-0.10534
RSPH1	4	0.89036	0.89018	0.999995	884	0	-0.11816	0.56995	0.56972	0.999995	560	0	-0.11816
TBPL2	4	0.89141	0.89108	0.999995	885	0	0.02954	0.12096	0.12226	0.996584	128	1	0.02954
NCK1	4	0.89158	0.89128	0.999995	886	0	0.039432	0.043114	0.050546	0.993276	50	1	0.039432
MMD2	4	0.89193	0.89161	0.999995	887	0	-0.071328	0.42464	0.42291	0.999995	433	0	-0.071328
NOX3	4	0.8928	0.89244	0.999995	888	0	-0.050162	0.57191	0.57168	0.999995	563	0	-0.050162
PRSS37	4	0.89314	0.89286	0.999995	889	0	-0.097633	0.69803	0.69764	0.999995	688	0	-0.097633
CAT	4	0.89417	0.89376	0.999995	890	0	-0.13395	0.31727	0.31664	0.999995	332	0	-0.13395
REG3A	4	0.89469	0.89417	0.999995	891	0	-0.031365	0.15481	0.15459	0.996584	162	1	-0.031365
CCT6B	4	0.89554	0.89488	0.999995	892	0	-0.14501	0.44092	0.43947	0.999995	445	0	-0.14501
PDCD4	4	0.89605	0.89533	0.999995	893	0	-0.1207	0.29836	0.29692	0.999995	311	0	-0.1207
STX7	4	0.89655	0.89589	0.999995	894	0	-0.064047	0.082659	0.086106	0.996584	91	1	-0.064047
FBLN1	4	0.89789	0.89717	0.999995	895	0	0.077336	0.31241	0.31121	0.999995	328	0	0.077336
SLC25A15	4	0.89806	0.89731	0.999995	896	0	-0.054583	0.58732	0.58675	0.999995	580	0	-0.054583
EPC1	4	0.89822	0.89745	0.999995	897	0	-0.11621	0.75254	0.75265	0.999995	745	0	-0.11621
PRDM13	4	0.89856	0.89788	0.999995	898	0	-0.048858	0.027847	0.03675	0.993276	32	1	-0.048858
CAV1	4	0.89905	0.89833	0.999995	899	0	-0.13061	0.44152	0.44002	0.999995	446	0	-0.13061
RHOT1	4	0.89922	0.8985	0.999995	900	0	-0.087669	0.18767	0.1878	0.996584	197	0	-0.087669
ALG14	4	0.89938	0.89866	0.999995	901	0	-0.086708	0.54441	0.54316	0.999995	539	0	-0.086708
SHMT1	4	0.89971	0.89895	0.999995	902	0	-0.0083129	0.037747	0.045736	0.993276	42	1	-0.0083129
TNKS	4	0.90004	0.89924	0.999995	903	0	-0.11651	0.2049	0.20442	0.996584	216	0	-0.11651
ZNRF4	4	0.9007	0.89996	0.999995	904	0	-0.018913	0.616	0.61532	0.999995	609	0	-0.018913
TBC1D1	4	0.90102	0.90028	0.999995	905	0	-0.023557	0.48209	0.48008	0.999995	489	0	-0.023557
KCNMB3	4	0.90264	0.90173	0.999995	906	0	-0.068526	0.18292	0.18294	0.996584	191	0	-0.068526
TAS1R2	4	0.90408	0.90303	0.999995	907	0	-0.014958	0.19632	0.19632	0.996584	205	0	-0.014958
ALAS2	4	0.9055	0.90433	0.999995	908	0	-0.08339	0.59534	0.5948	0.999995	584	0	-0.08339
RAP1GAP	4	0.90707	0.90561	0.999995	909	0	-0.020814	0.30892	0.30766	0.999995	324	0	-0.020814
NSDHL	4	0.90907	0.90791	0.999995	910	0	-0.064787	0.4433	0.44191	0.999995	449	0	-0.064787
CYP2C8	4	0.91013	0.90883	0.999995	911	0	0.085966	0.31031	0.30902	0.999995	326	0	0.085966
PLD1	4	0.91028	0.90897	0.999995	912	0	-0.16108	0.93227	0.93144	0.999995	924	0	-0.16108
CLASP1	4	0.91044	0.90912	0.999995	913	0	0.030383	0.22719	0.22699	0.996584	239	0	0.030383
AQP8	4	0.91104	0.90972	0.999995	914	0	-0.064932	0.13925	0.13958	0.996584	146	1	-0.064932
AP3M1	4	0.91194	0.91079	0.999995	915	0	0.00085951	0.21341	0.21267	0.996584	224	0	0.00085951
UBQLN3	4	0.91268	0.91162	0.999995	916	0	-0.031697	0.3439	0.34345	0.999995	360	0	-0.031697
FZD8	4	0.91327	0.91216	0.999995	917	0	-0.0030926	0.5787	0.5781	0.999995	574	0	-0.0030926
PLCG1	4	0.91488	0.91384	0.999995	918	0	-0.12634	0.19475	0.19488	0.996584	203	0	-0.12634
RSC1A1	4	0.91517	0.91416	0.999995	919	0	-0.13675	0.8064	0.80651	0.999995	809	0	-0.13675
HMGCLL1	4	0.91532	0.91429	0.999995	920	0	-0.14029	0.47359	0.47167	0.999995	481	0	-0.14029
MYBL2	4	0.91561	0.91459	0.999995	921	0	0.10096	0.23703	0.23645	0.996584	249	0	0.10096
ARFGEF2	4	0.9159	0.91492	0.999995	922	0	-0.080691	0.69426	0.69377	0.999995	685	0	-0.080691
RNF125	4	0.91618	0.9152	0.999995	923	0	-0.019459	0.37689	0.37585	0.999995	388	0	-0.019459
RNF2	3	0.9164	0.91613	0.999995	924	0	0.00012564	0.45798	0.45665	0.999995	465	0	0.00012564
ZNF185	4	0.9169	0.9159	0.999995	925	0	-0.028918	0.60185	0.60109	0.999995	591	0	-0.028918
SOHLH1	4	0.91733	0.91646	0.999995	926	0	-0.1988	0.82257	0.82341	0.999995	827	0	-0.1988
HOXB1	4	0.92027	0.9196	0.999995	927	0	-0.14112	0.72525	0.72479	0.999995	716	0	-0.14112
GPR183	4	0.92041	0.91982	0.999995	928	0	-0.10454	0.66071	0.66002	0.999995	658	0	-0.10454
LMBR1L	4	0.92124	0.92057	0.999995	929	0	-0.072861	0.62932	0.6289	0.999995	628	0	-0.072861
DYNLT3	4	0.92151	0.92086	0.999995	930	0	0.020582	0.024229	0.033593	0.993276	29	1	0.020582
CHM	4	0.92206	0.92133	0.999995	931	0	-0.0014619	0.66561	0.66495	0.999995	661	0	-0.0014619
KLK12	4	0.9222	0.9215	0.999995	932	0	0.0017492	0.50043	0.49856	0.999995	501	0	0.0017492
MECP2	4	0.92341	0.92276	0.999995	933	0	-0.0071837	0.27037	0.26929	0.999995	283	0	-0.0071837
ATP8B3	4	0.92408	0.92353	0.999995	934	0	-0.13694	0.62845	0.62814	0.999995	627	0	-0.13694
GMPR2	4	0.92567	0.92495	0.999995	935	0	-0.089483	0.59954	0.59898	0.999995	587	0	-0.089483
MTUS1	4	0.92619	0.9255	0.999995	936	0	-0.058072	0.72067	0.71987	0.999995	711	0	-0.058072
RNF130	4	0.92749	0.92667	0.999995	937	0	-0.070486	0.1409	0.14148	0.996584	148	1	-0.070486
GALNT2	4	0.92788	0.92715	0.999995	938	0	-0.085749	0.71061	0.71009	0.999995	700	0	-0.085749
ERC2	4	0.92801	0.9272	0.999995	939	0	-0.001628	0.25864	0.25751	0.997507	273	0	-0.001628
RPL3L	4	0.92813	0.92731	0.999995	940	0	-0.080679	0.81383	0.81468	0.999995	818	0	-0.080679
GPR50	4	0.92928	0.92845	0.999995	941	0	-0.016952	0.27545	0.27422	0.999995	286	0	-0.016952
DNAJC15	4	0.92953	0.92868	0.999995	942	0	-0.068954	0.58494	0.58456	0.999995	578	0	-0.068954
TMEM120B	4	0.93215	0.93131	0.999995	943	0	-0.057699	0.40551	0.40364	0.999995	417	0	-0.057699
KAT6B	4	0.93227	0.93144	0.999995	944	0	-0.11636	0.7599	0.76006	0.999995	755	0	-0.11636
CHSY3	4	0.933	0.93215	0.999995	945	0	-0.038729	0.24454	0.24377	0.996584	256	0	-0.038729
SIX6	4	0.93324	0.93249	0.999995	946	0	-0.096802	0.22185	0.22139	0.996584	234	0	-0.096802
GYS2	4	0.93445	0.93393	0.999995	947	0	-0.077792	0.61102	0.61051	0.999995	602	0	-0.077792
LDB2	4	0.93563	0.93498	0.999995	948	0	-0.11689	0.34592	0.34541	0.999995	362	0	-0.11689
ULK2	4	0.93842	0.93761	0.999995	949	0	-0.029799	0.063482	0.068667	0.995801	74	1	-0.029799
TOMM20	3	0.93857	0.93791	0.999995	950	0	-0.018139	0.20995	0.20892	0.996584	220	0	-0.018139
RTP1	4	0.94078	0.9401	0.999995	951	0	-0.011995	0.089558	0.092486	0.996584	99	1	-0.011995
RC3H2	4	0.94089	0.94023	0.999995	952	0	0.071825	0.37105	0.37	0.999995	385	0	0.071825
SPDEF	4	0.94264	0.94189	0.999995	953	0	-0.072516	0.57434	0.57411	0.999995	567	0	-0.072516
NAPB	4	0.94339	0.94265	0.999995	954	0	-0.074352	0.61465	0.61417	0.999995	607	0	-0.074352
UTRN	4	0.9435	0.94277	0.999995	955	0	0.00030279	0.52518	0.52422	0.999995	526	0	0.00030279
JAG2	4	0.94382	0.94308	0.999995	956	0	-0.063489	0.38398	0.38292	0.999995	396	0	-0.063489
MRGPRX2	4	0.94467	0.94394	0.999995	957	0	-0.049254	0.59627	0.59577	0.999995	585	0	-0.049254
DNAJC19	3	0.94491	0.94427	0.999995	958	0	-0.048935	0.49527	0.49315	0.999995	499	0	-0.048935
SPTAN1	4	0.9453	0.94464	0.999995	959	0	-0.13824	0.80124	0.80133	0.999995	801	0	-0.13824
COPZ2	4	0.9454	0.94481	0.999995	960	0	0.1099	0.19788	0.19788	0.996584	207	0	0.1099
ARHGEF6	4	0.94571	0.94516	0.999995	961	0	-0.028959	0.14992	0.14991	0.996584	158	1	-0.028959
FLNB	4	0.94643	0.9459	0.999995	962	0	-0.052602	0.32417	0.32346	0.999995	340	0	-0.052602
CAPN2	4	0.94776	0.9472	0.999995	963	0	-0.062282	0.50262	0.50078	0.999995	503	0	-0.062282
JAG1	4	0.94856	0.94809	0.999995	964	0	-0.064553	0.52253	0.52131	0.999995	524	0	-0.064553
TSPO2	4	0.94866	0.94821	0.999995	965	0	-0.11909	0.24004	0.23937	0.996584	252	0	-0.11909
CNOT6L	4	0.95062	0.95028	0.999995	966	0	-0.008525	0.32142	0.32067	0.999995	337	0	-0.008525
RNF113B	4	0.95224	0.95203	0.999995	967	0	-0.040445	0.32073	0.32004	0.999995	336	0	-0.040445
HTR2C	4	0.95234	0.95212	0.999995	968	0	-0.083218	0.42889	0.42717	0.999995	436	0	-0.083218
SP110	4	0.95243	0.95227	0.999995	969	0	-0.0943	0.78365	0.78414	0.999995	777	0	-0.0943
SEC11A	4	0.95383	0.95368	0.999995	970	0	-0.055638	0.21495	0.21427	0.996584	225	0	-0.055638
TEX45	4	0.95419	0.95392	0.999995	971	0	0.013203	0.066991	0.071806	0.995801	77	1	0.013203
CHUK	8	0.95627	0.96689	0.999995	972	1	-0.10562	0.84584	0.84498	0.999995	842	0	-0.10562
EXOC6	4	0.95652	0.95632	0.999995	973	0	-0.029277	0.35791	0.35705	0.999995	376	0	-0.029277
PPP3R2	4	0.95705	0.95685	0.999995	974	0	-0.0084049	0.40987	0.40809	0.999995	422	0	-0.0084049
SHCBP1L	4	0.95748	0.95734	0.999995	975	0	0.0031699	0.19553	0.19566	0.996584	204	0	0.0031699
RPS7	1	0.95928	0.95954	0.999995	976	0	0.26954	0.040715	0.040673	0.993276	47	1	0.26954
SLC35F4	4	0.95935	0.95898	0.999995	977	0	-0.0044891	0.52834	0.52738	0.999995	529	0	-0.0044891
RALGPS1	4	0.95952	0.95908	0.999995	978	0	-0.040312	0.051123	0.057449	0.993276	60	1	-0.040312
ARHGEF3	4	0.96034	0.96006	0.999995	979	0	0.1162	0.13097	0.13175	0.996584	137	1	0.1162
ESRP2	4	0.96059	0.96034	0.999995	980	0	-0.035684	0.11424	0.11578	0.996584	121	1	-0.035684
PDX1	4	0.9614	0.96119	0.999995	981	0	0.024485	0.24827	0.24751	0.996584	261	0	0.024485
SPOPL	4	0.96227	0.96209	0.999995	982	0	0.094312	0.069616	0.074215	0.995801	81	1	0.094312
DDX17	4	0.96306	0.96294	0.999995	983	0	-0.075821	0.73185	0.7311	0.999995	726	0	-0.075821
ERN1	4	0.9636	0.96349	0.999995	984	0	-0.039297	0.54543	0.54407	0.999995	540	0	-0.039297
KPNA3	4	0.96414	0.96393	0.999995	985	0	0.0027	0.4787	0.47654	0.999995	485	0	0.0027
DDI1	8	0.96485	0.97086	0.999995	986	1	0.023835	0.039	0.068555	0.995801	44	2	0.023835
DST	4	0.96534	0.96538	0.999995	987	0	-0.081521	0.70548	0.70499	0.999995	695	0	-0.081521
NCBP2L	4	0.96614	0.96625	0.999995	988	0	-0.067498	0.14172	0.14228	0.996584	149	1	-0.067498
SMARCC1	4	0.96622	0.96632	0.999995	989	0	-0.027391	0.67524	0.67488	0.999995	671	0	-0.027391
ITGB1BP2	4	0.96828	0.96842	0.999995	990	0	0.0015751	0.43793	0.43639	0.999995	442	0	0.0015751
UAP1	4	0.96896	0.96926	0.999995	991	0	0.060664	0.1971	0.19716	0.996584	206	0	0.060664
CTCFL	4	0.96917	0.96942	0.999995	992	0	-0.088348	0.78945	0.78966	0.999995	786	0	-0.088348
GOLPH3L	4	0.9693	0.96955	0.999995	993	0	0.058555	0.35659	0.35567	0.999995	375	0	0.058555
SMAP1	4	0.96984	0.97008	0.999995	994	0	0.018274	0.11593	0.11716	0.996584	123	1	0.018274
DYNLRB2	4	0.9705	0.97073	0.999995	995	0	-0.005766	0.031456	0.039917	0.993276	36	1	-0.005766
AIPL1	4	0.9707	0.97085	0.999995	996	0	-0.030395	0.42158	0.4197	0.999995	431	0	-0.030395
LIF	4	0.97103	0.97122	0.999995	997	0	0.026033	0.11761	0.11877	0.996584	125	1	0.026033
TRAPPC3L	4	0.97317	0.97347	0.999995	998	0	0.0059582	0.28912	0.28785	0.999995	301	0	0.0059582
LRBA	4	0.97347	0.9738	0.999995	999	0	-0.035913	0.29411	0.29291	0.999995	306	0	-0.035913
OGDHL	4	0.97401	0.97437	0.999995	1000	0	0.037309	0.31101	0.30981	0.999995	327	0	0.037309
SYK	4	0.97425	0.97452	0.999995	1001	0	0.008513	0.04668	0.053797	0.993276	54	1	0.008513
SLC22A13	4	0.97496	0.97516	0.999995	1002	0	0.043756	0.10239	0.1047	0.996584	111	1	0.043756
DRD3	4	0.97525	0.97558	0.999995	1003	0	-0.087965	0.14419	0.1444	0.996584	152	1	-0.087965
RPRD1A	4	0.97599	0.97632	0.999995	1004	0	-0.08178	0.73629	0.73565	0.999995	730	0	-0.08178
MPC1L	4	0.97615	0.97645	0.999995	1005	0	0.063538	0.30471	0.30335	0.999995	319	0	0.063538
PPP3R1	4	0.97742	0.97766	0.999995	1006	0	0.027806	0.16291	0.16254	0.996584	169	1	0.027806
TBC1D4	4	0.97805	0.97832	0.999995	1007	0	-0.015633	0.092136	0.094933	0.996584	101	1	-0.015633
NR5A1	4	0.97837	0.97858	0.999995	1008	0	-0.030715	0.51023	0.50846	0.999995	509	0	-0.030715
DCAF4L2	4	0.97858	0.97879	0.999995	1009	0	0.098936	0.26452	0.26325	0.999995	279	0	0.098936
AP5M1	4	0.97899	0.97927	0.999995	1010	0	-0.071179	0.78916	0.78938	0.999995	785	0	-0.071179
DMXL1	4	0.97929	0.97948	0.999995	1011	0	-0.064624	0.66844	0.66794	0.999995	666	0	-0.064624
NR2E1	4	0.97934	0.97955	0.999995	1012	0	-0.0018678	0.044898	0.052116	0.993276	52	1	-0.0018678
MORF4L2	4	0.98004	0.98018	0.999995	1013	0	-0.02891	0.12347	0.1248	0.996584	131	1	-0.02891
MBD3L1	4	0.98013	0.98033	0.999995	1014	0	0.037996	0.41111	0.40931	0.999995	423	0	0.037996
TNKS2	4	0.98062	0.98091	0.999995	1015	0	-0.062513	0.26672	0.26552	0.999995	280	0	-0.062513
STAM2	4	0.98128	0.98168	0.999995	1016	0	-0.053494	0.17016	0.17007	0.996584	176	1	-0.053494
TAF1L	3	0.98131	0.98111	0.999995	1017	0	0.099242	0.057345	0.059383	0.993276	69	1	0.099242
SAR1B	4	0.98202	0.98246	0.999995	1018	0	-0.076697	0.76895	0.7693	0.999995	764	0	-0.076697
DGAT2L6	4	0.98211	0.98258	0.999995	1019	0	0.01894	0.28267	0.28133	0.999995	293	0	0.01894
HMGCL	4	0.98329	0.9836	0.999995	1020	0	0.05481	0.1845	0.18471	0.996584	193	0	0.05481
CCNT2	4	0.98334	0.98367	0.999995	1021	0	0.12329	0.035952	0.043999	0.993276	40	1	0.12329
NETO1	4	0.98338	0.98371	0.999995	1022	0	-0.0056317	0.6603	0.65968	0.999995	657	0	-0.0056317
FAM71B	4	0.98359	0.98392	0.999995	1023	0	0.034623	0.10324	0.10546	0.996584	112	1	0.034623
LBX1	4	0.98372	0.98405	0.999995	1024	0	-0.00043675	0.28626	0.28501	0.999995	297	0	-0.00043675
SATB1	4	0.98376	0.98411	0.999995	1025	0	0.064276	0.0062027	0.012035	0.993276	6	2	0.064276
CD72	4	0.98442	0.98476	0.999995	1026	0	-0.03026	0.71639	0.71565	0.999995	706	0	-0.03026
SLITRK1	4	0.98494	0.98527	0.999995	1027	0	-0.057134	0.74797	0.74792	0.999995	738	0	-0.057134
SMARCA1	4	0.98502	0.98535	0.999995	1028	0	0.063822	0.20567	0.20521	0.996584	217	0	0.063822
TFDP3	4	0.98522	0.98557	0.999995	1029	0	0.027941	0.48096	0.4789	0.999995	488	0	0.027941
SUV39H1	4	0.98553	0.98591	0.999995	1030	0	0.084369	0.21187	0.21126	0.996584	223	0	0.084369
CLCA1	4	0.98719	0.98766	0.999995	1031	0	-0.044007	0.14828	0.14843	0.996584	157	1	-0.044007
DENND5B	4	0.98743	0.98792	0.999995	1032	0	0.081242	0.14254	0.14314	0.996584	150	1	0.081242
TAF9B	2	0.98862	0.98828	0.999995	1033	0	0.16411	0.13769	0.13768	0.996584	145	0	0.16411
CDC34	4	0.98944	0.98988	0.999995	1034	0	0.081669	0.24304	0.24245	0.996584	254	0	0.081669
FAM50B	4	0.98957	0.99005	0.999995	1035	0	0.011793	0.14501	0.14501	0.996584	153	1	0.011793
CSTF2	4	0.9896	0.99008	0.999995	1036	0	0.21818	0.084387	0.087834	0.996584	93	1	0.21818
PMM2	4	0.99052	0.99102	0.999995	1037	0	-0.010073	0.63586	0.63525	0.999995	636	0	-0.010073
TRPC7	4	0.99083	0.99132	0.999995	1038	0	0.0024083	0.62137	0.62084	0.999995	617	0	0.0024083
MECOM	4	0.99162	0.99207	0.999995	1039	0	0.035271	0.46151	0.46002	0.999995	469	0	0.035271
PCBD1	4	0.99296	0.99323	0.999995	1040	0	0.064774	0.34457	0.34405	0.999995	361	0	0.064774
GDF15	4	0.99437	0.99464	0.999995	1041	0	0.14729	0.068742	0.073421	0.995801	80	1	0.14729
ZNF260	4	0.99459	0.99485	0.999995	1042	0	0.03478	0.042221	0.049799	0.993276	49	1	0.03478
ARFIP1	4	0.99476	0.99501	0.999995	1043	0	0.037134	0.14007	0.14054	0.996584	147	1	0.037134
HRH1	4	0.99493	0.99514	0.999995	1044	0	0.051707	0.16775	0.16748	0.996584	174	1	0.051707
CHSY1	4	0.99497	0.99516	0.999995	1045	0	0.045573	0.28123	0.27994	0.999995	291	0	0.045573
FAM126B	4	0.99668	0.99667	0.999995	1046	0	0.09352	0.3131	0.31212	0.999995	329	0	0.09352
DCAF8L1	4	0.99672	0.99672	0.999995	1047	0	0.060969	0.062603	0.067789	0.995801	73	1	0.060969
CAB39	4	0.99723	0.99723	0.999995	1048	0	0.072696	0.13595	0.13669	0.996584	142	1	0.072696
GSX2	4	0.9974	0.99745	0.999995	1049	0	0.065191	0.17336	0.1733	0.996584	179	1	0.065191
COQ10B	4	0.99747	0.9975	0.999995	1050	0	0.052676	0.25421	0.25318	0.996584	269	0	0.052676
PCBD2	4	0.99799	0.9981	0.999995	1051	0	0.10365	0.12264	0.12405	0.996584	130	1	0.10365
RC3H1	4	0.9981	0.9982	0.999995	1052	0	0.19167	0.00062364	0.0017047	0.60231	3	2	0.19167
SBNO2	4	0.99877	0.99892	0.999995	1053	0	0.11956	0.079194	0.082893	0.996584	86	1	0.11956
RRAGD	4	0.99935	0.99943	0.999995	1054	0	0.13656	0.0064606	0.012474	0.993276	8	2	0.13656
AMELX	4	0.99951	0.99953	0.999995	1055	0	0.16827	0.087837	0.090898	0.996584	97	1	0.16827
FRYL	4	0.99953	0.99956	0.999995	1056	0	0.25667	0.0023259	0.0050859	0.993276	4	2	0.25667
ZNF146	4	0.99967	0.99971	0.999995	1057	0	0.12443	0.11845	0.11966	0.996584	126	1	0.12443
safe_control	74	0.99997	1.0	0.999995	1058	8	0.0034898	0.03949	0.14003	0.996584	45	5	0.0034898
SIK2	4	0.99999	0.99999	0.999995	1059	0	0.35931	1.131e-06	4.6703e-06	0.002475	2	3	0.35931
TP53	4	1.0	1.0	0.999995	1060	0	0.89149	1.1612e-12	4.6703e-06	0.002475	1	4	0.89149
