id	num	neg|score	neg|p-value	neg|fdr	neg|rank	neg|goodsgrna	neg|lfc	pos|score	pos|p-value	pos|fdr	pos|rank	pos|goodsgrna	pos|lfc
MYC	8	4.2415e-10	4.6703e-06	0.002475	1	8	-1.2604	1.0	1.0	0.999995	1060	0	-1.2604
RRM2	4	7.1805e-07	4.6703e-06	0.002475	2	3	-1.3455	0.59158	0.59118	0.999995	607	0	-1.3455
RRM1	8	3.6564e-06	1.4011e-05	0.003713	3	8	-1.4074	0.99988	0.99989	0.999995	1052	0	-1.4074
MTG2	4	4.6681e-06	1.4011e-05	0.003713	4	4	-1.0689	1.0	1.0	0.999995	1059	0	-1.0689
POLR2L	4	1.4283e-05	6.0714e-05	0.01052	5	4	-1.3997	0.99999	0.99999	0.999995	1058	0	-1.3997
PRKDC	8	1.9074e-05	0.00011676	0.012376	6	7	-0.81371	0.96157	0.96139	0.999995	970	0	-0.81371
BUB3	4	2.0856e-05	7.0054e-05	0.01052	7	4	-1.4375	0.99992	0.99992	0.999995	1054	0	-1.4375
RPP21	4	2.309e-05	7.0054e-05	0.01052	8	4	-1.3312	0.99998	0.99998	0.999995	1057	0	-1.3312
E2F3	3	3.552e-05	7.9395e-05	0.01052	9	3	-1.6193	0.99996	0.99996	0.999995	1056	0	-1.6193
PRPF8	4	3.5877e-05	9.8076e-05	0.011551	10	4	-1.2602	0.99996	0.99996	0.999995	1055	0	-1.2602
CCND1	4	7.0383e-05	0.00020082	0.019352	11	4	-1.304	0.99991	0.99991	0.999995	1053	0	-1.304
NAE1	8	8.042e-05	0.00050906	0.044967	12	7	-0.74661	0.24335	0.24215	0.999995	246	0	-0.74661
ALDOA	4	0.00015355	0.00063049	0.051409	13	3	-1.0111	0.75059	0.7507	0.999995	740	0	-1.0111
HRAS	4	0.00016525	0.00070521	0.052475	14	4	-0.74281	0.99983	0.99986	0.999995	1051	0	-0.74281
PPP4C	4	0.00016955	0.00074257	0.052475	15	3	-1.0102	0.89588	0.89519	0.999995	883	0	-1.0102
KIF11	4	0.00018199	0.00082664	0.054765	16	4	-1.0693	0.99982	0.99984	0.999995	1050	0	-1.0693
CCND3	4	0.00021925	0.00092004	0.056931	17	4	-0.81778	0.99978	0.9998	0.999995	1049	0	-0.81778
CHORDC1	3	0.00031354	0.00096675	0.056931	18	3	-1.0712	0.99969	0.99972	0.999995	1048	0	-1.0712
NMT1	4	0.00033505	0.0013591	0.072525	19	4	-0.93931	0.99966	0.99971	0.999995	1047	0	-0.93931
TOP1MT	4	0.00033859	0.0013684	0.072525	20	3	-0.97546	0.56651	0.56623	0.999995	581	0	-0.97546
TIMM10	4	0.00035134	0.0014525	0.073314	21	4	-0.8352	0.99965	0.99969	0.999995	1046	0	-0.8352
LDB1	8	0.00035787	0.0022931	0.105682	22	7	-0.80202	0.95178	0.95167	0.999995	957	0	-0.80202
SOX9	4	0.00055544	0.0022838	0.105682	23	4	-0.66293	0.99944	0.99948	0.999995	1045	0	-0.66293
RHBDF1	4	0.0008653	0.00347	0.142612	24	4	-0.72832	0.99913	0.99928	0.999995	1044	0	-0.72832
RPS5	4	0.00086587	0.0034887	0.142612	25	3	-0.81828	0.90328	0.90241	0.999995	897	0	-0.81828
MRPL41	4	0.00086702	0.003498	0.142612	26	4	-1.0552	0.99207	0.99245	0.999995	1015	0	-1.0552
CLTC	4	0.00090629	0.0036848	0.144664	27	4	-0.95782	0.99654	0.99658	0.999995	1031	0	-0.95782
SF3B1	4	0.0011202	0.0044695	0.164732	28	3	-0.83482	0.56995	0.56972	0.999995	585	0	-0.83482
MRPL38	4	0.0011283	0.0045068	0.164732	29	4	-0.83528	0.99887	0.99904	0.999995	1043	0	-0.83528
SLC25A37	4	0.001222	0.0048711	0.172112	30	4	-1.0374	0.99878	0.99892	0.999995	1042	0	-1.0374
UQCRC1	4	0.0014608	0.0057118	0.195305	31	4	-0.76093	0.99854	0.99866	0.999995	1041	0	-0.76093
PDCD6IP	4	0.0015743	0.0061227	0.202816	32	4	-0.87602	0.99843	0.99851	0.999995	1040	0	-0.87602
MDM4	4	0.0016335	0.0063936	0.205371	33	4	-0.85149	0.99837	0.99844	0.999995	1039	0	-0.85149
MED18	8	0.0016931	0.010317	0.266723	34	7	-0.78001	0.53859	0.53802	0.999995	563	0	-0.78001
SF3A1	4	0.0017317	0.0067859	0.211561	35	3	-1.013	0.23174	0.23121	0.999995	230	0	-1.013
GTF3C1	4	0.0018455	0.0071595	0.216832	36	4	-0.80332	0.99815	0.99824	0.999995	1038	0	-0.80332
COPA	4	0.0020154	0.0076733	0.225935	37	4	-0.91379	0.99798	0.99808	0.999995	1037	0	-0.91379
RPL10A	4	0.0021047	0.0078881	0.225983	38	3	-1.0172	0.43071	0.42884	0.999995	441	0	-1.0172
AP2A1	4	0.002225	0.0083178	0.232022	39	4	-0.58212	0.99778	0.99782	0.999995	1036	0	-0.58212
PLXDC1	8	0.0026461	0.016183	0.356921	40	8	-0.43669	0.99735	0.99735	0.999995	1035	0	-0.43669
HUS1	4	0.0027059	0.009943	0.26349	41	3	-0.99533	0.82607	0.82672	0.999995	817	0	-0.99533
CKAP5	8	0.0027176	0.016622	0.356921	42	7	-0.57693	0.99592	0.99605	0.999995	1029	0	-0.57693
ERBB3	8	0.0029472	0.017864	0.364147	43	8	-0.4745	0.99705	0.99705	0.999995	1034	0	-0.4745
RPL13	3	0.0032558	0.0089249	0.242574	44	3	-0.89311	0.99674	0.99668	0.999995	1033	0	-0.89311
PHLDA2	4	0.0034223	0.012418	0.313413	45	4	-0.60796	0.99658	0.9966	0.999995	1032	0	-0.60796
RPL36	4	0.0038739	0.013959	0.344117	46	4	-1.0012	0.99613	0.99627	0.999995	1030	0	-1.0012
NCBP2	4	0.0041458	0.014856	0.347288	47	1	-0.20629	0.41111	0.40931	0.999995	421	0	-0.20629
ELL	4	0.0041837	0.015052	0.347288	48	4	-0.6604	0.99582	0.99596	0.999995	1028	0	-0.6604
FZR1	4	0.0041989	0.015071	0.347288	49	4	-0.51833	0.9958	0.99594	0.999995	1027	0	-0.51833
ZNF407	4	0.0044637	0.015949	0.356921	50	4	-0.78003	0.99554	0.99569	0.999995	1026	0	-0.78003
SF3B3	4	0.0047575	0.017033	0.356921	51	4	-0.92344	0.99524	0.99541	0.999995	1025	0	-0.92344
MTHFD1	4	0.0048247	0.017173	0.356921	52	4	-0.66709	0.99518	0.99535	0.999995	1024	0	-0.66709
NAA10	4	0.0052251	0.01848	0.369606	53	4	-0.82589	0.99477	0.99502	0.999995	1023	0	-0.82589
TRRAP	4	0.0053975	0.018966	0.370668	54	4	-1.0785	0.97437	0.9746	0.999995	986	0	-1.0785
VANGL2	4	0.0055554	0.019358	0.370668	55	4	-0.58191	0.99444	0.99468	0.999995	1022	0	-0.58191
TACC3	4	0.0056206	0.019582	0.370668	56	3	-0.75653	0.63107	0.63055	0.999995	639	0	-0.75653
H2AFX	4	0.0058668	0.020526	0.381709	57	2	-0.71189	0.18133	0.18117	0.999995	175	0	-0.71189
NSG1	4	0.0061608	0.021507	0.383623	58	4	-0.47516	0.99384	0.99415	0.999995	1021	0	-0.47516
CHMP1A	4	0.0062014	0.0216	0.383623	59	4	-0.57156	0.9938	0.99412	0.999995	1020	0	-0.57156
TLN1	4	0.0063454	0.022011	0.383623	60	4	-0.74859	0.99365	0.99398	0.999995	1019	0	-0.74859
SF3B5	4	0.0063741	0.022076	0.383623	61	3	-0.93473	0.93178	0.93096	0.999995	934	0	-0.93473
NKAP	4	0.0066624	0.023067	0.388103	62	4	-0.67188	0.99334	0.9936	0.999995	1018	0	-0.67188
STRADA	4	0.0073086	0.024991	0.413908	63	4	-0.65732	0.99269	0.99301	0.999995	1017	0	-0.65732
HASPIN	4	0.0074486	0.025448	0.415004	64	4	-0.73917	0.95419	0.95392	0.999995	960	0	-0.73917
RPL19	4	0.0077296	0.02641	0.418575	65	2	-0.61916	0.43973	0.43817	0.999995	450	0	-0.61916
KIF4A	4	0.0077568	0.026457	0.418575	66	4	-0.62253	0.99224	0.99264	0.999995	1016	0	-0.62253
RPL3	7	0.0079354	0.040113	0.531498	67	5	-0.44391	0.68079	0.68252	0.999995	690	0	-0.44391
FDPS	4	0.008112	0.027643	0.430911	68	3	-0.84624	0.28698	0.28565	0.999995	291	0	-0.84624
RPL14	3	0.0086043	0.022992	0.388103	69	2	-1.2578	0.68566	0.68602	0.999995	696	0	-1.2578
ATP5F1B	4	0.0091662	0.030997	0.47618	70	4	-0.79128	0.98363	0.98395	0.999995	1004	0	-0.79128
BRSK2	4	0.010087	0.033846	0.499472	71	4	-0.65829	0.9874	0.9879	0.999995	1012	0	-0.65829
SNRPB	4	0.010471	0.035032	0.499472	72	3	-0.63119	0.47359	0.47167	0.999995	492	0	-0.63119
CCNT1	4	0.01052	0.035219	0.499472	73	3	-0.7007	0.53617	0.53508	0.999995	561	0	-0.7007
PCGF1	4	0.010569	0.03534	0.499472	74	2	-0.19581	0.60139	0.60058	0.999995	612	0	-0.19581
SBNO1	4	0.010765	0.035938	0.501238	75	3	-0.9881	0.42097	0.41918	0.999995	429	0	-0.9881
NDUFB4	4	0.01124	0.037516	0.516459	76	4	-0.56231	0.98876	0.9892	0.999995	1014	0	-0.56231
RRM2B	8	0.011279	0.054899	0.557211	77	7	-0.52189	0.98578	0.98589	0.999995	1008	0	-0.52189
TOP2A	4	0.011627	0.038777	0.522309	78	4	-0.70071	0.94275	0.94198	0.999995	948	0	-0.70071
TRAPPC3	4	0.011679	0.038927	0.522309	79	3	-0.64047	0.17336	0.1733	0.999995	167	0	-0.64047
TNPO1	3	0.012666	0.033229	0.499472	80	3	-0.61597	0.98733	0.98731	0.999995	1011	0	-0.61597
ABT1	4	0.012861	0.042373	0.53805	81	3	-0.76623	0.75768	0.75766	0.999995	748	0	-0.76623
INTS2	4	0.013006	0.04285	0.53805	82	3	-0.77173	0.84214	0.84267	0.999995	834	0	-0.77173
ATP6V1B2	4	0.013169	0.043223	0.53805	83	4	-0.83649	0.98683	0.98727	0.999995	1010	0	-0.83649
DGKZ	3	0.013306	0.034705	0.499472	84	3	-0.75734	0.9582	0.95783	0.999995	967	0	-0.75734
VPS37A	4	0.013312	0.043653	0.53805	85	3	-0.60964	0.92395	0.92337	0.999995	923	0	-0.60964
FRS3	4	0.013789	0.045204	0.545723	86	4	-0.5743	0.98621	0.98656	0.999995	1009	0	-0.5743
LSM14B	4	0.013863	0.045456	0.545723	87	3	-0.64128	0.91618	0.9152	0.999995	911	0	-0.64128
RRAGC	4	0.013988	0.04582	0.545723	88	2	-0.59304	0.71783	0.71692	0.999995	723	0	-0.59304
TUBB4B	8	0.014057	0.066042	0.578553	89	7	-0.66267	0.98843	0.98869	0.999995	1013	0	-0.66267
PUM1	4	0.014412	0.046894	0.550702	90	4	-0.96262	0.96758	0.96772	0.999995	977	0	-0.96262
GAPDH	4	0.015261	0.049351	0.557211	91	3	-0.77971	0.27328	0.27212	0.999995	277	0	-0.77971
GSTP1	4	0.015322	0.049528	0.557211	92	3	-0.56661	0.90053	0.89977	0.999995	894	0	-0.56661
XRCC6	4	0.015376	0.049659	0.557211	93	4	-0.53111	0.98462	0.98487	0.999995	1007	0	-0.53111
ZNF34	4	0.015759	0.050761	0.557211	94	3	-0.6552	0.39291	0.39133	0.999995	403	0	-0.6552
NRBP2	4	0.015822	0.05092	0.557211	95	3	-0.89598	0.81331	0.81417	0.999995	808	0	-0.89598
PSMB3	3	0.015875	0.041178	0.53805	96	3	-0.91886	0.98412	0.98421	0.999995	1006	0	-0.91886
SF3B2	4	0.01605	0.051593	0.557211	97	2	-0.49782	0.32692	0.32651	0.999995	329	0	-0.49782
QSOX1	4	0.016197	0.051994	0.557211	98	4	-0.63899	0.9838	0.98417	0.999995	1005	0	-0.63899
CDK7	4	0.016526	0.05304	0.557211	99	3	-0.96118	0.90232	0.90143	0.999995	895	0	-0.96118
RPS3	3	0.016859	0.043606	0.53805	100	2	-1.0303	0.44686	0.4457	0.999995	458	0	-1.0303
PFN1	4	0.016993	0.054423	0.557211	101	2	-0.44662	0.34323	0.34266	0.999995	349	0	-0.44662
ATP6V1C1	4	0.017008	0.054451	0.557211	102	4	-0.69554	0.98299	0.98326	0.999995	1003	0	-0.69554
XYLT2	4	0.017183	0.054899	0.557211	103	4	-0.57859	0.98282	0.98305	0.999995	1002	0	-0.57859
MMD2	4	0.017314	0.05531	0.557211	104	4	-0.52191	0.98269	0.98295	0.999995	1001	0	-0.52191
SLC11A2	4	0.017447	0.055721	0.557211	105	4	-0.73838	0.98255	0.98291	0.999995	1000	0	-0.73838
INTS6	3	0.01835	0.047277	0.550702	106	3	-1.097	0.93996	0.93934	0.999995	945	0	-1.097
MED12	4	0.018383	0.058411	0.568035	107	2	-0.53589	0.48378	0.48188	0.999995	503	0	-0.53589
LONP1	4	0.019038	0.060214	0.574051	108	3	-0.76858	0.59111	0.59077	0.999995	606	0	-0.76858
FLNC	4	0.01924	0.060989	0.574051	109	4	-0.42056	0.98076	0.98107	0.999995	999	0	-0.42056
ATP5F1D	4	0.019531	0.061858	0.574051	110	4	-0.6704	0.97919	0.97944	0.999995	995	0	-0.6704
RPL8	4	0.019769	0.06254	0.574051	111	4	-0.75452	0.98023	0.98045	0.999995	998	0	-0.75452
CCNT2	4	0.019965	0.063119	0.574051	112	4	-0.58517	0.98004	0.98018	0.999995	997	0	-0.58517
CLTA	4	0.019973	0.063137	0.574051	113	3	-0.54821	0.8707	0.87095	0.999995	862	0	-0.54821
TUFM	3	0.020235	0.052069	0.557211	114	2	-0.73424	0.20283	0.20219	0.999995	196	0	-0.73424
CDK5R1	4	0.020415	0.064258	0.574051	115	3	-0.58409	0.46959	0.46803	0.999995	487	0	-0.58409
PEF1	4	0.020509	0.064557	0.574051	116	4	-0.53745	0.97949	0.97962	0.999995	996	0	-0.53745
PFAS	4	0.0206	0.064828	0.574051	117	2	-0.52862	0.91747	0.9166	0.999995	913	0	-0.52862
AKAP11	4	0.021218	0.066715	0.579654	118	4	-0.379	0.97878	0.97902	0.999995	994	0	-0.379
MED13	4	0.021622	0.067733	0.583716	119	3	-0.80066	0.77504	0.77561	0.999995	769	0	-0.80066
CLNS1A	3	0.022323	0.056851	0.56211	120	3	-0.56007	0.91507	0.91488	0.999995	910	0	-0.56007
DHX9	3	0.022538	0.057272	0.56211	121	3	-0.71282	0.97746	0.97706	0.999995	993	0	-0.71282
RANBP9	4	0.022538	0.070517	0.600238	122	3	-0.59822	0.23401	0.23346	0.999995	233	0	-0.59822
RPS19	4	0.023163	0.072403	0.600238	123	4	-0.88105	0.97173	0.97196	0.999995	980	0	-0.88105
PSMB8	4	0.023192	0.072478	0.600238	124	3	-0.45606	0.27979	0.27841	0.999995	286	0	-0.45606
ASF1A	4	0.023323	0.072964	0.600238	125	2	-0.18398	0.0206	0.023421	0.999995	17	1	-0.18398
EAF1	4	0.023346	0.073038	0.600238	126	4	-0.58357	0.97665	0.9768	0.999995	992	0	-0.58357
CTR9	4	0.023353	0.073048	0.600238	127	4	-0.64874	0.97525	0.97558	0.999995	989	0	-0.64874
HSCB	4	0.023637	0.07386	0.600522	128	4	-1.0146	0.94307	0.94235	0.999995	949	0	-1.0146
ADM	4	0.023734	0.074215	0.600522	129	4	-0.54588	0.97627	0.9765	0.999995	991	0	-0.54588
TOP1	4	0.023958	0.074879	0.601298	130	4	-0.75225	0.97604	0.97636	0.999995	990	0	-0.75225
SIN3A	4	0.024167	0.07556	0.602211	131	3	-0.72441	0.81927	0.82006	0.999995	813	0	-0.72441
RFC2	4	0.025134	0.07826	0.61907	132	2	-0.72666	0.49271	0.49059	0.999995	512	0	-0.72666
DYNLRB1	3	0.025413	0.063857	0.574051	133	3	-1.0601	0.97459	0.97418	0.999995	988	0	-1.0601
MYBL2	4	0.02557	0.079399	0.623432	134	4	-0.51891	0.97443	0.97465	0.999995	987	0	-0.51891
TBC1D28	3	0.025894	0.064987	0.574051	135	3	-0.58924	0.97411	0.97371	0.999995	985	0	-0.58924
FZD8	4	0.026226	0.081482	0.63028	136	4	-0.33469	0.97377	0.97412	0.999995	984	0	-0.33469
THRAP3	4	0.026467	0.082127	0.63028	137	4	-0.59122	0.97353	0.97383	0.999995	983	0	-0.59122
SNRPD3	4	0.027241	0.084154	0.63281	138	3	-0.79462	0.92368	0.92301	0.999995	922	0	-0.79462
CDK5R2	4	0.027422	0.084742	0.63281	139	3	-0.50013	0.77952	0.77996	0.999995	773	0	-0.50013
RHOT2	4	0.02778	0.085891	0.63281	140	4	-0.61815	0.96156	0.96139	0.999995	969	0	-0.61815
SFPQ	4	0.027847	0.086059	0.63281	141	3	-0.43257	0.61148	0.61099	0.999995	622	0	-0.43257
HMG20B	4	0.027887	0.086218	0.63281	142	4	-0.56888	0.97211	0.97238	0.999995	982	0	-0.56888
RP1	4	0.028014	0.086564	0.63281	143	4	-0.51179	0.97199	0.97228	0.999995	981	0	-0.51179
AKIRIN2	4	0.029233	0.090113	0.654245	144	4	-0.64179	0.97077	0.97094	0.999995	979	0	-0.64179
RNF40	4	0.030158	0.092467	0.662597	145	4	-0.36275	0.96984	0.97008	0.999995	978	0	-0.36275
EPS15	4	0.030174	0.092514	0.662597	146	3	-0.74402	0.83841	0.83883	0.999995	829	0	-0.74402
SF1	4	0.031974	0.097651	0.690066	147	3	-0.62456	0.33647	0.33586	0.999995	340	0	-0.62456
TOB1	4	0.032776	0.1	0.698704	148	4	-0.49884	0.96722	0.96741	0.999995	976	0	-0.49884
GATAD2A	4	0.032887	0.10019	0.698704	149	2	-0.35729	0.098128	0.098024	0.999995	86	1	-0.35729
AHCYL1	4	0.033492	0.10191	0.703597	150	3	-0.65379	0.93041	0.92968	0.999995	932	0	-0.65379
TUBB	3	0.033866	0.08265	0.63028	151	2	-0.53533	0.15118	0.15166	0.999995	143	0	-0.53533
EIF3J	4	0.034156	0.10381	0.703597	152	3	-0.53761	0.49603	0.49405	0.999995	515	0	-0.53761
POLR2B	4	0.034406	0.10445	0.703597	153	3	-0.80945	0.066991	0.067724	0.999995	54	1	-0.80945
MED20	4	0.034812	0.10539	0.703597	154	4	-0.60468	0.96519	0.9651	0.999995	975	0	-0.60468
MED26	4	0.035036	0.10582	0.703597	155	4	-0.44369	0.96496	0.96485	0.999995	974	0	-0.44369
MTUS2	4	0.035637	0.10749	0.703597	156	4	-0.4808	0.96436	0.96418	0.999995	973	0	-0.4808
EIF3B	4	0.035753	0.10777	0.703597	157	3	-0.79757	0.65701	0.65646	0.999995	667	0	-0.79757
CRY2	4	0.035858	0.10809	0.703597	158	3	-0.68697	0.85294	0.8532	0.999995	844	0	-0.68697
PTPN6	4	0.03617	0.10904	0.703597	159	4	-0.57764	0.96383	0.96369	0.999995	972	0	-0.57764
COX6B2	4	0.036174	0.10907	0.703597	160	3	-0.61771	0.36451	0.36342	0.999995	373	0	-0.61771
EPC2	4	0.036598	0.11011	0.703597	161	3	-0.71173	0.74135	0.74078	0.999995	734	0	-0.71173
RNF38	4	0.036632	0.11019	0.703597	162	4	-0.50047	0.96337	0.96327	0.999995	971	0	-0.50047
RIC8A	4	0.036917	0.11097	0.704364	163	4	-0.6469	0.94745	0.94684	0.999995	950	0	-0.6469
COPZ1	4	0.037747	0.11312	0.713726	164	1	-0.12461	0.24229	0.24174	0.999995	244	0	-0.12461
PPP3CC	4	0.038682	0.11567	0.725497	165	4	-0.64478	0.96132	0.96105	0.999995	968	0	-0.64478
ADSS	3	0.039267	0.095577	0.679946	166	1	-0.0023467	0.10765	0.10879	0.999995	95	0	-0.0023467
DUSP10	4	0.040324	0.12017	0.746598	167	3	-0.41222	0.25938	0.25833	0.999995	263	0	-0.41222
IPO5	4	0.040433	0.12044	0.746598	168	3	-0.6285	0.3891	0.38772	0.999995	398	0	-0.6285
ASCL1	4	0.041196	0.12235	0.749642	169	3	-0.54832	0.6835	0.68291	0.999995	693	0	-0.54832
ISL1	4	0.041832	0.12391	0.754837	170	4	-0.41195	0.95817	0.95793	0.999995	966	0	-0.41195
PRPF38A	4	0.042221	0.125	0.757143	171	3	-0.5718	0.42158	0.4197	0.999995	431	0	-0.5718
RPS8	3	0.042727	0.10362	0.703597	172	3	-0.73294	0.95727	0.95693	0.999995	965	0	-0.73294
YIF1A	4	0.043127	0.12717	0.765892	173	4	-0.61945	0.95687	0.95666	0.999995	964	0	-0.61945
HMGCS1	3	0.043304	0.1049	0.703597	174	3	-0.72528	0.89875	0.8983	0.999995	891	0	-0.72528
COX6B1	8	0.043557	0.16481	0.840139	175	5	-0.50778	0.44269	0.44298	0.999995	454	0	-0.50778
GABPB2	4	0.043654	0.12861	0.77018	176	4	-0.37628	0.95635	0.95614	0.999995	963	0	-0.37628
VCP	4	0.044007	0.12964	0.770215	177	3	-0.5172	0.52518	0.52422	0.999995	548	0	-0.5172
ISCA2	4	0.044274	0.13029	0.770215	178	4	-0.41444	0.95573	0.95547	0.999995	962	0	-0.41444
VMP1	4	0.044511	0.13079	0.770215	179	3	-0.72283	0.8781	0.87851	0.999995	868	0	-0.72283
GSDMD	4	0.045598	0.13347	0.774685	180	3	-0.70917	0.42464	0.42291	0.999995	435	0	-0.70917
MYH7	4	0.045716	0.13373	0.774685	181	4	-0.36745	0.95428	0.95404	0.999995	961	0	-0.36745
IRF4	4	0.045719	0.13374	0.774685	182	3	-0.52501	0.3827	0.38172	0.999995	393	0	-0.52501
RPL37A	2	0.045829	0.08166	0.63028	183	1	-0.66259	0.27564	0.27507	0.999995	280	0	-0.66259
FANCF	4	0.046174	0.13486	0.776932	184	4	-0.57653	0.95383	0.95368	0.999995	959	0	-0.57653
KCNT1	4	0.047071	0.13701	0.785041	185	3	-0.63745	0.91253	0.91147	0.999995	906	0	-0.63745
ACTL7A	4	0.047756	0.13883	0.791201	186	4	-0.53178	0.95224	0.95203	0.999995	958	0	-0.53178
SEPHS2	4	0.048993	0.14172	0.799505	187	4	-0.45652	0.95101	0.95059	0.999995	956	0	-0.45652
HNRNPH3	4	0.04909	0.14194	0.799505	188	4	-0.4957	0.95091	0.9505	0.999995	955	0	-0.4957
PSMC3	4	0.049348	0.14257	0.799505	189	3	-0.57995	0.31796	0.31722	0.999995	320	0	-0.57995
SIK2	4	0.049718	0.14334	0.799505	190	3	-0.60649	0.16775	0.16745	0.999995	160	0	-0.60649
BAP1	4	0.050451	0.14502	0.799505	191	4	-0.3025	0.94955	0.94914	0.999995	954	0	-0.3025
ESRP1	4	0.050879	0.14617	0.799505	192	3	-0.54829	0.92632	0.92565	0.999995	927	0	-0.54829
CNOT7	4	0.051123	0.14662	0.799505	193	2	-0.40962	0.48602	0.48398	0.999995	506	0	-0.40962
ATP5PB	4	0.051406	0.14733	0.799505	194	2	-0.45371	0.34188	0.3414	0.999995	348	0	-0.45371
ATR	4	0.051629	0.14796	0.799505	195	3	-0.53378	0.22414	0.22352	0.999995	220	0	-0.53378
FOXK2	4	0.05164	0.14801	0.799505	196	4	-0.43766	0.94836	0.94788	0.999995	952	0	-0.43766
MAT2A	4	0.051924	0.1488	0.799505	197	3	-0.62451	0.90998	0.90868	0.999995	904	0	-0.62451
RBPJL	4	0.052141	0.14934	0.799505	198	4	-0.42858	0.94786	0.94731	0.999995	951	0	-0.42858
TOMM22	4	0.052749	0.1508	0.803249	199	3	-0.54318	0.70879	0.70813	0.999995	714	0	-0.54318
CHUK	8	0.052949	0.1898	0.882507	200	6	-0.46764	0.47293	0.47297	0.999995	491	0	-0.46764
GSX1	4	0.053116	0.1518	0.80453	201	3	-0.55455	0.91089	0.90959	0.999995	905	0	-0.55455
DGAT1	4	0.054107	0.15428	0.81363	202	3	-0.53238	0.43433	0.43268	0.999995	444	0	-0.53238
MED13L	4	0.055002	0.15635	0.816393	203	3	-0.67021	0.90876	0.90757	0.999995	903	0	-0.67021
RSBN1L	4	0.056789	0.16075	0.832577	204	3	-0.62188	0.69954	0.69932	0.999995	707	0	-0.62188
DMXL2	4	0.056928	0.16102	0.832577	205	3	-0.52568	0.9169	0.9159	0.999995	912	0	-0.52568
PXDN	4	0.05845	0.16482	0.840139	206	4	-0.34467	0.94155	0.94079	0.999995	947	0	-0.34467
PUM2	4	0.05861	0.16525	0.840139	207	3	-0.8231	0.64824	0.64753	0.999995	653	0	-0.8231
FAM50A	4	0.05878	0.16565	0.840139	208	4	-0.51502	0.94122	0.94055	0.999995	946	0	-0.51502
ACTL6A	4	0.059678	0.16774	0.8467	209	3	-0.74509	0.57044	0.57024	0.999995	586	0	-0.74509
CDIPT	4	0.060153	0.16894	0.846885	210	3	-0.45676	0.59205	0.59162	0.999995	608	0	-0.45676
BZW2	4	0.060337	0.16938	0.846885	211	4	-0.48947	0.93966	0.93901	0.999995	944	0	-0.48947
AP3M1	4	0.061014	0.17089	0.846974	212	4	-0.4961	0.93899	0.93831	0.999995	943	0	-0.4961
UNC119	4	0.061043	0.17099	0.846974	213	3	-0.55657	0.89088	0.89069	0.999995	878	0	-0.55657
FANCM	4	0.061825	0.1728	0.851969	214	3	-0.62609	0.46151	0.46002	0.999995	476	0	-0.62609
SMARCA4	4	0.062649	0.17481	0.85788	215	3	-0.53977	0.8893	0.8891	0.999995	876	0	-0.53977
WRN	4	0.063387	0.17609	0.860177	216	3	-0.53085	0.74335	0.74287	0.999995	736	0	-0.53085
TCF3	4	0.064579	0.17821	0.866541	217	3	-0.39315	0.532	0.5309	0.999995	556	0	-0.39315
MTX1	3	0.066924	0.15617	0.816393	218	2	-0.54544	0.22172	0.22082	0.999995	218	0	-0.54544
BICD2	4	0.067204	0.18237	0.87869	219	3	-0.52966	0.9211	0.92043	0.999995	919	0	-0.52966
KIF20A	8	0.06888	0.22917	0.934292	220	5	-0.39041	0.0085387	0.016706	0.999995	8	2	-0.39041
RPL18A	2	0.069096	0.12133	0.747726	221	2	-0.74936	0.9309	0.93051	0.999995	933	0	-0.74936
RGS19	4	0.069456	0.18605	0.882507	222	3	-0.6225	0.58255	0.58208	0.999995	597	0	-0.6225
TUBB2A	4	0.069708	0.1865	0.882507	223	2	-0.43912	0.24603	0.24509	0.999995	250	0	-0.43912
RHOBTB2	4	0.070105	0.18719	0.882507	224	3	-0.65488	0.64992	0.64912	0.999995	655	0	-0.65488
PACS1	4	0.070466	0.18775	0.882507	225	2	-0.45303	0.38205	0.38108	0.999995	392	0	-0.45303
SPAG9	4	0.070974	0.18869	0.882507	226	3	-0.59672	0.77048	0.77081	0.999995	762	0	-0.59672
HNRNPK	4	0.071483	0.18956	0.882507	227	2	-0.48729	0.32004	0.31934	0.999995	323	0	-0.48729
COQ10A	4	0.071847	0.19004	0.882507	228	3	-0.59605	0.66965	0.66913	0.999995	677	0	-0.59605
CDK2	4	0.072236	0.19065	0.882507	229	3	-0.6529	0.58542	0.58494	0.999995	601	0	-0.6529
ATP5F1A	4	0.074826	0.19456	0.889256	230	3	-0.46384	0.83123	0.83177	0.999995	825	0	-0.46384
SLC25A28	4	0.074916	0.19474	0.889256	231	3	-0.43558	0.58207	0.5816	0.999995	596	0	-0.43558
XAB2	4	0.075243	0.19544	0.889256	232	3	-0.6259	0.9055	0.90433	0.999995	898	0	-0.6259
RING1	4	0.075346	0.19564	0.889256	233	3	-0.53209	0.13346	0.13358	0.999995	122	0	-0.53209
PMPCB	4	0.07572	0.19645	0.889256	234	2	-0.33686	0.6516	0.65108	0.999995	658	0	-0.33686
CTPS1	4	0.076128	0.19715	0.889256	235	2	-0.41373	0.80315	0.80315	0.999995	798	0	-0.41373
PTTG1	3	0.078926	0.1798	0.87027	236	3	-0.5913	0.92107	0.92028	0.999995	918	0	-0.5913
CLDN4	4	0.079023	0.20159	0.902014	237	3	-0.34594	0.69991	0.69972	0.999995	708	0	-0.34594
PAF1	4	0.079068	0.20168	0.902014	238	3	-0.45984	0.93457	0.93401	0.999995	939	0	-0.45984
SLC9A3R2	4	0.080061	0.2032	0.905005	239	3	-0.38876	0.93622	0.93555	0.999995	942	0	-0.38876
MRPL27	4	0.082657	0.20756	0.920564	240	3	-0.63318	0.86483	0.86507	0.999995	858	0	-0.63318
TSG101	4	0.084395	0.21064	0.926125	241	2	-0.48712	0.88912	0.88895	0.999995	875	0	-0.48712
TNPO2	4	0.085278	0.21197	0.926125	242	3	-0.47848	0.50262	0.50078	0.999995	523	0	-0.47848
MED23	4	0.085486	0.21222	0.926125	243	3	-0.60462	0.72943	0.72866	0.999995	729	0	-0.60462
SPOP	4	0.086113	0.21342	0.926125	244	2	-0.33415	0.75189	0.75205	0.999995	743	0	-0.33415
PRDM16	4	0.086873	0.21452	0.926125	245	3	-0.48473	0.9319	0.93107	0.999995	935	0	-0.48473
YAF2	4	0.086975	0.21475	0.926125	246	2	-0.31699	0.39164	0.39005	0.999995	402	0	-0.31699
EIF3L	4	0.087052	0.21493	0.926125	247	3	-0.57886	0.87268	0.87285	0.999995	864	0	-0.57886
POLR2A	4	0.087946	0.21637	0.926321	248	3	-0.57291	0.65535	0.65471	0.999995	663	0	-0.57291
RPL5	4	0.088698	0.21763	0.926458	249	3	-0.58749	0.91986	0.91904	0.999995	915	0	-0.58749
COX4I2	4	0.089389	0.21872	0.927386	250	3	-0.46253	0.31935	0.31857	0.999995	322	0	-0.46253
SAP30L	4	0.090845	0.22109	0.929703	251	3	-0.47265	0.54133	0.53995	0.999995	566	0	-0.47265
NAA15	4	0.091581	0.22243	0.929703	252	2	-0.46341	0.27037	0.26929	0.999995	274	0	-0.46341
UCHL5	4	0.092143	0.2232	0.929703	253	3	-0.5248	0.67445	0.674	0.999995	682	0	-0.5248
ABL2	4	0.092314	0.22333	0.929703	254	3	-0.53754	0.77231	0.77277	0.999995	764	0	-0.53754
S1PR4	4	0.092499	0.22365	0.929703	255	3	-0.4832	0.17735	0.17695	0.999995	171	0	-0.4832
XPR1	4	0.094919	0.22748	0.934292	256	3	-0.54099	0.93587	0.93523	0.999995	941	0	-0.54099
PDS5A	4	0.095828	0.22887	0.934292	257	3	-0.55103	0.90753	0.9061	0.999995	899	0	-0.55103
MRPL55	4	0.095859	0.22892	0.934292	258	3	-0.38605	0.084387	0.084639	0.999995	73	1	-0.38605
RPL11	3	0.097248	0.21672	0.926321	259	3	-0.53637	0.90275	0.90224	0.999995	896	0	-0.53637
KLF4	4	0.098699	0.23327	0.947365	260	2	-0.39464	0.22795	0.22754	0.999995	226	0	-0.39464
CRK	4	0.10259	0.23994	0.968019	261	3	-0.47308	0.6457	0.64537	0.999995	650	0	-0.47308
BZW1	3	0.10261	0.22707	0.934292	262	3	-0.38628	0.89739	0.89701	0.999995	887	0	-0.38628
ARHGEF7	4	0.10277	0.24018	0.968019	263	2	-0.39629	0.44627	0.44505	0.999995	457	0	-0.39629
BTG1	4	0.10395	0.24207	0.970018	264	3	-0.40364	0.8952	0.89461	0.999995	882	0	-0.40364
COPS7B	4	0.10476	0.24329	0.970018	265	3	-0.55518	0.40488	0.40298	0.999995	415	0	-0.55518
DDX5	4	0.10483	0.24342	0.970018	266	3	-0.54746	0.66357	0.66275	0.999995	671	0	-0.54746
LSM4	4	0.10655	0.24621	0.977472	267	3	-0.48697	0.33985	0.33953	0.999995	344	0	-0.48697
TOMM40	7	0.10716	0.29959	0.999995	268	4	-0.49624	0.43793	0.43939	0.999995	447	0	-0.49624
SNX2	4	0.10796	0.24847	0.982766	269	3	-0.43043	0.037747	0.039861	0.999995	31	1	-0.43043
PLXDC2	4	0.10856	0.24951	0.983198	270	3	-0.45912	0.53409	0.53286	0.999995	559	0	-0.45912
CPSF3	4	0.1106	0.25253	0.9909	271	3	-0.58448	0.91386	0.9127	0.999995	907	0	-0.58448
TOMM20L	4	0.11204	0.25475	0.9909	272	3	-0.39425	0.12096	0.12106	0.999995	110	0	-0.39425
ATP6V1D	4	0.11291	0.25593	0.9909	273	3	-0.54205	0.65618	0.65561	0.999995	665	0	-0.54205
SNTA1	4	0.11494	0.25914	0.9909	274	3	-0.39371	0.69006	0.68952	0.999995	700	0	-0.39371
ERO1B	4	0.11504	0.25934	0.9909	275	3	-0.46333	0.50752	0.506	0.999995	529	0	-0.46333
EPS15L1	4	0.11515	0.2595	0.9909	276	3	-0.48746	0.67683	0.67638	0.999995	683	0	-0.48746
GPSM1	4	0.11536	0.25988	0.9909	277	3	-0.48548	0.6788	0.67811	0.999995	688	0	-0.48548
NAA11	4	0.11662	0.26159	0.99289	278	3	-0.46722	0.77292	0.77355	0.999995	766	0	-0.46722
IL6R	4	0.11719	0.26248	0.99289	279	2	-0.33704	0.52465	0.52364	0.999995	547	0	-0.33704
AKIRIN1	4	0.1181	0.26384	0.99289	280	3	-0.5226	0.75831	0.75839	0.999995	749	0	-0.5226
MT2A	4	0.11831	0.26415	0.99289	281	3	-0.32579	0.87444	0.87471	0.999995	865	0	-0.32579
CCT6A	3	0.11868	0.25589	0.9909	282	2	-0.4998	0.23858	0.23771	0.999995	239	0	-0.4998
PPP2CA	8	0.11966	0.34201	0.999995	283	4	-0.24037	0.10299	0.10807	0.999995	90	1	-0.24037
RIMKLB	3	0.12055	0.25926	0.9909	284	3	-0.38884	0.87741	0.87757	0.999995	867	0	-0.38884
CDS2	4	0.12059	0.26763	0.998373	285	3	-0.53938	0.32624	0.32574	0.999995	328	0	-0.53938
CAND1	4	0.12131	0.26879	0.998373	286	3	-0.52554	0.45334	0.45233	0.999995	468	0	-0.52554
NCOR2	4	0.12174	0.26944	0.998373	287	3	-0.52193	0.89106	0.89086	0.999995	879	0	-0.52193
UTP14A	4	0.12217	0.27017	0.998373	288	3	-0.55083	0.23552	0.23491	0.999995	234	0	-0.55083
GYS1	4	0.12239	0.27054	0.998373	289	3	-0.43414	0.89053	0.89033	0.999995	877	0	-0.43414
ASF1B	8	0.12293	0.34872	0.999995	290	5	-0.36356	0.94857	0.94849	0.999995	953	0	-0.36356
RALGPS2	4	0.12325	0.27184	0.998373	291	3	-0.57982	0.81121	0.81176	0.999995	804	0	-0.57982
HEATR5B	4	0.12347	0.2722	0.998373	292	3	-0.48487	0.086975	0.086984	0.999995	76	1	-0.48487
LOR	4	0.12478	0.27422	0.999995	293	3	-0.46382	0.82707	0.82763	0.999995	819	0	-0.46382
TAMM41	4	0.12622	0.27642	0.999995	294	2	-0.37554	0.10833	0.10878	0.999995	96	0	-0.37554
POU4F2	4	0.12654	0.27678	0.999995	295	2	-0.42243	0.78277	0.78324	0.999995	777	0	-0.42243
CAVIN1	4	0.12676	0.27706	0.999995	296	3	-0.46904	0.92953	0.92868	0.999995	931	0	-0.46904
RPA1	4	0.12812	0.2793	0.999995	297	3	-0.51288	0.62315	0.62281	0.999995	632	0	-0.51288
HOXB1	4	0.12875	0.28016	0.999995	298	2	-0.58868	0.68853	0.68791	0.999995	698	0	-0.58868
E2F4	4	0.12897	0.2805	0.999995	299	3	-0.46848	0.9083	0.90709	0.999995	902	0	-0.46848
PPP2R1A	4	0.13014	0.28226	0.999995	300	2	-0.41325	0.8613	0.86141	0.999995	852	0	-0.41325
ULK1	4	0.13259	0.28617	0.999995	301	3	-0.51335	0.8525	0.85283	0.999995	843	0	-0.51335
TMEM120A	4	0.13548	0.29059	0.999995	302	2	-0.39009	0.47016	0.46857	0.999995	488	0	-0.39009
SAMD9	4	0.14007	0.29738	0.999995	303	1	-0.073303	0.43673	0.43509	0.999995	445	0	-0.073303
FXR2	4	0.14036	0.29783	0.999995	304	3	-0.38137	0.87209	0.87223	0.999995	863	0	-0.38137
MTUS1	4	0.14178	0.29998	0.999995	305	3	-0.39263	0.42586	0.42408	0.999995	437	0	-0.39263
SPTLC2	4	0.14336	0.30237	0.999995	306	1	-0.025594	0.42525	0.42353	0.999995	436	0	-0.025594
RNF113A	4	0.14414	0.30343	0.999995	307	3	-0.63388	0.92788	0.92715	0.999995	930	0	-0.63388
SOD1	4	0.14501	0.30467	0.999995	308	3	-0.45929	0.933	0.93215	0.999995	937	0	-0.45929
WASL	4	0.1453	0.30512	0.999995	309	3	-0.42768	0.92514	0.92447	0.999995	925	0	-0.42768
CNOT6	4	0.14628	0.30665	0.999995	310	3	-0.38002	0.48826	0.48634	0.999995	509	0	-0.38002
NUTF2	4	0.14747	0.30825	0.999995	311	1	-0.10374	0.45276	0.45156	0.999995	467	0	-0.10374
GCM2	4	0.14795	0.30896	0.999995	312	3	-0.64359	0.43733	0.43575	0.999995	446	0	-0.64359
SS18L1	4	0.14796	0.30896	0.999995	313	3	-0.50695	0.92314	0.92252	0.999995	921	0	-0.50695
ABTB2	4	0.1482	0.30936	0.999995	314	3	-0.40713	0.812	0.81257	0.999995	805	0	-0.40713
BATF3	4	0.14895	0.31051	0.999995	315	2	-0.39294	0.78569	0.78598	0.999995	781	0	-0.39294
ZIC3	4	0.14929	0.311	0.999995	316	2	-0.43446	0.91474	0.91367	0.999995	909	0	-0.43446
SNAPC4	4	0.1494	0.31116	0.999995	317	3	-0.44835	0.47188	0.47011	0.999995	490	0	-0.44835
ATP6V1C2	8	0.15069	0.39997	0.999995	318	4	-0.38261	0.33497	0.33552	0.999995	337	0	-0.38261
BICD1	4	0.15096	0.31343	0.999995	319	2	-0.47413	0.88352	0.88362	0.999995	871	0	-0.47413
CYP7A1	4	0.15329	0.31691	0.999995	320	3	-0.55465	0.79484	0.79522	0.999995	788	0	-0.55465
LMBR1	4	0.154	0.3178	0.999995	321	1	-0.25163	0.11509	0.11503	0.999995	103	0	-0.25163
FOSL1	3	0.15489	0.29953	0.999995	322	2	-0.39817	0.8285	0.82877	0.999995	821	0	-0.39817
CWF19L1	4	0.15649	0.32153	0.999995	323	3	-0.5329	0.78336	0.78382	0.999995	778	0	-0.5329
FOXK1	4	0.15698	0.32211	0.999995	324	3	-0.41033	0.8594	0.8597	0.999995	851	0	-0.41033
CRY1	4	0.15723	0.32253	0.999995	325	3	-0.50016	0.1218	0.12201	0.999995	111	0	-0.50016
MYL7	4	0.15805	0.32376	0.999995	326	2	-0.36752	0.45393	0.45282	0.999995	469	0	-0.36752
DHX29	3	0.15931	0.30389	0.999995	327	2	-0.50635	0.27882	0.27721	0.999995	285	0	-0.50635
KAT6A	4	0.15947	0.32585	0.999995	328	3	-0.41589	0.83437	0.83482	0.999995	828	0	-0.41589
ADAP1	4	0.15972	0.32628	0.999995	329	3	-0.58354	0.40987	0.40809	0.999995	420	0	-0.58354
SAFB2	4	0.15975	0.32629	0.999995	330	2	-0.53771	0.88186	0.88216	0.999995	870	0	-0.53771
ZNF423	4	0.16098	0.3281	0.999995	331	3	-0.39265	0.6648	0.66399	0.999995	672	0	-0.39265
GDI2	8	0.16297	0.41839	0.999995	332	5	-0.3914	0.14731	0.14826	0.999995	138	1	-0.3914
SNRPD2	3	0.16353	0.30845	0.999995	333	2	-0.58472	0.75229	0.75241	0.999995	744	0	-0.58472
HMGCLL1	4	0.16386	0.33237	0.999995	334	2	-0.43086	0.85007	0.85071	0.999995	839	0	-0.43086
ARID1A	4	0.16477	0.33364	0.999995	335	3	-0.37589	0.92138	0.92073	0.999995	920	0	-0.37589
PKM	3	0.1651	0.31005	0.999995	336	2	-0.67171	0.84622	0.84678	0.999995	836	0	-0.67171
PLAU	4	0.16628	0.33601	0.999995	337	2	-0.35776	0.83099	0.83159	0.999995	824	0	-0.35776
SPDEF	4	0.1663	0.33603	0.999995	338	3	-0.33592	0.8458	0.84645	0.999995	835	0	-0.33592
CDK8	4	0.16681	0.33678	0.999995	339	3	-0.5557	0.9348	0.93421	0.999995	940	0	-0.5557
IKBKB	4	0.16694	0.33699	0.999995	340	1	-0.1931	0.47416	0.47216	0.999995	493	0	-0.1931
SAMD4B	4	0.16697	0.33703	0.999995	341	2	-0.49787	0.89922	0.8985	0.999995	892	0	-0.49787
L3MBTL2	4	0.16835	0.33915	0.999995	342	3	-0.45571	0.85813	0.85849	0.999995	850	0	-0.45571
SMARCC2	4	0.17079	0.34299	0.999995	343	2	-0.45159	0.55102	0.5498	0.999995	571	0	-0.45159
LARP1B	4	0.17176	0.3445	0.999995	344	2	-0.426	0.4916	0.48948	0.999995	511	0	-0.426
NSG2	4	0.17253	0.34579	0.999995	345	2	-0.26625	0.36647	0.36542	0.999995	376	0	-0.26625
PLCG2	4	0.17323	0.34693	0.999995	346	2	-0.35961	0.049348	0.050939	0.999995	42	1	-0.35961
SIN3B	4	0.17458	0.34878	0.999995	347	3	-0.45251	0.79792	0.79834	0.999995	790	0	-0.45251
JUP	4	0.17642	0.35131	0.999995	348	3	-0.31794	0.04668	0.048426	0.999995	40	1	-0.31794
PHLDA3	4	0.17748	0.353	0.999995	349	3	-0.35531	0.76148	0.76169	0.999995	751	0	-0.35531
UNC45B	4	0.17774	0.35329	0.999995	350	3	-0.453	0.93421	0.9336	0.999995	938	0	-0.453
RNF113B	4	0.1796	0.35635	0.999995	351	3	-0.37296	0.92448	0.92394	0.999995	924	0	-0.37296
EZH1	4	0.18213	0.3599	0.999995	352	1	-0.30414	0.88571	0.88556	0.999995	874	0	-0.30414
RAN	4	0.18292	0.36105	0.999995	353	1	-0.1451	0.42829	0.4264	0.999995	439	0	-0.1451
CAP2	4	0.18631	0.36609	0.999995	354	3	-0.44453	0.73012	0.72934	0.999995	730	0	-0.44453
CHSY3	4	0.18703	0.367	0.999995	355	3	-0.37682	0.7813	0.78173	0.999995	775	0	-0.37682
ARPC5L	4	0.18846	0.36902	0.999995	356	3	-0.44189	0.90784	0.90653	0.999995	901	0	-0.44189
MCPH1	4	0.18918	0.37017	0.999995	357	2	-0.45291	0.22719	0.22699	0.999995	225	0	-0.45291
PRDM13	4	0.18954	0.37068	0.999995	358	2	-0.2614	0.37105	0.37	0.999995	382	0	-0.2614
ABCG2	4	0.19239	0.37434	0.999995	359	1	-0.029768	0.01605	0.019115	0.999995	15	1	-0.029768
CALY	4	0.19343	0.37572	0.999995	360	3	-0.32296	0.90004	0.89924	0.999995	893	0	-0.32296
ZMIZ2	4	0.19426	0.37688	0.999995	361	3	-0.42583	0.71207	0.71151	0.999995	720	0	-0.42583
TGM6	4	0.19454	0.37723	0.999995	362	3	-0.54155	0.89621	0.89553	0.999995	885	0	-0.54155
FKBP4	4	0.19475	0.37754	0.999995	363	3	-0.42973	0.83269	0.83329	0.999995	826	0	-0.42973
PSMB6	4	0.19593	0.37918	0.999995	364	3	-0.55433	0.89332	0.89296	0.999995	880	0	-0.55433
SPATA21	4	0.19713	0.38089	0.999995	365	2	-0.27917	0.66601	0.66522	0.999995	674	0	-0.27917
CAPN2	4	0.19749	0.38134	0.999995	366	2	-0.46319	0.83389	0.83432	0.999995	827	0	-0.46319
ACTL6B	4	0.19788	0.38193	0.999995	367	2	-0.41062	0.88407	0.88408	0.999995	872	0	-0.41062
UAP1L1	4	0.19872	0.38306	0.999995	368	3	-0.45922	0.58303	0.58241	0.999995	598	0	-0.45922
CABP5	4	0.20113	0.38621	0.999995	369	2	-0.41698	0.76555	0.76581	0.999995	753	0	-0.41698
TEX45	4	0.20186	0.38737	0.999995	370	2	-0.21725	0.18371	0.18379	0.999995	178	0	-0.21725
RBM22	4	0.20412	0.39056	0.999995	371	2	-0.38763	0.53253	0.53144	0.999995	557	0	-0.38763
SLC9A3R1	4	0.20579	0.39248	0.999995	372	3	-0.38346	0.90769	0.90631	0.999995	900	0	-0.38346
PSMB9	4	0.20664	0.39377	0.999995	373	3	-0.47658	0.60508	0.6045	0.999995	616	0	-0.47658
RBBP4	3	0.20705	0.35433	0.999995	374	2	-0.75084	0.66507	0.66451	0.999995	673	0	-0.75084
PRG3	4	0.20995	0.39872	0.999995	375	2	-0.45343	0.8494	0.85003	0.999995	838	0	-0.45343
TCERG1	4	0.21106	0.40054	0.999995	376	2	-0.40363	0.31171	0.31058	0.999995	313	0	-0.40363
CTSZ	4	0.21124	0.4009	0.999995	377	3	-0.37806	0.86297	0.86313	0.999995	854	0	-0.37806
TMEM9B	4	0.21143	0.40113	0.999995	378	3	-0.36319	0.79931	0.79962	0.999995	792	0	-0.36319
ANKRD10	4	0.2118	0.40158	0.999995	379	3	-0.39128	0.73899	0.73852	0.999995	732	0	-0.39128
FOXE3	4	0.21254	0.40265	0.999995	380	2	-0.27096	0.24827	0.24751	0.999995	254	0	-0.27096
CLASP1	4	0.21647	0.40796	0.999995	381	3	-0.39967	0.7014	0.70119	0.999995	710	0	-0.39967
PIP4P2	4	0.21802	0.41029	0.999995	382	3	-0.4741	0.81695	0.81793	0.999995	811	0	-0.4741
ARID1B	4	0.21823	0.41057	0.999995	383	3	-0.38005	0.704	0.7037	0.999995	711	0	-0.38005
RPS15	2	0.21875	0.34144	0.999995	384	2	-0.43385	0.78125	0.77938	0.999995	774	0	-0.43385
TAP1	4	0.21887	0.41147	0.999995	385	2	-0.33247	0.60462	0.60397	0.999995	615	0	-0.33247
MTA1	4	0.21941	0.41205	0.999995	386	3	-0.39753	0.4439	0.44257	0.999995	455	0	-0.39753
IFIH1	4	0.21961	0.41232	0.999995	387	2	-0.36177	0.34592	0.34541	0.999995	353	0	-0.36177
GOLPH3	4	0.22261	0.41628	0.999995	388	2	-0.37752	0.92697	0.92619	0.999995	928	0	-0.37752
CAND2	4	0.22444	0.41871	0.999995	389	3	-0.42939	0.054667	0.055637	0.999995	45	1	-0.42939
RNF144B	4	0.22563	0.42034	0.999995	390	3	-0.4919	0.6037	0.60312	0.999995	614	0	-0.4919
SMAP1	4	0.22637	0.42113	0.999995	391	3	-0.43656	0.87714	0.8775	0.999995	866	0	-0.43656
LIMK1	4	0.22682	0.42186	0.999995	392	3	-0.40224	0.32966	0.32918	0.999995	332	0	-0.40224
EFR3B	4	0.22712	0.42226	0.999995	393	3	-0.43528	0.5495	0.54835	0.999995	569	0	-0.43528
BTBD11	4	0.22742	0.4227	0.999995	394	3	-0.3451	0.83934	0.83981	0.999995	832	0	-0.3451
SEPHS1	3	0.22743	0.37606	0.999995	395	2	-0.47399	0.075852	0.075673	0.999995	64	1	-0.47399
SHMT1	4	0.2275	0.4228	0.999995	396	2	-0.32462	0.79456	0.79493	0.999995	787	0	-0.32462
CAP1	4	0.22795	0.42337	0.999995	397	2	-0.29516	0.39418	0.39263	0.999995	404	0	-0.29516
RSBN1	4	0.22825	0.42386	0.999995	398	3	-0.40792	0.92	0.91922	0.999995	916	0	-0.40792
PRSS37	4	0.22871	0.42442	0.999995	399	2	-0.2047	0.15481	0.15444	0.999995	147	0	-0.2047
SBF1	4	0.22938	0.4254	0.999995	400	2	-0.39629	0.86749	0.86771	0.999995	861	0	-0.39629
ABCC3	4	0.22953	0.42554	0.999995	401	3	-0.35433	0.80288	0.80288	0.999995	797	0	-0.35433
SLC22A8	4	0.23014	0.42635	0.999995	402	2	-0.3595	0.46729	0.46597	0.999995	483	0	-0.3595
AFG3L2	3	0.23047	0.37917	0.999995	403	1	-0.24115	0.53912	0.53778	0.999995	564	0	-0.24115
COX4I1	4	0.23203	0.42903	0.999995	404	2	-0.44462	0.85118	0.85169	0.999995	841	0	-0.44462
IMPDH1	4	0.23279	0.43016	0.999995	405	2	-0.41588	0.69083	0.6902	0.999995	701	0	-0.41588
TBP	4	0.23326	0.43089	0.999995	406	3	-0.34446	0.7189	0.71815	0.999995	724	0	-0.34446
RPS23	2	0.23344	0.36117	0.999995	407	2	-0.57796	0.76656	0.76454	0.999995	756	0	-0.57796
FOXB1	4	0.23345	0.43121	0.999995	408	3	-0.38224	0.88553	0.88545	0.999995	873	0	-0.38224
LIN28B	4	0.23431	0.43249	0.999995	409	2	-0.45516	0.18688	0.18694	0.999995	181	0	-0.45516
PAX4	4	0.23469	0.43303	0.999995	410	2	-0.4559	0.49548	0.49336	0.999995	514	0	-0.4559
NHLRC1	4	0.23507	0.4336	0.999995	411	2	-0.35434	0.51077	0.50901	0.999995	534	0	-0.35434
SEC23B	4	0.23619	0.43514	0.999995	412	3	-0.42967	0.74201	0.74149	0.999995	735	0	-0.42967
GMPR2	4	0.23802	0.43758	0.999995	413	3	-0.45429	0.63456	0.63385	0.999995	644	0	-0.45429
UTP14C	4	0.23854	0.43826	0.999995	414	2	-0.2718	0.16694	0.16663	0.999995	159	0	-0.2718
HNRNPF	4	0.23894	0.43878	0.999995	415	3	-0.38775	0.75254	0.75265	0.999995	745	0	-0.38775
COPG2	4	0.24004	0.44026	0.999995	416	2	-0.34558	0.086113	0.086162	0.999995	75	1	-0.34558
INCENP	4	0.24017	0.44037	0.999995	417	3	-0.33581	0.75958	0.75973	0.999995	750	0	-0.33581
WDR12	4	0.24154	0.44222	0.999995	418	2	-0.44768	0.068742	0.06948	0.999995	57	1	-0.44768
ARPC5	4	0.24295	0.44419	0.999995	419	3	-0.40973	0.55707	0.55657	0.999995	576	0	-0.40973
ARFGEF1	4	0.24304	0.44427	0.999995	420	1	-0.17818	0.16533	0.16484	0.999995	158	0	-0.17818
PXDNL	4	0.24385	0.44528	0.999995	421	3	-0.41382	0.71061	0.71009	0.999995	717	0	-0.41382
GBX2	4	0.24481	0.44642	0.999995	422	3	-0.29858	0.40426	0.40223	0.999995	414	0	-0.29858
LGALS9	4	0.245	0.4466	0.999995	423	2	-0.15553	0.044007	0.045885	0.999995	37	1	-0.15553
TREM2	4	0.24512	0.44674	0.999995	424	3	-0.42216	0.69159	0.69109	0.999995	702	0	-0.42216
IMPDH2	4	0.24605	0.44807	0.999995	425	3	-0.42931	0.93202	0.93119	0.999995	936	0	-0.42931
TSTD1	4	0.24729	0.45	0.999995	426	3	-0.35541	0.081793	0.081959	0.999995	70	1	-0.35541
EPHA2	4	0.24769	0.45052	0.999995	427	2	-0.30539	0.19397	0.19405	0.999995	187	0	-0.30539
GJA8	4	0.24823	0.45115	0.999995	428	3	-0.40889	0.67998	0.67943	0.999995	689	0	-0.40889
EFR3A	4	0.24979	0.45296	0.999995	429	3	-0.40418	0.34524	0.34473	0.999995	352	0	-0.40418
TNR	4	0.2505	0.45384	0.999995	430	2	-0.43584	0.69691	0.69665	0.999995	705	0	-0.43584
RNF103	4	0.25199	0.45553	0.999995	431	2	-0.24651	0.27835	0.27719	0.999995	284	0	-0.24651
DBT	4	0.25199	0.45554	0.999995	432	3	-0.36129	0.22491	0.22436	0.999995	221	0	-0.36129
COPS7A	4	0.25357	0.45769	0.999995	433	3	-0.35333	0.89605	0.89533	0.999995	884	0	-0.35333
APOBEC1	4	0.25502	0.45965	0.999995	434	2	-0.39933	0.46786	0.46649	0.999995	484	0	-0.39933
TOMM40L	4	0.25546	0.46041	0.999995	435	3	-0.35127	0.76833	0.76869	0.999995	760	0	-0.35127
ARFIP2	4	0.25705	0.46246	0.999995	436	3	-0.39987	0.82232	0.82319	0.999995	814	0	-0.39987
ESRP2	4	0.25737	0.46291	0.999995	437	3	-0.31311	0.91789	0.91702	0.999995	914	0	-0.31311
TPST1	4	0.2579	0.46371	0.999995	438	3	-0.38256	0.65907	0.65847	0.999995	669	0	-0.38256
YBX3	4	0.25896	0.46507	0.999995	439	3	-0.30512	0.49049	0.48856	0.999995	510	0	-0.30512
MARCKS	4	0.26023	0.46659	0.999995	440	3	-0.32511	0.10239	0.10269	0.999995	89	0	-0.32511
SLC35F3	4	0.26085	0.46734	0.999995	441	1	-0.26481	0.61193	0.61146	0.999995	623	0	-0.26481
ANAPC4	4	0.26183	0.46869	0.999995	442	3	-0.42558	0.86463	0.86483	0.999995	857	0	-0.42558
IRF8	4	0.26408	0.47181	0.999995	443	3	-0.33658	0.078326	0.078755	0.999995	66	1	-0.33658
MORF4L2	4	0.26472	0.47265	0.999995	444	3	-0.35305	0.77262	0.77318	0.999995	765	0	-0.35305
TOP2B	4	0.26708	0.47575	0.999995	445	2	-0.24529	0.1318	0.13179	0.999995	120	0	-0.24529
ALDOC	4	0.26826	0.4771	0.999995	446	2	-0.3665	0.81279	0.81352	0.999995	806	0	-0.3665
YIF1B	4	0.26827	0.47711	0.999995	447	3	-0.30485	0.73663	0.73603	0.999995	731	0	-0.30485
RNF44	4	0.26891	0.47784	0.999995	448	1	-0.15579	0.29553	0.29429	0.999995	301	0	-0.15579
CTPS2	4	0.26924	0.47832	0.999995	449	3	-0.28273	0.67085	0.67034	0.999995	678	0	-0.28273
MED31	4	0.27087	0.48045	0.999995	450	3	-0.40719	0.68115	0.68049	0.999995	691	0	-0.40719
SLC32A1	4	0.27119	0.48083	0.999995	451	3	-0.46951	0.83888	0.8394	0.999995	831	0	-0.46951
PDGFC	4	0.27184	0.48189	0.999995	452	3	-0.2879	0.24752	0.24685	0.999995	253	0	-0.2879
RXFP3	4	0.27249	0.48256	0.999995	453	3	-0.39821	0.77534	0.77588	0.999995	770	0	-0.39821
SMC1A	4	0.27543	0.48657	0.999995	454	3	-0.46126	0.91415	0.91301	0.999995	908	0	-0.46126
CCNL2	4	0.27576	0.48694	0.999995	455	3	-0.31336	0.53357	0.53236	0.999995	558	0	-0.31336
ZMIZ1	4	0.27618	0.48746	0.999995	456	2	-0.29192	0.39671	0.39504	0.999995	406	0	-0.29192
APOBEC3C	4	0.27708	0.48876	0.999995	457	3	-0.32559	0.79343	0.79398	0.999995	786	0	-0.32559
MYBPH	4	0.27728	0.48908	0.999995	458	3	-0.36831	0.57531	0.57495	0.999995	590	0	-0.36831
H2BFM	4	0.28004	0.49263	0.999995	459	2	-0.29006	0.31658	0.31585	0.999995	318	0	-0.29006
S100A6	4	0.28103	0.49379	0.999995	460	3	-0.26982	0.11929	0.11927	0.999995	107	0	-0.26982
MAK	4	0.28123	0.49395	0.999995	461	1	-0.1398	0.026039	0.028456	0.999995	21	1	-0.1398
FSD1	4	0.28202	0.49496	0.999995	462	3	-0.37548	0.48265	0.48078	0.999995	501	0	-0.37548
NXT1	4	0.28241	0.49534	0.999995	463	3	-0.37939	0.6954	0.69514	0.999995	704	0	-0.37939
NCKAP1	4	0.28339	0.49666	0.999995	464	3	-0.40466	0.19945	0.19928	0.999995	193	0	-0.40466
TIMP2	4	0.28368	0.49703	0.999995	465	3	-0.30119	0.57677	0.57631	0.999995	592	0	-0.30119
STX4	4	0.28434	0.49787	0.999995	466	3	-0.23476	0.68968	0.68899	0.999995	699	0	-0.23476
POLR2F	4	0.28518	0.49917	0.999995	467	2	-0.26004	0.40676	0.4049	0.999995	416	0	-0.26004
BCAP31	4	0.28597	0.50009	0.999995	468	3	-0.38121	0.21341	0.21267	0.999995	208	0	-0.38121
CLTB	4	0.28734	0.50172	0.999995	469	3	-0.34293	0.62448	0.62419	0.999995	634	0	-0.34293
XRCC4	4	0.28868	0.50335	0.999995	470	3	-0.40924	0.70659	0.70595	0.999995	713	0	-0.40924
GNB3	4	0.28901	0.50375	0.999995	471	3	-0.30185	0.85381	0.85419	0.999995	846	0	-0.30185
PTCH1	4	0.29035	0.50558	0.999995	472	3	-0.39484	0.33579	0.33518	0.999995	339	0	-0.39484
DST	4	0.29136	0.50691	0.999995	473	3	-0.31311	0.92014	0.91942	0.999995	917	0	-0.31311
SBF2	3	0.29259	0.44318	0.999995	474	2	-0.44722	0.85764	0.85786	0.999995	849	0	-0.44722
RBMXL2	4	0.29311	0.50909	0.999995	475	2	-0.18734	0.031456	0.033668	0.999995	26	1	-0.18734
HPS1	4	0.29405	0.51047	0.999995	476	3	-0.25401	0.43131	0.42952	0.999995	442	0	-0.25401
GPSM2	4	0.2959	0.51288	0.999995	477	2	-0.20985	0.043114	0.044942	0.999995	36	1	-0.20985
SEC11C	4	0.29675	0.51401	0.999995	478	3	-0.38581	0.92593	0.92524	0.999995	926	0	-0.38581
GDF15	4	0.29695	0.51427	0.999995	479	2	-0.12713	0.17016	0.17005	0.999995	163	0	-0.12713
MAPK8IP3	4	0.29743	0.51482	0.999995	480	3	-0.40055	0.9271	0.92634	0.999995	929	0	-0.40055
DLL4	4	0.29879	0.51657	0.999995	481	3	-0.27793	0.65327	0.6527	0.999995	661	0	-0.27793
DGKI	4	0.29907	0.51684	0.999995	482	2	-0.24456	0.30541	0.30414	0.999995	308	0	-0.24456
PTF1A	4	0.29913	0.51688	0.999995	483	3	-0.43336	0.65576	0.65515	0.999995	664	0	-0.43336
TPST2	4	0.30083	0.51928	0.999995	484	3	-0.34625	0.36909	0.36812	0.999995	379	0	-0.34625
RAMP2	4	0.30151	0.52009	0.999995	485	3	-0.38672	0.56305	0.56278	0.999995	578	0	-0.38672
HNRNPH1	4	0.30188	0.52053	0.999995	486	2	-0.25724	0.63195	0.6313	0.999995	641	0	-0.25724
LATS2	4	0.30228	0.52105	0.999995	487	2	-0.24625	0.28626	0.28501	0.999995	290	0	-0.24625
TBC1D9	4	0.30253	0.52135	0.999995	488	3	-0.30424	0.84625	0.84689	0.999995	837	0	-0.30424
BUB1B	4	0.30308	0.52202	0.999995	489	2	-0.38233	0.82383	0.82464	0.999995	816	0	-0.38233
KIT	8	0.30364	0.59929	0.999995	490	5	-0.25373	0.72825	0.72766	0.999995	728	0	-0.25373
IPO7	3	0.30378	0.45454	0.999995	491	2	-0.53037	0.60208	0.60153	0.999995	613	0	-0.53037
SERPINA11	4	0.30388	0.52294	0.999995	492	2	-0.25266	0.14665	0.14632	0.999995	136	0	-0.25266
NETO1	4	0.3039	0.52297	0.999995	493	3	-0.34882	0.1491	0.14888	0.999995	140	0	-0.34882
TBC1D1	4	0.30458	0.52378	0.999995	494	3	-0.38288	0.78887	0.78911	0.999995	783	0	-0.38288
ADSSL1	4	0.30468	0.52383	0.999995	495	2	-0.38564	0.74732	0.74713	0.999995	738	0	-0.38564
SOS1	4	0.30628	0.52597	0.999995	496	2	-0.29858	0.60093	0.60022	0.999995	611	0	-0.29858
TMEM30A	4	0.30836	0.52855	0.999995	497	3	-0.39544	0.85184	0.85227	0.999995	842	0	-0.39544
UTRN	4	0.31181	0.53263	0.999995	498	3	-0.45291	0.26891	0.26763	0.999995	272	0	-0.45291
GXYLT1	4	0.32478	0.54247	0.999995	499	2	-0.23306	0.082659	0.082818	0.999995	71	1	-0.23306
SMARCC1	4	0.32486	0.54252	0.999995	500	2	-0.37935	0.44686	0.44565	0.999995	459	0	-0.37935
SLC25A25	4	0.32559	0.54302	0.999995	501	2	-0.33101	0.37365	0.37256	0.999995	384	0	-0.33101
GIT2	4	0.32963	0.54604	0.999995	502	2	-0.33259	0.012399	0.015856	0.999995	13	1	-0.33259
SEC31B	4	0.33004	0.5463	0.999995	503	2	-0.36823	0.82257	0.82341	0.999995	815	0	-0.36823
CASP4	4	0.33085	0.54691	0.999995	504	2	-0.29426	0.23099	0.23045	0.999995	229	0	-0.29426
ARSJ	4	0.33125	0.54716	0.999995	505	2	-0.3409	0.87885	0.87918	0.999995	869	0	-0.3409
PSMA2	4	0.33247	0.54803	0.999995	506	2	-0.39631	0.029653	0.031977	0.999995	23	1	-0.39631
MED8	4	0.33409	0.54935	0.999995	507	2	-0.35014	0.7982	0.7987	0.999995	791	0	-0.35014
FLOT2	4	0.33443	0.54954	0.999995	508	1	-0.12875	0.24379	0.24314	0.999995	248	0	-0.12875
ZEB1	4	0.3439	0.55636	0.999995	509	2	-0.36688	0.42281	0.42111	0.999995	432	0	-0.36688
TRPM1	4	0.34793	0.55932	0.999995	510	1	-0.25146	0.31727	0.31664	0.999995	319	0	-0.25146
CYP26C1	4	0.34871	0.55982	0.999995	511	2	-0.11804	0.077458	0.077942	0.999995	65	1	-0.11804
LRFN1	4	0.34952	0.56031	0.999995	512	2	-0.27336	0.52886	0.52789	0.999995	553	0	-0.27336
TPBGL	4	0.35359	0.56309	0.999995	513	2	-0.28192	0.7643	0.76452	0.999995	752	0	-0.28192
BRD8	4	0.35889	0.56674	0.999995	514	2	-0.41614	0.80908	0.80952	0.999995	803	0	-0.41614
BARHL1	4	0.36706	0.57304	0.999995	515	2	-0.27841	0.2579	0.25694	0.999995	261	0	-0.27841
AP5M1	4	0.3687	0.57422	0.999995	516	2	-0.34804	0.33171	0.33112	0.999995	333	0	-0.34804
GRHL3	4	0.36992	0.57504	0.999995	517	2	-0.33432	0.57434	0.57411	0.999995	589	0	-0.33432
ABCA3	4	0.3704	0.57531	0.999995	518	2	-0.19472	0.74567	0.74534	0.999995	737	0	-0.19472
VIM	4	0.3717	0.57617	0.999995	519	1	-0.078921	0.52306	0.52198	0.999995	544	0	-0.078921
UNC119B	4	0.3756	0.57882	0.999995	520	2	-0.27625	0.8638	0.86395	0.999995	856	0	-0.27625
RB1	4	0.37647	0.57944	0.999995	521	2	-0.31767	0.4877	0.48563	0.999995	508	0	-0.31767
MMD	4	0.37819	0.5806	0.999995	522	2	-0.34965	0.77684	0.77724	0.999995	771	0	-0.34965
TANC1	4	0.37851	0.58086	0.999995	523	2	-0.37394	0.89772	0.89697	0.999995	888	0	-0.37394
RPS11	3	0.37961	0.53185	0.999995	524	2	-0.59661	0.36578	0.36401	0.999995	374	0	-0.59661
GRM4	4	0.38077	0.58255	0.999995	525	2	-0.33094	0.28195	0.28071	0.999995	287	0	-0.33094
CYFIP1	4	0.38302	0.58424	0.999995	526	2	-0.28076	0.14419	0.14402	0.999995	133	0	-0.28076
WAS	4	0.38462	0.58521	0.999995	527	1	-0.17565	0.82657	0.82716	0.999995	818	0	-0.17565
PMM2	4	0.38507	0.58556	0.999995	528	2	-0.2058	0.49878	0.49677	0.999995	519	0	-0.2058
NAA16	4	0.38547	0.58586	0.999995	529	2	-0.40422	0.63412	0.63334	0.999995	643	0	-0.40422
ICK	4	0.38654	0.58656	0.999995	530	2	-0.36971	0.76679	0.76708	0.999995	757	0	-0.36971
GOLPH3L	4	0.39162	0.59017	0.999995	531	2	-0.21795	0.51828	0.517	0.999995	539	0	-0.21795
IRF6	4	0.39228	0.59054	0.999995	532	2	-0.38446	0.60737	0.60672	0.999995	619	0	-0.38446
ILF3	4	0.39418	0.59203	0.999995	533	2	-0.2559	0.34121	0.34055	0.999995	347	0	-0.2559
GABPB1	4	0.39654	0.59377	0.999995	534	2	-0.25374	0.53668	0.53561	0.999995	562	0	-0.25374
MYD88	4	0.39736	0.59436	0.999995	535	2	-0.26238	0.20878	0.20817	0.999995	203	0	-0.26238
MORF4L1	3	0.39754	0.54996	0.999995	536	2	-0.48888	0.75065	0.75101	0.999995	741	0	-0.48888
NDUFC1	4	0.39859	0.59539	0.999995	537	2	-0.3608	0.80206	0.80215	0.999995	796	0	-0.3608
FKBP9	4	0.40351	0.59869	0.999995	538	2	-0.29133	0.35526	0.35433	0.999995	361	0	-0.29133
DYNC1LI2	4	0.40433	0.59932	0.999995	539	2	-0.3437	0.44923	0.44787	0.999995	462	0	-0.3437
SLC11A1	4	0.40515	0.60007	0.999995	540	2	-0.28482	0.65076	0.65014	0.999995	657	0	-0.28482
RNF10	4	0.40613	0.60081	0.999995	541	2	-0.35869	0.40925	0.40737	0.999995	419	0	-0.35869
PDX1	4	0.4072	0.60155	0.999995	542	2	-0.32548	0.7717	0.77212	0.999995	763	0	-0.32548
FAM71A	4	0.408	0.60194	0.999995	543	2	-0.40779	0.70988	0.70935	0.999995	716	0	-0.40779
HEATR5A	4	0.40884	0.60255	0.999995	544	2	-0.29673	0.54184	0.5404	0.999995	567	0	-0.29673
ZAP70	4	0.41235	0.60522	0.999995	545	2	-0.16049	0.24004	0.23937	0.999995	241	0	-0.16049
OSMR	4	0.41294	0.6058	0.999995	546	2	-0.34419	0.79258	0.79296	0.999995	785	0	-0.34419
PPP2CB	3	0.41406	0.567	0.999995	547	1	-0.30772	0.8131	0.81328	0.999995	807	0	-0.30772
RECK	4	0.41544	0.60786	0.999995	548	2	-0.30303	0.39545	0.39378	0.999995	405	0	-0.30303
RPL6	1	0.41603	0.41635	0.999995	549	1	-0.34808	0.58397	0.58502	0.999995	599	0	-0.34808
IQCA1	4	0.41663	0.60865	0.999995	550	2	-0.26779	0.68544	0.68482	0.999995	695	0	-0.26779
FUT5	4	0.41786	0.60966	0.999995	551	2	-0.34556	0.89638	0.89574	0.999995	886	0	-0.34556
TANC2	3	0.41798	0.57125	0.999995	552	2	-0.29048	0.63129	0.6306	0.999995	640	0	-0.29048
SMARCA2	4	0.4195	0.61081	0.999995	553	2	-0.27903	0.42403	0.42236	0.999995	434	0	-0.27903
MOGAT2	4	0.41975	0.611	0.999995	554	1	-0.26985	0.77383	0.77441	0.999995	767	0	-0.26985
KLK12	4	0.42158	0.61228	0.999995	555	1	-0.1931	0.07572	0.076401	0.999995	63	1	-0.1931
COPZ2	4	0.42403	0.61406	0.999995	556	1	-0.20762	0.38782	0.38636	0.999995	397	0	-0.20762
NAPA	4	0.42525	0.61503	0.999995	557	2	-0.46743	0.23778	0.23715	0.999995	237	0	-0.46743
SIRPA	3	0.42551	0.57869	0.999995	558	2	-0.32613	0.2472	0.2462	0.999995	252	0	-0.32613
NR5A2	4	0.4277	0.61688	0.999995	559	2	-0.22898	0.055551	0.05644	0.999995	46	1	-0.22898
PAPSS1	4	0.43071	0.61916	0.999995	560	2	-0.40026	0.47073	0.46916	0.999995	489	0	-0.40026
PACS2	4	0.43131	0.61966	0.999995	561	1	-0.11721	0.33375	0.33324	0.999995	335	0	-0.11721
MTMR4	4	0.43192	0.62015	0.999995	562	1	-0.17173	0.30961	0.30834	0.999995	312	0	-0.17173
KPNA2	3	0.43275	0.58596	0.999995	563	2	-0.30102	0.65017	0.64909	0.999995	656	0	-0.30102
IKBKE	4	0.43312	0.62111	0.999995	564	2	-0.30601	0.85425	0.85469	0.999995	847	0	-0.30601
CCNE2	4	0.43344	0.6214	0.999995	565	2	-0.30144	0.21418	0.21348	0.999995	209	0	-0.30144
CDC34	4	0.43433	0.62197	0.999995	566	1	-0.27749	0.42768	0.42575	0.999995	438	0	-0.27749
DENND5A	4	0.43589	0.62317	0.999995	567	2	-0.34264	0.72385	0.72318	0.999995	727	0	-0.34264
FARS2	4	0.43853	0.62502	0.999995	568	1	-0.29109	0.86235	0.86252	0.999995	853	0	-0.29109
TAF1	4	0.44032	0.62629	0.999995	569	1	0.027034	0.19788	0.19788	0.999995	191	0	0.027034
PPP3R2	4	0.44408	0.62904	0.999995	570	2	-0.38831	0.19239	0.19249	0.999995	185	0	-0.38831
LARP1	4	0.44489	0.62973	0.999995	571	2	-0.36335	0.3506	0.34989	0.999995	357	0	-0.36335
SOAT1	4	0.44571	0.63017	0.999995	572	2	-0.44053	0.52991	0.52887	0.999995	554	0	-0.44053
ATP8B3	4	0.44857	0.63225	0.999995	573	2	-0.24386	0.55305	0.55194	0.999995	572	0	-0.24386
ZNF284	4	0.4504	0.63355	0.999995	574	1	-0.30228	0.85338	0.85372	0.999995	845	0	-0.30228
MACF1	4	0.45184	0.63451	0.999995	575	2	-0.25189	0.61374	0.61329	0.999995	626	0	-0.25189
RNF2	3	0.45266	0.60593	0.999995	576	2	-0.28849	0.2064	0.2055	0.999995	199	0	-0.28849
CFL1	4	0.45334	0.63564	0.999995	577	2	-0.30814	0.60554	0.60494	0.999995	617	0	-0.30814
FLT1	4	0.45347	0.63578	0.999995	578	2	-0.24934	0.31241	0.31121	0.999995	314	0	-0.24934
UMPS	4	0.45393	0.63606	0.999995	579	1	-0.10477	0.44092	0.43947	0.999995	451	0	-0.10477
HTR3E	4	0.4551	0.63675	0.999995	580	1	-0.12328	0.46901	0.46752	0.999995	486	0	-0.12328
ANKRD37	4	0.45744	0.63839	0.999995	581	2	-0.20542	0.208	0.20752	0.999995	202	0	-0.20542
SKA1	4	0.4586	0.63927	0.999995	582	2	-0.25849	0.36385	0.36275	0.999995	372	0	-0.25849
RPL17	3	0.45936	0.6126	0.999995	583	2	-0.31074	0.63976	0.63907	0.999995	647	0	-0.31074
G3BP1	4	0.46	0.64032	0.999995	584	2	-0.41073	0.78482	0.78526	0.999995	779	0	-0.41073
FLOT1	4	0.46286	0.64245	0.999995	585	2	-0.31922	0.45686	0.45541	0.999995	471	0	-0.31922
EEFSEC	4	0.46326	0.64278	0.999995	586	2	-0.23864	0.23929	0.23852	0.999995	240	0	-0.23864
CADPS	4	0.46571	0.64457	0.999995	587	2	-0.31212	0.57918	0.57862	0.999995	594	0	-0.31212
RPL15	2	0.47014	0.51972	0.999995	588	1	-0.23708	0.21799	0.21748	0.999995	213	0	-0.23708
TCF4	4	0.471	0.64836	0.999995	589	2	-0.21255	0.21956	0.21896	0.999995	216	0	-0.21255
SOHLH1	4	0.4713	0.64854	0.999995	590	1	-0.21655	0.51454	0.51319	0.999995	537	0	-0.21655
PRKAB2	4	0.47303	0.64974	0.999995	591	2	-0.33079	0.86359	0.8637	0.999995	855	0	-0.33079
CD44	4	0.47587	0.65175	0.999995	592	2	-0.25157	0.36056	0.35954	0.999995	368	0	-0.25157
SNRPB2	3	0.47707	0.63028	0.999995	593	1	-0.17349	0.44125	0.43989	0.999995	452	0	-0.17349
GMPR	4	0.47709	0.6526	0.999995	594	2	-0.29333	0.78598	0.78622	0.999995	782	0	-0.29333
PTPN21	4	0.47831	0.65337	0.999995	595	2	-0.23096	0.69388	0.69334	0.999995	703	0	-0.23096
CSTF2T	4	0.47872	0.65366	0.999995	596	2	-0.33117	0.2111	0.21053	0.999995	206	0	-0.33117
MANF	4	0.47983	0.65461	0.999995	597	2	-0.41956	0.39986	0.39814	0.999995	410	0	-0.41956
AP1G2	4	0.48153	0.65586	0.999995	598	1	-0.19726	0.49988	0.49787	0.999995	520	0	-0.19726
PTPN14	4	0.48318	0.65692	0.999995	599	2	-0.35192	0.70585	0.70526	0.999995	712	0	-0.35192
CCNE1	4	0.48358	0.6572	0.999995	600	2	-0.20278	0.51023	0.50846	0.999995	533	0	-0.20278
EGFR	4	0.48602	0.65891	0.999995	601	1	-0.16449	0.14254	0.14272	0.999995	131	0	-0.16449
DEGS2	4	0.49127	0.66283	0.999995	602	2	-0.30397	0.6541	0.65345	0.999995	662	0	-0.30397
SAR1A	8	0.49227	0.76265	0.999995	603	4	-0.26481	0.0027084	0.0058612	0.999995	6	2	-0.26481
SLC10A2	4	0.49248	0.66374	0.999995	604	2	-0.29583	0.63499	0.63435	0.999995	645	0	-0.29583
EZH2	4	0.49437	0.66515	0.999995	605	1	-0.003867	0.17416	0.17406	0.999995	168	0	-0.003867
COPG1	4	0.49658	0.66688	0.999995	606	1	-0.1447	0.29126	0.29012	0.999995	296	0	-0.1447
ATOH1	4	0.49813	0.66809	0.999995	607	2	-0.30042	0.52412	0.52309	0.999995	546	0	-0.30042
CRYBB2	4	0.49854	0.66845	0.999995	608	2	-0.22563	0.76772	0.7681	0.999995	759	0	-0.22563
LHFPL5	4	0.49988	0.66939	0.999995	609	1	-0.095272	0.29269	0.29152	0.999995	298	0	-0.095272
KIAA0319	4	0.50096	0.67025	0.999995	610	2	-0.17201	0.29055	0.2894	0.999995	295	0	-0.17201
ADAP2	4	0.50216	0.67117	0.999995	611	2	-0.36783	0.71961	0.71898	0.999995	725	0	-0.36783
ZWILCH	4	0.50297	0.67173	0.999995	612	2	-0.18713	0.32486	0.32436	0.999995	326	0	-0.18713
NMT2	4	0.50458	0.67309	0.999995	613	2	-0.29394	0.50371	0.502	0.999995	524	0	-0.29394
HMGCS2	4	0.50698	0.67491	0.999995	614	1	-0.15349	0.13097	0.1309	0.999995	119	0	-0.15349
RPRD1A	4	0.50699	0.67493	0.999995	615	2	-0.31443	0.61238	0.61189	0.999995	624	0	-0.31443
OSBPL6	4	0.51701	0.68245	0.999995	616	2	-0.28965	0.46844	0.46704	0.999995	485	0	-0.28965
RCBTB1	4	0.51935	0.68424	0.999995	617	1	-0.26607	0.52623	0.52537	0.999995	550	0	-0.26607
DMXL1	4	0.51941	0.68426	0.999995	618	2	-0.24443	0.21032	0.20974	0.999995	205	0	-0.24443
GALR3	4	0.52021	0.68484	0.999995	619	2	-0.3497	0.89839	0.89762	0.999995	889	0	-0.3497
BRSK1	4	0.52101	0.6855	0.999995	620	2	-0.28147	0.1134	0.11352	0.999995	101	0	-0.28147
LSM14A	4	0.522	0.68619	0.999995	621	1	-0.064053	0.12515	0.12538	0.999995	114	0	-0.064053
CAB39L	4	0.52301	0.68707	0.999995	622	2	-0.22745	0.50644	0.50486	0.999995	528	0	-0.22745
YIPF5	4	0.5242	0.68788	0.999995	623	2	-0.16319	0.31588	0.31505	0.999995	317	0	-0.16319
SLCO2B1	4	0.5258	0.68915	0.999995	624	2	-0.20159	0.22567	0.22536	0.999995	222	0	-0.20159
CDNF	4	0.53097	0.69267	0.999995	625	2	-0.30863	0.8283	0.82876	0.999995	820	0	-0.30863
NAPB	4	0.532	0.69346	0.999995	626	2	-0.27451	0.29836	0.29692	0.999995	304	0	-0.27451
NCKAP1L	4	0.53216	0.69355	0.999995	627	2	-0.26613	0.14336	0.14337	0.999995	132	0	-0.26613
SERPINA12	8	0.53364	0.79136	0.999995	628	2	-0.10668	0.71065	0.71078	0.999995	718	0	-0.10668
G6PC	4	0.53375	0.69459	0.999995	629	2	-0.3733	0.86688	0.86717	0.999995	859	0	-0.3733
HACD1	4	0.53409	0.6948	0.999995	630	1	-0.13362	0.616	0.61532	0.999995	627	0	-0.13362
KRTAP10-10	4	0.53415	0.69484	0.999995	631	2	-0.32005	0.7671	0.76745	0.999995	758	0	-0.32005
TOB2	4	0.53513	0.69563	0.999995	632	1	-0.13134	0.4804	0.47829	0.999995	499	0	-0.13134
SYK	4	0.53613	0.69642	0.999995	633	2	-0.19745	0.408	0.40602	0.999995	418	0	-0.19745
DUOX1	4	0.53668	0.69679	0.999995	634	2	-0.22384	0.39101	0.38944	0.999995	401	0	-0.22384
RHOT1	4	0.54127	0.69994	0.999995	635	2	-0.34218	0.81462	0.81547	0.999995	810	0	-0.34218
EPC1	4	0.54184	0.70039	0.999995	636	1	-0.32151	0.45802	0.45651	0.999995	473	0	-0.32151
COQ10B	4	0.54285	0.70119	0.999995	637	2	-0.33411	0.67165	0.67123	0.999995	680	0	-0.33411
CHMP1B	4	0.54325	0.70151	0.999995	638	2	-0.28562	0.80013	0.80035	0.999995	793	0	-0.28562
CSTF2	4	0.54443	0.70251	0.999995	639	2	-0.29768	0.53044	0.5293	0.999995	555	0	-0.29768
SPTA1	4	0.54522	0.70306	0.999995	640	2	-0.25736	0.35857	0.35762	0.999995	365	0	-0.25736
H1FOO	4	0.54601	0.70374	0.999995	641	2	-0.31498	0.80451	0.80461	0.999995	800	0	-0.31498
XPO7	4	0.54747	0.70482	0.999995	642	2	-0.31148	0.072236	0.072758	0.999995	60	1	-0.31148
RANBP10	4	0.54837	0.70544	0.999995	643	2	-0.24883	0.48434	0.48254	0.999995	505	0	-0.24883
APH1B	4	0.55001	0.70661	0.999995	644	1	-0.20962	0.30892	0.30766	0.999995	311	0	-0.20962
MBD3L1	4	0.55191	0.70809	0.999995	645	2	-0.4484	0.82904	0.82946	0.999995	822	0	-0.4484
KRT25	4	0.55427	0.70981	0.999995	646	2	-0.35007	0.60874	0.60807	0.999995	621	0	-0.35007
SS18	4	0.55505	0.71042	0.999995	647	2	-0.23091	0.50806	0.50648	0.999995	530	0	-0.23091
RPA3	4	0.55544	0.71076	0.999995	648	2	-0.29748	0.56354	0.56327	0.999995	579	0	-0.29748
TSPO2	4	0.55584	0.71112	0.999995	649	2	-0.31229	0.18846	0.18864	0.999995	182	0	-0.31229
SATB2	4	0.55623	0.71148	0.999995	650	2	-0.25557	0.13512	0.13527	0.999995	124	0	-0.25557
RNF130	4	0.55657	0.71177	0.999995	651	2	-0.28182	0.18609	0.18616	0.999995	180	0	-0.28182
ATAD2	4	0.55819	0.71316	0.999995	652	2	-0.25027	0.68505	0.68441	0.999995	694	0	-0.25027
LIM2	4	0.55897	0.71372	0.999995	653	2	-0.2856	0.86728	0.86753	0.999995	860	0	-0.2856
ZNF804B	4	0.55975	0.71429	0.999995	654	2	-0.302	0.3599	0.35896	0.999995	367	0	-0.302
DYNC1LI1	3	0.56146	0.67884	0.999995	655	1	-0.017229	0.34095	0.33895	0.999995	346	0	-0.017229
TIMM23	4	0.56209	0.71626	0.999995	656	2	-0.36513	0.65202	0.65146	0.999995	659	0	-0.36513
RNF20	4	0.56327	0.71709	0.999995	657	2	-0.26552	0.89872	0.89802	0.999995	890	0	-0.26552
CHRNB3	4	0.56404	0.71761	0.999995	658	1	-0.25602	0.16211	0.16165	0.999995	155	0	-0.25602
NET1	4	0.56443	0.71799	0.999995	659	2	-0.24791	0.2505	0.24961	0.999995	256	0	-0.24791
STRIP1	4	0.56482	0.71829	0.999995	660	2	-0.26952	0.6784	0.67776	0.999995	687	0	-0.26952
RHBDF2	4	0.56599	0.71922	0.999995	661	2	-0.24013	0.056435	0.057197	0.999995	47	1	-0.24013
RPP14	4	0.56794	0.72085	0.999995	662	2	-0.28632	0.61914	0.61841	0.999995	629	0	-0.28632
MED12L	4	0.56872	0.72138	0.999995	663	2	-0.22504	0.51935	0.51807	0.999995	541	0	-0.22504
CRNN	4	0.57093	0.723	0.999995	664	1	-0.24497	0.41729	0.41554	0.999995	425	0	-0.24497
HUS1B	4	0.57105	0.72309	0.999995	665	2	-0.24503	0.66194	0.66132	0.999995	670	0	-0.24503
TANK	4	0.57299	0.72461	0.999995	666	2	-0.17417	0.15643	0.1559	0.999995	149	0	-0.17417
MBD4	8	0.57343	0.81842	0.999995	667	3	-0.20547	0.030047	0.043279	0.999995	24	1	-0.20547
SPATA16	4	0.57453	0.72563	0.999995	668	2	-0.38879	0.49382	0.49164	0.999995	513	0	-0.38879
DDI2	4	0.5758	0.72656	0.999995	669	1	0.082081	0.079194	0.079521	0.999995	68	1	0.082081
DDX39B	4	0.57647	0.72715	0.999995	670	2	-0.28833	0.11593	0.11582	0.999995	104	0	-0.28833
HACD2	4	0.57686	0.72741	0.999995	671	2	-0.37726	0.76617	0.76641	0.999995	755	0	-0.37726
AP1G1	4	0.57725	0.7277	0.999995	672	1	-0.25694	0.62003	0.61941	0.999995	630	0	-0.25694
NCK2	4	0.57763	0.72802	0.999995	673	2	-0.11933	0.11677	0.11656	0.999995	105	0	-0.11933
TRAPPC3L	4	0.57822	0.72845	0.999995	674	1	0.082998	0.15806	0.15742	0.999995	151	0	0.082998
SAMD4A	4	0.58187	0.73116	0.999995	675	2	-0.37938	0.58874	0.58821	0.999995	605	0	-0.37938
TAF9	4	0.58264	0.7318	0.999995	676	2	-0.30936	0.47587	0.47393	0.999995	495	0	-0.30936
PDCD4	4	0.58351	0.73241	0.999995	677	2	-0.19012	0.70066	0.70057	0.999995	709	0	-0.19012
FAM71B	4	0.58379	0.73257	0.999995	678	2	-0.29009	0.39734	0.39554	0.999995	407	0	-0.29009
GFM1	4	0.58398	0.73272	0.999995	679	1	-0.25782	0.05201	0.053124	0.999995	44	1	-0.25782
TUBB2B	2	0.58474	0.60394	0.999995	680	1	-0.22553	0.45117	0.44873	0.999995	465	0	-0.22553
CEACAM1	4	0.58494	0.73347	0.999995	681	1	-0.27309	0.70952	0.70892	0.999995	715	0	-0.27309
GLIS3	4	0.58589	0.73419	0.999995	682	1	-0.043309	0.28555	0.2843	0.999995	289	0	-0.043309
TTC7A	8	0.58601	0.82678	0.999995	683	3	-0.24887	0.8293	0.82847	0.999995	823	0	-0.24887
ABL1	4	0.58802	0.73606	0.999995	684	2	-0.19882	0.57337	0.57314	0.999995	588	0	-0.19882
MEP1B	4	0.58878	0.73674	0.999995	685	2	-0.19794	0.04579	0.047548	0.999995	39	1	-0.19794
MYBPHL	4	0.58955	0.73728	0.999995	686	2	-0.25048	0.55606	0.55539	0.999995	574	0	-0.25048
PMM1	4	0.59261	0.73964	0.999995	687	2	-0.23992	0.42342	0.42167	0.999995	433	0	-0.23992
CCT6B	4	0.59299	0.73994	0.999995	688	2	-0.37095	0.373	0.37198	0.999995	383	0	-0.37095
RUNX1	4	0.59528	0.74166	0.999995	689	2	-0.17959	0.61284	0.61232	0.999995	625	0	-0.17959
ZNRF4	4	0.59534	0.74169	0.999995	690	2	-0.25348	0.67801	0.67734	0.999995	686	0	-0.25348
KPNA3	4	0.59566	0.74194	0.999995	691	2	-0.21787	0.52359	0.52253	0.999995	545	0	-0.21787
RAP1GAP	4	0.59604	0.74225	0.999995	692	2	-0.30292	0.77413	0.77476	0.999995	768	0	-0.30292
NLRP8	4	0.59642	0.74254	0.999995	693	2	-0.25359	0.5048	0.50319	0.999995	526	0	-0.25359
EIF4A3	4	0.59674	0.74275	0.999995	694	1	-0.34751	0.56749	0.56735	0.999995	583	0	-0.34751
TRPC5	4	0.59756	0.74334	0.999995	695	2	-0.15319	0.29198	0.29076	0.999995	297	0	-0.15319
NBEAL2	4	0.59871	0.74425	0.999995	696	2	-0.22007	0.80151	0.80161	0.999995	795	0	-0.22007
ARFGEF2	4	0.6006	0.74581	0.999995	697	2	-0.3192	0.63973	0.63894	0.999995	646	0	-0.3192
SAP30	4	0.60174	0.74656	0.999995	698	2	-0.27707	0.80532	0.80532	0.999995	802	0	-0.27707
KIAA0319L	4	0.60439	0.74853	0.999995	699	2	-0.34534	0.62359	0.62322	0.999995	633	0	-0.34534
ERN1	4	0.60737	0.75065	0.999995	700	1	-0.096995	0.40238	0.40028	0.999995	413	0	-0.096995
CHML	4	0.60817	0.75124	0.999995	701	2	-0.1091	0.15074	0.15044	0.999995	142	0	-0.1091
PGLS	4	0.60968	0.7523	0.999995	702	2	-0.20157	0.3743	0.37323	0.999995	385	0	-0.20157
ADAM19	4	0.61005	0.75267	0.999995	703	2	-0.30223	0.64485	0.64433	0.999995	649	0	-0.30223
STT3B	4	0.61102	0.75322	0.999995	704	2	-0.26344	0.68776	0.68713	0.999995	697	0	-0.26344
ZG16	4	0.61118	0.75333	0.999995	705	2	-0.3576	0.77714	0.77762	0.999995	772	0	-0.3576
GDI1	4	0.61381	0.75534	0.999995	706	2	-0.13589	0.38012	0.37899	0.999995	391	0	-0.13589
STRIP2	4	0.6151	0.75636	0.999995	707	1	-0.14005	0.044898	0.046642	0.999995	38	1	-0.14005
XDH	4	0.6169	0.75767	0.999995	708	1	-0.22167	0.12431	0.12453	0.999995	113	0	-0.22167
CD72	4	0.62092	0.76084	0.999995	709	2	-0.16173	0.1971	0.19716	0.999995	190	0	-0.16173
STAM	4	0.62182	0.76155	0.999995	710	1	-0.094739	0.35924	0.35828	0.999995	366	0	-0.094739
TBPL2	4	0.62724	0.76564	0.999995	711	2	-0.18311	0.26306	0.26185	0.999995	266	0	-0.18311
FBLN1	4	0.63168	0.76914	0.999995	712	2	-0.22317	0.26379	0.26261	0.999995	267	0	-0.22317
TNKS2	4	0.63352	0.77039	0.999995	713	2	-0.29501	0.18054	0.18026	0.999995	174	0	-0.29501
FNIP2	4	0.63426	0.77078	0.999995	714	2	-0.28419	0.7854	0.78573	0.999995	780	0	-0.28419
AXL	4	0.63462	0.77107	0.999995	715	2	-0.28667	0.042221	0.04412	0.999995	35	1	-0.28667
DDX17	4	0.63536	0.77173	0.999995	716	2	-0.28116	0.062603	0.06339	0.999995	51	1	-0.28116
ZFYVE19	4	0.63586	0.7721	0.999995	717	2	-0.26896	0.78218	0.78268	0.999995	776	0	-0.26896
SIX6	4	0.63801	0.7737	0.999995	718	1	-0.059989	0.26672	0.26552	0.999995	270	0	-0.059989
EFNB1	4	0.64305	0.77755	0.999995	719	2	-0.1903	0.29907	0.29762	0.999995	305	0	-0.1903
CELA2A	4	0.64633	0.78024	0.999995	720	2	-0.26454	0.27473	0.27361	0.999995	278	0	-0.26454
GIT1	4	0.64655	0.78036	0.999995	721	1	-0.21789	0.35393	0.35322	0.999995	360	0	-0.21789
FXR1	4	0.64778	0.78118	0.999995	722	2	-0.27825	0.63369	0.63298	0.999995	642	0	-0.27825
NRBP1	4	0.64782	0.78123	0.999995	723	1	-0.14627	0.54849	0.54738	0.999995	568	0	-0.14627
NBEA	4	0.64814	0.78154	0.999995	724	2	-0.27573	0.24454	0.24377	0.999995	249	0	-0.27573
USP5	4	0.64908	0.78236	0.999995	725	2	-0.22001	0.49768	0.4957	0.999995	517	0	-0.22001
PCDH1	4	0.64923	0.78246	0.999995	726	2	-0.26608	0.29766	0.29625	0.999995	303	0	-0.26608
ITGB1BP2	4	0.65068	0.78346	0.999995	727	2	-0.12731	0.096419	0.096306	0.999995	84	1	-0.12731
IDH2	4	0.65118	0.78391	0.999995	728	1	-0.19334	0.30119	0.29988	0.999995	307	0	-0.19334
VPS26B	4	0.65213	0.78466	0.999995	729	2	-0.29686	0.17895	0.17864	0.999995	173	0	-0.29686
UAP1	4	0.65249	0.78486	0.999995	730	2	-0.22819	0.14501	0.14463	0.999995	134	0	-0.22819
RNF125	4	0.65321	0.7856	0.999995	731	2	-0.20137	0.26012	0.25903	0.999995	264	0	-0.20137
NDEL1	4	0.65429	0.78639	0.999995	732	2	-0.17052	0.30611	0.30472	0.999995	309	0	-0.17052
SLC22A13	4	0.65537	0.78717	0.999995	733	2	-0.20529	0.27182	0.27071	0.999995	276	0	-0.20529
CCNL1	4	0.65645	0.78812	0.999995	734	2	-0.30512	0.8185	0.81937	0.999995	812	0	-0.30512
IQCA1L	4	0.65659	0.78824	0.999995	735	1	-0.14693	0.68155	0.68094	0.999995	692	0	-0.14693
PCBD1	4	0.65681	0.78837	0.999995	736	2	-0.29674	0.095564	0.095353	0.999995	83	1	-0.29674
DUOX2	4	0.65701	0.78851	0.999995	737	1	-0.23135	0.75286	0.75302	0.999995	746	0	-0.23135
ERC1	4	0.65948	0.79043	0.999995	738	1	-0.16593	0.36122	0.36009	0.999995	369	0	-0.16593
ACACB	4	0.65968	0.79056	0.999995	739	2	-0.20008	0.23628	0.23555	0.999995	235	0	-0.20008
ADGRG7	4	0.66039	0.79107	0.999995	740	2	-0.26993	0.76586	0.76613	0.999995	754	0	-0.26993
NR5A1	4	0.66194	0.7924	0.999995	741	1	-0.079492	0.29695	0.29565	0.999995	302	0	-0.079492
BECN1	4	0.66218	0.79261	0.999995	742	2	-0.29065	0.65659	0.65596	0.999995	666	0	-0.29065
ZNF185	4	0.66254	0.79281	0.999995	743	2	-0.16358	0.39037	0.38892	0.999995	400	0	-0.16358
SLC25A24	4	0.66788	0.79703	0.999995	744	2	-0.29852	0.1853	0.18542	0.999995	179	0	-0.29852
IDH1	4	0.66884	0.79782	0.999995	745	1	-0.12045	0.43192	0.43007	0.999995	443	0	-0.12045
APH1A	4	0.66929	0.79821	0.999995	746	2	-0.2337	0.65783	0.65732	0.999995	668	0	-0.2337
USP13	4	0.67005	0.79877	0.999995	747	1	-0.20343	0.37495	0.37374	0.999995	386	0	-0.20343
DYNLT1	4	0.67045	0.79898	0.999995	748	1	0.04115	0.051123	0.052284	0.999995	43	1	0.04115
SMAP2	4	0.67248	0.80058	0.999995	749	2	-0.22947	0.16291	0.16246	0.999995	156	0	-0.22947
CREBBP	4	0.67318	0.8012	0.999995	750	2	-0.19098	0.40738	0.40547	0.999995	417	0	-0.19098
STX12	4	0.67424	0.80192	0.999995	751	2	-0.26935	0.89503	0.89444	0.999995	881	0	-0.26935
TTC23	4	0.67445	0.80211	0.999995	752	1	-0.23026	0.76925	0.76957	0.999995	761	0	-0.23026
MBTD1	4	0.67524	0.80278	0.999995	753	1	-0.095975	0.18292	0.18294	0.999995	177	0	-0.095975
PLEK2	4	0.6767	0.80383	0.999995	754	2	-0.30425	0.67325	0.67281	0.999995	681	0	-0.30425
TMEM9	4	0.67705	0.80412	0.999995	755	2	-0.1693	0.20723	0.20652	0.999995	201	0	-0.1693
RBPJ	4	0.67762	0.80456	0.999995	756	1	-0.14287	0.069616	0.070311	0.999995	58	1	-0.14287
GRIP1	4	0.67775	0.80464	0.999995	757	2	-0.30889	0.84074	0.84115	0.999995	833	0	-0.30889
NDE1	4	0.6781	0.80482	0.999995	758	2	-0.23836	0.013312	0.016724	0.999995	14	1	-0.23836
IL10RA	4	0.67915	0.80564	0.999995	759	2	-0.17336	0.50426	0.5026	0.999995	525	0	-0.17336
CDS1	4	0.6802	0.80646	0.999995	760	2	-0.16064	0.15237	0.15199	0.999995	145	0	-0.16064
STX7	4	0.68125	0.80736	0.999995	761	2	-0.23396	0.41606	0.41424	0.999995	424	0	-0.23396
DMP1	4	0.68427	0.80975	0.999995	762	1	-0.20207	0.090418	0.090524	0.999995	79	1	-0.20207
GLT6D1	4	0.68466	0.81005	0.999995	763	1	-0.36451	0.62713	0.62695	0.999995	636	0	-0.36451
NAT8L	4	0.68507	0.81037	0.999995	764	2	-0.1534	0.21572	0.21493	0.999995	211	0	-0.1534
TMEM185B	4	0.68542	0.81063	0.999995	765	2	-0.13406	0.5758	0.57544	0.999995	591	0	-0.13406
SLC17A2	4	0.68621	0.81133	0.999995	766	1	0.10235	0.15155	0.15123	0.999995	144	0	0.10235
CCDC69	4	0.68646	0.81152	0.999995	767	2	-0.25646	0.0096534	0.013137	0.999995	10	1	-0.25646
SNRPN	4	0.68737	0.81232	0.999995	768	1	-0.053466	0.15887	0.15821	0.999995	152	0	-0.053466
RBMX	3	0.68853	0.74186	0.999995	769	1	-0.057751	0.44733	0.44624	0.999995	460	0	-0.057751
KRTAP1-1	4	0.69274	0.81411	0.999995	770	1	-0.004832	0.23854	0.23782	0.999995	238	0	-0.004832
GRIP2	4	0.69312	0.81419	0.999995	771	1	-0.23427	0.38398	0.38292	0.999995	394	0	-0.23427
RPS28	2	0.70325	0.70453	0.999995	772	1	-0.2191	0.58087	0.57924	0.999995	595	0	-0.2191
EAF2	4	0.704	0.81775	0.999995	773	1	-0.059935	0.11087	0.11119	0.999995	99	0	-0.059935
FCRL3	4	0.70769	0.81874	0.999995	774	1	-0.11072	0.22643	0.22611	0.999995	224	0	-0.11072
SRI	4	0.70806	0.81881	0.999995	775	1	-0.16629	0.073108	0.073562	0.999995	61	1	-0.16629
CRX	4	0.71025	0.81967	0.999995	776	1	-0.078924	0.04757	0.049192	0.999995	41	1	-0.078924
TGFBR2	4	0.71134	0.81996	0.999995	777	1	-0.27521	0.50207	0.50034	0.999995	522	0	-0.27521
CRKL	4	0.71783	0.82204	0.999995	778	1	-0.28181	0.20334	0.203	0.999995	197	0	-0.28181
ABCB1	4	0.72279	0.82361	0.999995	779	1	0.0099146	0.011484	0.015062	0.999995	12	1	0.0099146
ATP6V1B1	4	0.7235	0.82386	0.999995	780	1	-0.1643	0.60783	0.60728	0.999995	620	0	-0.1643
LRBA	4	0.72595	0.82467	0.999995	781	1	-0.082163	0.56453	0.56431	0.999995	580	0	-0.082163
KCNMB3	4	0.7277	0.82513	0.999995	782	1	-0.28693	0.44805	0.44688	0.999995	461	0	-0.28693
UBASH3B	4	0.72874	0.82543	0.999995	783	1	-0.13937	0.10154	0.10176	0.999995	88	1	-0.13937
VPS26A	4	0.73012	0.82586	0.999995	784	1	-0.029993	0.26159	0.26055	0.999995	265	0	-0.029993
ERO1A	4	0.73185	0.82636	0.999995	785	1	-0.091664	0.24976	0.2489	0.999995	255	0	-0.091664
SLC25A15	4	0.73253	0.82656	0.999995	786	1	-0.24435	0.58589	0.58542	0.999995	602	0	-0.24435
REG3A	4	0.73356	0.82691	0.999995	787	1	-0.17645	0.50915	0.5075	0.999995	532	0	-0.17645
RPL27A	2	0.73431	0.73321	0.999995	788	1	-0.21125	0.48382	0.48085	0.999995	504	0	-0.21125
LIN28A	3	0.74065	0.77245	0.999995	789	1	-0.23661	0.26594	0.2647	0.999995	268	0	-0.23661
PDGFD	4	0.74335	0.83041	0.999995	790	1	-0.16133	0.027847	0.030277	0.999995	22	1	-0.16133
CYFIP2	4	0.74468	0.83102	0.999995	791	1	-0.29864	0.81436	0.81521	0.999995	809	0	-0.29864
RPL31	2	0.7449	0.74341	0.999995	792	1	-0.34132	0.52855	0.52574	0.999995	552	0	-0.34132
TIMM23B	4	0.74567	0.83148	0.999995	793	1	-0.15968	0.34993	0.34927	0.999995	356	0	-0.15968
PTCH2	4	0.74765	0.83225	0.999995	794	1	-0.24708	0.75124	0.75139	0.999995	742	0	-0.24708
TBC1D4	4	0.74896	0.83285	0.999995	795	1	-0.05314	0.48153	0.47958	0.999995	500	0	-0.05314
EXOC6B	4	0.75059	0.83342	0.999995	796	1	-0.25016	0.35725	0.3563	0.999995	363	0	-0.25016
LNX2	4	0.75512	0.83501	0.999995	797	1	-0.0029327	0.23326	0.23269	0.999995	232	0	-0.0029327
FMR1	4	0.75576	0.83525	0.999995	798	1	-0.22744	0.45217	0.45096	0.999995	466	0	-0.22744
GBP3	4	0.75608	0.83535	0.999995	799	1	-0.1954	0.57822	0.57769	0.999995	593	0	-0.1954
SOS2	4	0.75672	0.83556	0.999995	800	1	-0.16423	0.17256	0.17244	0.999995	166	0	-0.16423
BECN2	4	0.75958	0.83673	0.999995	801	1	-0.16747	0.71711	0.71637	0.999995	722	0	-0.16747
AHCYL2	4	0.7599	0.83688	0.999995	802	1	-0.042519	0.060844	0.061606	0.999995	50	1	-0.042519
MBP	4	0.76211	0.83755	0.999995	803	1	-0.22427	0.32349	0.32277	0.999995	324	0	-0.22427
ELL2	4	0.76305	0.83796	0.999995	804	1	-0.2897	0.21495	0.21427	0.999995	210	0	-0.2897
ACACA	4	0.76679	0.83935	0.999995	805	1	-0.28851	0.79708	0.79752	0.999995	789	0	-0.28851
CBLL1	4	0.7671	0.83949	0.999995	806	1	-0.24899	0.60046	0.59979	0.999995	610	0	-0.24899
EPHA3	4	0.77079	0.84101	0.999995	807	1	-0.16288	0.22871	0.22819	0.999995	227	0	-0.16288
ATM	4	0.77322	0.84214	0.999995	808	1	-0.11598	0.52571	0.52492	0.999995	549	0	-0.11598
DPCR1	4	0.77443	0.84262	0.999995	809	1	-0.18518	0.17576	0.17548	0.999995	169	0	-0.18518
SLITRK1	4	0.77594	0.84315	0.999995	810	1	-0.24423	0.67722	0.67671	0.999995	684	0	-0.24423
ADARB2	4	0.77744	0.84363	0.999995	811	1	-0.18485	0.71532	0.71453	0.999995	721	0	-0.18485
MECP2	4	0.78218	0.8456	0.999995	812	1	-0.15414	0.063482	0.064324	0.999995	52	1	-0.15414
DZIP3	4	0.7854	0.8468	0.999995	813	1	-0.14971	0.19003	0.19037	0.999995	184	0	-0.14971
DDX39A	4	0.78656	0.84729	0.999995	814	1	-0.14095	0.07485	0.075327	0.999995	62	1	-0.14095
DEGS1	4	0.78685	0.84738	0.999995	815	1	-0.088804	0.37689	0.37585	0.999995	388	0	-0.088804
KHSRP	4	0.78801	0.84783	0.999995	816	1	-0.255	0.030555	0.032827	0.999995	25	1	-0.255
DNAJC19	3	0.78808	0.80397	0.999995	817	1	0.030241	0.2264	0.2254	0.999995	223	0	0.030241
MYCN	4	0.79002	0.84871	0.999995	818	1	-0.17425	0.50535	0.50375	0.999995	527	0	-0.17425
TMEM120B	4	0.794	0.85032	0.999995	819	1	-0.12467	0.55001	0.54887	0.999995	570	0	-0.12467
POLD1	4	0.79456	0.85053	0.999995	820	1	-0.16075	0.35127	0.35071	0.999995	358	0	-0.16075
RPL3L	4	0.80069	0.85287	0.999995	821	1	-0.18936	0.65285	0.6523	0.999995	660	0	-0.18936
FNIP1	4	0.80206	0.85338	0.999995	822	1	0.032636	0.14172	0.14184	0.999995	130	0	0.032636
EP300	4	0.80478	0.85455	0.999995	823	1	-0.21676	0.2769	0.27584	0.999995	282	0	-0.21676
ENOX1	4	0.80586	0.85507	0.999995	824	1	-0.1033	0.12598	0.12621	0.999995	115	0	-0.1033
SP110	4	0.8064	0.85528	0.999995	825	1	-0.15892	0.49823	0.49628	0.999995	518	0	-0.15892
TYMS	4	0.80988	0.85687	0.999995	826	1	-0.099536	0.1613	0.16079	0.999995	154	0	-0.099536
CBLL2	4	0.81015	0.85697	0.999995	827	1	-0.22752	0.47983	0.47778	0.999995	498	0	-0.22752
FOXA1	4	0.81252	0.858	0.999995	828	1	-0.18941	0.72067	0.71987	0.999995	726	0	-0.18941
GBX1	4	0.81305	0.85827	0.999995	829	1	-0.19798	0.021508	0.024243	0.999995	18	1	-0.19798
DCAF8L1	4	0.81721	0.86031	0.999995	830	1	-0.090608	0.37624	0.3751	0.999995	387	0	-0.090608
KRT38	4	0.81978	0.86135	0.999995	831	1	-0.21533	0.64908	0.64825	0.999995	654	0	-0.21533
UNC45A	4	0.82003	0.86148	0.999995	832	1	-0.18462	0.48714	0.48509	0.999995	507	0	-0.18462
GALNT2	4	0.82257	0.86282	0.999995	833	1	-0.14022	0.3385	0.3381	0.999995	342	0	-0.14022
DYNLT3	4	0.82282	0.86292	0.999995	834	1	-0.23082	0.32555	0.32504	0.999995	327	0	-0.23082
LBX1	4	0.82408	0.86351	0.999995	835	1	-0.068764	0.025134	0.027671	0.999995	20	1	-0.068764
SMARCA1	4	0.82607	0.86431	0.999995	836	1	-0.11224	0.5086	0.50697	0.999995	531	0	-0.11224
VRTN	4	0.82657	0.86451	0.999995	837	1	-0.19369	0.57239	0.57219	0.999995	587	0	-0.19369
GPR151	4	0.82805	0.8652	0.999995	838	1	-0.033188	0.39923	0.39753	0.999995	409	0	-0.033188
CNOT8	3	0.82828	0.83388	0.999995	839	1	-0.24666	0.24376	0.24278	0.999995	247	0	-0.24666
NOX3	4	0.83026	0.86625	0.999995	840	1	-0.24786	0.67125	0.67071	0.999995	679	0	-0.24786
ALAS2	4	0.83099	0.86658	0.999995	841	1	-0.14487	0.37883	0.37775	0.999995	389	0	-0.14487
DNAJC15	4	0.83123	0.86671	0.999995	842	1	-0.095285	0.39861	0.39688	0.999995	408	0	-0.095285
ERC2	4	0.83245	0.86734	0.999995	843	1	-0.1738	0.62492	0.62467	0.999995	635	0	-0.1738
CAV1	4	0.83293	0.86752	0.999995	844	1	-0.1402	0.24154	0.24094	0.999995	243	0	-0.1402
RPL21	2	0.83338	0.83218	0.999995	845	0	-0.16509	0.41928	0.41772	0.999995	427	0	-0.16509
PLCG1	4	0.83628	0.86922	0.999995	846	1	-0.22623	0.13263	0.13273	0.999995	121	0	-0.22623
FKBP10	4	0.83888	0.87054	0.999995	847	1	-0.15024	0.52834	0.52738	0.999995	551	0	-0.15024
LATS1	4	0.84005	0.87111	0.999995	848	1	-0.040013	0.12347	0.1237	0.999995	112	0	-0.040013
AOX1	4	0.84051	0.87129	0.999995	849	1	-0.16296	0.31866	0.31785	0.999995	321	0	-0.16296
IDH3G	4	0.84074	0.87139	0.999995	850	1	-0.053996	0.091277	0.091346	0.999995	80	1	-0.053996
DDI1	8	0.84185	0.94606	0.999995	851	1	-0.14389	0.11964	0.12262	0.999995	108	1	-0.14389
FEZ2	4	0.8419	0.87195	0.999995	852	1	-0.11646	0.56848	0.56827	0.999995	584	0	-0.11646
SPHKAP	4	0.84329	0.8727	0.999995	853	1	-0.021133	0.18213	0.18199	0.999995	176	0	-0.021133
MTA3	4	0.84648	0.87422	0.999995	854	1	-0.065272	0.20645	0.20592	0.999995	200	0	-0.065272
RALGPS1	4	0.84716	0.87458	0.999995	855	1	-0.053999	0.37948	0.37839	0.999995	390	0	-0.053999
NUMBL	4	0.84783	0.87492	0.999995	856	1	-0.22425	0.79088	0.79126	0.999995	784	0	-0.22425
PAPSS2	4	0.85096	0.87656	0.999995	857	1	-0.19944	0.62182	0.62137	0.999995	631	0	-0.19944
RNF144A	4	0.85598	0.87913	0.999995	858	1	-0.12083	0.035952	0.037993	0.999995	29	1	-0.12083
AQP8	4	0.85706	0.87963	0.999995	859	1	-0.065262	0.15562	0.15528	0.999995	148	0	-0.065262
MTMR3	4	0.86109	0.8819	0.999995	860	1	-0.23847	0.24678	0.24603	0.999995	251	0	-0.23847
PCBD2	4	0.86339	0.88323	0.999995	861	1	-0.14644	0.36974	0.36888	0.999995	380	0	-0.14644
GXYLT2	4	0.86359	0.88331	0.999995	862	1	-0.13349	0.12765	0.12771	0.999995	116	0	-0.13349
TBK1	4	0.86524	0.88438	0.999995	863	1	-0.22351	0.083523	0.083659	0.999995	72	1	-0.22351
ZNF418	4	0.86545	0.88451	0.999995	864	1	-0.15124	0.24079	0.24019	0.999995	242	0	-0.15124
PPP2R1B	4	0.86565	0.88463	0.999995	865	1	-0.030108	0.35592	0.35496	0.999995	362	0	-0.030108
RPS7	1	0.86586	0.86657	0.999995	866	0	0.014637	0.13414	0.13505	0.999995	123	0	0.014637
PTPN11	4	0.86667	0.88527	0.999995	867	1	-0.27534	0.46556	0.4644	0.999995	480	0	-0.27534
ZMAT2	4	0.8697	0.88693	0.999995	868	1	-0.02682	0.10918	0.10949	0.999995	97	0	-0.02682
KCNT2	4	0.87169	0.88808	0.999995	869	1	-0.086975	0.38973	0.38835	0.999995	399	0	-0.086975
NUMB	4	0.87209	0.88834	0.999995	870	1	-0.14239	0.50098	0.49901	0.999995	521	0	-0.14239
ERN2	4	0.87228	0.88843	0.999995	871	1	-0.1287	0.2325	0.23199	0.999995	231	0	-0.1287
HMGCL	4	0.87268	0.88867	0.999995	872	1	0.088779	0.10324	0.10354	0.999995	91	0	0.088779
TRIM25	4	0.87444	0.88972	0.999995	873	1	-0.22163	0.30682	0.30532	0.999995	310	0	-0.22163
STT3A	4	0.87618	0.89089	0.999995	874	1	-0.26035	0.80424	0.80432	0.999995	799	0	-0.26035
SEC23A	4	0.87637	0.89101	0.999995	875	1	-0.14903	0.53565	0.53456	0.999995	560	0	-0.14903
TBC1D26	2	0.87649	0.87555	0.999995	876	0	-0.089639	0.21676	0.2163	0.999995	212	0	-0.089639
SPTAN1	4	0.87733	0.89151	0.999995	877	1	-0.25413	0.46325	0.46201	0.999995	477	0	-0.25413
CADPS2	4	0.87752	0.89165	0.999995	878	1	-0.12783	0.017872	0.02075	0.999995	16	1	-0.12783
JAG2	4	0.88018	0.89313	0.999995	879	1	-0.12455	0.34659	0.34609	0.999995	354	0	-0.12455
TAS1R2	4	0.88204	0.89431	0.999995	880	1	-0.08688	0.46671	0.46541	0.999995	482	0	-0.08688
NETO2	4	0.88297	0.89481	0.999995	881	1	0.043001	0.27618	0.27499	0.999995	281	0	0.043001
CD163L1	4	0.88315	0.89494	0.999995	882	1	-0.047848	0.2711	0.26996	0.999995	275	0	-0.047848
TREML4	3	0.88378	0.88405	0.999995	883	0	0.014925	0.32935	0.3275	0.999995	331	0	0.014925
RYBP	3	0.88444	0.88474	0.999995	884	0	-0.31661	0.079131	0.079306	0.999995	67	0	-0.31661
FAM126A	4	0.88626	0.89691	0.999995	885	1	-0.15801	0.41975	0.41798	0.999995	428	0	-0.15801
PSEN1	4	0.88662	0.8971	0.999995	886	1	-0.24904	0.19475	0.19488	0.999995	188	0	-0.24904
PSEN2	4	0.88841	0.8982	0.999995	887	1	-0.21532	0.52041	0.51917	0.999995	542	0	-0.21532
TFDP3	4	0.89053	0.89947	0.999995	888	1	-0.23655	0.85555	0.85595	0.999995	848	0	-0.23655
INTS6L	4	0.89332	0.90127	0.999995	889	1	-0.018884	0.11845	0.11838	0.999995	106	0	-0.018884
CAB39	4	0.89349	0.90139	0.999995	890	1	0.0092058	0.29978	0.29843	0.999995	306	0	0.0092058
XYLT1	4	0.894	0.90163	0.999995	891	1	-0.2984	0.32761	0.32723	0.999995	330	0	-0.2984
GALNT5	4	0.89452	0.90196	0.999995	892	1	-0.22827	0.74068	0.74014	0.999995	733	0	-0.22827
DMD	4	0.89689	0.90339	0.999995	893	1	-0.25692	0.58732	0.58675	0.999995	603	0	-0.25692
PLD1	4	0.89756	0.90386	0.999995	894	1	-0.23135	0.33918	0.33882	0.999995	343	0	-0.23135
KRT74	4	0.89822	0.90425	0.999995	895	1	-0.22231	0.19318	0.19338	0.999995	186	0	-0.22231
ALG14	4	0.89839	0.90439	0.999995	896	1	-0.22185	0.36582	0.36478	0.999995	375	0	-0.22185
SERPINA9	4	0.89905	0.9049	0.999995	897	1	-0.020914	0.46498	0.4639	0.999995	479	0	-0.020914
GRHL2	4	0.90053	0.90588	0.999995	898	1	-0.26315	0.4142	0.41239	0.999995	423	0	-0.26315
RCBTB2	4	0.90846	0.91143	0.999995	899	1	-0.11134	0.55355	0.55248	0.999995	573	0	-0.11134
CAT	4	0.90907	0.91193	0.999995	900	1	-0.15461	0.24304	0.24245	0.999995	245	0	-0.15461
ULK2	4	0.90968	0.91237	0.999995	901	1	-0.22482	0.28841	0.28702	0.999995	293	0	-0.22482
TRPC7	4	0.91059	0.91294	0.999995	902	1	-0.22453	0.46383	0.4626	0.999995	478	0	-0.22453
SUV39H1	4	0.91104	0.91328	0.999995	903	1	-0.15095	0.60646	0.60592	0.999995	618	0	-0.15095
TBR1	4	0.91209	0.91431	0.999995	904	1	-0.17108	0.26599	0.26475	0.999995	269	0	-0.17108
ADARB1	4	0.91238	0.91464	0.999995	905	1	-0.075223	0.52094	0.51978	0.999995	543	0	-0.075223
DZIP1L	4	0.91268	0.91489	0.999995	906	1	0.052068	0.11002	0.11016	0.999995	98	0	0.052068
SHCBP1L	4	0.91342	0.91536	0.999995	907	1	-0.27969	0.80041	0.80062	0.999995	794	0	-0.27969
TYROBP	4	0.91401	0.91572	0.999995	908	1	-0.099942	0.45099	0.44972	0.999995	464	0	-0.099942
ATP6V1E2	4	0.91503	0.91666	0.999995	909	1	-0.18246	0.41852	0.41677	0.999995	426	0	-0.18246
KLF5	4	0.91546	0.91702	0.999995	910	1	-0.12505	0.16936	0.16913	0.999995	162	0	-0.12505
SCN10A	4	0.91618	0.9176	0.999995	911	1	-0.25424	0.28769	0.2863	0.999995	292	0	-0.25424
HRH1	4	0.9169	0.91815	0.999995	912	1	-0.014883	0.15968	0.15911	0.999995	153	0	-0.014883
FRS2	4	0.91761	0.91882	0.999995	913	1	-0.13998	0.071363	0.071946	0.999995	59	1	-0.13998
CYP2A6	4	0.92027	0.9212	0.999995	914	1	-0.11989	0.22109	0.22062	0.999995	217	0	-0.11989
CLCA1	4	0.92055	0.92148	0.999995	915	1	-0.23235	0.66844	0.66794	0.999995	676	0	-0.23235
RSPH1	4	0.92096	0.92177	0.999995	916	1	-0.082671	0.25643	0.2554	0.999995	260	0	-0.082671
LNX1	4	0.92274	0.92338	0.999995	917	1	-0.095481	0.45919	0.45779	0.999995	474	0	-0.095481
NKAPL	4	0.92314	0.92368	0.999995	918	1	-0.16705	0.3439	0.34345	0.999995	350	0	-0.16705
SNX6	4	0.92328	0.92376	0.999995	919	1	-0.20152	0.5878	0.58721	0.999995	604	0	-0.20152
OGDHL	4	0.92658	0.92653	0.999995	920	1	-0.080625	0.20101	0.20062	0.999995	194	0	-0.080625
DLL1	4	0.92749	0.92725	0.999995	921	1	-0.13383	0.16372	0.16318	0.999995	157	0	-0.13383
ATAD2B	4	0.92801	0.92773	0.999995	922	1	-0.15707	0.47473	0.47282	0.999995	494	0	-0.15707
GOLT1A	4	0.92826	0.92791	0.999995	923	1	-0.08405	0.35791	0.35705	0.999995	364	0	-0.08405
SBNO2	4	0.93054	0.93007	0.999995	924	1	-0.11471	0.31449	0.31364	0.999995	316	0	-0.11471
ZNF146	4	0.93066	0.93017	0.999995	925	1	-0.058433	0.0087371	0.012241	0.999995	9	1	-0.058433
CDK16	4	0.93116	0.93064	0.999995	926	1	0.036595	0.0013832	0.0030404	0.644554	5	2	0.036595
FRYL	4	0.93141	0.93083	0.999995	927	1	-0.078811	0.12931	0.12939	0.999995	118	0	-0.078811
JAG1	4	0.93165	0.93105	0.999995	928	1	-0.17638	0.64655	0.64604	0.999995	651	0	-0.17638
CHSY1	4	0.93178	0.93116	0.999995	929	1	-0.071186	0.3131	0.31212	0.999995	315	0	-0.071186
SUV39H2	3	0.93279	0.93217	0.999995	930	0	-0.10633	0.06795	0.067761	0.999995	56	1	-0.10633
EXOC6	4	0.93336	0.9327	0.999995	931	1	-0.086104	0.43913	0.43756	0.999995	449	0	-0.086104
RRAGD	4	0.93552	0.93494	0.999995	932	1	-0.23963	0.85029	0.85094	0.999995	840	0	-0.23963
STX17	4	0.93563	0.935	0.999995	933	1	-0.12382	0.10664	0.1071	0.999995	93	0	-0.12382
SPOPL	4	0.93622	0.93557	0.999995	934	1	-0.16071	0.06436	0.065211	0.999995	53	1	-0.16071
PHLDA1	4	0.93657	0.93584	0.999995	935	1	0.25864	3.907e-06	1.4011e-05	0.00495	3	2	0.25864
SEC14L3	4	0.93704	0.9363	0.999995	936	1	-0.027665	0.21264	0.21195	0.999995	207	0	-0.027665
TOMM20	3	0.93737	0.93665	0.999995	937	0	-0.084573	0.17819	0.17779	0.999995	172	0	-0.084573
PIP4P1	4	0.9375	0.93672	0.999995	938	1	-0.24042	0.14583	0.1454	0.999995	135	0	-0.24042
ARHGEF3	4	0.93762	0.93685	0.999995	939	0	-0.19573	0.80478	0.80483	0.999995	801	0	-0.19573
CDK19	8	0.9379	0.97504	0.999995	940	2	-0.17096	0.25055	0.24947	0.999995	257	0	-0.17096
LMBR1L	4	0.93865	0.93791	0.999995	941	0	-0.10716	0.36778	0.36681	0.999995	378	0	-0.10716
IDH3B	4	0.94	0.93938	0.999995	942	0	-0.17335	0.33511	0.33464	0.999995	338	0	-0.17335
TIRAP	4	0.94022	0.93958	0.999995	943	0	-0.14073	0.55657	0.55594	0.999995	575	0	-0.14073
PDLIM5	4	0.94056	0.93994	0.999995	944	0	-0.20353	0.20179	0.20141	0.999995	195	0	-0.20353
YIPF7	4	0.94199	0.94129	0.999995	945	0	-0.15694	0.51292	0.51141	0.999995	536	0	-0.15694
TNKS	4	0.94339	0.94265	0.999995	946	0	-0.21466	0.59674	0.59625	0.999995	609	0	-0.21466
TPBG	4	0.94424	0.94358	0.999995	947	0	-0.1793	0.3526	0.35204	0.999995	359	0	-0.1793
TAF9B	2	0.94447	0.94392	0.999995	948	0	-0.001304	0.15347	0.15381	0.999995	146	0	-0.001304
RSC1A1	4	0.94456	0.94378	0.999995	949	0	-0.079326	0.25421	0.25318	0.999995	259	0	-0.079326
ENOX2	4	0.9455	0.94491	0.999995	950	0	-0.11948	0.12848	0.12862	0.999995	117	0	-0.11948
AP2A2	4	0.94582	0.94533	0.999995	951	0	-0.22914	0.83864	0.83917	0.999995	830	0	-0.22914
ARID4A	4	0.94664	0.94609	0.999995	952	0	-0.14799	0.46614	0.46491	0.999995	481	0	-0.14799
KAT6B	4	0.94695	0.94637	0.999995	953	0	-0.22763	0.25124	0.2503	0.999995	258	0	-0.22763
DRD3	4	0.94776	0.9472	0.999995	954	0	-0.16396	0.28912	0.28785	0.999995	294	0	-0.16396
RAD17	3	0.94824	0.94771	0.999995	955	0	-0.1688	0.40038	0.39848	0.999995	411	0	-0.1688
MRGPRX2	4	0.95004	0.94962	0.999995	956	0	-0.12542	0.63064	0.63017	0.999995	638	0	-0.12542
SEC11A	4	0.95052	0.95019	0.999995	957	0	-0.14008	0.41235	0.41048	0.999995	422	0	-0.14008
NR2E1	4	0.95062	0.95028	0.999995	958	0	-0.088041	0.088698	0.088703	0.999995	78	1	-0.088041
HRH3	4	0.95081	0.95044	0.999995	959	0	-0.22071	0.42889	0.42717	0.999995	440	0	-0.22071
ATP7B	4	0.95262	0.95251	0.999995	960	0	-0.19992	0.19553	0.19566	0.999995	189	0	-0.19992
TTC7B	4	0.95327	0.95318	0.999995	961	0	-0.15096	0.16855	0.16827	0.999995	161	0	-0.15096
SATB1	4	0.95373	0.9536	0.999995	962	0	-0.094724	0.12013	0.12011	0.999995	109	0	-0.094724
GOLT1B	4	0.95438	0.95412	0.999995	963	0	-0.099589	0.13842	0.13832	0.999995	128	0	-0.099589
GSX2	4	0.95483	0.95466	0.999995	964	0	-0.10242	0.3859	0.38462	0.999995	395	0	-0.10242
CPS1	4	0.95546	0.95524	0.999995	965	0	-0.1222	0.567	0.56674	0.999995	582	0	-0.1222
FSD1L	4	0.95626	0.95604	0.999995	966	0	-0.18098	0.10579	0.10627	0.999995	92	0	-0.18098
MAT1A	4	0.95679	0.95651	0.999995	967	0	-0.18835	0.75415	0.75415	0.999995	747	0	-0.18835
POU5F2	4	0.95696	0.95674	0.999995	968	0	-0.047012	0.17096	0.17072	0.999995	164	0	-0.047012
SHMT2	4	0.95713	0.95694	0.999995	969	0	-0.17882	0.085251	0.085256	0.999995	74	1	-0.17882
STAM2	4	0.95808	0.95781	0.999995	970	0	0.11651	0.092136	0.092187	0.999995	81	1	0.11651
MPC1	4	0.95851	0.95826	0.999995	971	0	-0.23648	0.75026	0.75035	0.999995	739	0	-0.23648
FRY	4	0.95859	0.95834	0.999995	972	0	-0.032166	0.51238	0.51095	0.999995	535	0	-0.032166
ZNF521	4	0.95985	0.95948	0.999995	973	0	-0.14802	0.087837	0.087871	0.999995	77	1	-0.14802
CLTCL1	4	0.96091	0.96059	0.999995	974	0	-0.12179	0.26818	0.26703	0.999995	271	0	-0.12179
LDB2	4	0.96132	0.96105	0.999995	975	0	-0.1996	0.71098	0.71044	0.999995	719	0	-0.1996
LIF	4	0.96188	0.9617	0.999995	976	0	-0.19252	0.11171	0.11201	0.999995	100	0	-0.19252
KRT37	4	0.96243	0.96228	0.999995	977	0	-0.22081	0.67762	0.67699	0.999995	685	0	-0.22081
PDS5B	4	0.96375	0.9636	0.999995	978	0	-0.20545	0.54082	0.53959	0.999995	565	0	-0.20545
TMEM30B	4	0.96421	0.96403	0.999995	979	0	-0.19483	0.36319	0.36204	0.999995	371	0	-0.19483
UBQLN3	4	0.96429	0.96411	0.999995	980	0	-0.11915	0.69841	0.69811	0.999995	706	0	-0.11915
ZDHHC17	4	0.96444	0.96427	0.999995	981	0	-0.08903	0.45569	0.45441	0.999995	470	0	-0.08903
CHM	4	0.96459	0.96442	0.999995	982	0	-0.069644	0.098982	0.098949	0.999995	87	1	-0.069644
TAF1L	3	0.96474	0.9642	0.999995	983	0	0.091779	0.14683	0.14706	0.999995	137	0	0.091779
ITSN1	4	0.96571	0.96586	0.999995	984	0	-0.2398	0.58494	0.58456	0.999995	600	0	-0.2398
NBEAL1	4	0.966	0.96613	0.999995	985	0	-0.091677	0.1376	0.13761	0.999995	127	0	-0.091677
NCK1	4	0.96622	0.96632	0.999995	986	0	-0.14452	0.38718	0.38567	0.999995	396	0	-0.14452
ZNF260	4	0.96694	0.96701	0.999995	987	0	0.027464	0.26964	0.2685	0.999995	273	0	0.027464
FAM126B	4	0.96715	0.96728	0.999995	988	0	-0.17651	0.477	0.47498	0.999995	496	0	-0.17651
GPR183	4	0.96751	0.96769	0.999995	989	0	-0.046287	0.33715	0.3365	0.999995	341	0	-0.046287
ARFIP1	4	0.96765	0.96781	0.999995	990	0	-0.14882	0.34457	0.34405	0.999995	351	0	-0.14882
SLC25A2	4	0.96786	0.96796	0.999995	991	0	-0.11875	0.64016	0.6393	0.999995	648	0	-0.11875
IAPP	4	0.96821	0.96837	0.999995	992	0	-0.24526	0.33239	0.3318	0.999995	334	0	-0.24526
TLN2	4	0.96855	0.96874	0.999995	993	0	-0.092704	0.22947	0.22899	0.999995	228	0	-0.092704
AMELX	4	0.96862	0.96882	0.999995	994	0	-0.14371	0.40175	0.39973	0.999995	412	0	-0.14371
HMSD	4	0.96876	0.96903	0.999995	995	0	-0.043173	0.20955	0.20895	0.999995	204	0	-0.043173
FKBP5	4	0.96903	0.96929	0.999995	996	0	-0.1662	0.28483	0.28355	0.999995	288	0	-0.1662
CLIP4	4	0.9691	0.96936	0.999995	997	0	-0.019283	0.29411	0.29291	0.999995	300	0	-0.019283
CDK17	4	0.96917	0.96942	0.999995	998	0	0.052675	0.17176	0.17149	0.999995	165	0	0.052675
RC3H1	4	0.96971	0.96995	0.999995	999	0	-0.088075	0.21879	0.21817	0.999995	215	0	-0.088075
AIPL1	4	0.97031	0.97054	0.999995	1000	0	-0.10436	0.33443	0.3339	0.999995	336	0	-0.10436
CTCFL	4	0.9709	0.97104	0.999995	1001	0	-0.14155	0.48322	0.48135	0.999995	502	0	-0.14155
ZDHHC13	4	0.97141	0.97161	0.999995	1002	0	-0.09746	0.040433	0.042392	0.999995	33	1	-0.09746
HTR3D	4	0.97154	0.97174	0.999995	1003	0	-0.15283	0.62845	0.62814	0.999995	637	0	-0.15283
ERH	4	0.9718	0.97205	0.999995	1004	0	-0.060398	0.51614	0.51478	0.999995	538	0	-0.060398
KCNG4	4	0.97205	0.97235	0.999995	1005	0	-0.24184	0.66642	0.66565	0.999995	675	0	-0.24184
RTP1	4	0.97255	0.97285	0.999995	1006	0	-0.16535	0.51881	0.51756	0.999995	540	0	-0.16535
RAP1GAP2	4	0.97353	0.97383	0.999995	1007	0	-0.14314	0.61869	0.61795	0.999995	628	0	-0.14314
PPP3R1	4	0.97359	0.97389	0.999995	1008	0	-0.040179	0.49713	0.49515	0.999995	516	0	-0.040179
TPRX1	4	0.97377	0.97412	0.999995	1009	0	-0.11626	0.47757	0.47553	0.999995	497	0	-0.11626
SMC1B	4	0.97507	0.9753	0.999995	1010	0	-0.066643	0.2049	0.20442	0.999995	198	0	-0.066643
TXNDC8	4	0.97536	0.97565	0.999995	1011	0	0.089863	0.038643	0.040683	0.999995	32	1	0.089863
SUSD1	4	0.97553	0.97587	0.999995	1012	0	-0.14752	0.0078201	0.011438	0.999995	7	1	-0.14752
TCF12	4	0.97704	0.9772	0.999995	1013	0	-0.12667	0.033256	0.035602	0.999995	27	1	-0.12667
DCAF4L2	4	0.97709	0.97723	0.999995	1014	0	-0.03485	0.36713	0.36598	0.999995	377	0	-0.03485
ITSN2	4	0.97715	0.97729	0.999995	1015	0	-0.12751	0.18925	0.18956	0.999995	183	0	-0.12751
PPP3CA	4	0.9772	0.97738	0.999995	1016	0	-0.12368	0.27545	0.27422	0.999995	279	0	-0.12368
CLASP2	4	0.97779	0.97804	0.999995	1017	0	-0.10045	0.44508	0.4438	0.999995	456	0	-0.10045
DENND5B	4	0.97795	0.97819	0.999995	1018	0	-0.061151	0.03685	0.038973	0.999995	30	1	-0.061151
DGAT2L6	4	0.97832	0.97852	0.999995	1019	0	-0.13036	0.3486	0.348	0.999995	355	0	-0.13036
FLNB	4	0.97894	0.97915	0.999995	1020	0	-0.15661	0.45744	0.45595	0.999995	472	0	-0.15661
FAM50B	4	0.97984	0.98002	0.999995	1021	0	-0.12738	0.44982	0.4485	0.999995	463	0	-0.12738
IL6ST	4	0.98023	0.98045	0.999995	1022	0	-0.067686	0.15725	0.15663	0.999995	150	0	-0.067686
VANGL1	4	0.98042	0.98069	0.999995	1023	0	-0.1138	0.46035	0.45889	0.999995	475	0	-0.1138
IPO8	4	0.98119	0.98158	0.999995	1024	0	-0.066413	0.22185	0.22139	0.999995	219	0	-0.066413
LIMK2	4	0.98128	0.98168	0.999995	1025	0	-0.15722	0.097274	0.09709	0.999995	85	1	-0.15722
RPRD1B	4	0.98147	0.98182	0.999995	1026	0	-0.12427	0.43853	0.43692	0.999995	448	0	-0.12427
SEC31A	4	0.98179	0.98222	0.999995	1027	0	-0.084898	0.44211	0.44063	0.999995	453	0	-0.084898
PRKAB1	4	0.9838	0.98417	0.999995	1028	0	-0.17701	0.36253	0.36146	0.999995	370	0	-0.17701
NSDHL	4	0.98384	0.98421	0.999995	1029	0	-0.16329	0.10748	0.10793	0.999995	94	0	-0.16329
MECOM	4	0.98526	0.98564	0.999995	1030	0	-0.094624	0.023323	0.026027	0.999995	19	1	-0.094624
RBBP7	4	0.98661	0.987	0.999995	1031	0	-0.042431	0.041327	0.043261	0.999995	34	1	-0.042431
ATP6V1E1	3	0.98668	0.98667	0.999995	1032	0	-0.074191	0.4213	0.41969	0.999995	430	0	-0.074191
CYP2C8	4	0.98722	0.9877	0.999995	1033	0	0.043795	0.080061	0.080315	0.999995	69	1	0.043795
TMEM185A	4	0.98811	0.98855	0.999995	1034	0	-0.0054383	0.17656	0.17615	0.999995	170	0	-0.0054383
RANBP6	3	0.98846	0.98851	0.999995	1035	0	-0.037866	0.3235	0.32175	0.999995	325	0	-0.037866
SAR1B	4	0.98914	0.98954	0.999995	1036	0	0.027735	0.34053	0.34009	0.999995	345	0	0.027735
CNOT6L	4	0.98926	0.98966	0.999995	1037	0	-0.093986	0.2934	0.29212	0.999995	299	0	-0.093986
HTR2C	4	0.98929	0.98968	0.999995	1038	0	-0.14404	0.035054	0.037171	0.999995	28	1	-0.14404
RIC8B	4	0.98969	0.99013	0.999995	1039	0	-0.031247	0.14992	0.14969	0.999995	141	0	-0.031247
MAP4K4	4	0.99064	0.99114	0.999995	1040	0	0.13901	0.13595	0.13605	0.999995	125	0	0.13901
GYS2	4	0.99118	0.99164	0.999995	1041	0	-0.1232	0.13925	0.13904	0.999995	129	0	-0.1232
SPTLC3	4	0.99147	0.99192	0.999995	1042	0	-0.086752	0.25864	0.25751	0.999995	262	0	-0.086752
PLD2	4	0.99281	0.99307	0.999995	1043	0	-0.0083435	0.13677	0.13697	0.999995	126	0	-0.0083435
CTNNB1	4	0.9939	0.99421	0.999995	1044	0	0.022681	0.14828	0.14813	0.999995	139	0	0.022681
SLC35F4	4	0.99398	0.99431	0.999995	1045	0	-0.0054253	0.21802	0.21732	0.999995	214	0	-0.0054253
ANXA1	4	0.9942	0.99447	0.999995	1046	0	-0.06648	0.56007	0.55962	0.999995	577	0	-0.06648
NXT2	4	0.99425	0.99453	0.999995	1047	0	-0.041413	0.27762	0.27655	0.999995	283	0	-0.041413
FEZ1	4	0.99452	0.99476	0.999995	1048	0	-0.012986	0.11424	0.11437	0.999995	102	0	-0.012986
MPC1L	4	0.99589	0.99606	0.999995	1049	0	0.029897	0.19866	0.19855	0.999995	192	0	0.029897
ALAS1	8	0.99636	0.99649	0.999995	1050	0	-0.040079	0.64658	0.64714	0.999995	652	0	-0.040079
DYNLRB2	4	0.99674	0.99677	0.999995	1051	0	-0.041285	0.23703	0.23645	0.999995	236	0	-0.041285
NCBP2L	4	0.99688	0.99691	0.999995	1052	0	0.06669	0.0582	0.058944	0.999995	49	1	0.06669
RANBP17	4	0.99704	0.99705	0.999995	1053	0	-0.056444	0.094707	0.094466	0.999995	82	1	-0.056444
G3BP2	4	0.99793	0.99803	0.999995	1054	0	-0.046622	0.3704	0.36951	0.999995	381	0	-0.046622
GPR50	4	0.99807	0.99817	0.999995	1055	0	0.036131	0.057318	0.05801	0.999995	48	1	0.036131
RC3H2	4	0.99883	0.99899	0.999995	1056	0	0.22132	0.00096676	0.002153	0.570545	4	2	0.22132
ARHGEF6	4	0.99983	0.99986	0.999995	1057	0	0.10207	0.067867	0.068546	0.999995	55	1	0.10207
TP53	4	0.99983	0.99986	0.999995	1058	0	0.16489	0.010569	0.014044	0.999995	11	1	0.16489
safe_control	74	0.99996	1.0	0.999995	1059	7	-0.021173	5.9684e-13	4.6703e-06	0.002475	1	18	-0.021173
ATP7A	4	1.0	1.0	0.999995	1060	0	0.57363	4.4709e-09	4.6703e-06	0.002475	2	4	0.57363
