id	num	neg|score	neg|p-value	neg|fdr	neg|rank	neg|goodsgrna	neg|lfc	pos|score	pos|p-value	pos|fdr	pos|rank	pos|goodsgrna	pos|lfc
RRM1	16	1.8211e-14	4.6703e-06	0.00013	1	16	-1.9098	1.0	1.0	0.999995	1060	0	-1.9098
NAE1	16	4.5107e-13	4.6703e-06	0.00013	2	15	-0.93361	0.99951	0.99954	0.999995	977	0	-0.93361
MYC	16	1.1589e-11	4.6703e-06	0.00013	3	16	-0.95657	1.0	1.0	0.999995	1059	0	-0.95657
PRPF8	8	1.8206e-11	4.6703e-06	0.00013	4	8	-1.3947	1.0	1.0	0.999995	1058	0	-1.3947
CKAP5	16	5.6939e-10	4.6703e-06	0.00013	5	16	-1.1566	1.0	1.0	0.999995	1056	0	-1.1566
MED18	16	6.0712e-10	4.6703e-06	0.00013	6	14	-1.166	0.97611	0.97657	0.999995	904	0	-1.166
BUB3	8	6.5829e-10	4.6703e-06	0.00013	7	8	-1.3727	1.0	1.0	0.999995	1057	0	-1.3727
CDIPT	8	8.4789e-10	4.6703e-06	0.00013	8	7	-1.4988	0.80288	0.80283	0.999995	722	0	-1.4988
MTG2	8	2.3867e-09	4.6703e-06	0.00013	9	8	-1.1177	1.0	1.0	0.999995	1055	0	-1.1177
KIF11	8	2.7303e-09	4.6703e-06	0.00013	10	8	-1.6087	1.0	1.0	0.999995	1054	0	-1.6087
TOP2A	8	4.4045e-09	4.6703e-06	0.00013	11	8	-1.3006	1.0	1.0	0.999995	1053	0	-1.3006
TOMM40	14	5.7649e-09	4.6703e-06	0.00013	12	12	-1.1542	0.51765	0.51787	0.999995	515	0	-1.1542
RPS19	8	1.1836e-08	4.6703e-06	0.00013	13	8	-1.3068	1.0	1.0	0.999995	1052	0	-1.3068
COX6B1	16	1.5414e-08	4.6703e-06	0.00013	14	14	-1.1041	0.99364	0.99429	0.999995	938	0	-1.1041
MRPL38	8	1.6044e-08	4.6703e-06	0.00013	15	8	-0.93574	1.0	1.0	0.999995	1051	0	-0.93574
RPL3	14	2.7864e-08	4.6703e-06	0.00013	16	12	-1.0218	0.98795	0.98822	0.999995	921	0	-1.0218
POLR2L	8	5.3463e-08	4.6703e-06	0.00013	17	8	-1.5096	1.0	1.0	0.999995	1050	0	-1.5096
PPP4C	8	5.4226e-08	4.6703e-06	0.00013	18	8	-1.2739	1.0	1.0	0.999995	1025	0	-1.2739
SF3B1	8	6.4802e-08	4.6703e-06	0.00013	19	7	-1.1213	0.99804	0.99802	0.999995	958	0	-1.1213
RIC8A	8	7.9573e-08	4.6703e-06	0.00013	20	8	-0.85837	1.0	1.0	0.999995	1049	0	-0.85837
NAA10	8	8.2082e-08	4.6703e-06	0.00013	21	8	-1.2971	1.0	1.0	0.999995	1048	0	-1.2971
PRKDC	16	1.6031e-07	1.4011e-05	0.000345	22	15	-0.46938	0.99605	0.99666	0.999995	946	0	-0.46938
ATP5F1B	8	1.6907e-07	4.6703e-06	0.00013	23	8	-1.1332	1.0	1.0	0.999995	1047	0	-1.1332
MRPL41	8	1.828e-07	4.6703e-06	0.00013	24	8	-1.3492	1.0	1.0	0.999995	1046	0	-1.3492
COPA	8	2.344e-07	4.6703e-06	0.00013	25	8	-1.3525	1.0	1.0	0.999995	1045	0	-1.3525
SF3B3	8	2.4953e-07	4.6703e-06	0.00013	26	8	-1.2417	1.0	1.0	0.999995	1044	0	-1.2417
SMC1A	8	2.5109e-07	4.6703e-06	0.00013	27	8	-0.86252	1.0	1.0	0.999995	1043	0	-0.86252
CDK7	7	2.5204e-07	4.6703e-06	0.00013	28	7	-1.3745	1.0	1.0	0.999995	1042	0	-1.3745
BAP1	8	3.4897e-07	4.6703e-06	0.00013	29	8	-0.5333	1.0	1.0	0.999995	1041	0	-0.5333
UQCRC1	8	3.5316e-07	4.6703e-06	0.00013	30	8	-0.8236	1.0	1.0	0.999995	1040	0	-0.8236
HMGCS1	7	4.6607e-07	4.6703e-06	0.00013	31	7	-1.1335	1.0	1.0	0.999995	1039	0	-1.1335
ELL	8	4.8985e-07	4.6703e-06	0.00013	32	8	-0.83899	1.0	1.0	0.999995	1038	0	-0.83899
RPP21	8	6.0374e-07	4.6703e-06	0.00013	33	8	-1.3984	1.0	1.0	0.999995	1037	0	-1.3984
TRAPPC3	8	6.4272e-07	4.6703e-06	0.00013	34	7	-0.94448	0.99349	0.9934	0.999995	936	0	-0.94448
RPL8	8	8.6986e-07	4.6703e-06	0.00013	35	8	-1.6963	1.0	1.0	0.999995	1036	0	-1.6963
CTR9	8	8.8497e-07	4.6703e-06	0.00013	36	8	-1.0728	0.99999	1.0	0.999995	1011	0	-1.0728
MED20	8	1.0514e-06	4.6703e-06	0.00013	37	8	-1.0014	1.0	1.0	0.999995	1035	0	-1.0014
LONP1	8	1.1657e-06	4.6703e-06	0.00013	38	7	-1.3043	0.59355	0.59391	0.999995	543	0	-1.3043
INTS6	6	1.3342e-06	4.6703e-06	0.00013	39	6	-1.4037	1.0	1.0	0.999995	1034	0	-1.4037
CCND1	8	1.3378e-06	1.4011e-05	0.000345	40	8	-0.6095	1.0	1.0	0.999995	1033	0	-0.6095
VCP	8	1.5523e-06	1.4011e-05	0.000345	41	7	-1.3691	0.98682	0.98667	0.999995	918	0	-1.3691
GAPDH	8	1.7522e-06	1.4011e-05	0.000345	42	7	-1.2272	0.99662	0.99652	0.999995	953	0	-1.2272
NDUFB4	8	1.8997e-06	1.4011e-05	0.000345	43	8	-1.1311	1.0	1.0	0.999995	1032	0	-1.1311
ATP5F1A	8	2.3743e-06	2.3351e-05	0.000563	44	8	-1.0428	1.0	1.0	0.999995	1024	0	-1.0428
RPS5	8	2.8051e-06	3.2692e-05	0.000693	45	8	-1.2433	0.99945	0.99933	0.999995	975	0	-1.2433
EIF3B	8	2.9281e-06	3.2692e-05	0.000693	46	8	-1.0825	1.0	1.0	0.999995	1031	0	-1.0825
ATP6V1B2	8	3.0509e-06	3.2692e-05	0.000693	47	8	-0.84272	1.0	1.0	0.999995	1030	0	-0.84272
CLTC	8	3.0648e-06	3.2692e-05	0.000693	48	8	-0.98419	1.0	1.0	0.999995	1029	0	-0.98419
XAB2	8	3.5189e-06	4.2033e-05	0.000743	49	8	-1.134	0.99997	0.99999	0.999995	1005	0	-1.134
AHCYL1	8	3.6788e-06	4.2033e-05	0.000743	50	8	-0.84186	0.99998	1.0	0.999995	1009	0	-0.84186
MTHFD1	8	3.8359e-06	4.2033e-05	0.000743	51	8	-0.63591	1.0	1.0	0.999995	1028	0	-0.63591
RPL36	8	3.8872e-06	4.2033e-05	0.000743	52	8	-0.80383	1.0	1.0	0.999995	1027	0	-0.80383
TUFM	7	4.1006e-06	3.2692e-05	0.000693	53	7	-1.2467	1.0	1.0	0.999995	1026	0	-1.2467
COX4I1	8	4.2224e-06	4.2033e-05	0.000743	54	8	-0.92168	0.99989	0.99986	0.999995	995	0	-0.92168
ATR	8	4.7375e-06	4.2033e-05	0.000743	55	6	-0.80415	0.59777	0.5982	0.999995	546	0	-0.80415
MED8	8	4.8919e-06	4.2033e-05	0.000743	56	7	-1.0549	0.95923	0.95849	0.999995	873	0	-1.0549
ISCA2	8	5.0118e-06	4.2033e-05	0.000743	57	8	-0.89445	0.99932	0.99922	0.999995	971	0	-0.89445
RPL13	6	6.8304e-06	3.2692e-05	0.000693	58	6	-1.4014	0.99999	1.0	0.999995	1023	0	-1.4014
RPL11	7	6.9706e-06	4.2033e-05	0.000743	59	7	-1.4984	0.99999	1.0	0.999995	1022	0	-1.4984
NKAP	8	7.0536e-06	5.1373e-05	0.000801	60	8	-0.72302	0.99999	1.0	0.999995	1021	0	-0.72302
MAT2A	8	7.1409e-06	5.1373e-05	0.000801	61	8	-0.62834	0.99999	1.0	0.999995	1020	0	-0.62834
BUB1B	8	7.4687e-06	5.1373e-05	0.000801	62	7	-0.81532	0.99494	0.99492	0.999995	944	0	-0.81532
ATP6V1C1	8	7.9376e-06	5.1373e-05	0.000801	63	8	-0.70383	0.99999	1.0	0.999995	1019	0	-0.70383
RRM2	7	8.2931e-06	5.1373e-05	0.000801	64	6	-0.76502	0.97479	0.97472	0.999995	902	0	-0.76502
PSMB3	7	8.4529e-06	5.1373e-05	0.000801	65	7	-1.2647	0.99999	1.0	0.999995	1018	0	-1.2647
TNPO1	6	8.6283e-06	4.2033e-05	0.000743	66	6	-0.88612	0.99999	1.0	0.999995	1017	0	-0.88612
CPSF3	8	8.9526e-06	6.0714e-05	0.000882	67	8	-1.0873	0.99999	1.0	0.999995	1016	0	-1.0873
VMP1	8	9.6045e-06	6.0714e-05	0.000882	68	8	-0.95547	0.99998	1.0	0.999995	1007	0	-0.95547
ATP6V1D	8	9.6573e-06	6.0714e-05	0.000882	69	7	-0.81416	0.34073	0.34073	0.704041	377	0	-0.81416
SF1	8	9.871e-06	7.0054e-05	0.00099	70	8	-1.0785	0.99998	1.0	0.999995	1010	0	-1.0785
CLNS1A	7	1.0284e-05	5.1373e-05	0.000801	71	7	-1.3323	0.99999	1.0	0.999995	1015	0	-1.3323
CCT6A	7	1.0376e-05	5.1373e-05	0.000801	72	6	-1.1481	0.9791	0.97934	0.999995	907	0	-1.1481
RPS23	6	1.0405e-05	6.0714e-05	0.000882	73	6	-1.3065	0.99999	0.99999	0.999995	1014	0	-1.3065
CHORDC1	6	1.2271e-05	7.0054e-05	0.00099	74	6	-1.317	0.99992	0.99995	0.999995	997	0	-1.317
ALDOA	8	1.2506e-05	0.00010742	0.001498	75	8	-1.0277	0.99988	0.99985	0.999995	994	0	-1.0277
NMT1	8	1.3816e-05	0.0001261	0.001714	76	8	-0.50272	0.99999	1.0	0.999995	1013	0	-0.50272
XRCC6	7	1.4168e-05	6.0714e-05	0.000882	77	7	-0.82733	0.99999	1.0	0.999995	1012	0	-0.82733
AKIRIN2	8	1.4244e-05	0.0001261	0.001714	78	8	-0.68618	0.99992	0.9999	0.999995	996	0	-0.68618
RPA1	8	1.4466e-05	0.00013544	0.001795	79	8	-0.97428	0.99994	0.99995	0.999995	999	0	-0.97428
KIF4A	8	1.6437e-05	0.00014478	0.001895	80	8	-0.80707	0.99975	0.99969	0.999995	981	0	-0.80707
STT3B	8	1.7525e-05	0.00015412	0.001992	81	8	-0.8681	0.99998	1.0	0.999995	1008	0	-0.8681
TUBB	6	2.1752e-05	0.00013544	0.001795	82	5	-1.6234	0.93389	0.9347	0.999995	839	0	-1.6234
FAM50A	8	2.192e-05	0.00019148	0.002445	83	8	-0.59746	0.99998	0.99999	0.999995	1006	0	-0.59746
SPTLC2	8	2.4473e-05	0.00021016	0.002621	84	7	-1.1589	0.99569	0.99557	0.999995	945	0	-1.1589
PAF1	8	2.4585e-05	0.00021016	0.002621	85	8	-0.51611	0.99984	0.99976	0.999995	986	0	-0.51611
CDS2	8	2.8585e-05	0.00025687	0.003166	86	7	-0.81716	0.96792	0.96728	0.999995	889	0	-0.81716
ACTL6A	8	3.036e-05	0.00026621	0.003243	87	7	-1.3139	0.34073	0.34073	0.704041	346	0	-1.3139
HSCB	8	3.2368e-05	0.00029423	0.003544	88	7	-1.0199	0.99811	0.99806	0.999995	959	0	-1.0199
TAMM41	8	3.3841e-05	0.00030357	0.003616	89	7	-1.0678	0.93566	0.93492	0.999995	840	0	-1.0678
ZNF407	8	3.4976e-05	0.00031291	0.003685	90	7	-0.69127	0.95889	0.95808	0.999995	871	0	-0.69127
ATP7A	8	3.9672e-05	0.00033159	0.003862	91	8	-0.44218	0.99996	0.99996	0.999995	1004	0	-0.44218
PPP2R1A	8	4.0531e-05	0.00034093	0.003886	92	7	-1.0971	0.98766	0.98754	0.999995	920	0	-1.0971
TIMM10	8	4.0546e-05	0.00034093	0.003886	93	8	-1.0871	0.99984	0.99975	0.999995	985	0	-1.0871
GTF3C1	8	4.3104e-05	0.00035961	0.004055	94	7	-0.65789	0.99109	0.99085	0.999995	930	0	-0.65789
PMM1	8	4.4211e-05	0.00037829	0.004221	95	8	-0.45377	0.99996	0.99995	0.999995	1003	0	-0.45377
CCNL1	8	4.5822e-05	0.00038763	0.00428	96	8	-0.43212	0.99995	0.99995	0.999995	1002	0	-0.43212
SIN3A	8	4.8102e-05	0.00039697	0.004338	97	8	-0.70163	0.99995	0.99995	0.999995	1001	0	-0.70163
POLR2F	8	5.3079e-05	0.00044368	0.004703	98	6	-1.0143	0.9832	0.98292	0.999995	911	0	-1.0143
MED23	8	5.381e-05	0.00045302	0.004708	99	8	-0.66943	0.99995	0.99995	0.999995	1000	0	-0.66943
ABT1	8	5.5295e-05	0.00045302	0.004708	100	7	-0.60126	0.86707	0.86651	0.999995	786	0	-0.60126
EIF3L	8	5.8609e-05	0.0004717	0.004854	101	8	-0.57451	0.99994	0.99994	0.999995	998	0	-0.57451
FARS2	8	6.2154e-05	0.00048104	0.004903	102	7	-0.82575	0.99636	0.99627	0.999995	950	0	-0.82575
RAN	7	7.1623e-05	0.00041565	0.004496	103	6	-1.1478	0.91302	0.91185	0.999995	823	0	-1.1478
DYNLRB1	7	7.6614e-05	0.00044368	0.004703	104	7	-0.75742	0.99986	0.9999	0.999995	991	0	-0.75742
INCENP	8	7.7125e-05	0.00058378	0.005838	105	7	-0.93185	0.34073	0.34073	0.704041	392	0	-0.93185
WDR12	8	7.9313e-05	0.00059313	0.005876	106	7	-0.93661	0.779	0.77886	0.999995	698	0	-0.93661
SOD1	8	8.6878e-05	0.00064917	0.006371	107	8	-1.087	0.9998	0.99972	0.999995	983	0	-1.087
MRPL27	8	0.00010188	0.00073323	0.00694	108	8	-0.42603	0.99966	0.99956	0.999995	980	0	-0.42603
TACC3	8	0.00010881	0.00075191	0.006956	109	7	-0.81504	0.65142	0.6521	0.999995	591	0	-0.81504
SEPHS1	7	0.00011061	0.00055576	0.005611	110	6	-0.71616	0.98323	0.98321	0.999995	912	0	-0.71616
TRRAP	8	0.00011249	0.00076126	0.006956	111	8	-1.1677	0.99986	0.99978	0.999995	989	0	-1.1677
PRPF38A	8	0.00011267	0.00076126	0.006956	112	7	-1.2384	0.34073	0.34073	0.704041	126	0	-1.2384
GFM1	8	0.0001144	0.00076126	0.006956	113	7	-0.82078	0.34073	0.34073	0.704041	501	0	-0.82078
RPS3	6	0.00011631	0.00066785	0.006495	114	5	-1.2293	0.60507	0.60623	0.999995	551	0	-1.2293
RNF20	8	0.00011637	0.00077994	0.007066	115	8	-0.6472	0.99886	0.99887	0.999995	967	0	-0.6472
SF3B2	8	0.00012155	0.00079862	0.007174	116	8	-0.8227	0.99986	0.99979	0.999995	990	0	-0.8227
DHX9	6	0.00012317	0.00068653	0.006616	117	6	-0.79447	0.99988	0.99991	0.999995	993	0	-0.79447
EP300	8	0.00013063	0.00082664	0.007263	118	7	-0.62485	0.83303	0.83281	0.999995	755	0	-0.62485
CCND3	8	0.00013182	0.00083598	0.007263	119	8	-0.36715	0.99987	0.99981	0.999995	992	0	-0.36715
NDUFC1	8	0.00013208	0.00083598	0.007263	120	7	-0.58792	0.97971	0.97927	0.999995	908	0	-0.58792
RPL10A	7	0.00013399	0.00070521	0.006734	121	6	-1.1328	0.87749	0.87672	0.999995	799	0	-1.1328
INTS2	8	0.00014527	0.00090136	0.007768	122	8	-0.5467	0.99984	0.99976	0.999995	987	0	-0.5467
RPL14	6	0.00014791	0.00083598	0.007263	123	5	-1.4541	0.9745	0.97447	0.999995	901	0	-1.4541
MED12	8	0.00015564	0.0010041	0.008584	124	8	-0.61806	0.99984	0.99977	0.999995	988	0	-0.61806
CDK2	8	0.00015842	0.0010135	0.008594	125	7	-0.76046	0.99655	0.99646	0.999995	952	0	-0.76046
STT3A	8	0.00017148	0.0011162	0.00939	126	8	-0.51446	0.99983	0.99974	0.999995	984	0	-0.51446
RFC2	8	0.00017834	0.0011629	0.009706	127	6	-0.9511	0.84796	0.84775	0.999995	767	0	-0.9511
ATP5PB	8	0.00019195	0.001247	0.010246	128	7	-0.75882	0.98887	0.98861	0.999995	924	0	-0.75882
RPS11	7	0.00020932	0.0012189	0.010094	129	7	-1.977	0.99979	0.99983	0.999995	982	0	-1.977
RNF113A	8	0.00021413	0.0013217	0.010777	130	7	-0.65635	0.95655	0.95559	0.999995	866	0	-0.65635
HNRNPH1	8	0.00025269	0.0015552	0.012584	131	7	-0.66839	0.84939	0.84931	0.999995	769	0	-0.66839
PSMA2	8	0.00027001	0.001742	0.013989	132	6	-1.1783	0.34073	0.34073	0.704041	122	0	-1.1783
ILF3	8	0.00033123	0.0022651	0.018053	133	6	-0.76985	0.68475	0.68541	0.999995	625	0	-0.76985
PDCD6IP	8	0.00033672	0.0023118	0.018287	134	7	-0.44999	0.75643	0.75623	0.999995	677	0	-0.44999
PMPCB	8	0.00034817	0.0024052	0.018885	135	7	-0.9755	0.82162	0.82152	0.999995	740	0	-0.9755
LSM4	8	0.00036752	0.0024893	0.01926	136	7	-1.3043	0.99336	0.9933	0.999995	935	0	-1.3043
SAR1A	16	0.00037589	0.0036381	0.025605	137	12	-0.34716	0.56536	0.5633	0.999995	524	0	-0.34716
RHOT2	8	0.00040838	0.0027601	0.021049	138	8	-0.27926	0.99959	0.99949	0.999995	979	0	-0.27926
CRKL	8	0.00045264	0.0029936	0.022666	139	8	-0.83045	0.99877	0.99875	0.999995	965	0	-0.83045
SHMT1	7	0.0004623	0.0026387	0.020268	140	7	-0.34843	0.99954	0.99958	0.999995	978	0	-0.34843
SNRPD2	6	0.00047214	0.0024799	0.01926	141	5	-1.3189	0.97492	0.97475	0.999995	903	0	-1.3189
MED26	8	0.00047631	0.003059	0.022997	142	7	-0.76836	0.9624	0.96171	0.999995	877	0	-0.76836
POLR2A	8	0.00049129	0.0030964	0.023114	143	7	-0.93471	0.99044	0.99023	0.999995	929	0	-0.93471
YIF1A	8	0.00050241	0.0031524	0.023368	144	8	-0.43649	0.9995	0.99941	0.999995	976	0	-0.43649
SF3A1	8	0.00051234	0.0032272	0.023756	145	7	-0.7214	0.86959	0.86903	0.999995	789	0	-0.7214
POLR2B	8	0.00056824	0.0035914	0.025605	146	7	-1.2867	0.34073	0.34073	0.704041	140	0	-1.2867
CAND1	8	0.00057503	0.0036381	0.025605	147	7	-0.69765	0.34073	0.34073	0.704041	364	0	-0.69765
SOX9	8	0.00057833	0.0036475	0.025605	148	8	-0.22117	0.99942	0.99929	0.999995	974	0	-0.22117
EPC2	8	0.00057841	0.0036475	0.025605	149	7	-0.60788	0.8263	0.8261	0.999995	747	0	-0.60788
NAA15	8	0.00059891	0.0037316	0.026023	150	6	-0.96712	0.34073	0.34073	0.704041	80	0	-0.96712
RNF40	8	0.00062502	0.003881	0.026888	151	8	-0.56444	0.99937	0.99924	0.999995	973	0	-0.56444
ATP5F1D	8	0.00063828	0.0039557	0.027052	152	6	-1.0286	0.98994	0.98981	0.999995	928	0	-1.0286
PSMB6	8	0.00063832	0.0039557	0.027052	153	8	-0.62704	0.99936	0.99923	0.999995	972	0	-0.62704
SF3B5	8	0.00067899	0.0041425	0.027969	154	7	-0.8729	0.99812	0.99807	0.999995	960	0	-0.8729
PKM	6	0.00068604	0.0036101	0.025605	155	5	-0.66198	0.26836	0.26743	0.704041	5	0	-0.66198
KPNA2	7	0.00069942	0.0041145	0.027958	156	6	-0.47267	0.65129	0.65013	0.999995	590	0	-0.47267
RPS8	5	0.00072853	0.0033766	0.024684	157	5	-1.809	0.99876	0.99877	0.999995	964	0	-1.809
RBBP4	7	0.00072936	0.00432	0.028982	158	6	-1.1575	0.82676	0.82516	0.999995	749	0	-1.1575
SNRPD3	8	0.00076207	0.0046469	0.030718	159	6	-1.3156	0.98946	0.98919	0.999995	927	0	-1.3156
PTTG1	7	0.00080224	0.0046656	0.030718	160	7	-0.48232	0.9992	0.9992	0.999995	970	0	-0.48232
CTPS1	8	0.00087424	0.0052447	0.034107	161	7	-0.51707	0.65216	0.65289	0.999995	593	0	-0.51707
MED31	8	0.00088034	0.0053008	0.034261	162	6	-0.72189	0.96787	0.96725	0.999995	888	0	-0.72189
ERH	8	0.0008923	0.0053661	0.034473	163	6	-1.2491	0.92625	0.92546	0.999995	832	0	-1.2491
RPL19	6	0.00090242	0.0045535	0.030357	164	4	-1.1036	0.67549	0.67697	0.999995	618	0	-1.1036
TLN1	8	0.00091907	0.0055249	0.035068	165	7	-0.59129	0.99608	0.99603	0.999995	947	0	-0.59129
TOMM22	7	0.00093175	0.0054409	0.034743	166	7	-0.80655	0.99894	0.99893	0.999995	968	0	-0.80655
HNRNPK	7	0.00096673	0.005665	0.035744	167	6	-0.97518	0.30549	0.30561	0.704041	21	0	-0.97518
TSG101	8	0.00098874	0.0058425	0.036645	168	7	-0.47295	0.95012	0.94974	0.999995	855	0	-0.47295
GSTP1	8	0.0010549	0.0062535	0.038992	169	8	-0.40125	0.99895	0.9989	0.999995	969	0	-0.40125
RPL31	5	0.0010887	0.0050766	0.033217	170	4	-1.5586	0.96998	0.97038	0.999995	895	0	-1.5586
HUS1	8	0.0011505	0.0067672	0.041949	171	7	-0.48234	0.79857	0.79831	0.999995	719	0	-0.48234
SFPQ	8	0.0011726	0.0068793	0.042396	172	6	-0.57492	0.94614	0.94546	0.999995	852	0	-0.57492
HRAS	8	0.0012098	0.0070288	0.043066	173	8	-0.16355	0.99879	0.99878	0.999995	966	0	-0.16355
SBNO1	8	0.0012705	0.0074678	0.045145	174	7	-0.63133	0.34073	0.34073	0.704041	233	0	-0.63133
UCHL5	8	0.0012723	0.0074958	0.045145	175	6	-0.35757	0.57762	0.57771	0.999995	530	0	-0.35757
PACS1	8	0.0014217	0.0082991	0.049701	176	7	-0.37211	0.82017	0.82012	0.999995	738	0	-0.37211
KAT6A	8	0.0015029	0.0087194	0.051634	177	7	-0.39968	0.99267	0.99263	0.999995	934	0	-0.39968
BCAP31	8	0.0015181	0.0088595	0.052173	178	7	-0.3213	0.96385	0.96335	0.999995	878	0	-0.3213
TPBGL	8	0.0015566	0.0091958	0.053775	179	7	-0.32645	0.95565	0.95477	0.999995	864	0	-0.32645
EIF3J	7	0.0016236	0.0092331	0.053775	180	6	-0.48701	0.98544	0.98513	0.999995	914	0	-0.48701
USP5	8	0.0016423	0.0097562	0.056511	181	6	-0.59201	0.87722	0.8764	0.999995	798	0	-0.59201
FDPS	8	0.0016822	0.0099897	0.05755	182	5	-0.49848	0.75885	0.75874	0.999995	680	0	-0.49848
AFG3L2	6	0.0016974	0.0083738	0.049867	183	6	-0.79891	0.9983	0.99823	0.999995	963	0	-0.79891
NCBP2	8	0.0017829	0.010541	0.060396	184	5	-0.6939	0.34073	0.34073	0.704041	115	0	-0.6939
NAPA	8	0.0018186	0.010784	0.061127	185	7	-0.97519	0.94333	0.94263	0.999995	850	0	-0.97519
NUTF2	7	0.0019297	0.010774	0.061127	186	6	-1.295	0.96971	0.96954	0.999995	894	0	-1.295
ACACA	8	0.0020081	0.011606	0.06509	187	7	-0.47071	0.72742	0.72701	0.999995	654	0	-0.47071
RPS15	4	0.0020437	0.0072903	0.044412	188	4	-1.2038	0.98897	0.98881	0.999995	925	0	-1.2038
IPO7	7	0.0022191	0.012259	0.068395	189	6	-0.5064	0.96043	0.96008	0.999995	875	0	-0.5064
UTP14A	8	0.0023312	0.013072	0.072547	190	7	-0.53703	0.34073	0.34073	0.704041	189	0	-0.53703
TOP1	8	0.0024258	0.013362	0.073768	191	7	-0.51132	0.99788	0.99788	0.999995	957	0	-0.51132
FOXK1	8	0.0025291	0.013791	0.075355	192	7	-0.35912	0.99712	0.99704	0.999995	955	0	-0.35912
CDK8	8	0.0025703	0.014016	0.076187	193	7	-0.35879	0.99704	0.9969	0.999995	954	0	-0.35879
IMPDH2	8	0.0027033	0.014548	0.078278	194	7	-0.51729	0.95046	0.95002	0.999995	856	0	-0.51729
DGKZ	6	0.0027377	0.013492	0.074104	195	5	-0.47501	0.7677	0.76848	0.999995	689	0	-0.47501
EIF4A3	8	0.0027657	0.014809	0.079283	196	7	-1.2666	0.90552	0.90479	0.999995	817	0	-1.2666
FOSL1	6	0.0029475	0.014361	0.077667	197	5	-0.38103	0.875	0.87673	0.999995	792	0	-0.38103
COPZ1	8	0.0035036	0.018135	0.095882	198	7	-0.3839	0.34073	0.34073	0.704041	295	0	-0.3839
MRPL55	8	0.0035148	0.018181	0.095882	199	6	-0.26435	0.34073	0.34073	0.704041	51	0	-0.26435
SNAPC4	8	0.0036631	0.018854	0.098936	200	6	-0.61962	0.9918	0.99168	0.999995	931	0	-0.61962
FZR1	8	0.00374	0.019162	0.100059	201	7	-0.27708	0.59567	0.59613	0.999995	544	0	-0.27708
ARID1A	8	0.0038216	0.019508	0.101364	202	7	-0.31201	0.95534	0.95457	0.999995	863	0	-0.31201
RPL18A	3	0.0039179	0.010914	0.061539	203	3	-0.94499	0.99608	0.99575	0.999995	948	0	-0.94499
CFL1	8	0.0039686	0.020451	0.105747	204	6	-0.65471	0.93968	0.93894	0.999995	847	0	-0.65471
PSMC3	8	0.0040189	0.020741	0.106724	205	7	-0.65207	0.34073	0.34073	0.704041	48	0	-0.65207
RPL15	5	0.0040422	0.017397	0.092666	206	4	-1.4681	0.54174	0.54361	0.999995	516	0	-1.4681
E2F3	7	0.0042427	0.021852	0.1119	207	6	-0.46693	0.7286	0.72684	0.999995	655	0	-0.46693
CHMP1A	8	0.0045016	0.023151	0.117414	208	7	-0.45199	0.99728	0.99722	0.999995	956	0	-0.45199
RPL5	7	0.0045616	0.023085	0.117414	209	6	-0.80766	0.70911	0.70822	0.999995	641	0	-0.80766
BRD8	8	0.0047855	0.024458	0.123456	210	7	-0.38713	0.99823	0.99818	0.999995	962	0	-0.38713
TBP	8	0.0048932	0.024907	0.125123	211	7	-0.42208	0.96656	0.96602	0.999995	886	0	-0.42208
TOP1MT	8	0.0050154	0.025411	0.127055	212	7	-0.2662	0.62227	0.62283	0.999995	567	0	-0.2662
RPA3	8	0.0057019	0.028652	0.142588	213	5	-1.0699	0.34073	0.34073	0.704041	59	0	-1.0699
CCNT2	8	0.0060076	0.030184	0.148814	214	7	-0.32939	0.96085	0.96012	0.999995	876	0	-0.32939
CAP1	8	0.0060927	0.030623	0.15028	215	7	-0.38884	0.98004	0.97958	0.999995	909	0	-0.38884
APH1A	8	0.0064909	0.032426	0.158393	216	7	-0.34766	0.96002	0.95934	0.999995	874	0	-0.34766
VPS37A	8	0.0073962	0.036302	0.175495	217	7	-0.3901	0.99473	0.99467	0.999995	943	0	-0.3901
EEFSEC	8	0.0075099	0.036797	0.176493	218	5	-0.53133	0.34073	0.34073	0.704041	304	0	-0.53133
TBC1D28	7	0.0075879	0.035275	0.171519	219	6	-0.30644	0.30549	0.30561	0.704041	20	0	-0.30644
TIMM23	6	0.0079378	0.036424	0.175495	220	4	-0.7341	0.98654	0.9865	0.999995	917	0	-0.7341
WASL	8	0.008416	0.040664	0.193913	221	6	-0.35232	0.92166	0.92116	0.999995	829	0	-0.35232
GATAD2A	8	0.008453	0.040795	0.193913	222	6	-0.41799	0.9067	0.90597	0.999995	818	0	-0.41799
TOB2	8	0.0086604	0.041645	0.197069	223	6	-0.47273	0.83264	0.83244	0.999995	754	0	-0.47273
MBTD1	8	0.0090441	0.043345	0.203299	224	7	-0.33239	0.34073	0.34073	0.704041	432	0	-0.33239
SEPHS2	8	0.0095235	0.0454	0.211999	225	6	-0.35171	0.78489	0.78497	0.999995	706	0	-0.35171
SNRPB	8	0.0096361	0.045839	0.21311	226	5	-0.50696	0.7437	0.74282	0.999995	668	0	-0.50696
RPL17	6	0.0097663	0.042345	0.199494	227	5	-0.92418	0.26836	0.26743	0.704041	10	0	-0.92418
CCNT1	8	0.010701	0.050556	0.231987	228	7	-0.29978	0.61141	0.61213	0.999995	554	0	-0.29978
ANAPC4	8	0.010935	0.051331	0.233523	229	7	-0.33256	0.96446	0.96401	0.999995	879	0	-0.33256
ATP6V1E1	7	0.011046	0.048211	0.223161	230	5	-0.64575	0.94647	0.94588	0.999995	853	0	-0.64575
RPS28	3	0.01115	0.029988	0.148538	231	3	-0.83975	0.98885	0.98875	0.999995	923	0	-0.83975
THRAP3	7	0.011182	0.048622	0.224085	232	6	-0.36285	0.99442	0.99409	0.999995	942	0	-0.36285
MYBL2	8	0.011314	0.053012	0.240141	233	7	-0.33527	0.99398	0.99394	0.999995	940	0	-0.33527
VPS26A	8	0.011518	0.053834	0.242827	234	5	-0.44026	0.34073	0.34073	0.704041	200	0	-0.44026
SLC25A28	8	0.012169	0.056487	0.253713	235	7	-0.27675	0.99363	0.99361	0.999995	937	0	-0.27675
SMARCA4	8	0.012836	0.05928	0.264685	236	5	-0.36116	0.8185	0.81842	0.999995	737	0	-0.36116
ASF1B	16	0.012886	0.077176	0.332548	237	11	-0.27386	0.95127	0.95106	0.999995	858	0	-0.27386
RPP14	8	0.012898	0.059429	0.264685	238	5	-0.56237	0.61466	0.61541	0.999995	559	0	-0.56237
POLD1	8	0.013839	0.063222	0.280397	239	6	-0.45006	0.34073	0.34073	0.704041	138	0	-0.45006
RBM22	8	0.014703	0.066519	0.293791	240	7	-0.31462	0.98939	0.98913	0.999995	926	0	-0.31462
HACD2	8	0.015238	0.068667	0.300773	241	7	-0.3562	0.9982	0.99817	0.999995	961	0	-0.3562
COPG1	8	0.015792	0.070647	0.308173	242	6	-0.41796	0.871	0.87034	0.999995	791	0	-0.41796
CWF19L1	8	0.016438	0.073291	0.318394	243	7	-0.24643	0.99381	0.99381	0.999995	939	0	-0.24643
ADSS	7	0.016557	0.067939	0.298817	244	5	-0.32246	0.30549	0.30561	0.704041	30	0	-0.32246
PDS5A	8	0.017726	0.077942	0.33314	245	6	-0.428	0.99653	0.99645	0.999995	951	0	-0.428
MED13	8	0.018284	0.079661	0.339119	246	6	-0.43838	0.89304	0.89281	0.999995	807	0	-0.43838
NRBP1	8	0.018896	0.081753	0.346633	247	5	-0.41642	0.34073	0.34073	0.704041	112	0	-0.41642
RPL6	3	0.019649	0.051266	0.233523	248	3	-0.81276	0.98035	0.98047	0.999995	910	0	-0.81276
AKIRIN1	8	0.020004	0.085387	0.359166	249	6	-0.35201	0.96783	0.96717	0.999995	887	0	-0.35201
RBMX	7	0.020673	0.08208	0.346633	250	5	-0.56688	0.8421	0.84056	0.999995	764	0	-0.56688
STRIP1	8	0.021114	0.088824	0.372148	251	6	-0.34098	0.99223	0.99216	0.999995	932	0	-0.34098
RPL37A	5	0.021738	0.077737	0.33314	252	4	-0.55236	0.87534	0.87688	0.999995	793	0	-0.55236
FANCM	8	0.022177	0.092205	0.384794	253	6	-0.43888	0.88916	0.88895	0.999995	804	0	-0.43888
DDX17	8	0.022349	0.092747	0.385537	254	6	-0.33728	0.89629	0.89609	0.999995	809	0	-0.33728
COQ10B	8	0.024814	0.10089	0.417756	255	6	-0.29035	0.95212	0.95159	0.999995	860	0	-0.29035
KIF20A	16	0.025441	0.13091	0.525634	256	11	-0.33908	0.87641	0.87663	0.999995	795	0	-0.33908
LARP1	8	0.0259	0.1042	0.428103	257	6	-0.3184	0.94771	0.94712	0.999995	854	0	-0.3184
DHX29	7	0.026642	0.1024	0.422333	258	5	-0.35265	0.96613	0.9661	0.999995	884	0	-0.35265
SKA1	8	0.027021	0.10713	0.438453	259	6	-0.40303	0.34073	0.34073	0.704041	206	0	-0.40303
CLASP1	8	0.028321	0.11098	0.452456	260	6	-0.314	0.68879	0.68938	0.999995	630	0	-0.314
IRF4	8	0.02894	0.11273	0.457816	261	6	-0.32722	0.34073	0.34073	0.704041	404	0	-0.32722
RPS7	3	0.030706	0.076196	0.329663	262	3	-1.1292	0.96929	0.96889	0.999995	891	0	-1.1292
LDB1	16	0.031182	0.15334	0.601999	263	11	-0.24722	0.9943	0.99486	0.999995	941	0	-0.24722
CLTCL1	8	0.032244	0.12263	0.496127	264	6	-0.31119	0.81829	0.81828	0.999995	736	0	-0.31119
ERBB3	16	0.032417	0.15823	0.614387	265	11	-0.17334	0.87668	0.87693	0.999995	796	0	-0.17334
RRM2B	16	0.033404	0.16195	0.620599	266	11	-0.1746	0.90189	0.90188	0.999995	815	0	-0.1746
APOBEC3C	8	0.034379	0.12879	0.519087	267	6	-0.33266	0.99243	0.99237	0.999995	933	0	-0.33266
ALG14	8	0.035479	0.13198	0.52791	268	5	-0.37737	0.34073	0.34073	0.704041	332	0	-0.37737
BECN1	8	0.036107	0.13376	0.533034	269	6	-0.42014	0.34073	0.34073	0.704041	388	0	-0.42014
DDX5	8	0.037722	0.13841	0.549505	270	6	-0.33574	0.83166	0.8315	0.999995	753	0	-0.33574
BZW2	8	0.042699	0.15288	0.601999	271	6	-0.21995	0.92354	0.92309	0.999995	830	0	-0.21995
TOMM20	6	0.042859	0.14052	0.555804	272	3	-0.17412	0.26836	0.26743	0.704041	7	0	-0.17412
UMPS	8	0.043168	0.15434	0.603686	273	5	-0.26644	0.34073	0.34073	0.704041	194	0	-0.26644
DDI2	8	0.043539	0.15539	0.60558	274	5	-0.36476	0.34073	0.34073	0.704041	317	0	-0.36476
ASF1A	8	0.045061	0.15994	0.618758	275	6	-0.27196	0.34073	0.34073	0.704041	379	0	-0.27196
MED13L	8	0.045734	0.16176	0.620599	276	6	-0.30868	0.96962	0.96899	0.999995	893	0	-0.30868
RBBP7	8	0.04587	0.16218	0.620599	277	6	-0.27656	0.93766	0.937	0.999995	843	0	-0.27656
GABPB1	8	0.049513	0.1723	0.655151	278	5	-0.2937	0.34073	0.34073	0.704041	468	0	-0.2937
IPO5	8	0.04957	0.17244	0.655151	279	6	-0.26702	0.75507	0.75468	0.999995	675	0	-0.26702
MOGAT2	8	0.050729	0.17575	0.665329	280	6	-0.22018	0.71587	0.71558	0.999995	646	0	-0.22018
SOS1	8	0.051101	0.17675	0.666731	281	6	-0.25624	0.96945	0.96886	0.999995	892	0	-0.25624
DDX39B	8	0.054019	0.18501	0.692982	282	6	-0.24416	0.89933	0.89924	0.999995	813	0	-0.24416
SEC23A	8	0.055098	0.18782	0.701035	283	6	-0.25535	0.91901	0.91851	0.999995	826	0	-0.25535
UNC45A	8	0.055722	0.1895	0.704794	284	6	-0.37675	0.57586	0.57578	0.999995	529	0	-0.37675
PFN1	7	0.057008	0.18441	0.692982	285	5	-0.4199	0.80218	0.80066	0.999995	721	0	-0.4199
NXT1	8	0.057624	0.19426	0.719985	286	6	-0.22442	0.89132	0.89099	0.999995	806	0	-0.22442
SLC22A8	8	0.066238	0.21735	0.799969	287	6	-0.25216	0.97264	0.97185	0.999995	900	0	-0.25216
RSBN1	8	0.069582	0.22641	0.830433	288	6	-0.18183	0.8117	0.81173	0.999995	730	0	-0.18183
CLTA	8	0.071158	0.23043	0.839356	289	6	-0.17257	0.75751	0.75738	0.999995	679	0	-0.17257
MTUS2	8	0.071439	0.23128	0.839567	290	6	-0.15408	0.5893	0.58972	0.999995	541	0	-0.15408
PPP2CA	16	0.071849	0.27979	0.959803	291	10	-0.2029	0.56536	0.5633	0.999995	521	0	-0.2029
PMM2	8	0.072526	0.23394	0.846114	292	5	-0.20004	0.97023	0.96958	0.999995	896	0	-0.20004
GXYLT1	8	0.072842	0.23468	0.846114	293	5	-0.24625	0.34073	0.34073	0.704041	498	0	-0.24625
RHBDF1	8	0.073714	0.23686	0.851099	294	6	-0.1958	0.7171	0.71698	0.999995	648	0	-0.1958
UNC119	8	0.076336	0.24337	0.868604	295	6	-0.2261	0.93625	0.93553	0.999995	841	0	-0.2261
PTPN11	7	0.077251	0.22944	0.838631	296	5	-0.21747	0.97032	0.97015	0.999995	897	0	-0.21747
ARID4A	8	0.079427	0.25129	0.891271	297	6	-0.29007	0.99613	0.99607	0.999995	949	0	-0.29007
MANF	8	0.079462	0.25141	0.891271	298	5	-0.3052	0.83764	0.83724	0.999995	759	0	-0.3052
PAPSS1	8	0.081034	0.2554	0.899526	299	5	-0.24103	0.71617	0.71593	0.999995	647	0	-0.24103
RIC8B	8	0.081057	0.25543	0.899526	300	6	-0.21136	0.34073	0.34073	0.704041	77	0	-0.21136
G3BP1	7	0.081859	0.23989	0.859061	301	4	-0.30759	0.84965	0.84814	0.999995	770	0	-0.30759
ZWILCH	8	0.082087	0.25799	0.902542	302	6	-0.25582	0.34073	0.34073	0.704041	183	0	-0.25582
NMT2	8	0.08271	0.25958	0.90511	303	6	-0.20872	0.91293	0.91241	0.999995	822	0	-0.20872
MMD	8	0.085661	0.26629	0.92545	304	6	-0.30657	0.85464	0.85453	0.999995	773	0	-0.30657
PRG3	8	0.086934	0.26934	0.933007	305	5	-0.29618	0.60361	0.60406	0.999995	550	0	-0.29618
FANCF	8	0.08729	0.27025	0.933128	306	5	-0.23684	0.98709	0.9869	0.999995	919	0	-0.23684
CTNNB1	8	0.096229	0.28693	0.981108	307	5	-0.16237	0.34073	0.34073	0.704041	265	0	-0.16237
TUBB2B	6	0.0974	0.25753	0.902542	308	4	-0.16482	0.96472	0.96497	0.999995	880	0	-0.16482
SNRPB2	7	0.09758	0.27325	0.940417	309	5	-0.34298	0.66332	0.6625	0.999995	602	0	-0.34298
SPOP	8	0.098007	0.2899	0.988077	310	5	-0.30617	0.62068	0.62124	0.999995	564	0	-0.30617
RPL21	3	0.09991	0.21323	0.787543	311	2	-0.37577	0.14464	0.14547	0.704041	1	0	-0.37577
TCERG1	8	0.10163	0.29621	0.999995	312	5	-0.22872	0.95366	0.95289	0.999995	862	0	-0.22872
MYBPHL	8	0.11048	0.31169	0.999995	313	5	-0.25347	0.34073	0.34073	0.704041	96	0	-0.25347
COX4I2	8	0.11076	0.31224	0.999995	314	5	-0.1711	0.34073	0.34073	0.704041	289	0	-0.1711
TAF1	8	0.11149	0.31368	0.999995	315	5	-0.26383	0.34073	0.34073	0.704041	249	0	-0.26383
PGLS	8	0.11245	0.31539	0.999995	316	4	-0.14089	0.7567	0.75649	0.999995	678	0	-0.14089
MPC1	8	0.11326	0.31685	0.999995	317	5	-0.27103	0.93725	0.93654	0.999995	842	0	-0.27103
TANK	8	0.12053	0.32922	0.999995	318	5	-0.21171	0.67962	0.68049	0.999995	622	0	-0.21171
XRCC4	8	0.12606	0.33831	0.999995	319	4	-0.21526	0.98363	0.98344	0.999995	913	0	-0.21526
FOXK2	8	0.12762	0.34127	0.999995	320	3	-0.17907	0.86723	0.86668	0.999995	787	0	-0.17907
GOLT1B	8	0.13019	0.34561	0.999995	321	4	-0.19614	0.34073	0.34073	0.704041	491	0	-0.19614
L3MBTL2	8	0.13312	0.35067	0.999995	322	5	-0.24452	0.83688	0.83666	0.999995	758	0	-0.24452
TBC1D26	6	0.1335	0.31798	0.999995	323	4	-0.20696	0.86386	0.86541	0.999995	781	0	-0.20696
SNTA1	8	0.13561	0.35482	0.999995	324	5	-0.12045	0.71772	0.7175	0.999995	649	0	-0.12045
MORF4L1	6	0.13721	0.32397	0.999995	325	4	-0.34023	0.26836	0.26743	0.704041	14	0	-0.34023
PHLDA1	8	0.13767	0.35805	0.999995	326	5	-0.12169	0.94438	0.94363	0.999995	851	0	-0.12169
CDK17	8	0.14338	0.36699	0.999995	327	5	-0.24235	0.81363	0.81373	0.999995	731	0	-0.24235
PEF1	7	0.14518	0.36571	0.999995	328	5	-0.18541	0.56667	0.56661	0.999995	527	0	-0.18541
TBC1D9	8	0.14952	0.37743	0.999995	329	4	-0.18299	0.34073	0.34073	0.704041	244	0	-0.18299
HMGCS2	8	0.15554	0.38682	0.999995	330	4	-0.17883	0.34073	0.34073	0.704041	411	0	-0.17883
NCOR2	8	0.15562	0.387	0.999995	331	5	-0.17318	0.34073	0.34073	0.704041	139	0	-0.17318
IRF8	8	0.15613	0.38785	0.999995	332	5	-0.17543	0.34073	0.34073	0.704041	406	0	-0.17543
LSM14B	8	0.15974	0.39358	0.999995	333	5	-0.18032	0.77092	0.77082	0.999995	693	0	-0.18032
PDGFC	8	0.1604	0.39458	0.999995	334	5	-0.16414	0.74228	0.74145	0.999995	667	0	-0.16414
PFAS	8	0.16081	0.39511	0.999995	335	5	-0.28607	0.8476	0.84731	0.999995	766	0	-0.28607
RPL27A	4	0.16124	0.3219	0.999995	336	1	-0.1068	0.18805	0.18808	0.704041	2	0	-0.1068
ZMAT2	8	0.16456	0.40086	0.999995	337	5	-0.33443	0.77999	0.77992	0.999995	699	0	-0.33443
GALR3	8	0.16479	0.40126	0.999995	338	5	-0.29969	0.80821	0.80831	0.999995	727	0	-0.29969
BTG1	8	0.1672	0.40483	0.999995	339	5	-0.17569	0.79112	0.79092	0.999995	712	0	-0.17569
SPAG9	8	0.17633	0.4194	0.999995	340	5	-0.21723	0.68065	0.6815	0.999995	623	0	-0.21723
IDH2	8	0.18345	0.43063	0.999995	341	4	-0.21419	0.89958	0.89942	0.999995	814	0	-0.21419
RAD17	6	0.18559	0.39971	0.999995	342	3	-0.25842	0.26836	0.26743	0.704041	8	0	-0.25842
DMXL1	8	0.18573	0.4343	0.999995	343	5	-0.18524	0.34073	0.34073	0.704041	321	0	-0.18524
ALDOC	8	0.19637	0.45066	0.999995	344	5	-0.18748	0.98803	0.98782	0.999995	922	0	-0.18748
HUS1B	8	0.19641	0.45074	0.999995	345	4	-0.16834	0.80843	0.80845	0.999995	728	0	-0.16834
CHSY3	8	0.19695	0.45158	0.999995	346	5	-0.22915	0.97642	0.97578	0.999995	905	0	-0.22915
PIP4P1	8	0.19966	0.45527	0.999995	347	5	-0.23069	0.93123	0.93037	0.999995	838	0	-0.23069
GPSM2	8	0.20377	0.46166	0.999995	348	5	-0.23302	0.34073	0.34073	0.704041	489	0	-0.23302
SEC31A	8	0.20416	0.46226	0.999995	349	5	-0.22266	0.76443	0.76417	0.999995	684	0	-0.22266
CEACAM1	8	0.21051	0.47173	0.999995	350	5	-0.17693	0.97057	0.97002	0.999995	898	0	-0.17693
ALAS1	16	0.21063	0.54847	0.999995	351	8	-0.2316	0.92967	0.93034	0.999995	835	0	-0.2316
ACTL6B	8	0.21353	0.47607	0.999995	352	5	-0.18317	0.78392	0.78396	0.999995	704	0	-0.18317
FXR2	8	0.21514	0.47833	0.999995	353	5	-0.12828	0.86498	0.86441	0.999995	783	0	-0.12828
ADSSL1	8	0.21575	0.4792	0.999995	354	5	-0.2234	0.75425	0.75396	0.999995	674	0	-0.2234
EZH1	8	0.21778	0.48224	0.999995	355	5	-0.18085	0.71525	0.71503	0.999995	645	0	-0.18085
UNC45B	8	0.21859	0.48353	0.999995	356	5	-0.18428	0.34073	0.34073	0.704041	191	0	-0.18428
DGAT1	8	0.21982	0.48541	0.999995	357	5	-0.16815	0.34073	0.34073	0.704041	314	0	-0.16815
TIMM23B	7	0.22042	0.46546	0.999995	358	4	-0.14147	0.55009	0.54974	0.999995	517	0	-0.14147
TOMM20L	8	0.22146	0.48798	0.999995	359	5	-0.13697	0.70195	0.70254	0.999995	638	0	-0.13697
STAM	8	0.22421	0.49156	0.999995	360	4	-0.13655	0.66987	0.67072	0.999995	612	0	-0.13655
LRFN1	8	0.22496	0.49263	0.999995	361	5	-0.21772	0.83934	0.83911	0.999995	762	0	-0.21772
PSEN1	8	0.22517	0.49295	0.999995	362	5	-0.18039	0.86106	0.86035	0.999995	777	0	-0.18039
TNPO2	8	0.22579	0.49373	0.999995	363	4	-0.1849	0.68542	0.68608	0.999995	626	0	-0.1849
CASP4	8	0.22746	0.49597	0.999995	364	5	-0.17899	0.34073	0.34073	0.704041	366	0	-0.17899
EPS15L1	8	0.22808	0.49689	0.999995	365	5	-0.19693	0.34073	0.34073	0.704041	488	0	-0.19693
NCKAP1	8	0.22871	0.49783	0.999995	366	5	-0.2293	0.95353	0.95279	0.999995	861	0	-0.2293
SLCO2B1	8	0.23078	0.50085	0.999995	367	4	-0.21756	0.67617	0.67724	0.999995	619	0	-0.21756
ABCA3	8	0.2308	0.50089	0.999995	368	5	-0.11355	0.62187	0.62241	0.999995	566	0	-0.11355
SYK	8	0.23143	0.50172	0.999995	369	5	-0.17608	0.34073	0.34073	0.704041	248	0	-0.17608
CCNE1	8	0.23227	0.50276	0.999995	370	5	-0.16849	0.98608	0.98602	0.999995	915	0	-0.16849
BZW1	6	0.2325	0.46933	0.999995	371	4	-0.2115	0.88662	0.88796	0.999995	803	0	-0.2115
CDK5R2	8	0.23604	0.5085	0.999995	372	4	-0.17908	0.92004	0.9194	0.999995	827	0	-0.17908
EAF1	8	0.23671	0.50941	0.999995	373	5	-0.23141	0.34073	0.34073	0.704041	299	0	-0.23141
USP13	8	0.23705	0.51003	0.999995	374	4	-0.19569	0.34073	0.34073	0.704041	188	0	-0.19569
PRKAB2	8	0.23881	0.5125	0.999995	375	4	-0.16939	0.34073	0.34073	0.704041	125	0	-0.16939
CADPS2	8	0.23926	0.51309	0.999995	376	5	-0.17678	0.34073	0.34073	0.704041	375	0	-0.17678
SIN3B	8	0.24066	0.51509	0.999995	377	4	-0.21547	0.98654	0.9864	0.999995	916	0	-0.21547
LMBR1L	8	0.24391	0.51942	0.999995	378	4	-0.22841	0.34073	0.34073	0.704041	424	0	-0.22841
CCNL2	8	0.24636	0.52274	0.999995	379	5	-0.13859	0.83496	0.83476	0.999995	757	0	-0.13859
CABP5	8	0.24657	0.52302	0.999995	380	5	-0.20945	0.78706	0.78686	0.999995	708	0	-0.20945
LATS2	8	0.24918	0.52666	0.999995	381	5	-0.19756	0.95649	0.95553	0.999995	865	0	-0.19756
TCF3	8	0.25	0.52776	0.999995	382	4	-0.12434	0.87752	0.87673	0.999995	800	0	-0.12434
PUM2	8	0.25005	0.52781	0.999995	383	5	-0.21987	0.34073	0.34073	0.704041	46	0	-0.21987
SLC25A24	8	0.25027	0.52808	0.999995	384	5	-0.19302	0.93952	0.93874	0.999995	846	0	-0.19302
ZMIZ2	8	0.25071	0.52869	0.999995	385	5	-0.15667	0.34073	0.34073	0.704041	185	0	-0.15667
CBLL1	8	0.25093	0.5289	0.999995	386	5	-0.23952	0.34073	0.34073	0.704041	361	0	-0.23952
COPS7B	8	0.25224	0.53076	0.999995	387	5	-0.1726	0.95803	0.95723	0.999995	869	0	-0.1726
MTMR4	8	0.25355	0.53246	0.999995	388	5	-0.22192	0.90901	0.90822	0.999995	819	0	-0.22192
COQ10A	8	0.2571	0.53737	0.999995	389	4	-0.21222	0.95917	0.95846	0.999995	872	0	-0.21222
ZEB1	8	0.25818	0.53892	0.999995	390	5	-0.16951	0.34073	0.34073	0.704041	173	0	-0.16951
SPOPL	8	0.27786	0.55816	0.999995	391	4	-0.18188	0.34073	0.34073	0.704041	261	0	-0.18188
PHLDA2	8	0.28129	0.56124	0.999995	392	4	-0.13741	0.74057	0.7398	0.999995	665	0	-0.13741
POU4F2	8	0.28697	0.56655	0.999995	393	4	-0.19489	0.62975	0.63027	0.999995	574	0	-0.19489
CCDC69	8	0.29019	0.5697	0.999995	394	4	-0.12998	0.34073	0.34073	0.704041	367	0	-0.12998
MT2A	6	0.29043	0.53329	0.999995	395	3	-0.15169	0.8152	0.81664	0.999995	734	0	-0.15169
RAMP2	8	0.29492	0.5741	0.999995	396	4	-0.15509	0.34073	0.34073	0.704041	57	0	-0.15509
ZMIZ1	8	0.30171	0.58045	0.999995	397	4	-0.17698	0.86563	0.86508	0.999995	784	0	-0.17698
S1PR4	8	0.3027	0.58124	0.999995	398	4	-0.17272	0.68913	0.68978	0.999995	631	0	-0.17272
NSG2	8	0.30601	0.58421	0.999995	399	3	-0.076211	0.66845	0.66932	0.999995	611	0	-0.076211
NSG1	8	0.30724	0.5854	0.999995	400	4	-0.10338	0.34073	0.34073	0.704041	108	0	-0.10338
ZNF34	8	0.31061	0.58867	0.999995	401	3	-0.13101	0.66596	0.66687	0.999995	608	0	-0.13101
MYH7	8	0.31181	0.58981	0.999995	402	4	-0.16975	0.34073	0.34073	0.704041	63	0	-0.16975
FBLN1	8	0.3141	0.59221	0.999995	403	4	-0.18812	0.6573	0.65839	0.999995	598	0	-0.18812
BTBD11	8	0.31461	0.59271	0.999995	404	4	-0.17561	0.90981	0.90909	0.999995	821	0	-0.17561
EPHA2	8	0.31538	0.59345	0.999995	405	4	-0.15692	0.34073	0.34073	0.704041	306	0	-0.15692
MTA1	8	0.31563	0.5937	0.999995	406	4	-0.18417	0.96511	0.9647	0.999995	881	0	-0.18417
ARHGEF7	8	0.31665	0.59466	0.999995	407	4	-0.18618	0.66703	0.66793	0.999995	609	0	-0.18618
JUP	8	0.32276	0.60042	0.999995	408	3	-0.057379	0.34073	0.34073	0.704041	402	0	-0.057379
SLC32A1	8	0.3261	0.60354	0.999995	409	3	-0.11165	0.34073	0.34073	0.704041	213	0	-0.11165
TMEM9B	8	0.32666	0.60404	0.999995	410	4	-0.099359	0.34073	0.34073	0.704041	168	0	-0.099359
TUBB4B	16	0.34405	0.70417	0.999995	411	8	-0.18115	0.86858	0.86872	0.999995	788	0	-0.18115
SHMT2	8	0.34493	0.62128	0.999995	412	3	-0.070501	0.34073	0.34073	0.704041	207	0	-0.070501
ZAP70	8	0.34611	0.6224	0.999995	413	3	-0.14051	0.8968	0.8966	0.999995	810	0	-0.14051
PXDN	8	0.34667	0.62287	0.999995	414	4	-0.19251	0.8338	0.83362	0.999995	756	0	-0.19251
FKBP4	8	0.35297	0.62874	0.999995	415	4	-0.13838	0.93848	0.93766	0.999995	844	0	-0.13838
CRY2	8	0.35402	0.6297	0.999995	416	4	-0.19291	0.34073	0.34073	0.704041	271	0	-0.19291
BICD2	8	0.3561	0.63145	0.999995	417	3	-0.1633	0.34073	0.34073	0.704041	387	0	-0.1633
GSDMD	8	0.36035	0.63558	0.999995	418	4	-0.17606	0.65105	0.65171	0.999995	589	0	-0.17606
KHSRP	8	0.36458	0.63958	0.999995	419	4	-0.2199	0.80333	0.80328	0.999995	723	0	-0.2199
TAP1	8	0.36538	0.64024	0.999995	420	4	-0.16684	0.89718	0.89703	0.999995	811	0	-0.16684
CALY	8	0.36582	0.64068	0.999995	421	3	-0.11929	0.82326	0.823	0.999995	742	0	-0.11929
NBEAL1	8	0.36834	0.64309	0.999995	422	4	-0.17825	0.69412	0.69484	0.999995	634	0	-0.17825
MECP2	8	0.37213	0.64663	0.999995	423	3	-0.086078	0.34073	0.34073	0.704041	68	0	-0.086078
RING1	8	0.37308	0.64756	0.999995	424	4	-0.23853	0.34073	0.34073	0.704041	74	0	-0.23853
CD72	8	0.37548	0.64961	0.999995	425	4	-0.16105	0.34073	0.34073	0.704041	368	0	-0.16105
TMEM120A	8	0.37975	0.65337	0.999995	426	4	-0.1697	0.34073	0.34073	0.704041	159	0	-0.1697
KIAA0319	8	0.38056	0.65403	0.999995	427	4	-0.18342	0.34073	0.34073	0.704041	444	0	-0.18342
AP2A1	8	0.38216	0.65563	0.999995	428	4	-0.15855	0.8281	0.8279	0.999995	750	0	-0.15855
TUBB2A	6	0.38631	0.62086	0.999995	429	2	-0.10539	0.70239	0.7036	0.999995	639	0	-0.10539
ELL2	7	0.38656	0.65605	0.999995	430	4	-0.15429	0.87682	0.87599	0.999995	797	0	-0.15429
MRGPRX2	8	0.38919	0.66202	0.999995	431	3	-0.090958	0.58544	0.58567	0.999995	537	0	-0.090958
MAT1A	8	0.39047	0.66315	0.999995	432	4	-0.15883	0.85273	0.85268	0.999995	772	0	-0.15883
CELA2A	8	0.39128	0.66388	0.999995	433	4	-0.18898	0.69146	0.69218	0.999995	633	0	-0.18898
CRYBB2	7	0.39625	0.66365	0.999995	434	2	-0.059781	0.30549	0.30561	0.704041	27	0	-0.059781
KLF5	8	0.4007	0.67287	0.999995	435	4	-0.16487	0.57849	0.57853	0.999995	532	0	-0.16487
ARID1B	8	0.40259	0.67439	0.999995	436	4	-0.14767	0.83783	0.83743	0.999995	760	0	-0.14767
SBF1	7	0.40434	0.66873	0.999995	437	2	-0.090883	0.84059	0.83927	0.999995	763	0	-0.090883
CDK5R1	8	0.4061	0.67748	0.999995	438	4	-0.17469	0.34073	0.34073	0.704041	369	0	-0.17469
UNC119B	8	0.40995	0.68081	0.999995	439	4	-0.13955	0.66417	0.66502	0.999995	605	0	-0.13955
YAF2	8	0.41097	0.68166	0.999995	440	4	-0.14861	0.6656	0.66653	0.999995	607	0	-0.14861
RPRD1B	8	0.415	0.68507	0.999995	441	3	-0.14546	0.34073	0.34073	0.704041	70	0	-0.14546
FSD1	8	0.41612	0.68598	0.999995	442	4	-0.11706	0.66774	0.66865	0.999995	610	0	-0.11706
GYS1	8	0.41802	0.68774	0.999995	443	4	-0.19343	0.95113	0.95055	0.999995	857	0	-0.19343
PCGF1	8	0.42331	0.69246	0.999995	444	3	-0.053711	0.34073	0.34073	0.704041	97	0	-0.053711
FUT5	8	0.42536	0.69462	0.999995	445	4	-0.15035	0.34073	0.34073	0.704041	456	0	-0.15035
NSDHL	8	0.42944	0.69849	0.999995	446	4	-0.21271	0.34073	0.34073	0.704041	107	0	-0.21271
JAG2	8	0.43134	0.70034	0.999995	447	4	-0.13691	0.70517	0.70567	0.999995	640	0	-0.13691
GRHL2	8	0.43369	0.70236	0.999995	448	2	-0.1841	0.62819	0.62867	0.999995	572	0	-0.1841
RNF103	8	0.44224	0.7098	0.999995	449	4	-0.11983	0.34073	0.34073	0.704041	78	0	-0.11983
SS18L1	8	0.44443	0.71173	0.999995	450	4	-0.13801	0.66453	0.66545	0.999995	606	0	-0.13801
ASCL1	8	0.44497	0.71215	0.999995	451	4	-0.11479	0.34073	0.34073	0.704041	382	0	-0.11479
MARCKS	8	0.44525	0.71244	0.999995	452	4	-0.10809	0.34073	0.34073	0.704041	437	0	-0.10809
GOLPH3L	8	0.44583	0.71284	0.999995	453	3	-0.21548	0.34073	0.34073	0.704041	500	0	-0.21548
CRY1	8	0.45027	0.71651	0.999995	454	4	-0.16308	0.63325	0.63406	0.999995	578	0	-0.16308
MTX1	6	0.45199	0.67904	0.999995	455	3	-0.12906	0.26836	0.26743	0.704041	15	0	-0.12906
PTPN6	8	0.45262	0.71837	0.999995	456	4	-0.12745	0.67268	0.67378	0.999995	615	0	-0.12745
KIT	16	0.45425	0.79886	0.999995	457	7	-0.10526	0.56536	0.5633	0.999995	525	0	-0.10526
GCM2	8	0.45535	0.7209	0.999995	458	4	-0.20211	0.93078	0.93001	0.999995	837	0	-0.20211
LIN28A	7	0.45683	0.70437	0.999995	459	3	-0.16463	0.57142	0.57149	0.999995	528	0	-0.16463
ADM	8	0.45706	0.72203	0.999995	460	3	-0.090588	0.34073	0.34073	0.704041	352	0	-0.090588
RNF10	8	0.45727	0.72214	0.999995	461	4	-0.19234	0.60195	0.60245	0.999995	549	0	-0.19234
CCT6B	8	0.45765	0.72256	0.999995	462	3	-0.082094	0.34073	0.34073	0.704041	373	0	-0.082094
LIM2	8	0.45781	0.72273	0.999995	463	4	-0.11703	0.34073	0.34073	0.704041	439	0	-0.11703
NUMBL	8	0.45809	0.72299	0.999995	464	4	-0.15962	0.64658	0.64737	0.999995	587	0	-0.15962
XYLT2	8	0.45854	0.72338	0.999995	465	4	-0.19521	0.84992	0.84976	0.999995	771	0	-0.19521
HOXB1	8	0.46237	0.72687	0.999995	466	3	-0.20859	0.34073	0.34073	0.704041	409	0	-0.20859
YBX3	8	0.4641	0.72821	0.999995	467	4	-0.17786	0.34073	0.34073	0.704041	198	0	-0.17786
MYD88	8	0.46414	0.72822	0.999995	468	4	-0.14168	0.64282	0.64391	0.999995	584	0	-0.14168
ARPC5L	8	0.46463	0.72872	0.999995	469	2	-0.097859	0.66274	0.66363	0.999995	601	0	-0.097859
ESRP2	8	0.46561	0.72948	0.999995	470	3	-0.14509	0.95732	0.95652	0.999995	867	0	-0.14509
PLEK2	8	0.46738	0.73082	0.999995	471	4	-0.19105	0.73304	0.73256	0.999995	661	0	-0.19105
ATP6V1E2	8	0.46793	0.73118	0.999995	472	4	-0.10448	0.34073	0.34073	0.704041	378	0	-0.10448
COX6B2	8	0.4682	0.73141	0.999995	473	4	-0.12213	0.34073	0.34073	0.704041	290	0	-0.12213
ABCC3	8	0.46856	0.73169	0.999995	474	3	-0.19735	0.34073	0.34073	0.704041	349	0	-0.19735
WAS	8	0.47213	0.73471	0.999995	475	2	-0.0055755	0.34073	0.34073	0.704041	202	0	-0.0055755
SAFB2	8	0.47532	0.73725	0.999995	476	4	-0.17111	0.34073	0.34073	0.704041	222	0	-0.17111
TYROBP	8	0.47591	0.73771	0.999995	477	3	-0.095622	0.58111	0.58143	0.999995	534	0	-0.095622
ACACB	8	0.4775	0.7389	0.999995	478	4	-0.13634	0.34073	0.34073	0.704041	345	0	-0.13634
BICD1	8	0.47778	0.73911	0.999995	479	3	-0.13842	0.34073	0.34073	0.704041	390	0	-0.13842
FLOT1	8	0.47916	0.74035	0.999995	480	2	-0.091428	0.34073	0.34073	0.704041	483	0	-0.091428
ATM	8	0.47942	0.74058	0.999995	481	4	-0.14531	0.87618	0.8754	0.999995	794	0	-0.14531
TMEM30A	8	0.48002	0.74113	0.999995	482	3	-0.14041	0.94265	0.94196	0.999995	849	0	-0.14041
STX7	8	0.48024	0.7413	0.999995	483	4	-0.20219	0.34073	0.34073	0.704041	237	0	-0.20219
SLC25A25	8	0.48079	0.74193	0.999995	484	4	-0.16484	0.82569	0.82543	0.999995	746	0	-0.16484
IQCA1	8	0.48161	0.74262	0.999995	485	4	-0.13312	0.34073	0.34073	0.704041	394	0	-0.13312
EPS15	8	0.48243	0.74325	0.999995	486	4	-0.13449	0.34073	0.34073	0.704041	391	0	-0.13449
CHUK	16	0.48521	0.81895	0.999995	487	5	-0.12319	0.56536	0.5633	0.999995	522	0	-0.12319
SBNO2	8	0.48598	0.74642	0.999995	488	4	-0.10984	0.34073	0.34073	0.704041	230	0	-0.10984
SATB2	8	0.48617	0.74652	0.999995	489	3	-0.10347	0.34073	0.34073	0.704041	232	0	-0.10347
AP1G2	8	0.48675	0.74706	0.999995	490	3	-0.17366	0.86975	0.8692	0.999995	790	0	-0.17366
KCNMB3	7	0.48779	0.72569	0.999995	491	3	-0.13541	0.86158	0.8603	0.999995	778	0	-0.13541
CDC34	8	0.48871	0.74865	0.999995	492	4	-0.16164	0.58587	0.5861	0.999995	538	0	-0.16164
FEZ2	8	0.49406	0.75327	0.999995	493	4	-0.1789	0.95768	0.95687	0.999995	868	0	-0.1789
TMEM30B	8	0.495	0.75413	0.999995	494	4	-0.17325	0.34073	0.34073	0.704041	170	0	-0.17325
CTSZ	8	0.49555	0.75456	0.999995	495	4	-0.13939	0.34073	0.34073	0.704041	267	0	-0.13939
CAND2	8	0.49991	0.75836	0.999995	496	4	-0.12683	0.34073	0.34073	0.704041	365	0	-0.12683
TPST1	8	0.50073	0.75892	0.999995	497	4	-0.090664	0.34073	0.34073	0.704041	148	0	-0.090664
FLOT2	8	0.50128	0.75938	0.999995	498	4	-0.14779	0.34073	0.34073	0.704041	485	0	-0.14779
TBR1	8	0.5021	0.75992	0.999995	499	4	-0.21474	0.34073	0.34073	0.704041	203	0	-0.21474
GMPR	8	0.50292	0.76055	0.999995	500	4	-0.085533	0.34073	0.34073	0.704041	513	0	-0.085533
HMG20B	8	0.50346	0.76082	0.999995	501	4	-0.16704	0.34073	0.34073	0.704041	414	0	-0.16704
APOBEC1	8	0.5051	0.7622	0.999995	502	4	-0.15183	0.34073	0.34073	0.704041	341	0	-0.15183
ZFYVE19	8	0.50537	0.76238	0.999995	503	4	-0.15701	0.34073	0.34073	0.704041	174	0	-0.15701
GALNT5	8	0.51191	0.76789	0.999995	504	4	-0.19236	0.34073	0.34073	0.704041	464	0	-0.19236
NRBP2	8	0.51246	0.76841	0.999995	505	4	-0.19969	0.61263	0.61332	0.999995	556	0	-0.19969
TOP2B	8	0.51355	0.76931	0.999995	506	4	-0.19771	0.34073	0.34073	0.704041	167	0	-0.19771
AP1G1	8	0.51409	0.76981	0.999995	507	3	-0.13416	0.34073	0.34073	0.704041	329	0	-0.13416
LOR	8	0.51491	0.77044	0.999995	508	4	-0.13806	0.64808	0.64895	0.999995	588	0	-0.13806
ATP6V1B1	8	0.51872	0.77367	0.999995	509	4	-0.17483	0.96575	0.96527	0.999995	883	0	-0.17483
GNB3	8	0.51899	0.7739	0.999995	510	4	-0.15463	0.34073	0.34073	0.704041	509	0	-0.15463
ARFGEF2	8	0.51929	0.77417	0.999995	511	3	-0.10103	0.34073	0.34073	0.704041	336	0	-0.10103
DUOX1	8	0.51958	0.77438	0.999995	512	3	-0.10642	0.60691	0.60738	0.999995	553	0	-0.10642
GLIS3	8	0.52454	0.77721	0.999995	513	1	-0.054849	0.34073	0.34073	0.704041	511	0	-0.054849
MCPH1	8	0.52475	0.77734	0.999995	514	3	-0.15319	0.34073	0.34073	0.704041	433	0	-0.15319
PDCD4	8	0.52504	0.77745	0.999995	515	3	-0.091614	0.34073	0.34073	0.704041	98	0	-0.091614
PSMB9	8	0.53478	0.7825	0.999995	516	3	-0.18828	0.34073	0.34073	0.704041	85	0	-0.18828
LIN28B	8	0.54644	0.78846	0.999995	517	3	-0.13247	0.34073	0.34073	0.704041	430	0	-0.13247
RNF2	7	0.54695	0.76622	0.999995	518	3	-0.18127	0.78006	0.77875	0.999995	700	0	-0.18127
RANBP9	8	0.54786	0.78917	0.999995	519	3	-0.17883	0.34073	0.34073	0.704041	36	0	-0.17883
UTP14C	8	0.55424	0.79233	0.999995	520	2	-0.066268	0.34073	0.34073	0.704041	190	0	-0.066268
SMAP2	8	0.5575	0.79389	0.999995	521	2	-0.069133	0.62622	0.62678	0.999995	570	0	-0.069133
SNX2	8	0.55778	0.79403	0.999995	522	2	-0.065701	0.34073	0.34073	0.704041	252	0	-0.065701
CLDN4	8	0.55886	0.79461	0.999995	523	3	-0.12021	0.34073	0.34073	0.704041	283	0	-0.12021
GJA8	8	0.56194	0.79616	0.999995	524	3	-0.16853	0.8897	0.8894	0.999995	805	0	-0.16853
CYFIP2	8	0.56698	0.79855	0.999995	525	3	-0.13552	0.34073	0.34073	0.704041	277	0	-0.13552
FOXB1	8	0.57255	0.80169	0.999995	526	3	-0.087581	0.34073	0.34073	0.704041	481	0	-0.087581
GBX2	8	0.5731	0.80191	0.999995	527	3	-0.13443	0.34073	0.34073	0.704041	506	0	-0.13443
NR2E1	8	0.5741	0.80242	0.999995	528	3	-0.11248	0.34073	0.34073	0.704041	106	0	-0.11248
LGALS9	7	0.57824	0.78688	0.999995	529	3	-0.066234	0.30549	0.30561	0.704041	31	0	-0.066234
MAK	8	0.57837	0.80464	0.999995	530	3	-0.14861	0.34073	0.34073	0.704041	431	0	-0.14861
ATP8B3	8	0.57874	0.80483	0.999995	531	2	-0.12685	0.34073	0.34073	0.704041	383	0	-0.12685
RNF44	8	0.58124	0.80626	0.999995	532	2	-0.060208	0.34073	0.34073	0.704041	61	0	-0.060208
EPC1	8	0.58155	0.80645	0.999995	533	3	-0.10477	0.34073	0.34073	0.704041	305	0	-0.10477
TREML4	7	0.58653	0.79238	0.999995	534	2	-0.096362	0.30549	0.30561	0.704041	19	0	-0.096362
H1FOO	8	0.58673	0.80936	0.999995	535	3	-0.08542	0.7785	0.77825	0.999995	697	0	-0.08542
MYBPH	8	0.58808	0.81016	0.999995	536	2	-0.020467	0.34073	0.34073	0.704041	131	0	-0.020467
FKBP5	8	0.59129	0.81197	0.999995	537	3	-0.13491	0.73971	0.73896	0.999995	664	0	-0.13491
CDK19	16	0.59336	0.88091	0.999995	538	7	-0.16348	0.86493	0.86528	0.999995	782	0	-0.16348
GDF15	8	0.59347	0.81301	0.999995	539	3	-0.068109	0.34073	0.34073	0.704041	507	0	-0.068109
PDX1	8	0.59854	0.8157	0.999995	540	2	-0.1568	0.34073	0.34073	0.704041	95	0	-0.1568
MECOM	8	0.59945	0.81621	0.999995	541	2	-0.055204	0.34073	0.34073	0.704041	434	0	-0.055204
TBPL2	8	0.60189	0.81744	0.999995	542	2	-0.11497	0.34073	0.34073	0.704041	245	0	-0.11497
DUSP10	8	0.60243	0.81771	0.999995	543	3	-0.093832	0.34073	0.34073	0.704041	302	0	-0.093832
DEGS2	8	0.60297	0.81792	0.999995	544	3	-0.15077	0.93944	0.93867	0.999995	845	0	-0.15077
LARP1B	8	0.6097	0.82132	0.999995	545	3	-0.18554	0.34073	0.34073	0.704041	454	0	-0.18554
FZD8	8	0.61078	0.8219	0.999995	546	3	-0.10432	0.81787	0.81797	0.999995	735	0	-0.10432
ARPC5	8	0.61124	0.82217	0.999995	547	2	-0.081493	0.61868	0.61917	0.999995	561	0	-0.081493
SPATA21	8	0.61345	0.82341	0.999995	548	3	-0.1111	0.70993	0.71007	0.999995	642	0	-0.1111
ABL1	8	0.61372	0.82353	0.999995	549	3	-0.080653	0.73509	0.73448	0.999995	662	0	-0.080653
ATP6V1C2	16	0.61422	0.89214	0.999995	550	7	-0.14095	0.92101	0.92136	0.999995	828	0	-0.14095
PRDM16	8	0.61513	0.82432	0.999995	551	2	-0.09396	0.80378	0.80387	0.999995	724	0	-0.09396
DMXL2	8	0.61745	0.82552	0.999995	552	3	-0.137	0.34073	0.34073	0.704041	322	0	-0.137
TOB1	8	0.62037	0.82713	0.999995	553	3	-0.11345	0.34073	0.34073	0.704041	165	0	-0.11345
LIF	8	0.62386	0.829	0.999995	554	2	-0.047875	0.34073	0.34073	0.704041	450	0	-0.047875
NLRP8	8	0.62487	0.82947	0.999995	555	3	-0.11457	0.34073	0.34073	0.704041	101	0	-0.11457
MMD2	8	0.62514	0.82961	0.999995	556	3	-0.11581	0.34073	0.34073	0.704041	81	0	-0.11581
PTCH2	8	0.62958	0.83193	0.999995	557	2	-0.12216	0.34073	0.34073	0.704041	49	0	-0.12216
PTCH1	8	0.63013	0.8323	0.999995	558	3	-0.11847	0.76469	0.76451	0.999995	685	0	-0.11847
GPSM1	8	0.63275	0.83384	0.999995	559	3	-0.14092	0.75179	0.75142	0.999995	673	0	-0.14092
FLT1	8	0.6338	0.83444	0.999995	560	3	-0.074762	0.63595	0.63697	0.999995	581	0	-0.074762
DENND5A	8	0.63588	0.83552	0.999995	561	3	-0.072575	0.34073	0.34073	0.704041	316	0	-0.072575
TLN2	8	0.63711	0.83616	0.999995	562	3	-0.080523	0.34073	0.34073	0.704041	158	0	-0.080523
IDH3G	8	0.63719	0.83618	0.999995	563	3	-0.079558	0.34073	0.34073	0.704041	407	0	-0.079558
TPST2	8	0.64056	0.83776	0.999995	564	2	-0.068934	0.34073	0.34073	0.704041	145	0	-0.068934
CSTF2T	8	0.64199	0.83854	0.999995	565	2	-0.14433	0.96623	0.96567	0.999995	885	0	-0.14433
MYL7	8	0.64206	0.83855	0.999995	566	2	-0.10894	0.6065	0.60703	0.999995	552	0	-0.10894
GDI2	16	0.64232	0.90537	0.999995	567	6	-0.14253	0.8267	0.82636	0.999995	748	0	-0.14253
BARHL1	8	0.64418	0.8397	0.999995	568	3	-0.090663	0.59735	0.59787	0.999995	545	0	-0.090663
NUMB	8	0.64433	0.83977	0.999995	569	2	-0.052183	0.34073	0.34073	0.704041	109	0	-0.052183
MBD4	16	0.64475	0.90627	0.999995	570	6	-0.088992	0.56536	0.5633	0.999995	518	0	-0.088992
DDX39A	8	0.64512	0.84017	0.999995	571	3	-0.13372	0.34073	0.34073	0.704041	318	0	-0.13372
IFIH1	8	0.64546	0.84038	0.999995	572	3	-0.1081	0.74455	0.74376	0.999995	669	0	-0.1081
RNF130	8	0.64701	0.84117	0.999995	573	3	-0.1091	0.34073	0.34073	0.704041	79	0	-0.1091
VRTN	8	0.64803	0.84176	0.999995	574	3	-0.18047	0.34073	0.34073	0.704041	201	0	-0.18047
S100A6	8	0.65034	0.84296	0.999995	575	3	-0.13045	0.34073	0.34073	0.704041	225	0	-0.13045
AHCYL2	8	0.65162	0.84369	0.999995	576	3	-0.047088	0.34073	0.34073	0.704041	353	0	-0.047088
NET1	8	0.6519	0.8439	0.999995	577	2	-0.057026	0.34073	0.34073	0.704041	103	0	-0.057026
GIT2	8	0.65493	0.84562	0.999995	578	3	-0.17955	0.34073	0.34073	0.704041	503	0	-0.17955
SAR1B	8	0.65518	0.8458	0.999995	579	3	-0.15614	0.78874	0.78854	0.999995	710	0	-0.15614
FOXA1	8	0.66201	0.84935	0.999995	580	3	-0.096981	0.34073	0.34073	0.704041	480	0	-0.096981
PPP3R2	8	0.66477	0.85099	0.999995	581	3	-0.14629	0.34073	0.34073	0.704041	120	0	-0.14629
HNRNPH3	8	0.66632	0.85177	0.999995	582	2	-0.11555	0.91381	0.91317	0.999995	824	0	-0.11555
ATAD2	8	0.6696	0.85345	0.999995	583	2	-0.083915	0.778	0.77777	0.999995	696	0	-0.083915
ARFIP2	8	0.67002	0.85362	0.999995	584	3	-0.060846	0.34073	0.34073	0.704041	338	0	-0.060846
SRI	8	0.67324	0.85552	0.999995	585	3	-0.1843	0.34073	0.34073	0.704041	260	0	-0.1843
HEATR5A	8	0.67621	0.85717	0.999995	586	3	-0.17145	0.34073	0.34073	0.704041	412	0	-0.17145
TMEM120B	8	0.67663	0.85746	0.999995	587	3	-0.12253	0.34073	0.34073	0.704041	164	0	-0.12253
RNF38	8	0.67743	0.85779	0.999995	588	3	-0.16728	0.65179	0.65247	0.999995	592	0	-0.16728
ANKRD10	8	0.67755	0.8578	0.999995	589	2	-0.033371	0.34073	0.34073	0.704041	334	0	-0.033371
E2F4	8	0.67957	0.85893	0.999995	590	2	-0.15035	0.74171	0.74089	0.999995	666	0	-0.15035
ABCG2	8	0.67997	0.8592	0.999995	591	1	-0.032838	0.34073	0.34073	0.704041	350	0	-0.032838
PACS2	8	0.68134	0.85993	0.999995	592	2	-0.11136	0.72891	0.72835	0.999995	656	0	-0.11136
TPRX1	8	0.68136	0.85994	0.999995	593	3	-0.16278	0.34073	0.34073	0.704041	147	0	-0.16278
SEC11A	7	0.68154	0.85643	0.999995	594	3	-0.089811	0.30549	0.30561	0.704041	26	0	-0.089811
GALNT2	8	0.68258	0.86059	0.999995	595	3	-0.053387	0.34073	0.34073	0.704041	470	0	-0.053387
STX12	8	0.68303	0.86084	0.999995	596	3	-0.1846	0.96565	0.9652	0.999995	882	0	-0.1846
HMGCL	8	0.68307	0.86087	0.999995	597	3	-0.15317	0.79765	0.79748	0.999995	717	0	-0.15317
CNOT8	7	0.68539	0.85783	0.999995	598	2	-0.09515	0.30549	0.30561	0.704041	22	0	-0.09515
NAA16	8	0.6855	0.86216	0.999995	599	3	-0.12233	0.8467	0.84642	0.999995	765	0	-0.12233
HASPIN	8	0.68644	0.86278	0.999995	600	3	-0.1553	0.34073	0.34073	0.704041	455	0	-0.1553
KRT25	8	0.68672	0.8629	0.999995	601	3	-0.095388	0.34073	0.34073	0.704041	440	0	-0.095388
PDLIM5	8	0.69014	0.86489	0.999995	602	3	-0.068967	0.34073	0.34073	0.704041	94	0	-0.068967
GABPB2	8	0.69046	0.86508	0.999995	603	3	-0.11473	0.34073	0.34073	0.704041	469	0	-0.11473
CSTF2	8	0.69196	0.86584	0.999995	604	3	-0.17552	0.61222	0.61293	0.999995	555	0	-0.17552
COPZ2	8	0.69274	0.86615	0.999995	605	2	-0.072047	0.34073	0.34073	0.704041	292	0	-0.072047
SAMD4B	8	0.69275	0.86615	0.999995	606	3	-0.12857	0.34073	0.34073	0.704041	220	0	-0.12857
COPG2	8	0.69279	0.86616	0.999995	607	2	-0.15275	0.61667	0.61731	0.999995	560	0	-0.15275
TSTD1	8	0.693	0.86631	0.999995	608	2	-0.027752	0.34073	0.34073	0.704041	155	0	-0.027752
SAMD9	8	0.69543	0.86763	0.999995	609	3	-0.071724	0.34073	0.34073	0.704041	221	0	-0.071724
KLF4	8	0.69586	0.86788	0.999995	610	3	-0.10601	0.34073	0.34073	0.704041	446	0	-0.10601
H2AFX	8	0.69675	0.86833	0.999995	611	2	-0.087442	0.34073	0.34073	0.704041	496	0	-0.087442
TRIM25	8	0.69872	0.86945	0.999995	612	3	-0.10174	0.8147	0.81475	0.999995	733	0	-0.10174
GPR151	8	0.70124	0.87068	0.999995	613	2	-0.15821	0.58328	0.58363	0.999995	535	0	-0.15821
SLC11A2	8	0.70175	0.87095	0.999995	614	2	-0.18322	0.83028	0.83012	0.999995	752	0	-0.18322
ITGB1BP2	8	0.70324	0.87185	0.999995	615	2	-0.10201	0.6974	0.69788	0.999995	636	0	-0.10201
ANKRD37	8	0.70393	0.87224	0.999995	616	3	-0.10711	0.67893	0.67986	0.999995	621	0	-0.10711
RCBTB1	8	0.70421	0.8724	0.999995	617	2	-0.099688	0.34073	0.34073	0.704041	44	0	-0.099688
G3BP2	8	0.70531	0.87297	0.999995	618	2	-0.17241	0.87796	0.8772	0.999995	801	0	-0.17241
PPP3R1	8	0.70604	0.87334	0.999995	619	3	-0.10817	0.34073	0.34073	0.704041	119	0	-0.10817
GMPR2	8	0.71048	0.87587	0.999995	620	3	-0.11232	0.34073	0.34073	0.704041	508	0	-0.11232
TIMP2	8	0.71188	0.87654	0.999995	621	3	-0.15926	0.34073	0.34073	0.704041	160	0	-0.15926
RALGPS2	8	0.71257	0.8769	0.999995	622	3	-0.13484	0.34073	0.34073	0.704041	56	0	-0.13484
SERPINA11	8	0.7128	0.87702	0.999995	623	3	-0.1479	0.79065	0.79044	0.999995	711	0	-0.1479
KAT6B	8	0.71304	0.87717	0.999995	624	3	-0.12124	0.78098	0.78095	0.999995	702	0	-0.12124
NCKAP1L	8	0.71705	0.87949	0.999995	625	2	-0.15186	0.70033	0.70078	0.999995	637	0	-0.15186
SAP30	8	0.71902	0.88057	0.999995	626	3	-0.093107	0.5863	0.58651	0.999995	539	0	-0.093107
MORF4L2	8	0.71948	0.88078	0.999995	627	3	-0.14302	0.34073	0.34073	0.704041	72	0	-0.14302
GRHL3	8	0.71987	0.881	0.999995	628	2	-0.12857	0.73128	0.7308	0.999995	659	0	-0.12857
DLL4	8	0.72048	0.88125	0.999995	629	3	-0.10736	0.34073	0.34073	0.704041	326	0	-0.10736
SMAP1	8	0.72154	0.88179	0.999995	630	3	-0.12466	0.34073	0.34073	0.704041	254	0	-0.12466
CAP2	8	0.72562	0.88433	0.999995	631	3	-0.14877	0.78171	0.78175	0.999995	703	0	-0.14877
DZIP1L	8	0.72679	0.88502	0.999995	632	2	-0.11871	0.34073	0.34073	0.704041	297	0	-0.11871
DCAF8L1	8	0.72743	0.88528	0.999995	633	3	-0.035427	0.34073	0.34073	0.704041	296	0	-0.035427
SMARCC2	8	0.72833	0.88584	0.999995	634	3	-0.14173	0.34073	0.34073	0.704041	250	0	-0.14173
LRBA	8	0.729	0.88616	0.999995	635	3	-0.096642	0.61425	0.61501	0.999995	558	0	-0.096642
NCK1	8	0.73169	0.88782	0.999995	636	3	-0.11106	0.34073	0.34073	0.704041	137	0	-0.11106
OSBPL6	8	0.73258	0.88837	0.999995	637	3	-0.12806	0.83839	0.83803	0.999995	761	0	-0.12806
CRK	8	0.73489	0.88945	0.999995	638	2	-0.14642	0.34073	0.34073	0.704041	269	0	-0.14642
TAF9	7	0.73493	0.87578	0.999995	639	2	-0.11796	0.82549	0.82396	0.999995	745	0	-0.11796
AKAP11	8	0.73536	0.88976	0.999995	640	2	-0.092938	0.34073	0.34073	0.704041	343	0	-0.092938
FKBP9	7	0.73623	0.87612	0.999995	641	1	-0.10159	0.58656	0.58634	0.999995	540	0	-0.10159
CAVIN1	8	0.73636	0.89025	0.999995	642	3	-0.12953	0.34073	0.34073	0.704041	360	0	-0.12953
RANBP10	8	0.73658	0.89037	0.999995	643	3	-0.1165	0.34073	0.34073	0.704041	53	0	-0.1165
RAP1GAP	8	0.73678	0.89047	0.999995	644	2	-0.10916	0.34073	0.34073	0.704041	35	0	-0.10916
SNX6	8	0.73812	0.8913	0.999995	645	3	-0.19272	0.77066	0.77059	0.999995	692	0	-0.19272
RHOT1	8	0.74214	0.89338	0.999995	646	2	-0.11703	0.34073	0.34073	0.704041	76	0	-0.11703
NETO2	8	0.74229	0.89342	0.999995	647	3	-0.15435	0.34073	0.34073	0.704041	105	0	-0.15435
PLCG2	8	0.7436	0.89411	0.999995	648	3	-0.15889	0.34073	0.34073	0.704041	133	0	-0.15889
MTMR3	8	0.74382	0.89427	0.999995	649	3	-0.16812	0.63441	0.63528	0.999995	579	0	-0.16812
SOAT1	8	0.74483	0.89489	0.999995	650	1	-0.039453	0.34073	0.34073	0.704041	257	0	-0.039453
FRS3	8	0.74599	0.89564	0.999995	651	3	-0.1323	0.34073	0.34073	0.704041	461	0	-0.1323
RRAGD	8	0.74642	0.89594	0.999995	652	3	-0.12205	0.82428	0.82407	0.999995	743	0	-0.12205
SPDEF	8	0.7488	0.8972	0.999995	653	2	-0.085602	0.86595	0.86542	0.999995	785	0	-0.085602
TCF12	8	0.75084	0.89823	0.999995	654	2	-0.039285	0.34073	0.34073	0.704041	161	0	-0.039285
CRNN	8	0.75201	0.89885	0.999995	655	3	-0.14852	0.62662	0.62717	0.999995	571	0	-0.14852
HMGCLL1	8	0.75372	0.89958	0.999995	656	3	-0.14407	0.76808	0.76794	0.999995	690	0	-0.14407
ADAM19	8	0.75444	0.90006	0.999995	657	2	-0.039235	0.34073	0.34073	0.704041	356	0	-0.039235
AOX1	8	0.75457	0.90017	0.999995	658	3	-0.16771	0.34073	0.34073	0.704041	328	0	-0.16771
GRIP1	8	0.75901	0.90272	0.999995	659	3	-0.17505	0.64319	0.64416	0.999995	585	0	-0.17505
TBC1D4	8	0.75964	0.90299	0.999995	660	3	-0.068973	0.57936	0.57935	0.999995	533	0	-0.068973
TAF1L	7	0.76066	0.88591	0.999995	661	2	-0.084713	0.67313	0.67204	0.999995	616	0	-0.084713
BRSK2	8	0.76285	0.90485	0.999995	662	2	-0.057559	0.34073	0.34073	0.704041	384	0	-0.057559
VANGL1	8	0.76438	0.90575	0.999995	663	2	-0.083114	0.79788	0.79766	0.999995	718	0	-0.083114
ZNF284	8	0.76609	0.90671	0.999995	664	3	-0.15344	0.71987	0.71954	0.999995	650	0	-0.15344
PSMB8	8	0.7663	0.90686	0.999995	665	3	-0.12371	0.34073	0.34073	0.704041	123	0	-0.12371
SMARCA1	8	0.76815	0.90784	0.999995	666	3	-0.031849	0.34073	0.34073	0.704041	255	0	-0.031849
RNF144B	8	0.76918	0.90824	0.999995	667	3	-0.18953	0.79557	0.79526	0.999995	716	0	-0.18953
CYP26C1	8	0.7704	0.90892	0.999995	668	2	-0.10796	0.34073	0.34073	0.704041	278	0	-0.10796
TTC7A	16	0.77067	0.95127	0.999995	669	6	-0.11588	0.56536	0.5633	0.999995	526	0	-0.11588
KRT74	8	0.77149	0.90948	0.999995	670	2	-0.12312	0.34073	0.34073	0.704041	447	0	-0.12312
CNOT7	7	0.77177	0.8904	0.999995	671	2	-0.11417	0.30549	0.30561	0.704041	16	0	-0.11417
RGS19	8	0.77183	0.90963	0.999995	672	3	-0.14004	0.68812	0.68877	0.999995	629	0	-0.14004
DMP1	8	0.77265	0.91019	0.999995	673	3	-0.16163	0.34073	0.34073	0.704041	324	0	-0.16163
PDGFD	8	0.77346	0.91075	0.999995	674	3	-0.074925	0.34073	0.34073	0.704041	93	0	-0.074925
FKBP10	8	0.77383	0.91095	0.999995	675	2	-0.11276	0.34073	0.34073	0.704041	478	0	-0.11276
NBEA	6	0.77401	0.87866	0.999995	676	2	-0.12923	0.26836	0.26743	0.704041	6	0	-0.12923
CYP2A6	8	0.77425	0.91116	0.999995	677	2	-0.061142	0.34073	0.34073	0.704041	279	0	-0.061142
KRTAP10-10	8	0.77447	0.91125	0.999995	678	3	-0.1187	0.34073	0.34073	0.704041	453	0	-0.1187
ZNF418	8	0.77487	0.91147	0.999995	679	3	-0.11813	0.34073	0.34073	0.704041	184	0	-0.11813
TMEM185B	8	0.77548	0.91177	0.999995	680	3	-0.11724	0.88132	0.88073	0.999995	802	0	-0.11724
SMARCA2	8	0.77608	0.91216	0.999995	681	3	-0.12306	0.34073	0.34073	0.704041	256	0	-0.12306
PTF1A	8	0.77649	0.91236	0.999995	682	3	-0.20123	0.63053	0.63104	0.999995	576	0	-0.20123
ERO1B	8	0.777	0.91272	0.999995	683	2	-0.038547	0.34073	0.34073	0.704041	484	0	-0.038547
MBD3L1	8	0.77769	0.91314	0.999995	684	3	-0.12976	0.34073	0.34073	0.704041	438	0	-0.12976
ZNF804B	8	0.77991	0.91394	0.999995	685	2	-0.060175	0.69642	0.69703	0.999995	635	0	-0.060175
FOXE3	8	0.78171	0.9145	0.999995	686	2	-0.12449	0.80689	0.80713	0.999995	726	0	-0.12449
GYS2	8	0.78465	0.91529	0.999995	687	2	-0.056075	0.66346	0.66429	0.999995	603	0	-0.056075
AXL	8	0.78486	0.91534	0.999995	688	2	-0.1483	0.66382	0.66464	0.999995	604	0	-0.1483
KIAA0319L	8	0.78537	0.91545	0.999995	689	1	-0.11122	0.34073	0.34073	0.704041	445	0	-0.11122
NHLRC1	8	0.78706	0.91601	0.999995	690	1	-0.14285	0.95166	0.95119	0.999995	859	0	-0.14285
ARFIP1	8	0.78826	0.91626	0.999995	691	2	-0.05231	0.34073	0.34073	0.704041	337	0	-0.05231
CD44	8	0.78993	0.91676	0.999995	692	2	-0.16793	0.34073	0.34073	0.704041	371	0	-0.16793
RBPJL	8	0.79013	0.91682	0.999995	693	2	-0.12864	0.34073	0.34073	0.704041	38	0	-0.12864
RPRD1A	8	0.79041	0.91689	0.999995	694	2	-0.071422	0.34073	0.34073	0.704041	69	0	-0.071422
LATS1	8	0.79113	0.9171	0.999995	695	2	-0.10489	0.79418	0.79391	0.999995	714	0	-0.10489
IKBKB	8	0.79277	0.91774	0.999995	696	1	-0.053627	0.34073	0.34073	0.704041	396	0	-0.053627
FLNC	8	0.80243	0.92085	0.999995	697	1	-0.087396	0.95837	0.95758	0.999995	870	0	-0.087396
SLC11A1	8	0.80445	0.92153	0.999995	698	2	-0.1066	0.34073	0.34073	0.704041	216	0	-0.1066
TANC1	8	0.8116	0.9238	0.999995	699	2	-0.17311	0.65949	0.66044	0.999995	600	0	-0.17311
CDS1	8	0.81363	0.92439	0.999995	700	2	-0.15981	0.91839	0.91771	0.999995	825	0	-0.15981
CBLL2	8	0.81363	0.92439	0.999995	701	1	-0.058552	0.34073	0.34073	0.704041	362	0	-0.058552
PTPN21	8	0.81428	0.92457	0.999995	702	1	-0.10115	0.77775	0.77751	0.999995	695	0	-0.10115
SOS2	8	0.81529	0.92482	0.999995	703	2	-0.14747	0.34073	0.34073	0.704041	262	0	-0.14747
DGKI	8	0.82058	0.92656	0.999995	704	1	-0.026923	0.34073	0.34073	0.704041	320	0	-0.026923
RALGPS1	8	0.82163	0.92693	0.999995	705	2	-0.085447	0.34073	0.34073	0.704041	55	0	-0.085447
KCNT2	8	0.82244	0.92722	0.999995	706	2	-0.046483	0.63014	0.63069	0.999995	575	0	-0.046483
FAM50B	8	0.82305	0.92742	0.999995	707	2	-0.05749	0.34073	0.34073	0.704041	471	0	-0.05749
LSM14A	8	0.82387	0.92762	0.999995	708	2	-0.08143	0.34073	0.34073	0.704041	425	0	-0.08143
HACD1	8	0.82529	0.9282	0.999995	709	2	-0.070043	0.34073	0.34073	0.704041	494	0	-0.070043
PAPSS2	8	0.82711	0.92882	0.999995	710	2	-0.1034	0.34073	0.34073	0.704041	86	0	-0.1034
STRADA	8	0.82728	0.92888	0.999995	711	2	-0.11688	0.34073	0.34073	0.704041	241	0	-0.11688
NAA11	8	0.8273	0.92888	0.999995	712	1	-0.10485	0.34073	0.34073	0.704041	62	0	-0.10485
ENOX1	8	0.83225	0.93052	0.999995	713	1	-0.047829	0.34073	0.34073	0.704041	311	0	-0.047829
GOLT1A	8	0.83554	0.93144	0.999995	714	2	-0.12425	0.34073	0.34073	0.704041	490	0	-0.12425
DENND5B	8	0.83611	0.93173	0.999995	715	1	-0.027125	0.34073	0.34073	0.704041	313	0	-0.027125
KCNT1	8	0.83754	0.9322	0.999995	716	2	-0.10674	0.82509	0.82477	0.999995	744	0	-0.10674
IDH1	8	0.83887	0.93262	0.999995	717	2	-0.098759	0.34073	0.34073	0.704041	417	0	-0.098759
SLC9A3R1	8	0.83915	0.9327	0.999995	718	1	-0.11207	0.34073	0.34073	0.704041	234	0	-0.11207
ZNRF4	8	0.84118	0.93342	0.999995	719	2	-0.091798	0.75534	0.75498	0.999995	676	0	-0.091798
NKAPL	8	0.84216	0.93373	0.999995	720	2	-0.11437	0.34073	0.34073	0.704041	100	0	-0.11437
RIMKLB	6	0.84288	0.9173	0.999995	721	1	-0.0317	0.26836	0.26743	0.704041	13	0	-0.0317
DBT	8	0.84314	0.934	0.999995	722	2	-0.14167	0.34073	0.34073	0.704041	274	0	-0.14167
MAPK8IP3	8	0.84489	0.93466	0.999995	723	1	-0.11437	0.94234	0.94154	0.999995	848	0	-0.11437
SNRPN	7	0.84494	0.92306	0.999995	724	2	-0.088298	0.30549	0.30561	0.704041	28	0	-0.088298
ULK2	8	0.84509	0.93472	0.999995	725	2	-0.14929	0.34073	0.34073	0.704041	193	0	-0.14929
RECK	8	0.84621	0.93507	0.999995	726	2	-0.095154	0.34073	0.34073	0.704041	40	0	-0.095154
ISL1	8	0.84743	0.93533	0.999995	727	1	-0.088742	0.82244	0.82225	0.999995	741	0	-0.088742
CHML	8	0.84749	0.93538	0.999995	728	2	-0.042073	0.34073	0.34073	0.704041	286	0	-0.042073
PLXDC1	16	0.85026	0.97269	0.999995	729	4	-0.10121	0.56536	0.5633	0.999995	519	0	-0.10121
PRKAB1	8	0.85186	0.93685	0.999995	730	2	-0.12263	0.61908	0.61957	0.999995	562	0	-0.12263
XYLT1	8	0.8547	0.93785	0.999995	731	2	-0.089511	0.34073	0.34073	0.704041	197	0	-0.089511
SAMD4A	8	0.85485	0.93792	0.999995	732	2	-0.15153	0.34073	0.34073	0.704041	219	0	-0.15153
TANC2	7	0.85588	0.92855	0.999995	733	2	-0.050613	0.30549	0.30561	0.704041	17	0	-0.050613
PLXDC2	8	0.85855	0.93927	0.999995	734	1	-0.1075	0.34073	0.34073	0.704041	130	0	-0.1075
AP2A2	8	0.85911	0.9394	0.999995	735	2	-0.054141	0.34073	0.34073	0.704041	330	0	-0.054141
MYCN	8	0.86056	0.93976	0.999995	736	1	-0.026903	0.34073	0.34073	0.704041	52	0	-0.026903
SERPINA12	16	0.86173	0.97517	0.999995	737	5	-0.1448	0.56536	0.5633	0.999995	523	0	-0.1448
DNAJC15	8	0.86205	0.94034	0.999995	738	1	-0.048897	0.67022	0.67114	0.999995	613	0	-0.048897
CREBBP	8	0.86224	0.94047	0.999995	739	2	-0.14625	0.34073	0.34073	0.704041	280	0	-0.14625
ABL2	8	0.86254	0.9406	0.999995	740	2	-0.039135	0.34073	0.34073	0.704041	347	0	-0.039135
SLC35F3	8	0.86357	0.94091	0.999995	741	2	-0.055288	0.34073	0.34073	0.704041	214	0	-0.055288
SBF2	7	0.86408	0.93268	0.999995	742	2	-0.14111	0.30549	0.30561	0.704041	24	0	-0.14111
DST	8	0.86445	0.94118	0.999995	743	2	-0.10522	0.34073	0.34073	0.704041	312	0	-0.10522
NDEL1	8	0.86547	0.94145	0.999995	744	2	-0.036772	0.34073	0.34073	0.704041	99	0	-0.036772
SP110	8	0.86561	0.9415	0.999995	745	2	-0.051644	0.34073	0.34073	0.704041	263	0	-0.051644
CYP2C8	8	0.8659	0.94158	0.999995	746	2	-0.12456	0.34073	0.34073	0.704041	276	0	-0.12456
ANXA1	8	0.86691	0.94194	0.999995	747	2	-0.059496	0.34073	0.34073	0.704041	331	0	-0.059496
ERC1	8	0.87053	0.94324	0.999995	748	1	-0.021969	0.34073	0.34073	0.704041	467	0	-0.021969
SERPINA9	8	0.87147	0.94348	0.999995	749	2	-0.094525	0.34073	0.34073	0.704041	209	0	-0.094525
LMBR1	8	0.87162	0.94358	0.999995	750	1	-0.052944	0.34073	0.34073	0.704041	427	0	-0.052944
RBMXL2	8	0.87231	0.94392	0.999995	751	2	-0.078128	0.34073	0.34073	0.704041	33	0	-0.078128
TRPC5	8	0.87239	0.94395	0.999995	752	1	-0.11573	0.34073	0.34073	0.704041	143	0	-0.11573
PAX4	8	0.873	0.94418	0.999995	753	2	-0.13002	0.34073	0.34073	0.704041	87	0	-0.13002
IPO8	8	0.87384	0.94447	0.999995	754	2	-0.068571	0.591	0.59149	0.999995	542	0	-0.068571
TMEM9	8	0.87407	0.94454	0.999995	755	1	-0.092571	0.34073	0.34073	0.704041	171	0	-0.092571
YIPF5	8	0.87482	0.94487	0.999995	756	2	-0.061448	0.34073	0.34073	0.704041	177	0	-0.061448
ARHGEF3	8	0.87494	0.9449	0.999995	757	2	-0.078312	0.34073	0.34073	0.704041	359	0	-0.078312
MACF1	8	0.87604	0.94526	0.999995	758	2	-0.091069	0.34073	0.34073	0.704041	426	0	-0.091069
APH1B	8	0.87726	0.94558	0.999995	759	2	-0.09752	0.34073	0.34073	0.704041	340	0	-0.09752
NAT8L	8	0.8774	0.94563	0.999995	760	2	-0.018122	0.34073	0.34073	0.704041	73	0	-0.018122
CADPS	8	0.87767	0.94578	0.999995	761	2	-0.075849	0.76337	0.76319	0.999995	683	0	-0.075849
DLL1	8	0.87855	0.94618	0.999995	762	1	-0.049451	0.34073	0.34073	0.704041	325	0	-0.049451
TGFBR2	8	0.8787	0.94623	0.999995	763	1	-0.065481	0.34073	0.34073	0.704041	162	0	-0.065481
ADAP1	8	0.87901	0.94633	0.999995	764	2	-0.0646	0.34073	0.34073	0.704041	357	0	-0.0646
ITSN1	8	0.87929	0.94643	0.999995	765	1	-0.067387	0.34073	0.34073	0.704041	403	0	-0.067387
IL10RA	8	0.87958	0.94653	0.999995	766	1	-0.083194	0.34073	0.34073	0.704041	397	0	-0.083194
CNOT6	8	0.88022	0.94676	0.999995	767	2	-0.044157	0.34073	0.34073	0.704041	293	0	-0.044157
CHSY1	8	0.88062	0.94693	0.999995	768	2	-0.067468	0.34073	0.34073	0.704041	281	0	-0.067468
PCBD1	8	0.88194	0.94745	0.999995	769	2	-0.14511	0.89794	0.89777	0.999995	812	0	-0.14511
SLC17A2	8	0.88446	0.94845	0.999995	770	1	-0.1388	0.34073	0.34073	0.704041	217	0	-0.1388
AP3M1	8	0.88455	0.94846	0.999995	771	2	-0.12617	0.34073	0.34073	0.704041	335	0	-0.12617
ZNF423	8	0.88712	0.94945	0.999995	772	2	-0.11038	0.34073	0.34073	0.704041	181	0	-0.11038
FNIP1	8	0.888	0.94972	0.999995	773	2	-0.05241	0.34073	0.34073	0.704041	479	0	-0.05241
HNRNPF	8	0.88997	0.95062	0.999995	774	2	-0.1208	0.62583	0.62635	0.999995	569	0	-0.1208
EFR3A	8	0.89024	0.95075	0.999995	775	1	-0.1474	0.72442	0.72427	0.999995	653	0	-0.1474
MTA3	8	0.89026	0.95075	0.999995	776	2	-0.13024	0.7844	0.78444	0.999995	705	0	-0.13024
IMPDH1	8	0.89089	0.95096	0.999995	777	2	-0.11714	0.67092	0.67183	0.999995	614	0	-0.11714
PUM1	8	0.89145	0.95127	0.999995	778	1	-0.12081	0.34073	0.34073	0.704041	45	0	-0.12081
SIX6	8	0.89237	0.9516	0.999995	779	2	-0.11051	0.34073	0.34073	0.704041	205	0	-0.11051
WRN	8	0.89249	0.95165	0.999995	780	2	-0.12274	0.80062	0.80044	0.999995	720	0	-0.12274
SEC31B	8	0.89383	0.95219	0.999995	781	2	-0.078664	0.34073	0.34073	0.704041	208	0	-0.078664
ABTB2	8	0.89539	0.95284	0.999995	782	1	-0.07745	0.34073	0.34073	0.704041	344	0	-0.07745
PCDH1	8	0.89576	0.95311	0.999995	783	2	-0.038099	0.34073	0.34073	0.704041	92	0	-0.038099
ZNF521	8	0.8959	0.95314	0.999995	784	1	-0.020449	0.34073	0.34073	0.704041	182	0	-0.020449
TFDP3	7	0.89603	0.95025	0.999995	785	2	-0.1449	0.30549	0.30561	0.704041	18	0	-0.1449
TAF9B	6	0.89606	0.93161	0.999995	786	1	-0.015577	0.5136	0.51512	0.999995	514	0	-0.015577
ARFGEF1	8	0.89612	0.95323	0.999995	787	2	-0.094673	0.34073	0.34073	0.704041	339	0	-0.094673
VIM	8	0.89731	0.95384	0.999995	788	1	-0.06523	0.34073	0.34073	0.704041	195	0	-0.06523
VANGL2	8	0.89837	0.95424	0.999995	789	2	-0.097454	0.76205	0.7618	0.999995	681	0	-0.097454
IRF6	8	0.89872	0.95446	0.999995	790	2	-0.10863	0.34073	0.34073	0.704041	405	0	-0.10863
FRS2	8	0.89907	0.95464	0.999995	791	2	-0.10345	0.34073	0.34073	0.704041	460	0	-0.10345
PPP3CA	8	0.89931	0.95476	0.999995	792	2	-0.039095	0.585	0.58532	0.999995	536	0	-0.039095
TBK1	8	0.90012	0.95503	0.999995	793	2	-0.19508	0.78731	0.78712	0.999995	709	0	-0.19508
TCF4	8	0.90131	0.95549	0.999995	794	1	-0.079892	0.78048	0.78035	0.999995	701	0	-0.079892
LBX1	8	0.90192	0.95567	0.999995	795	1	-0.074318	0.34073	0.34073	0.704041	451	0	-0.074318
SPHKAP	8	0.90216	0.95575	0.999995	796	1	-0.071174	0.76652	0.7663	0.999995	688	0	-0.071174
FNIP2	8	0.90242	0.95584	0.999995	797	2	-0.12623	0.86221	0.86166	0.999995	779	0	-0.12623
CHM	8	0.90321	0.95631	0.999995	798	2	-0.013689	0.34073	0.34073	0.704041	285	0	-0.013689
ZIC3	8	0.90355	0.95641	0.999995	799	2	-0.10847	0.34073	0.34073	0.704041	180	0	-0.10847
SMC1B	8	0.9049	0.95694	0.999995	800	2	-0.15459	0.34073	0.34073	0.704041	251	0	-0.15459
RXFP3	8	0.90681	0.95772	0.999995	801	1	-0.06233	0.34073	0.34073	0.704041	224	0	-0.06233
DEGS1	8	0.90885	0.95853	0.999995	802	2	-0.054468	0.34073	0.34073	0.704041	319	0	-0.054468
SEC23B	8	0.90901	0.95861	0.999995	803	1	-0.12888	0.7493	0.74907	0.999995	671	0	-0.12888
BRSK1	8	0.90907	0.95863	0.999995	804	2	-0.11656	0.92383	0.92336	0.999995	831	0	-0.11656
RP1	8	0.90928	0.95868	0.999995	805	2	-0.13837	0.34073	0.34073	0.704041	58	0	-0.13837
EXOC6B	8	0.90935	0.95871	0.999995	806	2	-0.14122	0.34073	0.34073	0.704041	476	0	-0.14122
XPO7	8	0.90939	0.95872	0.999995	807	2	-0.092147	0.34073	0.34073	0.704041	196	0	-0.092147
ERN2	8	0.90961	0.95878	0.999995	808	2	-0.059027	0.34073	0.34073	0.704041	465	0	-0.059027
RRAGC	8	0.91099	0.95943	0.999995	809	2	-0.015495	0.34073	0.34073	0.704041	65	0	-0.015495
HTR2C	8	0.91205	0.95988	0.999995	810	2	-0.082986	0.34073	0.34073	0.704041	420	0	-0.082986
NBEAL2	8	0.91247	0.96012	0.999995	811	2	-0.045618	0.34073	0.34073	0.704041	116	0	-0.045618
TGM6	8	0.91337	0.96044	0.999995	812	1	-0.021232	0.34073	0.34073	0.704041	163	0	-0.021232
ULK1	8	0.91351	0.96048	0.999995	813	2	-0.13848	0.9271	0.92629	0.999995	833	0	-0.13848
VPS26B	8	0.91414	0.96078	0.999995	814	1	-0.065044	0.6348	0.63563	0.999995	580	0	-0.065044
SLC25A2	8	0.91446	0.9609	0.999995	815	1	-0.076926	0.34073	0.34073	0.704041	215	0	-0.076926
LIMK2	8	0.91465	0.96097	0.999995	816	2	-0.06758	0.34073	0.34073	0.704041	429	0	-0.06758
DZIP3	8	0.91468	0.961	0.999995	817	1	-0.098776	0.34073	0.34073	0.704041	298	0	-0.098776
ZNF185	8	0.91536	0.96129	0.999995	818	2	-0.13131	0.97166	0.97096	0.999995	899	0	-0.13131
UBASH3B	8	0.91567	0.96144	0.999995	819	2	-0.075465	0.34073	0.34073	0.704041	172	0	-0.075465
UBQLN3	8	0.91597	0.96157	0.999995	820	2	-0.12494	0.34073	0.34073	0.704041	192	0	-0.12494
PPP3CC	8	0.91718	0.96214	0.999995	821	2	-0.058215	0.34073	0.34073	0.704041	118	0	-0.058215
SPTAN1	8	0.91778	0.96241	0.999995	822	2	-0.12529	0.85855	0.85825	0.999995	776	0	-0.12529
ESRP1	8	0.91798	0.96255	0.999995	823	2	-0.16294	0.59986	0.60044	0.999995	548	0	-0.16294
TSPO2	8	0.91818	0.96262	0.999995	824	2	-0.12073	0.34073	0.34073	0.704041	154	0	-0.12073
YIF1B	8	0.91828	0.9627	0.999995	825	1	-0.093366	0.73596	0.73542	0.999995	663	0	-0.093366
SMARCC1	8	0.91907	0.96302	0.999995	826	2	-0.1156	0.34073	0.34073	0.704041	253	0	-0.1156
ICK	8	0.91947	0.96316	0.999995	827	2	-0.041131	0.34073	0.34073	0.704041	416	0	-0.041131
UAP1L1	8	0.91966	0.96321	0.999995	828	2	-0.13839	0.76495	0.76485	0.999995	686	0	-0.13839
TIRAP	8	0.91976	0.96327	0.999995	829	2	-0.039828	0.34073	0.34073	0.704041	157	0	-0.039828
PXDNL	8	0.92122	0.96387	0.999995	830	2	-0.10953	0.8049	0.80503	0.999995	725	0	-0.10953
FCRL3	8	0.9216	0.96409	0.999995	831	2	-0.067328	0.34073	0.34073	0.704041	472	0	-0.067328
NAPB	8	0.92179	0.96417	0.999995	832	2	-0.050141	0.34073	0.34073	0.704041	84	0	-0.050141
TRPC7	8	0.92218	0.96437	0.999995	833	2	-0.11592	0.34073	0.34073	0.704041	144	0	-0.11592
GOLPH3	8	0.92435	0.96545	0.999995	834	2	-0.03092	0.34073	0.34073	0.704041	510	0	-0.03092
SLC25A37	8	0.92445	0.96551	0.999995	835	2	-0.10776	0.34073	0.34073	0.704041	212	0	-0.10776
UTRN	8	0.92471	0.96563	0.999995	836	2	-0.10466	0.85635	0.85615	0.999995	774	0	-0.10466
PLAU	8	0.92481	0.96569	0.999995	837	2	-0.089972	0.80887	0.80892	0.999995	729	0	-0.089972
FAM126A	8	0.92528	0.96594	0.999995	838	2	-0.10566	0.76285	0.76263	0.999995	682	0	-0.10566
RCBTB2	8	0.92574	0.96621	0.999995	839	2	-0.11094	0.34073	0.34073	0.704041	39	0	-0.11094
RNF125	8	0.92611	0.96649	0.999995	840	2	-0.096284	0.34073	0.34073	0.704041	83	0	-0.096284
TAS1R2	8	0.92784	0.96742	0.999995	841	2	-0.071593	0.34073	0.34073	0.704041	246	0	-0.071593
FMR1	8	0.92918	0.96817	0.999995	842	2	-0.059017	0.34073	0.34073	0.704041	482	0	-0.059017
BATF3	8	0.92998	0.96848	0.999995	843	2	-0.10885	0.68778	0.68847	0.999995	628	0	-0.10885
ACTL7A	8	0.93015	0.96855	0.999995	844	2	-0.15916	0.34073	0.34073	0.704041	351	0	-0.15916
BECN2	8	0.9305	0.96867	0.999995	845	2	-0.08501	0.34073	0.34073	0.704041	389	0	-0.08501
LIMK1	8	0.93103	0.96891	0.999995	846	2	-0.10454	0.34073	0.34073	0.704041	428	0	-0.10454
TTC23	8	0.93114	0.96896	0.999995	847	1	-0.047616	0.34073	0.34073	0.704041	156	0	-0.047616
MBP	8	0.93163	0.96927	0.999995	848	2	-0.038945	0.34073	0.34073	0.704041	435	0	-0.038945
SAP30L	8	0.93206	0.9695	0.999995	849	2	-0.095682	0.34073	0.34073	0.704041	226	0	-0.095682
AP5M1	8	0.93283	0.96988	0.999995	850	2	-0.17239	0.90912	0.90837	0.999995	820	0	-0.17239
FXR1	8	0.93309	0.97005	0.999995	851	2	-0.10336	0.34073	0.34073	0.704041	457	0	-0.10336
SLC9A3R2	8	0.93368	0.97027	0.999995	852	2	-0.094282	0.89317	0.89298	0.999995	808	0	-0.094282
GBP3	8	0.93452	0.97069	0.999995	853	2	-0.050997	0.34073	0.34073	0.704041	466	0	-0.050997
AMELX	8	0.93464	0.97076	0.999995	854	1	-0.020497	0.34073	0.34073	0.704041	333	0	-0.020497
SS18	8	0.93486	0.97085	0.999995	855	2	-0.055957	0.34073	0.34073	0.704041	239	0	-0.055957
QSOX1	8	0.93576	0.97141	0.999995	856	2	-0.061662	0.34073	0.34073	0.704041	47	0	-0.061662
CCNE2	8	0.93692	0.97171	0.999995	857	1	-0.14334	0.34073	0.34073	0.704041	372	0	-0.14334
RAP1GAP2	8	0.937	0.97174	0.999995	858	1	-0.061377	0.34073	0.34073	0.704041	37	0	-0.061377
ZG16	8	0.93717	0.97176	0.999995	859	1	-0.096089	0.34073	0.34073	0.704041	175	0	-0.096089
DYNLT1	8	0.93912	0.97218	0.999995	860	1	-0.019519	0.34073	0.34073	0.704041	300	0	-0.019519
HRH3	8	0.94134	0.97267	0.999995	861	1	-0.064537	0.34073	0.34073	0.704041	415	0	-0.064537
CAV1	8	0.94341	0.97309	0.999995	862	1	-0.11422	0.34073	0.34073	0.704041	363	0	-0.11422
PCBD2	8	0.94468	0.97336	0.999995	863	1	-0.070183	0.34073	0.34073	0.704041	88	0	-0.070183
CYFIP1	8	0.94578	0.97352	0.999995	864	1	-0.094029	0.34073	0.34073	0.704041	272	0	-0.094029
FAM126B	8	0.94643	0.97366	0.999995	865	1	-0.11739	0.34073	0.34073	0.704041	474	0	-0.11739
EFR3B	8	0.9465	0.97366	0.999995	866	1	-0.1382	0.85805	0.85786	0.999995	775	0	-0.1382
DDI1	16	0.94767	0.99181	0.999995	867	3	-0.11175	0.56536	0.5633	0.999995	520	0	-0.11175
TTC7B	8	0.94813	0.97407	0.999995	868	1	-0.044317	0.34073	0.34073	0.704041	153	0	-0.044317
RNF113B	8	0.94827	0.97409	0.999995	869	1	-0.083552	0.34073	0.34073	0.704041	82	0	-0.083552
CLCA1	8	0.95019	0.97447	0.999995	870	1	-0.15504	0.92951	0.92876	0.999995	834	0	-0.15504
EPHA3	8	0.95073	0.97453	0.999995	871	1	-0.052042	0.34073	0.34073	0.704041	307	0	-0.052042
ZNF146	8	0.95454	0.9754	0.999995	872	1	-0.005072	0.34073	0.34073	0.704041	186	0	-0.005072
SLC25A15	8	0.9546	0.97542	0.999995	873	1	-0.08608	0.34073	0.34073	0.704041	218	0	-0.08608
SATB1	8	0.95649	0.9758	0.999995	874	1	-0.084393	0.34073	0.34073	0.704041	231	0	-0.084393
DYNC1LI1	7	0.95654	0.96731	0.999995	875	1	-0.016103	0.30549	0.30561	0.704041	29	0	-0.016103
KLK12	8	0.95673	0.97587	0.999995	876	1	-0.05724	0.34073	0.34073	0.704041	443	0	-0.05724
PTPN14	8	0.95691	0.97591	0.999995	877	1	-0.11984	0.34073	0.34073	0.704041	50	0	-0.11984
ENOX2	8	0.95803	0.97618	0.999995	878	1	-0.033145	0.34073	0.34073	0.704041	308	0	-0.033145
ADAP2	8	0.95929	0.9766	0.999995	879	1	-0.10519	0.73098	0.73057	0.999995	658	0	-0.10519
CTPS2	8	0.95979	0.97671	0.999995	880	1	-0.029298	0.34073	0.34073	0.704041	266	0	-0.029298
DYNLT3	6	0.96142	0.96293	0.999995	881	1	-0.012335	0.26836	0.26743	0.704041	9	0	-0.012335
SPATA16	8	0.96144	0.97715	0.999995	882	1	-0.063116	0.34073	0.34073	0.704041	264	0	-0.063116
CLIP4	8	0.9616	0.9772	0.999995	883	1	-0.027721	0.34073	0.34073	0.704041	288	0	-0.027721
ARSJ	8	0.96166	0.97721	0.999995	884	1	-0.10903	0.34073	0.34073	0.704041	381	0	-0.10903
PIP4P2	8	0.9623	0.97735	0.999995	885	1	-0.072311	0.34073	0.34073	0.704041	113	0	-0.072311
MED12L	8	0.96277	0.9775	0.999995	886	1	-0.074532	0.34073	0.34073	0.704041	64	0	-0.074532
FEZ1	8	0.96339	0.97762	0.999995	887	1	-0.019619	0.34073	0.34073	0.704041	473	0	-0.019619
TRAPPC3L	8	0.9638	0.97777	0.999995	888	1	-0.088974	0.34073	0.34073	0.704041	142	0	-0.088974
DNAJC19	6	0.96507	0.96597	0.999995	889	1	-0.03453	0.26836	0.26743	0.704041	11	0	-0.03453
DCAF4L2	8	0.96575	0.97825	0.999995	890	1	-0.058391	0.34073	0.34073	0.704041	275	0	-0.058391
NETO1	8	0.96599	0.97831	0.999995	891	1	-0.028213	0.34073	0.34073	0.704041	104	0	-0.028213
HTR3D	8	0.96637	0.97844	0.999995	892	1	-0.1309	0.34073	0.34073	0.704041	421	0	-0.1309
ADGRG7	8	0.96661	0.97851	0.999995	893	1	-0.13248	0.34073	0.34073	0.704041	355	0	-0.13248
FAM71A	8	0.9668	0.97856	0.999995	894	1	-0.078572	0.59819	0.59864	0.999995	547	0	-0.078572
TNKS2	8	0.96699	0.97862	0.999995	895	1	-0.10739	0.62147	0.62206	0.999995	565	0	-0.10739
COPS7A	8	0.96847	0.97904	0.999995	896	1	-0.074865	0.34073	0.34073	0.704041	294	0	-0.074865
TYMS	8	0.96892	0.9792	0.999995	897	1	-0.039329	0.34073	0.34073	0.704041	151	0	-0.039329
FRY	8	0.96918	0.97929	0.999995	898	1	-0.10243	0.65253	0.65327	0.999995	594	0	-0.10243
TNR	8	0.96923	0.9793	0.999995	899	1	-0.10043	0.62425	0.62487	0.999995	568	0	-0.10043
CAPN2	8	0.97036	0.97964	0.999995	900	1	-0.12647	0.65401	0.65497	0.999995	595	0	-0.12647
ARHGEF6	8	0.97264	0.98037	0.999995	901	1	-0.014964	0.34073	0.34073	0.704041	380	0	-0.014964
PRDM13	8	0.9728	0.98041	0.999995	902	1	-0.040995	0.34073	0.34073	0.704041	124	0	-0.040995
SLC10A2	8	0.97335	0.98058	0.999995	903	1	-0.044734	0.34073	0.34073	0.704041	211	0	-0.044734
STRIP2	8	0.97358	0.98063	0.999995	904	1	-0.036738	0.34073	0.34073	0.704041	238	0	-0.036738
OGDHL	8	0.97431	0.98093	0.999995	905	1	-0.013775	0.34073	0.34073	0.704041	90	0	-0.013775
NR5A1	8	0.97465	0.98111	0.999995	906	1	-0.034826	0.34073	0.34073	0.704041	110	0	-0.034826
RSBN1L	8	0.97505	0.98133	0.999995	907	1	-0.1028	0.76989	0.76974	0.999995	691	0	-0.1028
NDE1	8	0.97513	0.98137	0.999995	908	1	-0.0054348	0.34073	0.34073	0.704041	134	0	-0.0054348
INTS6L	8	0.97557	0.98156	0.999995	909	1	-0.089965	0.34073	0.34073	0.704041	393	0	-0.089965
CHMP1B	8	0.97582	0.98163	0.999995	910	1	-0.063826	0.34073	0.34073	0.704041	287	0	-0.063826
RPL3L	8	0.97589	0.98168	0.999995	911	1	-0.11368	0.62936	0.6299	0.999995	573	0	-0.11368
RHBDF2	8	0.97596	0.98171	0.999995	912	1	-0.096711	0.34073	0.34073	0.704041	41	0	-0.096711
TPBG	8	0.9761	0.98177	0.999995	913	1	-0.085327	0.90422	0.90355	0.999995	816	0	-0.085327
RSPH1	8	0.97663	0.98196	0.999995	914	1	-0.025539	0.34073	0.34073	0.704041	67	0	-0.025539
SPTA1	8	0.9768	0.98202	0.999995	915	1	-0.074463	0.34073	0.34073	0.704041	258	0	-0.074463
RBPJ	8	0.97691	0.9821	0.999995	916	1	-0.033423	0.34073	0.34073	0.704041	34	0	-0.033423
ZDHHC17	8	0.97711	0.9822	0.999995	917	1	-0.02468	0.34073	0.34073	0.704041	176	0	-0.02468
GPR183	8	0.97725	0.98229	0.999995	918	1	-0.034639	0.34073	0.34073	0.704041	492	0	-0.034639
ERO1A	8	0.97735	0.98232	0.999995	919	1	-0.070456	0.34073	0.34073	0.704041	495	0	-0.070456
XPR1	8	0.97809	0.98264	0.999995	920	1	-0.12214	0.68644	0.68718	0.999995	627	0	-0.12214
HTR3E	8	0.97812	0.98265	0.999995	921	1	-0.10487	0.34073	0.34073	0.704041	422	0	-0.10487
JAG1	8	0.97831	0.98276	0.999995	922	1	-0.03177	0.34073	0.34073	0.704041	401	0	-0.03177
ABCB1	8	0.97857	0.98286	0.999995	923	1	-0.083383	0.34073	0.34073	0.704041	348	0	-0.083383
GDI1	8	0.97889	0.98302	0.999995	924	1	-0.081052	0.34073	0.34073	0.704041	504	0	-0.081052
OSMR	8	0.97937	0.98323	0.999995	925	1	-0.065648	0.34073	0.34073	0.704041	91	0	-0.065648
CNOT6L	6	0.97984	0.9797	0.999995	926	0	-0.069233	0.26836	0.26743	0.704041	4	0	-0.069233
IKBKE	8	0.97995	0.98349	0.999995	927	1	-0.099861	0.61948	0.62002	0.999995	563	0	-0.099861
IL6ST	8	0.98016	0.98364	0.999995	928	1	-0.10741	0.34073	0.34073	0.704041	395	0	-0.10741
GLT6D1	8	0.98085	0.98401	0.999995	929	1	-0.10128	0.34073	0.34073	0.704041	512	0	-0.10128
KRTAP1-1	8	0.98128	0.98423	0.999995	930	1	-0.015025	0.34073	0.34073	0.704041	452	0	-0.015025
HMSD	8	0.98137	0.98428	0.999995	931	1	-0.083702	0.34073	0.34073	0.704041	408	0	-0.083702
MTUS1	8	0.98142	0.98429	0.999995	932	1	-0.020124	0.34073	0.34073	0.704041	114	0	-0.020124
TNKS	8	0.98204	0.98467	0.999995	933	1	-0.080771	0.71244	0.71241	0.999995	644	0	-0.080771
CLTB	8	0.98212	0.9847	0.999995	934	1	-0.11899	0.766	0.7658	0.999995	687	0	-0.11899
REG3A	8	0.98327	0.98533	0.999995	935	1	-0.088089	0.72921	0.72872	0.999995	657	0	-0.088089
SUSD1	8	0.98389	0.98569	0.999995	936	1	-0.037591	0.34073	0.34073	0.704041	242	0	-0.037591
H2BFM	8	0.98399	0.9858	0.999995	937	1	-0.030879	0.34073	0.34073	0.704041	493	0	-0.030879
GRM4	8	0.98411	0.9859	0.999995	938	1	-0.085285	0.34073	0.34073	0.704041	487	0	-0.085285
KRT37	8	0.98419	0.98594	0.999995	939	1	-0.090158	0.34073	0.34073	0.704041	441	0	-0.090158
TXNDC8	8	0.98448	0.98615	0.999995	940	1	-0.05734	0.34073	0.34073	0.704041	150	0	-0.05734
ATOH1	8	0.98453	0.98618	0.999995	941	1	-0.082464	0.34073	0.34073	0.704041	376	0	-0.082464
PHLDA3	8	0.98524	0.98654	0.999995	942	1	-0.078554	0.74875	0.74848	0.999995	670	0	-0.078554
CTCFL	8	0.98527	0.98654	0.999995	943	1	-0.044994	0.34073	0.34073	0.704041	268	0	-0.044994
SOHLH1	8	0.98538	0.98664	0.999995	944	1	-0.11384	0.82949	0.82922	0.999995	751	0	-0.11384
CD163L1	8	0.98579	0.98687	0.999995	945	1	-0.012574	0.34073	0.34073	0.704041	374	0	-0.012574
HEATR5B	8	0.98593	0.98698	0.999995	946	1	-0.068063	0.34073	0.34073	0.704041	413	0	-0.068063
ZNF260	8	0.98595	0.987	0.999995	947	1	-0.052554	0.34073	0.34073	0.704041	187	0	-0.052554
SUV39H1	8	0.9861	0.98711	0.999995	948	1	-0.011384	0.34073	0.34073	0.704041	247	0	-0.011384
CAT	8	0.98671	0.98748	0.999995	949	1	-0.090909	0.6779	0.67876	0.999995	620	0	-0.090909
PLD1	8	0.98703	0.98769	0.999995	950	1	-0.072367	0.34073	0.34073	0.704041	128	0	-0.072367
FAM71B	8	0.98705	0.98769	0.999995	951	1	-0.093586	0.82058	0.82052	0.999995	739	0	-0.093586
EXOC6	8	0.98711	0.98772	0.999995	952	1	-0.079442	0.34073	0.34073	0.704041	475	0	-0.079442
NXT2	8	0.98774	0.98817	0.999995	953	1	-0.15072	0.34073	0.34073	0.704041	89	0	-0.15072
XDH	8	0.98795	0.98826	0.999995	954	1	-0.073605	0.34073	0.34073	0.704041	199	0	-0.073605
PLCG1	8	0.98807	0.98834	0.999995	955	1	-0.078415	0.34073	0.34073	0.704041	132	0	-0.078415
TREM2	8	0.98811	0.98839	0.999995	956	1	-0.056826	0.81449	0.81455	0.999995	732	0	-0.056826
FSD1L	8	0.98843	0.98857	0.999995	957	1	-0.027793	0.34073	0.34073	0.704041	459	0	-0.027793
RTP1	8	0.98873	0.9888	0.999995	958	1	-0.058776	0.34073	0.34073	0.704041	141	0	-0.058776
NOX3	8	0.98876	0.98881	0.999995	959	1	-0.052823	0.34073	0.34073	0.704041	102	0	-0.052823
CPS1	8	0.98891	0.9889	0.999995	960	1	-0.066251	0.34073	0.34073	0.704041	291	0	-0.066251
DPCR1	8	0.98909	0.98897	0.999995	961	1	-0.066625	0.34073	0.34073	0.704041	323	0	-0.066625
RSC1A1	8	0.98918	0.98907	0.999995	962	1	-0.094605	0.34073	0.34073	0.704041	66	0	-0.094605
KCNG4	8	0.98932	0.98922	0.999995	963	1	-0.1427	0.34073	0.34073	0.704041	423	0	-0.1427
SEC14L3	8	0.98944	0.98935	0.999995	964	1	-0.032768	0.34073	0.34073	0.704041	229	0	-0.032768
PRSS37	8	0.98977	0.98969	0.999995	965	1	-0.083031	0.79487	0.79453	0.999995	715	0	-0.083031
PDS5B	8	0.98987	0.98988	0.999995	966	1	-0.12222	0.86303	0.86245	0.999995	780	0	-0.12222
ERN1	8	0.98997	0.98993	0.999995	967	1	-0.061669	0.34073	0.34073	0.704041	458	0	-0.061669
DUOX2	8	0.99	0.98994	0.999995	968	1	-0.057444	0.34073	0.34073	0.704041	301	0	-0.057444
FLNB	7	0.99001	0.98983	0.999995	969	0	-0.081486	0.30549	0.30561	0.704041	23	0	-0.081486
SLC22A13	8	0.9902	0.99008	0.999995	970	1	-0.094374	0.7861	0.78612	0.999995	707	0	-0.094374
POU5F2	8	0.99023	0.99015	0.999995	971	1	-0.075353	0.34073	0.34073	0.704041	135	0	-0.075353
CDNF	8	0.99031	0.99017	0.999995	972	1	-0.082104	0.34073	0.34073	0.704041	370	0	-0.082104
EAF2	8	0.99036	0.99023	0.999995	973	1	-0.10452	0.79206	0.79193	0.999995	713	0	-0.10452
SUV39H2	7	0.99143	0.99109	0.999995	974	0	-0.072896	0.6416	0.64077	0.999995	583	0	-0.072896
LDB2	8	0.99146	0.99127	0.999995	975	1	-0.033984	0.34073	0.34073	0.704041	448	0	-0.033984
SLC35F4	8	0.99151	0.99133	0.999995	976	0	-0.11597	0.84868	0.84858	0.999995	768	0	-0.11597
ATAD2B	8	0.99156	0.99141	0.999995	977	0	-0.087858	0.72261	0.72224	0.999995	652	0	-0.087858
MDM4	8	0.99174	0.99157	0.999995	978	0	-0.10148	0.73187	0.73127	0.999995	660	0	-0.10148
SIRPA	6	0.99175	0.99181	0.999995	979	0	-0.054374	0.65731	0.65896	0.999995	599	0	-0.054374
GPR50	8	0.9918	0.99168	0.999995	980	0	-0.081247	0.65621	0.65721	0.999995	596	0	-0.081247
SLITRK1	8	0.99181	0.99171	0.999995	981	0	-0.16938	0.68407	0.68474	0.999995	624	0	-0.16938
KPNA3	8	0.99182	0.99173	0.999995	982	0	-0.15569	0.96874	0.96812	0.999995	890	0	-0.15569
TRPM1	8	0.99187	0.99178	0.999995	983	0	-0.055931	0.34073	0.34073	0.704041	149	0	-0.055931
EZH2	8	0.99242	0.99236	0.999995	984	0	-0.011298	0.34073	0.34073	0.704041	477	0	-0.011298
PPP2R1B	8	0.99256	0.99251	0.999995	985	0	-0.052551	0.34073	0.34073	0.704041	127	0	-0.052551
SPTLC3	8	0.99285	0.99278	0.999995	986	0	-0.02856	0.34073	0.34073	0.704041	259	0	-0.02856
NCK2	8	0.99305	0.99302	0.999995	987	0	-0.078842	0.34073	0.34073	0.704041	136	0	-0.078842
IL6R	8	0.9933	0.99325	0.999995	988	0	-0.050092	0.34073	0.34073	0.704041	398	0	-0.050092
KRT38	8	0.99338	0.99332	0.999995	989	0	-0.072309	0.34073	0.34073	0.704041	442	0	-0.072309
IAPP	8	0.99361	0.99359	0.999995	990	0	-0.041665	0.34073	0.34073	0.704041	419	0	-0.041665
DYNC1LI2	8	0.99369	0.99371	0.999995	991	0	-0.061782	0.34073	0.34073	0.704041	303	0	-0.061782
HPS1	8	0.99413	0.99407	0.999995	992	0	-0.089666	0.77372	0.77351	0.999995	694	0	-0.089666
RANBP17	8	0.9942	0.99415	0.999995	993	0	-0.063205	0.67547	0.67653	0.999995	617	0	-0.063205
STAM2	8	0.99433	0.99426	0.999995	994	0	-0.10417	0.34073	0.34073	0.704041	240	0	-0.10417
TOMM40L	8	0.9944	0.99435	0.999995	995	0	-0.080385	0.34073	0.34073	0.704041	166	0	-0.080385
ATP7B	8	0.99444	0.99439	0.999995	996	0	-0.07557	0.64357	0.64449	0.999995	586	0	-0.07557
LNX1	8	0.99449	0.99449	0.999995	997	0	-0.063821	0.65694	0.65804	0.999995	597	0	-0.063821
SEC11C	8	0.99457	0.99459	0.999995	998	0	-0.02839	0.34073	0.34073	0.704041	228	0	-0.02839
CAB39L	8	0.99463	0.99462	0.999995	999	0	-0.046079	0.34073	0.34073	0.704041	386	0	-0.046079
ADARB2	8	0.99466	0.99464	0.999995	1000	0	-0.065609	0.34073	0.34073	0.704041	358	0	-0.065609
PSEN2	8	0.99467	0.99464	0.999995	1001	0	-0.044585	0.34073	0.34073	0.704041	121	0	-0.044585
GSX2	8	0.99531	0.9953	0.999995	1002	0	-0.041481	0.34073	0.34073	0.704041	497	0	-0.041481
CYP7A1	8	0.99548	0.99541	0.999995	1003	0	-0.085152	0.34073	0.34073	0.704041	273	0	-0.085152
IDH3B	8	0.99558	0.99549	0.999995	1004	0	-0.080193	0.34073	0.34073	0.704041	418	0	-0.080193
IQCA1L	8	0.99575	0.99567	0.999995	1005	0	-0.061929	0.34073	0.34073	0.704041	399	0	-0.061929
DMD	8	0.99585	0.9958	0.999995	1006	0	-0.055822	0.34073	0.34073	0.704041	327	0	-0.055822
GSX1	8	0.99587	0.99585	0.999995	1007	0	-0.12638	0.93069	0.92994	0.999995	836	0	-0.12638
UAP1	8	0.99598	0.99593	0.999995	1008	0	-0.10227	0.34073	0.34073	0.704041	152	0	-0.10227
GRIP2	8	0.99621	0.99617	0.999995	1009	0	-0.078211	0.34073	0.34073	0.704041	486	0	-0.078211
EFNB1	8	0.99628	0.99624	0.999995	1010	0	-0.044546	0.34073	0.34073	0.704041	309	0	-0.044546
RC3H1	8	0.9963	0.99624	0.999995	1011	0	-0.017771	0.34073	0.34073	0.704041	42	0	-0.017771
CRX	8	0.9964	0.99632	0.999995	1012	0	-0.13623	0.34073	0.34073	0.704041	270	0	-0.13623
AIPL1	8	0.99641	0.99633	0.999995	1013	0	-0.089995	0.34073	0.34073	0.704041	354	0	-0.089995
LNX2	8	0.99652	0.99645	0.999995	1014	0	-0.047681	0.722	0.72148	0.999995	651	0	-0.047681
SCN10A	8	0.9966	0.99652	0.999995	1015	0	-0.049678	0.34073	0.34073	0.704041	227	0	-0.049678
ADARB1	8	0.99671	0.99659	0.999995	1016	0	-0.054934	0.6394	0.64038	0.999995	582	0	-0.054934
ERC2	8	0.99702	0.99687	0.999995	1017	0	-0.080415	0.6908	0.69158	0.999995	632	0	-0.080415
HRH1	8	0.99705	0.99692	0.999995	1018	0	-0.090584	0.34073	0.34073	0.704041	410	0	-0.090584
CLASP2	8	0.99711	0.99702	0.999995	1019	0	-0.025542	0.34073	0.34073	0.704041	282	0	-0.025542
STX17	8	0.99713	0.99705	0.999995	1020	0	-0.052008	0.34073	0.34073	0.704041	235	0	-0.052008
LHFPL5	8	0.99719	0.99713	0.999995	1021	0	-0.094742	0.34073	0.34073	0.704041	449	0	-0.094742
NR5A2	8	0.99725	0.99718	0.999995	1022	0	-0.084987	0.34073	0.34073	0.704041	111	0	-0.084987
NCBP2L	8	0.99726	0.99718	0.999995	1023	0	-0.018209	0.34073	0.34073	0.704041	117	0	-0.018209
PLD2	8	0.99731	0.99726	0.999995	1024	0	-0.057819	0.34073	0.34073	0.704041	129	0	-0.057819
RYBP	7	0.99741	0.99721	0.999995	1025	0	-0.035387	0.30549	0.30561	0.704041	25	0	-0.035387
RNF144A	8	0.99745	0.99744	0.999995	1026	0	-0.056349	0.34073	0.34073	0.704041	71	0	-0.056349
CDK16	8	0.99747	0.99745	0.999995	1027	0	-0.082107	0.61304	0.61373	0.999995	557	0	-0.082107
DRD3	8	0.99749	0.99747	0.999995	1028	0	-0.10846	0.75069	0.75041	0.999995	672	0	-0.10846
STX4	8	0.9978	0.9978	0.999995	1029	0	-0.022215	0.34073	0.34073	0.704041	236	0	-0.022215
TBC1D1	8	0.99787	0.99787	0.999995	1030	0	-0.074269	0.34073	0.34073	0.704041	243	0	-0.074269
CHRNB3	8	0.99794	0.99793	0.999995	1031	0	-0.091986	0.34073	0.34073	0.704041	284	0	-0.091986
ZDHHC13	8	0.99797	0.99796	0.999995	1032	0	-0.052691	0.34073	0.34073	0.704041	179	0	-0.052691
GIT1	8	0.99802	0.99799	0.999995	1033	0	-0.07054	0.34073	0.34073	0.704041	502	0	-0.07054
YIPF7	8	0.99813	0.9981	0.999995	1034	0	-0.042253	0.34073	0.34073	0.704041	178	0	-0.042253
G6PC	8	0.99819	0.99816	0.999995	1035	0	-0.099569	0.34073	0.34073	0.704041	463	0	-0.099569
MPC1L	8	0.99824	0.99818	0.999995	1036	0	-0.038449	0.34073	0.34073	0.704041	54	0	-0.038449
RANBP6	6	0.99867	0.99867	0.999995	1037	0	-0.061445	0.26836	0.26743	0.704041	12	0	-0.061445
PPP2CB	6	0.99878	0.99878	0.999995	1038	0	-0.044905	0.26836	0.26743	0.704041	3	0	-0.044905
EGFR	8	0.99899	0.99895	0.999995	1039	0	-0.029391	0.34073	0.34073	0.704041	310	0	-0.029391
GXYLT2	8	0.99906	0.99899	0.999995	1040	0	-0.025784	0.34073	0.34073	0.704041	499	0	-0.025784
RHOBTB2	8	0.99916	0.99905	0.999995	1041	0	-0.067165	0.34073	0.34073	0.704041	75	0	-0.067165
DYNLRB2	8	0.99917	0.99906	0.999995	1042	0	-0.051202	0.71119	0.71115	0.999995	643	0	-0.051202
GBX1	8	0.99918	0.99907	0.999995	1043	0	0	0.34073	0.34073	0.704041	505	0	0
MEP1B	8	0.99918	0.99907	0.999995	1044	0	-0.071975	0.34073	0.34073	0.704041	60	0	-0.071975
CAB39	8	0.99925	0.99914	0.999995	1045	0	-0.0066529	0.34073	0.34073	0.704041	385	0	-0.0066529
MAP4K4	8	0.99944	0.9993	0.999995	1046	0	0	0.34073	0.34073	0.704041	436	0	0
SHCBP1L	8	0.99954	0.99944	0.999995	1047	0	-0.059711	0.34073	0.34073	0.704041	210	0	-0.059711
ITSN2	8	0.99961	0.99952	0.999995	1048	0	-0.011964	0.34073	0.34073	0.704041	400	0	-0.011964
DGAT2L6	8	0.99966	0.99956	0.999995	1049	0	-0.011851	0.34073	0.34073	0.704041	315	0	-0.011851
ALAS2	8	0.99968	0.99958	0.999995	1050	0	-0.030181	0.57805	0.57817	0.999995	531	0	-0.030181
FRYL	8	0.99973	0.99968	0.999995	1051	0	-0.013066	0.34073	0.34073	0.704041	462	0	-0.013066
AQP8	8	0.99982	0.99973	0.999995	1052	0	-0.026182	0.34073	0.34073	0.704041	342	0	-0.026182
TMEM185A	8	0.99986	0.9998	0.999995	1053	0	-0.032383	0.34073	0.34073	0.704041	169	0	-0.032383
TEX45	8	0.99988	0.99984	0.999995	1054	0	-0.058948	0.63092	0.63151	0.999995	577	0	-0.058948
RC3H2	8	0.99997	0.99999	0.999995	1055	0	-0.0077313	0.34073	0.34073	0.704041	43	0	-0.0077313
RUNX1	8	0.99997	0.99999	0.999995	1056	0	-0.0026306	0.34073	0.34073	0.704041	223	0	-0.0026306
RB1	8	1.0	1.0	0.999995	1057	0	0	0.34073	0.34073	0.704041	32	0	0
SIK2	8	1.0	1.0	0.999995	1058	0	0	0.34073	0.34073	0.704041	204	0	0
TP53	8	1.0	1.0	0.999995	1059	0	0	0.34073	0.34073	0.704041	146	0	0
safe_control	74	1.0	1.0	0.999995	1060	2	-0.0081812	0.9788	0.97847	0.999995	906	0	-0.0081812
