id	num	neg|score	neg|p-value	neg|fdr	neg|rank	neg|goodsgrna	neg|lfc	pos|score	pos|p-value	pos|fdr	pos|rank	pos|goodsgrna	pos|lfc
MYC	8	4.7757e-09	4.6747e-06	0.00099	1	8	-0.95715	1.0	1.0	0.999995	1059	0	-0.95715
RRM1	8	1.9678e-07	4.6747e-06	0.00099	2	8	-1.2476	0.99997	0.99998	0.999995	1055	0	-1.2476
E2F3	3	6.8165e-07	4.6747e-06	0.00099	3	3	-1.3105	1.0	1.0	0.999995	1058	0	-1.3105
RRM2	4	7.432e-07	4.6747e-06	0.00099	4	2	-1.03	0.73869	0.73834	0.999995	746	0	-1.03
NAE1	8	7.6133e-07	4.6747e-06	0.00099	5	7	-0.63555	0.85628	0.85579	0.999995	858	0	-0.63555
BUB3	4	2.9306e-06	2.3373e-05	0.003094	6	4	-1.1776	0.99994	0.99996	0.999995	1049	0	-1.1776
CCND1	4	2.944e-06	2.3373e-05	0.003094	7	4	-1.341	1.0	1.0	0.999995	1057	0	-1.341
ALDOA	4	3.6685e-06	2.3373e-05	0.003094	8	4	-1.3916	0.99413	0.99417	0.999995	1012	0	-1.3916
RPP21	4	7.9841e-06	3.2723e-05	0.00385	9	4	-1.3551	0.99999	1.0	0.999995	1056	0	-1.3551
PRPF8	4	2.893e-05	8.8819e-05	0.008551	10	4	-1.0412	0.99997	1.0	0.999995	1054	0	-1.0412
POLR2L	4	3.1611e-05	8.8819e-05	0.008551	11	4	-1.755	0.99997	1.0	0.999995	1053	0	-1.755
PDCD6IP	4	4.0778e-05	0.00011687	0.010282	12	4	-0.93302	0.99996	0.99999	0.999995	1052	0	-0.93302
COPA	4	4.5263e-05	0.00012622	0.010282	13	4	-1.1676	0.99995	0.99998	0.999995	1051	0	-1.1676
NKAP	4	4.9e-05	0.00014492	0.010962	14	4	-0.93354	0.99995	0.99998	0.999995	1050	0	-0.93354
MTG2	4	6.478e-05	0.00021971	0.014542	15	4	-0.81345	0.99987	0.99988	0.999995	1045	0	-0.81345
CHORDC1	3	7.4758e-05	0.00021036	0.014542	16	3	-1.1728	0.99993	0.99991	0.999995	1048	0	-1.1728
SF3B3	4	8.6983e-05	0.000388	0.02417	17	4	-1.074	0.99991	0.99991	0.999995	1047	0	-1.074
ATP6V1B2	4	0.00012945	0.00060303	0.035479	18	4	-0.84425	0.99987	0.99988	0.999995	1046	0	-0.84425
PAF1	4	0.00016171	0.00078067	0.038479	19	4	-0.62437	0.99984	0.99987	0.999995	1044	0	-0.62437
SF3A1	4	0.00016489	0.00079937	0.038479	20	3	-1.0858	0.33799	0.33672	0.628905	253	0	-1.0858
FZR1	4	0.00016578	0.00079937	0.038479	21	4	-0.58921	0.99983	0.99986	0.999995	1043	0	-0.58921
NAA10	4	0.00018733	0.00087417	0.04025	22	4	-0.77814	0.99981	0.99983	0.999995	1042	0	-0.77814
INTS6	3	0.00020318	0.00065913	0.036738	23	3	-1.6424	0.9998	0.99982	0.999995	1041	0	-1.6424
TOMM22	4	0.00021589	0.00093026	0.041048	24	4	-0.73784	0.99978	0.99977	0.999995	1040	0	-0.73784
CLTC	4	0.00028679	0.0012855	0.054455	25	4	-0.62991	0.99971	0.99969	0.999995	1039	0	-0.62991
ASF1B	8	0.00029927	0.0019587	0.067296	26	7	-0.60622	0.56175	0.56066	0.999995	581	0	-0.60622
CDIPT	4	0.00031926	0.0013977	0.056931	27	3	-0.75919	0.33799	0.33672	0.628905	410	0	-0.75919
SF3B1	4	0.00036741	0.0015847	0.062156	28	3	-0.88122	0.78529	0.7863	0.999995	792	0	-0.88122
HSCB	4	0.00042627	0.001725	0.06524	29	3	-1.1291	0.97305	0.97312	0.999995	976	0	-1.1291
RPRD1B	4	0.00047334	0.0019119	0.067296	30	4	-0.62843	0.99953	0.99956	0.999995	1038	0	-0.62843
TIMM10	4	0.00050419	0.0020335	0.067296	31	4	-0.82886	0.9995	0.99953	0.999995	1037	0	-0.82886
HUS1	4	0.00050469	0.0020335	0.067296	32	3	-0.94302	0.97705	0.97715	0.999995	980	0	-0.94302
TOP2A	4	0.00052341	0.002127	0.068257	33	4	-0.7037	0.99948	0.99952	0.999995	1036	0	-0.7037
RPL3	7	0.00055903	0.0036416	0.098883	34	4	-0.85349	0.51414	0.51547	0.957695	570	0	-0.85349
RNF113A	4	0.00061533	0.0023888	0.074257	35	3	-1.0685	0.33799	0.33672	0.628905	78	0	-1.0685
GTF3C1	4	0.00063913	0.0024542	0.074257	36	4	-0.56409	0.99936	0.99945	0.999995	1035	0	-0.56409
KIF11	4	0.00066208	0.0025477	0.074945	37	4	-1.0171	0.99934	0.99942	0.999995	1034	0	-1.0171
SMARCA4	4	0.00074973	0.0029123	0.083356	38	3	-0.99479	0.33799	0.33672	0.628905	238	0	-0.99479
THRAP3	4	0.00078619	0.0029965	0.083507	39	4	-0.63353	0.99921	0.99931	0.999995	1033	0	-0.63353
AKIRIN2	4	0.0010621	0.0039969	0.103236	40	4	-0.82293	0.99747	0.99749	0.999995	1021	0	-0.82293
PRKDC	8	0.0011023	0.0061753	0.125762	41	7	-0.3895	0.56175	0.56066	0.999995	580	0	-0.3895
RPS19	4	0.00112	0.0042306	0.106671	42	4	-0.88333	0.99888	0.99904	0.999995	1032	0	-0.88333
SIN3A	4	0.0012027	0.0045485	0.109214	43	4	-0.89743	0.99263	0.99255	0.999995	1007	0	-0.89743
STT3B	4	0.0012209	0.0046046	0.109214	44	4	-0.65258	0.99878	0.99891	0.999995	1031	0	-0.65258
MRPL38	4	0.0012647	0.0047355	0.109214	45	3	-0.68532	0.78022	0.78152	0.999995	787	0	-0.68532
CCND3	4	0.0013091	0.0048944	0.109214	46	4	-0.4221	0.99869	0.99882	0.999995	1030	0	-0.4221
SBNO1	4	0.0013156	0.0049131	0.109214	47	4	-1.1108	0.99868	0.99881	0.999995	1029	0	-1.1108
SMC1A	4	0.0013483	0.0050533	0.109214	48	4	-0.67047	0.99865	0.99877	0.999995	1028	0	-0.67047
TOP1	4	0.0014019	0.0053712	0.113762	49	4	-0.80117	0.9986	0.99869	0.999995	1027	0	-0.80117
DYNLRB1	3	0.0014162	0.0039782	0.103236	50	3	-0.74836	0.99858	0.99843	0.999995	1026	0	-0.74836
NXT1	4	0.0015211	0.0058574	0.121627	51	4	-0.44978	0.99848	0.99854	0.999995	1025	0	-0.44978
DHX9	3	0.0018123	0.005044	0.109214	52	3	-0.87543	0.99819	0.99807	0.999995	1024	0	-0.87543
MED18	8	0.0019593	0.010682	0.180182	53	6	-0.43151	0.84043	0.83992	0.999995	843	0	-0.43151
SNRPD3	4	0.0020369	0.0075403	0.150663	54	3	-0.9656	0.33799	0.33672	0.628905	231	0	-0.9656
ATP6V1C1	4	0.0022547	0.0082976	0.162725	55	4	-0.72941	0.99775	0.99776	0.999995	1023	0	-0.72941
ASF1A	4	0.0023448	0.0085968	0.165527	56	3	-0.6106	0.89501	0.89521	0.999995	893	0	-0.6106
KAT6A	4	0.0024194	0.0089614	0.166667	57	4	-0.703	0.98712	0.98721	0.999995	992	0	-0.703
ZNF407	4	0.0024244	0.0089707	0.166667	58	4	-0.95677	0.99758	0.99762	0.999995	1022	0	-0.95677
PPP4C	4	0.0025967	0.0094943	0.17335	59	3	-0.72147	0.97835	0.97843	0.999995	982	0	-0.72147
MED12	4	0.0026882	0.0097654	0.17335	60	3	-0.70644	0.97534	0.97539	0.999995	979	0	-0.70644
PPP2CA	8	0.0027008	0.014739	0.226216	61	6	-0.61265	0.56175	0.56066	0.999995	577	0	-0.61265
CTR9	4	0.0027022	0.0098215	0.17335	62	4	-0.54727	0.9973	0.99732	0.999995	1020	0	-0.54727
TRAPPC3	4	0.0028032	0.01013	0.175864	63	3	-0.68707	0.7577	0.75773	0.999995	762	0	-0.68707
ABT1	4	0.002976	0.010719	0.180182	64	3	-0.83977	0.92037	0.92032	0.999995	915	0	-0.83977
SAFB2	4	0.0031505	0.011345	0.187732	65	4	-0.58491	0.99685	0.99698	0.999995	1019	0	-0.58491
GAPDH	4	0.0032261	0.011598	0.188957	66	4	-0.78069	0.99677	0.99688	0.999995	1018	0	-0.78069
RB1	4	0.0034135	0.012206	0.195845	67	3	-0.61597	0.33799	0.33672	0.628905	31	0	-0.61597
KIF4A	4	0.0036944	0.013075	0.206665	68	4	-0.6708	0.99631	0.9963	0.999995	1017	0	-0.6708
SF3B5	4	0.0039665	0.014001	0.21804	69	3	-0.8969	0.78882	0.78968	0.999995	796	0	-0.8969
AHCYL1	4	0.0043806	0.015151	0.229208	70	3	-0.58617	0.33799	0.33672	0.628905	397	0	-0.58617
FANCM	4	0.0048477	0.016731	0.245287	71	2	-0.7825	0.95141	0.95179	0.999995	954	0	-0.7825
FOXK2	4	0.0048506	0.016749	0.245287	72	4	-0.4882	0.99515	0.9952	0.999995	1016	0	-0.4882
RIC8A	4	0.0049025	0.016908	0.245287	73	4	-0.54354	0.9951	0.99517	0.999995	1015	0	-0.54354
SEPHS2	4	0.0050967	0.017619	0.248111	74	4	-0.55224	0.9949	0.995	0.999995	1014	0	-0.55224
SFPQ	4	0.0051531	0.017797	0.248111	75	3	-0.34049	0.95609	0.9567	0.999995	959	0	-0.34049
PCGF1	4	0.0051561	0.017806	0.248111	76	3	-0.30367	0.33799	0.33672	0.628905	146	0	-0.30367
MED13L	4	0.0052597	0.018124	0.249261	77	4	-0.52199	0.99474	0.99478	0.999995	1013	0	-0.52199
RPS5	4	0.0056465	0.019405	0.26012	78	3	-0.73078	0.33799	0.33672	0.628905	51	0	-0.73078
BAP1	4	0.0059457	0.02033	0.265697	79	4	-0.41412	0.99215	0.99207	0.999995	1003	0	-0.41412
RPL36	4	0.0060121	0.020573	0.265697	80	4	-0.70019	0.99399	0.99396	0.999995	1011	0	-0.70019
RHBDF1	4	0.0062799	0.021284	0.271561	81	4	-0.36062	0.99372	0.9936	0.999995	1010	0	-0.36062
KIF20A	8	0.00631	0.031147	0.325228	82	6	-0.38466	0.56175	0.56066	0.999995	582	0	-0.38466
CAND1	4	0.0064041	0.021695	0.273515	83	3	-0.56298	0.94762	0.94769	0.999995	948	0	-0.56298
CCT6A	3	0.0068834	0.018573	0.252158	84	2	-0.76671	0.85559	0.85583	0.999995	856	0	-0.76671
COPZ1	4	0.007022	0.023565	0.287184	85	1	-0.069404	0.33799	0.33672	0.628905	295	0	-0.069404
MED13	4	0.0071138	0.023836	0.287184	86	4	-0.72573	0.99041	0.99038	0.999995	999	0	-0.72573
RNF40	4	0.0071525	0.024014	0.287184	87	4	-0.49222	0.98933	0.98921	0.999995	996	0	-0.49222
TSG101	4	0.0071836	0.024135	0.287184	88	4	-0.56906	0.99282	0.99275	0.999995	1008	0	-0.56906
TUFM	3	0.0074148	0.019909	0.263552	89	2	-0.91696	0.75077	0.7511	0.999995	758	0	-0.91696
XRCC6	4	0.0074656	0.025024	0.292779	90	4	-0.37748	0.99253	0.99247	0.999995	1006	0	-0.37748
ZMIZ2	4	0.0076097	0.025435	0.292779	91	4	-0.33617	0.99239	0.99227	0.999995	1005	0	-0.33617
MED20	4	0.0077069	0.025753	0.29325	92	4	-0.60282	0.99229	0.9922	0.999995	1004	0	-0.60282
CCNL1	4	0.0080293	0.02695	0.300417	93	4	-0.48623	0.99197	0.9919	0.999995	1002	0	-0.48623
FOXK1	4	0.0084398	0.028137	0.310386	94	4	-0.39833	0.99156	0.99146	0.999995	1001	0	-0.39833
ELL	4	0.0085493	0.028464	0.310758	95	3	-0.65892	0.97522	0.97529	0.999995	978	0	-0.65892
PSMB3	3	0.0085559	0.022883	0.28509	96	3	-0.79878	0.99144	0.99156	0.999995	1000	0	-0.79878
CTNNB1	4	0.0087242	0.028941	0.31274	97	3	-0.41429	0.33799	0.33672	0.628905	304	0	-0.41429
RPL10A	4	0.0089908	0.029717	0.317882	98	3	-0.84458	0.95352	0.95407	0.999995	955	0	-0.84458
CLNS1A	3	0.0094747	0.025229	0.292779	99	2	-0.40613	0.93621	0.93554	0.999995	933	0	-0.40613
TCERG1	4	0.0095218	0.031325	0.325228	100	3	-0.59601	0.87042	0.87095	0.999995	872	0	-0.59601
LONP1	4	0.0096799	0.031821	0.327165	101	3	-0.64963	0.33799	0.33672	0.628905	472	0	-0.64963
TNPO1	3	0.0098535	0.02608	0.293817	102	3	-0.5219	0.99015	0.99019	0.999995	998	0	-0.5219
FAM50A	4	0.0099505	0.032737	0.332532	103	3	-0.81207	0.92383	0.92378	0.999995	919	0	-0.81207
MTHFD1	4	0.010031	0.032971	0.332532	104	4	-0.48217	0.98997	0.99001	0.999995	997	0	-0.48217
SNRPB	4	0.0108	0.03542	0.353867	105	3	-0.54701	0.33799	0.33672	0.628905	232	0	-0.54701
SF1	4	0.011157	0.036636	0.362589	106	3	-0.65427	0.7926	0.79381	0.999995	799	0	-0.65427
RPL13	3	0.01167	0.03068	0.324901	107	3	-0.75265	0.98833	0.9884	0.999995	995	0	-0.75265
NCBP2	4	0.011683	0.03829	0.36986	108	1	-0.13135	0.33799	0.33672	0.628905	85	0	-0.13135
CDK2	4	0.011732	0.038468	0.36986	109	3	-0.98264	0.92505	0.9251	0.999995	921	0	-0.98264
POLR2A	4	0.011804	0.038664	0.36986	110	4	-0.40965	0.9882	0.98823	0.999995	994	0	-0.40965
VMP1	4	0.011839	0.038767	0.36986	111	3	-0.74705	0.96903	0.96932	0.999995	972	0	-0.74705
SF3B2	4	0.011989	0.0393	0.370674	112	3	-0.57583	0.93003	0.93014	0.999995	925	0	-0.57583
RPL19	4	0.012226	0.039917	0.370809	113	2	-0.6379	0.33799	0.33672	0.628905	54	0	-0.6379
NAPA	4	0.013355	0.043302	0.398752	114	4	-0.41751	0.98665	0.98676	0.999995	991	0	-0.41751
POLR2B	4	0.014342	0.046293	0.422627	115	3	-0.66372	0.33799	0.33672	0.628905	126	0	-0.66372
RBM22	4	0.014932	0.048089	0.435263	116	4	-0.56292	0.98507	0.98532	0.999995	990	0	-0.56292
RPS8	3	0.015252	0.039553	0.370674	117	2	-0.76295	0.90613	0.90567	0.999995	905	0	-0.76295
EIF3J	4	0.015709	0.050454	0.452802	118	3	-0.72636	0.64177	0.64083	0.999995	650	0	-0.72636
RPL8	4	0.016953	0.054175	0.473291	119	3	-0.70959	0.66093	0.66008	0.999995	669	0	-0.70959
SOD1	4	0.017144	0.054727	0.473291	120	3	-0.48375	0.88141	0.8818	0.999995	880	0	-0.48375
INTS2	4	0.017254	0.055016	0.473291	121	3	-0.53609	0.93366	0.93371	0.999995	930	0	-0.53609
SOX9	4	0.017397	0.055418	0.473291	122	4	-0.27412	0.9826	0.98254	0.999995	989	0	-0.27412
WASL	4	0.017706	0.056138	0.475604	123	3	-0.46312	0.33799	0.33672	0.628905	221	0	-0.46312
PLAU	4	0.018328	0.058027	0.480428	124	3	-0.40751	0.759	0.75919	0.999995	765	0	-0.40751
RPA1	4	0.018361	0.058111	0.480428	125	4	-0.53182	0.98164	0.98154	0.999995	988	0	-0.53182
SAP30	4	0.019113	0.060299	0.491203	126	3	-0.41423	0.87482	0.8756	0.999995	873	0	-0.41423
UQCRC1	4	0.019364	0.061103	0.493954	127	4	-0.33996	0.98064	0.98063	0.999995	987	0	-0.33996
TACC3	4	0.019906	0.062655	0.502663	128	4	-0.37129	0.98009	0.9802	0.999995	986	0	-0.37129
RPS3	3	0.020372	0.052389	0.46622	129	2	-0.95649	0.26608	0.26487	0.628905	19	0	-0.95649
ARID1A	4	0.020519	0.064235	0.509273	130	3	-0.47215	0.68131	0.68041	0.999995	686	0	-0.47215
XAB2	4	0.020594	0.064441	0.509273	131	3	-0.70599	0.90258	0.90261	0.999995	899	0	-0.70599
RPL14	3	0.02132	0.054624	0.473291	132	2	-1.154	0.68131	0.68138	0.999995	685	0	-1.154
LDB1	8	0.022088	0.086187	0.611518	133	6	-0.32787	0.99357	0.99362	0.999995	1009	0	-0.32787
RFC2	4	0.022182	0.067722	0.531243	134	2	-0.64525	0.33799	0.33672	0.628905	64	0	-0.64525
PTTG1	3	0.02242	0.057027	0.479294	135	3	-0.37824	0.97758	0.97716	0.999995	981	0	-0.37824
RBBP4	3	0.023074	0.058522	0.480428	136	3	-0.92376	0.95616	0.95568	0.999995	960	0	-0.92376
CDS2	4	0.02385	0.071247	0.554783	137	3	-0.65686	0.33799	0.33672	0.628905	316	0	-0.65686
PFAS	4	0.024263	0.072163	0.557816	138	2	-0.42646	0.64307	0.64232	0.999995	652	0	-0.42646
PSMB8	4	0.026335	0.076426	0.586146	139	3	-0.32272	0.76029	0.76069	0.999995	767	0	-0.32272
DDX5	4	0.026938	0.077651	0.586146	140	3	-0.56699	0.78112	0.78231	0.999995	789	0	-0.56699
RAN	4	0.026957	0.077679	0.586146	141	3	-0.60334	0.82964	0.83161	0.999995	833	0	-0.60334
MAT2A	4	0.027281	0.078343	0.586146	142	3	-0.5259	0.96704	0.96738	0.999995	971	0	-0.5259
ATR	4	0.027408	0.078596	0.586146	143	3	-0.44386	0.72895	0.72861	0.999995	737	0	-0.44386
NMT1	4	0.028046	0.079932	0.591948	144	3	-0.33773	0.97079	0.97097	0.999995	973	0	-0.33773
GDI2	8	0.028826	0.10823	0.681206	145	6	-0.35244	0.56175	0.56066	0.999995	583	0	-0.35244
XYLT2	4	0.02954	0.082952	0.60257	146	3	-0.44243	0.91503	0.91502	0.999995	914	0	-0.44243
CDK7	4	0.030016	0.083934	0.604668	147	3	-0.55638	0.95672	0.9573	0.999995	961	0	-0.55638
TOMM40	7	0.030046	0.10355	0.680708	148	4	-0.31163	0.51414	0.51547	0.957695	569	0	-0.31163
NAA15	4	0.030497	0.084962	0.607941	149	3	-0.71897	0.91219	0.91227	0.999995	913	0	-0.71897
RRM2B	8	0.031189	0.11575	0.7129	150	5	-0.28559	0.56175	0.56066	0.999995	586	0	-0.28559
MRPL41	4	0.031277	0.086617	0.611518	151	3	-0.53833	0.95573	0.95634	0.999995	958	0	-0.53833
ILF3	4	0.032269	0.088655	0.621763	152	3	-0.66418	0.88773	0.88778	0.999995	884	0	-0.66418
AKIRIN1	4	0.033383	0.09075	0.632263	153	3	-0.57276	0.88516	0.88521	0.999995	881	0	-0.57276
HMGCS1	3	0.033566	0.081999	0.60257	154	3	-0.58954	0.96643	0.96593	0.999995	970	0	-0.58954
RING1	4	0.033896	0.091788	0.635314	155	3	-0.34957	0.33799	0.33672	0.628905	76	0	-0.34957
RPS11	3	0.034007	0.083074	0.60257	156	3	-0.75059	0.96599	0.96545	0.999995	969	0	-0.75059
COX4I2	4	0.035573	0.094892	0.648323	157	3	-0.37636	0.90389	0.90387	0.999995	902	0	-0.37636
PFN1	4	0.035893	0.095546	0.64861	158	2	-0.39755	0.33799	0.33672	0.628905	117	0	-0.39755
TTC7A	8	0.036553	0.13181	0.766973	159	6	-0.35131	0.98735	0.9875	0.999995	993	0	-0.35131
BZW2	4	0.036646	0.097201	0.655641	160	3	-0.43107	0.94679	0.94672	0.999995	944	0	-0.43107
RPL11	3	0.038718	0.094078	0.64694	161	3	-0.69495	0.96128	0.96094	0.999995	965	0	-0.69495
CDK5R2	4	0.038963	0.10188	0.680708	162	3	-0.31578	0.96342	0.96383	0.999995	968	0	-0.31578
CKAP5	8	0.040003	0.14057	0.800357	163	4	-0.33648	0.97954	0.97973	0.999995	985	0	-0.33648
SPAG9	4	0.040327	0.10454	0.680708	164	3	-0.34351	0.33799	0.33672	0.628905	278	0	-0.34351
G3BP2	4	0.04089	0.10574	0.680708	165	3	-0.9033	0.94803	0.9482	0.999995	949	0	-0.9033
PRPF38A	4	0.041485	0.10689	0.680708	166	3	-0.53727	0.33799	0.33672	0.628905	43	0	-0.53727
ACTL6A	4	0.041508	0.10691	0.680708	167	2	-0.60894	0.75835	0.75853	0.999995	763	0	-0.60894
TOB1	4	0.042426	0.10871	0.681206	168	3	-0.46706	0.33799	0.33672	0.628905	185	0	-0.46706
TBC1D28	3	0.044283	0.10734	0.680708	169	3	-0.20876	0.95572	0.95525	0.999995	957	0	-0.20876
PDS5A	4	0.045732	0.11533	0.7129	170	3	-0.5102	0.33799	0.33672	0.628905	121	0	-0.5102
TRRAP	4	0.047071	0.11829	0.720752	171	3	-0.67545	0.92135	0.92121	0.999995	917	0	-0.67545
CFL1	4	0.047197	0.11842	0.720752	172	3	-0.45484	0.78824	0.7891	0.999995	795	0	-0.45484
SNAPC4	4	0.048599	0.1209	0.731627	173	3	-0.49695	0.69425	0.69358	0.999995	700	0	-0.49695
TLN1	4	0.049244	0.12232	0.732366	174	3	-0.344	0.90373	0.9037	0.999995	901	0	-0.344
TUBB2A	4	0.049285	0.12241	0.732366	175	1	-0.22094	0.33799	0.33672	0.628905	168	0	-0.22094
NAA11	4	0.050682	0.125	0.743659	176	3	-0.45757	0.97229	0.97241	0.999995	975	0	-0.45757
UTP14A	4	0.051481	0.12623	0.746806	177	3	-0.41354	0.33799	0.33672	0.628905	205	0	-0.41354
GFM1	4	0.052414	0.12807	0.753493	178	3	-0.4829	0.33799	0.33672	0.628905	559	0	-0.4829
BUB1B	4	0.052849	0.12893	0.754362	179	2	-0.35973	0.83747	0.83916	0.999995	840	0	-0.35973
TAMM41	4	0.056685	0.13631	0.788806	180	3	-0.44129	0.33799	0.33672	0.628905	260	0	-0.44129
MED23	4	0.057963	0.13868	0.798187	181	3	-0.57244	0.93317	0.93327	0.999995	929	0	-0.57244
WDR12	4	0.058466	0.13965	0.799385	182	3	-0.48756	0.76885	0.76965	0.999995	774	0	-0.48756
RPL31	2	0.059859	0.10511	0.680708	183	2	-0.6184	0.94014	0.94022	0.999995	937	0	-0.6184
RPL18A	2	0.05986	0.10511	0.680708	184	2	-1.0851	0.91095	0.91081	0.999995	910	0	-1.0851
RPL37A	2	0.060315	0.10587	0.680708	185	1	-0.85652	0.84371	0.84289	0.999995	846	0	-0.85652
UTP14C	4	0.06098	0.1442	0.813909	186	1	-0.03953	0.33799	0.33672	0.628905	208	0	-0.03953
VCP	4	0.061118	0.14449	0.813909	187	3	-0.44912	0.84938	0.85115	0.999995	850	0	-0.44912
ATP7A	4	0.062095	0.14622	0.815347	188	2	-0.47876	0.94741	0.94745	0.999995	947	0	-0.47876
CNOT7	4	0.062585	0.14716	0.81595	189	2	-0.39436	0.90356	0.90358	0.999995	900	0	-0.39436
ULK1	4	0.064066	0.14989	0.826758	190	2	-0.31709	0.69231	0.69177	0.999995	697	0	-0.31709
RPS23	2	0.066221	0.11579	0.7129	191	2	-0.69273	0.93378	0.9339	0.999995	931	0	-0.69273
PMPCB	4	0.067233	0.15546	0.843074	192	1	-0.29596	0.82688	0.82885	0.999995	831	0	-0.29596
IPO7	3	0.067428	0.14629	0.815347	193	2	-0.63476	0.82519	0.82538	0.999995	829	0	-0.63476
MTMR4	4	0.068169	0.1572	0.845027	194	3	-0.3446	0.33799	0.33672	0.628905	109	0	-0.3446
EIF4A3	4	0.070073	0.16091	0.860611	195	3	-0.64937	0.83602	0.83763	0.999995	839	0	-0.64937
ACTL6B	4	0.070792	0.16214	0.862854	196	1	-0.17276	0.33799	0.33672	0.628905	381	0	-0.17276
PKM	3	0.071422	0.15147	0.831145	197	2	-0.76414	0.5981	0.59757	0.999995	604	0	-0.76414
MANF	4	0.072568	0.16538	0.875668	198	2	-0.44481	0.82839	0.83036	0.999995	832	0	-0.44481
ADSS	3	0.073124	0.15349	0.837884	199	1	-0.043725	0.59464	0.59405	0.999995	601	0	-0.043725
PPP2R1A	4	0.073315	0.16681	0.878848	200	3	-0.30457	0.67771	0.67679	0.999995	682	0	-0.30457
SAMD9	4	0.074341	0.16848	0.883271	201	1	-0.22828	0.33799	0.33672	0.628905	58	0	-0.22828
YIF1A	4	0.07668	0.17298	0.897957	202	3	-0.42591	0.90027	0.90054	0.999995	896	0	-0.42591
CRK	4	0.078824	0.17674	0.90856	203	2	-0.37588	0.85119	0.85277	0.999995	853	0	-0.37588
MED8	4	0.079884	0.17855	0.910354	204	3	-0.34971	0.9063	0.90616	0.999995	906	0	-0.34971
BRD8	4	0.080447	0.17952	0.910354	205	2	-0.3819	0.90127	0.90142	0.999995	898	0	-0.3819
MRPL55	4	0.081264	0.18087	0.910354	206	2	-0.23449	0.33799	0.33672	0.628905	116	0	-0.23449
CPSF3	4	0.081272	0.18089	0.910354	207	3	-0.52555	0.97391	0.97402	0.999995	977	0	-0.52555
LIN28B	4	0.081622	0.18155	0.910354	208	3	-0.40834	0.9241	0.92412	0.999995	920	0	-0.40834
MDM4	4	0.082083	0.18224	0.910354	209	3	-0.44241	0.95725	0.95785	0.999995	963	0	-0.44241
FDPS	4	0.085394	0.18835	0.932058	210	3	-0.40533	0.33799	0.33672	0.628905	538	0	-0.40533
MYL7	4	0.086241	0.19	0.934612	211	3	-0.3457	0.97197	0.97202	0.999995	974	0	-0.3457
SNRPD2	3	0.086446	0.17143	0.894333	212	2	-0.31565	0.7868	0.78778	0.999995	794	0	-0.31565
IMPDH1	4	0.086603	0.19063	0.934612	213	3	-0.36349	0.33799	0.33672	0.628905	437	0	-0.36349
SPOP	4	0.08791	0.19308	0.940935	214	2	-0.3756	0.33799	0.33672	0.628905	277	0	-0.3756
RIC8B	4	0.08824	0.1937	0.940935	215	3	-0.40077	0.63166	0.63084	0.999995	640	0	-0.40077
BRSK1	4	0.089038	0.19531	0.942732	216	2	-0.32884	0.33799	0.33672	0.628905	430	0	-0.32884
HASPIN	4	0.089342	0.19585	0.942732	217	3	-0.46926	0.5996	0.59937	0.999995	606	0	-0.46926
TUBB	3	0.09027	0.17651	0.90856	218	2	-0.60069	0.26608	0.26487	0.628905	13	0	-0.60069
HNRNPK	4	0.091024	0.19875	0.952399	219	2	-0.41594	0.33799	0.33672	0.628905	466	0	-0.41594
RPS15	2	0.091442	0.15604	0.843074	220	2	-0.63207	0.90856	0.90857	0.999995	909	0	-0.63207
YIPF7	4	0.093637	0.20315	0.964725	221	3	-0.30434	0.33799	0.33672	0.628905	192	0	-0.30434
SAMD4B	4	0.094016	0.20411	0.964971	222	3	-0.30247	0.80084	0.80196	0.999995	810	0	-0.30247
DGKZ	3	0.095213	0.18332	0.911426	223	2	-0.5809	0.94209	0.94149	0.999995	939	0	-0.5809
RGS19	4	0.096501	0.20869	0.982244	224	3	-0.35067	0.75738	0.75744	0.999995	761	0	-0.35067
XRCC4	4	0.1002	0.21572	0.999911	225	3	-0.34301	0.83408	0.83591	0.999995	837	0	-0.34301
SKA1	4	0.10031	0.21597	0.999911	226	2	-0.33047	0.33799	0.33672	0.628905	248	0	-0.33047
ARID4A	4	0.10138	0.2178	0.999911	227	3	-0.37264	0.94027	0.94014	0.999995	938	0	-0.37264
TOP1MT	4	0.10239	0.21944	0.999911	228	2	-0.34342	0.89362	0.89401	0.999995	889	0	-0.34342
EIF3B	4	0.10323	0.22103	0.999911	229	2	-0.34155	0.66591	0.66504	0.999995	674	0	-0.34155
UNC119	4	0.10328	0.22115	0.999911	230	2	-0.43978	0.89483	0.89509	0.999995	892	0	-0.43978
GSTP1	4	0.10478	0.22333	0.999911	231	3	-0.21376	0.69309	0.69258	0.999995	698	0	-0.21376
TBP	4	0.10496	0.22367	0.999911	232	2	-0.32021	0.96286	0.96327	0.999995	967	0	-0.32021
RAMP2	4	0.10559	0.22485	0.999911	233	3	-0.37431	0.74683	0.74637	0.999995	756	0	-0.37431
PRDM16	4	0.10661	0.2266	0.999911	234	3	-0.26213	0.71199	0.71126	0.999995	714	0	-0.26213
RPA3	4	0.10681	0.22691	0.999911	235	3	-0.49392	0.33799	0.33672	0.628905	55	0	-0.49392
CAP2	4	0.10804	0.2289	0.999911	236	3	-0.35433	0.33799	0.33672	0.628905	403	0	-0.35433
AFG3L2	3	0.1088	0.20092	0.958456	237	2	-0.39557	0.9451	0.94452	0.999995	942	0	-0.39557
RNF20	4	0.10907	0.23075	0.999911	238	3	-0.30316	0.33799	0.33672	0.628905	74	0	-0.30316
CYP26C1	4	0.1099	0.23207	0.999911	239	3	-0.2699	0.33799	0.33672	0.628905	302	0	-0.2699
IRF4	4	0.11177	0.23548	0.999911	240	2	-0.39242	0.33799	0.33672	0.628905	447	0	-0.39242
PSMC3	4	0.11185	0.23561	0.999911	241	2	-0.3122	0.61953	0.61848	0.999995	628	0	-0.3122
ATP5F1A	4	0.11345	0.23836	0.999911	242	3	-0.2962	0.33799	0.33672	0.628905	421	0	-0.2962
COPG2	4	0.11579	0.24247	0.999911	243	2	-0.30855	0.80363	0.80487	0.999995	812	0	-0.30855
CAND2	4	0.11704	0.24445	0.999911	244	3	-0.37135	0.33799	0.33672	0.628905	404	0	-0.37135
GATAD2A	4	0.11829	0.24675	0.999911	245	2	-0.3099	0.33799	0.33672	0.628905	562	0	-0.3099
KRT25	4	0.11837	0.24688	0.999911	246	3	-0.35605	0.33799	0.33672	0.628905	502	0	-0.35605
ADAP1	4	0.11924	0.24848	0.999911	247	3	-0.36724	0.33799	0.33672	0.628905	383	0	-0.36724
LSM14B	4	0.11989	0.24966	0.999911	248	3	-0.29611	0.33799	0.33672	0.628905	485	0	-0.29611
SPTLC2	4	0.12041	0.25057	0.999911	249	1	-0.11722	0.79375	0.79505	0.999995	801	0	-0.11722
PUM2	4	0.12098	0.2516	0.999911	250	3	-0.3234	0.95093	0.95128	0.999995	952	0	-0.3234
MTUS2	4	0.12273	0.2549	0.999911	251	3	-0.19517	0.33799	0.33672	0.628905	108	0	-0.19517
COPS7A	4	0.12362	0.25636	0.999911	252	3	-0.28972	0.86632	0.86708	0.999995	868	0	-0.28972
FKBP9	4	0.12495	0.25851	0.999911	253	2	-0.20956	0.33799	0.33672	0.628905	511	0	-0.20956
LGALS9	4	0.12527	0.25917	0.999911	254	2	-0.28964	0.78941	0.79035	0.999995	797	0	-0.28964
MTMR3	4	0.12629	0.26064	0.999911	255	3	-0.25821	0.90819	0.90835	0.999995	907	0	-0.25821
ABCA3	4	0.12784	0.26331	0.999911	256	3	-0.26582	0.90405	0.90401	0.999995	903	0	-0.26582
COX6B2	4	0.12848	0.26447	0.999911	257	2	-0.1958	0.33799	0.33672	0.628905	292	0	-0.1958
PUM1	4	0.12913	0.26564	0.999911	258	2	-0.30746	0.66508	0.66427	0.999995	673	0	-0.30746
ANAPC4	4	0.13082	0.26815	0.999911	259	3	-0.34406	0.97845	0.97853	0.999995	983	0	-0.34406
TMEM30B	4	0.13104	0.26856	0.999911	260	3	-0.33472	0.33799	0.33672	0.628905	184	0	-0.33472
TOB2	4	0.13173	0.26972	0.999911	261	2	-0.35961	0.82663	0.8286	0.999995	830	0	-0.35961
GXYLT2	4	0.13434	0.27408	0.999911	262	2	-0.33905	0.59485	0.59464	0.999995	602	0	-0.33905
CDK17	4	0.13473	0.27466	0.999911	263	3	-0.36384	0.93536	0.93559	0.999995	932	0	-0.36384
DENND5A	4	0.13683	0.27806	0.999911	264	3	-0.28123	0.85475	0.85624	0.999995	855	0	-0.28123
XPO7	4	0.13764	0.27923	0.999911	265	2	-0.42697	0.33799	0.33672	0.628905	214	0	-0.42697
RNF144B	4	0.138	0.27978	0.999911	266	3	-0.30795	0.75867	0.75885	0.999995	764	0	-0.30795
GRHL3	4	0.13895	0.28119	0.999911	267	3	-0.27094	0.33799	0.33672	0.628905	543	0	-0.27094
STT3A	4	0.14013	0.28328	0.999911	268	3	-0.32969	0.61588	0.61469	0.999995	622	0	-0.32969
IQCA1	4	0.14108	0.285	0.999911	269	3	-0.42874	0.97949	0.97947	0.999995	984	0	-0.42874
AP1G1	4	0.14179	0.28614	0.999911	270	3	-0.30338	0.33799	0.33672	0.628905	367	0	-0.30338
USP5	4	0.14296	0.28816	0.999911	271	2	-0.21395	0.33799	0.33672	0.628905	206	0	-0.21395
RSBN1L	4	0.14323	0.2887	0.999911	272	3	-0.48597	0.84687	0.84887	0.999995	849	0	-0.48597
ATP6V1B1	4	0.14347	0.28912	0.999911	273	3	-0.31147	0.86169	0.86288	0.999995	862	0	-0.31147
RCBTB1	4	0.14404	0.29002	0.999911	274	1	-0.088123	0.33799	0.33672	0.628905	68	0	-0.088123
COX4I1	4	0.14419	0.29022	0.999911	275	3	-0.29384	0.8969	0.89711	0.999995	894	0	-0.29384
AP2A1	4	0.14588	0.29301	0.999911	276	3	-0.24788	0.33799	0.33672	0.628905	369	0	-0.24788
SMARCA2	4	0.14613	0.29331	0.999911	277	3	-0.28809	0.33799	0.33672	0.628905	235	0	-0.28809
EIF3L	4	0.14637	0.29369	0.999911	278	3	-0.22414	0.81046	0.81259	0.999995	818	0	-0.22414
NMT2	4	0.15251	0.30349	0.999911	279	3	-0.28947	0.33799	0.33672	0.628905	92	0	-0.28947
SAR1A	8	0.15776	0.37494	0.999911	280	3	-0.21199	0.56175	0.56066	0.999995	576	0	-0.21199
POLR2F	4	0.15794	0.30944	0.999911	281	2	-0.24452	0.69617	0.69555	0.999995	702	0	-0.24452
INCENP	4	0.1598	0.31108	0.999911	282	2	-0.2375	0.33799	0.33672	0.628905	436	0	-0.2375
UNC45A	4	0.16002	0.3113	0.999911	283	2	-0.33087	0.65716	0.6565	0.999995	666	0	-0.33087
PLXDC1	8	0.16387	0.38323	0.999911	284	4	-0.275	0.56175	0.56066	0.999995	585	0	-0.275
NHLRC1	4	0.16391	0.31558	0.999911	285	1	-0.14435	0.33799	0.33672	0.628905	91	0	-0.14435
DMD	4	0.16455	0.31628	0.999911	286	2	-0.27097	0.70114	0.70063	0.999995	706	0	-0.27097
NUTF2	4	0.16473	0.31648	0.999911	287	2	-0.38904	0.86444	0.86545	0.999995	864	0	-0.38904
SNRPB2	3	0.17109	0.27861	0.999911	288	2	-0.38667	0.26608	0.26487	0.628905	14	0	-0.38667
RSBN1	4	0.17232	0.32396	0.999911	289	2	-0.26514	0.94479	0.9447	0.999995	941	0	-0.26514
CLDN4	4	0.17374	0.32567	0.999911	290	2	-0.14895	0.33799	0.33672	0.628905	325	0	-0.14895
NSG2	4	0.17453	0.32652	0.999911	291	1	-0.032057	0.33799	0.33672	0.628905	136	0	-0.032057
CCNE2	4	0.17517	0.32698	0.999911	292	2	-0.24814	0.33799	0.33672	0.628905	412	0	-0.24814
ATP5F1B	4	0.17552	0.32732	0.999911	293	2	-0.2657	0.95122	0.95157	0.999995	953	0	-0.2657
TSTD1	4	0.17778	0.32943	0.999911	294	1	-0.080547	0.33799	0.33672	0.628905	167	0	-0.080547
SEC23A	4	0.17839	0.33024	0.999911	295	2	-0.23866	0.76979	0.7706	0.999995	776	0	-0.23866
LSM4	4	0.18425	0.33651	0.999911	296	2	-0.17315	0.33799	0.33672	0.628905	480	0	-0.17315
ACACA	4	0.18452	0.33675	0.999911	297	2	-0.35098	0.33799	0.33672	0.628905	382	0	-0.35098
KPNA2	3	0.18548	0.29697	0.999911	298	2	-0.31127	0.90526	0.90484	0.999995	904	0	-0.31127
PLD2	4	0.18561	0.33791	0.999911	299	2	-0.28147	0.6448	0.64422	0.999995	655	0	-0.28147
RBBP7	4	0.18598	0.33817	0.999911	300	2	-0.36547	0.78351	0.78464	0.999995	790	0	-0.36547
RIMKLB	3	0.19056	0.30329	0.999911	301	2	-0.21943	0.26608	0.26487	0.628905	16	0	-0.21943
VPS37A	4	0.19227	0.34412	0.999911	302	1	-0.087111	0.77719	0.77827	0.999995	784	0	-0.087111
MTX1	3	0.19398	0.30738	0.999911	303	2	-0.26066	0.26608	0.26487	0.628905	7	0	-0.26066
ZNF34	4	0.19513	0.3469	0.999911	304	2	-0.14057	0.33799	0.33672	0.628905	204	0	-0.14057
TPST1	4	0.19697	0.34871	0.999911	305	2	-0.24687	0.33799	0.33672	0.628905	158	0	-0.24687
DDI2	4	0.19865	0.35029	0.999911	306	2	-0.27787	0.33799	0.33672	0.628905	346	0	-0.27787
HMG20B	4	0.19956	0.35107	0.999911	307	2	-0.286	0.95083	0.95115	0.999995	951	0	-0.286
FOXB1	4	0.20514	0.35674	0.999911	308	2	-0.1245	0.33799	0.33672	0.628905	508	0	-0.1245
CALY	4	0.20926	0.36062	0.999911	309	2	-0.17525	0.33799	0.33672	0.628905	416	0	-0.17525
ATP6V1D	4	0.20973	0.36113	0.999911	310	2	-0.35217	0.8192	0.82138	0.999995	828	0	-0.35217
FANCF	4	0.21208	0.36356	0.999911	311	2	-0.37007	0.87718	0.87791	0.999995	876	0	-0.37007
TCF4	4	0.21341	0.36481	0.999911	312	2	-0.204	0.33799	0.33672	0.628905	268	0	-0.204
HRAS	4	0.21444	0.36581	0.999911	313	1	-0.14351	0.93067	0.93082	0.999995	926	0	-0.14351
ABCC3	4	0.21643	0.36764	0.999911	314	2	-0.2204	0.81234	0.8146	0.999995	821	0	-0.2204
HNRNPH1	4	0.21757	0.36894	0.999911	315	1	-0.14917	0.33799	0.33672	0.628905	454	0	-0.14917
EP300	4	0.21871	0.37017	0.999911	316	2	-0.26036	0.7495	0.74937	0.999995	757	0	-0.26036
RPL17	3	0.2214	0.34065	0.999911	317	2	-0.32111	0.51033	0.50809	0.947296	568	0	-0.32111
CLTA	4	0.22213	0.37334	0.999911	318	2	-0.1879	0.33799	0.33672	0.628905	319	0	-0.1879
WAS	4	0.22366	0.37473	0.999911	319	2	-0.15026	0.72789	0.72757	0.999995	734	0	-0.15026
SLC22A8	4	0.22442	0.37534	0.999911	320	2	-0.28656	0.86569	0.86649	0.999995	867	0	-0.28656
L3MBTL2	4	0.22481	0.37572	0.999911	321	2	-0.26556	0.87795	0.87866	0.999995	877	0	-0.26556
TAP1	4	0.22767	0.3786	0.999911	322	1	-0.11282	0.33799	0.33672	0.628905	265	0	-0.11282
ERBB3	8	0.22931	0.46673	0.999911	323	2	-0.073573	0.56175	0.56066	0.999995	578	0	-0.073573
ZMAT2	4	0.22999	0.38086	0.999911	324	1	-0.077289	0.33799	0.33672	0.628905	190	0	-0.077289
EZH2	4	0.23133	0.38224	0.999911	325	2	-0.27794	0.9472	0.94723	0.999995	946	0	-0.27794
SLC25A28	4	0.23287	0.38376	0.999911	326	2	-0.21055	0.7193	0.71859	0.999995	724	0	-0.21055
COQ10A	4	0.23442	0.3854	0.999911	327	2	-0.30438	0.95426	0.95476	0.999995	956	0	-0.30438
DUSP10	4	0.23997	0.39084	0.999911	328	2	-0.20359	0.9375	0.93733	0.999995	935	0	-0.20359
GPSM1	4	0.2415	0.39221	0.999911	329	1	-0.10454	0.33799	0.33672	0.628905	542	0	-0.10454
MED31	4	0.24454	0.39531	0.999911	330	2	-0.21697	0.84618	0.84806	0.999995	848	0	-0.21697
CASP4	4	0.24491	0.39569	0.999911	331	2	-0.23301	0.33799	0.33672	0.628905	405	0	-0.23301
TPST2	4	0.2453	0.39595	0.999911	332	2	-0.12262	0.33799	0.33672	0.628905	157	0	-0.12262
KLF4	4	0.24569	0.39625	0.999911	333	2	-0.21128	0.7438	0.74335	0.999995	753	0	-0.21128
MBD4	8	0.24594	0.48808	0.999911	334	3	-0.052273	0.56175	0.56066	0.999995	574	0	-0.052273
COPG1	4	0.2491	0.39959	0.999911	335	1	-0.10908	0.33799	0.33672	0.628905	296	0	-0.10908
BICD1	4	0.25363	0.40393	0.999911	336	2	-0.33367	0.94294	0.94271	0.999995	940	0	-0.33367
RPL21	2	0.25513	0.31163	0.999911	337	1	-0.26821	0.18636	0.18646	0.628905	4	0	-0.26821
INTS6L	4	0.2555	0.40577	0.999911	338	2	-0.27512	0.33799	0.33672	0.628905	442	0	-0.27512
COX6B1	8	0.25633	0.50122	0.999911	339	4	-0.15772	0.56175	0.56066	0.999995	575	0	-0.15772
RALGPS2	4	0.25826	0.40825	0.999911	340	2	-0.25824	0.83914	0.84094	0.999995	842	0	-0.25824
ATP6V1E2	4	0.25944	0.40935	0.999911	341	2	-0.29572	0.63388	0.63293	0.999995	643	0	-0.29572
CRKL	4	0.26301	0.41284	0.999911	342	2	-0.19446	0.67001	0.66909	0.999995	678	0	-0.19446
RANBP9	4	0.2642	0.41414	0.999911	343	2	-0.13809	0.33799	0.33672	0.628905	26	0	-0.13809
DDX39B	4	0.26487	0.41481	0.999911	344	1	-0.19731	0.8014	0.8025	0.999995	811	0	-0.19731
MRPL27	4	0.26636	0.41614	0.999911	345	1	-0.18602	0.93656	0.93655	0.999995	934	0	-0.18602
QSOX1	4	0.26777	0.41751	0.999911	346	2	-0.28877	0.68646	0.68567	0.999995	693	0	-0.28877
SHMT2	4	0.26859	0.41831	0.999911	347	2	-0.23766	0.87659	0.87736	0.999995	875	0	-0.23766
PTF1A	4	0.26897	0.41864	0.999911	348	2	-0.30157	0.8602	0.8613	0.999995	861	0	-0.30157
TPBGL	4	0.27082	0.42049	0.999911	349	1	-0.14789	0.72147	0.7208	0.999995	726	0	-0.14789
ADSSL1	4	0.27096	0.42058	0.999911	350	2	-0.26515	0.62496	0.62421	0.999995	635	0	-0.26515
RNF103	4	0.27156	0.42113	0.999911	351	1	-0.051044	0.33799	0.33672	0.628905	79	0	-0.051044
PSMB6	4	0.27176	0.42127	0.999911	352	2	-0.3288	0.33799	0.33672	0.628905	38	0	-0.3288
FRS2	4	0.27304	0.4226	0.999911	353	1	-0.21617	0.69076	0.68998	0.999995	696	0	-0.21617
MCPH1	4	0.27375	0.42339	0.999911	354	2	-0.30646	0.33799	0.33672	0.628905	106	0	-0.30646
NSG1	4	0.27575	0.42528	0.999911	355	2	-0.17275	0.86797	0.86869	0.999995	869	0	-0.17275
LMBR1	4	0.27735	0.42698	0.999911	356	2	-0.17038	0.33799	0.33672	0.628905	470	0	-0.17038
EEFSEC	4	0.27746	0.42708	0.999911	357	1	-0.18424	0.80638	0.80811	0.999995	817	0	-0.18424
ABCG2	4	0.28056	0.43002	0.999911	358	2	-0.12215	0.33799	0.33672	0.628905	385	0	-0.12215
CTSZ	4	0.28217	0.4314	0.999911	359	2	-0.24408	0.92783	0.92776	0.999995	922	0	-0.24408
SIN3B	4	0.2826	0.43181	0.999911	360	2	-0.22208	0.63828	0.63732	0.999995	646	0	-0.22208
NUMB	4	0.28297	0.43214	0.999911	361	2	-0.14792	0.33799	0.33672	0.628905	135	0	-0.14792
TMEM120A	4	0.28698	0.43589	0.999911	362	2	-0.23327	0.60336	0.60279	0.999995	612	0	-0.23327
RHOT2	4	0.28771	0.4367	0.999911	363	2	-0.23266	0.876	0.87686	0.999995	874	0	-0.23266
SEPHS1	3	0.28951	0.4223	0.999911	364	2	-0.31145	0.93196	0.93127	0.999995	928	0	-0.31145
TIMP2	4	0.28982	0.43873	0.999911	365	2	-0.25684	0.887	0.88701	0.999995	883	0	-0.25684
TIMM23	4	0.29134	0.44005	0.999911	366	1	-0.14158	0.83014	0.83216	0.999995	834	0	-0.14158
SNX2	4	0.29279	0.4414	0.999911	367	1	-0.11977	0.33799	0.33672	0.628905	233	0	-0.11977
NCOR2	4	0.29423	0.44299	0.999911	368	1	-0.17043	0.33799	0.33672	0.628905	96	0	-0.17043
GLT6D1	4	0.29589	0.44465	0.999911	369	2	-0.36653	0.6409	0.63994	0.999995	649	0	-0.36653
MORF4L1	3	0.29664	0.43055	0.999911	370	2	-0.37506	0.55361	0.55223	0.999995	573	0	-0.37506
EGFR	4	0.29995	0.44872	0.999911	371	2	-0.15775	0.33799	0.33672	0.628905	343	0	-0.15775
TAF1	4	0.30072	0.44947	0.999911	372	2	-0.11716	0.33799	0.33672	0.628905	258	0	-0.11716
RXFP3	4	0.30076	0.44952	0.999911	373	2	-0.3567	0.33799	0.33672	0.628905	57	0	-0.3567
PLXDC2	4	0.30239	0.45109	0.999911	374	2	-0.11419	0.33799	0.33672	0.628905	127	0	-0.11419
ATP6V1E1	3	0.3025	0.43747	0.999911	375	2	-0.29403	0.26608	0.26487	0.628905	12	0	-0.29403
CDK5R1	4	0.30573	0.45437	0.999911	376	1	-0.15804	0.80473	0.80637	0.999995	815	0	-0.15804
GMPR	4	0.31135	0.45979	0.999911	377	2	-0.27531	0.95707	0.95763	0.999995	962	0	-0.27531
FAM71A	4	0.31176	0.46015	0.999911	378	2	-0.23218	0.33799	0.33672	0.628905	531	0	-0.23218
TNPO2	4	0.31213	0.46054	0.999911	379	1	-0.20754	0.93167	0.93171	0.999995	927	0	-0.20754
CCNT1	4	0.3138	0.46242	0.999911	380	2	-0.17632	0.33799	0.33672	0.628905	414	0	-0.17632
PAX4	4	0.31831	0.46667	0.999911	381	2	-0.23761	0.33799	0.33672	0.628905	148	0	-0.23761
SLC9A3R2	4	0.31954	0.46771	0.999911	382	2	-0.2266	0.61817	0.61717	0.999995	625	0	-0.2266
IDH3G	4	0.32036	0.46857	0.999911	383	2	-0.13426	0.33799	0.33672	0.628905	439	0	-0.13426
ABTB2	4	0.32077	0.46907	0.999911	384	2	-0.20027	0.33799	0.33672	0.628905	387	0	-0.20027
MED26	4	0.32159	0.4698	0.999911	385	2	-0.26315	0.94574	0.94568	0.999995	943	0	-0.26315
EPC2	4	0.322	0.47023	0.999911	386	2	-0.28426	0.67931	0.67839	0.999995	683	0	-0.28426
SPATA21	4	0.32201	0.47023	0.999911	387	1	-0.12941	0.33799	0.33672	0.628905	280	0	-0.12941
SMARCC2	4	0.32282	0.47116	0.999911	388	2	-0.15825	0.33799	0.33672	0.628905	237	0	-0.15825
CADPS2	4	0.32446	0.47279	0.999911	389	2	-0.15317	0.33799	0.33672	0.628905	428	0	-0.15317
IPO5	4	0.3261	0.47434	0.999911	390	2	-0.2214	0.63033	0.62965	0.999995	638	0	-0.2214
PEF1	4	0.3276	0.47594	0.999911	391	2	-0.21738	0.81127	0.81341	0.999995	819	0	-0.21738
RHOBTB2	4	0.32857	0.47685	0.999911	392	2	-0.27296	0.33799	0.33672	0.628905	66	0	-0.27296
VANGL1	4	0.32898	0.47733	0.999911	393	2	-0.13084	0.33799	0.33672	0.628905	213	0	-0.13084
RBPJ	4	0.33104	0.47952	0.999911	394	2	-0.16509	0.33799	0.33672	0.628905	30	0	-0.16509
IRF6	4	0.33108	0.47956	0.999911	395	2	-0.2236	0.33799	0.33672	0.628905	450	0	-0.2236
SNRPN	4	0.33145	0.4799	0.999911	396	2	-0.26788	0.89449	0.89481	0.999995	891	0	-0.26788
PTPN11	4	0.33177	0.48022	0.999911	397	1	-0.20351	0.74481	0.74426	0.999995	755	0	-0.20351
TIRAP	4	0.33228	0.48076	0.999911	398	2	-0.13554	0.33799	0.33672	0.628905	170	0	-0.13554
MEP1B	4	0.33316	0.48182	0.999911	399	1	-0.28697	0.75932	0.75947	0.999995	766	0	-0.28697
RPL27A	2	0.33471	0.3699	0.999911	400	1	-0.28441	0.72745	0.72665	0.999995	733	0	-0.28441
FRS3	4	0.33681	0.48541	0.999911	401	2	-0.22275	0.69962	0.69915	0.999995	705	0	-0.22275
DGAT1	4	0.33937	0.48776	0.999911	402	1	-0.11604	0.33799	0.33672	0.628905	353	0	-0.11604
FOSL1	3	0.34073	0.46764	0.999911	403	1	-0.13511	0.5445	0.54318	0.999995	571	0	-0.13511
PDS5B	4	0.34094	0.48907	0.999911	404	2	-0.29935	0.88553	0.8855	0.999995	882	0	-0.29935
SNTA1	4	0.34135	0.48954	0.999911	405	2	-0.17379	0.33799	0.33672	0.628905	234	0	-0.17379
SLC25A24	4	0.34383	0.492	0.999911	406	2	-0.21587	0.33799	0.33672	0.628905	229	0	-0.21587
RPS28	2	0.34615	0.37923	0.999911	407	1	-0.30561	0.81343	0.81255	0.999995	824	0	-0.30561
DBT	4	0.34631	0.49467	0.999911	408	2	-0.26453	0.33799	0.33672	0.628905	349	0	-0.26453
CHRNB3	4	0.34963	0.49806	0.999911	409	1	-0.11638	0.33799	0.33672	0.628905	309	0	-0.11638
GSX1	4	0.35045	0.49881	0.999911	410	2	-0.27797	0.33799	0.33672	0.628905	556	0	-0.27797
BTBD11	4	0.35087	0.49912	0.999911	411	2	-0.1995	0.62316	0.62241	0.999995	632	0	-0.1995
XYLT1	4	0.3517	0.49989	0.999911	412	2	-0.24354	0.68171	0.68081	0.999995	688	0	-0.24354
ITSN2	4	0.35211	0.50023	0.999911	413	2	-0.26791	0.33799	0.33672	0.628905	446	0	-0.26791
SOS1	4	0.3537	0.5018	0.999911	414	1	-0.080308	0.33799	0.33672	0.628905	279	0	-0.080308
GCM2	4	0.35573	0.50368	0.999911	415	2	-0.29919	0.9299	0.92999	0.999995	924	0	-0.29919
ARFIP2	4	0.35626	0.50424	0.999911	416	2	-0.27601	0.85164	0.8532	0.999995	854	0	-0.27601
PIP4P2	4	0.35667	0.50467	0.999911	417	2	-0.23829	0.33799	0.33672	0.628905	131	0	-0.23829
ANKRD37	4	0.35708	0.50503	0.999911	418	1	-0.061017	0.33799	0.33672	0.628905	392	0	-0.061017
TMEM9B	4	0.35958	0.50733	0.999911	419	2	-0.17873	0.65926	0.65859	0.999995	668	0	-0.17873
NDE1	4	0.36082	0.50868	0.999911	420	2	-0.29417	0.66756	0.66672	0.999995	675	0	-0.29417
FLNC	4	0.36165	0.50945	0.999911	421	2	-0.16367	0.6218	0.62082	0.999995	631	0	-0.16367
PSEN1	4	0.3629	0.51086	0.999911	422	2	-0.18182	0.33799	0.33672	0.628905	46	0	-0.18182
ALDOC	4	0.36331	0.51125	0.999911	423	2	-0.21164	0.62135	0.62027	0.999995	630	0	-0.21164
GRHL2	4	0.36581	0.51374	0.999911	424	2	-0.27837	0.33799	0.33672	0.628905	544	0	-0.27837
RPL5	4	0.36789	0.51594	0.999911	425	2	-0.31324	0.33799	0.33672	0.628905	49	0	-0.31324
ZMIZ1	4	0.36846	0.51645	0.999911	426	2	-0.15226	0.77382	0.7749	0.999995	778	0	-0.15226
LHFPL5	4	0.36913	0.51719	0.999911	427	2	-0.2961	0.74413	0.74361	0.999995	754	0	-0.2961
UBASH3B	4	0.36955	0.51768	0.999911	428	2	-0.22467	0.72576	0.7255	0.999995	731	0	-0.22467
DZIP3	4	0.37038	0.51855	0.999911	429	2	-0.16004	0.33799	0.33672	0.628905	327	0	-0.16004
CRYBB2	4	0.37111	0.51919	0.999911	430	1	-0.060818	0.33799	0.33672	0.628905	293	0	-0.060818
RRAGC	4	0.37205	0.52011	0.999911	431	2	-0.18631	0.33799	0.33672	0.628905	50	0	-0.18631
ATP6V1C2	8	0.37298	0.62887	0.999911	432	3	-0.20198	0.92361	0.92312	0.999995	918	0	-0.20198
IDH3B	4	0.37376	0.52174	0.999911	433	1	-0.047672	0.33799	0.33672	0.628905	451	0	-0.047672
ARPC5L	4	0.37413	0.52216	0.999911	434	2	-0.24874	0.33799	0.33672	0.628905	372	0	-0.24874
SERPINA11	4	0.37621	0.52392	0.999911	435	2	-0.20244	0.33799	0.33672	0.628905	241	0	-0.20244
ISCA2	4	0.37772	0.52525	0.999911	436	1	-0.20495	0.66797	0.66706	0.999995	676	0	-0.20495
RNF10	4	0.37871	0.52625	0.999911	437	2	-0.20004	0.7286	0.72828	0.999995	736	0	-0.20004
ICK	4	0.37996	0.52744	0.999911	438	2	-0.26122	0.77597	0.77695	0.999995	782	0	-0.26122
AHCYL2	4	0.38079	0.52842	0.999911	439	2	-0.25335	0.6692	0.66839	0.999995	677	0	-0.25335
GALNT5	4	0.38412	0.53161	0.999911	440	2	-0.28658	0.79916	0.8004	0.999995	808	0	-0.28658
HNRNPF	4	0.38622	0.53352	0.999911	441	1	-0.096189	0.33799	0.33672	0.628905	455	0	-0.096189
FEZ1	4	0.38662	0.53388	0.999911	442	2	-0.18696	0.33799	0.33672	0.628905	533	0	-0.18696
PHLDA3	4	0.39012	0.53718	0.999911	443	1	-0.056232	0.33799	0.33672	0.628905	119	0	-0.056232
DHX29	3	0.39315	0.49464	0.999911	444	1	-0.037399	0.26608	0.26487	0.628905	10	0	-0.037399
ARPC5	4	0.39529	0.54248	0.999911	445	1	-0.23867	0.86191	0.86301	0.999995	863	0	-0.23867
PACS2	4	0.39538	0.54258	0.999911	446	2	-0.19092	0.33799	0.33672	0.628905	152	0	-0.19092
DUOX2	4	0.3958	0.54297	0.999911	447	2	-0.16063	0.73972	0.73937	0.999995	747	0	-0.16063
PHLDA1	4	0.39663	0.54381	0.999911	448	2	-0.10609	0.66218	0.66144	0.999995	671	0	-0.10609
CCDC69	4	0.39746	0.54449	0.999911	449	2	-0.11572	0.33799	0.33672	0.628905	413	0	-0.11572
ISL1	4	0.39913	0.5463	0.999911	450	2	-0.17468	0.33799	0.33672	0.628905	444	0	-0.17468
NKAPL	4	0.39914	0.54631	0.999911	451	1	-0.10701	0.33799	0.33672	0.628905	90	0	-0.10701
GABPB1	4	0.4017	0.54867	0.999911	452	2	-0.12319	0.33799	0.33672	0.628905	540	0	-0.12319
FARS2	4	0.40247	0.54947	0.999911	453	2	-0.22545	0.33799	0.33672	0.628905	536	0	-0.22545
RPP14	4	0.40623	0.55346	0.999911	454	2	-0.23326	0.33799	0.33672	0.628905	48	0	-0.23326
NDUFB4	4	0.40664	0.55381	0.999911	455	2	-0.13084	0.77566	0.77667	0.999995	781	0	-0.13084
PHLDA2	4	0.40748	0.55465	0.999911	456	2	-0.19294	0.96198	0.96238	0.999995	966	0	-0.19294
SAP30L	4	0.40789	0.55496	0.999911	457	2	-0.19534	0.86981	0.87038	0.999995	870	0	-0.19534
PSMA2	4	0.40873	0.5558	0.999911	458	2	-0.23662	0.33799	0.33672	0.628905	35	0	-0.23662
SPATA16	4	0.40915	0.55615	0.999911	459	2	-0.19909	0.33799	0.33672	0.628905	281	0	-0.19909
EPS15L1	4	0.4104	0.55737	0.999911	460	2	-0.14491	0.33799	0.33672	0.628905	336	0	-0.14491
GRIP1	4	0.41122	0.55836	0.999911	461	1	-0.13464	0.8408	0.84251	0.999995	844	0	-0.13464
RHBDF2	4	0.4129	0.56017	0.999911	462	2	-0.1293	0.33799	0.33672	0.628905	67	0	-0.1293
CRY2	4	0.41332	0.56048	0.999911	463	2	-0.19577	0.70454	0.70397	0.999995	709	0	-0.19577
ZWILCH	4	0.41457	0.56178	0.999911	464	2	-0.24225	0.33799	0.33672	0.628905	199	0	-0.24225
FOXE3	4	0.41499	0.56224	0.999911	465	2	-0.13708	0.33799	0.33672	0.628905	514	0	-0.13708
CDK8	4	0.4154	0.56257	0.999911	466	2	-0.26747	0.33799	0.33672	0.628905	314	0	-0.26747
CBLL1	4	0.41562	0.56281	0.999911	467	1	-0.10771	0.33799	0.33672	0.628905	401	0	-0.10771
VPS26A	4	0.41582	0.563	0.999911	468	2	-0.16352	0.33799	0.33672	0.628905	218	0	-0.16352
LATS2	4	0.41666	0.5638	0.999911	469	2	-0.10276	0.33799	0.33672	0.628905	487	0	-0.10276
LSM14A	4	0.41707	0.5644	0.999911	470	2	-0.13303	0.33799	0.33672	0.628905	486	0	-0.13303
GPR151	4	0.41813	0.56547	0.999911	471	1	-0.17486	0.33799	0.33672	0.628905	548	0	-0.17486
MAP4K4	4	0.41832	0.56569	0.999911	472	2	-0.18625	0.33799	0.33672	0.628905	481	0	-0.18625
E2F4	4	0.41874	0.56608	0.999911	473	2	-0.22454	0.33799	0.33672	0.628905	330	0	-0.22454
KIAA0319	4	0.41958	0.56707	0.999911	474	2	-0.11183	0.33799	0.33672	0.628905	488	0	-0.11183
FEZ2	4	0.42333	0.57097	0.999911	475	2	-0.15302	0.33799	0.33672	0.628905	532	0	-0.15302
PPP3CA	4	0.42374	0.57142	0.999911	476	1	-0.074863	0.33799	0.33672	0.628905	80	0	-0.074863
NBEA	4	0.42436	0.57231	0.999911	477	1	-0.00064923	0.33799	0.33672	0.628905	88	0	-0.00064923
APH1B	4	0.42583	0.57374	0.999911	478	2	-0.30865	0.87931	0.87974	0.999995	878	0	-0.30865
CYP7A1	4	0.42625	0.57409	0.999911	479	2	-0.19564	0.33799	0.33672	0.628905	350	0	-0.19564
IPO8	4	0.42684	0.57458	0.999911	480	1	-0.034216	0.6043	0.60373	0.999995	613	0	-0.034216
GXYLT1	4	0.42708	0.57472	0.999911	481	2	-0.13524	0.33799	0.33672	0.628905	550	0	-0.13524
MBTD1	4	0.42875	0.57653	0.999911	482	2	-0.21498	0.33799	0.33672	0.628905	107	0	-0.21498
STX12	4	0.42958	0.57738	0.999911	483	2	-0.17359	0.33799	0.33672	0.628905	283	0	-0.17359
ATP5F1D	4	0.42992	0.57772	0.999911	484	1	-0.15717	0.33799	0.33672	0.628905	424	0	-0.15717
PTPN21	4	0.43042	0.57831	0.999911	485	2	-0.21698	0.8576	0.85905	0.999995	859	0	-0.21698
TNR	4	0.43054	0.5784	0.999911	486	1	-0.099809	0.64437	0.64368	0.999995	654	0	-0.099809
MYBPH	4	0.43333	0.58139	0.999911	487	2	-0.18054	0.81287	0.81518	0.999995	822	0	-0.18054
CAVIN1	4	0.43361	0.58164	0.999911	488	1	-0.086638	0.33799	0.33672	0.628905	402	0	-0.086638
ADARB2	4	0.43375	0.58175	0.999911	489	2	-0.22313	0.33799	0.33672	0.628905	395	0	-0.22313
SLC32A1	4	0.43417	0.58228	0.999911	490	2	-0.21028	0.74312	0.74262	0.999995	751	0	-0.21028
IKBKE	4	0.43458	0.5827	0.999911	491	2	-0.16018	0.33799	0.33672	0.628905	440	0	-0.16018
RPL15	2	0.43477	0.44944	0.999911	492	1	-0.34561	0.81322	0.81233	0.999995	823	0	-0.34561
SLC25A37	4	0.43542	0.58352	0.999911	493	2	-0.13384	0.33799	0.33672	0.628905	223	0	-0.13384
SCN10A	4	0.43791	0.58577	0.999911	494	2	-0.26462	0.91174	0.91185	0.999995	912	0	-0.26462
SRI	4	0.43875	0.58664	0.999911	495	2	-0.22745	0.33799	0.33672	0.628905	288	0	-0.22745
LOR	4	0.44275	0.59079	0.999911	496	1	-0.062311	0.33799	0.33672	0.628905	478	0	-0.062311
CPS1	4	0.44291	0.59102	0.999911	497	2	-0.15849	0.66135	0.66053	0.999995	670	0	-0.15849
CHMP1A	4	0.44333	0.59144	0.999911	498	2	-0.16209	0.58814	0.58818	0.999995	597	0	-0.16209
ADAP2	4	0.44416	0.59209	0.999911	499	2	-0.21773	0.71676	0.71604	0.999995	719	0	-0.21773
SPTA1	4	0.44456	0.59242	0.999911	500	1	0	0.33799	0.33672	0.628905	282	0	0
MMD	4	0.44637	0.59436	0.999911	501	1	-0.094835	0.73211	0.73166	0.999995	741	0	-0.094835
FOXA1	4	0.44757	0.59538	0.999911	502	1	-0.11475	0.33799	0.33672	0.628905	509	0	-0.11475
ARID1B	4	0.44915	0.59691	0.999911	503	2	-0.1431	0.62676	0.6261	0.999995	636	0	-0.1431
PIP4P1	4	0.45039	0.59819	0.999911	504	2	-0.12077	0.33799	0.33672	0.628905	132	0	-0.12077
KIAA0319L	4	0.45081	0.59857	0.999911	505	2	-0.14176	0.59054	0.59046	0.999995	600	0	-0.14176
DDX39A	4	0.45164	0.59942	0.999911	506	2	-0.1566	0.33799	0.33672	0.628905	345	0	-0.1566
IRF8	4	0.45177	0.59961	0.999911	507	1	-0.096464	0.33799	0.33672	0.628905	449	0	-0.096464
KIT	8	0.45202	0.68659	0.999911	508	2	-0.072454	0.56175	0.56066	0.999995	588	0	-0.072454
NET1	4	0.45237	0.60019	0.999911	509	1	0	0.33799	0.33672	0.628905	97	0	0
SLC11A2	4	0.45247	0.60038	0.999911	510	2	-0.23962	0.89132	0.89155	0.999995	885	0	-0.23962
ZG16	4	0.45538	0.60354	0.999911	511	2	-0.30203	0.33799	0.33672	0.628905	191	0	-0.30203
TTC23	4	0.45595	0.60416	0.999911	512	1	-0.22653	0.33799	0.33672	0.628905	166	0	-0.22653
ELL2	4	0.45663	0.60487	0.999911	513	2	-0.23061	0.60757	0.6068	0.999995	615	0	-0.23061
FKBP5	4	0.45746	0.60562	0.999911	514	2	-0.2617	0.74074	0.74029	0.999995	749	0	-0.2617
IDH2	4	0.45912	0.60727	0.999911	515	2	-0.15661	0.33799	0.33672	0.628905	463	0	-0.15661
HPS1	4	0.46202	0.61028	0.999911	516	2	-0.2307	0.87988	0.88028	0.999995	879	0	-0.2307
FUT5	4	0.46246	0.61066	0.999911	517	1	-0.038221	0.33799	0.33672	0.628905	516	0	-0.038221
SBF2	3	0.46528	0.53553	0.999911	518	1	-0.19503	0.78504	0.78601	0.999995	791	0	-0.19503
RNF38	4	0.46533	0.61374	0.999911	519	2	-0.18486	0.33799	0.33672	0.628905	53	0	-0.18486
STX17	4	0.46575	0.61414	0.999911	520	2	-0.16038	0.33799	0.33672	0.628905	286	0	-0.16038
EFNB1	4	0.46774	0.61622	0.999911	521	1	-0.0050397	0.33799	0.33672	0.628905	335	0	-0.0050397
RNF44	4	0.46833	0.61677	0.999911	522	1	-0.037152	0.33799	0.33672	0.628905	52	0	-0.037152
LARP1B	4	0.46948	0.61775	0.999911	523	2	-0.23328	0.95865	0.95905	0.999995	964	0	-0.23328
MACF1	4	0.4703	0.61859	0.999911	524	2	-0.15837	0.33799	0.33672	0.628905	479	0	-0.15837
ADGRG7	4	0.47299	0.6212	0.999911	525	1	-0.1684	0.61908	0.61805	0.999995	627	0	-0.1684
LIMK1	4	0.47361	0.62178	0.999911	526	2	-0.20432	0.9011	0.90127	0.999995	897	0	-0.20432
SBF1	4	0.47444	0.6226	0.999911	527	2	-0.20582	0.76916	0.77	0.999995	775	0	-0.20582
ARSJ	4	0.47485	0.62306	0.999911	528	2	-0.22244	0.33799	0.33672	0.628905	375	0	-0.22244
TANK	4	0.47568	0.62389	0.999911	529	2	-0.25081	0.33799	0.33672	0.628905	259	0	-0.25081
PAPSS1	4	0.47609	0.62425	0.999911	530	2	-0.212	0.79547	0.79673	0.999995	802	0	-0.212
CCNL2	4	0.47733	0.62554	0.999911	531	2	-0.18265	0.33799	0.33672	0.628905	415	0	-0.18265
ACACB	4	0.47898	0.62724	0.999911	532	2	-0.17851	0.62451	0.62376	0.999995	634	0	-0.17851
FXR1	4	0.47981	0.62814	0.999911	533	2	-0.11325	0.59865	0.59837	0.999995	605	0	-0.11325
TBR1	4	0.48063	0.62899	0.999911	534	2	-0.15679	0.33799	0.33672	0.628905	266	0	-0.15679
GRM4	4	0.48336	0.63192	0.999911	535	1	-0.1116	0.33799	0.33672	0.628905	553	0	-0.1116
ADAM19	4	0.48435	0.63291	0.999911	536	2	-0.20083	0.81632	0.81852	0.999995	826	0	-0.20083
PAPSS2	4	0.48508	0.63354	0.999911	537	1	-0.10135	0.33799	0.33672	0.628905	151	0	-0.10135
MAPK8IP3	4	0.48679	0.6341	0.999911	538	1	-0.082246	0.64264	0.64184	0.999995	651	0	-0.082246
HNRNPH3	4	0.48906	0.63502	0.999911	539	1	-0.045355	0.33799	0.33672	0.628905	460	0	-0.045355
SIRPA	3	0.49038	0.55085	0.999911	540	1	-0.10953	0.26608	0.26487	0.628905	18	0	-0.10953
GDI1	4	0.49246	0.63634	0.999911	541	1	-0.021727	0.33799	0.33672	0.628905	558	0	-0.021727
TMEM30A	4	0.49808	0.63849	0.999911	542	1	-0.19495	0.68211	0.68114	0.999995	689	0	-0.19495
ZNF804B	4	0.4992	0.63897	0.999911	543	1	-0.097223	0.33799	0.33672	0.628905	197	0	-0.097223
TUBB2B	2	0.5038	0.50812	0.999911	544	1	-0.14937	0.18636	0.18646	0.628905	3	0	-0.14937
CDS1	4	0.50421	0.64106	0.999911	545	1	-0.012092	0.33799	0.33672	0.628905	313	0	-0.012092
CLTB	4	0.50753	0.64252	0.999911	546	1	-0.017274	0.33799	0.33672	0.628905	318	0	-0.017274
CEACAM1	4	0.50863	0.64294	0.999911	547	1	-0.12143	0.33799	0.33672	0.628905	315	0	-0.12143
CNOT8	3	0.51469	0.56568	0.999911	548	1	0	0.26608	0.26487	0.628905	8	0	0
DGKI	4	0.51521	0.64543	0.999911	549	1	-0.023364	0.33799	0.33672	0.628905	358	0	-0.023364
MAK	4	0.51575	0.64563	0.999911	550	1	-0.1254	0.33799	0.33672	0.628905	482	0	-0.1254
CRX	4	0.5201	0.6475	0.999911	551	1	-0.15161	0.65842	0.65773	0.999995	667	0	-0.15161
GPSM2	4	0.52064	0.64778	0.999911	552	1	-0.14213	0.33799	0.33672	0.628905	541	0	-0.14213
ABL1	4	0.52441	0.64941	0.999911	553	1	-0.13396	0.33799	0.33672	0.628905	388	0	-0.13396
FAM126A	4	0.52602	0.65009	0.999911	554	1	-0.09786	0.33799	0.33672	0.628905	523	0	-0.09786
ASCL1	4	0.52763	0.65073	0.999911	555	1	-0.029407	0.33799	0.33672	0.628905	374	0	-0.029407
VANGL2	4	0.5303	0.65179	0.999911	556	1	-0.23045	0.85955	0.86078	0.999995	860	0	-0.23045
FLOT1	4	0.53083	0.65202	0.999911	557	1	-0.051715	0.33799	0.33672	0.628905	513	0	-0.051715
FKBP10	4	0.53243	0.65248	0.999911	558	1	-0.082642	0.33799	0.33672	0.628905	535	0	-0.082642
GOLT1B	4	0.53349	0.65293	0.999911	559	1	-0.10171	0.63078	0.63009	0.999995	639	0	-0.10171
ABCB1	4	0.53613	0.65406	0.999911	560	1	-0.046765	0.33799	0.33672	0.628905	386	0	-0.046765
NCKAP1	4	0.53666	0.6543	0.999911	561	1	-0.13735	0.33799	0.33672	0.628905	83	0	-0.13735
GBX1	4	0.53718	0.65456	0.999911	562	1	-0.031704	0.33799	0.33672	0.628905	560	0	-0.031704
SOAT1	4	0.54086	0.65613	0.999911	563	1	-0.13034	0.33799	0.33672	0.628905	256	0	-0.13034
EPHA2	4	0.54191	0.6565	0.999911	564	1	-0.11643	0.33799	0.33672	0.628905	342	0	-0.11643
PPP2CB	3	0.54199	0.58393	0.999911	565	1	-0.17196	0.65707	0.65632	0.999995	665	0	-0.17196
EPS15	4	0.54243	0.65674	0.999911	566	1	-0.13573	0.77749	0.77848	0.999995	785	0	-0.13573
CRNN	4	0.54711	0.65886	0.999911	567	1	-0.10979	0.79115	0.79234	0.999995	798	0	-0.10979
GALR3	4	0.54918	0.65976	0.999911	568	1	-0.1885	0.81658	0.81885	0.999995	827	0	-0.1885
ERO1A	4	0.55124	0.66071	0.999911	569	1	-0.077957	0.33799	0.33672	0.628905	528	0	-0.077957
POU4F2	4	0.55176	0.66095	0.999911	570	1	-0.075592	0.33799	0.33672	0.628905	129	0	-0.075592
CAP1	4	0.55227	0.6611	0.999911	571	1	-0.14341	0.67205	0.67115	0.999995	679	0	-0.14341
MYCN	4	0.55279	0.66138	0.999911	572	1	-0.15707	0.33799	0.33672	0.628905	110	0	-0.15707
ATP7B	4	0.5533	0.66154	0.999911	573	1	-0.12224	0.33799	0.33672	0.628905	418	0	-0.12224
NUMBL	4	0.55381	0.66176	0.999911	574	1	-0.12456	0.33799	0.33672	0.628905	138	0	-0.12456
POLD1	4	0.55484	0.66231	0.999911	575	1	-0.063744	0.64523	0.64475	0.999995	656	0	-0.063744
COPS7B	4	0.55586	0.6628	0.999911	576	1	-0.16289	0.71493	0.71427	0.999995	717	0	-0.16289
TUBB4B	8	0.55648	0.76296	0.999911	577	3	-0.086599	0.93775	0.93729	0.999995	936	0	-0.086599
HMSD	4	0.5579	0.66387	0.999911	578	1	-0.05351	0.33799	0.33672	0.628905	452	0	-0.05351
EXOC6B	4	0.56347	0.66652	0.999911	579	1	-0.044772	0.33799	0.33672	0.628905	524	0	-0.044772
LIN28A	3	0.56462	0.59896	0.999911	580	1	-0.14857	0.81142	0.81158	0.999995	820	0	-0.14857
FSD1	4	0.56649	0.66771	0.999911	581	1	-0.02879	0.33799	0.33672	0.628905	522	0	-0.02879
GABPB2	4	0.56849	0.6687	0.999911	582	1	-0.094692	0.33799	0.33672	0.628905	561	0	-0.094692
BECN2	4	0.57198	0.67046	0.999911	583	1	-0.039549	0.64738	0.64688	0.999995	658	0	-0.039549
SAMD4A	4	0.57347	0.67108	0.999911	584	1	-0.17331	0.79718	0.79859	0.999995	804	0	-0.17331
ERO1B	4	0.57396	0.67127	0.999911	585	1	-0.057549	0.33799	0.33672	0.628905	527	0	-0.057549
GIT2	4	0.57643	0.67234	0.999911	586	1	-0.12527	0.76093	0.76132	0.999995	768	0	-0.12527
NRBP2	4	0.57987	0.67395	0.999911	587	1	-0.23913	0.94934	0.94954	0.999995	950	0	-0.23913
S1PR4	4	0.58036	0.67412	0.999911	588	1	-0.037105	0.33799	0.33672	0.628905	59	0	-0.037105
SLC25A25	4	0.58183	0.67471	0.999911	589	1	-0.12247	0.33799	0.33672	0.628905	228	0	-0.12247
YIF1B	4	0.58669	0.67703	0.999911	590	1	-0.18213	0.33799	0.33672	0.628905	193	0	-0.18213
PLEK2	4	0.58862	0.67783	0.999911	591	1	-0.17582	0.33799	0.33672	0.628905	130	0	-0.17582
YBX3	4	0.5939	0.68019	0.999911	592	1	-0.074286	0.33799	0.33672	0.628905	216	0	-0.074286
AP2A2	4	0.5977	0.68195	0.999911	593	1	-0.13949	0.33799	0.33672	0.628905	364	0	-0.13949
STX4	4	0.59818	0.68211	0.999911	594	1	-0.018956	0.33799	0.33672	0.628905	285	0	-0.018956
MTA1	4	0.60054	0.68315	0.999911	595	1	-0.15074	0.33799	0.33672	0.628905	112	0	-0.15074
SLC17A2	4	0.6029	0.68426	0.999911	596	1	-0.048045	0.33799	0.33672	0.628905	250	0	-0.048045
STRADA	4	0.60336	0.68451	0.999911	597	1	-0.18148	0.77135	0.7721	0.999995	777	0	-0.18148
CADPS	4	0.6043	0.68507	0.999911	598	1	-0.17188	0.33799	0.33672	0.628905	429	0	-0.17188
DYNLT1	4	0.60524	0.6855	0.999911	599	1	-0.10372	0.33799	0.33672	0.628905	334	0	-0.10372
CLASP2	4	0.60804	0.68693	0.999911	600	1	-0.092054	0.33799	0.33672	0.628905	323	0	-0.092054
MYBPHL	4	0.60943	0.68763	0.999911	601	1	-0.13987	0.80418	0.80573	0.999995	813	0	-0.13987
FNIP1	4	0.60989	0.68784	0.999911	602	1	-0.19948	0.73141	0.731	0.999995	740	0	-0.19948
H2AFX	4	0.61174	0.68869	0.999911	603	1	-0.19037	0.70227	0.70185	0.999995	708	0	-0.19037
POU5F2	4	0.61313	0.6894	0.999911	604	1	-0.14412	0.69502	0.69421	0.999995	701	0	-0.14412
GSDMD	4	0.61359	0.68963	0.999911	605	1	-0.22546	0.71749	0.71675	0.999995	721	0	-0.22546
HACD2	4	0.61496	0.69028	0.999911	606	1	-0.24229	0.63915	0.63821	0.999995	648	0	-0.24229
PDLIM5	4	0.61634	0.69086	0.999911	607	1	-0.11253	0.33799	0.33672	0.628905	124	0	-0.11253
RP1	4	0.6168	0.69111	0.999911	608	1	-0.23135	0.91128	0.91142	0.999995	911	0	-0.23135
SLC11A1	4	0.61725	0.69139	0.999911	609	1	-0.13845	0.33799	0.33672	0.628905	251	0	-0.13845
PGLS	4	0.61817	0.6919	0.999911	610	1	-0.039641	0.33799	0.33672	0.628905	120	0	-0.039641
CHMP1B	4	0.6209	0.6932	0.999911	611	1	-0.10575	0.33799	0.33672	0.628905	310	0	-0.10575
DYNC1LI2	4	0.62225	0.69392	0.999911	612	1	-0.0060361	0.33799	0.33672	0.628905	332	0	-0.0060361
PTPN6	4	0.62316	0.6945	0.999911	613	1	-0.099977	0.60007	0.59982	0.999995	607	0	-0.099977
G3BP1	4	0.62361	0.69469	0.999911	614	1	-0.17153	0.33799	0.33672	0.628905	518	0	-0.17153
CBLL2	4	0.62451	0.69519	0.999911	615	1	-0.061314	0.33799	0.33672	0.628905	407	0	-0.061314
PTCH1	4	0.62721	0.6965	0.999911	616	1	-0.16093	0.33799	0.33672	0.628905	39	0	-0.16093
KHSRP	4	0.62899	0.6975	0.999911	617	1	-0.1189	0.33799	0.33672	0.628905	489	0	-0.1189
IDH1	4	0.63033	0.69819	0.999911	618	1	-0.12285	0.5862	0.58616	0.999995	594	0	-0.12285
CCNE1	4	0.63166	0.69881	0.999911	619	1	-0.12626	0.84386	0.84589	0.999995	847	0	-0.12626
ATP5PB	4	0.63211	0.69898	0.999911	620	1	-0.077846	0.33799	0.33672	0.628905	423	0	-0.077846
SLC9A3R1	4	0.63388	0.69979	0.999911	621	1	-0.06074	0.60989	0.60902	0.999995	616	0	-0.06074
STAM	4	0.6352	0.70053	0.999911	622	1	-0.074006	0.33799	0.33672	0.628905	290	0	-0.074006
CREBBP	4	0.63871	0.70222	0.999911	623	1	-0.12012	0.33799	0.33672	0.628905	291	0	-0.12012
NBEAL2	4	0.64738	0.70709	0.999911	624	1	-0.13838	0.68091	0.68001	0.999995	684	0	-0.13838
FXR2	4	0.64824	0.70752	0.999911	625	1	-0.13117	0.33799	0.33672	0.628905	515	0	-0.13117
UNC119B	4	0.64995	0.70846	0.999911	626	1	-0.26847	0.78052	0.7818	0.999995	788	0	-0.26847
SLC10A2	4	0.65081	0.70891	0.999911	627	1	-0.17784	0.62989	0.6292	0.999995	637	0	-0.17784
HTR3D	4	0.65209	0.70965	0.999911	628	1	-0.049552	0.62044	0.61934	0.999995	629	0	-0.049552
HTR3E	4	0.65251	0.70992	0.999911	629	1	-0.15023	0.33799	0.33672	0.628905	462	0	-0.15023
EPHA3	4	0.65548	0.7113	0.999911	630	1	-0.037823	0.33799	0.33672	0.628905	337	0	-0.037823
CDNF	4	0.6559	0.71152	0.999911	631	1	-0.15025	0.61174	0.61084	0.999995	619	0	-0.15025
RBPJL	4	0.65716	0.71228	0.999911	632	1	-0.089241	0.33799	0.33672	0.628905	33	0	-0.089241
ZAP70	4	0.65758	0.71252	0.999911	633	1	-0.096347	0.33799	0.33672	0.628905	195	0	-0.096347
ZDHHC13	4	0.658	0.71277	0.999911	634	1	-0.10847	0.33799	0.33672	0.628905	194	0	-0.10847
PTCH2	4	0.65842	0.71304	0.999911	635	1	-0.096816	0.33799	0.33672	0.628905	40	0	-0.096816
GNB3	4	0.65884	0.71325	0.999911	636	1	-0.1387	0.7342	0.73393	0.999995	742	0	-0.1387
ARHGEF7	4	0.66218	0.71509	0.999911	637	1	-0.065911	0.61036	0.60965	0.999995	617	0	-0.065911
IMPDH2	4	0.66591	0.71692	0.999911	638	1	-0.28162	0.8	0.80117	0.999995	809	0	-0.28162
PCDH1	4	0.66673	0.71754	0.999911	639	1	-0.064357	0.33799	0.33672	0.628905	147	0	-0.064357
YIPF5	4	0.66879	0.71854	0.999911	640	1	-0.15839	0.74346	0.743	0.999995	752	0	-0.15839
STRIP1	4	0.67042	0.71942	0.999911	641	1	-0.15454	0.72183	0.72122	0.999995	727	0	-0.15454
KCNT2	4	0.67083	0.71963	0.999911	642	1	-0.10824	0.58523	0.58525	0.999995	592	0	-0.10824
TIMM23B	4	0.67368	0.72125	0.999911	643	1	-0.045502	0.33799	0.33672	0.628905	171	0	-0.045502
PXDN	4	0.6753	0.72221	0.999911	644	1	-0.01592	0.33799	0.33672	0.628905	44	0	-0.01592
RBMX	3	0.67768	0.68451	0.999911	645	1	-0.1468	0.64415	0.64312	0.999995	653	0	-0.1468
ATAD2	4	0.67931	0.72442	0.999911	646	1	0	0.33799	0.33672	0.628905	398	0	0
CTPS1	4	0.67971	0.72469	0.999911	647	1	-0.10353	0.33799	0.33672	0.628905	307	0	-0.10353
EZH1	4	0.68171	0.7258	0.999911	648	1	-0.085957	0.68567	0.68487	0.999995	692	0	-0.085957
CDK19	8	0.68676	0.84141	0.999911	649	1	-0.078534	0.56175	0.56066	0.999995	587	0	-0.078534
RYBP	3	0.68686	0.69294	0.999911	650	1	-0.16666	0.55237	0.55091	0.999995	572	0	-0.16666
ANXA1	4	0.68803	0.72952	0.999911	651	1	-0.10879	0.33799	0.33672	0.628905	380	0	-0.10879
H2BFM	4	0.68881	0.73007	0.999911	652	1	-0.030143	0.33799	0.33672	0.628905	505	0	-0.030143
NLRP8	4	0.68998	0.73071	0.999911	653	1	-0.078973	0.33799	0.33672	0.628905	93	0	-0.078973
PDGFC	4	0.69154	0.7316	0.999911	654	1	-0.1097	0.33799	0.33672	0.628905	122	0	-0.1097
GLIS3	4	0.69309	0.73272	0.999911	655	1	-0.081833	0.33799	0.33672	0.628905	565	0	-0.081833
TBC1D26	2	0.6957	0.69457	0.999911	656	0	-0.1516	0.61744	0.61628	0.999995	624	0	-0.1516
EAF1	4	0.69656	0.73473	0.999911	657	1	-0.23846	0.83795	0.83968	0.999995	841	0	-0.23846
WRN	4	0.69924	0.73658	0.999911	658	1	-0.12969	0.33799	0.33672	0.628905	220	0	-0.12969
HUS1B	4	0.69962	0.73677	0.999911	659	1	-0.14447	0.33799	0.33672	0.628905	461	0	-0.14447
USP13	4	0.70152	0.73785	0.999911	660	1	-0.1366	0.33799	0.33672	0.628905	211	0	-0.1366
RPL6	1	0.70207	0.70315	0.999911	661	0	-0.045675	0.29793	0.299	0.628905	22	0	-0.045675
TOMM20L	4	0.70454	0.73968	0.999911	662	1	-0.15374	0.89977	0.90007	0.999995	895	0	-0.15374
KRT38	4	0.70529	0.73998	0.999911	663	1	-0.029979	0.33799	0.33672	0.628905	504	0	-0.029979
UCHL5	4	0.70604	0.74045	0.999911	664	1	-0.13227	0.33799	0.33672	0.628905	210	0	-0.13227
FCRL3	4	0.70791	0.74148	0.999911	665	1	-0.095462	0.67651	0.67573	0.999995	681	0	-0.095462
ZNF418	4	0.70865	0.74201	0.999911	666	1	-0.011677	0.33799	0.33672	0.628905	203	0	-0.011677
KRTAP10-10	4	0.70903	0.74226	0.999911	667	1	0	0.33799	0.33672	0.628905	497	0	0
RAP1GAP2	4	0.71014	0.74306	0.999911	668	1	-0.15905	0.76728	0.76808	0.999995	772	0	-0.15905
GRIP2	4	0.71236	0.74436	0.999911	669	1	-0.049836	0.33799	0.33672	0.628905	554	0	-0.049836
FNIP2	4	0.7131	0.74474	0.999911	670	1	-0.20012	0.33799	0.33672	0.628905	506	0	-0.20012
ADM	4	0.71457	0.74559	0.999911	671	1	-0.20376	0.33799	0.33672	0.628905	394	0	-0.20376
BATF3	4	0.71566	0.74629	0.999911	672	1	-0.16407	0.85074	0.8524	0.999995	852	0	-0.16407
TREM2	4	0.71676	0.74691	0.999911	673	1	-0.077851	0.33799	0.33672	0.628905	159	0	-0.077851
TLN2	4	0.72002	0.74904	0.999911	674	1	-0.16985	0.89309	0.89357	0.999995	887	0	-0.16985
GYS1	4	0.72075	0.74947	0.999911	675	1	-0.030845	0.33799	0.33672	0.628905	549	0	-0.030845
DMP1	4	0.72147	0.74996	0.999911	676	1	-0.1845	0.33799	0.33672	0.628905	355	0	-0.1845
CYP2A6	4	0.72219	0.75044	0.999911	677	1	-0.18413	0.71712	0.71634	0.999995	720	0	-0.18413
DMXL2	4	0.72254	0.75069	0.999911	678	1	-0.15196	0.79318	0.79451	0.999995	800	0	-0.15196
KRT74	4	0.7229	0.75097	0.999911	679	1	-0.02627	0.33799	0.33672	0.628905	503	0	-0.02627
MARCKS	4	0.72326	0.7512	0.999911	680	1	-0.054826	0.64652	0.64606	0.999995	657	0	-0.054826
CNOT6	4	0.72718	0.75376	0.999911	681	1	-0.11424	0.33799	0.33672	0.628905	320	0	-0.11424
BARHL1	4	0.72789	0.75422	0.999911	682	1	-0.045012	0.33799	0.33672	0.628905	419	0	-0.045012
NAA16	4	0.72824	0.75442	0.999911	683	1	-0.12991	0.60101	0.60056	0.999995	608	0	-0.12991
CYFIP1	4	0.73071	0.75608	0.999911	684	1	-0.12498	0.33799	0.33672	0.628905	300	0	-0.12498
BZW1	3	0.73074	0.73219	0.999911	685	1	-0.23353	0.68164	0.68169	0.999995	687	0	-0.23353
PRG3	4	0.73246	0.75702	0.999911	686	1	-0.080665	0.33799	0.33672	0.628905	27	0	-0.080665
APH1A	4	0.73385	0.75815	0.999911	687	1	-0.12683	0.33799	0.33672	0.628905	366	0	-0.12683
HACD1	4	0.73628	0.75987	0.999911	688	1	-0.12092	0.33799	0.33672	0.628905	457	0	-0.12092
TRPC5	4	0.73697	0.7603	0.999911	689	1	-0.067135	0.33799	0.33672	0.628905	153	0	-0.067135
SEC31B	4	0.73903	0.76169	0.999911	690	1	-0.13005	0.33799	0.33672	0.628905	242	0	-0.13005
SUSD1	4	0.74006	0.76234	0.999911	691	1	-0.11652	0.33799	0.33672	0.628905	261	0	-0.11652
PPP3CC	4	0.7404	0.76251	0.999911	692	1	-0.1275	0.79803	0.79948	0.999995	805	0	-0.1275
TYMS	4	0.74108	0.76298	0.999911	693	1	-0.25889	0.84175	0.84361	0.999995	845	0	-0.25889
ESRP1	4	0.74142	0.76318	0.999911	694	1	-0.10853	0.76697	0.76768	0.999995	771	0	-0.10853
BECN1	4	0.74176	0.76344	0.999911	695	1	-0.10188	0.33799	0.33672	0.628905	431	0	-0.10188
MT2A	4	0.74278	0.76409	0.999911	696	1	-0.062135	0.33799	0.33672	0.628905	115	0	-0.062135
HMGCS2	4	0.74346	0.76458	0.999911	697	1	-0.20139	0.33799	0.33672	0.628905	453	0	-0.20139
UNC45B	4	0.7438	0.76478	0.999911	698	1	-0.17532	0.90835	0.90849	0.999995	908	0	-0.17532
PRKAB2	4	0.74481	0.76542	0.999911	699	1	-0.10815	0.77474	0.77575	0.999995	780	0	-0.10815
FMR1	4	0.74548	0.7658	0.999911	700	1	-0.052109	0.33799	0.33672	0.628905	507	0	-0.052109
PACS1	4	0.74582	0.76607	0.999911	701	1	-0.075739	0.33799	0.33672	0.628905	149	0	-0.075739
TXNDC8	4	0.7495	0.76887	0.999911	702	1	-0.060488	0.33799	0.33672	0.628905	163	0	-0.060488
KLF5	4	0.74983	0.76911	0.999911	703	1	-0.0040703	0.33799	0.33672	0.628905	491	0	-0.0040703
SLC25A2	4	0.75115	0.77006	0.999911	704	1	-0.0072764	0.33799	0.33672	0.628905	226	0	-0.0072764
DEGS2	4	0.75181	0.77041	0.999911	705	1	-0.20748	0.94689	0.94688	0.999995	945	0	-0.20748
S100A6	4	0.75214	0.77064	0.999911	706	1	-0.10628	0.33799	0.33672	0.628905	56	0	-0.10628
IKBKB	4	0.7551	0.7727	0.999911	707	1	-0.12087	0.33799	0.33672	0.628905	441	0	-0.12087
TGM6	4	0.75575	0.77312	0.999911	708	1	-0.037473	0.33799	0.33672	0.628905	176	0	-0.037473
SOS2	4	0.75705	0.77401	0.999911	709	1	-0.2093	0.60196	0.60148	0.999995	610	0	-0.2093
APOBEC3C	4	0.75738	0.7742	0.999911	710	1	-0.12019	0.33799	0.33672	0.628905	371	0	-0.12019
DYNC1LI1	3	0.7585	0.75891	0.999911	711	0	-0.085662	0.71882	0.71975	0.999995	723	0	-0.085662
ITSN1	4	0.75932	0.77556	0.999911	712	1	-0.12786	0.65209	0.65149	0.999995	661	0	-0.12786
LNX2	4	0.76061	0.77671	0.999911	713	1	-0.14253	0.33799	0.33672	0.628905	473	0	-0.14253
CDK16	4	0.76349	0.77885	0.999911	714	1	-0.094342	0.33799	0.33672	0.628905	362	0	-0.094342
IL6ST	4	0.7638	0.77907	0.999911	715	1	-0.18765	0.7787	0.77981	0.999995	786	0	-0.18765
ENOX1	4	0.76476	0.77966	0.999911	716	1	-0.11255	0.62406	0.62325	0.999995	633	0	-0.11255
SLC35F3	4	0.76539	0.7802	0.999911	717	1	-0.16867	0.72469	0.72429	0.999995	729	0	-0.16867
MAT1A	4	0.76665	0.78115	0.999911	718	1	-0.045738	0.68803	0.68737	0.999995	694	0	-0.045738
PSMB9	4	0.7676	0.78196	0.999911	719	1	-0.20839	0.89327	0.8937	0.999995	888	0	-0.20839
FSD1L	4	0.76885	0.78287	0.999911	720	1	-0.088769	0.33799	0.33672	0.628905	521	0	-0.088769
GOLPH3	4	0.77041	0.784	0.999911	721	1	-0.076	0.33799	0.33672	0.628905	566	0	-0.076
PDGFD	4	0.77166	0.78486	0.999911	722	1	0	0.33799	0.33672	0.628905	125	0	0
YAF2	4	0.77197	0.78513	0.999911	723	1	-0.19067	0.33799	0.33672	0.628905	217	0	-0.19067
VPS26B	4	0.77258	0.78571	0.999911	724	1	-0.15728	0.71966	0.71902	0.999995	725	0	-0.15728
SS18	4	0.77289	0.78596	0.999911	725	1	-0.18362	0.72824	0.72794	0.999995	735	0	-0.18362
ATM	4	0.77443	0.78712	0.999911	726	1	-0.14816	0.76157	0.76209	0.999995	769	0	-0.14816
H1FOO	4	0.77535	0.78776	0.999911	727	1	-0.010617	0.33799	0.33672	0.628905	551	0	-0.010617
DEGS1	4	0.77627	0.78838	0.999911	728	1	-0.16998	0.33799	0.33672	0.628905	348	0	-0.16998
RANBP17	4	0.7784	0.79	0.999911	729	1	-0.058759	0.33799	0.33672	0.628905	34	0	-0.058759
ABL2	4	0.77961	0.79102	0.999911	730	1	-0.12945	0.61634	0.61509	0.999995	623	0	-0.12945
SMC1B	4	0.78112	0.79205	0.999911	731	1	-0.15547	0.85607	0.85759	0.999995	857	0	-0.15547
RECK	4	0.78202	0.79277	0.999911	732	1	-0.027382	0.33799	0.33672	0.628905	70	0	-0.027382
EFR3B	4	0.78232	0.79297	0.999911	733	1	-0.21259	0.33799	0.33672	0.628905	340	0	-0.21259
SEC31A	4	0.78321	0.7936	0.999911	734	1	-0.17533	0.92051	0.92046	0.999995	916	0	-0.17533
TMEM185B	4	0.78381	0.79406	0.999911	735	1	-0.059035	0.33799	0.33672	0.628905	178	0	-0.059035
NDUFC1	4	0.7847	0.79469	0.999911	736	1	-0.11593	0.33799	0.33672	0.628905	98	0	-0.11593
CD163L1	4	0.785	0.79488	0.999911	737	1	-0.15189	0.7254	0.72514	0.999995	730	0	-0.15189
SATB2	4	0.78529	0.79509	0.999911	738	1	-0.0062731	0.33799	0.33672	0.628905	243	0	-0.0062731
VRTN	4	0.78559	0.79527	0.999911	739	1	-0.17729	0.87001	0.87053	0.999995	871	0	-0.17729
XPR1	4	0.78589	0.79544	0.999911	740	1	-0.14095	0.86486	0.8658	0.999995	865	0	-0.14095
GOLT1A	4	0.78677	0.79606	0.999911	741	1	-0.074064	0.33799	0.33672	0.628905	545	0	-0.074064
NCKAP1L	4	0.78765	0.79667	0.999911	742	1	-0.14811	0.7094	0.70873	0.999995	712	0	-0.14811
SS18L1	4	0.78853	0.79741	0.999911	743	1	-0.097769	0.33799	0.33672	0.628905	287	0	-0.097769
LARP1	4	0.7897	0.79844	0.999911	744	1	-0.084199	0.33799	0.33672	0.628905	500	0	-0.084199
AKAP11	4	0.79028	0.79892	0.999911	745	1	-0.12189	0.7404	0.73997	0.999995	748	0	-0.12189
MBP	4	0.79086	0.79951	0.999911	746	1	-0.11844	0.33799	0.33672	0.628905	104	0	-0.11844
G6PC	4	0.79202	0.80031	0.999911	747	1	-0.23348	0.33799	0.33672	0.628905	517	0	-0.23348
MYD88	4	0.79231	0.80051	0.999911	748	1	-0.13736	0.33799	0.33672	0.628905	87	0	-0.13736
LATS1	4	0.7926	0.80078	0.999911	749	1	-0.14301	0.33799	0.33672	0.628905	499	0	-0.14301
FLOT2	4	0.79318	0.80132	0.999911	750	1	-0.14694	0.85006	0.85176	0.999995	851	0	-0.14694
SNX6	4	0.79404	0.80189	0.999911	751	1	-0.12395	0.76507	0.76562	0.999995	770	0	-0.12395
ENOX2	4	0.79547	0.80297	0.999911	752	1	-0.10749	0.64867	0.64796	0.999995	659	0	-0.10749
TANC2	3	0.79548	0.79624	0.999911	753	0	-0.14379	0.5857	0.58447	0.999995	593	0	-0.14379
TYROBP	4	0.79718	0.80435	0.999911	754	1	-0.050072	0.33799	0.33672	0.628905	162	0	-0.050072
FLT1	4	0.79746	0.80464	0.999911	755	1	-0.092192	0.33799	0.33672	0.628905	512	0	-0.092192
TTC7B	4	0.79775	0.80484	0.999911	756	1	-0.041775	0.33799	0.33672	0.628905	169	0	-0.041775
ZNF284	4	0.79888	0.80557	0.999911	757	1	-0.11517	0.33799	0.33672	0.628905	201	0	-0.11517
TCF3	4	0.80028	0.80657	0.999911	758	1	-0.069756	0.69694	0.69639	0.999995	703	0	-0.069756
NR5A2	4	0.80224	0.80816	0.999911	759	1	-0.11271	0.33799	0.33672	0.628905	143	0	-0.11271
TBC1D9	4	0.8039	0.80978	0.999911	760	1	-0.1395	0.33799	0.33672	0.628905	272	0	-0.1395
MED12L	4	0.80473	0.81066	0.999911	761	1	-0.15939	0.61128	0.61043	0.999995	618	0	-0.15939
RANBP10	4	0.80528	0.81113	0.999911	762	1	-0.097105	0.33799	0.33672	0.628905	42	0	-0.097105
SERPINA12	8	0.80634	0.89697	0.999911	763	1	-0.099088	0.56175	0.56066	0.999995	589	0	-0.099088
CLIP4	4	0.80693	0.81277	0.999911	764	1	-0.081732	0.33799	0.33672	0.628905	324	0	-0.081732
GIT1	4	0.80911	0.81481	0.999911	765	1	-0.0065295	0.33799	0.33672	0.628905	564	0	-0.0065295
TMEM185A	4	0.80938	0.81515	0.999911	766	1	-0.0035003	0.33799	0.33672	0.628905	172	0	-0.0035003
SUV39H2	3	0.80979	0.80999	0.999911	767	0	-0.073499	0.26608	0.26487	0.628905	21	0	-0.073499
TBK1	4	0.81207	0.81735	0.999911	768	1	-0.12478	0.79859	0.80002	0.999995	807	0	-0.12478
BTG1	4	0.81261	0.81794	0.999911	769	1	-0.052713	0.33799	0.33672	0.628905	433	0	-0.052713
CSTF2T	4	0.81341	0.81854	0.999911	770	1	-0.11578	0.33799	0.33672	0.628905	305	0	-0.11578
KCNT1	4	0.81394	0.81911	0.999911	771	1	-0.080787	0.33799	0.33672	0.628905	494	0	-0.080787
FKBP4	4	0.81553	0.82037	0.999911	772	1	-0.15244	0.33799	0.33672	0.628905	534	0	-0.15244
DLL4	4	0.81606	0.82083	0.999911	773	1	-0.056657	0.33799	0.33672	0.628905	360	0	-0.056657
IQCA1L	4	0.81658	0.82132	0.999911	774	1	-0.11944	0.33799	0.33672	0.628905	448	0	-0.11944
BRSK2	4	0.81763	0.8222	0.999911	775	1	-0.099715	0.69732	0.69676	0.999995	704	0	-0.099715
GJA8	4	0.81842	0.82287	0.999911	776	1	-0.26053	0.33799	0.33672	0.628905	567	0	-0.26053
SEC23B	4	0.81868	0.82308	0.999911	777	1	-0.056176	0.72612	0.72585	0.999995	732	0	-0.056176
MYH7	4	0.81894	0.82328	0.999911	778	1	-0.14846	0.6559	0.65511	0.999995	663	0	-0.14846
MOGAT2	4	0.82076	0.82478	0.999911	779	1	-0.063476	0.33799	0.33672	0.628905	102	0	-0.063476
TANC1	4	0.8223	0.8262	0.999911	780	1	-0.20639	0.89414	0.89449	0.999995	890	0	-0.20639
MPC1	4	0.82282	0.8266	0.999911	781	1	-0.15042	0.33799	0.33672	0.628905	114	0	-0.15042
DPCR1	4	0.82307	0.82685	0.999911	782	1	-0.063969	0.33799	0.33672	0.628905	357	0	-0.063969
OSBPL6	4	0.82333	0.82705	0.999911	783	1	-0.19177	0.7551	0.7553	0.999995	760	0	-0.19177
RAD17	3	0.82453	0.82469	0.999911	784	0	-0.01679	0.26608	0.26487	0.628905	15	0	-0.01679
PTPN14	4	0.82461	0.82805	0.999911	785	1	-0.16043	0.33799	0.33672	0.628905	36	0	-0.16043
ZIC3	4	0.82714	0.83028	0.999911	786	1	-0.18846	0.83334	0.83525	0.999995	836	0	-0.18846
CRY1	4	0.82739	0.83045	0.999911	787	1	-0.075337	0.33799	0.33672	0.628905	294	0	-0.075337
TCF12	4	0.82789	0.83099	0.999911	788	1	-0.040907	0.33799	0.33672	0.628905	269	0	-0.040907
NAT8L	4	0.82814	0.83123	0.999911	789	1	-0.023097	0.33799	0.33672	0.628905	89	0	-0.023097
HEATR5A	4	0.82914	0.83192	0.999911	790	1	-0.16675	0.33799	0.33672	0.628905	456	0	-0.16675
SEC14L3	4	0.83014	0.83301	0.999911	791	1	-0.14477	0.33799	0.33672	0.628905	239	0	-0.14477
HRH3	4	0.83187	0.8346	0.999911	792	1	-0.1062	0.33799	0.33672	0.628905	468	0	-0.1062
TPBG	4	0.83211	0.83478	0.999911	793	1	-0.10955	0.6374	0.63642	0.999995	644	0	-0.10955
TOMM40L	4	0.83236	0.83502	0.999911	794	1	-0.097409	0.33799	0.33672	0.628905	180	0	-0.097409
RBMXL2	4	0.83432	0.83669	0.999911	795	1	0	0.33799	0.33672	0.628905	28	0	0
PSEN2	4	0.83456	0.83683	0.999911	796	1	-0.011656	0.33799	0.33672	0.628905	37	0	-0.011656
AP1G2	4	0.83578	0.83792	0.999911	797	1	-0.059481	0.33799	0.33672	0.628905	370	0	-0.059481
ERH	4	0.83602	0.83809	0.999911	798	1	-0.15776	0.63344	0.63254	0.999995	642	0	-0.15776
KCNG4	4	0.83698	0.83896	0.999911	799	1	-0.15198	0.33799	0.33672	0.628905	492	0	-0.15198
KRT37	4	0.83771	0.83978	0.999911	800	1	-0.040625	0.33799	0.33672	0.628905	501	0	-0.040625
TOP2B	4	0.83819	0.84027	0.999911	801	1	-0.16841	0.33799	0.33672	0.628905	179	0	-0.16841
ZDHHC17	4	0.8389	0.84107	0.999911	802	1	-0.086623	0.33799	0.33672	0.628905	189	0	-0.086623
XDH	4	0.83914	0.84127	0.999911	803	1	-0.067555	0.33799	0.33672	0.628905	215	0	-0.067555
EAF2	4	0.84104	0.84298	0.999911	804	1	-0.053964	0.33799	0.33672	0.628905	329	0	-0.053964
PMM1	4	0.84175	0.84375	0.999911	805	1	-0.17743	0.89274	0.89307	0.999995	886	0	-0.17743
NBEAL1	4	0.84292	0.84494	0.999911	806	1	-0.10319	0.79831	0.79973	0.999995	806	0	-0.10319
APOBEC1	4	0.84339	0.84549	0.999911	807	1	-0.15089	0.33799	0.33672	0.628905	365	0	-0.15089
RANBP6	3	0.84385	0.84446	0.999911	808	0	0	0.26608	0.26487	0.628905	17	0	0
TRIM25	4	0.84479	0.84692	0.999911	809	1	-0.074459	0.33799	0.33672	0.628905	154	0	-0.074459
CD44	4	0.84571	0.84772	0.999911	810	1	-0.19335	0.83432	0.83617	0.999995	838	0	-0.19335
TMEM9	4	0.84595	0.8479	0.999911	811	1	-0.099817	0.61542	0.61426	0.999995	621	0	-0.099817
ANKRD10	4	0.84641	0.84836	0.999911	812	1	-0.13339	0.58231	0.58213	0.999995	590	0	-0.13339
PRKAB1	4	0.84687	0.8489	0.999911	813	1	-0.12524	0.33799	0.33672	0.628905	25	0	-0.12524
RUNX1	4	0.84756	0.84958	0.999911	814	1	-0.08128	0.33799	0.33672	0.628905	62	0	-0.08128
ATAD2B	4	0.84778	0.84978	0.999911	815	1	-0.060615	0.33799	0.33672	0.628905	422	0	-0.060615
SERPINA9	4	0.84892	0.85076	0.999911	816	1	-0.05292	0.33799	0.33672	0.628905	247	0	-0.05292
STRIP2	4	0.85029	0.85205	0.999911	817	0	-0.059187	0.33799	0.33672	0.628905	284	0	-0.059187
ATOH1	4	0.85051	0.85224	0.999911	818	0	-0.16075	0.5891	0.58914	0.999995	598	0	-0.16075
AXL	4	0.85096	0.85262	0.999911	819	0	-0.12158	0.33799	0.33672	0.628905	420	0	-0.12158
SLCO2B1	4	0.85119	0.85277	0.999911	820	0	-0.15206	0.33799	0.33672	0.628905	225	0	-0.15206
NRBP1	4	0.85186	0.85347	0.999911	821	0	-0.053839	0.33799	0.33672	0.628905	142	0	-0.053839
CELA2A	4	0.85409	0.85558	0.999911	822	0	-0.16997	0.77413	0.77516	0.999995	779	0	-0.16997
UMPS	4	0.85497	0.85644	0.999911	823	0	-0.086954	0.33799	0.33672	0.628905	212	0	-0.086954
FRY	4	0.85541	0.85688	0.999911	824	0	-0.046889	0.33799	0.33672	0.628905	520	0	-0.046889
ACTL7A	4	0.85607	0.85759	0.999911	825	0	-0.23121	0.33799	0.33672	0.628905	384	0	-0.23121
HEATR5B	4	0.85673	0.85817	0.999911	826	0	-0.088746	0.61862	0.61763	0.999995	626	0	-0.088746
ARFGEF1	4	0.85695	0.85836	0.999911	827	0	-0.095637	0.33799	0.33672	0.628905	376	0	-0.095637
OSMR	4	0.85804	0.85948	0.999911	828	0	-0.12886	0.70977	0.7091	0.999995	713	0	-0.12886
NCK2	4	0.85998	0.86113	0.999911	829	0	-0.092153	0.33799	0.33672	0.628905	84	0	-0.092153
GBX2	4	0.8602	0.8613	0.999911	830	0	-0.12508	0.71639	0.71569	0.999995	718	0	-0.12508
CABP5	4	0.86105	0.86219	0.999911	831	0	-0.12705	0.33799	0.33672	0.628905	426	0	-0.12705
RCBTB2	4	0.86191	0.86301	0.999911	832	0	-0.047501	0.33799	0.33672	0.628905	71	0	-0.047501
EFR3A	4	0.86339	0.86447	0.999911	833	0	-0.092522	0.33799	0.33672	0.628905	341	0	-0.092522
SEC11C	4	0.8636	0.86464	0.999911	834	0	-0.16605	0.33799	0.33672	0.628905	240	0	-0.16605
KRTAP1-1	4	0.86381	0.86482	0.999911	835	0	-0.072361	0.33799	0.33672	0.628905	498	0	-0.072361
UAP1L1	4	0.86402	0.86507	0.999911	836	0	-0.088193	0.33799	0.33672	0.628905	164	0	-0.088193
PXDNL	4	0.86486	0.8658	0.999911	837	0	-0.074937	0.33799	0.33672	0.628905	45	0	-0.074937
TPRX1	4	0.86528	0.86614	0.999911	838	0	-0.025322	0.33799	0.33672	0.628905	181	0	-0.025322
IFIH1	4	0.86569	0.86649	0.999911	839	0	-0.077326	0.33799	0.33672	0.628905	438	0	-0.077326
CWF19L1	4	0.8659	0.86669	0.999911	840	0	-0.19766	0.33799	0.33672	0.628905	301	0	-0.19766
NETO2	4	0.86652	0.86727	0.999911	841	0	-0.053422	0.33799	0.33672	0.628905	94	0	-0.053422
DZIP1L	4	0.86673	0.86749	0.999911	842	0	-0.11938	0.33799	0.33672	0.628905	328	0	-0.11938
BCAP31	4	0.86859	0.8693	0.999911	843	0	-0.20856	0.33799	0.33672	0.628905	425	0	-0.20856
TRPM1	4	0.869	0.86959	0.999911	844	0	-0.20248	0.33799	0.33672	0.628905	155	0	-0.20248
ERC1	4	0.8694	0.86994	0.999911	845	0	-0.03311	0.58717	0.58718	0.999995	595	0	-0.03311
SPTLC3	4	0.86961	0.87018	0.999911	846	0	-0.22976	0.74244	0.74193	0.999995	750	0	-0.22976
ZFYVE19	4	0.87103	0.87162	0.999911	847	0	-0.10671	0.68369	0.68271	0.999995	690	0	-0.10671
CHML	4	0.87163	0.87221	0.999911	848	0	-0.094618	0.70152	0.701	0.999995	707	0	-0.094618
BICD2	4	0.87183	0.87245	0.999911	849	0	-0.11012	0.73731	0.73693	0.999995	745	0	-0.11012
SPHKAP	4	0.87304	0.87371	0.999911	850	0	-0.043487	0.33799	0.33672	0.628905	274	0	-0.043487
DUOX1	4	0.87324	0.87396	0.999911	851	0	-0.090461	0.33799	0.33672	0.628905	344	0	-0.090461
NDEL1	4	0.87343	0.8742	0.999911	852	0	-0.061076	0.33799	0.33672	0.628905	95	0	-0.061076
SMAP2	4	0.87403	0.87485	0.999911	853	0	-0.011679	0.33799	0.33672	0.628905	230	0	-0.011679
IL6R	4	0.87423	0.87502	0.999911	854	0	-0.12972	0.33799	0.33672	0.628905	434	0	-0.12972
ADARB1	4	0.87443	0.87523	0.999911	855	0	-0.054374	0.33799	0.33672	0.628905	389	0	-0.054374
PPP2R1B	4	0.87502	0.87579	0.999911	856	0	-0.19465	0.33799	0.33672	0.628905	128	0	-0.19465
JUP	4	0.876	0.87686	0.999911	857	0	-0.02819	0.33799	0.33672	0.628905	493	0	-0.02819
TGFBR2	4	0.8762	0.87699	0.999911	858	0	-0.1221	0.33799	0.33672	0.628905	177	0	-0.1221
CTPS2	4	0.87698	0.87773	0.999911	859	0	-0.067794	0.33799	0.33672	0.628905	306	0	-0.067794
DLL1	4	0.87757	0.87829	0.999911	860	0	-0.071079	0.33799	0.33672	0.628905	361	0	-0.071079
MTA3	4	0.87873	0.87928	0.999911	861	0	-0.1525	0.86507	0.86595	0.999995	866	0	-0.1525
VIM	4	0.87892	0.8794	0.999911	862	0	-0.10076	0.33799	0.33672	0.628905	219	0	-0.10076
LIM2	4	0.87911	0.87961	0.999911	863	0	-0.034964	0.33799	0.33672	0.628905	476	0	-0.034964
LIMK2	4	0.87988	0.88028	0.999911	864	0	-0.082581	0.33799	0.33672	0.628905	471	0	-0.082581
ZEB1	4	0.88007	0.88049	0.999911	865	0	-0.11806	0.33799	0.33672	0.628905	188	0	-0.11806
IL10RA	4	0.88026	0.88071	0.999911	866	0	-0.073019	0.33799	0.33672	0.628905	435	0	-0.073019
NXT2	4	0.88084	0.88129	0.999911	867	0	-0.10898	0.33799	0.33672	0.628905	137	0	-0.10898
IAPP	4	0.88141	0.8818	0.999911	868	0	-0.071942	0.33799	0.33672	0.628905	464	0	-0.071942
GBP3	4	0.88273	0.88311	0.999911	869	0	-0.072656	0.33799	0.33672	0.628905	563	0	-0.072656
CAB39L	4	0.88292	0.88335	0.999911	870	0	-0.080741	0.33799	0.33672	0.628905	427	0	-0.080741
ZNF423	4	0.88329	0.88369	0.999911	871	0	-0.10826	0.33799	0.33672	0.628905	198	0	-0.10826
LNX1	4	0.88478	0.88479	0.999911	872	0	-0.083518	0.65674	0.65603	0.999995	664	0	-0.083518
ALAS1	8	0.88728	0.93743	0.999911	873	1	-0.12156	0.56175	0.56066	0.999995	584	0	-0.12156
ZNF521	4	0.88736	0.88745	0.999911	874	0	-0.10219	0.58958	0.58951	0.999995	599	0	-0.10219
CYFIP2	4	0.88791	0.88801	0.999911	875	0	-0.095314	0.33799	0.33672	0.628905	303	0	-0.095314
RNF144A	4	0.88809	0.88814	0.999911	876	0	-0.097126	0.70865	0.70789	0.999995	711	0	-0.097126
LRFN1	4	0.88881	0.88881	0.999911	877	0	-0.059439	0.33799	0.33672	0.628905	483	0	-0.059439
PLCG2	4	0.88954	0.88963	0.999911	878	0	-0.14731	0.33799	0.33672	0.628905	133	0	-0.14731
CLTCL1	4	0.8899	0.89007	0.999911	879	0	0	0.33799	0.33672	0.628905	321	0	0
TREML4	3	0.89034	0.89028	0.999911	880	0	-0.054743	0.26608	0.26487	0.628905	11	0	-0.054743
AOX1	4	0.89043	0.89071	0.999911	881	0	-0.023044	0.33799	0.33672	0.628905	368	0	-0.023044
TAF9	4	0.89203	0.89234	0.999911	882	0	0	0.33799	0.33672	0.628905	257	0	0
ERN2	4	0.89221	0.89253	0.999911	883	0	-0.10534	0.60477	0.60415	0.999995	614	0	-0.10534
RSPH1	4	0.89466	0.89497	0.999911	884	0	-0.11816	0.33799	0.33672	0.628905	60	0	-0.11816
NCK1	4	0.89518	0.89537	0.999911	885	0	-0.019121	0.33799	0.33672	0.628905	81	0	-0.019121
TBPL2	4	0.8957	0.89595	0.999911	886	0	-0.0043872	0.33799	0.33672	0.628905	267	0	-0.0043872
MMD2	4	0.89621	0.89635	0.999911	887	0	-0.094497	0.33799	0.33672	0.628905	99	0	-0.094497
NOX3	4	0.89656	0.89672	0.999911	888	0	-0.085644	0.33799	0.33672	0.628905	141	0	-0.085644
PRSS37	4	0.89758	0.89785	0.999911	889	0	-0.11071	0.63871	0.6378	0.999995	647	0	-0.11071
CAT	4	0.89843	0.89872	0.999911	890	0	-0.13395	0.33799	0.33672	0.628905	400	0	-0.13395
REG3A	4	0.89877	0.89905	0.999911	891	0	-0.075297	0.33799	0.33672	0.628905	65	0	-0.075297
CCT6B	4	0.8996	0.89992	0.999911	892	0	-0.14501	0.33799	0.33672	0.628905	408	0	-0.14501
STX7	4	0.89994	0.90024	0.999911	893	0	-0.064047	0.33799	0.33672	0.628905	262	0	-0.064047
PDCD4	4	0.90044	0.90069	0.999911	894	0	-0.1207	0.33799	0.33672	0.628905	123	0	-0.1207
FBLN1	4	0.90193	0.90204	0.999911	895	0	0	0.33799	0.33672	0.628905	539	0	0
RPS7	1	0.90202	0.90261	0.999911	896	0	0	0.097982	0.098556	0.628905	1	0	0
SLC25A15	4	0.90209	0.90218	0.999911	897	0	-0.063481	0.65336	0.65293	0.999995	662	0	-0.063481
EPC1	4	0.90226	0.90232	0.999911	898	0	-0.11621	0.73106	0.73072	0.999995	739	0	-0.11621
PRDM13	4	0.90258	0.90261	0.999911	899	0	-0.061951	0.33799	0.33672	0.628905	23	0	-0.061951
RHOT1	4	0.90307	0.90312	0.999911	900	0	-0.087669	0.33799	0.33672	0.628905	77	0	-0.087669
CAV1	4	0.90324	0.90328	0.999911	901	0	-0.13061	0.33799	0.33672	0.628905	399	0	-0.13061
ALG14	4	0.9034	0.9034	0.999911	902	0	-0.095853	0.33799	0.33672	0.628905	390	0	-0.095853
SHMT1	4	0.90373	0.9037	0.999911	903	0	-0.032316	0.33799	0.33672	0.628905	255	0	-0.032316
TNKS	4	0.90405	0.90401	0.999911	904	0	-0.11651	0.33799	0.33672	0.628905	183	0	-0.11651
ZNRF4	4	0.9047	0.90469	0.999911	905	0	-0.045866	0.33799	0.33672	0.628905	200	0	-0.045866
TBC1D1	4	0.90502	0.90501	0.999911	906	0	-0.028028	0.33799	0.33672	0.628905	270	0	-0.028028
KCNMB3	4	0.90661	0.90646	0.999911	907	0	-0.068848	0.33799	0.33672	0.628905	495	0	-0.068848
TAS1R2	4	0.90788	0.90801	0.999911	908	0	-0.049385	0.33799	0.33672	0.628905	271	0	-0.049385
ALAS2	4	0.90897	0.90899	0.999911	909	0	-0.089045	0.33799	0.33672	0.628905	391	0	-0.089045
RAP1GAP	4	0.91082	0.91091	0.999911	910	0	-0.081827	0.33799	0.33672	0.628905	24	0	-0.081827
NSDHL	4	0.91265	0.91281	0.999911	911	0	-0.064787	0.33799	0.33672	0.628905	139	0	-0.064787
CYP2C8	4	0.9137	0.91371	0.999911	912	0	0	0.33799	0.33672	0.628905	326	0	0
PLD1	4	0.91385	0.91384	0.999911	913	0	-0.16108	0.92977	0.92977	0.999995	923	0	-0.16108
CLASP1	4	0.914	0.91397	0.999911	914	0	-0.010603	0.33799	0.33672	0.628905	317	0	-0.010603
AQP8	4	0.91444	0.91438	0.999911	915	0	-0.081608	0.33799	0.33672	0.628905	377	0	-0.081608
AP3M1	4	0.91548	0.91538	0.999911	916	0	-0.04735	0.33799	0.33672	0.628905	363	0	-0.04735
UBQLN3	4	0.91606	0.91595	0.999911	917	0	-0.041282	0.33799	0.33672	0.628905	187	0	-0.041282
FZD8	4	0.91665	0.91651	0.999911	918	0	-0.0089079	0.5828	0.58263	0.999995	591	0	-0.0089079
PLCG1	4	0.91824	0.91817	0.999911	919	0	-0.12634	0.33799	0.33672	0.628905	134	0	-0.12634
RNF2	3	0.91849	0.918	0.999911	920	0	-0.038664	0.26608	0.26487	0.628905	6	0	-0.038664
RSC1A1	4	0.91852	0.9184	0.999911	921	0	-0.13675	0.79633	0.79778	0.999995	803	0	-0.13675
HMGCLL1	4	0.91867	0.91852	0.999911	922	0	-0.14029	0.33799	0.33672	0.628905	458	0	-0.14029
MYBL2	4	0.91895	0.91881	0.999911	923	0	0	0.33799	0.33672	0.628905	111	0	0
ARFGEF2	4	0.9191	0.91891	0.999911	924	0	-0.080691	0.69386	0.69327	0.999995	699	0	-0.080691
RNF125	4	0.91952	0.91931	0.999911	925	0	-0.046536	0.33799	0.33672	0.628905	72	0	-0.046536
ZNF185	4	0.92009	0.91998	0.999911	926	0	-0.047889	0.63299	0.63212	0.999995	641	0	-0.047889
SOHLH1	4	0.92051	0.92046	0.999911	927	0	-0.1988	0.815	0.81736	0.999995	825	0	-0.1988
HOXB1	4	0.92342	0.92339	0.999911	928	0	-0.14112	0.68488	0.68395	0.999995	691	0	-0.14112
GPR183	4	0.9241	0.92412	0.999911	929	0	-0.10454	0.71236	0.71173	0.999995	715	0	-0.10454
LMBR1L	4	0.92451	0.92455	0.999911	930	0	-0.072861	0.66426	0.66333	0.999995	672	0	-0.072861
DYNLT3	4	0.92491	0.92499	0.999911	931	0	-0.03265	0.33799	0.33672	0.628905	333	0	-0.03265
CHM	4	0.92518	0.92526	0.999911	932	0	-0.010462	0.58765	0.58774	0.999995	596	0	-0.010462
KLK12	4	0.92532	0.92536	0.999911	933	0	-0.027368	0.33799	0.33672	0.628905	490	0	-0.027368
MECP2	4	0.92665	0.92657	0.999911	934	0	-0.05275	0.33799	0.33672	0.628905	100	0	-0.05275
ATP8B3	4	0.92731	0.92723	0.999911	935	0	-0.13694	0.33799	0.33672	0.628905	417	0	-0.13694
GMPR2	4	0.92887	0.92888	0.999911	936	0	-0.11344	0.6491	0.64841	0.999995	660	0	-0.11344
MTUS1	4	0.92926	0.92931	0.999911	937	0	-0.065004	0.6753	0.6745	0.999995	680	0	-0.065004
RNF130	4	0.93028	0.9304	0.999911	938	0	-0.072936	0.33799	0.33672	0.628905	75	0	-0.072936
GALNT2	4	0.93054	0.93072	0.999911	939	0	-0.085749	0.70566	0.70484	0.999995	710	0	-0.085749
RPL3L	4	0.93079	0.93099	0.999911	940	0	-0.080679	0.80445	0.80605	0.999995	814	0	-0.080679
ERC2	4	0.93092	0.93117	0.999911	941	0	-0.040231	0.33799	0.33672	0.628905	339	0	-0.040231
GPR50	4	0.93155	0.93161	0.999911	942	0	-0.079255	0.33799	0.33672	0.628905	547	0	-0.079255
DNAJC15	4	0.93217	0.9322	0.999911	943	0	-0.081663	0.33799	0.33672	0.628905	354	0	-0.081663
KAT6B	4	0.93488	0.93502	0.999911	944	0	-0.11636	0.73455	0.7343	0.999995	743	0	-0.11636
TMEM120B	4	0.935	0.93511	0.999911	945	0	-0.065538	0.33799	0.33672	0.628905	173	0	-0.065538
CHSY3	4	0.93572	0.93587	0.999911	946	0	-0.048475	0.33799	0.33672	0.628905	311	0	-0.048475
SIX6	4	0.93596	0.93609	0.999911	947	0	-0.096802	0.33799	0.33672	0.628905	249	0	-0.096802
GYS2	4	0.93703	0.93693	0.999911	948	0	-0.077792	0.33799	0.33672	0.628905	552	0	-0.077792
LDB2	4	0.93832	0.93811	0.999911	949	0	-0.11689	0.33799	0.33672	0.628905	474	0	-0.11689
ULK2	4	0.94095	0.94075	0.999911	950	0	-0.046998	0.33799	0.33672	0.628905	209	0	-0.046998
TOMM20	3	0.94114	0.94052	0.999911	951	0	-0.018139	0.26608	0.26487	0.628905	5	0	-0.018139
RTP1	4	0.94316	0.94294	0.999911	952	0	-0.053239	0.33799	0.33672	0.628905	63	0	-0.053239
RC3H2	4	0.94327	0.94305	0.999911	953	0	-0.0027618	0.33799	0.33672	0.628905	69	0	-0.0027618
SPDEF	4	0.94479	0.9447	0.999911	954	0	-0.09349	0.33799	0.33672	0.628905	275	0	-0.09349
MRGPRX2	4	0.94532	0.94528	0.999911	955	0	-0.056609	0.60148	0.60101	0.999995	609	0	-0.056609
NAPB	4	0.94564	0.94564	0.999911	956	0	-0.083777	0.33799	0.33672	0.628905	86	0	-0.083777
UTRN	4	0.94574	0.94568	0.999911	957	0	-0.024979	0.33799	0.33672	0.628905	207	0	-0.024979
JAG2	4	0.94595	0.94587	0.999911	958	0	-0.063489	0.33799	0.33672	0.628905	469	0	-0.063489
DNAJC19	3	0.9472	0.9467	0.999911	959	0	-0.048935	0.26608	0.26487	0.628905	9	0	-0.048935
SPTAN1	4	0.94741	0.94745	0.999911	960	0	-0.13824	0.80611	0.8078	0.999995	816	0	-0.13824
COPZ2	4	0.94762	0.94769	0.999911	961	0	0	0.33799	0.33672	0.628905	298	0	0
ARHGEF6	4	0.94803	0.9482	0.999911	962	0	-0.044767	0.33799	0.33672	0.628905	373	0	-0.044767
FLNB	4	0.94843	0.94858	0.999911	963	0	-0.052602	0.33799	0.33672	0.628905	510	0	-0.052602
CAPN2	4	0.94994	0.95026	0.999911	964	0	-0.062282	0.33799	0.33672	0.628905	406	0	-0.062282
JAG1	4	0.95063	0.95098	0.999911	965	0	-0.064553	0.33799	0.33672	0.628905	445	0	-0.064553
TSPO2	4	0.95083	0.95115	0.999911	966	0	-0.11909	0.33799	0.33672	0.628905	161	0	-0.11909
CNOT6L	4	0.95276	0.95327	0.999911	967	0	-0.020894	0.33799	0.33672	0.628905	308	0	-0.020894
HTR2C	4	0.95352	0.95407	0.999911	968	0	-0.083218	0.33799	0.33672	0.628905	467	0	-0.083218
RNF113B	4	0.95417	0.95466	0.999911	969	0	-0.050459	0.33799	0.33672	0.628905	73	0	-0.050459
SP110	4	0.95426	0.95476	0.999911	970	0	-0.0943	0.76823	0.76902	0.999995	773	0	-0.0943
SEC11A	4	0.95573	0.95634	0.999911	971	0	-0.055638	0.33799	0.33672	0.628905	245	0	-0.055638
TEX45	4	0.95609	0.9567	0.999911	972	0	-0.030642	0.33799	0.33672	0.628905	175	0	-0.030642
EXOC6	4	0.95839	0.95883	0.999911	973	0	-0.042349	0.33799	0.33672	0.628905	529	0	-0.042349
CHUK	8	0.9584	0.96355	0.999911	974	1	-0.10867	0.83274	0.83226	0.999995	835	0	-0.10867
PPP3R2	4	0.9589	0.95929	0.999911	975	0	-0.041168	0.33799	0.33672	0.628905	32	0	-0.041168
SHCBP1L	4	0.95899	0.95939	0.999911	976	0	-0.028374	0.33799	0.33672	0.628905	252	0	-0.028374
SLC35F4	4	0.96076	0.96136	0.999911	977	0	-0.036247	0.33799	0.33672	0.628905	222	0	-0.036247
RALGPS1	4	0.961	0.96159	0.999911	978	0	-0.040312	0.33799	0.33672	0.628905	41	0	-0.040312
ARHGEF3	4	0.9619	0.96227	0.999911	979	0	0	0.33799	0.33672	0.628905	378	0	0
ESRP2	4	0.96231	0.96269	0.999911	980	0	-0.047198	0.33799	0.33672	0.628905	530	0	-0.047198
PDX1	4	0.96294	0.96336	0.999911	981	0	-0.056026	0.33799	0.33672	0.628905	118	0	-0.056026
SPOPL	4	0.96396	0.96439	0.999911	982	0	-0.037476	0.33799	0.33672	0.628905	276	0	-0.037476
DDX17	4	0.96458	0.96505	0.999911	983	0	-0.075821	0.68998	0.68937	0.999995	695	0	-0.075821
ERN1	4	0.96511	0.96551	0.999911	984	0	-0.062143	0.33799	0.33672	0.628905	338	0	-0.062143
KPNA3	4	0.96542	0.96581	0.999911	985	0	-0.038963	0.33799	0.33672	0.628905	496	0	-0.038963
DST	4	0.96683	0.96717	0.999911	986	0	-0.081521	0.73628	0.73588	0.999995	744	0	-0.081521
DDI1	8	0.96684	0.96863	0.999911	987	1	-0.00083949	0.56175	0.56066	0.999995	579	0	-0.00083949
NCBP2L	4	0.96755	0.96793	0.999911	988	0	-0.068499	0.33799	0.33672	0.628905	82	0	-0.068499
SMARCC1	4	0.96762	0.96805	0.999911	989	0	-0.039145	0.60243	0.60184	0.999995	611	0	-0.039145
ITGB1BP2	4	0.96944	0.96963	0.999911	990	0	-0.045193	0.33799	0.33672	0.628905	443	0	-0.045193
UAP1	4	0.97012	0.97029	0.999911	991	0	-0.021272	0.33799	0.33672	0.628905	165	0	-0.021272
CTCFL	4	0.97033	0.9705	0.999911	992	0	-0.088348	0.78559	0.78649	0.999995	793	0	-0.088348
GOLPH3L	4	0.97053	0.97069	0.999911	993	0	-0.0050831	0.33799	0.33672	0.628905	546	0	-0.0050831
SMAP1	4	0.97112	0.97131	0.999911	994	0	-0.0018708	0.33799	0.33672	0.628905	224	0	-0.0018708
AIPL1	4	0.97152	0.97162	0.999911	995	0	-0.065277	0.33799	0.33672	0.628905	396	0	-0.065277
DYNLRB2	4	0.97178	0.97188	0.999911	996	0	-0.040752	0.33799	0.33672	0.628905	331	0	-0.040752
LIF	4	0.97223	0.97227	0.999911	997	0	-0.02808	0.33799	0.33672	0.628905	477	0	-0.02808
TRAPPC3L	4	0.97445	0.97459	0.999911	998	0	-0.027624	0.33799	0.33672	0.628905	160	0	-0.027624
LRBA	4	0.97469	0.97482	0.999911	999	0	-0.035913	0.33799	0.33672	0.628905	484	0	-0.035913
OGDHL	4	0.97522	0.97529	0.999911	1000	0	-0.029612	0.33799	0.33672	0.628905	150	0	-0.029612
SYK	4	0.97552	0.97561	0.999911	1001	0	-0.038409	0.33799	0.33672	0.628905	263	0	-0.038409
SLC22A13	4	0.97626	0.97629	0.999911	1002	0	0	0.33799	0.33672	0.628905	227	0	0
DRD3	4	0.97655	0.97659	0.999911	1003	0	-0.087965	0.33799	0.33672	0.628905	356	0	-0.087965
RPRD1A	4	0.97716	0.97723	0.999911	1004	0	-0.082266	0.72965	0.72933	0.999995	738	0	-0.082266
MPC1L	4	0.97743	0.97755	0.999911	1005	0	0	0.33799	0.33672	0.628905	113	0	0
PPP3R1	4	0.97845	0.97853	0.999911	1006	0	-0.031454	0.33799	0.33672	0.628905	29	0	-0.031454
TBC1D4	4	0.97918	0.97923	0.999911	1007	0	-0.029371	0.33799	0.33672	0.628905	273	0	-0.029371
NR5A1	4	0.97954	0.97953	0.999911	1008	0	-0.039307	0.5977	0.59741	0.999995	603	0	-0.039307
DCAF4L2	4	0.97974	0.97974	0.999911	1009	0	-0.0079972	0.33799	0.33672	0.628905	352	0	-0.0079972
AP5M1	4	0.98004	0.98015	0.999911	1010	0	-0.071179	0.77627	0.77727	0.999995	783	0	-0.071179
DMXL1	4	0.98039	0.98044	0.999911	1011	0	-0.064624	0.72219	0.72162	0.999995	728	0	-0.064624
SAR1B	4	0.98044	0.98046	0.999911	1012	0	-0.082833	0.75181	0.7518	0.999995	759	0	-0.082833
MBD3L1	4	0.98064	0.98063	0.999911	1013	0	-0.0059013	0.33799	0.33672	0.628905	105	0	-0.0059013
NR2E1	4	0.98073	0.98073	0.999911	1014	0	-0.038166	0.33799	0.33672	0.628905	140	0	-0.038166
DGAT2L6	4	0.98126	0.98127	0.999911	1015	0	-0.0029829	0.33799	0.33672	0.628905	359	0	-0.0029829
MORF4L2	4	0.98131	0.98129	0.999911	1016	0	-0.046808	0.33799	0.33672	0.628905	101	0	-0.046808
TNKS2	4	0.98173	0.98166	0.999911	1017	0	-0.062513	0.33799	0.33672	0.628905	186	0	-0.062513
STAM2	4	0.98247	0.98242	0.999911	1018	0	-0.053494	0.33799	0.33672	0.628905	289	0	-0.053494
TAF1L	3	0.98324	0.98318	0.999911	1019	0	0	0.26608	0.26487	0.628905	20	0	0
HMGCL	4	0.98446	0.98472	0.999911	1020	0	-0.013953	0.33799	0.33672	0.628905	459	0	-0.013953
CCNT2	4	0.9845	0.98477	0.999911	1021	0	-0.0025031	0.33799	0.33672	0.628905	409	0	-0.0025031
NETO1	4	0.98454	0.9848	0.999911	1022	0	-0.022368	0.61313	0.61215	0.999995	620	0	-0.022368
FAM71B	4	0.98466	0.98494	0.999911	1023	0	-0.033682	0.33799	0.33672	0.628905	537	0	-0.033682
LBX1	4	0.98487	0.98513	0.999911	1024	0	-0.031053	0.33799	0.33672	0.628905	475	0	-0.031053
SATB1	4	0.98491	0.98519	0.999911	1025	0	-0.0241	0.33799	0.33672	0.628905	244	0	-0.0241
CD72	4	0.98558	0.98582	0.999911	1026	0	-0.035467	0.71346	0.71278	0.999995	716	0	-0.035467
SLITRK1	4	0.9862	0.98629	0.999911	1027	0	-0.057134	0.71821	0.7175	0.999995	722	0	-0.057134
SMARCA1	4	0.98631	0.9864	0.999911	1028	0	-0.010184	0.33799	0.33672	0.628905	236	0	-0.010184
TFDP3	4	0.98646	0.98658	0.999911	1029	0	0	0.33799	0.33672	0.628905	174	0	0
SUV39H1	4	0.98679	0.98693	0.999911	1030	0	0	0.33799	0.33672	0.628905	264	0	0
CLCA1	4	0.98833	0.98836	0.999911	1031	0	-0.055467	0.33799	0.33672	0.628905	322	0	-0.055467
DENND5B	4	0.98866	0.98871	0.999911	1032	0	0	0.33799	0.33672	0.628905	347	0	0
TAF9B	2	0.9904	0.99086	0.999911	1033	0	0	0.18636	0.18646	0.628905	2	0	0
CDC34	4	0.99083	0.99078	0.999911	1034	0	0	0.33799	0.33672	0.628905	411	0	0
FAM50B	4	0.991	0.99099	0.999911	1035	0	-0.017967	0.33799	0.33672	0.628905	525	0	-0.017967
CSTF2	4	0.99103	0.99102	0.999911	1036	0	0	0.33799	0.33672	0.628905	299	0	0
PMM2	4	0.99184	0.99183	0.999911	1037	0	-0.015778	0.63784	0.63688	0.999995	645	0	-0.015778
TRPC7	4	0.99219	0.99211	0.999911	1038	0	-0.008043	0.33799	0.33672	0.628905	156	0	-0.008043
MECOM	4	0.99338	0.99323	0.999911	1039	0	-0.013749	0.33799	0.33672	0.628905	103	0	-0.013749
DCAF8L1	4	0.99351	0.99339	0.999911	1040	0	0	0.33799	0.33672	0.628905	351	0	0
PCBD1	4	0.9949	0.995	0.999911	1041	0	-0.0086113	0.33799	0.33672	0.628905	145	0	-0.0086113
ARFIP1	4	0.99522	0.99526	0.999911	1042	0	0	0.33799	0.33672	0.628905	379	0	0
HRH1	4	0.9954	0.99548	0.999911	1043	0	0	0.33799	0.33672	0.628905	465	0	0
ZNF260	4	0.99608	0.99607	0.999911	1044	0	-0.017344	0.33799	0.33672	0.628905	202	0	-0.017344
GDF15	4	0.99633	0.99639	0.999911	1045	0	0	0.33799	0.33672	0.628905	557	0	0
CHSY1	4	0.99649	0.99655	0.999911	1046	0	-0.0073102	0.33799	0.33672	0.628905	312	0	-0.0073102
PCBD2	4	0.99658	0.99667	0.999911	1047	0	-0.0016447	0.33799	0.33672	0.628905	144	0	-0.0016447
FAM126B	4	0.99736	0.99742	0.999911	1048	0	0	0.33799	0.33672	0.628905	526	0	0
COQ10B	4	0.99752	0.99758	0.999911	1049	0	0	0.33799	0.33672	0.628905	297	0	0
GSX2	4	0.99808	0.99817	0.999911	1050	0	0	0.33799	0.33672	0.628905	555	0	0
CAB39	4	0.99826	0.99841	0.999911	1051	0	0	0.33799	0.33672	0.628905	432	0	0
SIK2	4	0.99991	0.99991	0.999911	1052	0	0	0.33799	0.33672	0.628905	254	0	0
TP53	4	0.99991	0.99991	0.999911	1053	0	0	0.33799	0.33672	0.628905	182	0	0
ZNF146	4	0.99991	0.99991	0.999911	1054	0	0	0.33799	0.33672	0.628905	196	0	0
SBNO2	4	0.99991	0.99991	0.999911	1055	0	0	0.33799	0.33672	0.628905	246	0	0
FRYL	4	0.99991	0.99991	0.999911	1056	0	0	0.33799	0.33672	0.628905	519	0	0
AMELX	4	0.99991	0.99991	0.999911	1057	0	0	0.33799	0.33672	0.628905	393	0	0
RRAGD	4	0.99991	0.99991	0.999911	1058	0	0	0.33799	0.33672	0.628905	61	0	0
RC3H1	4	0.99991	0.99991	0.999911	1059	0	0	0.33799	0.33672	0.628905	47	0	0
