id	num	neg|score	neg|p-value	neg|fdr	neg|rank	neg|goodsgrna	neg|lfc	pos|score	pos|p-value	pos|fdr	pos|rank	pos|goodsgrna	pos|lfc
MYC	8	1.9758e-11	4.6703e-06	0.000825	1	8	-3.139	1.0	1.0	0.999995	1060	0	-3.139
RRM1	8	1.4859e-08	4.6703e-06	0.000825	2	8	-2.6952	1.0	1.0	0.999995	1059	0	-2.6952
RPP21	4	1.5132e-07	4.6703e-06	0.000825	3	4	-3.0976	1.0	1.0	0.999995	1058	0	-3.0976
POLR2L	4	9.2669e-07	4.6703e-06	0.000825	4	4	-3.1898	1.0	1.0	0.999995	1057	0	-3.1898
MTG2	4	1.3403e-06	4.6703e-06	0.000825	5	4	-1.6095	1.0	1.0	0.999995	1056	0	-1.6095
RRM2	4	1.994e-06	4.6703e-06	0.000825	6	2	-2.1956	0.68466	0.84824	0.999995	808	2	-2.1956
ALDOA	4	3.4842e-06	1.4011e-05	0.001485	7	3	-2.9092	0.99679	0.99685	0.999995	995	0	-2.9092
BUB3	4	4.5888e-06	1.4011e-05	0.001485	8	4	-3.175	0.99997	0.99997	0.999995	1047	0	-3.175
CCND1	4	4.9524e-06	1.4011e-05	0.001485	9	4	-1.6242	1.0	1.0	0.999995	1055	0	-1.6242
PRPF8	4	5.3514e-06	1.4011e-05	0.001485	10	4	-2.038	0.99999	1.0	0.999995	1054	0	-2.038
COPA	4	1.516e-05	6.0714e-05	0.00526	11	4	-1.8203	0.99998	0.99999	0.999995	1053	0	-1.8203
PDCD6IP	4	1.753e-05	7.0054e-05	0.00526	12	4	-1.8022	0.99998	0.99999	0.999995	1052	0	-1.8022
NAA10	4	1.8551e-05	7.0054e-05	0.00526	13	4	-1.1454	0.99998	0.99999	0.999995	1051	0	-1.1454
SF3B3	4	2.632e-05	7.9395e-05	0.00526	14	4	-1.4501	0.99997	0.99998	0.999995	1050	0	-1.4501
UQCRC1	4	2.9878e-05	7.9395e-05	0.00526	15	4	-1.1943	0.99997	0.99997	0.999995	1049	0	-1.1943
INTS6	3	3.122e-05	7.9395e-05	0.00526	16	3	-3.2204	0.99997	0.99998	0.999995	1048	0	-3.2204
MRPL38	4	3.8513e-05	0.00010742	0.006698	17	4	-0.97922	0.99996	0.99996	0.999995	1046	0	-0.97922
TIMM10	4	6.125e-05	0.00015412	0.009076	18	4	-1.1126	0.99994	0.99994	0.999995	1045	0	-1.1126
ATP6V1B2	4	6.1891e-05	0.00016346	0.009119	19	4	-1.3083	0.99994	0.99994	0.999995	1044	0	-1.3083
ZNF407	4	6.9987e-05	0.00020082	0.010608	20	4	-1.2068	0.99993	0.99992	0.999995	1043	0	-1.2068
CHORDC1	3	7.2188e-05	0.00021016	0.010608	21	3	-2.9871	0.99993	0.99992	0.999995	1042	0	-2.9871
KIF11	4	9.3696e-05	0.00036895	0.017777	22	4	-1.146	0.99991	0.9999	0.999995	1041	0	-1.146
MRPL41	4	0.00013411	0.00057444	0.026474	23	4	-1.5416	0.99987	0.99986	0.999995	1040	0	-1.5416
RPL36	4	0.00018784	0.00087334	0.034477	24	4	-1.7422	0.99981	0.99984	0.999995	1039	0	-1.7422
RPS19	4	0.00019535	0.00089202	0.034477	25	4	-1.4999	0.9998	0.99983	0.999995	1038	0	-1.4999
ATP6V1C1	4	0.00020466	0.00090136	0.034477	26	4	-0.65616	0.9998	0.99981	0.999995	1037	0	-0.65616
SNRPD3	4	0.00020599	0.00090136	0.034477	27	3	-1.9697	0.52623	0.75786	0.999995	729	1	-1.9697
NKAP	4	0.00021594	0.0009107	0.034477	28	4	-0.70821	0.99978	0.9998	0.999995	1036	0	-0.70821
ATP5F1A	4	0.00025074	0.0010695	0.038119	29	4	-0.59483	0.99975	0.99976	0.999995	1035	0	-0.59483
ATP5F1B	4	0.00025258	0.0010788	0.038119	30	4	-0.62117	0.99975	0.99976	0.999995	1034	0	-0.62117
CLTC	4	0.00026386	0.0011536	0.039444	31	4	-0.90388	0.99974	0.99975	0.999995	1033	0	-0.90388
RNF113A	4	0.00035988	0.0014244	0.047184	32	3	-1.4503	0.6954	0.85354	0.999995	816	1	-1.4503
SF3B1	4	0.00050632	0.0018448	0.057284	33	3	-1.2535	0.99827	0.99838	0.999995	1008	0	-1.2535
HSCB	4	0.00052004	0.0018915	0.057284	34	3	-1.4869	0.99823	0.99831	0.999995	1006	0	-1.4869
E2F3	3	0.00059446	0.00177	0.056856	35	3	-1.3421	0.99941	0.99943	0.999995	1029	0	-1.3421
SBNO1	4	0.00059985	0.0021437	0.061948	36	3	-1.6107	0.522	0.75416	0.999995	726	1	-1.6107
NDUFB4	4	0.00072109	0.0024986	0.069698	37	3	-1.2175	0.99825	0.99833	0.999995	1007	0	-1.2175
DYNLRB1	3	0.00074794	0.0021623	0.061948	38	3	-1.2589	0.99925	0.99927	0.999995	1026	0	-1.2589
TUFM	3	0.00089942	0.00262	0.071211	39	2	-2.0838	0.92221	0.93048	0.999995	913	1	-2.0838
RPL19	4	0.00096676	0.0032552	0.084158	40	2	-1.4604	0.84693	0.92887	0.999995	884	2	-1.4604
SLC11A2	4	0.0010095	0.0033766	0.085219	41	3	-1.0289	0.99783	0.9979	0.999995	1003	0	-1.0289
CLNS1A	3	0.0010421	0.0029376	0.077847	42	3	-0.79143	0.99896	0.99887	0.999995	1020	0	-0.79143
SF3A1	4	0.0012022	0.0039837	0.098204	43	3	-1.3836	0.92826	0.95878	0.999995	914	1	-1.3836
RPL10A	4	0.0014668	0.0046656	0.109901	44	3	-1.703	0.97057	0.97533	0.999995	939	1	-1.703
RPL14	3	0.0014948	0.004292	0.103398	45	2	-2.8683	0.98226	0.98197	0.999995	946	0	-2.8683
LONP1	4	0.0016125	0.0050953	0.115968	46	3	-0.98641	0.9354	0.9608	0.999995	921	1	-0.98641
PAF1	4	0.001986	0.0059826	0.12942	47	3	-0.88304	0.99925	0.99934	0.999995	1027	0	-0.88304
HUS1	4	0.0020533	0.0061227	0.129802	48	3	-1.0731	0.9919	0.99236	0.999995	966	0	-1.0731
HMGCS1	3	0.0021042	0.0059172	0.12942	49	3	-1.0638	0.9979	0.99781	0.999995	1004	0	-1.0638
SMARCA4	4	0.0021047	0.0062535	0.129975	50	3	-0.99678	0.48714	0.72394	0.999995	690	1	-0.99678
FDPS	4	0.0022209	0.0065898	0.13433	51	2	-0.90575	0.59346	0.80901	0.999995	778	2	-0.90575
MDM4	4	0.0022821	0.0068233	0.136139	52	3	-0.74293	0.99278	0.99306	0.999995	968	0	-0.74293
CDIPT	4	0.0023259	0.0069354	0.136139	53	2	-1.1082	0.99521	0.99536	0.999995	982	0	-1.1082
SPAG9	4	0.0024119	0.0070942	0.136724	54	3	-0.89563	0.99024	0.99077	0.999995	961	0	-0.89563
PPP4C	4	0.0024877	0.0072529	0.137288	55	3	-1.3389	0.99957	0.99959	0.999995	1031	0	-1.3389
RPS23	2	0.0025638	0.005142	0.115968	56	2	-1.86	0.99744	0.99745	0.999995	998	0	-1.86
ABT1	4	0.002566	0.0074678	0.138874	57	3	-1.1427	0.49768	0.73309	0.999995	702	1	-1.1427
SF3B5	4	0.0028718	0.0082244	0.14776	58	3	-1.5274	0.99747	0.9975	0.999995	999	0	-1.5274
RPS5	4	0.003246	0.0092145	0.162555	59	3	-1.0809	0.69916	0.8552	0.999995	819	1	-1.0809
CPSF3	4	0.003292	0.0093546	0.162555	60	3	-0.73702	0.99636	0.99642	0.999995	991	0	-0.73702
RPS3	3	0.003304	0.0078601	0.14365	61	2	-2.0097	0.4237	0.62267	0.999995	649	1	-2.0097
MED18	8	0.0037227	0.013166	0.198089	62	4	-0.39058	0.75152	0.94193	0.999995	839	1	-0.39058
TSG101	4	0.00375	0.010429	0.178298	63	3	-0.69155	0.99283	0.99311	0.999995	969	0	-0.69155
MED20	4	0.0039028	0.010858	0.18108	64	3	-0.60585	0.99892	0.99909	0.999995	1019	0	-0.60585
TRRAP	4	0.0039286	0.010933	0.18108	65	3	-0.72639	0.99777	0.99781	0.999995	1001	0	-0.72639
RPL3	7	0.0039419	0.013455	0.198089	66	4	-0.47007	0.15544	0.42588	0.911414	437	3	-0.47007
POLR2B	4	0.0040068	0.011111	0.181188	67	3	-1.1511	0.93251	0.95995	0.999995	918	1	-1.1511
SNRPB	4	0.0044409	0.012213	0.193217	68	3	-0.54239	0.87618	0.9442	0.999995	899	1	-0.54239
EIF3B	4	0.0046126	0.012745	0.198089	69	3	-1.3492	0.99689	0.99694	0.999995	996	0	-1.3492
MED13L	4	0.004815	0.01324	0.198089	70	3	-0.58874	0.99918	0.9993	0.999995	1023	0	-0.58874
CDK7	4	0.0048743	0.01338	0.198089	71	3	-1.0086	0.98549	0.9859	0.999995	954	1	-1.0086
TOMM22	4	0.0050856	0.013997	0.201967	72	3	-0.61823	0.99939	0.99944	0.999995	1028	0	-0.61823
APH1A	4	0.0051163	0.0141	0.201967	73	3	-0.79261	0.10918	0.27911	0.85479	343	1	-0.79261
AP2A1	4	0.0052089	0.014342	0.202706	74	3	-0.46501	0.99898	0.99914	0.999995	1022	0	-0.46501
CTR9	4	0.005558	0.01509	0.207728	75	3	-1.0307	0.99841	0.99849	0.999995	1010	0	-1.0307
ISCA2	4	0.0056885	0.015473	0.210269	76	3	-0.68535	0.9986	0.99872	0.999995	1014	0	-0.68535
RPL37A	2	0.0057587	0.011372	0.182643	77	1	-2.1782	0.60035	0.6841	0.999995	780	1	-2.1782
CCNL1	4	0.0063004	0.01707	0.225461	78	3	-0.66081	0.99813	0.99821	0.999995	1005	0	-0.66081
TRAPPC3	4	0.0063356	0.017154	0.225461	79	3	-0.38902	0.58922	0.80722	0.999995	776	1	-0.38902
NRBP2	4	0.0063709	0.017229	0.225461	80	3	-0.53048	0.9988	0.99895	0.999995	1017	0	-0.53048
TOMM40	7	0.0064798	0.021385	0.25407	81	4	-0.43225	0.99852	0.99883	0.999995	1012	1	-0.43225
ILF3	4	0.0069531	0.018779	0.239831	82	3	-0.68037	0.21418	0.45844	0.937609	514	1	-0.68037
RPL18A	2	0.0075833	0.0148	0.206423	83	2	-2.1452	0.99242	0.99212	0.999995	967	0	-2.1452
RSBN1L	4	0.0076475	0.020517	0.25407	84	3	-0.4415	0.98295	0.98356	0.999995	948	1	-0.4415
AKIRIN2	4	0.0077674	0.020797	0.25407	85	3	-0.41696	0.99923	0.99932	0.999995	1024	0	-0.41696
RFC2	4	0.0080155	0.021395	0.25407	86	2	-0.57122	0.40228	0.64761	0.999995	635	2	-0.57122
EIF3J	4	0.008112	0.021572	0.25407	87	2	-0.89432	0.92083	0.95699	0.999995	912	1	-0.89432
RBBP4	3	0.0089648	0.017892	0.231285	88	2	-1.3681	0.89571	0.9153	0.999995	909	1	-1.3681
SFPQ	4	0.0096534	0.024075	0.280437	89	1	0.37203	0.56206	0.78775	0.999995	757	3	0.37203
ATP5F1D	4	0.010588	0.025691	0.296007	90	2	-0.71552	0.88517	0.94874	0.999995	908	1	-0.71552
RPL31	2	0.010704	0.020759	0.25407	91	2	-0.97169	0.9893	0.98898	0.999995	959	0	-0.97169
INTS2	4	0.010808	0.026093	0.297402	92	2	-0.72984	0.99443	0.99466	0.999995	973	0	-0.72984
AFG3L2	3	0.011034	0.021292	0.25407	93	2	-1.1415	0.99529	0.99511	0.999995	983	0	-1.1415
NAA15	4	0.011368	0.027111	0.304586	94	2	-0.85091	0.99649	0.99649	0.999995	993	0	-0.85091
FANCM	4	0.011482	0.027298	0.304586	95	2	-0.77379	0.99624	0.99632	0.999995	990	0	-0.77379
GTF3C1	4	0.01605	0.034266	0.374451	96	2	-0.71192	0.99422	0.99449	0.999995	972	0	-0.71192
MED12	4	0.01713	0.035928	0.388614	97	2	-0.50039	0.97784	0.97967	0.999995	943	1	-0.50039
RPL11	3	0.01835	0.033827	0.373505	98	2	-0.91287	0.99737	0.99722	0.999995	997	0	-0.91287
NCBP2	4	0.018782	0.038506	0.408168	99	1	0.42553	0.55034	0.77757	0.999995	748	2	0.42553
VMP1	4	0.020413	0.041169	0.423676	100	2	-0.74641	0.99949	0.9995	0.999995	1030	0	-0.74641
SEPHS1	3	0.020665	0.038021	0.407091	101	2	-0.71051	0.9738	0.97344	0.999995	941	0	-0.71051
RPL8	4	0.02101	0.042112	0.429217	102	2	-0.55912	0.97004	0.97504	0.999995	937	1	-0.55912
TUBB	3	0.021641	0.039525	0.410745	103	2	-0.44095	0.74818	0.86101	0.999995	836	1	-0.44095
PSMB3	3	0.02165	0.039525	0.410745	104	2	-0.915	0.99479	0.99473	0.999995	979	0	-0.915
SLC25A37	4	0.021768	0.043401	0.438142	105	2	-0.63461	0.85338	0.93212	0.999995	889	1	-0.63461
MAT2A	4	0.023955	0.047156	0.468539	106	2	-0.38216	0.99444	0.99468	0.999995	974	0	-0.38216
GAPDH	4	0.024597	0.048174	0.472818	107	2	-0.43986	0.98576	0.98611	0.999995	956	1	-0.43986
MTHFD1	4	0.025575	0.049575	0.476987	108	2	-0.47541	0.98565	0.98605	0.999995	955	1	-0.47541
COX6B1	8	0.025823	0.066575	0.565024	109	2	-0.064961	0.11633	0.36695	0.891531	361	2	-0.064961
EIF4A3	4	0.026236	0.050715	0.479977	110	2	-0.48623	0.85983	0.93536	0.999995	895	1	-0.48623
DHX9	3	0.026402	0.047296	0.468539	111	2	-0.57912	0.96254	0.962	0.999995	929	0	-0.57912
RPL5	4	0.026736	0.051583	0.483878	112	2	-0.48456	0.6935	0.85255	0.999995	815	1	-0.48456
RBM22	4	0.027411	0.052592	0.489013	113	2	-0.27904	0.94846	0.96538	0.999995	926	1	-0.27904
RPL17	3	0.027767	0.049538	0.476987	114	1	-0.39366	0.99498	0.99486	0.999995	980	0	-0.39366
RPL13	3	0.028	0.049949	0.476987	115	2	-0.56874	0.9978	0.99773	0.999995	1002	0	-0.56874
TOP2A	4	0.030359	0.057197	0.522661	116	2	-0.63222	0.98478	0.98517	0.999995	953	1	-0.63222
IPO7	3	0.031325	0.05531	0.509815	117	2	-0.57744	0.96323	0.96272	0.999995	930	0	-0.57744
CDS2	4	0.031431	0.058747	0.532242	118	2	-0.6307	0.38973	0.63613	0.999995	625	1	-0.6307
SAR1A	8	0.032191	0.079493	0.615054	119	3	0.036245	0.75637	0.94308	0.999995	845	3	0.036245
CKAP5	8	0.033077	0.080941	0.616513	120	2	0.073233	0.99858	0.99935	0.999995	1013	1	0.073233
COX4I1	4	0.033255	0.061708	0.55433	121	2	-0.564	0.85184	0.9313	0.999995	886	1	-0.564
PRPF38A	4	0.033811	0.062577	0.557409	122	2	-0.5573	0.31935	0.56821	0.999995	583	1	-0.5573
SOD1	4	0.034371	0.063567	0.56151	123	2	-0.22836	0.4439	0.68653	0.999995	666	2	-0.22836
MED23	4	0.035313	0.064791	0.565024	124	2	-0.40715	0.79569	0.90204	0.999995	859	1	-0.40715
WDR12	4	0.035693	0.06537	0.565024	125	2	-0.58174	0.94307	0.96343	0.999995	924	1	-0.58174
XRCC6	4	0.035952	0.065772	0.565024	126	2	-0.38162	0.9985	0.99858	0.999995	1011	0	-0.38162
ACTL6A	4	0.03665	0.066827	0.565024	127	2	-0.38554	0.038643	0.11557	0.746951	166	1	-0.38554
CTPS1	4	0.036843	0.067163	0.565024	128	2	-0.16402	0.79649	0.90247	0.999995	861	2	-0.16402
TOP1	4	0.038205	0.069106	0.576791	129	2	-0.45477	0.99651	0.99653	0.999995	994	0	-0.45477
ELL	4	0.03939	0.071152	0.585859	130	2	-0.52932	0.99872	0.99887	0.999995	1016	0	-0.52932
RAN	4	0.039538	0.071451	0.585859	131	1	0.024549	0.55857	0.78467	0.999995	754	1	0.024549
NDUFC1	4	0.039988	0.072142	0.585859	132	2	-0.46999	0.98368	0.98424	0.999995	950	1	-0.46999
SIN3A	4	0.040994	0.073776	0.590374	133	2	-0.50873	0.99044	0.99096	0.999995	963	0	-0.50873
MANF	4	0.041196	0.074075	0.590374	134	2	-0.3199	0.99547	0.99565	0.999995	984	0	-0.3199
RPS8	3	0.041287	0.072403	0.585859	135	1	-0.22664	0.99061	0.99056	0.999995	964	0	-0.22664
RHBDF1	4	0.04242	0.076074	0.601781	136	2	-0.39995	0.99468	0.99497	0.999995	976	0	-0.39995
SOX9	4	0.044075	0.078577	0.612442	137	2	-0.28534	0.51668	0.74975	0.999995	721	1	-0.28534
RPS11	3	0.04413	0.077541	0.608838	138	2	-0.45142	0.99601	0.99585	0.999995	988	0	-0.45142
ARID1A	4	0.045123	0.080119	0.615404	139	2	-0.19738	0.9917	0.99214	0.999995	965	0	-0.19738
SF1	4	0.045969	0.081426	0.616513	140	2	-0.36481	0.9962	0.99631	0.999995	989	0	-0.36481
SNRPD2	3	0.05268	0.086078	0.64711	141	1	-0.11738	0.97256	0.97224	0.999995	940	0	-0.11738
CDK2	4	0.052974	0.092289	0.684103	142	2	-0.47929	0.87961	0.94598	0.999995	901	1	-0.47929
IPO5	4	0.053879	0.093784	0.690353	143	2	-0.17672	0.94275	0.96331	0.999995	923	1	-0.17672
GSDMD	4	0.055249	0.095857	0.698867	144	2	-0.28456	0.70178	0.8564	0.999995	821	1	-0.28456
PMPCB	4	0.055551	0.096259	0.698867	145	1	0.27252	0.8542	0.93252	0.999995	890	2	0.27252
RPRD1B	4	0.056169	0.097156	0.700579	146	2	-0.39741	0.99594	0.99609	0.999995	987	0	-0.39741
VPS37A	4	0.057562	0.099379	0.707756	147	2	-0.38945	0.67722	0.84493	0.999995	806	1	-0.38945
HASPIN	4	0.057796	0.099696	0.707756	148	2	-0.37877	0.65034	0.83301	0.999995	798	1	-0.37877
ZNF34	4	0.05803	0.10015	0.707756	149	2	-0.14632	0.84625	0.92848	0.999995	883	1	-0.14632
ALAS1	8	0.058255	0.13066	0.819527	150	3	-0.076847	0.95333	0.99134	0.999995	927	3	-0.076847
KIF20A	8	0.059997	0.13412	0.831365	151	3	-0.16578	0.14549	0.42731	0.911414	420	2	-0.16578
TNPO1	3	0.060004	0.092121	0.684103	152	1	-0.20718	0.99294	0.99291	0.999995	970	0	-0.20718
COQ10B	4	0.061585	0.10594	0.743656	153	2	-0.35465	0.9691	0.97464	0.999995	935	1	-0.35465
PFAS	4	0.064492	0.11067	0.763996	154	2	0.067939	0.11424	0.28914	0.85479	354	2	0.067939
BUB1B	4	0.064736	0.11109	0.763996	155	2	-0.30289	0.97974	0.98101	0.999995	945	1	-0.30289
CRK	4	0.066212	0.11331	0.763996	156	2	-0.34776	0.99583	0.99598	0.999995	986	0	-0.34776
ADAP1	4	0.066459	0.11383	0.763996	157	2	-0.31374	0.36451	0.61275	0.999995	608	1	-0.31374
GDI2	8	0.066612	0.1467	0.87005	158	3	0.4061	0.4875	0.81265	0.999995	691	5	0.4061
DDX5	4	0.066707	0.11414	0.763996	159	2	-0.14539	0.99027	0.9908	0.999995	962	0	-0.14539
COPZ1	4	0.066991	0.11458	0.763996	160	1	0.62085	0.067951	0.18731	0.781979	249	3	0.62085
RIC8A	4	0.067204	0.11476	0.763996	161	2	-0.32557	0.99474	0.995	0.999995	977	0	-0.32557
SMC1A	4	0.067951	0.116	0.763996	162	2	-0.38527	0.99959	0.9996	0.999995	1032	0	-0.38527
CLASP1	4	0.068201	0.11643	0.763996	163	2	0.10395	0.26012	0.50792	0.980441	543	2	0.10395
TOP1MT	4	0.068451	0.11676	0.763996	164	2	-0.32488	0.90376	0.95268	0.999995	910	1	-0.32488
PSMA2	4	0.069456	0.11835	0.769635	165	2	0.057189	0.5086	0.74281	0.999995	712	2	0.057189
MORF4L2	4	0.071738	0.12192	0.785749	166	2	-0.3913	0.99296	0.99323	0.999995	971	0	-0.3913
MRPL27	4	0.071993	0.12231	0.785749	167	2	-0.14229	0.98312	0.98376	0.999995	949	1	-0.14229
AHCYL1	4	0.075867	0.12833	0.816272	168	2	-0.08631	0.56602	0.79094	0.999995	762	1	-0.08631
GATAD2A	4	0.076389	0.12918	0.816272	169	2	0.2993	0.02607	0.080941	0.664623	131	2	0.2993
HNRNPK	4	0.076651	0.12937	0.816272	170	2	0.035338	0.727	0.86815	0.999995	830	2	0.035338
RALGPS2	4	0.079023	0.13286	0.828393	171	2	-0.26077	0.99883	0.99899	0.999995	1018	0	-0.26077
SNAPC4	4	0.08062	0.13535	0.832224	172	2	0.14646	0.34505	0.59399	0.999995	597	2	0.14646
UTP14A	4	0.081155	0.13614	0.832224	173	2	-0.34366	0.69803	0.85466	0.999995	818	1	-0.34366
ANAPC4	4	0.081423	0.13661	0.832224	174	2	0.0038697	0.69954	0.8554	0.999995	820	2	0.0038697
TBP	4	0.083523	0.13992	0.847496	175	1	0.26961	0.61057	0.81624	0.999995	785	2	0.26961
NUTF2	4	0.090418	0.14527	0.87005	176	1	0.47619	0.076128	0.20673	0.79685	275	2	0.47619
PSMC3	4	0.091277	0.14586	0.87005	177	1	-0.29557	0.42768	0.67163	0.999995	653	1	-0.29557
VCP	4	0.093851	0.14757	0.87005	178	1	-0.022492	0.75512	0.88198	0.999995	843	1	-0.022492
RPS15	2	0.10395	0.11008	0.763996	179	1	-0.4323	0.6926	0.73782	0.999995	813	1	-0.4323
UTP14C	4	0.11171	0.16072	0.925877	180	1	0.6153	0.21794	0.46262	0.941231	518	3	0.6153
SF3B2	4	0.11677	0.16416	0.940621	181	1	0.024714	0.9601	0.96995	0.999995	928	1	0.024714
LSM4	4	0.12264	0.16884	0.962179	182	1	0.43713	0.049201	0.14219	0.759498	198	2	0.43713
DHX29	3	0.12802	0.14774	0.87005	183	1	-0.008715	0.96936	0.96868	0.999995	936	0	-0.008715
CCT6A	3	0.13181	0.151	0.884333	184	1	0.013254	0.88246	0.90899	0.999995	904	1	0.013254
RNF40	4	0.13595	0.17822	0.999995	185	1	0.20988	0.77497	0.89196	0.999995	851	2	0.20988
PTTG1	3	0.14247	0.15983	0.925797	186	1	0.099544	0.80062	0.87697	0.999995	864	1	0.099544
RPL27A	2	0.14922	0.15192	0.884806	187	1	-0.055406	0.21595	0.33772	0.883514	516	1	-0.055406
ATP6V1D	4	0.15237	0.19021	0.999995	188	1	-0.13136	0.28912	0.53785	0.999995	565	1	-0.13136
HNRNPH1	4	0.15481	0.19201	0.999995	189	1	-0.049097	0.9826	0.98335	0.999995	947	1	-0.049097
TAMM41	4	0.15887	0.19478	0.999995	190	1	-0.054278	0.46959	0.70912	0.999995	680	1	-0.054278
RPL15	2	0.17121	0.17256	0.97816	191	1	0.018916	0.54706	0.65564	0.999995	746	1	0.018916
CNOT7	4	0.17416	0.20674	0.999995	192	1	0.032756	0.51881	0.75159	0.999995	722	1	0.032756
HNRNPF	4	0.17656	0.20828	0.999995	193	1	0.25246	0.74501	0.87686	0.999995	835	2	0.25246
THRAP3	4	0.18133	0.21226	0.999995	194	1	-0.25307	0.99839	0.99847	0.999995	1009	0	-0.25307
RHOT2	4	0.18213	0.21293	0.999995	195	1	-0.15686	0.99454	0.99479	0.999995	975	0	-0.15686
RRM2B	8	0.18347	0.28586	0.999995	196	2	-0.023782	0.8655	0.97263	0.999995	898	2	-0.023782
XAB2	4	0.19161	0.2206	0.999995	197	1	-0.26912	0.98989	0.99039	0.999995	960	0	-0.26912
SPTLC2	4	0.19397	0.22232	0.999995	198	1	0.4879	0.46612	0.70591	0.999995	678	3	0.4879
KAT6A	4	0.19632	0.22401	0.999995	199	1	0.22039	0.86493	0.93799	0.999995	897	2	0.22039
TCERG1	4	0.20567	0.23102	0.999995	200	1	0.17071	0.3891	0.63558	0.999995	624	2	0.17071
ZMAT2	4	0.20723	0.23207	0.999995	201	1	0.78673	0.046208	0.13497	0.759498	185	3	0.78673
NAE1	8	0.21245	0.32113	0.999995	202	2	-0.1704	0.9317	0.98775	0.999995	916	1	-0.1704
COPG1	4	0.21264	0.23654	0.999995	203	1	0.61971	0.16049	0.37807	0.895182	445	3	0.61971
SOS1	4	0.21726	0.24019	0.999995	204	1	0.32405	0.35857	0.60678	0.999995	604	2	0.32405
POLR2F	4	0.22109	0.24351	0.999995	205	1	0.24371	0.65824	0.83671	0.999995	801	2	0.24371
PFN1	4	0.22338	0.24522	0.999995	206	1	0.25507	0.31449	0.56341	0.999995	578	2	0.25507
ATR	4	0.22414	0.24568	0.999995	207	1	0.086487	0.28841	0.53712	0.999995	563	1	0.086487
DDI2	4	0.2325	0.25253	0.999995	208	1	0.27143	0.10833	0.27739	0.85479	340	2	0.27143
DDX39B	4	0.23703	0.25625	0.999995	209	1	0.8849	0.011318	0.037759	0.631073	59	3	0.8849
NSG2	4	0.23854	0.25737	0.999995	210	1	0.81027	0.015696	0.050584	0.631073	84	3	0.81027
CFL1	4	0.24154	0.25988	0.999995	211	1	-0.033061	0.99476	0.99501	0.999995	978	0	-0.033061
GFM1	4	0.24454	0.26216	0.999995	212	1	0.063689	0.32898	0.57783	0.999995	586	1	0.063689
RPA1	4	0.24827	0.26516	0.999995	213	1	-0.18592	0.99924	0.99933	0.999995	1025	0	-0.18592
PPP2R1A	4	0.2505	0.26688	0.999995	214	1	0.17291	0.47245	0.7114	0.999995	682	1	0.17291
UNC45A	4	0.25569	0.27116	0.999995	215	1	0.22508	0.85252	0.93171	0.999995	887	2	0.22508
KIF4A	4	0.26306	0.27709	0.999995	216	1	0.26171	0.9845	0.98495	0.999995	952	1	0.26171
TAF1	4	0.26525	0.27899	0.999995	217	1	0.70939	0.071363	0.19548	0.781979	259	3	0.70939
ZMIZ1	4	0.26672	0.28017	0.999995	218	1	0.51456	0.34932	0.59818	0.999995	600	3	0.51456
NXT1	4	0.26964	0.28267	0.999995	219	1	0.12312	0.83877	0.92437	0.999995	880	2	0.12312
DGAT1	4	0.27545	0.28752	0.999995	220	1	0.20222	0.36788	0.61624	0.999995	611	2	0.20222
SKA1	4	0.27762	0.28952	0.999995	221	1	0.26915	0.6875	0.84964	0.999995	810	2	0.26915
ACACA	4	0.28555	0.29618	0.999995	222	1	0.23613	0.43973	0.68289	0.999995	663	2	0.23613
MED31	4	0.2934	0.30277	0.999995	223	1	0.5277	0.34464	0.59357	0.999995	596	3	0.5277
TYMS	4	0.29482	0.30403	0.999995	224	1	0.094099	0.64358	0.83023	0.999995	795	1	0.094099
DGKZ	3	0.29812	0.29732	0.999995	225	1	-0.079292	0.77809	0.86994	0.999995	853	1	-0.079292
GJA8	4	0.30119	0.3093	0.999995	226	1	0.5787	0.29237	0.54136	0.999995	568	3	0.5787
RHBDF2	4	0.31101	0.31778	0.999995	227	1	0.45661	0.2761	0.5244	0.99976	554	2	0.45661
ZNF804B	4	0.31171	0.31843	0.999995	228	1	0.34212	0.41913	0.664	0.999995	643	2	0.34212
RPL21	2	0.31246	0.31129	0.999995	229	0	0.18729	0.7938	0.80508	0.999995	858	1	0.18729
YIPF5	4	0.31449	0.32108	0.999995	230	1	0.3602	0.088698	0.23555	0.827419	301	2	0.3602
SAMD9	4	0.31519	0.32164	0.999995	231	1	0.60091	0.22185	0.46686	0.941879	521	3	0.60091
RHOBTB2	4	0.31588	0.32224	0.999995	232	1	0.24593	0.29126	0.54027	0.999995	567	2	0.24593
PMM2	4	0.32486	0.33049	0.999995	233	1	0.50795	0.34176	0.59062	0.999995	593	3	0.50795
QSOX1	4	0.32761	0.33303	0.999995	234	1	0.12168	0.98824	0.98874	0.999995	958	0	0.12168
VANGL2	4	0.32829	0.33359	0.999995	235	1	0.071516	0.94571	0.96439	0.999995	925	1	0.071516
FANCF	4	0.32898	0.33422	0.999995	236	1	-0.022772	0.93492	0.96067	0.999995	920	1	-0.022772
DGKI	4	0.32966	0.33482	0.999995	237	1	0.66783	0.14964	0.35842	0.887677	427	3	0.66783
RNF10	4	0.33443	0.33901	0.999995	238	1	0.17535	0.68507	0.84844	0.999995	809	2	0.17535
EPS15	4	0.33579	0.34016	0.999995	239	1	0.021291	0.98409	0.98462	0.999995	951	1	0.021291
PKM	3	0.33675	0.33482	0.999995	240	1	-0.12821	0.64638	0.79123	0.999995	797	1	-0.12821
SOAT1	4	0.33715	0.34132	0.999995	241	1	0.53314	0.38793	0.63436	0.999995	622	3	0.53314
H2AFX	4	0.34121	0.34493	0.999995	242	1	0.25204	0.33034	0.57918	0.999995	588	2	0.25204
ACTL6B	4	0.34255	0.34632	0.999995	243	1	0.26751	0.60855	0.81546	0.999995	783	2	0.26751
BZW2	4	0.35725	0.35926	0.999995	244	1	-0.064551	0.87923	0.94581	0.999995	900	1	-0.064551
PPP3CC	4	0.36187	0.36321	0.999995	245	1	0.104	0.84051	0.92536	0.999995	882	1	0.104
POLR2A	4	0.36385	0.36508	0.999995	246	1	-0.20474	0.49878	0.73415	0.999995	703	1	-0.20474
EFR3A	4	0.36451	0.36572	0.999995	247	1	0.076284	0.12096	0.3021	0.85479	370	1	0.076284
CAP1	4	0.36516	0.36642	0.999995	248	1	0.5359	0.21649	0.46091	0.939537	517	3	0.5359
PRKAB1	4	0.36713	0.36813	0.999995	249	1	0.16044	0.75286	0.88103	0.999995	842	2	0.16044
PEF1	4	0.36844	0.36948	0.999995	250	1	0.53266	0.42895	0.6728	0.999995	655	3	0.53266
NMT1	4	0.36909	0.37012	0.999995	251	1	0.023593	0.9705	0.97531	0.999995	938	1	0.023593
RBMX	3	0.37088	0.36893	0.999995	252	0	0.4669	0.17637	0.35419	0.886324	478	2	0.4669
TIMM23	4	0.38012	0.38024	0.999995	253	1	0.17504	0.41111	0.65609	0.999995	641	2	0.17504
MYL7	4	0.38077	0.38097	0.999995	254	1	0.1294	0.62315	0.8216	0.999995	789	2	0.1294
NET1	4	0.38141	0.38152	0.999995	255	1	0.61548	0.23925	0.48595	0.959338	533	3	0.61548
LARP1	4	0.38205	0.38221	0.999995	256	1	0.49139	0.39864	0.64463	0.999995	633	3	0.49139
TBC1D28	3	0.384	0.38221	0.999995	257	0	-0.10291	0.86176	0.89978	0.999995	896	1	-0.10291
MED13	4	0.38462	0.38454	0.999995	258	1	0.35221	0.76381	0.88641	0.999995	849	2	0.35221
PPP2CB	3	0.3855	0.38379	0.999995	259	0	0.40914	0.6028	0.75859	0.999995	781	2	0.40914
RPS7	1	0.38558	0.38629	0.999995	260	0	0.39303	0.61442	0.61626	0.999995	787	1	0.39303
ATP5PB	4	0.38973	0.38914	0.999995	261	1	0.28392	0.077458	0.20963	0.799291	278	2	0.28392
MBTD1	4	0.39037	0.38967	0.999995	262	1	0.19151	0.78499	0.89662	0.999995	856	2	0.19151
TACC3	4	0.39164	0.39075	0.999995	263	1	0.31522	0.61824	0.81962	0.999995	788	2	0.31522
BRD8	4	0.39291	0.39198	0.999995	264	1	-0.22833	0.56404	0.78938	0.999995	759	1	-0.22833
RNF20	4	0.39355	0.39244	0.999995	265	1	0.043063	0.066115	0.183	0.781979	244	1	0.043063
CCND3	4	0.39418	0.39317	0.999995	266	1	-0.16071	0.99897	0.99913	0.999995	1021	0	-0.16071
KLF4	4	0.39797	0.39662	0.999995	267	1	0.35864	0.36187	0.60996	0.999995	606	2	0.35864
FARS2	4	0.39986	0.3985	0.999995	268	1	-0.17661	0.81798	0.91357	0.999995	871	1	-0.17661
CRNN	4	0.40238	0.40061	0.999995	269	1	0.17753	0.031456	0.09611	0.697782	147	2	0.17753
RANBP9	4	0.403	0.40117	0.999995	270	1	0.057107	0.18688	0.42562	0.911414	491	2	0.057107
FOXK2	4	0.40488	0.40324	0.999995	271	1	-0.14523	0.99643	0.99645	0.999995	992	0	-0.14523
ARID1B	4	0.40551	0.40385	0.999995	272	1	0.22102	0.61102	0.81637	0.999995	786	2	0.22102
ZMIZ2	4	0.40613	0.40445	0.999995	273	1	0.2827	0.82252	0.91594	0.999995	875	2	0.2827
GABPB2	4	0.40925	0.4075	0.999995	274	1	0.23668	0.74295	0.87561	0.999995	834	2	0.23668
RPA3	4	0.40987	0.40821	0.999995	275	1	-0.058884	0.15725	0.37199	0.895182	440	1	-0.058884
ZNF185	4	0.41049	0.40877	0.999995	276	1	0.75765	0.11578	0.29221	0.85479	360	3	0.75765
WASL	4	0.41111	0.40941	0.999995	277	1	-0.20114	0.36778	0.61612	0.999995	610	1	-0.20114
BAP1	4	0.41297	0.41119	0.999995	278	1	-0.14677	0.99864	0.99875	0.999995	1015	0	-0.14677
CCNE2	4	0.41482	0.41305	0.999995	279	1	0.14033	0.50317	0.73792	0.999995	706	2	0.14033
PIP4P2	4	0.41544	0.41375	0.999995	280	1	-0.043202	0.99557	0.99573	0.999995	985	0	-0.043202
SMARCC1	4	0.42342	0.42167	0.999995	281	1	0.18438	0.66235	0.83853	0.999995	802	2	0.18438
MYBL2	4	0.42403	0.42236	0.999995	282	1	0.25691	0.66398	0.8392	0.999995	804	2	0.25691
XRCC4	4	0.42646	0.42459	0.999995	283	0	-0.1235	0.82181	0.91556	0.999995	874	1	-0.1235
DNAJC19	3	0.42657	0.42502	0.999995	284	0	0.65792	0.27603	0.50234	0.978824	553	2	0.65792
FLOT2	4	0.42768	0.42575	0.999995	285	0	0.39962	0.51621	0.74927	0.999995	720	2	0.39962
COQ10A	4	0.42829	0.4264	0.999995	286	0	0.388	0.53511	0.76488	0.999995	739	3	0.388
ADSS	3	0.42848	0.42675	0.999995	287	0	0.63628	0.32669	0.54872	0.999995	585	2	0.63628
UCHL5	4	0.4295	0.42766	0.999995	288	0	-0.19994	0.91164	0.95455	0.999995	911	1	-0.19994
NHLRC1	4	0.43192	0.43007	0.999995	289	0	0.68471	0.15378	0.36569	0.8911	435	3	0.68471
POLD1	4	0.43312	0.4313	0.999995	290	0	0.66162	0.10579	0.27189	0.85479	334	3	0.66162
CLASP2	4	0.43433	0.43268	0.999995	291	0	0.47921	0.35196	0.60066	0.999995	602	2	0.47921
INCENP	4	0.43853	0.43692	0.999995	292	0	0.1371	0.6093	0.81574	0.999995	784	2	0.1371
SRI	4	0.43913	0.43756	0.999995	293	0	0.41652	0.4787	0.71665	0.999995	687	3	0.41652
TNPO2	4	0.44032	0.43877	0.999995	294	0	0.31712	0.68299	0.84747	0.999995	807	2	0.31712
MCPH1	4	0.44152	0.44002	0.999995	295	0	0.14638	0.71532	0.86232	0.999995	826	2	0.14638
PDS5A	4	0.4433	0.44191	0.999995	296	0	0.11411	0.75581	0.88229	0.999995	844	2	0.11411
LSM14A	4	0.44449	0.4432	0.999995	297	0	0.55846	0.26087	0.50862	0.980441	544	3	0.55846
SLC25A25	4	0.44508	0.4438	0.999995	298	0	0.12307	0.28698	0.53568	0.999995	560	1	0.12307
IMPDH2	4	0.44627	0.44505	0.999995	299	0	0.4597	0.44495	0.68747	0.999995	667	3	0.4597
STT3B	4	0.44686	0.44565	0.999995	300	0	0.2235	0.45878	0.69954	0.999995	673	2	0.2235
EPS15L1	4	0.44745	0.44622	0.999995	301	0	0.088275	0.014226	0.046465	0.631073	77	1	0.088275
ABL2	4	0.44864	0.44741	0.999995	302	0	0.38778	0.63369	0.82596	0.999995	792	2	0.38778
NAA16	4	0.44923	0.44787	0.999995	303	0	0.36167	0.59111	0.80807	0.999995	777	2	0.36167
AP1G1	4	0.4504	0.44911	0.999995	304	0	0.55221	0.36611	0.61445	0.999995	609	3	0.55221
ERO1B	4	0.45158	0.45038	0.999995	305	0	0.40705	0.5884	0.80686	0.999995	775	2	0.40705
NAPA	4	0.45276	0.45156	0.999995	306	0	0.29986	0.55152	0.77863	0.999995	750	2	0.29986
TNKS	4	0.45393	0.45282	0.999995	307	0	0.42201	0.53307	0.76317	0.999995	737	3	0.42201
FOXB1	4	0.45452	0.45339	0.999995	308	0	0.62592	0.13921	0.33846	0.883514	406	3	0.62592
MORF4L1	3	0.45567	0.45431	0.999995	309	0	0.78664	0.19569	0.38478	0.895182	501	2	0.78664
PTPN11	4	0.45569	0.45441	0.999995	310	0	0.18661	0.78159	0.89497	0.999995	855	1	0.18661
CDK5R1	4	0.45627	0.45498	0.999995	311	0	0.46695	0.45438	0.69553	0.999995	671	3	0.46695
LIN28A	3	0.4566	0.45522	0.999995	312	0	0.47572	0.55044	0.71924	0.999995	749	2	0.47572
MTX1	3	0.45752	0.45616	0.999995	313	0	0.070228	0.49396	0.67632	0.999995	697	1	0.070228
GCM2	4	0.45919	0.45779	0.999995	314	0	0.29711	0.7982	0.90326	0.999995	862	2	0.29711
MED8	4	0.45977	0.45831	0.999995	315	0	0.16566	0.82699	0.91818	0.999995	876	2	0.16566
RING1	4	0.46035	0.45889	0.999995	316	0	0.38132	0.57093	0.7948	0.999995	768	2	0.38132
ZG16	4	0.46209	0.4607	0.999995	317	0	0.6147	0.22787	0.47313	0.946264	527	3	0.6147
ERN1	4	0.46383	0.4626	0.999995	318	0	0.33001	0.60554	0.81417	0.999995	782	2	0.33001
FRS3	4	0.4644	0.46326	0.999995	319	0	0.40743	0.4894	0.72593	0.999995	693	3	0.40743
NAA11	4	0.46556	0.4644	0.999995	320	0	0.23234	0.46786	0.70763	0.999995	679	2	0.23234
RPL6	1	0.46747	0.46698	0.999995	321	0	0.46757	0.53253	0.53236	0.999995	736	1	0.46757
RNF2	3	0.46849	0.46705	0.999995	322	0	0.28425	0.19926	0.39006	0.896877	504	2	0.28425
PSMB6	4	0.46959	0.46803	0.999995	323	0	0.24141	0.85324	0.93208	0.999995	888	2	0.24141
PMM1	4	0.47073	0.46916	0.999995	324	0	0.12435	0.43553	0.6793	0.999995	659	2	0.12435
ULK1	4	0.47302	0.47119	0.999995	325	0	0.20584	0.63462	0.82626	0.999995	793	2	0.20584
RP1	4	0.47359	0.47167	0.999995	326	0	-0.10934	0.99775	0.99778	0.999995	1000	0	-0.10934
BRSK1	4	0.47416	0.47216	0.999995	327	0	0.68021	0.086307	0.23004	0.822999	296	3	0.68021
TANK	4	0.47473	0.47282	0.999995	328	0	0.61333	0.15839	0.37417	0.895182	441	3	0.61333
NCOR2	4	0.477	0.47498	0.999995	329	0	0.38476	0.55633	0.78286	0.999995	753	3	0.38476
XPR1	4	0.47814	0.47598	0.999995	330	0	0.32949	0.76136	0.88517	0.999995	846	2	0.32949
ABCG2	4	0.4804	0.47829	0.999995	331	0	0.70205	0.022075	0.069134	0.652158	115	3	0.70205
AKIRIN1	4	0.48153	0.47958	0.999995	332	0	0.37683	0.52729	0.75867	0.999995	731	2	0.37683
FAM71A	4	0.48209	0.48008	0.999995	333	0	0.48515	0.44338	0.68615	0.999995	665	3	0.48515
EAF1	4	0.48714	0.48509	0.999995	334	0	0.26427	0.8819	0.94722	0.999995	903	2	0.26427
WRN	4	0.48937	0.48738	0.999995	335	0	0.17237	0.81746	0.91334	0.999995	869	2	0.17237
ARPC5	4	0.49049	0.48856	0.999995	336	0	0.11914	0.88401	0.94841	0.999995	906	2	0.11914
CLTB	4	0.49104	0.48901	0.999995	337	0	0.43014	0.3019	0.55113	0.999995	571	3	0.43014
ATAD2	4	0.49382	0.49164	0.999995	338	0	0.18654	0.76368	0.88639	0.999995	848	2	0.18654
SNX2	4	0.49603	0.49405	0.999995	339	0	0.35135	0.53617	0.7657	0.999995	740	2	0.35135
CDK17	4	0.49768	0.4957	0.999995	340	0	0.25326	0.8322	0.92103	0.999995	878	1	0.25326
RBMXL2	4	0.49823	0.49628	0.999995	341	0	0.79475	0.0086021	0.029203	0.631073	49	3	0.79475
USP5	4	0.49933	0.49728	0.999995	342	0	0.76465	0.069456	0.19096	0.781979	250	3	0.76465
SLC9A3R1	4	0.49988	0.49787	0.999995	343	0	0.45918	0.45754	0.69834	0.999995	672	3	0.45918
RRAGC	4	0.50207	0.50034	0.999995	344	0	0.21537	0.63973	0.8284	0.999995	794	2	0.21537
TMEM120A	4	0.50317	0.50145	0.999995	345	0	0.24154	0.2111	0.45507	0.935883	511	2	0.24154
BARHL1	4	0.50426	0.5026	0.999995	346	0	0.70372	0.15134	0.36148	0.889569	429	3	0.70372
MRPL55	4	0.5048	0.50319	0.999995	347	0	0.082091	0.16453	0.3851	0.895182	454	1	0.082091
MTMR4	4	0.50535	0.50375	0.999995	348	0	0.45431	0.37689	0.62422	0.999995	615	3	0.45431
SMC1B	4	0.50752	0.506	0.999995	349	0	0.65967	0.2197	0.46452	0.941879	519	3	0.65967
KCNG4	4	0.50915	0.5075	0.999995	350	0	0.7347	0.13678	0.33398	0.88283	403	3	0.7347
IKBKE	4	0.51077	0.50901	0.999995	351	0	0.4948	0.37933	0.62657	0.999995	617	3	0.4948
TUBB2A	4	0.514	0.51265	0.999995	352	0	0.034629	0.22032	0.4653	0.941879	520	1	0.034629
GALR3	4	0.51721	0.51586	0.999995	353	0	0.57898	0.17921	0.41232	0.901164	484	3	0.57898
YIF1A	4	0.51935	0.51807	0.999995	354	0	0.061472	0.96855	0.97429	0.999995	934	1	0.061472
SNRPB2	3	0.52029	0.51807	0.999995	355	0	0.72894	0.27024	0.49448	0.970636	552	2	0.72894
FUT5	4	0.52041	0.51917	0.999995	356	0	0.61857	0.31701	0.56601	0.999995	580	3	0.61857
CHMP1A	4	0.522	0.52075	0.999995	357	0	-0.015321	0.93141	0.95964	0.999995	915	1	-0.015321
RBPJ	4	0.52518	0.52422	0.999995	358	0	0.49348	0.14419	0.34841	0.884225	417	3	0.49348
CRY2	4	0.52676	0.52589	0.999995	359	0	0.18483	0.88371	0.9482	0.999995	905	1	0.18483
DGAT2L6	4	0.53044	0.5293	0.999995	360	0	0.75709	0.050232	0.14454	0.759498	201	3	0.75709
ARFGEF2	4	0.532	0.5309	0.999995	361	0	0.68889	0.11641	0.29336	0.85479	362	3	0.68889
RIMKLB	3	0.53415	0.53263	0.999995	362	0	0.45779	0.47095	0.659	0.999995	681	2	0.45779
ASF1A	4	0.53513	0.53407	0.999995	363	0	0.60093	0.26472	0.51276	0.983698	547	3	0.60093
BICD1	4	0.53565	0.53456	0.999995	364	0	0.15318	0.84028	0.92524	0.999995	881	2	0.15318
UNC119B	4	0.53617	0.53508	0.999995	365	0	0.43122	0.42401	0.66831	0.999995	650	2	0.43122
COX4I2	4	0.53875	0.53765	0.999995	366	0	0.42597	0.30961	0.55867	0.999995	575	3	0.42597
MED26	4	0.53927	0.53822	0.999995	367	0	0.46859	0.4032	0.64846	0.999995	638	3	0.46859
RPS28	2	0.53989	0.53761	0.999995	368	0	0.2717	0.88493	0.88397	0.999995	907	1	0.2717
GSTP1	4	0.54082	0.53959	0.999995	369	0	0.39045	0.53104	0.76157	0.999995	733	3	0.39045
SIN3B	4	0.54184	0.5404	0.999995	370	0	-0.074785	0.96481	0.97232	0.999995	933	1	-0.074785
GABPB1	4	0.54236	0.54095	0.999995	371	0	0.3042	0.16291	0.38229	0.895182	450	2	0.3042
IRF6	4	0.54338	0.54212	0.999995	372	0	0.43124	0.43869	0.68196	0.999995	661	3	0.43124
MT2A	4	0.54492	0.54363	0.999995	373	0	0.55733	0.21009	0.45372	0.935692	510	3	0.55733
CRY1	4	0.54594	0.54469	0.999995	374	0	0.40706	0.53918	0.76806	0.999995	742	3	0.40706
PRKAB2	4	0.54747	0.54636	0.999995	375	0	0.50422	0.37387	0.62162	0.999995	613	3	0.50422
CSTF2T	4	0.54798	0.54691	0.999995	376	0	0.29822	0.38141	0.62859	0.999995	619	2	0.29822
KRTAP10-10	4	0.5495	0.54835	0.999995	377	0	0.46121	0.56247	0.78805	0.999995	758	3	0.46121
CLDN4	4	0.55153	0.55029	0.999995	378	0	0.37013	0.50388	0.73861	0.999995	708	3	0.37013
CDK8	4	0.55204	0.55081	0.999995	379	0	0.16639	0.97649	0.9788	0.999995	942	1	0.16639
ESRP1	4	0.55254	0.55134	0.999995	380	0	0.09116	0.99499	0.99517	0.999995	981	0	0.09116
PDS5B	4	0.55305	0.55194	0.999995	381	0	0.14841	0.8305	0.92	0.999995	877	1	0.14841
PTF1A	4	0.55355	0.55248	0.999995	382	0	0.66834	0.1278	0.31578	0.869423	386	3	0.66834
AP5M1	4	0.55405	0.553	0.999995	383	0	0.37796	0.28483	0.53357	0.999995	558	2	0.37796
PHLDA3	4	0.55807	0.55759	0.999995	384	0	0.33758	0.72718	0.86824	0.999995	831	2	0.33758
ERH	4	0.55957	0.55914	0.999995	385	0	0.47355	0.30471	0.55377	0.999995	573	3	0.47355
MTA1	4	0.56007	0.55962	0.999995	386	0	0.30665	0.56897	0.79341	0.999995	767	2	0.30665
FZR1	4	0.56156	0.56117	0.999995	387	0	0.26274	0.85444	0.93264	0.999995	891	2	0.26274
MMD	4	0.56255	0.56228	0.999995	388	0	0.19551	0.096419	0.25212	0.843037	317	1	0.19551
MBD3L1	4	0.56404	0.5638	0.999995	389	0	0.1567	0.81875	0.91393	0.999995	872	1	0.1567
LOR	4	0.56602	0.56577	0.999995	390	0	0.45293	0.51358	0.74707	0.999995	717	3	0.45293
CYFIP1	4	0.56995	0.56972	0.999995	391	0	0.51556	0.38394	0.63077	0.999995	621	3	0.51556
RNF44	4	0.57044	0.57024	0.999995	392	0	0.75615	0.098411	0.25627	0.848902	320	3	0.75615
SLC9A3R2	4	0.57093	0.57058	0.999995	393	0	0.52019	0.31771	0.56674	0.999995	581	3	0.52019
ATP6V1E1	3	0.57137	0.57012	0.999995	394	0	0.68675	0.22989	0.43701	0.919112	528	2	0.68675
RPP14	4	0.57142	0.57111	0.999995	395	0	0.5888	0.028955	0.089356	0.68201	137	2	0.5888
CTSZ	4	0.57239	0.57219	0.999995	396	0	0.36793	0.5784	0.80062	0.999995	772	2	0.36793
BZW1	3	0.57373	0.57263	0.999995	397	0	0.49245	0.49412	0.67641	0.999995	698	2	0.49245
CELA2A	4	0.57434	0.57411	0.999995	398	0	0.42557	0.39797	0.64397	0.999995	631	2	0.42557
RAP1GAP	4	0.5758	0.57544	0.999995	399	0	0.657	0.20893	0.45225	0.935692	508	3	0.657
GXYLT2	4	0.57725	0.57678	0.999995	400	0	0.42177	0.24304	0.49009	0.963822	537	2	0.42177
FKBP4	4	0.57822	0.57769	0.999995	401	0	0.4296	0.49127	0.72741	0.999995	695	2	0.4296
LATS2	4	0.5787	0.5781	0.999995	402	0	0.74848	0.071228	0.19519	0.781979	257	3	0.74848
SMARCA2	4	0.57918	0.57862	0.999995	403	0	0.45129	0.37945	0.62666	0.999995	618	3	0.45129
SEC31A	4	0.57967	0.57925	0.999995	404	0	0.49989	0.46229	0.70269	0.999995	676	3	0.49989
CCT6B	4	0.58015	0.57979	0.999995	405	0	0.47584	0.40854	0.65368	0.999995	640	3	0.47584
UNC119	4	0.58063	0.58025	0.999995	406	0	0.22951	0.78934	0.89861	0.999995	857	2	0.22951
NDE1	4	0.58111	0.58068	0.999995	407	0	0.36236	0.25425	0.50163	0.978824	541	2	0.36236
RECK	4	0.58159	0.58115	0.999995	408	0	0.41575	0.14336	0.34687	0.883842	416	2	0.41575
LGALS9	4	0.58303	0.58241	0.999995	409	0	0.58214	0.21477	0.45907	0.937609	515	3	0.58214
CCNT1	4	0.58398	0.58343	0.999995	410	0	0.26526	0.51507	0.74839	0.999995	719	2	0.26526
HMG20B	4	0.58494	0.58456	0.999995	411	0	0.51754	0.28935	0.53816	0.999995	566	3	0.51754
ZWILCH	4	0.58589	0.58542	0.999995	412	0	0.19133	0.080928	0.21742	0.806359	285	2	0.19133
EIF3L	4	0.58732	0.58675	0.999995	413	0	0.2901	0.79592	0.90216	0.999995	860	2	0.2901
CAT	4	0.58827	0.58762	0.999995	414	0	0.74777	0.071529	0.19591	0.781979	261	3	0.74777
HTR3E	4	0.58874	0.58821	0.999995	415	0	0.24369	0.39355	0.63961	0.999995	629	2	0.24369
ACACB	4	0.58922	0.58874	0.999995	416	0	0.31211	0.56738	0.79208	0.999995	766	3	0.31211
CAP2	4	0.59064	0.59013	0.999995	417	0	0.10732	0.69312	0.85235	0.999995	814	1	0.10732
BECN1	4	0.59158	0.59118	0.999995	418	0	0.36283	0.68814	0.84993	0.999995	811	2	0.36283
SAMD4B	4	0.59252	0.59218	0.999995	419	0	0.16155	0.93202	0.95979	0.999995	917	1	0.16155
GPSM2	4	0.59346	0.59314	0.999995	420	0	0.78625	0.044898	0.13172	0.759498	179	3	0.78625
GBX2	4	0.59487	0.5944	0.999995	421	0	0.43578	0.083523	0.22349	0.814076	290	3	0.43578
CWF19L1	4	0.59581	0.59534	0.999995	422	0	0.20863	0.97954	0.98085	0.999995	944	1	0.20863
RAD17	3	0.59795	0.59742	0.999995	423	0	0.42202	0.58783	0.74692	0.999995	774	2	0.42202
RHOT1	4	0.59861	0.59796	0.999995	424	0	0.55528	0.42508	0.66931	0.999995	651	3	0.55528
RIC8B	4	0.59907	0.59841	0.999995	425	0	0.43654	0.42097	0.6656	0.999995	646	3	0.43654
HRH3	4	0.6	0.59942	0.999995	426	0	0.59353	0.4113	0.6563	0.999995	642	3	0.59353
RXFP3	4	0.60046	0.59979	0.999995	427	0	0.19494	0.1218	0.30389	0.85479	376	2	0.19494
TREML4	3	0.60058	0.60003	0.999995	428	0	0.51961	0.51972	0.69572	0.999995	725	2	0.51961
CRX	4	0.60231	0.60161	0.999995	429	0	0.9241	0.018826	0.05971	0.652158	97	3	0.9241
BTG1	4	0.6037	0.60312	0.999995	430	0	0.29806	0.75239	0.88081	0.999995	841	2	0.29806
CYP7A1	4	0.60462	0.60397	0.999995	431	0	0.43721	0.51341	0.7469	0.999995	716	2	0.43721
CAB39	4	0.606	0.60542	0.999995	432	0	0.65704	0.26183	0.50964	0.980441	546	3	0.65704
CAND1	4	0.60737	0.60672	0.999995	433	0	0.35585	0.51885	0.75162	0.999995	723	3	0.35585
SPTAN1	4	0.60783	0.60728	0.999995	434	0	0.35635	0.72244	0.86584	0.999995	828	2	0.35635
SEC11C	4	0.60829	0.60772	0.999995	435	0	0.63698	0.24948	0.49669	0.973179	538	3	0.63698
ITSN1	4	0.60874	0.60807	0.999995	436	0	0.45224	0.32966	0.57853	0.999995	587	2	0.45224
DST	4	0.61057	0.61015	0.999995	437	0	0.23913	0.81773	0.91346	0.999995	870	2	0.23913
TOB1	4	0.61102	0.61051	0.999995	438	0	0.19976	0.78041	0.89433	0.999995	854	1	0.19976
CNOT6	4	0.61148	0.61099	0.999995	439	0	0.13312	0.80721	0.90777	0.999995	867	1	0.13312
HNRNPH3	4	0.61284	0.61232	0.999995	440	0	0.37557	0.68854	0.85008	0.999995	812	2	0.37557
DEGS2	4	0.61374	0.61329	0.999995	441	0	0.31723	0.42889	0.67276	0.999995	654	3	0.31723
G3BP1	4	0.61419	0.61363	0.999995	442	0	0.35987	0.80044	0.90423	0.999995	863	2	0.35987
ARFGEF1	4	0.61465	0.61417	0.999995	443	0	0.59695	0.31458	0.56348	0.999995	579	3	0.59695
SPATA16	4	0.6151	0.61458	0.999995	444	0	0.51749	0.22414	0.46916	0.941879	525	3	0.51749
STX17	4	0.61555	0.61493	0.999995	445	0	0.51184	0.32471	0.57373	0.999995	584	3	0.51184
IL6R	4	0.616	0.61532	0.999995	446	0	0.37423	0.73945	0.87394	0.999995	833	2	0.37423
ALDOC	4	0.61645	0.61567	0.999995	447	0	0.28376	0.53979	0.7685	0.999995	743	2	0.28376
S1PR4	4	0.6169	0.61614	0.999995	448	0	0.47962	0.22712	0.47235	0.946264	526	2	0.47962
CHRNB3	4	0.61779	0.617	0.999995	449	0	0.2891	0.43433	0.67808	0.999995	658	2	0.2891
STRADA	4	0.62003	0.61941	0.999995	450	0	0.20845	0.93692	0.96127	0.999995	922	1	0.20845
CSTF2	4	0.62092	0.62034	0.999995	451	0	0.44572	0.54995	0.77734	0.999995	747	2	0.44572
PTCH1	4	0.62226	0.62187	0.999995	452	0	0.46023	0.19003	0.43114	0.911414	498	2	0.46023
PRSS37	4	0.6227	0.62233	0.999995	453	0	0.34633	0.56452	0.78979	0.999995	760	3	0.34633
MBP	4	0.62315	0.62281	0.999995	454	0	0.41837	0.54601	0.77405	0.999995	745	2	0.41837
KLK12	4	0.62359	0.62322	0.999995	455	0	0.45154	0.054667	0.15561	0.763637	215	2	0.45154
SLC35F3	4	0.62404	0.62373	0.999995	456	0	0.51431	0.37462	0.6223	0.999995	614	3	0.51431
PGLS	4	0.62536	0.62506	0.999995	457	0	0.52672	0.13925	0.33853	0.883514	407	3	0.52672
TIMM23B	4	0.62625	0.62593	0.999995	458	0	0.61973	0.10189	0.26405	0.85479	327	3	0.61973
GMPR2	4	0.62757	0.62726	0.999995	459	0	0.28386	0.39608	0.64216	0.999995	630	2	0.28386
SHMT2	4	0.62845	0.62814	0.999995	460	0	0.35839	0.73141	0.87004	0.999995	832	2	0.35839
SNX6	4	0.62889	0.62857	0.999995	461	0	0.20557	0.93409	0.96041	0.999995	919	1	0.20557
SLITRK1	4	0.62976	0.6294	0.999995	462	0	0.40162	0.5547	0.7814	0.999995	752	3	0.40162
ALG14	4	0.63064	0.63017	0.999995	463	0	0.20892	0.85598	0.93343	0.999995	893	1	0.20892
TRPM1	4	0.63107	0.63055	0.999995	464	0	0.51606	0.35951	0.60773	0.999995	605	3	0.51606
TRAPPC3L	4	0.63151	0.63093	0.999995	465	0	0.69556	0.12045	0.3011	0.85479	367	3	0.69556
PUM1	4	0.63195	0.6313	0.999995	466	0	0.40878	0.46189	0.70227	0.999995	675	3	0.40878
TREM2	4	0.63282	0.63226	0.999995	467	0	0.4551	0.43917	0.68236	0.999995	662	2	0.4551
MMD2	4	0.63325	0.63264	0.999995	468	0	0.22096	0.96451	0.97214	0.999995	932	1	0.22096
CDS1	4	0.63369	0.63298	0.999995	469	0	0.4631	0.51926	0.75207	0.999995	724	3	0.4631
FLOT1	4	0.63412	0.63334	0.999995	470	0	0.78429	0.061624	0.1723	0.777562	231	3	0.78429
RBPJL	4	0.63456	0.63385	0.999995	471	0	0.43459	0.5106	0.74469	0.999995	713	2	0.43459
DYNC1LI1	3	0.63484	0.63407	0.999995	472	0	0.35532	0.65513	0.79785	0.999995	800	2	0.35532
TAF9B	2	0.63542	0.63418	0.999995	473	0	0.6491	0.29552	0.43972	0.920451	569	2	0.6491
HEATR5A	4	0.63586	0.63525	0.999995	474	0	0.18377	0.75221	0.88074	0.999995	840	1	0.18377
LSM14B	4	0.63672	0.63595	0.999995	475	0	0.31788	0.58533	0.80541	0.999995	773	2	0.31788
RSBN1	4	0.63758	0.63685	0.999995	476	0	0.24147	0.98736	0.98789	0.999995	957	0	0.24147
HRAS	4	0.6393	0.63849	0.999995	477	0	0.32282	0.64443	0.83065	0.999995	796	2	0.32282
TOP2B	4	0.63973	0.63894	0.999995	478	0	0.48968	0.3115	0.56046	0.999995	576	2	0.48968
KCNT2	4	0.64016	0.6393	0.999995	479	0	0.24584	0.77594	0.8924	0.999995	852	1	0.24584
CDK5R2	4	0.64102	0.64019	0.999995	480	0	0.3734	0.25717	0.50461	0.980441	542	2	0.3734
KPNA2	3	0.64116	0.64043	0.999995	481	0	0.37045	0.66305	0.80404	0.999995	803	2	0.37045
H1FOO	4	0.64187	0.64103	0.999995	482	0	0.69164	0.20113	0.44347	0.923525	505	3	0.69164
PHLDA2	4	0.6423	0.6415	0.999995	483	0	0.30136	0.74989	0.87957	0.999995	838	2	0.30136
IMPDH1	4	0.64273	0.64205	0.999995	484	0	0.35078	0.53144	0.7619	0.999995	734	3	0.35078
SIX6	4	0.64315	0.64245	0.999995	485	0	0.76997	0.10259	0.26544	0.85479	328	3	0.76997
MYH7	4	0.64485	0.64433	0.999995	486	0	0.24067	0.63107	0.82498	0.999995	790	2	0.24067
LDB1	8	0.64509	0.64647	0.999995	487	1	0.32941	0.72001	0.93207	0.999995	827	5	0.32941
CABP5	4	0.64528	0.64489	0.999995	488	0	0.33942	0.85657	0.93367	0.999995	894	2	0.33942
VPS26A	4	0.64613	0.64571	0.999995	489	0	0.23993	0.70769	0.8591	0.999995	823	1	0.23993
AP2A2	4	0.64655	0.64604	0.999995	490	0	0.53772	0.24004	0.4868	0.959338	535	3	0.53772
CTPS2	4	0.64697	0.64641	0.999995	491	0	0.51768	0.044007	0.12964	0.759498	178	3	0.51768
FBLN1	4	0.64866	0.64794	0.999995	492	0	0.59673	0.19866	0.44099	0.920451	503	3	0.59673
BCAP31	4	0.64908	0.64825	0.999995	493	0	0.37859	0.69713	0.85425	0.999995	817	2	0.37859
FNIP2	4	0.65034	0.64969	0.999995	494	0	0.49218	0.45952	0.70022	0.999995	674	3	0.49218
MED12L	4	0.65202	0.65146	0.999995	495	0	0.58856	0.24017	0.48691	0.959338	536	3	0.58856
BICD2	4	0.65243	0.65186	0.999995	496	0	0.55156	0.33212	0.5809	0.999995	590	3	0.55156
HOXB1	4	0.65368	0.65315	0.999995	497	0	0.434	0.53388	0.76375	0.999995	738	3	0.434
ITGB1BP2	4	0.6541	0.65345	0.999995	498	0	0.80862	0.11557	0.29172	0.85479	358	3	0.80862
GRM4	4	0.65493	0.65427	0.999995	499	0	0.52513	0.40282	0.64807	0.999995	637	3	0.52513
ACTL7A	4	0.65535	0.65471	0.999995	500	0	0.28815	0.83269	0.92126	0.999995	879	1	0.28815
ERBB3	8	0.65612	0.65692	0.999995	501	1	0.42611	0.42014	0.76331	0.999995	645	5	0.42611
ARPC5L	4	0.65659	0.65596	0.999995	502	0	0.42665	0.49582	0.73161	0.999995	700	3	0.42665
SAMD4A	4	0.65701	0.65646	0.999995	503	0	0.80186	0.090182	0.23898	0.829931	305	3	0.80186
NCKAP1	4	0.65742	0.65685	0.999995	504	0	0.34905	0.5949	0.80957	0.999995	779	2	0.34905
DDX39A	4	0.65866	0.65798	0.999995	505	0	0.71089	0.11224	0.28527	0.85479	352	3	0.71089
GIT2	4	0.65907	0.65847	0.999995	506	0	0.26997	0.85577	0.9333	0.999995	892	1	0.26997
FOXE3	4	0.65989	0.65926	0.999995	507	0	0.67188	0.16451	0.38508	0.895182	453	3	0.67188
FLNC	4	0.6603	0.65968	0.999995	508	0	0.39578	0.48019	0.71794	0.999995	688	3	0.39578
SEC23B	4	0.66153	0.66092	0.999995	509	0	0.44474	0.50146	0.73651	0.999995	705	3	0.44474
DUSP10	4	0.66235	0.66168	0.999995	510	0	0.27745	0.52676	0.75826	0.999995	730	2	0.27745
SLC32A1	4	0.66317	0.66244	0.999995	511	0	0.40001	0.4914	0.72752	0.999995	696	3	0.40001
ADSSL1	4	0.66439	0.66353	0.999995	512	0	0.27815	0.44627	0.68867	0.999995	668	2	0.27815
SS18	4	0.6652	0.66448	0.999995	513	0	0.32901	0.52331	0.75532	0.999995	727	3	0.32901
SLC10A2	4	0.66601	0.66522	0.999995	514	0	0.61329	0.28637	0.53509	0.999995	559	3	0.61329
AHCYL2	4	0.66642	0.66565	0.999995	515	0	0.69376	0.11142	0.28364	0.85479	349	3	0.69376
NCKAP1L	4	0.66763	0.66705	0.999995	516	0	0.50865	0.34751	0.59639	0.999995	599	3	0.50865
YAF2	4	0.66844	0.66794	0.999995	517	0	0.36359	0.63352	0.82587	0.999995	791	2	0.36359
L3MBTL2	4	0.67045	0.6699	0.999995	518	0	0.77611	0.076913	0.20846	0.799291	276	3	0.77611
SAR1B	4	0.67085	0.67034	0.999995	519	0	0.78513	0.058187	0.16417	0.777562	221	3	0.78513
IRF4	4	0.67205	0.67161	0.999995	520	0	0.20063	0.31171	0.56064	0.999995	577	1	0.20063
MTUS1	4	0.67285	0.67244	0.999995	521	0	0.3388	0.71433	0.86188	0.999995	825	2	0.3388
PPP2CA	8	0.67384	0.67391	0.999995	522	0	0.74996	0.009359	0.05106	0.631073	52	7	0.74996
E2F4	4	0.67445	0.674	0.999995	523	0	0.34457	0.7483	0.87882	0.999995	837	2	0.34457
NLRP8	4	0.67564	0.67525	0.999995	524	0	0.46614	0.0041458	0.014856	0.562412	27	3	0.46614
LMBR1	4	0.67722	0.67671	0.999995	525	0	0.35844	0.567	0.79178	0.999995	765	2	0.35844
TBPL2	4	0.67801	0.67734	0.999995	526	0	0.39071	0.65357	0.83456	0.999995	799	2	0.39071
SLC25A28	4	0.68037	0.67976	0.999995	527	0	0.40716	0.50098	0.73603	0.999995	704	3	0.40716
SLC25A15	4	0.68194	0.68139	0.999995	528	0	0.50837	0.39183	0.63796	0.999995	626	3	0.50837
ICK	4	0.68233	0.68173	0.999995	529	0	0.30845	0.84769	0.92933	0.999995	885	2	0.30845
CCNL2	4	0.68272	0.68217	0.999995	530	0	0.59293	0.26123	0.50908	0.980441	545	3	0.59293
SAFB2	4	0.68311	0.68255	0.999995	531	0	0.37383	0.51237	0.74611	0.999995	715	3	0.37383
TPST2	4	0.68389	0.68322	0.999995	532	0	0.36856	0.66823	0.84115	0.999995	805	2	0.36856
GNB3	4	0.68466	0.68389	0.999995	533	0	0.5117	0.17393	0.40344	0.899082	467	2	0.5117
NBEA	4	0.68505	0.68441	0.999995	534	0	0.55439	0.16421	0.38456	0.895182	452	3	0.55439
TOB2	4	0.68544	0.68482	0.999995	535	0	0.44657	0.36379	0.61204	0.999995	607	2	0.44657
ADM	4	0.68583	0.68523	0.999995	536	0	0.29373	0.76167	0.88528	0.999995	847	2	0.29373
BATF3	4	0.68814	0.68752	0.999995	537	0	0.39387	0.47739	0.71569	0.999995	685	3	0.39387
SEC23A	4	0.68853	0.68791	0.999995	538	0	0.39478	0.52858	0.75963	0.999995	732	2	0.39478
LNX1	4	0.68891	0.68831	0.999995	539	0	0.53528	0.19397	0.436	0.918814	500	3	0.53528
IDH2	4	0.69006	0.68952	0.999995	540	0	0.59381	0.29743	0.54666	0.999995	570	3	0.59381
ASCL1	4	0.69121	0.69062	0.999995	541	0	0.54975	0.18489	0.42212	0.911304	490	3	0.54975
DYNLT1	4	0.69198	0.69155	0.999995	542	0	0.81129	0.053653	0.15311	0.759498	212	3	0.81129
FKBP9	4	0.69236	0.692	0.999995	543	0	0.58899	0.3349	0.58367	0.999995	592	3	0.58899
RNF103	4	0.69274	0.6923	0.999995	544	0	0.5691	0.39258	0.63878	0.999995	628	3	0.5691
FEZ1	4	0.69312	0.69263	0.999995	545	0	0.98006	0.012806	0.042205	0.631073	67	3	0.98006
UNC45B	4	0.6954	0.69514	0.999995	546	0	0.4167	0.5596	0.7855	0.999995	755	3	0.4167
SPATA21	4	0.69577	0.6955	0.999995	547	0	0.45639	0.50752	0.74194	0.999995	710	3	0.45639
SAP30	4	0.69615	0.69589	0.999995	548	0	0.74682	0.059177	0.16658	0.777562	225	3	0.74682
CRKL	4	0.69653	0.69632	0.999995	549	0	0.42203	0.45225	0.69375	0.999995	669	2	0.42203
TEX45	4	0.69728	0.69693	0.999995	550	0	0.74178	0.13323	0.32695	0.875175	397	3	0.74178
TNR	4	0.69766	0.69723	0.999995	551	0	0.26719	0.81987	0.9145	0.999995	873	2	0.26719
EXOC6B	4	0.69879	0.69842	0.999995	552	0	0.47994	0.31796	0.56696	0.999995	582	2	0.47994
DZIP1L	4	0.69954	0.69932	0.999995	553	0	0.46907	0.40146	0.64687	0.999995	634	3	0.46907
CASP4	4	0.69991	0.69972	0.999995	554	0	0.70271	0.10278	0.26574	0.85479	329	3	0.70271
PCGF1	4	0.70028	0.70019	0.999995	555	0	0.5598	0.12971	0.31963	0.869983	389	3	0.5598
STRIP1	4	0.70103	0.70087	0.999995	556	0	0.42007	0.4906	0.72694	0.999995	694	3	0.42007
FKBP10	4	0.70178	0.70156	0.999995	557	0	0.50916	0.40244	0.64773	0.999995	636	3	0.50916
JAG2	4	0.70215	0.70183	0.999995	558	0	0.60262	0.030555	0.093476	0.688084	145	3	0.60262
ESRP2	4	0.70252	0.70227	0.999995	559	0	0.52989	0.35186	0.60057	0.999995	601	3	0.52989
SMAP1	4	0.70363	0.70332	0.999995	560	0	0.58882	0.30287	0.55203	0.999995	572	3	0.58882
NOX3	4	0.704	0.7037	0.999995	561	0	0.45554	0.56638	0.79132	0.999995	763	2	0.45554
TSTD1	4	0.70437	0.70399	0.999995	562	0	0.34353	0.43192	0.67567	0.999995	656	3	0.34353
CD72	4	0.70474	0.70435	0.999995	563	0	0.79318	0.026236	0.08151	0.664623	132	3	0.79318
YIF1B	4	0.70622	0.70566	0.999995	564	0	0.72741	0.069478	0.19099	0.781979	251	3	0.72741
DBT	4	0.70732	0.70666	0.999995	565	0	0.48288	0.27907	0.52775	0.999995	556	3	0.48288
APOBEC1	4	0.70769	0.70695	0.999995	566	0	0.71474	0.1117	0.28415	0.85479	350	3	0.71474
GRHL2	4	0.70806	0.70736	0.999995	567	0	0.38914	0.7083	0.85931	0.999995	824	2	0.38914
CLTCL1	4	0.70879	0.70813	0.999995	568	0	0.72401	0.1458	0.35124	0.886324	421	3	0.72401
SMARCC2	4	0.70952	0.70892	0.999995	569	0	0.41917	0.20256	0.44523	0.925383	506	3	0.41917
PLCG1	4	0.71098	0.71044	0.999995	570	0	0.56036	0.44285	0.68584	0.999995	664	3	0.56036
SLC25A24	4	0.71279	0.71217	0.999995	571	0	0.72141	0.12844	0.31709	0.869983	387	3	0.72141
PIP4P1	4	0.71315	0.7125	0.999995	572	0	0.36908	0.50832	0.74263	0.999995	711	3	0.36908
IKBKB	4	0.71424	0.71354	0.999995	573	0	0.54386	0.34255	0.59143	0.999995	594	3	0.54386
TMEM30A	4	0.71532	0.71453	0.999995	574	0	0.22866	0.96345	0.97167	0.999995	931	1	0.22866
ATP8B3	4	0.71675	0.71602	0.999995	575	0	0.39797	0.51115	0.74516	0.999995	714	3	0.39797
NR5A1	4	0.71783	0.71692	0.999995	576	0	0.44424	0.48399	0.72116	0.999995	689	3	0.44424
GYS2	4	0.71818	0.71737	0.999995	577	0	0.64243	0.21327	0.45745	0.937609	513	3	0.64243
KIAA0319	4	0.71854	0.71775	0.999995	578	0	0.64651	0.015917	0.0512	0.631073	85	2	0.64651
PCBD1	4	0.71961	0.71898	0.999995	579	0	0.74024	0.092988	0.24465	0.835838	310	3	0.74024
COPG2	4	0.71996	0.71926	0.999995	580	0	0.51169	0.28874	0.53747	0.999995	564	2	0.51169
SBF2	3	0.72074	0.72169	0.999995	581	0	0.4832	0.27926	0.50666	0.980441	557	3	0.4832
TANC2	3	0.72134	0.72232	0.999995	582	0	0.59149	0.27866	0.50581	0.980441	555	3	0.59149
CAPN2	4	0.72138	0.72063	0.999995	583	0	0.4194	0.49462	0.73052	0.999995	699	3	0.4194
PSEN1	4	0.72174	0.72097	0.999995	584	0	0.34488	0.70215	0.85652	0.999995	822	2	0.34488
PRDM16	4	0.72279	0.7221	0.999995	585	0	0.5077	0.22261	0.46749	0.941879	522	2	0.5077
TANC1	4	0.7235	0.7228	0.999995	586	0	0.41778	0.49623	0.73187	0.999995	701	3	0.41778
VIM	4	0.72385	0.72318	0.999995	587	0	0.69875	0.10006	0.25985	0.852757	323	3	0.69875
PSMB9	4	0.7242	0.72357	0.999995	588	0	0.25645	0.80178	0.90479	0.999995	865	2	0.25645
FAM50A	4	0.7256	0.72511	0.999995	589	0	0.63855	0.16681	0.38953	0.896877	456	3	0.63855
RNF38	4	0.72595	0.72541	0.999995	590	0	0.25665	0.19632	0.43842	0.920253	502	2	0.25665
CADPS2	4	0.7263	0.72577	0.999995	591	0	0.79099	0.01997	0.063137	0.652158	104	3	0.79099
COX6B2	4	0.7277	0.72712	0.999995	592	0	0.38121	0.22338	0.46832	0.941879	523	3	0.38121
BTBD11	4	0.72804	0.72748	0.999995	593	0	0.48429	0.39826	0.64424	0.999995	632	3	0.48429
ADGRG7	4	0.72874	0.72811	0.999995	594	0	0.44839	0.4775	0.71574	0.999995	686	2	0.44839
STT3A	4	0.72909	0.7284	0.999995	595	0	0.60229	0.26957	0.51756	0.988485	551	3	0.60229
IQCA1	4	0.72943	0.72866	0.999995	596	0	0.40548	0.17096	0.39759	0.899082	464	2	0.40548
TLN1	4	0.73047	0.72971	0.999995	597	0	0.54129	0.16936	0.39449	0.899082	460	3	0.54129
MTMR3	4	0.73081	0.73005	0.999995	598	0	0.39604	0.57476	0.79777	0.999995	771	3	0.39604
MAPK8IP3	4	0.7315	0.73076	0.999995	599	0	0.65368	0.12195	0.30426	0.85479	377	3	0.65368
CDC34	4	0.73219	0.73135	0.999995	600	0	0.58553	0.20955	0.45296	0.935692	509	3	0.58553
CLTA	4	0.73253	0.73168	0.999995	601	0	0.39198	0.5254	0.75731	0.999995	728	2	0.39198
S100A6	4	0.73356	0.7327	0.999995	602	0	0.6062	0.13507	0.33066	0.877215	399	3	0.6062
CBLL1	4	0.7339	0.73311	0.999995	603	0	0.77787	0.025575	0.079427	0.657758	130	3	0.77787
TMEM9B	4	0.73425	0.73355	0.999995	604	0	0.46848	0.33425	0.58298	0.999995	591	3	0.46848
ASF1B	8	0.73525	0.73465	0.999995	605	0	0.15948	0.7698	0.94674	0.999995	850	3	0.15948
MEP1B	4	0.73561	0.73494	0.999995	606	0	0.70956	0.14762	0.35471	0.886324	424	3	0.70956
NMT2	4	0.73663	0.73603	0.999995	607	0	0.28275	0.07049	0.19331	0.781979	254	2	0.28275
NBEAL2	4	0.73731	0.73674	0.999995	608	0	0.5313	0.084387	0.22565	0.814693	293	3	0.5313
SPTA1	4	0.73764	0.73704	0.999995	609	0	0.64128	0.15237	0.36333	0.889569	431	3	0.64128
GPSM1	4	0.73866	0.73818	0.999995	610	0	0.48579	0.050236	0.14455	0.759498	202	3	0.48579
SERPINA11	4	0.73933	0.73885	0.999995	611	0	0.6482	0.067867	0.18715	0.781979	248	3	0.6482
CNOT8	3	0.73981	0.74065	0.999995	612	0	0.77444	0.1362	0.28733	0.85479	402	3	0.77444
XYLT1	4	0.74101	0.74047	0.999995	613	0	0.60892	0.17498	0.40508	0.899082	473	3	0.60892
TXNDC8	4	0.74135	0.74078	0.999995	614	0	0.94461	0.0077273	0.026401	0.615231	44	3	0.94461
STAM	4	0.74201	0.74149	0.999995	615	0	0.52821	0.28834	0.53704	0.999995	562	3	0.52821
EEFSEC	4	0.74235	0.7418	0.999995	616	0	0.67239	0.12325	0.30684	0.855864	381	3	0.67239
AKAP11	4	0.74301	0.74249	0.999995	617	0	0.33748	0.50509	0.73977	0.999995	709	3	0.33748
TRPC5	4	0.74335	0.74287	0.999995	618	0	0.56381	0.26513	0.51319	0.983698	548	2	0.56381
SERPINA12	8	0.74546	0.74533	0.999995	619	0	0.82681	0.016848	0.085163	0.68201	89	7	0.82681
TUBB2B	2	0.74676	0.74518	0.999995	620	0	0.49089	0.25324	0.38745	0.896877	539	2	0.49089
UTRN	4	0.74994	0.75006	0.999995	621	0	0.74912	0.12152	0.30326	0.85479	374	3	0.74912
COPS7B	4	0.75026	0.75035	0.999995	622	0	0.48211	0.53185	0.76223	0.999995	735	3	0.48211
CDNF	4	0.75059	0.7507	0.999995	623	0	0.71354	0.05074	0.14587	0.759498	203	3	0.71354
RCBTB1	4	0.75189	0.75205	0.999995	624	0	0.33657	0.033256	0.10127	0.713232	151	2	0.33657
LIMK1	4	0.75254	0.75265	0.999995	625	0	0.33873	0.23929	0.48601	0.959338	534	2	0.33873
ARHGEF3	4	0.75286	0.75302	0.999995	626	0	0.43946	0.46348	0.70368	0.999995	677	3	0.43946
SHCBP1L	4	0.75351	0.75359	0.999995	627	0	0.50691	0.47547	0.7141	0.999995	684	3	0.50691
DMXL2	4	0.75447	0.75452	0.999995	628	0	0.29302	0.57148	0.7952	0.999995	769	3	0.29302
FNIP1	4	0.75512	0.7552	0.999995	629	0	0.5324	0.30905	0.55814	0.999995	574	3	0.5324
HMGCS2	4	0.75544	0.75546	0.999995	630	0	0.4736	0.33125	0.58003	0.999995	589	2	0.4736
NRBP1	4	0.75608	0.75605	0.999995	631	0	0.51314	0.4051	0.65061	0.999995	639	3	0.51314
JAG1	4	0.7564	0.75634	0.999995	632	0	0.59669	0.22384	0.46881	0.941879	524	3	0.59669
TBC1D9	4	0.75672	0.75667	0.999995	633	0	0.5212	0.37074	0.61875	0.999995	612	3	0.5212
ATOH1	4	0.75768	0.75766	0.999995	634	0	0.48276	0.037747	0.11312	0.744757	163	3	0.48276
PAX4	4	0.75831	0.75839	0.999995	635	0	0.33215	0.81612	0.91254	0.999995	868	2	0.33215
RANBP10	4	0.75863	0.75868	0.999995	636	0	0.6087	0.17721	0.40883	0.900959	480	3	0.6087
GSX1	4	0.75927	0.75936	0.999995	637	0	0.454	0.45281	0.69421	0.999995	670	3	0.454
PRKDC	8	0.75959	0.75902	0.999995	638	0	0.24053	0.88172	0.97736	0.999995	902	4	0.24053
IDH1	4	0.76022	0.76048	0.999995	639	0	0.73335	0.083526	0.22349	0.814076	291	3	0.73335
SLC35F4	4	0.76116	0.76139	0.999995	640	0	0.52581	0.14172	0.34357	0.883514	413	3	0.52581
TAP1	4	0.76179	0.76202	0.999995	641	0	0.66314	0.14868	0.35674	0.886324	425	3	0.66314
GOLT1B	4	0.76274	0.7629	0.999995	642	0	0.62886	0.16283	0.38218	0.895182	449	3	0.62886
DUOX1	4	0.76399	0.76417	0.999995	643	0	0.64234	0.18931	0.42999	0.911414	497	3	0.64234
PLCG2	4	0.76461	0.76477	0.999995	644	0	0.47491	0.48779	0.7245	0.999995	692	3	0.47491
CHUK	8	0.76484	0.764	0.999995	645	0	0.47542	0.38262	0.72811	0.999995	620	6	0.47542
MAK	4	0.76492	0.76504	0.999995	646	0	0.60863	0.23628	0.48274	0.959338	530	3	0.60863
IFIH1	4	0.76524	0.76545	0.999995	647	0	0.40948	0.56001	0.78589	0.999995	756	3	0.40948
SPTLC3	4	0.76586	0.76613	0.999995	648	0	0.59224	0.35331	0.60204	0.999995	603	3	0.59224
SPDEF	4	0.76648	0.76675	0.999995	649	0	0.41792	0.34524	0.59413	0.999995	598	2	0.41792
ARFIP2	4	0.76679	0.76708	0.999995	650	0	0.33171	0.55265	0.77967	0.999995	751	3	0.33171
PRG3	4	0.76864	0.76903	0.999995	651	0	0.80814	0.099567	0.25878	0.8519	322	3	0.80814
CAVIN1	4	0.76895	0.7693	0.999995	652	0	0.4524	0.50377	0.7385	0.999995	707	3	0.4524
SOHLH1	4	0.77018	0.77045	0.999995	653	0	0.8456	0.047071	0.13701	0.759498	189	3	0.8456
HACD2	4	0.77048	0.77081	0.999995	654	0	0.36353	0.72525	0.86744	0.999995	829	2	0.36353
GALNT5	4	0.77079	0.7711	0.999995	655	0	0.31995	0.56651	0.79144	0.999995	764	2	0.31995
ELL2	4	0.77383	0.77441	0.999995	656	0	0.4245	0.56574	0.79071	0.999995	761	3	0.4245
UMPS	4	0.77504	0.77561	0.999995	657	0	0.56894	0.21153	0.45558	0.935883	512	3	0.56894
RBBP7	4	0.77774	0.77822	0.999995	658	0	0.33347	0.5404	0.76905	0.999995	744	3	0.33347
XYLT2	4	0.77833	0.77886	0.999995	659	0	0.27613	0.80315	0.90547	0.999995	866	2	0.27613
HMGCLL1	4	0.78071	0.7811	0.999995	660	0	0.57977	0.25388	0.50119	0.978824	540	3	0.57977
RGS19	4	0.781	0.78141	0.999995	661	0	0.42826	0.57353	0.79684	0.999995	770	3	0.42826
LNX2	4	0.78159	0.78206	0.999995	662	0	0.90047	0.024664	0.076905	0.652158	127	3	0.90047
CAND2	4	0.78189	0.78241	0.999995	663	0	0.39309	0.039538	0.11799	0.757277	167	3	0.39309
FRYL	4	0.78218	0.78268	0.999995	664	0	0.65664	0.16375	0.38371	0.895182	451	3	0.65664
RPL3L	4	0.78394	0.78452	0.999995	665	0	0.54019	0.23619	0.48265	0.959338	529	3	0.54019
ZEB1	4	0.78453	0.78502	0.999995	666	0	0.49299	0.39203	0.63811	0.999995	627	3	0.49299
NAPB	4	0.78511	0.78546	0.999995	667	0	0.52356	0.38844	0.63483	0.999995	623	3	0.52356
MYBPH	4	0.78569	0.78598	0.999995	668	0	0.41715	0.23778	0.48446	0.959338	531	2	0.41715
TBC1D1	4	0.78598	0.78622	0.999995	669	0	0.50803	0.14007	0.34025	0.883514	409	3	0.50803
GRIP1	4	0.78627	0.7865	0.999995	670	0	0.46117	0.42525	0.66947	0.999995	652	3	0.46117
SPOP	4	0.78714	0.78758	0.999995	671	0	0.70744	0.066459	0.18398	0.781979	246	3	0.70744
ANKRD10	4	0.78801	0.7883	0.999995	672	0	0.61627	0.13121	0.32281	0.871325	393	3	0.61627
RSC1A1	4	0.78887	0.78911	0.999995	673	0	0.90167	0.047319	0.13758	0.759498	190	3	0.90167
ABCA3	4	0.78916	0.78938	0.999995	674	0	0.49465	0.26859	0.5166	0.988446	550	3	0.49465
TTC23	4	0.78973	0.79002	0.999995	675	0	0.65419	0.23811	0.48477	0.959338	532	3	0.65419
EP300	4	0.79059	0.79099	0.999995	676	0	1.0066	0.0024877	0.0091117	0.423564	21	3	1.0066
CCNT2	4	0.79145	0.7918	0.999995	677	0	0.4747	0.3781	0.62546	0.999995	616	3	0.4747
TCF3	4	0.79202	0.7924	0.999995	678	0	0.3837	0.4746	0.71333	0.999995	683	3	0.3837
CADPS	4	0.7923	0.79263	0.999995	679	0	0.43685	0.41967	0.66452	0.999995	644	3	0.43685
VRTN	4	0.79287	0.79329	0.999995	680	0	0.56342	0.34301	0.59189	0.999995	595	3	0.56342
TOMM20L	4	0.79372	0.79412	0.999995	681	0	0.46051	0.43206	0.67581	0.999995	657	3	0.46051
EXOC6	4	0.794	0.79438	0.999995	682	0	0.49972	0.4383	0.68159	0.999995	660	3	0.49972
ZNRF4	4	0.79428	0.79467	0.999995	683	0	0.43558	0.42314	0.66756	0.999995	648	3	0.43558
UAP1L1	4	0.79597	0.79627	0.999995	684	0	0.52224	0.208	0.45119	0.935692	507	3	0.52224
IRF8	4	0.7968	0.79718	0.999995	685	0	0.41503	0.034156	0.10381	0.719181	155	3	0.41503
PTPN6	4	0.79708	0.79752	0.999995	686	0	0.59236	0.17484	0.40482	0.899082	471	3	0.59236
CYP26C1	4	0.79792	0.79834	0.999995	687	0	0.48364	0.4222	0.66672	0.999995	647	3	0.48364
LIMK2	4	0.7982	0.7987	0.999995	688	0	0.68656	0.1111	0.28307	0.85479	348	3	0.68656
DNAJC15	4	0.79875	0.79914	0.999995	689	0	0.88284	0.018896	0.059887	0.652158	98	3	0.88284
ANKRD37	4	0.79958	0.79989	0.999995	690	0	0.84301	0.014175	0.046324	0.631073	76	3	0.84301
GMPR	4	0.80096	0.8011	0.999995	691	0	0.44808	0.53633	0.76578	0.999995	741	3	0.44808
TGM6	4	0.80206	0.80215	0.999995	692	0	0.59742	0.28701	0.53569	0.999995	561	3	0.59742
TPBGL	4	0.80261	0.80263	0.999995	693	0	0.52114	0.10494	0.27012	0.85479	333	3	0.52114
CYP2A6	4	0.80288	0.80288	0.999995	694	0	0.69888	0.12109	0.30237	0.85479	371	3	0.69888
MOGAT2	4	0.80342	0.80342	0.999995	695	0	0.71368	0.10103	0.26189	0.853231	325	3	0.71368
FZD8	4	0.80451	0.80461	0.999995	696	0	0.64961	0.062208	0.17385	0.777562	235	3	0.64961
SOS2	4	0.80667	0.8068	0.999995	697	0	0.65847	0.073791	0.20088	0.781979	271	3	0.65847
SEPHS2	4	0.80694	0.80705	0.999995	698	0	0.39111	0.51439	0.74766	0.999995	718	3	0.39111
MYBPHL	4	0.80721	0.80738	0.999995	699	0	0.66885	0.17537	0.4057	0.899082	474	3	0.66885
GSX2	4	0.80775	0.80803	0.999995	700	0	0.46968	0.1613	0.3795	0.895182	446	3	0.46968
STRIP2	4	0.80962	0.81012	0.999995	701	0	0.58793	0.19038	0.43163	0.911414	499	4	0.58793
TLN2	4	0.81015	0.81073	0.999995	702	0	0.6658	0.10397	0.26813	0.85479	331	4	0.6658
GDI1	4	0.81041	0.81107	0.999995	703	0	0.68323	0.0059842	0.020956	0.615231	36	4	0.68323
ZNF423	4	0.81094	0.81152	0.999995	704	0	0.59013	0.18906	0.42964	0.911414	496	4	0.59013
TIMP2	4	0.81121	0.81176	0.999995	705	0	0.35403	0.18879	0.42895	0.911414	495	4	0.35403
CHMP1B	4	0.812	0.81257	0.999995	706	0	0.53158	0.188	0.42759	0.911414	494	4	0.53158
DYNC1LI2	4	0.81226	0.81297	0.999995	707	0	0.50971	0.18774	0.42716	0.911414	493	4	0.50971
ADAP2	4	0.81252	0.81325	0.999995	708	0	0.5059	0.18748	0.4267	0.911414	492	4	0.5059
HUS1B	4	0.81279	0.81352	0.999995	709	0	0.64774	0.17815	0.41036	0.901164	481	4	0.64774
NCK1	4	0.81331	0.81417	0.999995	710	0	0.79929	0.042386	0.12545	0.759498	173	4	0.79929
PTPN21	4	0.81462	0.81547	0.999995	711	0	0.48915	0.17416	0.40381	0.899082	468	4	0.48915
TPST1	4	0.8154	0.81623	0.999995	712	0	0.66125	0.14249	0.34508	0.883514	414	4	0.66125
YIPF7	4	0.81566	0.81655	0.999995	713	0	0.50968	0.18434	0.42134	0.911304	489	4	0.50968
KRT25	4	0.81592	0.81684	0.999995	714	0	0.65201	0.18408	0.42092	0.911304	488	4	0.65201
PAPSS1	4	0.81669	0.8176	0.999995	715	0	0.64283	0.18331	0.4194	0.910982	487	4	0.64283
ZDHHC13	4	0.81695	0.81793	0.999995	716	0	0.74307	0.17589	0.40664	0.899082	476	4	0.74307
ENOX1	4	0.8185	0.81937	0.999995	717	0	0.55486	0.1815	0.41629	0.906103	486	4	0.55486
NSG1	4	0.81901	0.81982	0.999995	718	0	0.35784	0.18099	0.41526	0.905706	485	4	0.35784
TRIM25	4	0.82029	0.82107	0.999995	719	0	0.7821	0.074101	0.2014	0.781979	273	4	0.7821
XPO7	4	0.8208	0.82169	0.999995	720	0	0.52376	0.1792	0.41232	0.901164	483	4	0.52376
TTC7B	4	0.8213	0.82221	0.999995	721	0	0.70907	0.12622	0.31279	0.863436	385	4	0.70907
TGFBR2	4	0.82156	0.82241	0.999995	722	0	0.54697	0.17844	0.41089	0.901164	482	4	0.54697
HMSD	4	0.82232	0.82319	0.999995	723	0	0.63609	0.1353	0.33102	0.877215	401	4	0.63609
KCNT1	4	0.82257	0.82341	0.999995	724	0	0.60715	0.018782	0.059597	0.652158	96	4	0.60715
RANBP6	3	0.82288	0.82286	0.999995	725	0	0.53765	0.17712	0.35542	0.886324	479	3	0.53765
IPO8	4	0.82383	0.82464	0.999995	726	0	0.54434	0.17617	0.40713	0.899082	477	4	0.54434
FKBP5	4	0.82408	0.82484	0.999995	727	0	0.66347	0.16249	0.38156	0.895182	448	4	0.66347
DMP1	4	0.82433	0.8251	0.999995	728	0	0.65352	0.17567	0.40623	0.899082	475	4	0.65352
GRHL3	4	0.82508	0.82579	0.999995	729	0	0.54851	0.17492	0.40496	0.899082	472	4	0.54851
TSPO2	4	0.82533	0.82602	0.999995	730	0	0.49616	0.17467	0.40453	0.899082	470	4	0.49616
GOLPH3	4	0.82582	0.82645	0.999995	731	0	0.35741	0.17418	0.40382	0.899082	469	4	0.35741
GOLPH3L	4	0.82731	0.82785	0.999995	732	0	0.50414	0.17269	0.40117	0.899082	466	4	0.50414
GPR151	4	0.82855	0.82897	0.999995	733	0	1.0435	0.0015094	0.0058986	0.423564	12	4	1.0435
FOSL1	3	0.82871	0.82905	0.999995	734	0	0.48406	0.17129	0.3459	0.883514	465	3	0.48406
EPC2	4	0.82879	0.82927	0.999995	735	0	0.82071	0.02814	0.086965	0.68201	134	4	0.82071
EZH1	4	0.82928	0.82966	0.999995	736	0	0.53416	0.17072	0.39717	0.899082	463	4	0.53416
AOX1	4	0.82977	0.83021	0.999995	737	0	0.35685	0.17023	0.39624	0.899082	462	4	0.35685
MYCN	4	0.83002	0.8305	0.999995	738	0	0.61005	0.16998	0.39581	0.899082	461	4	0.61005
NBEAL1	4	0.83075	0.83124	0.999995	739	0	0.71719	0.09417	0.2475	0.838184	313	4	0.71719
CCDC69	4	0.83148	0.83207	0.999995	740	0	0.56995	0.061724	0.17252	0.777562	232	4	0.56995
PCBD2	4	0.83196	0.83252	0.999995	741	0	0.67554	0.16804	0.39186	0.89713	459	4	0.67554
POU4F2	4	0.8322	0.83276	0.999995	742	0	0.42042	0.1678	0.39131	0.89713	458	4	0.42042
GBX1	4	0.83293	0.83343	0.999995	743	0	0.42881	0.16707	0.39006	0.896877	457	4	0.42881
FSD1	4	0.83413	0.83456	0.999995	744	0	0.44002	0.16587	0.38762	0.896877	455	4	0.44002
SNRPN	4	0.83437	0.83482	0.999995	745	0	0.52744	0.12013	0.30044	0.85479	365	4	0.52744
PUM2	4	0.83628	0.83665	0.999995	746	0	0.65952	0.13009	0.32043	0.869983	390	4	0.65952
EFR3B	4	0.8377	0.83808	0.999995	747	0	0.3684	0.1623	0.38115	0.895182	447	4	0.3684
SLC11A1	4	0.83793	0.83833	0.999995	748	0	0.62761	0.032155	0.098221	0.703203	149	4	0.62761
PDGFD	4	0.83841	0.83883	0.999995	749	0	0.68374	0.053919	0.15383	0.759498	213	4	0.68374
PDGFC	4	0.83981	0.84037	0.999995	750	0	0.37709	0.16019	0.3774	0.895182	444	4	0.37709
STX12	4	0.84098	0.84142	0.999995	751	0	0.52943	0.15902	0.37534	0.895182	443	4	0.52943
SEC14L3	4	0.84121	0.84168	0.999995	752	0	0.60143	0.15879	0.3749	0.895182	442	4	0.60143
NR5A2	4	0.8426	0.84313	0.999995	753	0	0.63688	0.12121	0.30262	0.85479	373	4	0.63688
ZNF418	4	0.84306	0.84367	0.999995	754	0	0.83546	0.045334	0.13282	0.759498	181	4	0.83546
NSDHL	4	0.84329	0.8439	0.999995	755	0	0.57927	0.016961	0.054301	0.646735	90	4	0.57927
FLNB	4	0.84375	0.84437	0.999995	756	0	0.64154	0.15625	0.37024	0.893965	439	4	0.64154
TCF4	4	0.84421	0.84491	0.999995	757	0	0.51743	0.15579	0.3695	0.893965	438	4	0.51743
CD44	4	0.84512	0.84579	0.999995	758	0	0.62679	0.15488	0.36755	0.891531	436	4	0.62679
OSMR	4	0.84603	0.84667	0.999995	759	0	0.73577	0.1081	0.27674	0.85479	338	4	0.73577
KIAA0319L	4	0.84693	0.84766	0.999995	760	0	0.52852	0.15307	0.36453	0.890325	434	4	0.52852
SAP30L	4	0.84761	0.84827	0.999995	761	0	0.42829	0.15239	0.36338	0.889569	432	4	0.42829
ABCC3	4	0.84828	0.84897	0.999995	762	0	0.50258	0.15172	0.36216	0.889569	430	4	0.50258
APOBEC3C	4	0.84851	0.84913	0.999995	763	0	0.71957	0.11452	0.28973	0.85479	356	4	0.71957
HACD1	4	0.84918	0.84975	0.999995	764	0	0.6358	0.1337	0.3279	0.875489	398	4	0.6358
DUOX2	4	0.8494	0.85003	0.999995	765	0	0.41162	0.1506	0.3602	0.889569	428	4	0.41162
SLC22A8	4	0.85118	0.85169	0.999995	766	0	0.40266	0.14882	0.35704	0.886324	426	4	0.40266
GXYLT1	4	0.85272	0.85301	0.999995	767	0	0.49038	0.14728	0.3541	0.886324	423	4	0.49038
PPP2R1B	4	0.85338	0.85372	0.999995	768	0	0.49198	0.14662	0.35287	0.886324	422	4	0.49198
RAMP2	4	0.85381	0.85419	0.999995	769	0	0.51369	0.12931	0.31884	0.869983	388	4	0.51369
LARP1B	4	0.85512	0.85562	0.999995	770	0	0.64173	0.14488	0.34952	0.884225	419	4	0.64173
ABTB2	4	0.85533	0.85579	0.999995	771	0	0.41953	0.14467	0.34915	0.884225	418	4	0.41953
PLEK2	4	0.85727	0.85757	0.999995	772	0	0.42492	0.14273	0.3456	0.883514	415	4	0.42492
KPNA3	4	0.85813	0.85849	0.999995	773	0	0.65177	0.13031	0.32091	0.869983	392	4	0.65177
TPBG	4	0.85877	0.85907	0.999995	774	0	0.5878	0.14123	0.34272	0.883514	412	4	0.5878
ALAS2	4	0.85898	0.85934	0.999995	775	0	0.64796	0.14102	0.34221	0.883514	411	4	0.64796
FOXK1	4	0.85919	0.85949	0.999995	776	0	0.58212	0.14081	0.34178	0.883514	410	4	0.58212
SLC17A2	4	0.86025	0.86042	0.999995	777	0	0.66882	0.13975	0.33957	0.883514	408	4	0.66882
GALNT2	4	0.8613	0.86141	0.999995	778	0	0.57581	0.1387	0.33745	0.883514	405	4	0.57581
LBX1	4	0.86151	0.86163	0.999995	779	0	0.58907	0.13849	0.33707	0.883514	404	4	0.58907
LHFPL5	4	0.86235	0.86252	0.999995	780	0	0.69821	0.0078201	0.026635	0.615231	45	4	0.69821
G6PC	4	0.86276	0.86293	0.999995	781	0	0.75231	0.035503	0.10718	0.73169	157	4	0.75231
PLAU	4	0.86339	0.86356	0.999995	782	0	0.6279	0.079023	0.21305	0.803689	281	4	0.6279
SUSD1	4	0.86463	0.86483	0.999995	783	0	0.69945	0.078758	0.21253	0.803689	279	4	0.69945
ARHGEF7	4	0.86483	0.86507	0.999995	784	0	0.68876	0.13517	0.33082	0.877215	400	4	0.68876
ERN2	4	0.86627	0.86645	0.999995	785	0	0.84708	0.0011849	0.0047123	0.423564	11	4	0.84708
SBF1	4	0.86647	0.86665	0.999995	786	0	0.74016	0.042502	0.1258	0.759498	174	4	0.74016
PSMB8	4	0.86749	0.86771	0.999995	787	0	0.44012	0.13251	0.32551	0.873531	396	4	0.44012
RNF144B	4	0.86829	0.86853	0.999995	788	0	0.48534	0.13171	0.32387	0.871325	395	4	0.48534
CYFIP2	4	0.8685	0.86874	0.999995	789	0	0.54741	0.1315	0.32347	0.871325	394	4	0.54741
SPOPL	4	0.8697	0.86982	0.999995	790	0	0.92901	0.077439	0.20959	0.799291	277	4	0.92901
SIRPA	3	0.86974	0.8699	0.999995	791	0	0.54306	0.00656	0.017612	0.582557	40	3	0.54306
APH1B	4	0.8699	0.87006	0.999995	792	0	0.52955	0.1301	0.32044	0.869983	391	4	0.52955
MACF1	4	0.8701	0.87032	0.999995	793	0	0.62498	0.023323	0.072964	0.652158	119	4	0.62498
G3BP2	4	0.8705	0.87073	0.999995	794	0	0.80126	0.095482	0.2504	0.839939	316	4	0.80126
POU5F2	4	0.87346	0.87373	0.999995	795	0	0.71406	0.11704	0.29456	0.85479	363	4	0.71406
TYROBP	4	0.87366	0.87388	0.999995	796	0	0.77256	0.049079	0.14193	0.759498	197	4	0.77256
INTS6L	4	0.87463	0.87492	0.999995	797	0	0.56859	0.12537	0.31132	0.861606	384	4	0.56859
ZDHHC17	4	0.87502	0.87536	0.999995	798	0	0.72297	0.12498	0.31032	0.861088	383	4	0.72297
ZNF260	4	0.87637	0.87688	0.999995	799	0	0.72275	0.12363	0.30763	0.855864	382	4	0.72275
MECP2	4	0.87714	0.8775	0.999995	800	0	0.93621	0.00081951	0.0032739	0.34703	10	4	0.93621
NKAPL	4	0.87733	0.87773	0.999995	801	0	0.6588	0.12267	0.30563	0.85479	379	4	0.6588
DMXL1	4	0.87752	0.87794	0.999995	802	0	0.59742	0.12248	0.30531	0.85479	378	4	0.59742
ZAP70	4	0.8779	0.87825	0.999995	803	0	0.80809	0.043796	0.12904	0.759498	177	4	0.80809
GLT6D1	4	0.87829	0.87864	0.999995	804	0	0.64683	0.12171	0.30369	0.85479	375	4	0.64683
PRDM13	4	0.87885	0.87918	0.999995	805	0	0.63845	0.12115	0.3025	0.85479	372	4	0.63845
AP1G2	4	0.87923	0.87958	0.999995	806	0	0.54201	0.12077	0.3017	0.85479	369	4	0.54201
IQCA1L	4	0.87942	0.87978	0.999995	807	0	0.49644	0.12058	0.30135	0.85479	368	4	0.49644
NETO2	4	0.8798	0.88008	0.999995	808	0	0.61497	0.1202	0.30063	0.85479	366	4	0.61497
FXR2	4	0.87999	0.88031	0.999995	809	0	0.58781	0.11935	0.29895	0.85479	364	4	0.58781
GOLT1A	4	0.88018	0.88051	0.999995	810	0	0.55026	0.060844	0.17054	0.777562	229	4	0.55026
TBR1	4	0.88149	0.88189	0.999995	811	0	0.752	0.061346	0.17166	0.777562	230	4	0.752
TMEM120B	4	0.88186	0.88216	0.999995	812	0	0.77622	0.036704	0.11034	0.73862	160	4	0.77622
PDLIM5	4	0.88297	0.883	0.999995	813	0	0.70219	0.06436	0.17897	0.781979	238	4	0.70219
ATP7B	4	0.88315	0.88322	0.999995	814	0	0.7382	0.072505	0.19797	0.781979	263	4	0.7382
CDK16	4	0.88407	0.88408	0.999995	815	0	0.72671	0.10897	0.27861	0.85479	342	4	0.72671
NCK2	4	0.88426	0.88425	0.999995	816	0	0.64096	0.11574	0.29219	0.85479	359	4	0.64096
REG3A	4	0.88444	0.88432	0.999995	817	0	0.91106	0.01052	0.035219	0.631073	56	4	0.91106
LIF	4	0.88481	0.88466	0.999995	818	0	0.51946	0.11519	0.291	0.85479	357	4	0.51946
ZIC3	4	0.88553	0.88545	0.999995	819	0	0.66892	0.11447	0.2896	0.85479	355	4	0.66892
FAM126A	4	0.8868	0.88669	0.999995	820	0	0.65225	0.1132	0.28698	0.85479	353	4	0.65225
VANGL1	4	0.88823	0.88816	0.999995	821	0	0.58569	0.11177	0.2843	0.85479	351	4	0.58569
DCAF4L2	4	0.88877	0.88857	0.999995	822	0	0.76775	0.092143	0.24314	0.83407	309	4	0.76775
TMEM30B	4	0.88912	0.88895	0.999995	823	0	0.72343	0.11088	0.28262	0.85479	347	4	0.72343
AMELX	4	0.8893	0.8891	0.999995	824	0	1.0712	0.0023372	0.0087288	0.423564	19	4	1.0712
TMEM9	4	0.88965	0.88948	0.999995	825	0	0.71511	0.11035	0.28145	0.85479	346	4	0.71511
STAM2	4	0.88983	0.88965	0.999995	826	0	0.85042	0.038402	0.1149	0.746951	165	4	0.85042
PTPN14	4	0.89018	0.89002	0.999995	827	0	0.5225	0.10982	0.28043	0.85479	345	4	0.5225
CALY	4	0.89036	0.89018	0.999995	828	0	0.57643	0.10964	0.28003	0.85479	344	4	0.57643
BECN2	4	0.89123	0.89101	0.999995	829	0	0.56642	0.10877	0.27825	0.85479	341	4	0.56642
TMEM185B	4	0.89176	0.89146	0.999995	830	0	0.64531	0.10824	0.27715	0.85479	339	4	0.64531
DLL4	4	0.89193	0.89161	0.999995	831	0	0.51922	0.10807	0.27668	0.85479	337	4	0.51922
CTNNB1	4	0.89263	0.89222	0.999995	832	0	0.55395	0.10737	0.27523	0.85479	336	4	0.55395
GYS1	4	0.89314	0.89286	0.999995	833	0	0.66933	0.10686	0.27399	0.85479	335	4	0.66933
PLXDC2	4	0.89332	0.89296	0.999995	834	0	0.63494	0.10324	0.26666	0.85479	330	4	0.63494
AIPL1	4	0.89554	0.89488	0.999995	835	0	0.87068	0.021508	0.06749	0.652158	110	4	0.87068
RPRD1A	4	0.89571	0.89504	0.999995	836	0	0.67587	0.10429	0.26873	0.85479	332	4	0.67587
SEC31B	4	0.89872	0.89802	0.999995	837	0	0.50391	0.10128	0.26241	0.853231	326	4	0.50391
ATP6V1E2	4	0.89905	0.89833	0.999995	838	0	0.59442	0.10095	0.26176	0.853231	324	4	0.59442
CNOT6L	4	0.89922	0.8985	0.999995	839	0	0.77418	0.079745	0.21458	0.804717	282	4	0.77418
CHML	4	0.90102	0.90028	0.999995	840	0	0.72151	0.098978	0.25752	0.85039	321	4	0.72151
CPS1	4	0.90167	0.90085	0.999995	841	0	0.58459	0.098329	0.25608	0.848902	319	4	0.58459
ATAD2B	4	0.90199	0.90113	0.999995	842	0	0.85976	0.070213	0.19266	0.781979	253	4	0.85976
RNF125	4	0.90232	0.90143	0.999995	843	0	0.5276	0.097682	0.25467	0.848902	318	4	0.5276
XDH	4	0.90456	0.90343	0.999995	844	0	0.78565	0.073453	0.20022	0.781979	269	4	0.78565
FXR1	4	0.90471	0.9036	0.999995	845	0	0.55945	0.095286	0.25002	0.839939	315	4	0.55945
NUMBL	4	0.90519	0.90404	0.999995	846	0	0.53797	0.094812	0.24886	0.839939	314	4	0.53797
KRT74	4	0.90613	0.90482	0.999995	847	0	0.55768	0.09387	0.24689	0.838184	312	4	0.55768
MECOM	4	0.90675	0.90523	0.999995	848	0	0.65372	0.093246	0.24523	0.835838	311	4	0.65372
ERC2	4	0.90722	0.90567	0.999995	849	0	0.75936	0.04833	0.14018	0.759498	194	4	0.75936
AQP8	4	0.90846	0.90725	0.999995	850	0	0.86295	0.035054	0.10586	0.728655	156	4	0.86295
TBK1	4	0.90876	0.90757	0.999995	851	0	0.57983	0.091238	0.24115	0.829931	308	4	0.57983
EPC1	4	0.90907	0.90791	0.999995	852	0	0.70261	0.090932	0.24048	0.829931	307	4	0.70261
USP13	4	0.90937	0.9082	0.999995	853	0	0.56506	0.090627	0.23996	0.829931	306	4	0.56506
PXDN	4	0.91013	0.90883	0.999995	854	0	0.53518	0.089867	0.23817	0.829931	304	4	0.53518
ATP6V1C2	8	0.91039	0.91101	0.999995	855	0	0.69039	0.030123	0.13902	0.759498	143	7	0.69039
PDX1	4	0.91074	0.90935	0.999995	856	0	0.77257	0.0069025	0.023674	0.615231	41	4	0.77257
NXT2	4	0.91089	0.90959	0.999995	857	0	0.65	0.089112	0.23652	0.827419	303	4	0.65
CAV1	4	0.91104	0.90972	0.999995	858	0	0.70754	0.088962	0.23615	0.827419	302	4	0.70754
ITSN2	4	0.91164	0.91047	0.999995	859	0	0.70454	0.088362	0.23466	0.827419	300	4	0.70454
TMEM185A	4	0.91194	0.91079	0.999995	860	0	0.7359	0.04668	0.13606	0.759498	188	4	0.7359
CD163L1	4	0.91223	0.9111	0.999995	861	0	0.73084	0.087765	0.23342	0.827419	299	4	0.73084
SMAP2	4	0.91253	0.91147	0.999995	862	0	0.6602	0.087468	0.23276	0.827419	298	4	0.6602
KRT37	4	0.91342	0.91231	0.999995	863	0	0.78338	0.086581	0.23059	0.822999	297	4	0.78338
UBQLN3	4	0.91357	0.91241	0.999995	864	0	0.77023	0.050879	0.14617	0.759498	204	4	0.77023
RAP1GAP2	4	0.91445	0.91333	0.999995	865	0	0.82701	0.061916	0.173	0.777562	233	4	0.82701
DMD	4	0.91488	0.91384	0.999995	866	0	0.6425	0.085118	0.22719	0.816328	295	4	0.6425
H2BFM	4	0.91546	0.91445	0.999995	867	0	0.62289	0.084538	0.22596	0.814693	294	4	0.62289
CRYBB2	4	0.91561	0.91459	0.999995	868	0	0.77426	0.021622	0.067733	0.652158	111	4	0.77426
TOMM40L	4	0.91575	0.91475	0.999995	869	0	0.49236	0.084249	0.22535	0.814693	292	4	0.49236
TAS1R2	4	0.91633	0.91539	0.999995	870	0	0.78899	0.048446	0.14047	0.759498	195	4	0.78899
FSD1L	4	0.91676	0.91577	0.999995	871	0	0.5698	0.083243	0.22282	0.814076	289	4	0.5698
GLIS3	4	0.91761	0.91671	0.999995	872	0	0.55662	0.082388	0.22078	0.812586	288	4	0.55662
DDX17	4	0.91804	0.91718	0.999995	873	0	0.67007	0.081964	0.21982	0.811864	287	4	0.67007
MTUS2	4	0.91902	0.91814	0.999995	874	0	0.44646	0.080979	0.21756	0.806359	286	4	0.44646
EPHA3	4	0.91986	0.91904	0.999995	875	0	0.62438	0.080141	0.2156	0.804717	284	4	0.62438
CAB39L	4	0.92014	0.91942	0.999995	876	0	0.63658	0.079864	0.21485	0.804717	283	4	0.63658
KAT6B	4	0.92124	0.92057	0.999995	877	0	0.62062	0.078761	0.21253	0.803689	280	4	0.62062
PXDNL	4	0.9226	0.92204	0.999995	878	0	0.84615	0.031806	0.097249	0.701253	148	4	0.84615
UAP1	4	0.92408	0.92353	0.999995	879	0	0.65563	0.075919	0.20623	0.79685	274	4	0.65563
PLXDC1	8	0.92413	0.92415	0.999995	880	0	0.63258	0.12281	0.381	0.895182	380	7	0.63258
RNF144A	4	0.92501	0.92437	0.999995	881	0	0.71272	0.04757	0.13828	0.759498	192	4	0.71272
DRD3	4	0.92554	0.92482	0.999995	882	0	0.72342	0.013312	0.043653	0.631073	70	4	0.72342
MRGPRX2	4	0.92606	0.92538	0.999995	883	0	0.55893	0.073937	0.20113	0.781979	272	4	0.55893
COPZ2	4	0.92645	0.92576	0.999995	884	0	0.61844	0.073545	0.20046	0.781979	270	4	0.61844
PTCH2	4	0.92672	0.92595	0.999995	885	0	0.64856	0.073285	0.19984	0.781979	268	4	0.64856
EPHA2	4	0.92684	0.92606	0.999995	886	0	0.565	0.073155	0.19955	0.781979	267	4	0.565
SUV39H2	3	0.92691	0.92631	0.999995	887	0	0.81919	0.073091	0.16822	0.777562	266	3	0.81919
ATP6V1B1	4	0.9271	0.92634	0.999995	888	0	0.65222	0.072896	0.19898	0.781979	265	4	0.65222
COPS7A	4	0.92749	0.92667	0.999995	889	0	0.51298	0.072508	0.19798	0.781979	264	4	0.51298
ADARB1	4	0.92801	0.9272	0.999995	890	0	0.63175	0.071994	0.19695	0.781979	262	4	0.63175
PPP3CA	4	0.92852	0.92762	0.999995	891	0	0.57695	0.071482	0.19582	0.781979	260	4	0.57695
MYD88	4	0.92865	0.92772	0.999995	892	0	0.57786	0.071355	0.19547	0.781979	258	4	0.57786
ATP7A	4	0.9289	0.92803	0.999995	893	0	0.67321	0.0711	0.19492	0.781979	256	4	0.67321
OSBPL6	4	0.92915	0.92829	0.999995	894	0	0.64108	0.070847	0.19421	0.781979	255	4	0.64108
ARSJ	4	0.93029	0.92955	0.999995	895	0	0.53421	0.069713	0.19151	0.781979	252	4	0.53421
FCRL3	4	0.93041	0.92968	0.999995	896	0	0.91309	0.0065476	0.022646	0.615231	39	4	0.91309
NCBP2L	4	0.93054	0.92977	0.999995	897	0	0.77598	0.065238	0.18103	0.781979	243	4	0.77598
RANBP17	4	0.93103	0.93031	0.999995	898	0	0.78249	0.062944	0.17569	0.781979	236	4	0.78249
KIT	8	0.9324	0.93265	0.999995	899	0	0.69381	0.0045501	0.026756	0.615231	28	7	0.69381
STX4	4	0.93264	0.93183	0.999995	900	0	0.49742	0.067365	0.18597	0.781979	247	4	0.49742
CCNE1	4	0.93361	0.93287	0.999995	901	0	0.55817	0.066394	0.18381	0.781979	245	4	0.55817
TTC7A	8	0.93481	0.93493	0.999995	902	0	0.7415	0.033495	0.15156	0.759498	153	7	0.7415
ISL1	4	0.93504	0.93442	0.999995	903	0	0.77104	0.064958	0.1804	0.781979	242	4	0.77104
RYBP	3	0.93505	0.93432	0.999995	904	0	0.64204	0.064946	0.15195	0.759498	241	3	0.64204
STX7	4	0.93516	0.93455	0.999995	905	0	0.66035	0.064839	0.18017	0.781979	240	4	0.66035
ERC1	4	0.93563	0.93498	0.999995	906	0	0.7258	0.064366	0.17898	0.781979	239	4	0.7258
PDCD4	4	0.93669	0.93596	0.999995	907	0	0.63959	0.063311	0.17666	0.781979	237	4	0.63959
MPC1	4	0.93785	0.93708	0.999995	908	0	0.75568	0.062155	0.1737	0.777562	234	4	0.75568
TUBB4B	8	0.93812	0.93815	0.999995	909	0	0.44466	0.2671	0.60576	0.999995	549	6	0.44466
SATB1	4	0.93921	0.93854	0.999995	910	0	0.75997	0.060788	0.17047	0.777562	228	4	0.75997
AP3M1	4	0.94033	0.9397	0.999995	911	0	0.64985	0.059666	0.16771	0.777562	227	4	0.64985
PACS1	4	0.94045	0.93985	0.999995	912	0	0.57887	0.059555	0.16749	0.777562	226	4	0.57887
KRT38	4	0.94089	0.94023	0.999995	913	0	0.92506	0.014874	0.048183	0.631073	80	4	0.92506
ERO1A	4	0.94111	0.94045	0.999995	914	0	0.80182	0.019691	0.062316	0.652158	102	4	0.80182
YBX3	4	0.94122	0.94055	0.999995	915	0	0.65475	0.05878	0.16565	0.777562	224	4	0.65475
ENOX2	4	0.94144	0.94067	0.999995	916	0	0.63912	0.05856	0.16515	0.777562	223	4	0.63912
CTCFL	4	0.94166	0.9409	0.999995	917	0	0.81288	0.024436	0.076205	0.652158	124	4	0.81288
FRS2	4	0.94177	0.94103	0.999995	918	0	0.72621	0.058231	0.1643	0.777562	222	4	0.72621
TRPC7	4	0.94188	0.94117	0.999995	919	0	0.8374	0.058122	0.16397	0.777562	220	4	0.8374
NAT8L	4	0.9421	0.94134	0.999995	920	0	0.5314	0.057904	0.16339	0.777562	219	4	0.5314
SYK	4	0.94231	0.94156	0.999995	921	0	0.77915	0.057686	0.16278	0.777562	218	4	0.77915
ARID4A	4	0.94286	0.94214	0.999995	922	0	0.63094	0.057145	0.16152	0.777562	217	4	0.63094
MARCKS	4	0.94382	0.94308	0.999995	923	0	0.78614	0.013493	0.044344	0.631073	72	4	0.78614
EFNB1	4	0.94393	0.94322	0.999995	924	0	0.70868	0.056074	0.15906	0.776954	216	4	0.70868
ANXA1	4	0.94414	0.94347	0.999995	925	0	0.86883	0.0063741	0.022076	0.615231	37	4	0.86883
RC3H2	4	0.94456	0.94378	0.999995	926	0	0.80924	0.033391	0.1016	0.713232	152	4	0.80924
IL10RA	4	0.94602	0.94549	0.999995	927	0	0.75834	0.053978	0.15405	0.759498	214	4	0.75834
LIM2	4	0.94643	0.9459	0.999995	928	0	0.61395	0.053565	0.15292	0.759498	211	4	0.61395
OGDHL	4	0.94695	0.94637	0.999995	929	0	0.55442	0.053054	0.15162	0.759498	210	4	0.55442
EGFR	4	0.94715	0.94658	0.999995	930	0	0.73923	0.030182	0.092523	0.685834	144	4	0.73923
PACS2	4	0.94725	0.94667	0.999995	931	0	0.64664	0.052748	0.1508	0.759498	209	4	0.64664
FEZ2	4	0.94745	0.94684	0.999995	932	0	0.72974	0.052545	0.15041	0.759498	208	4	0.72974
FOXA1	4	0.94766	0.94708	0.999995	933	0	0.64992	0.052343	0.14984	0.759498	207	4	0.64992
WAS	4	0.94796	0.94737	0.999995	934	0	0.5807	0.052041	0.14907	0.759498	206	4	0.5807
SMARCA1	4	0.94806	0.94755	0.999995	935	0	0.7183	0.05194	0.14884	0.759498	205	4	0.7183
PHLDA1	4	0.94984	0.94943	0.999995	936	0	0.80939	0.00068053	0.0027882	0.328383	9	4	0.80939
ATM	4	0.95033	0.94999	0.999995	937	0	0.91365	0.013616	0.044709	0.631073	74	4	0.91365
GRIP2	4	0.95052	0.95019	0.999995	938	0	0.73414	0.049476	0.14281	0.759498	200	4	0.73414
CHM	4	0.95062	0.95028	0.999995	939	0	0.74651	0.049379	0.14263	0.759498	199	4	0.74651
CHSY3	4	0.95149	0.95114	0.999995	940	0	0.59314	0.048515	0.14062	0.759498	196	4	0.59314
IL6ST	4	0.95205	0.95175	0.999995	941	0	0.6648	0.047945	0.13932	0.759498	193	4	0.6648
LRBA	4	0.95262	0.95251	0.999995	942	0	0.60853	0.04738	0.13775	0.759498	191	4	0.60853
RTP1	4	0.95346	0.95338	0.999995	943	0	0.67533	0.046543	0.13569	0.759498	187	4	0.67533
MAT1A	4	0.95364	0.95352	0.999995	944	0	0.64962	0.046358	0.13527	0.759498	186	4	0.64962
RSPH1	4	0.95383	0.95368	0.999995	945	0	0.58359	0.046174	0.13486	0.759498	184	4	0.58359
AXL	4	0.95419	0.95392	0.999995	946	0	0.73465	0.045807	0.13398	0.759498	183	4	0.73465
DENND5B	4	0.95438	0.95412	0.999995	947	0	0.80394	0.045625	0.13355	0.759498	182	4	0.80394
NUMB	4	0.95465	0.95447	0.999995	948	0	0.82999	0.012696	0.041925	0.631073	66	4	0.82999
CLIP4	4	0.95483	0.95466	0.999995	949	0	0.88352	0.037424	0.11224	0.743595	162	4	0.88352
PPP3R2	4	0.95492	0.95475	0.999995	950	0	0.7096	0.045081	0.13228	0.759498	180	4	0.7096
DYNLRB2	4	0.95519	0.95502	0.999995	951	0	0.80762	0.018525	0.058925	0.652158	95	4	0.80762
IAPP	4	0.9567	0.95645	0.999995	952	0	0.76536	0.043302	0.12763	0.759498	176	4	0.76536
ADAM19	4	0.95748	0.95734	0.999995	953	0	0.7256	0.042519	0.12584	0.759498	175	4	0.7256
HPS1	4	0.95791	0.95765	0.999995	954	0	0.91591	0.013196	0.04327	0.631073	69	4	0.91591
FLT1	4	0.95825	0.95798	0.999995	955	0	0.63115	0.041747	0.12365	0.759498	172	4	0.63115
CLCA1	4	0.95842	0.95817	0.999995	956	0	0.64646	0.041577	0.12329	0.759498	171	4	0.64646
SCN10A	4	0.95859	0.95834	0.999995	957	0	0.88036	0.041407	0.12288	0.759498	170	4	0.88036
GDF15	4	0.95901	0.95875	0.999995	958	0	0.76881	0.040985	0.12193	0.759498	169	4	0.76881
CDK19	8	0.95961	0.95935	0.999995	959	0	0.62834	0.15255	0.44112	0.920451	433	7	0.62834
ZNF521	4	0.95985	0.95948	0.999995	960	0	0.89248	0.029829	0.091608	0.683831	142	4	0.89248
RUNX1	4	0.96001	0.95971	0.999995	961	0	0.82367	0.0050247	0.017864	0.582557	30	4	0.82367
LMBR1L	4	0.96018	0.95987	0.999995	962	0	0.83353	0.021392	0.067229	0.652158	108	4	0.83353
DZIP3	4	0.96026	0.95996	0.999995	963	0	0.64855	0.039739	0.11859	0.757277	168	4	0.64855
FMR1	4	0.96075	0.96048	0.999995	964	0	0.8062	0.029478	0.09072	0.68201	141	4	0.8062
JUP	4	0.96172	0.96154	0.999995	965	0	0.82085	0.010423	0.034882	0.631073	55	4	0.82085
TCF12	4	0.96188	0.9617	0.999995	966	0	0.70731	0.038122	0.11405	0.746272	164	4	0.70731
CBLL2	4	0.96314	0.96303	0.999995	967	0	0.72584	0.036864	0.11079	0.73862	161	4	0.72584
LRFN1	4	0.9636	0.96349	0.999995	968	0	0.81645	0.020561	0.064735	0.652158	105	4	0.81645
IDH3B	4	0.96375	0.9636	0.999995	969	0	0.63647	0.036247	0.10927	0.73775	159	4	0.63647
FAM71B	4	0.96414	0.96393	0.999995	970	0	0.81272	0.032356	0.098846	0.703203	150	4	0.81272
SLC22A13	4	0.96429	0.96411	0.999995	971	0	0.77282	0.035713	0.10768	0.73169	158	4	0.77282
PAPSS2	4	0.96444	0.96427	0.999995	972	0	0.89238	0.019677	0.062297	0.652158	101	4	0.89238
PSEN2	4	0.96511	0.96503	0.999995	973	0	0.97561	0.0080108	0.027279	0.615231	47	4	0.97561
SLC25A2	4	0.96585	0.96601	0.999995	974	0	0.70099	0.034148	0.1038	0.719181	154	4	0.70099
KRTAP1-1	4	0.96772	0.96785	0.999995	975	0	0.83263	0.01171	0.039048	0.631073	61	4	0.83263
PLD1	4	0.9689	0.96923	0.999995	976	0	0.67951	0.031103	0.095176	0.695766	146	4	0.67951
GPR50	4	0.96964	0.96985	0.999995	977	0	0.98734	0.007848	0.026737	0.615231	46	4	0.98734
RNF113B	4	0.97064	0.97082	0.999995	978	0	0.84016	0.029364	0.090403	0.68201	140	4	0.84016
ZFYVE19	4	0.9707	0.97085	0.999995	979	0	0.70991	0.029299	0.090281	0.68201	139	4	0.70991
PLD2	4	0.9709	0.97104	0.999995	980	0	0.74268	0.029103	0.089711	0.68201	138	4	0.74268
SEC11A	4	0.97128	0.97147	0.999995	981	0	0.72444	0.028715	0.088693	0.68201	136	4	0.72444
SNTA1	4	0.97167	0.97186	0.999995	982	0	0.6378	0.028331	0.087544	0.68201	135	4	0.6378
SLCO2B1	4	0.97255	0.97285	0.999995	983	0	0.8336	0.027449	0.084798	0.68201	133	4	0.8336
SUV39H1	4	0.97455	0.97477	0.999995	984	0	0.77244	0.025453	0.079101	0.657758	129	4	0.77244
ULK2	4	0.97501	0.97522	0.999995	985	0	0.7884	0.024986	0.077727	0.653898	128	4	0.7884
CYP2C8	4	0.97542	0.97571	0.999995	986	0	0.72001	0.024582	0.076644	0.652158	126	4	0.72001
UBASH3B	4	0.97553	0.97587	0.999995	987	0	0.78084	0.024468	0.076317	0.652158	125	4	0.78084
ADARB2	4	0.97599	0.97632	0.999995	988	0	0.83894	0.024014	0.075056	0.652158	123	4	0.83894
TNKS2	4	0.9761	0.97642	0.999995	989	0	0.79045	0.023902	0.07471	0.652158	122	4	0.79045
GBP3	4	0.97615	0.97645	0.999995	990	0	0.70829	0.023846	0.074542	0.652158	121	4	0.70829
MTA3	4	0.97649	0.97664	0.999995	991	0	0.68281	0.023512	0.073515	0.652158	120	4	0.68281
HEATR5B	4	0.97693	0.97706	0.999995	992	0	0.80173	0.023072	0.072095	0.652158	118	4	0.80173
DCAF8L1	4	0.97725	0.97747	0.999995	993	0	0.83403	0.022746	0.071152	0.652158	117	4	0.83403
KCNMB3	4	0.97752	0.97776	0.999995	994	0	0.71271	0.022477	0.070339	0.652158	116	4	0.71271
VPS26B	4	0.97795	0.97819	0.999995	995	0	0.734	0.022051	0.069059	0.652158	114	4	0.734
TFDP3	4	0.97805	0.97832	0.999995	996	0	0.73575	0.021946	0.068695	0.652158	113	4	0.73575
RB1	4	0.97821	0.97844	0.999995	997	0	0.70515	0.021788	0.068228	0.652158	112	4	0.70515
RRAGD	4	0.97858	0.97879	0.999995	998	0	0.69821	0.021424	0.067331	0.652158	109	4	0.69821
TBC1D26	2	0.97878	0.97853	0.999995	999	0	0.88761	0.021221	0.039272	0.631073	107	2	0.88761
SATB2	4	0.97894	0.97915	0.999995	1000	0	0.79013	0.0199	0.06296	0.652158	103	4	0.79013
SBNO2	4	0.97939	0.97958	0.999995	1001	0	0.80061	0.020609	0.064847	0.652158	106	4	0.80061
PPP3R1	4	0.97964	0.97979	0.999995	1002	0	1.0005	0.0018879	0.0072529	0.423564	17	4	1.0005
KHSRP	4	0.98013	0.98033	0.999995	1003	0	0.82335	0.015138	0.048987	0.631073	81	4	0.82335
BRSK2	4	0.98038	0.98064	0.999995	1004	0	0.7861	0.019624	0.062175	0.652158	100	4	0.7861
ZNF284	4	0.98052	0.98082	0.999995	1005	0	0.76775	0.019479	0.061708	0.652158	99	4	0.76775
SP110	4	0.98206	0.98251	0.999995	1006	0	0.85479	0.017939	0.05716	0.652158	94	4	0.85479
MAP4K4	4	0.98215	0.98258	0.999995	1007	0	1.0584	0.00031375	0.0013123	0.198727	7	4	1.0584
NR2E1	4	0.9822	0.98261	0.999995	1008	0	0.9058	0.017804	0.056646	0.652158	93	4	0.9058
MBD4	8	0.98228	0.98255	0.999995	1009	0	0.5424	0.017722	0.089058	0.68201	92	8	0.5424
FAM50B	4	0.98229	0.98268	0.999995	1010	0	0.87072	0.0050653	0.018004	0.582557	31	4	0.87072
NETO1	4	0.98233	0.98272	0.999995	1011	0	0.73462	0.017669	0.05631	0.652158	91	4	0.73462
KLF5	4	0.98325	0.98357	0.999995	1012	0	1.0684	0.0022731	0.0085139	0.423564	18	4	1.0684
RCBTB2	4	0.98359	0.98392	0.999995	1013	0	0.75435	0.016408	0.052723	0.63507	88	4	0.75435
SHMT1	4	0.98376	0.98411	0.999995	1014	0	0.65245	0.016239	0.052162	0.63507	87	4	0.65245
TOMM20	3	0.98408	0.98419	0.999995	1015	0	0.83149	0.015919	0.041271	0.631073	86	3	0.83149
TPRX1	4	0.98438	0.98472	0.999995	1016	0	0.74401	0.015619	0.05036	0.631073	83	4	0.74401
PCDH1	4	0.98466	0.98493	0.999995	1017	0	0.72885	0.015335	0.049556	0.631073	82	4	0.72885
IDH3G	4	0.98522	0.98557	0.999995	1018	0	0.85838	0.01478	0.047931	0.631073	79	4	0.85838
DEGS1	4	0.98549	0.98586	0.999995	1019	0	0.86079	0.014508	0.047081	0.631073	78	4	0.86079
LDB2	4	0.98591	0.98626	0.999995	1020	0	0.8388	0.014088	0.046072	0.631073	75	4	0.8388
SPHKAP	4	0.98651	0.98689	0.999995	1021	0	0.7473	0.013494	0.044354	0.631073	73	4	0.7473
DDI1	8	0.98652	0.98674	0.999995	1022	0	0.74636	0.013481	0.069928	0.652158	71	8	0.74636
LIN28B	4	0.98694	0.98735	0.999995	1023	0	0.80421	0.013061	0.042971	0.631073	68	4	0.80421
TAF9	4	0.9874	0.9879	0.999995	1024	0	0.77733	0.012604	0.041701	0.631073	65	4	0.77733
EAF2	4	0.98743	0.98792	0.999995	1025	0	0.86209	0.012569	0.041579	0.631073	64	4	0.86209
ABL1	4	0.9875	0.98804	0.999995	1026	0	0.67106	0.0125	0.041365	0.631073	63	4	0.67106
ZNF146	4	0.98827	0.98876	0.999995	1027	0	0.81999	0.011725	0.039086	0.631073	62	4	0.81999
ARHGEF6	4	0.98844	0.98895	0.999995	1028	0	0.79694	0.011562	0.038525	0.631073	60	4	0.79694
ARFIP1	4	0.98854	0.98906	0.999995	1029	0	0.95995	0.0026654	0.009859	0.423564	24	4	0.95995
HRH1	4	0.98873	0.98919	0.999995	1030	0	0.79107	0.011272	0.037638	0.631073	58	4	0.79107
DLL1	4	0.98911	0.98952	0.999995	1031	0	0.74906	0.010894	0.036386	0.631073	57	4	0.74906
CEACAM1	4	0.98963	0.99008	0.999995	1032	0	0.86704	0.010374	0.034714	0.631073	54	4	0.86704
RNF130	4	0.99058	0.99111	0.999995	1033	0	0.77477	0.0094194	0.031725	0.631073	53	4	0.77477
TIRAP	4	0.99069	0.99118	0.999995	1034	0	0.77893	0.0093083	0.031398	0.631073	51	4	0.77893
HTR3D	4	0.99086	0.99135	0.999995	1035	0	0.77958	0.0091435	0.030866	0.631073	50	4	0.77958
FRY	4	0.99162	0.99207	0.999995	1036	0	0.81169	0.0083775	0.028409	0.627372	48	4	0.81169
NDEL1	4	0.99229	0.99268	0.999995	1037	0	0.71623	0.0077087	0.026326	0.615231	43	4	0.71623
EZH2	4	0.99241	0.99276	0.999995	1038	0	1.2558	9.7307e-06	4.2033e-05	0.007426	6	4	1.2558
MPC1L	4	0.99287	0.99319	0.999995	1039	0	0.77367	0.0071258	0.024486	0.615231	42	4	0.77367
LATS1	4	0.99347	0.99377	0.999995	1040	0	0.78483	0.0065342	0.022599	0.615231	38	4	0.78483
SS18L1	4	0.99439	0.99465	0.999995	1041	0	0.78567	0.005612	0.019526	0.591372	35	4	0.78567
DENND5A	4	0.9947	0.99498	0.999995	1042	0	0.77659	0.0052972	0.018686	0.582557	34	4	0.77659
GPR183	4	0.99477	0.99502	0.999995	1043	0	0.89471	0.0052251	0.01848	0.582557	33	4	0.89471
TAF1L	3	0.99485	0.99476	0.999995	1044	0	0.92413	0.0051476	0.014025	0.550605	32	3	0.92413
TBC1D4	4	0.99523	0.99538	0.999995	1045	0	0.96185	0.0038346	0.013763	0.550605	26	4	0.96185
RALGPS1	4	0.99544	0.99561	0.999995	1046	0	0.87475	0.00456	0.016295	0.582557	29	4	0.87475
HTR2C	4	0.99729	0.99731	0.999995	1047	0	0.98368	0.0027146	0.0099897	0.423564	25	4	0.98368
DPCR1	4	0.99745	0.99748	0.999995	1048	0	0.92086	0.0025537	0.0093919	0.423564	23	4	0.92086
HMGCL	4	0.99751	0.99756	0.999995	1049	0	0.97736	0.0024914	0.0091211	0.423564	22	4	0.97736
SERPINA9	4	0.99761	0.99769	0.999995	1050	0	0.87285	0.0023901	0.0088595	0.423564	20	4	0.87285
CHSY1	4	0.99813	0.99821	0.999995	1051	0	0.92957	0.0018703	0.0072343	0.423564	16	4	0.92957
DYNLT3	4	0.99814	0.99822	0.999995	1052	0	0.88022	0.001862	0.0072249	0.423564	15	4	0.88022
ABCB1	4	0.9982	0.99827	0.999995	1053	0	0.85408	0.0018048	0.0070101	0.423564	14	4	0.85408
FAM126B	4	0.99848	0.99857	0.999995	1054	0	0.91821	0.0015168	0.0059359	0.423564	13	4	0.91821
GIT1	4	0.99936	0.99943	0.999995	1055	0	0.86563	0.00064372	0.0026387	0.328383	8	4	0.86563
TP53	4	0.99993	0.99993	0.999995	1056	0	1.2823	4.5888e-06	1.4011e-05	0.00297	5	4	1.2823
SIK2	4	1.0	1.0	0.999995	1057	0	1.142	7.0245e-07	4.6703e-06	0.001238	4	4	1.142
safe_control	74	1.0	1.0	0.999995	1058	0	0.72869	1.03e-08	4.6703e-06	0.001238	2	67	0.72869
RC3H1	4	1.0	1.0	0.999995	1059	0	1.1728	2.559e-07	4.6703e-06	0.001238	3	4	1.1728
CREBBP	4	1.0	1.0	0.999995	1060	0	1.6179	2.6558e-10	4.6703e-06	0.001238	1	4	1.6179
