id	num	neg|score	neg|p-value	neg|fdr	neg|rank	neg|goodsgrna	neg|lfc	pos|score	pos|p-value	pos|fdr	pos|rank	pos|goodsgrna	pos|lfc
MYC	8	3.1145e-11	4.6747e-06	0.001238	1	8	-1.651	1.0	1.0	0.999995	1059	0	-1.651
RRM1	8	1.6124e-07	4.6747e-06	0.001238	2	8	-1.4612	1.0	1.0	0.999995	1058	0	-1.4612
RRM2	4	7.432e-07	4.6747e-06	0.001238	3	2	-1.2527	0.81127	0.81341	0.999995	790	0	-1.2527
RPP21	4	7.5254e-07	4.6747e-06	0.001238	4	4	-1.6354	1.0	1.0	0.999995	1057	0	-1.6354
MTG2	4	9.071e-07	1.4024e-05	0.00297	5	4	-0.99445	1.0	1.0	0.999995	1056	0	-0.99445
PRPF8	4	2.6243e-06	2.3373e-05	0.004125	6	4	-1.178	1.0	1.0	0.999995	1055	0	-1.178
BUB3	4	5.8483e-06	3.2723e-05	0.004332	7	4	-1.6662	0.99999	1.0	0.999995	1050	0	-1.6662
ALDOA	4	6.2164e-06	3.2723e-05	0.004332	8	3	-1.5514	0.9874	0.98748	0.999995	972	0	-1.5514
CCND1	4	8.7128e-06	4.2072e-05	0.00495	9	4	-1.0005	0.99999	1.0	0.999995	1054	0	-1.0005
PDCD6IP	4	1.1019e-05	7.012e-05	0.006719	10	4	-1.0768	0.99999	1.0	0.999995	1053	0	-1.0768
POLR2L	4	1.2528e-05	7.012e-05	0.006719	11	4	-1.6758	0.99999	1.0	0.999995	1052	0	-1.6758
UQCRC1	4	1.2928e-05	7.947e-05	0.006719	12	4	-0.81694	0.99999	1.0	0.999995	1051	0	-0.81694
MRPL38	4	2.6772e-05	8.8819e-05	0.006719	13	4	-0.72501	0.99997	1.0	0.999995	1049	0	-0.72501
COPA	4	2.8197e-05	8.8819e-05	0.006719	14	4	-1.0843	0.99997	1.0	0.999995	1048	0	-1.0843
NAE1	8	3.1933e-05	0.00020101	0.014191	15	6	-0.38011	0.97089	0.97077	0.999995	940	0	-0.38011
NAA10	4	6.2922e-05	0.00021971	0.014542	16	4	-0.79611	0.99994	0.99996	0.999995	1047	0	-0.79611
INTS6	3	8.7962e-05	0.00023841	0.014851	17	3	-1.6886	0.99991	0.99989	0.999995	1046	0	-1.6886
SF3B3	4	9.1288e-05	0.0004254	0.022395	18	4	-0.92591	0.99991	0.99991	0.999995	1045	0	-0.92591
KIF11	4	9.3054e-05	0.0004254	0.022395	19	4	-0.79572	0.99991	0.99991	0.999995	1044	0	-0.79572
TIMM10	4	9.6663e-05	0.0004441	0.022395	20	4	-0.78192	0.9999	0.99991	0.999995	1043	0	-0.78192
MRPL41	4	0.00010517	0.00048149	0.023177	21	4	-0.96499	0.99989	0.99989	0.999995	1042	0	-0.96499
ATP5F1B	4	0.00012945	0.00060303	0.027021	22	4	-0.57215	0.99987	0.99988	0.999995	1041	0	-0.57215
CHORDC1	3	0.000133	0.0004067	0.022395	23	3	-1.5862	0.99987	0.99984	0.999995	1040	0	-1.5862
ATP6V1B2	4	0.00013524	0.00061238	0.027021	24	4	-0.86529	0.99986	0.99988	0.999995	1039	0	-0.86529
SF3B1	4	0.00014284	0.00065913	0.027921	25	3	-0.84221	0.99846	0.99852	0.999995	1015	0	-0.84221
RPL36	4	0.00015508	0.00072458	0.029513	26	4	-1.051	0.99984	0.99987	0.999995	1038	0	-1.051
BAP1	4	0.00016578	0.00079937	0.030587	27	4	-0.37001	0.99983	0.99986	0.999995	1037	0	-0.37001
NDUFB4	4	0.00016822	0.00080872	0.030587	28	4	-0.82692	0.99962	0.99961	0.999995	1029	0	-0.82692
CLTC	4	0.00019652	0.00092091	0.033629	29	4	-0.69276	0.9998	0.9998	0.999995	1036	0	-0.69276
NKAP	4	0.00024575	0.0010612	0.03625	30	4	-0.60922	0.99975	0.99974	0.999995	1035	0	-0.60922
ATP6V1C1	4	0.0002532	0.0011266	0.037283	31	4	-0.58671	0.99975	0.99973	0.999995	1034	0	-0.58671
E2F3	3	0.00031363	0.00097701	0.034488	32	3	-0.87999	0.99969	0.99972	0.999995	1033	0	-0.87999
ZNF407	4	0.00035166	0.0015286	0.0471	33	4	-0.82189	0.99965	0.99963	0.999995	1032	0	-0.82189
ATP5F1A	4	0.00035894	0.0015473	0.0471	34	4	-0.56053	0.99964	0.99962	0.999995	1031	0	-0.56053
CCND3	4	0.0003614	0.0015567	0.0471	35	4	-0.3757	0.99964	0.99962	0.999995	1030	0	-0.3757
PPP4C	4	0.0004024	0.0016782	0.048836	36	4	-0.87842	0.9996	0.99959	0.999995	1028	0	-0.87842
RPS19	4	0.00041865	0.0017063	0.048836	37	4	-0.94707	0.99958	0.99958	0.999995	1027	0	-0.94707
PAF1	4	0.00065547	0.0025197	0.066429	38	4	-0.68405	0.99933	0.99941	0.999995	1025	0	-0.68405
CCNL1	4	0.00067378	0.0026692	0.066429	39	4	-0.58855	0.99933	0.9994	0.999995	1024	0	-0.58855
AP2A1	4	0.00067771	0.0026973	0.066429	40	4	-0.50534	0.99932	0.9994	0.999995	1023	0	-0.50534
RNF113A	4	0.00068036	0.0026973	0.066429	41	3	-0.92623	0.76285	0.76349	0.999995	741	0	-0.92623
MED20	4	0.00068166	0.0026973	0.066429	42	4	-0.56498	0.99932	0.9994	0.999995	1022	0	-0.56498
AKIRIN2	4	0.0007139	0.0027908	0.067169	43	4	-0.4847	0.99929	0.99939	0.999995	1021	0	-0.4847
DYNLRB1	3	0.00073478	0.0021363	0.059536	44	3	-0.84397	0.99927	0.9993	0.999995	1020	0	-0.84397
SLC11A2	4	0.0010398	0.0038099	0.08771	45	3	-0.74606	0.99395	0.99389	0.999995	993	0	-0.74606
HSCB	4	0.0010962	0.0039782	0.089636	46	3	-0.94158	0.99776	0.99781	0.999995	1008	0	-0.94158
LONP1	4	0.0011546	0.0041838	0.092306	47	3	-0.72794	0.91852	0.9184	0.999995	882	0	-0.72794
TUFM	3	0.0011917	0.0034452	0.081078	48	2	-1.1973	0.94651	0.94608	0.999995	914	0	-1.1973
SNRPD3	4	0.001226	0.0043708	0.09297	49	3	-1.1502	0.59676	0.59657	0.999995	583	0	-1.1502
TOMM22	4	0.0012397	0.0043895	0.09297	50	3	-0.57102	0.99827	0.99842	0.999995	1012	0	-0.57102
CDIPT	4	0.0013889	0.0048757	0.099486	51	3	-0.78056	0.98049	0.98053	0.999995	951	0	-0.78056
SMARCA4	4	0.0013949	0.004885	0.099486	52	3	-0.73245	0.49133	0.49038	0.999995	475	0	-0.73245
SF3A1	4	0.0014494	0.0050066	0.100037	53	3	-0.89769	0.8602	0.8613	0.999995	833	0	-0.89769
RPL19	4	0.0016979	0.0057639	0.113036	54	2	-0.93385	0.84175	0.84361	0.999995	818	0	-0.93385
SBNO1	4	0.0019023	0.0061659	0.118722	55	3	-0.99454	0.53771	0.5368	0.999995	521	0	-0.99454
SPAG9	4	0.0020542	0.0064651	0.12226	56	3	-0.68924	0.98672	0.98686	0.999995	970	0	-0.68924
ABT1	4	0.0022137	0.0069326	0.1288	57	3	-0.79471	0.46599	0.46551	0.999995	450	0	-0.79471
HUS1	4	0.0025169	0.0078021	0.141047	58	3	-0.76507	0.98712	0.98721	0.999995	971	0	-0.76507
TNPO1	3	0.0028838	0.0078582	0.141047	59	3	-0.3954	0.99712	0.99695	0.999995	1006	0	-0.3954
APH1A	4	0.0029322	0.0086996	0.151031	60	3	-0.64514	0.10755	0.1081	0.999995	99	0	-0.64514
MED18	8	0.0029438	0.012234	0.190521	61	5	-0.47379	0.77988	0.77949	0.999995	760	0	-0.47379
SNRPB	4	0.002998	0.0089146	0.152268	62	3	-0.53858	0.82024	0.82233	0.999995	798	0	-0.53858
CLNS1A	3	0.0031181	0.0085407	0.150743	63	3	-0.64397	0.99688	0.99677	0.999995	1005	0	-0.64397
SF3B5	4	0.0033616	0.0099431	0.167138	64	3	-0.95861	0.9949	0.995	0.999995	996	0	-0.95861
RPL3	7	0.0035279	0.013412	0.197263	65	4	-0.50752	0.28513	0.28309	0.999995	281	0	-0.50752
RPL10A	4	0.0038279	0.011093	0.180731	66	3	-1.0359	0.929	0.929	0.999995	892	0	-1.0359
MED12	4	0.0038969	0.011308	0.181443	67	2	-0.52071	0.95992	0.96047	0.999995	932	0	-0.52071
RPL11	3	0.0039314	0.010719	0.177367	68	3	-0.69662	0.99607	0.99589	0.999995	1003	0	-0.69662
CTR9	4	0.0041038	0.011785	0.186272	69	3	-0.747	0.99571	0.99577	0.999995	1001	0	-0.747
COX6B1	8	0.0041976	0.016871	0.229665	70	4	-0.33456	0.11318	0.11342	0.999995	106	0	-0.33456
FDPS	4	0.0046195	0.013103	0.197263	71	2	-0.69424	0.66879	0.66802	0.999995	644	0	-0.69424
RPS5	4	0.0046949	0.013299	0.197263	72	3	-0.76818	0.61174	0.61084	0.999995	595	0	-0.76818
RPL14	3	0.0048389	0.013234	0.197263	73	2	-1.5384	0.9471	0.94663	0.999995	916	0	-1.5384
MDM4	4	0.0053789	0.015057	0.214323	74	3	-0.6238	0.98754	0.98764	0.999995	974	0	-0.6238
TRAPPC3	4	0.0054437	0.015179	0.214323	75	3	-0.47309	0.6559	0.65511	0.999995	633	0	-0.47309
SLC25A37	4	0.0060148	0.016637	0.229665	76	3	-0.57788	0.89535	0.8956	0.999995	857	0	-0.57788
CDK7	4	0.0062607	0.017133	0.229665	77	3	-0.73732	0.98265	0.98255	0.999995	956	0	-0.73732
MED13L	4	0.00666	0.018077	0.239295	78	3	-0.55788	0.99831	0.99842	0.999995	1013	0	-0.55788
RPS3	3	0.0068183	0.017011	0.229665	79	2	-1.1657	0.35608	0.35409	0.999995	359	0	-1.1657
WDR12	4	0.0071525	0.019395	0.253139	80	3	-0.55512	0.87969	0.88003	0.999995	846	0	-0.55512
TSG101	4	0.0072303	0.019601	0.253139	81	3	-0.60162	0.9855	0.98576	0.999995	965	0	-0.60162
RPS23	2	0.0074791	0.0143	0.207446	82	2	-1.1014	0.99252	0.99301	0.999995	988	0	-1.1014
CRK	4	0.0075468	0.020349	0.259633	83	3	-0.45554	0.98387	0.98406	0.999995	958	0	-0.45554
ELL	4	0.0077084	0.020667	0.260549	84	3	-0.53245	0.99818	0.99829	0.999995	1011	0	-0.53245
SIN3A	4	0.007831	0.020975	0.261328	85	3	-0.52398	0.97934	0.97936	0.999995	948	0	-0.52398
POLR2B	4	0.0083338	0.022322	0.274868	86	3	-0.7981	0.94944	0.9496	0.999995	920	0	-0.7981
TOP2A	4	0.0089013	0.023612	0.28696	87	3	-0.57653	0.98159	0.98148	0.999995	952	0	-0.57653
EIF3B	4	0.0089983	0.023846	0.28696	88	2	-0.88327	0.99105	0.99103	0.999995	984	0	-0.88327
RRM2B	8	0.0090686	0.032213	0.327505	89	4	-0.31736	0.93261	0.93237	0.999995	896	0	-0.31736
RHBDF1	4	0.0094466	0.024893	0.296195	90	3	-0.47776	0.99066	0.99061	0.999995	981	0	-0.47776
TOMM40	7	0.0095285	0.030858	0.327505	91	4	-0.49023	0.99949	0.99953	0.999995	1026	0	-0.49023
VPS37A	4	0.0096329	0.025379	0.298625	92	3	-0.47303	0.74548	0.74488	0.999995	718	0	-0.47303
SFPQ	4	0.010752	0.028174	0.324311	93	1	-0.14797	0.71346	0.71278	0.999995	688	0	-0.14797
CPSF3	4	0.011003	0.028773	0.325326	94	3	-0.62053	0.98348	0.98353	0.999995	957	0	-0.62053
CDS2	4	0.011054	0.028932	0.325326	95	3	-0.57582	0.41562	0.41431	0.999995	403	0	-0.57582
NRBP2	4	0.011732	0.030633	0.327505	96	3	-0.53259	0.9979	0.99795	0.999995	1010	0	-0.53259
ATP5F1D	4	0.011871	0.03097	0.327505	97	2	-0.61248	0.89061	0.89088	0.999995	854	0	-0.61248
TRRAP	4	0.011893	0.031026	0.327505	98	3	-0.61609	0.99397	0.99394	0.999995	994	0	-0.61609
ADAP1	4	0.012054	0.031447	0.327505	99	3	-0.44073	0.34622	0.34506	0.999995	343	0	-0.44073
TUBB	3	0.012271	0.026211	0.305027	100	2	-0.49436	0.7269	0.72775	0.999995	702	0	-0.49436
RBM22	4	0.012587	0.032765	0.327505	101	2	-0.42582	0.94511	0.9451	0.999995	912	0	-0.42582
ISCA2	4	0.01283	0.033223	0.327505	102	3	-0.59908	0.99786	0.99791	0.999995	1009	0	-0.59908
VMP1	4	0.012939	0.033485	0.327505	103	3	-0.62526	0.99884	0.99897	0.999995	1018	0	-0.62526
EIF3J	4	0.012952	0.033513	0.327505	104	3	-0.68889	0.86318	0.86427	0.999995	834	0	-0.68889
TOP1MT	4	0.013052	0.033709	0.327505	105	3	-0.4456	0.9328	0.93289	0.999995	897	0	-0.4456
MORF4L2	4	0.013396	0.034607	0.333168	106	3	-0.47361	0.98215	0.98204	0.999995	954	0	-0.47361
INTS2	4	0.013822	0.035635	0.339979	107	2	-0.61869	0.99064	0.99059	0.999995	980	0	-0.61869
ILF3	4	0.014102	0.036149	0.340773	108	3	-0.59704	0.21208	0.21151	0.999995	210	0	-0.59704
PRPF38A	4	0.014342	0.036804	0.340773	109	3	-0.54457	0.31355	0.31207	0.999995	311	0	-0.54457
NDUFC1	4	0.014402	0.036897	0.340773	110	3	-0.50739	0.98661	0.98671	0.999995	968	0	-0.50739
SOX9	4	0.014463	0.037019	0.340773	111	3	-0.429	0.53666	0.53585	0.999995	520	0	-0.429
UTP14A	4	0.014584	0.037327	0.340773	112	3	-0.45338	0.68011	0.67923	0.999995	652	0	-0.45338
COQ10B	4	0.015078	0.038515	0.345654	113	3	-0.45808	0.96847	0.9688	0.999995	938	0	-0.45808
RFC2	4	0.015509	0.039562	0.352068	114	2	-0.55108	0.49752	0.4965	0.999995	482	0	-0.55108
RPL37A	2	0.015662	0.029184	0.325326	115	1	-1.2618	0.58332	0.58255	0.999995	566	0	-1.2618
FANCM	4	0.015911	0.040525	0.355502	116	2	-0.63684	0.9902	0.99024	0.999995	978	0	-0.63684
GTF3C1	4	0.016046	0.040899	0.355502	117	2	-0.61059	0.99633	0.99639	0.999995	1004	0	-0.61059
RPRD1B	4	0.016095	0.040955	0.355502	118	3	-0.47633	0.99744	0.99746	0.999995	1007	0	-0.47633
RBBP4	3	0.016122	0.032531	0.327505	119	2	-0.8906	0.94039	0.9398	0.999995	905	0	-0.8906
AFG3L2	3	0.016318	0.032849	0.327505	120	2	-0.7939	0.98484	0.98485	0.999995	962	0	-0.7939
RALGPS2	4	0.016488	0.042002	0.358218	121	3	-0.41791	0.99545	0.99552	0.999995	1000	0	-0.41791
SMC1A	4	0.016554	0.042133	0.358218	122	3	-0.47075	0.99845	0.99851	0.999995	1014	0	-0.47075
SF1	4	0.01662	0.042283	0.358218	123	3	-0.4626	0.99368	0.99358	0.999995	991	0	-0.4626
UCHL5	4	0.016953	0.043133	0.359671	124	3	-0.3922	0.9569	0.95748	0.999995	929	0	-0.3922
RSBN1L	4	0.017223	0.043704	0.36158	125	3	-0.49507	0.9684	0.96873	0.999995	937	0	-0.49507
RPL18A	2	0.017365	0.032419	0.327505	126	2	-1.2283	0.98263	0.98292	0.999995	955	0	-1.2283
XRCC6	4	0.018258	0.046022	0.377625	127	3	-0.46947	0.99872	0.99887	0.999995	1017	0	-0.46947
FOXK2	4	0.018611	0.046929	0.377625	128	3	-0.36922	0.99389	0.99379	0.999995	992	0	-0.36922
KIF20A	8	0.018623	0.057223	0.445581	129	4	-0.37765	0.45519	0.45423	0.999995	438	0	-0.37765
RIC8A	4	0.018683	0.047069	0.377625	130	3	-0.44547	0.991	0.99099	0.999995	982	0	-0.44547
NAA15	4	0.020337	0.04965	0.392382	131	2	-0.66951	0.9847	0.98496	0.999995	959	0	-0.66951
RPL31	2	0.020528	0.038356	0.345654	132	2	-0.72059	0.97947	0.97954	0.999995	950	0	-0.72059
MAT2A	4	0.02187	0.052118	0.408838	133	2	-0.46998	0.99234	0.99224	0.999995	986	0	-0.46998
SEPHS1	3	0.022498	0.043105	0.359671	134	2	-0.61006	0.95572	0.95525	0.999995	923	0	-0.61006
ALAS1	8	0.022935	0.068395	0.513693	135	4	-0.3397	0.95989	0.95995	0.999995	931	0	-0.3397
DHX9	3	0.024843	0.046789	0.377625	136	2	-0.55407	0.92265	0.922	0.999995	886	0	-0.55407
RPL13	3	0.026424	0.049397	0.392382	137	2	-0.54962	0.99238	0.99247	0.999995	987	0	-0.54962
GAPDH	4	0.026938	0.059906	0.46307	138	2	-0.49472	0.98474	0.98498	0.999995	960	0	-0.49472
SAR1A	8	0.027319	0.080194	0.577726	139	4	-0.29139	0.81076	0.81029	0.999995	789	0	-0.29139
NCBP2	4	0.028326	0.062019	0.475929	140	1	-0.12486	0.60477	0.60415	0.999995	590	0	-0.12486
ARID1A	4	0.030276	0.064758	0.493376	141	2	-0.3914	0.97286	0.97301	0.999995	943	0	-0.3914
CTPS1	4	0.03322	0.069396	0.517536	142	2	-0.37686	0.80028	0.8014	0.999995	781	0	-0.37686
COX4I1	4	0.033785	0.070312	0.520702	143	2	-0.54733	0.88827	0.88831	0.999995	850	0	-0.54733
PFAS	4	0.036088	0.073538	0.540807	144	2	-0.27827	0.11185	0.11223	0.999995	104	0	-0.27827
MTHFD1	4	0.037067	0.075071	0.548276	145	2	-0.50989	0.97342	0.97349	0.999995	944	0	-0.50989
COPZ1	4	0.037481	0.075781	0.549674	146	1	-0.041922	0.11956	0.1196	0.999995	114	0	-0.041922
HMGCS1	3	0.037858	0.067778	0.512694	147	2	-0.75987	0.99359	0.99356	0.999995	990	0	-0.75987
IPO5	4	0.042548	0.083298	0.596033	148	2	-0.38112	0.91503	0.91502	0.999995	874	0	-0.38112
MED23	4	0.044022	0.085598	0.604323	149	2	-0.48033	0.6825	0.68155	0.999995	654	0	-0.48033
RPL8	4	0.04466	0.086533	0.606878	150	2	-0.54532	0.97033	0.9705	0.999995	939	0	-0.54532
ZNF34	4	0.045948	0.088356	0.615588	151	2	-0.36945	0.8471	0.84916	0.999995	821	0	-0.36945
GATAD2A	4	0.046816	0.089675	0.620689	152	2	-0.17954	0.13986	0.14001	0.999995	135	0	-0.17954
SOD1	4	0.047252	0.09031	0.62103	153	2	-0.40399	0.43544	0.43467	0.999995	416	0	-0.40399
BZW2	4	0.04769	0.090946	0.621367	154	2	-0.3347	0.82076	0.82284	0.999995	800	0	-0.3347
TBC1D28	3	0.04849	0.085346	0.604323	155	2	-0.35124	0.91743	0.91705	0.999995	879	0	-0.35124
GSDMD	4	0.052163	0.097294	0.656272	156	2	-0.42839	0.5891	0.58914	0.999995	572	0	-0.42839
IPO7	3	0.052798	0.092807	0.630014	157	2	-0.55274	0.91057	0.91023	0.999995	869	0	-0.55274
MRPL55	4	0.052849	0.098276	0.658698	158	2	-0.27241	0.16309	0.16304	0.999995	160	0	-0.27241
BUB1B	4	0.054463	0.10071	0.670745	159	2	-0.4361	0.95295	0.9535	0.999995	921	0	-0.4361
EIF4A3	4	0.05516	0.10175	0.673484	160	2	-0.51338	0.88292	0.88335	0.999995	848	0	-0.51338
RPL5	4	0.058466	0.10632	0.694994	161	2	-0.51318	0.71894	0.7182	0.999995	691	0	-0.51318
DDX5	4	0.059184	0.10736	0.697534	162	2	-0.36874	0.98803	0.98811	0.999995	975	0	-0.36874
PSMB3	3	0.059206	0.10345	0.680432	163	2	-0.69542	0.99397	0.99389	0.999995	995	0	-0.69542
RPS8	3	0.062257	0.10827	0.699137	164	2	-0.40357	0.98654	0.98646	0.999995	967	0	-0.40357
RNF40	4	0.063571	0.11369	0.729703	165	2	-0.21776	0.92558	0.92573	0.999995	888	0	-0.21776
ACTL6A	4	0.064812	0.11546	0.733829	166	2	-0.47095	0.034741	0.035018	0.999995	32	0	-0.47095
DGKZ	3	0.066678	0.11572	0.733829	167	2	-0.34093	0.71151	0.71223	0.999995	683	0	-0.34093
CKAP5	8	0.066926	0.15648	0.845449	168	2	-0.27545	0.99918	0.99919	0.999995	1019	0	-0.27545
PSMC3	4	0.067233	0.11869	0.747554	169	2	-0.43222	0.39464	0.39316	0.999995	388	0	-0.43222
MYL7	4	0.068085	0.11994	0.747554	170	2	-0.25177	0.75932	0.75947	0.999995	734	0	-0.25177
RAN	4	0.068124	0.12	0.747554	171	1	-0.2958	0.51411	0.51313	0.999995	499	0	-0.2958
NXT1	4	0.069361	0.12181	0.754357	172	2	-0.25457	0.94553	0.94549	0.999995	913	0	-0.25457
SF3B2	4	0.070131	0.12301	0.754965	173	2	-0.29629	0.95804	0.9585	0.999995	930	0	-0.29629
DGAT1	4	0.070388	0.12333	0.754965	174	2	-0.22098	0.72754	0.72722	0.999995	704	0	-0.22098
UTP14C	4	0.072568	0.12652	0.765743	175	1	-0.044386	0.55124	0.55045	0.999995	531	0	-0.044386
CCT6A	3	0.073553	0.12654	0.765743	176	2	-0.30155	0.82053	0.82031	0.999995	799	0	-0.30155
SNAPC4	4	0.075087	0.13001	0.782263	177	2	-0.24463	0.37574	0.37452	0.999995	373	0	-0.24463
MANF	4	0.075616	0.13093	0.783381	178	2	-0.44282	0.9857	0.98592	0.999995	966	0	-0.44282
HASPIN	4	0.07668	0.13241	0.785414	179	2	-0.46802	0.67651	0.67573	0.999995	649	0	-0.46802
WASL	4	0.076946	0.13276	0.785414	180	2	-0.39275	0.35167	0.35052	0.999995	352	0	-0.39275
BRD8	4	0.078286	0.13449	0.79063	181	2	-0.40378	0.50918	0.50813	0.999995	496	0	-0.40378
TBP	4	0.078762	0.13513	0.79063	182	1	-0.1916	0.54347	0.54236	0.999995	526	0	-0.1916
RPL17	3	0.080467	0.13765	0.795281	183	1	-0.47385	0.99349	0.99347	0.999995	989	0	-0.47385
PMPCB	4	0.080526	0.13756	0.795281	184	1	-0.1903	0.7254	0.72514	0.999995	700	0	-0.1903
RANBP9	4	0.080991	0.13818	0.795281	185	2	-0.28255	0.19387	0.19421	0.999995	189	0	-0.28255
GFM1	4	0.082632	0.14048	0.804148	186	2	-0.27991	0.3192	0.31751	0.999995	319	0	-0.27991
ATR	4	0.083457	0.14164	0.806183	187	2	-0.27041	0.27746	0.27618	0.999995	273	0	-0.27041
CLASP1	4	0.084285	0.14307	0.806183	188	2	-0.26262	0.26039	0.25923	0.999995	254	0	-0.26262
TOP1	4	0.085394	0.1445	0.806183	189	2	-0.50088	0.99542	0.99549	0.999995	999	0	-0.50088
STT3B	4	0.085672	0.14479	0.806183	190	2	-0.21169	0.76823	0.76902	0.999995	748	0	-0.21169
ATP5PB	4	0.08623	0.14578	0.806183	191	2	-0.18596	0.09629	0.096154	0.999995	86	0	-0.18596
DUSP10	4	0.086509	0.14616	0.806183	192	2	-0.18905	0.65209	0.65149	0.999995	631	0	-0.18905
SNRPD2	3	0.088433	0.14462	0.806183	193	1	-0.35622	0.94819	0.94768	0.999995	918	0	-0.35622
THRAP3	4	0.088755	0.14949	0.819766	194	2	-0.41468	0.99852	0.99858	0.999995	1016	0	-0.41468
MRPL27	4	0.092166	0.15441	0.838563	195	2	-0.36741	0.97112	0.97131	0.999995	941	0	-0.36741
TAMM41	4	0.095335	0.1589	0.85061	196	2	-0.32988	0.4695	0.46892	0.999995	454	0	-0.32988
RHOT2	4	0.09542	0.15904	0.85061	197	2	-0.37379	0.98665	0.98676	0.999995	969	0	-0.37379
ANAPC4	4	0.099132	0.16469	0.876437	198	2	-0.30517	0.65968	0.65903	0.999995	636	0	-0.30517
RNF10	4	0.1012	0.16777	0.888342	199	2	-0.23224	0.80335	0.80454	0.999995	783	0	-0.23224
YIPF5	4	0.10932	0.17919	0.944067	200	2	-0.15322	0.098898	0.098949	0.999995	89	0	-0.15322
HNRNPK	4	0.11393	0.18576	0.969053	201	2	-0.29136	0.73731	0.73693	0.999995	712	0	-0.29136
CDK2	4	0.11517	0.18748	0.973122	202	2	-0.51056	0.85541	0.85688	0.999995	826	0	-0.51056
AHCYL1	4	0.11579	0.18838	0.973122	203	2	-0.34365	0.4805	0.4795	0.999995	465	0	-0.34365
PRKDC	8	0.11623	0.23765	0.999995	204	3	-0.20465	0.99501	0.99502	0.999995	997	0	-0.20465
GDI2	8	0.11955	0.24299	0.999995	205	3	-0.13374	0.46287	0.46185	0.999995	446	0	-0.13374
CNOT7	4	0.12081	0.19567	0.999995	206	2	-0.29291	0.48164	0.48063	0.999995	467	0	-0.29291
POLR2F	4	0.12176	0.19715	0.999995	207	2	-0.20256	0.69502	0.69421	0.999995	671	0	-0.20256
PRKAB1	4	0.12527	0.20241	0.999995	208	2	-0.23835	0.72505	0.72474	0.999995	699	0	-0.23835
VCP	4	0.12551	0.20279	0.999995	209	1	-0.31633	0.75082	0.75078	0.999995	725	0	-0.31633
PMM1	4	0.12559	0.20286	0.999995	210	2	-0.25405	0.43667	0.43594	0.999995	418	0	-0.25405
RPA1	4	0.12591	0.20329	0.999995	211	2	-0.38418	0.99597	0.99598	0.999995	1002	0	-0.38418
PSMA2	4	0.12687	0.20439	0.999995	212	2	-0.28217	0.60896	0.6081	0.999995	594	0	-0.28217
H2AFX	4	0.12784	0.2058	0.999995	213	2	-0.19961	0.31426	0.31277	0.999995	312	0	-0.19961
CCNE2	4	0.13075	0.20995	0.999995	214	2	-0.24691	0.50531	0.50418	0.999995	493	0	-0.24691
INCENP	4	0.13434	0.21497	0.999995	215	2	-0.24867	0.7844	0.78547	0.999995	763	0	-0.24867
POLR2A	4	0.13467	0.21534	0.999995	216	2	-0.39369	0.46481	0.46445	0.999995	448	0	-0.39369
NMT1	4	0.13533	0.21625	0.999995	217	2	-0.29698	0.98491	0.98519	0.999995	963	0	-0.29698
RNF20	4	0.1373	0.21894	0.999995	218	2	-0.28866	0.053796	0.053801	0.999995	50	0	-0.28866
RPS11	3	0.13909	0.18212	0.954784	219	1	-0.49786	0.9848	0.98481	0.999995	961	0	-0.49786
FANCF	4	0.13929	0.22152	0.999995	220	2	-0.31626	0.94217	0.94195	0.999995	910	0	-0.31626
RPS15	2	0.13956	0.15017	0.819766	221	1	-0.49141	0.66302	0.66248	0.999995	640	0	-0.49141
XAB2	4	0.14129	0.22469	0.999995	222	2	-0.4213	0.97158	0.97169	0.999995	942	0	-0.4213
LSM4	4	0.14487	0.22906	0.999995	223	1	-0.12047	0.31779	0.31628	0.999995	317	0	-0.12047
SPTLC2	4	0.14738	0.23066	0.999995	224	1	-0.098879	0.69656	0.69596	0.999995	673	0	-0.098879
TCERG1	4	0.15568	0.23611	0.999995	225	1	-0.23421	0.35708	0.35558	0.999995	361	0	-0.23421
NUTF2	4	0.16063	0.2392	0.999995	226	1	-0.10324	0.28333	0.28193	0.999995	279	0	-0.10324
ATP6V1D	4	0.16145	0.23983	0.999995	227	1	-0.36262	0.27599	0.27456	0.999995	271	0	-0.36262
DHX29	3	0.17985	0.21208	0.999995	228	1	-0.31071	0.91941	0.91882	0.999995	884	0	-0.31071
HNRNPH1	4	0.18344	0.25444	0.999995	229	1	-0.32719	0.99026	0.9903	0.999995	979	0	-0.32719
KAT6A	4	0.18666	0.25651	0.999995	230	1	-0.21299	0.82864	0.83057	0.999995	808	0	-0.21299
NSG2	4	0.18746	0.25695	0.999995	231	1	0.038342	0.38362	0.3826	0.999995	379	0	0.038342
RPL15	2	0.19312	0.1985	0.999995	232	1	-0.29851	0.44845	0.44662	0.999995	431	0	-0.29851
RPL27A	2	0.19733	0.20251	0.999995	233	1	-0.33048	0.22856	0.22802	0.999995	226	0	-0.33048
PTTG1	3	0.20428	0.23063	0.999995	234	1	-0.26458	0.83807	0.83877	0.999995	813	0	-0.26458
PPP2R1A	4	0.21051	0.27192	0.999995	235	1	-0.23327	0.52709	0.52633	0.999995	511	0	-0.23327
HNRNPF	4	0.21365	0.27391	0.999995	236	1	-0.19911	0.67891	0.67794	0.999995	651	0	-0.19911
ZMIZ1	4	0.21522	0.27504	0.999995	237	1	-0.087621	0.75049	0.75034	0.999995	724	0	-0.087621
COPG1	4	0.2269	0.28327	0.999995	238	1	-0.042374	0.15898	0.15879	0.999995	155	0	-0.042374
PMM2	4	0.23153	0.28609	0.999995	239	1	-0.090574	0.33038	0.32891	0.999995	329	0	-0.090574
SKA1	4	0.23384	0.2877	0.999995	240	1	-0.192	0.70265	0.70236	0.999995	675	0	-0.192
DDI2	4	0.24985	0.29834	0.999995	241	1	-0.19029	0.10496	0.10545	0.999995	96	0	-0.19029
SAMD9	4	0.26487	0.30858	0.999995	242	1	-0.050147	0.21444	0.21379	0.999995	211	0	-0.050147
PCGF1	4	0.26636	0.30951	0.999995	243	1	-0.068711	0.46423	0.4638	0.999995	447	0	-0.068711
ACACA	4	0.27451	0.31521	0.999995	244	1	-0.20597	0.41311	0.41179	0.999995	401	0	-0.20597
ZMAT2	4	0.2782	0.31783	0.999995	245	1	0.028731	0.34006	0.33886	0.999995	337	0	0.028731
PEF1	4	0.28552	0.32317	0.999995	246	1	-0.079241	0.56297	0.56315	0.999995	544	0	-0.079241
PFN1	4	0.28843	0.32523	0.999995	247	1	-0.19827	0.32969	0.32824	0.999995	328	0	-0.19827
KLF4	4	0.29134	0.32722	0.999995	248	1	-0.154	0.34691	0.34574	0.999995	344	0	-0.154
SOS1	4	0.29423	0.32926	0.999995	249	1	-0.1688	0.35099	0.34986	0.999995	351	0	-0.1688
TUBB2A	4	0.29928	0.33275	0.999995	250	1	-0.29197	0.21522	0.21455	0.999995	212	0	-0.29197
TAF1	4	0.30072	0.33389	0.999995	251	1	-0.0042813	0.06545	0.065544	0.999995	60	0	-0.0042813
KIF4A	4	0.30144	0.33436	0.999995	252	1	-0.19549	0.97586	0.97588	0.999995	946	0	-0.19549
EPS15	4	0.30287	0.33552	0.999995	253	1	-0.2976	0.98196	0.98187	0.999995	953	0	-0.2976
RHBDF2	4	0.30573	0.33768	0.999995	254	1	-0.11208	0.58134	0.5813	0.999995	564	0	-0.11208
MED31	4	0.30644	0.33811	0.999995	255	1	-0.081521	0.49864	0.49755	0.999995	485	0	-0.081521
MTX1	3	0.30877	0.31685	0.999995	256	1	-0.27724	0.4662	0.46455	0.999995	451	0	-0.27724
DDX39B	4	0.31	0.34088	0.999995	257	1	0.070509	0.35302	0.35183	0.999995	354	0	0.070509
UNC45A	4	0.31071	0.34149	0.999995	258	1	-0.21049	0.91355	0.91357	0.999995	873	0	-0.21049
RPL21	2	0.31271	0.31154	0.999995	259	1	-0.22664	0.69311	0.69187	0.999995	667	0	-0.22664
PKM	3	0.32026	0.32655	0.999995	260	1	-0.36057	0.64942	0.64837	0.999995	627	0	-0.36057
PPP3CC	4	0.32551	0.35299	0.999995	261	1	-0.2624	0.90819	0.90835	0.999995	868	0	-0.2624
CFL1	4	0.33316	0.35899	0.999995	262	1	-0.32055	0.9893	0.98918	0.999995	976	0	-0.32055
TACC3	4	0.33937	0.36379	0.999995	263	1	-0.17219	0.64995	0.64928	0.999995	629	0	-0.17219
ARID1B	4	0.34212	0.3659	0.999995	264	1	-0.21282	0.62271	0.6219	0.999995	608	0	-0.21282
CAP1	4	0.34827	0.37085	0.999995	265	1	-0.077852	0.2113	0.21077	0.999995	209	0	-0.077852
NHLRC1	4	0.34963	0.37193	0.999995	266	1	-0.015014	0.33316	0.33178	0.999995	333	0	-0.015014
ADSS	3	0.35134	0.354	0.999995	267	1	-0.035088	0.2938	0.29205	0.999995	288	0	-0.035088
RHOBTB2	4	0.36044	0.38011	0.999995	268	1	-0.20203	0.30215	0.30023	0.999995	297	0	-0.20203
ABCG2	4	0.36245	0.38163	0.999995	269	1	-0.0078421	0.091932	0.09204	0.999995	82	0	-0.0078421
NET1	4	0.36579	0.38447	0.999995	270	1	-0.044251	0.28771	0.28606	0.999995	283	0	-0.044251
TIMM23	4	0.36713	0.38557	0.999995	271	1	-0.23189	0.39722	0.39558	0.999995	391	0	-0.23189
TYMS	4	0.36779	0.38613	0.999995	272	1	-0.26622	0.63959	0.63858	0.999995	621	0	-0.26622
DGKI	4	0.36979	0.3877	0.999995	273	1	-0.021802	0.3537	0.35242	0.999995	355	0	-0.021802
SMARCC1	4	0.37111	0.38859	0.999995	274	1	-0.22787	0.62044	0.61934	0.999995	606	0	-0.22787
MCPH1	4	0.37376	0.39065	0.999995	275	1	-0.24438	0.68763	0.68693	0.999995	656	0	-0.24438
ULK1	4	0.37508	0.39168	0.999995	276	1	-0.21907	0.81685	0.81917	0.999995	795	0	-0.21907
FRS3	4	0.38165	0.39692	0.999995	277	1	-0.13322	0.77041	0.77125	0.999995	750	0	-0.13322
ZNF185	4	0.38622	0.40049	0.999995	278	1	0.016408	0.49189	0.49103	0.999995	476	0	0.016408
POLD1	4	0.38817	0.40178	0.999995	279	1	-0.024673	0.10841	0.10892	0.999995	100	0	-0.024673
ERO1B	4	0.39657	0.40881	0.999995	280	1	-0.1333	0.59437	0.59413	0.999995	579	0	-0.1333
PIP4P2	4	0.39722	0.40923	0.999995	281	1	-0.32454	0.98936	0.98924	0.999995	977	0	-0.32454
MYBL2	4	0.39914	0.41074	0.999995	282	1	-0.19746	0.62406	0.62325	0.999995	610	0	-0.19746
MBTD1	4	0.40297	0.41365	0.999995	283	1	-0.22505	0.82839	0.83036	0.999995	807	0	-0.22505
VANGL2	4	0.40361	0.41423	0.999995	284	1	-0.27624	0.94864	0.94883	0.999995	919	0	-0.27624
EFR3A	4	0.40425	0.41485	0.999995	285	1	-0.27366	0.1365	0.13693	0.999995	130	0	-0.27366
FZR1	4	0.41311	0.42256	0.999995	286	1	-0.1952	0.93016	0.93027	0.999995	894	0	-0.1952
ASF1A	4	0.41562	0.42465	0.999995	287	1	-0.050467	0.55073	0.54993	0.999995	530	0	-0.050467
FOXB1	4	0.4175	0.42621	0.999995	288	1	-0.040098	0.44998	0.44923	0.999995	434	0	-0.040098
PPP2CB	3	0.42097	0.4196	0.999995	289	1	-0.13252	0.77268	0.77335	0.999995	754	0	-0.13252
GJA8	4	0.42187	0.43019	0.999995	290	1	-0.059958	0.73036	0.73016	0.999995	706	0	-0.059958
MED8	4	0.42312	0.43132	0.999995	291	1	-0.23572	0.88626	0.88622	0.999995	849	0	-0.23572
QSOX1	4	0.42498	0.4329	0.999995	292	1	-0.25473	0.98519	0.98551	0.999995	964	0	-0.25473
COX4I2	4	0.42992	0.43694	0.999995	293	1	-0.12543	0.31213	0.31048	0.999995	308	0	-0.12543
DNAJC19	3	0.43166	0.43018	0.999995	294	1	-0.026076	0.27009	0.26884	0.999995	264	0	-0.026076
LARP1	4	0.43238	0.43913	0.999995	295	1	-0.097331	0.40552	0.40402	0.999995	395	0	-0.097331
EPS15L1	4	0.43361	0.4402	0.999995	296	1	-0.2691	0.013543	0.013982	0.999995	12	0	-0.2691
SOAT1	4	0.43667	0.44303	0.999995	297	1	-0.07911	0.6422	0.64122	0.999995	623	0	-0.07911
GSTP1	4	0.43789	0.4441	0.999995	298	1	-0.14067	0.97403	0.97413	0.999995	945	0	-0.14067
ZNF804B	4	0.4391	0.44519	0.999995	299	1	-0.16065	0.37903	0.37774	0.999995	376	0	-0.16065
ABL2	4	0.43971	0.44569	0.999995	300	1	-0.14135	0.5915	0.59146	0.999995	575	0	-0.14135
ERBB3	8	0.44068	0.56702	0.999995	301	1	-0.12551	0.93009	0.92976	0.999995	893	0	-0.12551
FARS2	4	0.44396	0.44949	0.999995	302	1	-0.38193	0.7926	0.79381	0.999995	773	0	-0.38193
ZMIZ2	4	0.44577	0.4511	0.999995	303	1	-0.18662	0.96826	0.96865	0.999995	936	0	-0.18662
ACTL6B	4	0.44637	0.45167	0.999995	304	1	-0.19307	0.85519	0.85663	0.999995	825	0	-0.19307
FLOT2	4	0.44878	0.45375	0.999995	305	1	-0.1366	0.76728	0.76808	0.999995	746	0	-0.1366
LATS2	4	0.44938	0.45418	0.999995	306	1	0.012103	0.16637	0.1664	0.999995	164	0	0.012103
GPSM2	4	0.45237	0.45675	0.999995	307	1	0.028344	0.030162	0.030166	0.999995	27	0	0.028344
GABPB2	4	0.45297	0.4574	0.999995	308	1	-0.20585	0.91708	0.91694	0.999995	878	0	-0.20585
LSM14A	4	0.45416	0.45852	0.999995	309	1	-0.068721	0.47704	0.476	0.999995	461	0	-0.068721
BRSK1	4	0.45476	0.45904	0.999995	310	1	-0.016582	0.1432	0.14357	0.999995	138	0	-0.016582
MMD	4	0.45595	0.4601	0.999995	311	1	-0.22344	0.088434	0.088347	0.999995	78	0	-0.22344
CDK5R1	4	0.45654	0.4606	0.999995	312	1	-0.108	0.68803	0.68737	0.999995	657	0	-0.108
CYFIP1	4	0.45832	0.46225	0.999995	313	1	-0.087042	0.70378	0.70326	0.999995	677	0	-0.087042
MORF4L1	3	0.45876	0.45749	0.999995	314	0	0.029127	0.28144	0.27964	0.999995	276	0	0.029127
FLOT1	4	0.4601	0.46382	0.999995	315	1	0.027472	0.20024	0.20001	0.999995	197	0	0.027472
MED13	4	0.46246	0.46597	0.999995	316	1	-0.15658	0.92783	0.92776	0.999995	891	0	-0.15658
TNPO2	4	0.46305	0.46653	0.999995	317	1	-0.17191	0.8636	0.86464	0.999995	835	0	-0.17191
NAPA	4	0.46423	0.4676	0.999995	318	1	-0.17782	0.79346	0.79478	0.999995	774	0	-0.17782
PTF1A	4	0.4654	0.46866	0.999995	319	1	-0.021541	0.23153	0.23096	0.999995	229	0	-0.021541
BTG1	4	0.46599	0.46912	0.999995	320	1	-0.1801	0.91097	0.91113	0.999995	870	0	-0.1801
SMC1B	4	0.46657	0.4696	0.999995	321	1	-0.025136	0.49415	0.49317	0.999995	479	0	-0.025136
PDS5A	4	0.4695	0.47219	0.999995	322	1	-0.2577	0.91159	0.91173	0.999995	872	0	-0.2577
SLC25A25	4	0.47008	0.47275	0.999995	323	1	-0.25397	0.27082	0.26961	0.999995	265	0	-0.25397
PHLDA2	4	0.47066	0.47328	0.999995	324	1	-0.17873	0.9771	0.97719	0.999995	947	0	-0.17873
RNF44	4	0.47124	0.47379	0.999995	325	1	0.015533	0.46246	0.46199	0.999995	445	0	0.015533
RPS7	1	0.47207	0.47163	0.999995	326	0	-0.13862	0.52793	0.52775	0.999995	512	0	-0.13862
TMEM120A	4	0.47415	0.47622	0.999995	327	1	-0.20381	0.22302	0.22257	0.999995	219	0	-0.20381
RRAGC	4	0.47589	0.47773	0.999995	328	1	-0.21503	0.69425	0.69358	0.999995	670	0	-0.21503
SIN3B	4	0.47646	0.47814	0.999995	329	1	-0.33892	0.9405	0.94037	0.999995	906	0	-0.33892
LGALS9	4	0.47935	0.48077	0.999995	330	1	-0.058776	0.57938	0.5794	0.999995	562	0	-0.058776
RBMX	3	0.47953	0.47768	0.999995	331	0	-0.10778	0.17118	0.17124	0.999995	168	0	-0.10778
CDK17	4	0.48107	0.48254	0.999995	332	1	-0.19878	0.77103	0.77181	0.999995	751	0	-0.19878
AP1G1	4	0.48222	0.48356	0.999995	333	1	-0.071167	0.57048	0.5708	0.999995	552	0	-0.071167
RPL6	1	0.48357	0.48338	0.999995	334	0	-0.10746	0.51643	0.5162	0.999995	502	0	-0.10746
USP5	4	0.48394	0.48532	0.999995	335	1	0.019455	0.36245	0.36096	0.999995	365	0	0.019455
TNKS	4	0.48508	0.48623	0.999995	336	1	-0.12652	0.89186	0.89212	0.999995	855	0	-0.12652
SRI	4	0.48736	0.4882	0.999995	337	1	-0.12929	0.42684	0.42577	0.999995	413	0	-0.12929
CRNN	4	0.49019	0.49101	0.999995	338	1	-0.23097	0.032911	0.033214	0.999995	30	0	-0.23097
IRF6	4	0.49189	0.49259	0.999995	339	1	-0.12279	0.82307	0.82523	0.999995	803	0	-0.12279
PHLDA3	4	0.49471	0.49516	0.999995	340	1	-0.16329	0.93028	0.9304	0.999995	895	0	-0.16329
NCOR2	4	0.49583	0.49623	0.999995	341	1	-0.14246	0.78559	0.78649	0.999995	766	0	-0.14246
NAA16	4	0.49975	0.4997	0.999995	342	1	-0.15254	0.61267	0.61172	0.999995	596	0	-0.15254
MTUS1	4	0.50087	0.50077	0.999995	343	1	-0.16281	0.95304	0.95357	0.999995	922	0	-0.16281
XRCC4	4	0.5031	0.50293	0.999995	344	1	-0.35907	0.84009	0.84189	0.999995	816	0	-0.35907
EAF1	4	0.51193	0.51131	0.999995	345	1	-0.19385	0.92585	0.92593	0.999995	889	0	-0.19385
SNX2	4	0.51247	0.51197	0.999995	346	1	-0.15731	0.52118	0.52034	0.999995	507	0	-0.15731
CTSZ	4	0.51302	0.51243	0.999995	347	1	-0.1502	0.86818	0.86888	0.999995	839	0	-0.1502
WRN	4	0.51411	0.51354	0.999995	348	1	-0.23357	0.89043	0.89071	0.999995	853	0	-0.23357
ASCL1	4	0.51466	0.51407	0.999995	349	1	-0.072722	0.58958	0.58951	0.999995	573	0	-0.072722
GCM2	4	0.51521	0.51459	0.999995	350	1	-0.17928	0.74816	0.74781	0.999995	721	0	-0.17928
LOR	4	0.51793	0.51704	0.999995	351	1	-0.11316	0.89792	0.89826	0.999995	859	0	-0.11316
BICD1	4	0.51847	0.51764	0.999995	352	1	-0.24141	0.90405	0.90401	0.999995	865	0	-0.24141
AKIRIN1	4	0.51901	0.51821	0.999995	353	1	-0.14575	0.55942	0.55956	0.999995	539	0	-0.14575
CLTB	4	0.51956	0.51881	0.999995	354	1	-0.12345	0.3213	0.31966	0.999995	321	0	-0.12345
LSM14B	4	0.5228	0.52215	0.999995	355	1	-0.17135	0.815	0.81736	0.999995	793	0	-0.17135
YIF1A	4	0.52441	0.5238	0.999995	356	1	-0.28047	0.95681	0.95734	0.999995	928	0	-0.28047
SLC9A3R2	4	0.52495	0.52436	0.999995	357	1	-0.085124	0.51247	0.51149	0.999995	498	0	-0.085124
MTA1	4	0.52549	0.52496	0.999995	358	1	-0.17621	0.59294	0.59279	0.999995	577	0	-0.17621
RPS28	2	0.52603	0.52426	0.999995	359	0	-0.19106	0.88871	0.88868	0.999995	851	0	-0.19106
XPR1	4	0.52709	0.52643	0.999995	360	1	-0.16648	0.94083	0.94063	0.999995	907	0	-0.16648
IMPDH2	4	0.52816	0.5274	0.999995	361	1	-0.11065	0.94151	0.94124	0.999995	908	0	-0.11065
TSTD1	4	0.5287	0.52786	0.999995	362	1	-0.16075	0.48736	0.48624	0.999995	471	0	-0.16075
ACACB	4	0.5303	0.52953	0.999995	363	1	-0.17405	0.74074	0.74029	0.999995	714	0	-0.17405
NAA11	4	0.53083	0.53006	0.999995	364	1	-0.20778	0.47992	0.4788	0.999995	464	0	-0.20778
FLNC	4	0.53136	0.53056	0.999995	365	1	-0.13812	0.74142	0.74093	0.999995	715	0	-0.13812
CLASP2	4	0.53189	0.53113	0.999995	366	1	-0.10226	0.61451	0.61335	0.999995	597	0	-0.10226
PGLS	4	0.53243	0.53167	0.999995	367	1	-0.082599	0.13734	0.13764	0.999995	131	0	-0.082599
CAB39	4	0.53349	0.53267	0.999995	368	1	-0.026258	0.70038	0.70004	0.999995	674	0	-0.026258
COQ10A	4	0.53507	0.5343	0.999995	369	1	-0.14157	0.93403	0.93409	0.999995	900	0	-0.14157
UNC119	4	0.53613	0.53531	0.999995	370	1	-0.20937	0.96697	0.96731	0.999995	934	0	-0.20937
RP1	4	0.53771	0.5368	0.999995	371	0	-0.35318	0.99513	0.99519	0.999995	998	0	-0.35318
CRY1	4	0.53824	0.53726	0.999995	372	0	-0.13305	0.61542	0.61426	0.999995	599	0	-0.13305
RECK	4	0.53981	0.53901	0.999995	373	0	-0.12979	0.13902	0.13906	0.999995	134	0	-0.12979
HRAS	4	0.54034	0.53951	0.999995	374	0	-0.16957	0.76125	0.76175	0.999995	736	0	-0.16957
SMARCA2	4	0.54191	0.54089	0.999995	375	0	-0.11466	0.91143	0.91157	0.999995	871	0	-0.11466
ZWILCH	4	0.54504	0.544	0.999995	376	0	-0.22464	0.09716	0.097051	0.999995	87	0	-0.22464
HTR3E	4	0.54555	0.54452	0.999995	377	0	-0.20315	0.394	0.39244	0.999995	387	0	-0.20315
LIN28A	3	0.54575	0.54447	0.999995	378	0	-0.10388	0.76713	0.76801	0.999995	745	0	-0.10388
RBPJ	4	0.54607	0.54516	0.999995	379	0	-0.096502	0.13818	0.13842	0.999995	132	0	-0.096502
ATAD2	4	0.54659	0.54573	0.999995	380	0	-0.2271	0.83771	0.83941	0.999995	812	0	-0.2271
S1PR4	4	0.54711	0.54626	0.999995	381	0	-0.10248	0.46833	0.46787	0.999995	453	0	-0.10248
SLC9A3R1	4	0.54763	0.54678	0.999995	382	0	-0.11101	0.5228	0.522	0.999995	510	0	-0.11101
RING1	4	0.55176	0.55101	0.999995	383	0	-0.14453	0.50808	0.50711	0.999995	495	0	-0.14453
ANKRD37	4	0.5533	0.55273	0.999995	384	0	0.052381	0.35977	0.35838	0.999995	364	0	0.052381
CLDN4	4	0.55739	0.55721	0.999995	385	0	-0.1495	0.90307	0.90312	0.999995	864	0	-0.1495
FKBP4	4	0.55841	0.55839	0.999995	386	0	-0.1236	0.76221	0.76275	0.999995	739	0	-0.1236
VPS26A	4	0.55993	0.56004	0.999995	387	0	-0.20454	0.69617	0.69555	0.999995	672	0	-0.20454
MT2A	4	0.56094	0.56119	0.999995	388	0	-0.06949	0.25288	0.25176	0.999995	249	0	-0.06949
CRY2	4	0.56145	0.56159	0.999995	389	0	-0.22789	0.91679	0.91669	0.999995	877	0	-0.22789
RBMXL2	4	0.56196	0.56218	0.999995	390	0	0.031772	0.11099	0.11135	0.999995	103	0	0.031772
CHMP1A	4	0.56297	0.56315	0.999995	391	0	-0.31349	0.93608	0.93617	0.999995	901	0	-0.31349
GABPB1	4	0.56347	0.56375	0.999995	392	0	-0.1772	0.17697	0.17698	0.999995	172	0	-0.1772
CAND1	4	0.56548	0.56563	0.999995	393	0	-0.15522	0.8996	0.89992	0.999995	861	0	-0.15522
SNRPB2	3	0.56664	0.5654	0.999995	394	0	0.0045646	0.35555	0.35354	0.999995	358	0	0.0045646
CLTA	4	0.56699	0.56721	0.999995	395	0	-0.14005	0.89826	0.89855	0.999995	860	0	-0.14005
EIF3L	4	0.56799	0.56835	0.999995	396	0	-0.18317	0.91752	0.91737	0.999995	880	0	-0.18317
PRSS37	4	0.56899	0.56945	0.999995	397	0	-0.15874	0.84664	0.8487	0.999995	820	0	-0.15874
TANK	4	0.57098	0.57123	0.999995	398	0	-0.045293	0.19706	0.19725	0.999995	194	0	-0.045293
RPP14	4	0.57198	0.57225	0.999995	399	0	-0.055583	0.11614	0.11614	0.999995	111	0	-0.055583
PTPN11	4	0.57247	0.57286	0.999995	400	0	-0.22692	0.79086	0.79209	0.999995	771	0	-0.22692
TANC2	3	0.57345	0.57242	0.999995	401	0	-0.05481	0.75658	0.75672	0.999995	732	0	-0.05481
RNF103	4	0.57396	0.57422	0.999995	402	0	-0.064052	0.50365	0.50251	0.999995	491	0	-0.064052
MED26	4	0.57446	0.57465	0.999995	403	0	-0.10701	0.90502	0.90501	0.999995	866	0	-0.10701
RPA3	4	0.57495	0.5751	0.999995	404	0	-0.33043	0.14904	0.14911	0.999995	144	0	-0.33043
LMBR1	4	0.57544	0.57551	0.999995	405	0	-0.15414	0.49975	0.49852	0.999995	487	0	-0.15414
ERN1	4	0.57594	0.57609	0.999995	406	0	-0.16587	0.66051	0.65971	0.999995	637	0	-0.16587
CAP2	4	0.57643	0.57653	0.999995	407	0	-0.26098	0.68842	0.68786	0.999995	658	0	-0.26098
GXYLT2	4	0.5784	0.57841	0.999995	408	0	-0.12721	0.23691	0.23629	0.999995	234	0	-0.12721
FOXE3	4	0.57889	0.57891	0.999995	409	0	-0.019949	0.30358	0.30173	0.999995	298	0	-0.019949
DDX39A	4	0.57938	0.5794	0.999995	410	0	-0.0035796	0.65463	0.65387	0.999995	632	0	-0.0035796
PPP2CA	8	0.58142	0.6352	0.999995	411	1	0.012936	0.13822	0.13809	0.999995	133	0	0.012936
GALR3	4	0.58183	0.58167	0.999995	412	0	-0.059781	0.4175	0.4161	0.999995	406	0	-0.059781
TIMP2	4	0.58426	0.58416	0.999995	413	0	-0.15602	0.8331	0.83508	0.999995	811	0	-0.15602
ADSSL1	4	0.58475	0.58475	0.999995	414	0	-0.18826	0.44878	0.4482	0.999995	432	0	-0.18826
SEC23A	4	0.58523	0.58525	0.999995	415	0	-0.13848	0.7293	0.72894	0.999995	705	0	-0.13848
BARHL1	4	0.58572	0.58569	0.999995	416	0	-0.0066651	0.17778	0.17778	0.999995	173	0	-0.0066651
LDB1	8	0.58578	0.63759	0.999995	417	1	-0.16625	0.99154	0.99172	0.999995	985	0	-0.16625
TIMM23B	4	0.5862	0.58616	0.999995	418	0	-0.042176	0.34827	0.34712	0.999995	347	0	-0.042176
BZW1	3	0.58727	0.58612	0.999995	419	0	-0.096985	0.534	0.5325	0.999995	516	0	-0.096985
IKBKE	4	0.58765	0.58774	0.999995	420	0	-0.096148	0.5977	0.59741	0.999995	584	0	-0.096148
MYBPHL	4	0.58862	0.5886	0.999995	421	0	-0.021814	0.60007	0.59982	0.999995	587	0	-0.021814
YIPF7	4	0.58958	0.58951	0.999995	422	0	-0.089545	0.69037	0.68971	0.999995	663	0	-0.089545
ARPC5	4	0.59006	0.59	0.999995	423	0	-0.25581	0.93644	0.93648	0.999995	902	0	-0.25581
SMAP1	4	0.59342	0.5933	0.999995	424	0	-0.05575	0.71457	0.71384	0.999995	689	0	-0.05575
GBX2	4	0.59437	0.59413	0.999995	425	0	-0.12095	0.064557	0.064824	0.999995	59	0	-0.12095
PTCH1	4	0.59533	0.59504	0.999995	426	0	-0.10969	0.18987	0.19039	0.999995	186	0	-0.10969
IL6R	4	0.5958	0.59561	0.999995	427	0	-0.14674	0.81553	0.81778	0.999995	794	0	-0.14674
CDK5R2	4	0.59723	0.59698	0.999995	428	0	-0.148	0.25363	0.25253	0.999995	250	0	-0.148
FKBP9	4	0.5977	0.59741	0.999995	429	0	-0.055691	0.50143	0.50026	0.999995	488	0	-0.055691
CCNT1	4	0.59913	0.5988	0.999995	430	0	-0.19396	0.48336	0.48244	0.999995	468	0	-0.19396
H1FOO	4	0.5996	0.59937	0.999995	431	0	-0.011593	0.3591	0.35768	0.999995	363	0	-0.011593
PSMB6	4	0.60101	0.60056	0.999995	432	0	-0.20368	0.79604	0.79746	0.999995	777	0	-0.20368
RAP1GAP	4	0.60148	0.60101	0.999995	433	0	-0.026497	0.4782	0.477	0.999995	462	0	-0.026497
MMD2	4	0.60196	0.60148	0.999995	434	0	-0.21232	0.94679	0.94672	0.999995	915	0	-0.21232
G3BP1	4	0.60383	0.60324	0.999995	435	0	-0.15304	0.90027	0.90054	0.999995	862	0	-0.15304
PUM1	4	0.60524	0.60458	0.999995	436	0	-0.13235	0.94382	0.94367	0.999995	911	0	-0.13235
BATF3	4	0.60617	0.60544	0.999995	437	0	-0.13902	0.91518	0.91517	0.999995	875	0	-0.13902
SEC31A	4	0.60664	0.60585	0.999995	438	0	-0.093722	0.80279	0.80398	0.999995	782	0	-0.093722
NSG1	4	0.6071	0.60629	0.999995	439	0	-0.15479	0.92232	0.9223	0.999995	885	0	-0.15479
RNF2	3	0.60723	0.60704	0.999995	440	0	-0.18576	0.19396	0.19376	0.999995	190	0	-0.18576
BECN1	4	0.60757	0.6068	0.999995	441	0	-0.1504	0.71273	0.71201	0.999995	686	0	-0.1504
BTBD11	4	0.60804	0.60727	0.999995	442	0	-0.10064	0.85585	0.85737	0.999995	827	0	-0.10064
MAK	4	0.60896	0.6081	0.999995	443	0	-0.04715	0.22999	0.22957	0.999995	227	0	-0.04715
HMG20B	4	0.60989	0.60902	0.999995	444	0	-0.086202	0.70679	0.70598	0.999995	678	0	-0.086202
TPBGL	4	0.61036	0.60965	0.999995	445	0	-0.084955	0.092805	0.09261	0.999995	83	0	-0.084955
ESRP2	4	0.61082	0.61	0.999995	446	0	-0.080839	0.39271	0.39104	0.999995	386	0	-0.080839
ESRP1	4	0.61174	0.61084	0.999995	447	0	-0.26807	0.98751	0.98762	0.999995	973	0	-0.26807
DYNC1LI1	3	0.61174	0.61192	0.999995	448	0	-0.15551	0.79839	0.79898	0.999995	780	0	-0.15551
TOP2B	4	0.61267	0.61172	0.999995	449	0	-0.097851	0.55993	0.56004	0.999995	540	0	-0.097851
MYH7	4	0.61313	0.61215	0.999995	450	0	-0.20432	0.62586	0.62519	0.999995	611	0	-0.20432
IKBKB	4	0.61359	0.61262	0.999995	451	0	-0.074691	0.34143	0.34016	0.999995	339	0	-0.074691
KRTAP10-10	4	0.61405	0.61296	0.999995	452	0	-0.10934	0.82613	0.82816	0.999995	805	0	-0.10934
MTMR4	4	0.61451	0.61335	0.999995	453	0	-0.11316	0.35031	0.34908	0.999995	350	0	-0.11316
FUT5	4	0.61496	0.61385	0.999995	454	0	-0.043008	0.56094	0.56119	0.999995	542	0	-0.043008
MBP	4	0.61542	0.61426	0.999995	455	0	-0.12846	0.82789	0.82992	0.999995	806	0	-0.12846
RSBN1	4	0.61588	0.61469	0.999995	456	0	-0.2041	0.99103	0.99102	0.999995	983	0	-0.2041
MTMR3	4	0.61725	0.61614	0.999995	457	0	-0.13805	0.8039	0.80533	0.999995	784	0	-0.13805
FAM71A	4	0.61771	0.61664	0.999995	458	0	-0.099917	0.80992	0.81211	0.999995	788	0	-0.099917
ADM	4	0.61817	0.61717	0.999995	459	0	-0.18171	0.85186	0.85347	0.999995	822	0	-0.18171
E2F4	4	0.61908	0.61805	0.999995	460	0	-0.15989	0.76253	0.76318	0.999995	740	0	-0.15989
GRM4	4	0.61953	0.61848	0.999995	461	0	-0.082354	0.66714	0.6664	0.999995	643	0	-0.082354
FEZ1	4	0.61999	0.61898	0.999995	462	0	0.11123	0.21757	0.21694	0.999995	214	0	0.11123
UNC45B	4	0.6218	0.62082	0.999995	463	0	-0.12914	0.56749	0.56784	0.999995	549	0	-0.12914
CSTF2T	4	0.62225	0.62134	0.999995	464	0	-0.17946	0.35438	0.35299	0.999995	356	0	-0.17946
RXFP3	4	0.62316	0.62241	0.999995	465	0	-0.22375	0.1187	0.11875	0.999995	113	0	-0.22375
TRAPPC3L	4	0.62406	0.62325	0.999995	466	0	-0.010279	0.55739	0.55721	0.999995	537	0	-0.010279
DST	4	0.62541	0.62461	0.999995	467	0	-0.20476	0.93366	0.93371	0.999995	899	0	-0.20476
PRDM16	4	0.62676	0.6261	0.999995	468	0	-0.090591	0.28406	0.28251	0.999995	280	0	-0.090591
SERPINA12	8	0.62726	0.66217	0.999995	469	1	0.048505	0.35657	0.35669	0.999995	360	0	0.048505
ABCA3	4	0.62855	0.62785	0.999995	470	0	-0.096287	0.57396	0.57422	0.999995	556	0	-0.096287
ICK	4	0.62899	0.62835	0.999995	471	0	-0.1751	0.956	0.95664	0.999995	925	0	-0.1751
SPATA21	4	0.62989	0.6292	0.999995	472	0	-0.11223	0.78529	0.7863	0.999995	765	0	-0.11223
XYLT2	4	0.63255	0.63165	0.999995	473	0	-0.18929	0.78321	0.78436	0.999995	761	0	-0.18929
RCBTB1	4	0.63299	0.63212	0.999995	474	0	-0.16266	0.042942	0.043264	0.999995	39	0	-0.16266
KLK12	4	0.63344	0.63254	0.999995	475	0	-0.114	0.06277	0.062861	0.999995	57	0	-0.114
FZD8	4	0.63608	0.63514	0.999995	476	0	-0.030294	0.13313	0.13349	0.999995	126	0	-0.030294
SAMD4B	4	0.63696	0.63591	0.999995	477	0	-0.23807	0.86402	0.86507	0.999995	836	0	-0.23807
CASP4	4	0.6374	0.63642	0.999995	478	0	-0.0073882	0.56799	0.56835	0.999995	550	0	-0.0073882
CNOT6	4	0.63828	0.63732	0.999995	479	0	-0.25002	0.77228	0.77315	0.999995	753	0	-0.25002
SHMT2	4	0.64002	0.63895	0.999995	480	0	-0.15396	0.92704	0.92695	0.999995	890	0	-0.15396
CWF19L1	4	0.64046	0.63943	0.999995	481	0	-0.21773	0.97939	0.97943	0.999995	949	0	-0.21773
CDK8	4	0.6409	0.63994	0.999995	482	0	-0.23574	0.93691	0.93687	0.999995	903	0	-0.23574
RBPJL	4	0.6422	0.64122	0.999995	483	0	-0.1213	0.55637	0.55624	0.999995	536	0	-0.1213
CSTF2	4	0.64393	0.64333	0.999995	484	0	-0.11684	0.79231	0.79346	0.999995	772	0	-0.11684
ATP6V1E1	3	0.64415	0.64312	0.999995	485	0	-0.0136	0.2187	0.2182	0.999995	215	0	-0.0136
ZG16	4	0.6448	0.64422	0.999995	486	0	-0.044605	0.44938	0.44871	0.999995	433	0	-0.044605
HNRNPH3	4	0.64523	0.64475	0.999995	487	0	-0.14675	0.68998	0.68937	0.999995	662	0	-0.14675
CHRNB3	4	0.64566	0.64524	0.999995	488	0	-0.18342	0.38882	0.38714	0.999995	383	0	-0.18342
IRF8	4	0.64609	0.64561	0.999995	489	0	-0.13007	0.045664	0.045966	0.999995	42	0	-0.13007
SAR1B	4	0.64652	0.64606	0.999995	490	0	0.028234	0.20262	0.20233	0.999995	200	0	0.028234
GNB3	4	0.64781	0.64719	0.999995	491	0	-0.088775	0.46657	0.46605	0.999995	452	0	-0.088775
TCF3	4	0.64824	0.64758	0.999995	492	0	-0.14362	0.73628	0.73588	0.999995	711	0	-0.14362
PDS5B	4	0.6491	0.64841	0.999995	493	0	-0.24327	0.80829	0.81032	0.999995	786	0	-0.24327
KCNG4	4	0.64953	0.64882	0.999995	494	0	0.0065132	0.3283	0.32681	0.999995	326	0	0.0065132
AP5M1	4	0.64995	0.64928	0.999995	495	0	-0.14522	0.30644	0.30448	0.999995	302	0	-0.14522
NAPB	4	0.65123	0.65067	0.999995	496	0	-0.08341	0.72147	0.7208	0.999995	694	0	-0.08341
SAMD4A	4	0.65166	0.65112	0.999995	497	0	0.035418	0.20657	0.20612	0.999995	203	0	0.035418
SEC23B	4	0.65209	0.65149	0.999995	498	0	-0.11692	0.85998	0.86113	0.999995	832	0	-0.11692
ITSN1	4	0.65251	0.65187	0.999995	499	0	-0.11383	0.34075	0.33942	0.999995	338	0	-0.11383
UNC119B	4	0.65294	0.65239	0.999995	500	0	-0.12308	0.78381	0.78494	0.999995	762	0	-0.12308
KPNA2	3	0.65361	0.6525	0.999995	501	0	-0.14878	0.85384	0.85393	0.999995	823	0	-0.14878
MYBPH	4	0.65421	0.65352	0.999995	502	0	-0.12903	0.22844	0.22795	0.999995	225	0	-0.12903
PRKAB2	4	0.65463	0.65387	0.999995	503	0	-0.091997	0.89758	0.89785	0.999995	858	0	-0.091997
L3MBTL2	4	0.65632	0.65564	0.999995	504	0	0.024171	0.18505	0.18566	0.999995	181	0	0.024171
SMARCC2	4	0.65716	0.6565	0.999995	505	0	-0.12797	0.20183	0.20153	0.999995	199	0	-0.12797
NDE1	4	0.65758	0.65693	0.999995	506	0	-0.15222	0.29712	0.29514	0.999995	292	0	-0.15222
MED12L	4	0.65884	0.65813	0.999995	507	0	-0.055766	0.63915	0.63821	0.999995	620	0	-0.055766
TCF4	4	0.65926	0.65859	0.999995	508	0	-0.086643	0.18183	0.18211	0.999995	177	0	-0.086643
CAPN2	4	0.65968	0.65903	0.999995	509	0	-0.12797	0.9191	0.91891	0.999995	883	0	-0.12797
TBPL2	4	0.6601	0.65935	0.999995	510	0	-0.14037	0.77901	0.78021	0.999995	759	0	-0.14037
DEGS2	4	0.66051	0.65971	0.999995	511	0	-0.17163	0.44637	0.44586	0.999995	428	0	-0.17163
CAVIN1	4	0.66343	0.66257	0.999995	512	0	-0.11404	0.74515	0.7447	0.999995	717	0	-0.11404
EEFSEC	4	0.66384	0.66296	0.999995	513	0	-0.020456	0.63696	0.63591	0.999995	619	0	-0.020456
COPG2	4	0.6655	0.66461	0.999995	514	0	-0.088606	0.2964	0.29456	0.999995	291	0	-0.088606
BCAP31	4	0.66591	0.66504	0.999995	515	0	-0.14552	0.8389	0.84074	0.999995	814	0	-0.14552
PSEN1	4	0.66632	0.6654	0.999995	516	0	-0.15984	0.6927	0.69217	0.999995	665	0	-0.15984
AKAP11	4	0.66673	0.66596	0.999995	517	0	-0.16325	0.86756	0.86835	0.999995	838	0	-0.16325
RIMKLB	3	0.66698	0.66643	0.999995	518	0	-0.11208	0.49754	0.49536	0.999995	483	0	-0.11208
ANKRD10	4	0.66714	0.6664	0.999995	519	0	-0.044415	0.36713	0.36585	0.999995	367	0	-0.044415
CRKL	4	0.66756	0.66672	0.999995	520	0	-0.12697	0.56044	0.5607	0.999995	541	0	-0.12697
RAD17	3	0.66765	0.66723	0.999995	521	0	-0.12702	0.76149	0.76212	0.999995	737	0	-0.12702
STRADA	4	0.66838	0.66762	0.999995	522	0	-0.21813	0.96769	0.9681	0.999995	935	0	-0.21813
NMT2	4	0.6692	0.66839	0.999995	523	0	-0.18625	0.077879	0.078147	0.999995	69	0	-0.18625
S100A6	4	0.66961	0.66873	0.999995	524	0	-0.048704	0.58572	0.58569	0.999995	568	0	-0.048704
TUBB2B	2	0.67007	0.66911	0.999995	525	0	-0.097725	0.73063	0.72984	0.999995	707	0	-0.097725
IDH2	4	0.67042	0.66949	0.999995	526	0	-0.053352	0.74616	0.7456	0.999995	720	0	-0.053352
SLC25A28	4	0.67083	0.66987	0.999995	527	0	-0.13346	0.47415	0.47325	0.999995	458	0	-0.13346
PSMB8	4	0.67246	0.67165	0.999995	528	0	-0.1195	0.72398	0.72352	0.999995	698	0	-0.1195
ARHGEF3	4	0.6757	0.67494	0.999995	529	0	-0.11963	0.84057	0.84236	0.999995	817	0	-0.11963
CCNL2	4	0.67811	0.67722	0.999995	530	0	-0.054015	0.45058	0.4498	0.999995	435	0	-0.054015
GXYLT1	4	0.67851	0.67765	0.999995	531	0	-0.097583	0.55535	0.55498	0.999995	535	0	-0.097583
SNX6	4	0.68011	0.67923	0.999995	532	0	-0.21889	0.95636	0.95699	0.999995	926	0	-0.21889
TMEM30A	4	0.68131	0.68041	0.999995	533	0	-0.20943	0.9397	0.93951	0.999995	904	0	-0.20943
SAP30	4	0.6829	0.68196	0.999995	534	0	0.011315	0.47935	0.47822	0.999995	463	0	0.011315
HEATR5A	4	0.68369	0.68271	0.999995	535	0	-0.22797	0.88881	0.88881	0.999995	852	0	-0.22797
ARFGEF2	4	0.68448	0.68351	0.999995	536	0	-0.013128	0.63608	0.63514	0.999995	618	0	-0.013128
SPTAN1	4	0.68488	0.68395	0.999995	537	0	-0.15438	0.73281	0.73225	0.999995	708	0	-0.15438
NCKAP1	4	0.68606	0.68533	0.999995	538	0	-0.15791	0.83986	0.84169	0.999995	815	0	-0.15791
IMPDH1	4	0.68763	0.68693	0.999995	539	0	-0.15696	0.64953	0.64882	0.999995	628	0	-0.15696
IRF4	4	0.68803	0.68737	0.999995	540	0	-0.22124	0.29856	0.29645	0.999995	294	0	-0.22124
TOB2	4	0.68842	0.68786	0.999995	541	0	-0.11658	0.40425	0.4025	0.999995	394	0	-0.11658
BICD2	4	0.68959	0.68896	0.999995	542	0	-0.071733	0.81207	0.81418	0.999995	791	0	-0.071733
RHOT1	4	0.68998	0.68937	0.999995	543	0	-0.069676	0.69309	0.69258	0.999995	666	0	-0.069676
FNIP2	4	0.69037	0.68971	0.999995	544	0	-0.097111	0.81234	0.8146	0.999995	792	0	-0.097111
CABP5	4	0.69076	0.68998	0.999995	545	0	-0.16121	0.80693	0.80874	0.999995	785	0	-0.16121
GOLPH3	4	0.69115	0.69037	0.999995	546	0	-0.15472	0.96342	0.96383	0.999995	933	0	-0.15472
CCDC69	4	0.69154	0.69083	0.999995	547	0	-0.064145	0.050188	0.050426	0.999995	46	0	-0.064145
FBLN1	4	0.69193	0.69127	0.999995	548	0	-0.052591	0.19227	0.19257	0.999995	188	0	-0.052591
CDNF	4	0.69309	0.69258	0.999995	549	0	-0.0027757	0.27451	0.27316	0.999995	270	0	-0.0027757
TEX45	4	0.69425	0.69358	0.999995	550	0	0.0097707	0.30858	0.30682	0.999995	306	0	0.0097707
TBC1D9	4	0.69579	0.6951	0.999995	551	0	-0.0848	0.7847	0.78575	0.999995	764	0	-0.0848
SIX6	4	0.69617	0.69555	0.999995	552	0	0.021442	0.62135	0.62027	0.999995	607	0	0.021442
SEPHS2	4	0.69656	0.69596	0.999995	553	0	-0.14018	0.93354	0.93358	0.999995	898	0	-0.14018
KIAA0319	4	0.69694	0.69639	0.999995	554	0	-0.031325	0.16964	0.16988	0.999995	166	0	-0.031325
CADPS2	4	0.69771	0.69706	0.999995	555	0	0.030329	0.052895	0.052913	0.999995	49	0	0.030329
PDGFC	4	0.69847	0.69781	0.999995	556	0	-0.14638	0.58036	0.58037	0.999995	563	0	-0.14638
TLN1	4	0.7	0.69961	0.999995	557	0	-0.076062	0.16473	0.16471	0.999995	162	0	-0.076062
TOMM20L	4	0.70076	0.7003	0.999995	558	0	-0.11083	0.7438	0.74335	0.999995	716	0	-0.11083
AHCYL2	4	0.70152	0.701	0.999995	559	0	-0.011127	0.65674	0.65603	0.999995	634	0	-0.011127
TOB1	4	0.7019	0.7015	0.999995	560	0	-0.22157	0.78618	0.78706	0.999995	768	0	-0.22157
FOSL1	3	0.70219	0.70268	0.999995	561	0	-0.1006	0.85943	0.85962	0.999995	830	0	-0.1006
ERH	4	0.70227	0.70185	0.999995	562	0	-0.10443	0.3043	0.30249	0.999995	299	0	-0.10443
DGAT2L6	4	0.70341	0.70293	0.999995	563	0	0.016001	0.2392	0.23853	0.999995	237	0	0.016001
ARFGEF1	4	0.70378	0.70326	0.999995	564	0	-0.052318	0.31708	0.31563	0.999995	316	0	-0.052318
DMXL2	4	0.70529	0.70452	0.999995	565	0	-0.18208	0.87103	0.87162	0.999995	842	0	-0.18208
DYNLT1	4	0.70604	0.70523	0.999995	566	0	0.039233	0.24073	0.24014	0.999995	238	0	0.039233
CYP26C1	4	0.70641	0.70556	0.999995	567	0	-0.10057	0.43971	0.43896	0.999995	423	0	-0.10057
PLAU	4	0.70754	0.70667	0.999995	568	0	-0.039138	0.381	0.37986	0.999995	377	0	-0.039138
AP2A2	4	0.70791	0.70701	0.999995	569	0	-0.077648	0.2323	0.23175	0.999995	230	0	-0.077648
ALG14	4	0.70865	0.70789	0.999995	570	0	-0.21776	0.869	0.86959	0.999995	840	0	-0.21776
SLC25A24	4	0.70903	0.7083	0.999995	571	0	0.00076947	0.35505	0.35359	0.999995	357	0	0.00076947
KCNT2	4	0.71051	0.7098	0.999995	572	0	-0.20158	0.80965	0.81181	0.999995	787	0	-0.20158
DUOX1	4	0.71273	0.71201	0.999995	573	0	-0.032805	0.77413	0.77516	0.999995	756	0	-0.032805
ARPC5L	4	0.71383	0.71319	0.999995	574	0	-0.12509	0.75444	0.75467	0.999995	729	0	-0.12509
ALDOC	4	0.7142	0.71356	0.999995	575	0	-0.1858	0.53296	0.53214	0.999995	515	0	-0.1858
TMEM9B	4	0.71457	0.71384	0.999995	576	0	-0.10736	0.5533	0.55273	0.999995	533	0	-0.10736
STT3A	4	0.71493	0.71427	0.999995	577	0	-0.049989	0.7131	0.71245	0.999995	687	0	-0.049989
SPDEF	4	0.7153	0.71461	0.999995	578	0	-0.12877	0.43789	0.43715	0.999995	420	0	-0.12877
CRX	4	0.71566	0.71506	0.999995	579	0	0.087509	0.1306	0.13076	0.999995	124	0	0.087509
TAF9B	2	0.71581	0.71481	0.999995	580	0	-0.029736	0.27124	0.27057	0.999995	266	0	-0.029736
ZEB1	4	0.71603	0.71534	0.999995	581	0	-0.096908	0.72039	0.71975	0.999995	692	0	-0.096908
CBLL1	4	0.71749	0.71675	0.999995	582	0	0.025024	0.090184	0.090217	0.999995	80	0	0.025024
TNR	4	0.71821	0.7175	0.999995	583	0	-0.19277	0.91621	0.9161	0.999995	876	0	-0.19277
COX6B2	4	0.71894	0.7182	0.999995	584	0	-0.14464	0.21913	0.21859	0.999995	216	0	-0.14464
TPST2	4	0.7193	0.71859	0.999995	585	0	-0.14985	0.89501	0.89521	0.999995	856	0	-0.14985
CD72	4	0.71966	0.71902	0.999995	586	0	0.031047	0.15815	0.1579	0.999995	154	0	0.031047
SEC11C	4	0.72039	0.71975	0.999995	587	0	-0.035199	0.48565	0.48457	0.999995	470	0	-0.035199
EPHA2	4	0.72075	0.72007	0.999995	588	0	-0.066301	0.15319	0.15315	0.999995	148	0	-0.066301
GOLT1B	4	0.72147	0.7208	0.999995	589	0	-0.038744	0.47066	0.47009	0.999995	455	0	-0.038744
RNF38	4	0.72326	0.72279	0.999995	590	0	-0.19714	0.18907	0.18955	0.999995	185	0	-0.19714
TREM2	4	0.72362	0.72319	0.999995	591	0	-0.11275	0.7638	0.76444	0.999995	743	0	-0.11275
STRIP1	4	0.7254	0.72514	0.999995	592	0	-0.12769	0.85739	0.8588	0.999995	828	0	-0.12769
CNOT8	3	0.72572	0.72666	0.999995	593	0	0.023372	0.46574	0.46399	0.999995	449	0	0.023372
STX17	4	0.72612	0.72585	0.999995	594	0	-0.088638	0.6626	0.66174	0.999995	639	0	-0.088638
GIT2	4	0.72647	0.72617	0.999995	595	0	-0.19178	0.85825	0.85967	0.999995	829	0	-0.19178
YAF2	4	0.72683	0.72652	0.999995	596	0	-0.15191	0.60757	0.6068	0.999995	592	0	-0.15191
DBT	4	0.72754	0.72722	0.999995	597	0	-0.101	0.26487	0.26383	0.999995	259	0	-0.101
ATP8B3	4	0.72824	0.72794	0.999995	598	0	-0.13708	0.738	0.73763	0.999995	713	0	-0.13708
PAX4	4	0.72895	0.72861	0.999995	599	0	-0.16465	0.91766	0.91744	0.999995	881	0	-0.16465
RGS19	4	0.73	0.72974	0.999995	600	0	-0.12385	0.65884	0.65813	0.999995	635	0	-0.12385
SBF2	3	0.73074	0.73134	0.999995	601	0	-0.10067	0.68848	0.68885	0.999995	659	0	-0.10067
PIP4P1	4	0.73106	0.73072	0.999995	602	0	-0.14966	0.6085	0.60765	0.999995	593	0	-0.14966
CYP7A1	4	0.73211	0.73166	0.999995	603	0	-0.11986	0.7551	0.7553	0.999995	730	0	-0.11986
HACD1	4	0.7335	0.7331	0.999995	604	0	-0.035841	0.77688	0.77792	0.999995	758	0	-0.035841
CTNNB1	4	0.73455	0.7343	0.999995	605	0	-0.071057	0.10063	0.10072	0.999995	91	0	-0.071057
SERPINA11	4	0.73697	0.7365	0.999995	606	0	-0.030638	0.073454	0.073538	0.999995	65	0	-0.030638
STAM	4	0.73766	0.73729	0.999995	607	0	-0.081779	0.36513	0.36388	0.999995	366	0	-0.081779
TREML4	3	0.73801	0.73858	0.999995	608	0	-0.084896	0.67868	0.67853	0.999995	650	0	-0.084896
CDS1	4	0.73869	0.73834	0.999995	609	0	-0.10944	0.57495	0.5751	0.999995	558	0	-0.10944
NBEA	4	0.73903	0.73871	0.999995	610	0	-0.070626	0.3262	0.32466	0.999995	324	0	-0.070626
SPTA1	4	0.73937	0.73905	0.999995	611	0	-0.033369	0.14987	0.14991	0.999995	145	0	-0.033369
HRH3	4	0.73972	0.73937	0.999995	612	0	-0.053357	0.59342	0.5933	0.999995	578	0	-0.053357
RIC8B	4	0.7404	0.73997	0.999995	613	0	-0.12039	0.44153	0.44087	0.999995	425	0	-0.12039
MBD3L1	4	0.7421	0.74163	0.999995	614	0	-0.23892	0.72075	0.72007	0.999995	693	0	-0.23892
GRHL3	4	0.74413	0.74361	0.999995	615	0	-0.072967	0.54711	0.54626	0.999995	528	0	-0.072967
PLXDC2	4	0.74481	0.74426	0.999995	616	0	-0.036254	0.10582	0.10648	0.999995	97	0	-0.036254
PSMB9	4	0.74515	0.7447	0.999995	617	0	-0.19763	0.71493	0.71427	0.999995	690	0	-0.19763
STX4	4	0.74548	0.74488	0.999995	618	0	-0.095158	0.57297	0.57327	0.999995	554	0	-0.095158
SLC35F3	4	0.74582	0.7453	0.999995	619	0	-0.087687	0.37706	0.37589	0.999995	375	0	-0.087687
SS18	4	0.74616	0.7456	0.999995	620	0	-0.16667	0.72647	0.72617	0.999995	701	0	-0.16667
SLC25A15	4	0.74649	0.74605	0.999995	621	0	-0.090277	0.81972	0.82176	0.999995	797	0	-0.090277
NR5A1	4	0.74683	0.74637	0.999995	622	0	-0.11757	0.72219	0.72162	0.999995	696	0	-0.11757
IQCA1	4	0.74716	0.74672	0.999995	623	0	-0.13358	0.16391	0.16391	0.999995	161	0	-0.13358
CELA2A	4	0.74816	0.74781	0.999995	624	0	-0.12513	0.38947	0.38788	0.999995	384	0	-0.12513
FAM50A	4	0.7485	0.74816	0.999995	625	0	-0.034671	0.23307	0.2325	0.999995	231	0	-0.034671
GRIP1	4	0.74883	0.74864	0.999995	626	0	-0.10979	0.4391	0.43837	0.999995	422	0	-0.10979
TAP1	4	0.74916	0.749	0.999995	627	0	-0.0243	0.33177	0.33028	0.999995	331	0	-0.0243
FKBP10	4	0.75049	0.75034	0.999995	628	0	-0.089947	0.4992	0.49803	0.999995	486	0	-0.089947
SLC10A2	4	0.75115	0.75122	0.999995	629	0	-0.044336	0.61999	0.61898	0.999995	605	0	-0.044336
SAFB2	4	0.75148	0.75153	0.999995	630	0	-0.14696	0.95582	0.9564	0.999995	924	0	-0.14696
ITGB1BP2	4	0.75247	0.75252	0.999995	631	0	0.03831	0.31284	0.31125	0.999995	309	0	0.03831
CCT6B	4	0.7528	0.75283	0.999995	632	0	-0.10372	0.77351	0.77456	0.999995	755	0	-0.10372
ELL2	4	0.75346	0.75349	0.999995	633	0	-0.12589	0.87083	0.87139	0.999995	841	0	-0.12589
TTC7B	4	0.75379	0.75397	0.999995	634	0	-0.0046072	0.43728	0.43658	0.999995	419	0	-0.0046072
GMPR2	4	0.75477	0.75494	0.999995	635	0	-0.18562	0.39657	0.395	0.999995	390	0	-0.18562
PDGFD	4	0.75543	0.75561	0.999995	636	0	-0.015671	0.76317	0.76377	0.999995	742	0	-0.015671
DZIP1L	4	0.75575	0.75592	0.999995	637	0	-0.107	0.55227	0.55153	0.999995	532	0	-0.107
EXOC6B	4	0.7564	0.75652	0.999995	638	0	-0.10218	0.30716	0.30519	0.999995	303	0	-0.10218
CTPS2	4	0.7577	0.75773	0.999995	639	0	-0.086188	0.036568	0.036832	0.999995	34	0	-0.086188
COPS7B	4	0.75803	0.75821	0.999995	640	0	-0.10083	0.61496	0.61385	0.999995	598	0	-0.10083
CCNT2	4	0.75835	0.75853	0.999995	641	0	-0.10432	0.66218	0.66144	0.999995	638	0	-0.10432
ASF1B	8	0.75855	0.75977	0.999995	642	1	-0.23903	0.87984	0.8792	0.999995	847	0	-0.23903
ARFIP2	4	0.75964	0.75982	0.999995	643	0	-0.16504	0.75313	0.75315	0.999995	728	0	-0.16504
CAT	4	0.76029	0.76069	0.999995	644	0	0.011881	0.26562	0.26458	0.999995	260	0	0.011881
YIF1B	4	0.76061	0.76099	0.999995	645	0	0.0031892	0.069014	0.069218	0.999995	61	0	0.0031892
NCKAP1L	4	0.76093	0.76132	0.999995	646	0	-0.090178	0.85431	0.85578	0.999995	824	0	-0.090178
SLC35F4	4	0.76157	0.76209	0.999995	647	0	-0.082664	0.14069	0.14093	0.999995	136	0	-0.082664
CYP2A6	4	0.76221	0.76275	0.999995	648	0	-0.008811	0.45535	0.45481	0.999995	439	0	-0.008811
IFIH1	4	0.76253	0.76318	0.999995	649	0	-0.13225	0.56598	0.56608	0.999995	548	0	-0.13225
TANC1	4	0.76317	0.76377	0.999995	650	0	-0.12846	0.55891	0.55894	0.999995	538	0	-0.12846
LIMK1	4	0.7638	0.76444	0.999995	651	0	-0.16255	0.23076	0.23021	0.999995	228	0	-0.16255
NBEAL2	4	0.76476	0.76525	0.999995	652	0	-0.08065	0.070792	0.070938	0.999995	63	0	-0.08065
PAPSS1	4	0.76539	0.766	0.999995	653	0	-0.032684	0.68211	0.68114	0.999995	653	0	-0.032684
SIRPA	3	0.76579	0.76655	0.999995	654	0	-0.075359	0.0052712	0.0051468	0.999995	5	1	-0.075359
SLITRK1	4	0.76602	0.76666	0.999995	655	0	-0.13512	0.63255	0.63165	0.999995	616	0	-0.13512
LNX1	4	0.76697	0.76768	0.999995	656	0	-0.078486	0.18746	0.18778	0.999995	183	0	-0.078486
GOLPH3L	4	0.76728	0.76808	0.999995	657	0	-0.091977	0.61862	0.61763	0.999995	603	0	-0.091977
GDI1	4	0.76791	0.76874	0.999995	658	0	-0.015485	0.0060879	0.0064183	0.999995	6	1	-0.015485
CDC34	4	0.76948	0.77028	0.999995	659	0	-0.057186	0.2042	0.2039	0.999995	201	0	-0.057186
PCBD2	4	0.77103	0.77181	0.999995	660	0	-0.018742	0.53929	0.53848	0.999995	523	0	-0.018742
ABCC3	4	0.77166	0.77245	0.999995	661	0	-0.092726	0.7094	0.70873	0.999995	681	0	-0.092726
SNRPN	4	0.77197	0.77281	0.999995	662	0	-0.08201	0.12126	0.12159	0.999995	116	0	-0.08201
TRPM1	4	0.7732	0.77423	0.999995	663	0	-0.086752	0.66467	0.66376	0.999995	641	0	-0.086752
RSC1A1	4	0.77413	0.77516	0.999995	664	0	0.077984	0.078762	0.078951	0.999995	70	0	0.077984
SPATA16	4	0.77566	0.77667	0.999995	665	0	-0.085769	0.22612	0.22575	0.999995	223	0	-0.085769
CALY	4	0.77597	0.77695	0.999995	666	0	-0.061374	0.72183	0.72122	0.999995	695	0	-0.061374
PDLIM5	4	0.77658	0.77759	0.999995	667	0	-0.0078105	0.054696	0.054727	0.999995	51	0	-0.0078105
STRIP2	4	0.77719	0.77827	0.999995	668	0	-0.056342	0.50254	0.50132	0.999995	490	0	-0.056342
CAND2	4	0.77749	0.77848	0.999995	669	0	-0.13927	0.033827	0.034158	0.999995	31	0	-0.13927
DYNC1LI2	4	0.7781	0.7792	0.999995	670	0	-0.089564	0.83014	0.83216	0.999995	810	0	-0.089564
STAM2	4	0.7784	0.77951	0.999995	671	0	0.0562	0.16063	0.16051	0.999995	157	0	0.0562
FXR1	4	0.78022	0.78152	0.999995	672	0	-0.068703	0.48963	0.4886	0.999995	473	0	-0.068703
FCRL3	4	0.78052	0.7818	0.999995	673	0	0.082429	0.072568	0.072696	0.999995	64	0	0.082429
PRG3	4	0.78082	0.78203	0.999995	674	0	0.037921	0.23614	0.23555	0.999995	233	0	0.037921
GSX1	4	0.78232	0.78346	0.999995	675	0	-0.11321	0.65123	0.65067	0.999995	630	0	-0.11321
LIMK2	4	0.78291	0.78403	0.999995	676	0	-0.014254	0.11528	0.11535	0.999995	109	0	-0.014254
HMGCS2	4	0.78351	0.78464	0.999995	677	0	-0.10492	0.39593	0.39431	0.999995	389	0	-0.10492
SLC11A1	4	0.78411	0.78518	0.999995	678	0	-0.039609	0.20736	0.2068	0.999995	204	0	-0.039609
KIT	8	0.78433	0.78377	0.999995	679	1	-0.011451	0.021388	0.021901	0.999995	19	0	-0.011451
RANBP10	4	0.7847	0.78575	0.999995	680	0	-0.047451	0.7701	0.77089	0.999995	749	0	-0.047451
GPSM1	4	0.785	0.78601	0.999995	681	0	-0.099815	0.051994	0.052053	0.999995	48	0	-0.099815
TXNDC8	4	0.78618	0.78706	0.999995	682	0	0.096001	0.17535	0.17548	0.999995	171	0	0.096001
SPOP	4	0.78677	0.78761	0.999995	683	0	-0.0052723	0.25664	0.25554	0.999995	252	0	-0.0052723
HOXB1	4	0.78736	0.78818	0.999995	684	0	-0.12125	0.63122	0.63045	0.999995	615	0	-0.12125
PCBD1	4	0.78795	0.78881	0.999995	685	0	0.0089096	0.20579	0.20551	0.999995	202	0	0.0089096
SPTLC3	4	0.79028	0.79142	0.999995	686	0	-0.054209	0.71162	0.7109	0.999995	684	0	-0.054209
ACTL7A	4	0.79057	0.79183	0.999995	687	0	-0.18284	0.76571	0.76635	0.999995	744	0	-0.18284
ZAP70	4	0.79115	0.79234	0.999995	688	0	0.037606	0.42125	0.42025	0.999995	411	0	0.037606
UMPS	4	0.79173	0.79285	0.999995	689	0	-0.064311	0.31496	0.31346	0.999995	313	0	-0.064311
JAG2	4	0.79202	0.79316	0.999995	690	0	-0.049855	0.024646	0.024715	0.999995	23	0	-0.049855
TPBG	4	0.7926	0.79381	0.999995	691	0	-0.056589	0.49527	0.49429	0.999995	480	0	-0.056589
PHLDA1	4	0.79289	0.79416	0.999995	692	0	0.037875	0.0042177	0.0043521	0.999995	3	1	0.037875
FXR2	4	0.7949	0.79621	0.999995	693	0	-0.056516	0.50476	0.50363	0.999995	492	0	-0.056516
GMPR	4	0.79576	0.79703	0.999995	694	0	-0.11572	0.70303	0.70264	0.999995	676	0	-0.11572
IDH1	4	0.79661	0.79807	0.999995	695	0	0.0059473	0.61908	0.61805	0.999995	604	0	0.0059473
TTC23	4	0.79746	0.7989	0.999995	696	0	-0.027702	0.24682	0.24607	0.999995	245	0	-0.027702
GRHL2	4	0.79831	0.79973	0.999995	697	0	-0.14057	0.75803	0.75821	0.999995	733	0	-0.14057
PLCG2	4	0.79859	0.80002	0.999995	698	0	-0.10423	0.52923	0.52834	0.999995	513	0	-0.10423
TBC1D1	4	0.79888	0.80011	0.999995	699	0	-0.090051	0.13397	0.13443	0.999995	127	0	-0.090051
SHCBP1L	4	0.8	0.80117	0.999995	700	0	-0.090081	0.78853	0.78945	0.999995	769	0	-0.090081
GALNT5	4	0.80028	0.8014	0.999995	701	0	-0.1697	0.57889	0.57891	0.999995	561	0	-0.1697
ZNRF4	4	0.80084	0.80196	0.999995	702	0	-0.12123	0.76189	0.76244	0.999995	738	0	-0.12123
MYCN	4	0.80196	0.80313	0.999995	703	0	-0.046943	0.19067	0.19114	0.999995	187	0	-0.046943
NLRP8	4	0.80473	0.80637	0.999995	704	0	-0.10792	0.0079555	0.0082508	0.999995	7	1	-0.10792
EXOC6	4	0.80501	0.80658	0.999995	705	0	-0.093697	0.82256	0.82469	0.999995	802	0	-0.093697
MEP1B	4	0.80528	0.80689	0.999995	706	0	-0.0042751	0.43606	0.43535	0.999995	417	0	-0.0042751
TGFBR2	4	0.80583	0.80747	0.999995	707	0	-0.073816	0.82914	0.83096	0.999995	809	0	-0.073816
ZNF423	4	0.8072	0.80904	0.999995	708	0	-0.05483	0.36979	0.36879	0.999995	370	0	-0.05483
OSMR	4	0.80829	0.81032	0.999995	709	0	0.006777	0.415	0.4137	0.999995	402	0	0.006777
DLL4	4	0.80883	0.81092	0.999995	710	0	-0.085602	0.81868	0.82094	0.999995	796	0	-0.085602
CHUK	8	0.80988	0.80927	0.999995	711	0	-0.10425	0.90722	0.9072	0.999995	867	0	-0.10425
UTRN	4	0.811	0.81308	0.999995	712	0	0.012567	0.34486	0.34352	0.999995	341	0	0.012567
KIAA0319L	4	0.81127	0.81341	0.999995	713	0	-0.08154	0.68646	0.68567	0.999995	655	0	-0.08154
POU4F2	4	0.81261	0.81489	0.999995	714	0	-0.12755	0.49808	0.49698	0.999995	484	0	-0.12755
FSD1	4	0.81314	0.81539	0.999995	715	0	-0.1192	0.34759	0.3464	0.999995	346	0	-0.1192
RANBP6	3	0.81418	0.81428	0.999995	716	0	-0.077458	0.34711	0.34526	0.999995	345	0	-0.077458
MECP2	4	0.81474	0.81708	0.999995	717	0	0.091996	0.12636	0.12674	0.999995	122	0	0.091996
SLC32A1	4	0.81527	0.81752	0.999995	718	0	-0.13627	0.92328	0.92326	0.999995	887	0	-0.13627
NOX3	4	0.81553	0.81778	0.999995	719	0	-0.11241	0.64046	0.63943	0.999995	622	0	-0.11241
SAP30L	4	0.81632	0.81852	0.999995	720	0	-0.12453	0.69348	0.69299	0.999995	668	0	-0.12453
PLCG1	4	0.81658	0.81885	0.999995	721	0	-0.067498	0.54243	0.54136	0.999995	525	0	-0.067498
ZIC3	4	0.81737	0.81972	0.999995	722	0	-0.021624	0.6892	0.68869	0.999995	660	0	-0.021624
VRTN	4	0.8179	0.8202	0.999995	723	0	-0.066713	0.40869	0.40725	0.999995	398	0	-0.066713
MAPK8IP3	4	0.81868	0.82094	0.999995	724	0	-0.028246	0.73385	0.7335	0.999995	709	0	-0.028246
WAS	4	0.82076	0.82284	0.999995	725	0	-0.059572	0.87343	0.8742	0.999995	843	0	-0.059572
FKBP5	4	0.82102	0.82311	0.999995	726	0	-0.023888	0.51901	0.51794	0.999995	505	0	-0.023888
MYD88	4	0.82153	0.82358	0.999995	727	0	-0.060604	0.77597	0.77695	0.999995	757	0	-0.060604
CLTCL1	4	0.8223	0.82449	0.999995	728	0	0.0022621	0.45832	0.45772	0.999995	442	0	0.0022621
APOBEC1	4	0.82435	0.82635	0.999995	729	0	-0.0020768	0.42869	0.4277	0.999995	414	0	-0.0020768
EFR3B	4	0.82537	0.82718	0.999995	730	0	-0.14966	0.95672	0.9573	0.999995	927	0	-0.14966
ERN2	4	0.82739	0.82934	0.999995	731	0	0.05436	0.025567	0.025547	0.999995	24	0	0.05436
SLC22A8	4	0.82764	0.82971	0.999995	732	0	-0.13515	0.28113	0.27965	0.999995	275	0	-0.13515
TSPO2	4	0.82939	0.83123	0.999995	733	0	-0.094935	0.34895	0.34782	0.999995	348	0	-0.094935
ATP6V1C2	8	0.83037	0.82987	0.999995	734	0	-0.012491	0.70787	0.70666	0.999995	680	0	-0.012491
HACD2	4	0.83038	0.83241	0.999995	735	0	-0.15138	0.62944	0.6288	0.999995	613	0	-0.15138
FLNB	4	0.83113	0.83313	0.999995	736	0	-0.033217	0.2782	0.2768	0.999995	274	0	-0.033217
SOHLH1	4	0.83137	0.83332	0.999995	737	0	0.054002	0.38231	0.38125	0.999995	378	0	0.054002
FRYL	4	0.83187	0.83389	0.999995	738	0	-0.02677	0.7564	0.75652	0.999995	731	0	-0.02677
IPO8	4	0.83285	0.83489	0.999995	739	0	-0.074749	0.6491	0.64841	0.999995	626	0	-0.074749
MTUS2	4	0.8331	0.83508	0.999995	740	0	-0.11685	0.63476	0.63386	0.999995	617	0	-0.11685
HMGCLL1	4	0.83359	0.83541	0.999995	741	0	-0.059783	0.48107	0.48009	0.999995	466	0	-0.059783
TPST1	4	0.83456	0.83633	0.999995	742	0	-0.025013	0.47531	0.47442	0.999995	460	0	-0.025013
TRPC5	4	0.83481	0.83652	0.999995	743	0	-0.065491	0.57446	0.57465	0.999995	557	0	-0.065491
LNX2	4	0.83578	0.83747	0.999995	744	0	0.07733	0.18344	0.18387	0.999995	179	0	0.07733
GYS2	4	0.8365	0.83809	0.999995	745	0	-0.032433	0.41122	0.40986	0.999995	399	0	-0.032433
CRYBB2	4	0.83698	0.83857	0.999995	746	0	0.023019	0.10669	0.10729	0.999995	98	0	0.023019
ARHGEF7	4	0.83843	0.84026	0.999995	747	0	-0.0126	0.42312	0.42219	0.999995	412	0	-0.0126
AOX1	4	0.83866	0.84054	0.999995	748	0	-0.15461	0.3985	0.39688	0.999995	392	0	-0.15461
NRBP1	4	0.83938	0.84111	0.999995	749	0	-0.088293	0.78912	0.79002	0.999995	770	0	-0.088293
JAG1	4	0.83962	0.84141	0.999995	750	0	-0.052247	0.3764	0.3752	0.999995	374	0	-0.052247
TLN2	4	0.84009	0.84189	0.999995	751	0	-0.023027	0.69154	0.69083	0.999995	664	0	-0.023027
HUS1B	4	0.84104	0.84279	0.999995	752	0	-0.030685	0.44697	0.44643	0.999995	429	0	-0.030685
XYLT1	4	0.84222	0.8441	0.999995	753	0	-0.047166	0.27156	0.27028	0.999995	267	0	-0.047166
ZDHHC13	4	0.84386	0.84589	0.999995	754	0	0.010537	0.5862	0.58616	0.999995	569	0	0.010537
NBEAL1	4	0.84409	0.84623	0.999995	755	0	-0.00097913	0.6043	0.60373	0.999995	589	0	-0.00097913
GBX1	4	0.84548	0.84746	0.999995	756	0	-0.12396	0.27378	0.27248	0.999995	269	0	-0.12396
RBBP7	4	0.84595	0.84785	0.999995	757	0	-0.16448	0.94782	0.94792	0.999995	917	0	-0.16448
PTPN6	4	0.84687	0.84887	0.999995	758	0	-0.054487	0.49358	0.49268	0.999995	478	0	-0.054487
ABTB2	4	0.84801	0.85	0.999995	759	0	-0.12806	0.94195	0.94173	0.999995	909	0	-0.12806
FNIP1	4	0.84824	0.85019	0.999995	760	0	-0.079721	0.45595	0.45538	0.999995	440	0	-0.079721
ERO1A	4	0.8487	0.85053	0.999995	761	0	0.035033	0.023724	0.023846	0.999995	22	0	0.035033
CHMP1B	4	0.84961	0.85135	0.999995	762	0	-0.080187	0.7495	0.74937	0.999995	722	0	-0.080187
DNAJC15	4	0.84983	0.85155	0.999995	763	0	0.069535	0.11357	0.11381	0.999995	107	0	0.069535
TRIM25	4	0.85029	0.85205	0.999995	764	0	0.027022	0.28989	0.28827	0.999995	285	0	0.027022
ADAP2	4	0.85186	0.85347	0.999995	765	0	-0.090563	0.77197	0.77281	0.999995	752	0	-0.090563
PLEK2	4	0.85253	0.85415	0.999995	766	0	-0.12548	0.87443	0.87523	0.999995	844	0	-0.12548
KCNT1	4	0.85276	0.85429	0.999995	767	0	-0.048088	0.017254	0.017451	0.999995	15	0	-0.048088
STX12	4	0.85365	0.85513	0.999995	768	0	-0.080652	0.75148	0.75153	0.999995	727	0	-0.080652
PRDM13	4	0.85387	0.85534	0.999995	769	0	-0.034758	0.57098	0.57123	0.999995	553	0	-0.034758
ALAS2	4	0.85409	0.85558	0.999995	770	0	-0.0301	0.58862	0.5886	0.999995	571	0	-0.0301
ERC1	4	0.85541	0.85688	0.999995	771	0	0.0024518	0.15236	0.15244	0.999995	147	0	0.0024518
ATP7B	4	0.85585	0.85737	0.999995	772	0	0.0078175	0.15402	0.15405	0.999995	149	0	0.0078175
TGM6	4	0.85695	0.85836	0.999995	773	0	-0.051361	0.79775	0.79915	0.999995	779	0	-0.051361
CAV1	4	0.85739	0.8588	0.999995	774	0	-0.0050747	0.53189	0.53111	0.999995	514	0	-0.0050747
VANGL1	4	0.85804	0.85948	0.999995	775	0	-0.057409	0.47124	0.47063	0.999995	456	0	-0.057409
SBF1	4	0.85825	0.85967	0.999995	776	0	0.0085932	0.5163	0.5152	0.999995	501	0	0.0085932
TMEM9	4	0.85869	0.86003	0.999995	777	0	-0.001881	0.32899	0.32755	0.999995	327	0	-0.001881
CADPS	4	0.8589	0.8602	0.999995	778	0	-0.12056	0.66673	0.66596	0.999995	642	0	-0.12056
ENOX1	4	0.85934	0.86058	0.999995	779	0	-0.070043	0.26264	0.26146	0.999995	256	0	-0.070043
CDK16	4	0.85977	0.86096	0.999995	780	0	0.0028699	0.45714	0.45642	0.999995	441	0	0.0028699
TMEM120B	4	0.85998	0.86113	0.999995	781	0	0.024111	0.046571	0.046939	0.999995	43	0	0.024111
TYROBP	4	0.86041	0.86155	0.999995	782	0	0.022665	0.063664	0.063917	0.999995	58	0	0.022665
REG3A	4	0.86127	0.86241	0.999995	783	0	0.081595	0.15485	0.15487	0.999995	150	0	0.081595
VIM	4	0.86148	0.86265	0.999995	784	0	-0.0091825	0.18263	0.18304	0.999995	178	0	-0.0091825
ZNF418	4	0.86297	0.86412	0.999995	785	0	0.049564	0.13481	0.13517	0.999995	128	0	0.049564
GOLT1A	4	0.8636	0.86464	0.999995	786	0	-0.072309	0.059188	0.059252	0.999995	54	0	-0.072309
EP300	4	0.86381	0.86482	0.999995	787	0	0.12215	0.0098205	0.010055	0.999995	9	0	0.12215
APOBEC3C	4	0.86465	0.86562	0.999995	788	0	-5.9596e-05	0.14738	0.14742	0.999995	142	0	-5.9596e-05
GSX2	4	0.86507	0.86595	0.999995	789	0	-0.1065	0.16555	0.16548	0.999995	163	0	-0.1065
NR5A2	4	0.86632	0.86708	0.999995	790	0	-0.035503	0.32551	0.32404	0.999995	323	0	-0.035503
TMEM185B	4	0.86652	0.86727	0.999995	791	0	-0.03184	0.22224	0.22188	0.999995	218	0	-0.03184
EPC2	4	0.86673	0.86749	0.999995	792	0	0.043191	0.34554	0.34436	0.999995	342	0	0.043191
RPL3L	4	0.8692	0.86979	0.999995	793	0	-0.076748	0.79633	0.79778	0.999995	778	0	-0.076748
INTS6L	4	0.86961	0.87018	0.999995	794	0	-0.064309	0.47241	0.47167	0.999995	457	0	-0.064309
SUSD1	4	0.87001	0.87053	0.999995	795	0	-0.0083209	0.28552	0.28393	0.999995	282	0	-0.0083209
ADGRG7	4	0.87083	0.87139	0.999995	796	0	-0.11464	0.69386	0.69327	0.999995	669	0	-0.11464
TUBB4B	8	0.87167	0.87107	0.999995	797	0	-0.1174	0.59863	0.59778	0.999995	585	0	-0.1174
DUOX2	4	0.87403	0.87485	0.999995	798	0	-0.13122	0.82179	0.82386	0.999995	801	0	-0.13122
FOXK1	4	0.87423	0.87502	0.999995	799	0	-0.058559	0.60336	0.60279	0.999995	588	0	-0.058559
ATOH1	4	0.87443	0.87523	0.999995	800	0	-0.10038	0.035655	0.035906	0.999995	33	0	-0.10038
UAP1L1	4	0.87482	0.8756	0.999995	801	0	-0.084191	0.20973	0.20922	0.999995	207	0	-0.084191
CYFIP2	4	0.87522	0.87599	0.999995	802	0	-0.073449	0.34417	0.34281	0.999995	340	0	-0.073449
EZH1	4	0.87561	0.87643	0.999995	803	0	-0.079103	0.82537	0.82718	0.999995	804	0	-0.079103
MOGAT2	4	0.87581	0.87661	0.999995	804	0	-0.0024147	0.64609	0.64561	0.999995	624	0	-0.0024147
SATB1	4	0.876	0.87686	0.999995	805	0	0.016913	0.16227	0.16222	0.999995	159	0	0.016913
PXDN	4	0.87776	0.87846	0.999995	806	0	-0.078753	0.25514	0.25417	0.999995	251	0	-0.078753
ZNF260	4	0.87834	0.87898	0.999995	807	0	0.0016693	0.58717	0.58718	0.999995	570	0	0.0016693
ZDHHC17	4	0.88007	0.88049	0.999995	808	0	0.0017924	0.60571	0.60505	0.999995	591	0	0.0017924
BECN2	4	0.88122	0.88159	0.999995	809	0	-0.06525	0.46128	0.46069	0.999995	444	0	-0.06525
UBQLN3	4	0.88197	0.88234	0.999995	810	0	0.021456	0.61634	0.61509	0.999995	600	0	0.021456
ABL1	4	0.88273	0.88311	0.999995	811	0	-0.021143	0.12296	0.12345	0.999995	118	0	-0.021143
MBD4	8	0.88332	0.88299	0.999995	812	0	-0.075944	0.15619	0.15603	0.999995	151	0	-0.075944
KRT25	4	0.88516	0.88521	0.999995	813	0	-0.028633	0.6281	0.62734	0.999995	612	0	-0.028633
SEC14L3	4	0.88534	0.88533	0.999995	814	0	-0.049839	0.24226	0.24176	0.999995	240	0	-0.049839
XPO7	4	0.88589	0.88589	0.999995	815	0	-0.083367	0.72718	0.7269	0.999995	703	0	-0.083367
NCK1	4	0.88645	0.88639	0.999995	816	0	0.033926	0.37508	0.37376	0.999995	372	0	0.033926
MACF1	4	0.88718	0.88726	0.999995	817	0	-0.040313	0.041124	0.041413	0.999995	38	0	-0.040313
SOS2	4	0.88754	0.88761	0.999995	818	0	-0.025494	0.36779	0.36665	0.999995	368	0	-0.025494
SPOPL	4	0.88881	0.88881	0.999995	819	0	0.089355	0.10237	0.10276	0.999995	93	0	0.089355
CPS1	4	0.89007	0.89033	0.999995	820	0	-0.057635	0.48394	0.48311	0.999995	469	0	-0.057635
JUP	4	0.89132	0.89155	0.999995	821	0	0.042813	0.1041	0.10458	0.999995	95	0	0.042813
TBR1	4	0.89203	0.89234	0.999995	822	0	0.013936	0.31849	0.31689	0.999995	318	0	0.013936
GPR151	4	0.89221	0.89253	0.999995	823	0	0.13834	0.027407	0.027454	0.999995	25	0	0.13834
RNF144B	4	0.89274	0.89307	0.999995	824	0	-0.0996	0.79433	0.79553	0.999995	775	0	-0.0996
PUM2	4	0.89291	0.89334	0.999995	825	0	-0.025616	0.75016	0.75003	0.999995	723	0	-0.025616
GALNT2	4	0.89362	0.89401	0.999995	826	0	-0.061424	0.70754	0.70667	0.999995	679	0	-0.061424
CCNE1	4	0.89379	0.89412	0.999995	827	0	-0.0692	0.54607	0.54516	0.999995	527	0	-0.0692
RPRD1A	4	0.89414	0.89449	0.999995	828	0	-0.018498	0.49246	0.49159	0.999995	477	0	-0.018498
TOMM40L	4	0.89483	0.89509	0.999995	829	0	-0.096759	0.84571	0.84767	0.999995	819	0	-0.096759
NKAPL	4	0.89518	0.89537	0.999995	830	0	-0.026113	0.56397	0.56421	0.999995	546	0	-0.026113
NUMBL	4	0.89535	0.8956	0.999995	831	0	-0.07754	0.57347	0.57375	0.999995	555	0	-0.07754
PLXDC1	8	0.89613	0.896	0.999995	832	0	-0.037122	0.74582	0.74518	0.999995	719	0	-0.037122
CD163L1	4	0.89621	0.89635	0.999995	833	0	0.0050025	0.33247	0.33094	0.999995	332	0	0.0050025
LHFPL5	4	0.89673	0.89692	0.999995	834	0	-0.008666	0.016327	0.016572	0.999995	14	0	-0.008666
FLT1	4	0.89741	0.89759	0.999995	835	0	-0.038121	0.12381	0.12434	0.999995	119	0	-0.038121
PTPN21	4	0.89775	0.89804	0.999995	836	0	-0.098258	0.17046	0.1707	0.999995	167	0	-0.098258
HMSD	4	0.89809	0.8984	0.999995	837	0	-0.035751	0.2826	0.281	0.999995	278	0	-0.035751
XDH	4	0.89877	0.89905	0.999995	838	0	0.028198	0.38427	0.38318	0.999995	380	0	0.028198
IQCA1L	4	0.89994	0.90024	0.999995	839	0	-0.095338	0.87718	0.87791	0.999995	845	0	-0.095338
ENOX2	4	0.90011	0.90039	0.999995	840	0	-0.0344	0.58523	0.58525	0.999995	567	0	-0.0344
EGFR	4	0.90094	0.90117	0.999995	841	0	0.0080625	0.10927	0.10964	0.999995	101	0	0.0080625
FOXA1	4	0.90127	0.90142	0.999995	842	0	-0.029967	0.59198	0.59186	0.999995	576	0	-0.029967
PDCD4	4	0.90209	0.90218	0.999995	843	0	-0.034438	0.51956	0.51855	0.999995	506	0	-0.034438
CD44	4	0.90242	0.90247	0.999995	844	0	-0.039199	0.50697	0.50586	0.999995	494	0	-0.039199
KPNA3	4	0.9034	0.9034	0.999995	845	0	-0.029046	0.67165	0.67073	0.999995	646	0	-0.029046
DZIP3	4	0.90405	0.90401	0.999995	846	0	-0.030346	0.44214	0.44139	0.999995	426	0	-0.030346
RAMP2	4	0.90421	0.90422	0.999995	847	0	-0.087868	0.13228	0.13256	0.999995	125	0	-0.087868
NCK2	4	0.90486	0.90485	0.999995	848	0	-0.033798	0.47473	0.47385	0.999995	459	0	-0.033798
GYS1	4	0.90566	0.90566	0.999995	849	0	-0.021438	0.29206	0.29034	0.999995	286	0	-0.021438
EPHA3	4	0.90598	0.90583	0.999995	850	0	-0.040595	0.13566	0.13604	0.999995	129	0	-0.040595
AP1G2	4	0.90614	0.90602	0.999995	851	0	-0.075793	0.72254	0.72199	0.999995	697	0	-0.075793
TCF12	4	0.90756	0.9076	0.999995	852	0	-0.0055196	0.38557	0.38434	0.999995	381	0	-0.0055196
G6PC	4	0.90803	0.90813	0.999995	853	0	0.014151	0.26413	0.26297	0.999995	258	0	0.014151
CHML	4	0.90835	0.90849	0.999995	854	0	0.00097958	0.3276	0.32621	0.999995	325	0	0.00097958
RNF144A	4	0.90881	0.90889	0.999995	855	0	-0.0028441	0.04385	0.044237	0.999995	40	0	-0.0028441
LARP1B	4	0.90959	0.90961	0.999995	856	0	-0.033275	0.5828	0.58263	0.999995	565	0	-0.033275
COPZ2	4	0.9099	0.90994	0.999995	857	0	-0.043195	0.67408	0.67319	0.999995	647	0	-0.043195
PPP2R1B	4	0.91036	0.9104	0.999995	858	0	-0.096832	0.19945	0.19934	0.999995	196	0	-0.096832
SNTA1	4	0.91082	0.91091	0.999995	859	0	-0.03515	0.73489	0.73468	0.999995	710	0	-0.03515
ATP6V1E2	4	0.91097	0.91113	0.999995	860	0	-0.053166	0.55381	0.55324	0.999995	534	0	-0.053166
TMEM30B	4	0.91128	0.91142	0.999995	861	0	0.0015987	0.28916	0.28758	0.999995	284	0	0.0015987
APH1B	4	0.91159	0.91173	0.999995	862	0	-0.080525	0.67449	0.67364	0.999995	648	0	-0.080525
RNF125	4	0.91265	0.91281	0.999995	863	0	-0.081707	0.90193	0.90204	0.999995	863	0	-0.081707
LIM2	4	0.91325	0.91335	0.999995	864	0	-0.044945	0.14404	0.14416	0.999995	139	0	-0.044945
KAT6B	4	0.9134	0.91347	0.999995	865	0	-0.042083	0.42063	0.41956	0.999995	410	0	-0.042083
PACS1	4	0.91414	0.91412	0.999995	866	0	-0.06014	0.2269	0.22666	0.999995	224	0	-0.06014
DRD3	4	0.91474	0.91472	0.999995	867	0	0.0024683	0.0088883	0.0090455	0.999995	8	0	0.0024683
DMP1	4	0.91489	0.91491	0.999995	868	0	-0.028093	0.49019	0.48928	0.999995	474	0	-0.028093
PACS2	4	0.91548	0.91538	0.999995	869	0	-0.030997	0.29351	0.29168	0.999995	287	0	-0.030997
DDX17	4	0.91562	0.91559	0.999995	870	0	-0.021285	0.45237	0.45168	0.999995	436	0	-0.021285
CAB39L	4	0.91592	0.91583	0.999995	871	0	-0.035249	0.53507	0.53429	0.999995	517	0	-0.035249
FRS2	4	0.91636	0.91622	0.999995	872	0	0.0030547	0.41248	0.41112	0.999995	400	0	0.0030547
SEC31B	4	0.91737	0.91723	0.999995	873	0	-0.091824	0.59865	0.59837	0.999995	586	0	-0.091824
NUMB	4	0.91752	0.91737	0.999995	874	0	0.046859	0.44032	0.43957	0.999995	424	0	0.046859
AQP8	4	0.91766	0.91744	0.999995	875	0	0.061397	0.047476	0.047743	0.999995	44	0	0.061397
ARID4A	4	0.91781	0.9176	0.999995	876	0	-0.037972	0.64652	0.64606	0.999995	625	0	-0.037972
TMEM185A	4	0.91809	0.91797	0.999995	877	0	0.006842	0.044758	0.045078	0.999995	41	0	0.006842
KRT74	4	0.91895	0.91881	0.999995	878	0	-0.068689	0.49696	0.49592	0.999995	481	0	-0.068689
DMXL1	4	0.91952	0.91931	0.999995	879	0	-0.052179	0.68959	0.68896	0.999995	661	0	-0.052179
PTPN14	4	0.91981	0.91962	0.999995	880	0	-0.083831	0.35842	0.35702	0.999995	362	0	-0.083831
ISL1	4	0.92065	0.9206	0.999995	881	0	0.02195	0.52226	0.52134	0.999995	509	0	0.02195
POU5F2	4	0.92093	0.9208	0.999995	882	0	-0.0026032	0.38622	0.38489	0.999995	382	0	-0.0026032
PXDNL	4	0.92163	0.92155	0.999995	883	0	0.053861	0.35234	0.35107	0.999995	353	0	0.053861
SMAP2	4	0.92191	0.92185	0.999995	884	0	-0.025109	0.56548	0.56563	0.999995	547	0	-0.025109
RANBP17	4	0.92205	0.92202	0.999995	885	0	0.026894	0.51738	0.5162	0.999995	503	0	0.026894
SLC17A2	4	0.92274	0.92277	0.999995	886	0	-0.021155	0.61771	0.61664	0.999995	602	0	-0.021155
RAP1GAP2	4	0.92315	0.92312	0.999995	887	0	0.045707	0.33108	0.32959	0.999995	330	0	0.045707
ITSN2	4	0.92397	0.92398	0.999995	888	0	-0.0063134	0.27673	0.27536	0.999995	272	0	-0.0063134
COPS7A	4	0.92518	0.92526	0.999995	889	0	-0.088203	0.48849	0.48749	0.999995	472	0	-0.088203
MARCKS	4	0.92545	0.92556	0.999995	890	0	0.028196	0.15733	0.15708	0.999995	153	0	0.028196
PDX1	4	0.92612	0.92616	0.999995	891	0	0.022542	0.020031	0.020181	0.999995	17	0	0.022542
FEZ2	4	0.92638	0.92635	0.999995	892	0	0.0048691	0.18586	0.18635	0.999995	182	0	0.0048691
NSDHL	4	0.92665	0.92657	0.999995	893	0	-0.05951	0.022802	0.022967	0.999995	21	0	-0.05951
USP13	4	0.92731	0.92723	0.999995	894	0	-0.065846	0.1565	0.15646	0.999995	152	0	-0.065846
CHSY3	4	0.9277	0.9277	0.999995	895	0	-0.053507	0.25137	0.25045	0.999995	247	0	-0.053507
ARSJ	4	0.92796	0.92792	0.999995	896	0	-0.079144	0.86715	0.86781	0.999995	837	0	-0.079144
PPP3CA	4	0.92809	0.92808	0.999995	897	0	-0.060825	0.23844	0.23776	0.999995	236	0	-0.060825
LBX1	4	0.92939	0.92944	0.999995	898	0	-0.055471	0.76791	0.76874	0.999995	747	0	-0.055471
FAM126A	4	0.9299	0.92999	0.999995	899	0	-0.028893	0.45476	0.45425	0.999995	437	0	-0.028893
TBK1	4	0.93079	0.93099	0.999995	900	0	-0.058988	0.71199	0.71126	0.999995	685	0	-0.058988
IL6ST	4	0.93117	0.93134	0.999995	901	0	-0.023145	0.42992	0.42893	0.999995	415	0	-0.023145
FMR1	4	0.9313	0.93141	0.999995	902	0	0.036655	0.12041	0.12049	0.999995	115	0	0.036655
RB1	4	0.93167	0.93171	0.999995	903	0	-0.0061848	0.63078	0.63009	0.999995	614	0	-0.0061848
KCNMB3	4	0.93205	0.93204	0.999995	904	0	-0.0027543	0.27008	0.26872	0.999995	263	0	-0.0027543
YBX3	4	0.93217	0.9322	0.999995	905	0	-0.027621	0.53824	0.53726	0.999995	522	0	-0.027621
SLCO2B1	4	0.93317	0.93327	0.999995	906	0	0.048684	0.11271	0.11311	0.999995	105	0	0.048684
MRGPRX2	4	0.93378	0.93382	0.999995	907	0	-0.067707	0.41938	0.41814	0.999995	408	0	-0.067707
PTCH2	4	0.9339	0.93397	0.999995	908	0	-0.030336	0.1598	0.15963	0.999995	156	0	-0.030336
HPS1	4	0.935	0.93511	0.999995	909	0	0.083683	0.12975	0.13003	0.999995	123	0	0.083683
G3BP2	4	0.9362	0.93625	0.999995	910	0	0.035092	0.25964	0.25862	0.999995	253	0	0.035092
GDF15	4	0.93632	0.93635	0.999995	911	0	0.020965	0.24454	0.24377	0.999995	243	0	0.020965
EFNB1	4	0.93656	0.93655	0.999995	912	0	-0.0047035	0.33385	0.33249	0.999995	334	0	-0.0047035
CNOT6L	4	0.93703	0.93693	0.999995	913	0	0.023438	0.093677	0.093396	0.999995	84	0	0.023438
DCAF4L2	4	0.9375	0.93733	0.999995	914	0	0.020621	0.18827	0.18868	0.999995	184	0	0.020621
NAT8L	4	0.93843	0.93827	0.999995	915	0	-0.080384	0.11013	0.11035	0.999995	102	0	-0.080384
ERC2	4	0.93993	0.93979	0.999995	916	0	0.016945	0.30573	0.30387	0.999995	301	0	0.016945
NCBP2L	4	0.94151	0.94124	0.999995	917	0	0.024284	0.084047	0.08413	0.999995	73	0	0.024284
H2BFM	4	0.94251	0.94233	0.999995	918	0	-0.041352	0.30501	0.30317	0.999995	300	0	-0.041352
NETO2	4	0.94284	0.94264	0.999995	919	0	-0.044749	0.56145	0.56159	0.999995	543	0	-0.044749
GLIS3	4	0.94338	0.94318	0.999995	920	0	-0.0696	0.14571	0.14559	0.999995	141	0	-0.0696
RUNX1	4	0.9436	0.94351	0.999995	921	0	0.043954	0.099766	0.099875	0.999995	90	0	0.043954
NXT2	4	0.94468	0.9446	0.999995	922	0	-0.028949	0.6168	0.61561	0.999995	601	0	-0.028949
PLD1	4	0.945	0.94496	0.999995	923	0	-0.016944	0.51793	0.51675	0.999995	504	0	-0.016944
SEC11A	4	0.94532	0.94528	0.999995	924	0	0.0027389	0.3199	0.31821	0.999995	320	0	0.0027389
ADARB2	4	0.94574	0.94568	0.999995	925	0	0.051081	0.048381	0.048734	0.999995	45	0	0.051081
SATB2	4	0.94595	0.94587	0.999995	926	0	0.029736	0.012613	0.012982	0.999995	11	0	0.029736
GLT6D1	4	0.94637	0.94631	0.999995	927	0	-0.031088	0.57544	0.57551	0.999995	559	0	-0.031088
AP3M1	4	0.94658	0.94654	0.999995	928	0	-0.029912	0.41625	0.4149	0.999995	404	0	-0.029912
RSPH1	4	0.9472	0.94723	0.999995	929	0	-0.058071	0.62361	0.62279	0.999995	609	0	-0.058071
KRT37	4	0.94803	0.9482	0.999995	930	0	0.027446	0.11442	0.11468	0.999995	108	0	0.027446
UAP1	4	0.94843	0.94858	0.999995	931	0	-0.027457	0.66961	0.66873	0.999995	645	0	-0.027457
ATP6V1B1	4	0.94904	0.9492	0.999995	932	0	-0.028628	0.53613	0.53531	0.999995	519	0	-0.028628
LIF	4	0.94924	0.9494	0.999995	933	0	-0.084738	0.85977	0.86096	0.999995	831	0	-0.084738
KRT38	4	0.95044	0.95078	0.999995	934	0	0.087647	0.031996	0.032232	0.999995	29	0	0.087647
MECOM	4	0.95053	0.95088	0.999995	935	0	-0.028163	0.1507	0.15079	0.999995	146	0	-0.028163
OSBPL6	4	0.95112	0.95145	0.999995	936	0	-0.033589	0.24378	0.24311	0.999995	242	0	-0.033589
FAM50B	4	0.95122	0.95157	0.999995	937	0	0.064153	0.019106	0.019246	0.999995	16	0	0.064153
RTP1	4	0.95151	0.95191	0.999995	938	0	-0.018564	0.084926	0.084897	0.999995	74	0	-0.018564
TAS1R2	4	0.95199	0.95242	0.999995	939	0	0.029627	0.12551	0.126	0.999995	121	0	0.029627
RYBP	3	0.952	0.95155	0.999995	940	0	-0.033338	0.59464	0.59405	0.999995	580	0	-0.033338
ADARB1	4	0.95228	0.95269	0.999995	941	0	-0.037374	0.1794	0.17945	0.999995	175	0	-0.037374
ATP7A	4	0.95333	0.95392	0.999995	942	0	-0.019834	0.59628	0.59608	0.999995	582	0	-0.019834
EPC1	4	0.9538	0.95438	0.999995	943	0	-0.0072405	0.24834	0.24763	0.999995	246	0	-0.0072405
AMELX	4	0.95398	0.95454	0.999995	944	0	0.15015	0.089309	0.089235	0.999995	79	0	0.15015
LMBR1L	4	0.95436	0.95488	0.999995	945	0	0.048588	0.40806	0.40658	0.999995	397	0	0.048588
SMARCA1	4	0.95473	0.95526	0.999995	946	0	-0.00059247	0.4017	0.39975	0.999995	393	0	-0.00059247
DMD	4	0.95537	0.95591	0.999995	947	0	-0.032931	0.40616	0.40464	0.999995	396	0	-0.032931
BRSK2	4	0.95564	0.95625	0.999995	948	0	0.028265	0.2453	0.24448	0.999995	244	0	0.028265
AIPL1	4	0.95618	0.95679	0.999995	949	0	0.065251	0.0154	0.015571	0.999995	13	0	0.065251
CBLL2	4	0.95813	0.95859	0.999995	950	0	0.0024975	0.16719	0.16722	0.999995	165	0	0.0024975
ANXA1	4	0.95847	0.95889	0.999995	951	0	0.063287	0.09542	0.095181	0.999995	85	0	0.063287
ATAD2B	4	0.95856	0.95898	0.999995	952	0	0.060045	0.082288	0.082326	0.999995	72	0	0.060045
DENND5B	4	0.95865	0.95905	0.999995	953	0	0.036209	0.16145	0.16147	0.999995	158	0	0.036209
IL10RA	4	0.9589	0.95929	0.999995	954	0	0.016261	0.26636	0.26524	0.999995	261	0	0.016261
FSD1L	4	0.95907	0.95947	0.999995	955	0	-0.06396	0.71014	0.70954	0.999995	682	0	-0.06396
OGDHL	4	0.9595	0.96	0.999995	956	0	-0.070523	0.78589	0.78675	0.999995	767	0	-0.070523
ZFYVE19	4	0.95967	0.96018	0.999995	957	0	-0.0042465	0.57692	0.57701	0.999995	560	0	-0.0042465
SUV39H2	3	0.95973	0.9593	0.999995	958	0	0.042574	0.36808	0.36634	0.999995	369	0	0.042574
DYNLRB2	4	0.96001	0.96057	0.999995	959	0	0.037516	0.19467	0.19494	0.999995	191	0	0.037516
LRFN1	4	0.9619	0.96227	0.999995	960	0	0.040957	0.039304	0.039534	0.999995	36	0	0.040957
UBASH3B	4	0.96286	0.96327	0.999995	961	0	0.02595	0.075226	0.075473	0.999995	66	0	0.02595
RRAGD	4	0.96404	0.96447	0.999995	962	0	-0.0092715	0.5356	0.5348	0.999995	518	0	-0.0092715
SCN10A	4	0.9642	0.96469	0.999995	963	0	0.069346	0.080526	0.080493	0.999995	71	0	0.069346
MAT1A	4	0.96466	0.9651	0.999995	964	0	-0.029984	0.51575	0.51472	0.999995	500	0	-0.029984
ZNF521	4	0.96527	0.96561	0.999995	965	0	0.073737	0.23767	0.23707	0.999995	235	0	0.073737
SYK	4	0.96675	0.96711	0.999995	966	0	0.025288	0.41876	0.4175	0.999995	407	0	0.025288
TTC7A	8	0.96703	0.96683	0.999995	967	0	0.0094046	0.31322	0.31285	0.999995	310	0	0.0094046
SPHKAP	4	0.96704	0.96738	0.999995	968	0	0.011447	0.086681	0.08658	0.999995	76	0	0.011447
KRTAP1-1	4	0.96755	0.96793	0.999995	969	0	0.048277	0.12211	0.12256	0.999995	117	0	0.048277
CTCFL	4	0.96868	0.96902	0.999995	970	0	0.039805	0.20104	0.20074	0.999995	198	0	0.039805
IDH3B	4	0.96924	0.96946	0.999995	971	0	-0.035032	0.75996	0.76026	0.999995	735	0	-0.035032
ULK2	4	0.96931	0.96953	0.999995	972	0	0.029355	0.085804	0.085748	0.999995	75	0	0.029355
GRIP2	4	0.96951	0.96968	0.999995	973	0	0.0062535	0.4385	0.43768	0.999995	421	0	0.0062535
RCBTB2	4	0.96958	0.96971	0.999995	974	0	0.01471	0.21051	0.20992	0.999995	208	0	0.01471
FAM71B	4	0.96985	0.96999	0.999995	975	0	0.040063	0.040214	0.040431	0.999995	37	0	0.040063
GBP3	4	0.97039	0.97055	0.999995	976	0	-0.0050996	0.59006	0.59	0.999995	574	0	-0.0050996
CHM	4	0.97125	0.97141	0.999995	977	0	0.011215	0.19627	0.19639	0.999995	193	0	0.011215
AXL	4	0.97152	0.97162	0.999995	978	0	0.0063468	0.17859	0.17861	0.999995	174	0	0.0063468
CLIP4	4	0.97158	0.97169	0.999995	979	0	0.070228	0.26114	0.26009	0.999995	255	0	0.070228
STX7	4	0.97178	0.97188	0.999995	980	0	-0.02529	0.41688	0.41549	0.999995	405	0	-0.02529
PSEN2	4	0.97184	0.97194	0.999995	981	0	0.10917	0.25212	0.25108	0.999995	248	0	0.10917
TRPC7	4	0.97286	0.97301	0.999995	982	0	0.05047	0.26338	0.26224	0.999995	257	0	0.05047
MPC1	4	0.97323	0.9733	0.999995	983	0	0.015521	0.18425	0.18476	0.999995	180	0	0.015521
SBNO2	4	0.9736	0.9737	0.999995	984	0	0.034904	0.33799	0.33672	0.999995	335	0	0.034904
ATM	4	0.97391	0.97402	0.999995	985	0	0.082684	0.057393	0.057307	0.999995	53	0	0.082684
RC3H2	4	0.97445	0.97459	0.999995	986	0	0.038216	0.42	0.41883	0.999995	409	0	0.038216
LRBA	4	0.97451	0.97464	0.999995	987	0	-0.047154	0.79461	0.7959	0.999995	776	0	-0.047154
PAPSS2	4	0.97463	0.97477	0.999995	988	0	0.073949	0.087558	0.087608	0.999995	77	0	0.073949
SP110	4	0.97469	0.97482	0.999995	989	0	0.057424	0.06098	0.061019	0.999995	56	0	0.057424
PLD2	4	0.97487	0.97499	0.999995	990	0	0.0099792	0.29568	0.29382	0.999995	290	0	0.0099792
PPP3R2	4	0.97528	0.97535	0.999995	991	0	-0.0041855	0.4601	0.45955	0.999995	443	0	-0.0041855
ADAM19	4	0.97598	0.97603	0.999995	992	0	0.0026195	0.37178	0.37061	0.999995	371	0	0.0026195
TOMM20	3	0.97667	0.97622	0.999995	993	0	0.047333	0.097668	0.098622	0.999995	88	0	0.047333
CDK19	8	0.97718	0.9773	0.999995	994	0	-0.038846	0.75087	0.75013	0.999995	726	0	-0.038846
RNF113B	4	0.97797	0.97808	0.999995	995	0	0.051204	0.24302	0.24242	0.999995	241	0	0.051204
SUV39H1	4	0.97814	0.97821	0.999995	996	0	0.022408	0.34963	0.34849	0.999995	349	0	0.022408
PCDH1	4	0.97819	0.97828	0.999995	997	0	0.0037842	0.51138	0.51027	0.999995	497	0	0.0037842
DEGS1	4	0.97898	0.97898	0.999995	998	0	0.059998	0.1015	0.10178	0.999995	92	0	0.059998
VPS26B	4	0.97944	0.97945	0.999995	999	0	0.0063804	0.50198	0.50085	0.999995	489	0	0.0063804
TFDP3	4	0.97949	0.97947	0.999995	1000	0	0.0073709	0.56347	0.56375	0.999995	545	0	0.0073709
SHMT1	4	0.97954	0.97953	0.999995	1001	0	-0.028731	0.53981	0.53901	0.999995	524	0	-0.028731
HRH1	4	0.97984	0.97993	0.999995	1002	0	0.030475	0.30787	0.30601	0.999995	305	0	0.030475
SLC22A13	4	0.97989	0.97998	0.999995	1003	0	0.023099	0.54815	0.54738	0.999995	529	0	0.023099
DLL1	4	0.98034	0.98041	0.999995	1004	0	0.012359	0.031079	0.031194	0.999995	28	0	0.012359
IAPP	4	0.98064	0.98063	0.999995	1005	0	0.02044	0.33937	0.3381	0.999995	336	0	0.02044
ARHGEF6	4	0.98088	0.98087	0.999995	1006	0	0.033059	0.22068	0.22029	0.999995	217	0	0.033059
CLCA1	4	0.98145	0.98142	0.999995	1007	0	-0.030574	0.59485	0.59464	0.999995	581	0	-0.030574
NR2E1	4	0.9815	0.98144	0.999995	1008	0	0.079712	0.14487	0.14478	0.999995	140	0	0.079712
TBC1D26	2	0.98169	0.98188	0.999995	1009	0	0.071564	0.22526	0.22499	0.999995	221	0	0.071564
SLC25A2	4	0.98192	0.98181	0.999995	1010	0	-0.0079283	0.31567	0.31412	0.999995	314	0	-0.0079283
HEATR5B	4	0.98215	0.98204	0.999995	1011	0	0.034941	0.12466	0.1251	0.999995	120	0	0.034941
MTA3	4	0.98274	0.98268	0.999995	1012	0	-0.015609	0.39012	0.38852	0.999995	385	0	-0.015609
NETO1	4	0.98344	0.98342	0.999995	1013	0	0.0065093	0.11699	0.11692	0.999995	112	0	0.0065093
GPR50	4	0.98348	0.98353	0.999995	1014	0	0.11449	0.32271	0.32107	0.999995	322	0	0.11449
CYP2C8	4	0.98412	0.98433	0.999995	1015	0	5.5899e-05	0.44818	0.44768	0.999995	430	0	5.5899e-05
MAP4K4	4	0.98417	0.98437	0.999995	1016	0	0.14434	0.021879	0.021966	0.999995	20	0	0.14434
KLF5	4	0.98454	0.9848	0.999995	1017	0	0.14861	0.051091	0.051136	0.999995	47	0	0.14861
LIN28B	4	0.98487	0.98513	0.999995	1018	0	0.036169	0.29496	0.29315	0.999995	289	0	0.036169
TNKS2	4	0.98539	0.98569	0.999995	1019	0	0.030091	0.23384	0.23321	0.999995	232	0	0.030091
EAF2	4	0.98601	0.98617	0.999995	1020	0	0.061068	0.28187	0.28033	0.999995	277	0	0.061068
IDH3G	4	0.98642	0.98654	0.999995	1021	0	0.059144	0.18021	0.18025	0.999995	176	0	0.059144
EZH2	4	0.98715	0.98724	0.999995	1022	0	0.22855	0.038393	0.038636	0.999995	35	0	0.22855
CEACAM1	4	0.98726	0.98735	0.999995	1023	0	0.062847	0.31142	0.30971	0.999995	307	0	0.062847
ARFIP1	4	0.98768	0.98779	0.999995	1024	0	0.10242	0.2415	0.24096	0.999995	239	0	0.10242
DCAF8L1	4	0.98813	0.98822	0.999995	1025	0	0.049265	0.3	0.29798	0.999995	295	0	0.049265
TAF9	4	0.98869	0.98874	0.999995	1026	0	0.02461	0.17372	0.17405	0.999995	170	0	0.02461
TPRX1	4	0.98879	0.98884	0.999995	1027	0	0.010921	0.52172	0.52085	0.999995	508	0	0.010921
ZNF284	4	0.98979	0.98982	0.999995	1028	0	0.020403	0.44577	0.44521	0.999995	427	0	0.020403
HTR3D	4	0.98988	0.98992	0.999995	1029	0	0.025582	0.055596	0.055549	0.999995	52	0	0.025582
TIRAP	4	0.99003	0.99008	0.999995	1030	0	0.025016	0.069903	0.070097	0.999995	62	0	0.025016
PPP3R1	4	0.99035	0.99034	0.999995	1031	0	0.11976	0.21678	0.21608	0.999995	213	0	0.11976
KHSRP	4	0.99055	0.99048	0.999995	1032	0	0.044106	0.011683	0.012056	0.999995	10	0	0.044106
RNF130	4	0.99119	0.99115	0.999995	1033	0	0.023367	0.14821	0.1483	0.999995	143	0	0.023367
LDB2	4	0.99127	0.99124	0.999995	1034	0	0.050938	0.14237	0.14281	0.999995	137	0	0.050938
ZNF146	4	0.99156	0.99146	0.999995	1035	0	0.042706	0.10323	0.1037	0.999995	94	0	0.042706
NDEL1	4	0.99237	0.99225	0.999995	1036	0	-0.0014003	0.31638	0.31472	0.999995	315	0	-0.0014003
FRY	4	0.99282	0.99275	0.999995	1037	0	0.03915	0.076996	0.077333	0.999995	68	0	0.03915
MPC1L	4	0.993	0.99291	0.999995	1038	0	0.023018	0.29784	0.29579	0.999995	293	0	0.023018
DENND5A	4	0.99366	0.99356	0.999995	1039	0	0.024175	0.27304	0.27171	0.999995	268	0	0.024175
ABCB1	4	0.99368	0.99358	0.999995	1040	0	0.057075	0.19547	0.19572	0.999995	192	0	0.057075
GPR183	4	0.99374	0.99362	0.999995	1041	0	0.07454	0.060085	0.060187	0.999995	55	0	0.07454
LATS1	4	0.99393	0.99384	0.999995	1042	0	0.027956	0.091058	0.091049	0.999995	81	0	0.027956
SS18L1	4	0.99463	0.99466	0.999995	1043	0	0.028044	0.56849	0.56886	0.999995	551	0	0.028044
TBC1D4	4	0.99478	0.99483	0.999995	1044	0	0.10313	0.020955	0.021088	0.999995	18	0	0.10313
TAF1L	3	0.99554	0.9953	0.999995	1045	0	0.087295	0.11595	0.11663	0.999995	110	0	0.087295
DDI1	8	0.99566	0.99557	0.999995	1046	0	0.011497	0.30779	0.30738	0.999995	304	0	0.011497
DPCR1	4	0.99576	0.99582	0.999995	1047	0	0.086326	0.30072	0.29875	0.999995	296	0	0.086326
RALGPS1	4	0.99671	0.99682	0.999995	1048	0	0.066071	0.26785	0.26661	0.999995	262	0	0.066071
SERPINA9	4	0.99785	0.99789	0.999995	1049	0	0.065312	0.22379	0.22331	0.999995	220	0	0.065312
HMGCL	4	0.99804	0.99813	0.999995	1050	0	0.10968	0.076111	0.076557	0.999995	67	0	0.10968
FAM126B	4	0.99851	0.99856	0.999995	1051	0	0.084656	0.20815	0.20767	0.999995	205	0	0.084656
CHSY1	4	0.99856	0.99863	0.999995	1052	0	0.089468	0.17209	0.17218	0.999995	169	0	0.089468
DYNLT3	4	0.99895	0.99913	0.999995	1053	0	0.068572	0.22535	0.2249	0.999995	222	0	0.068572
GIT1	4	0.99898	0.99914	0.999995	1054	0	0.061998	0.19865	0.19866	0.999995	195	0	0.061998
HTR2C	4	0.99912	0.99926	0.999995	1055	0	0.1126	0.20894	0.20837	0.999995	206	0	0.1126
TP53	4	0.99994	0.99997	0.999995	1056	0	0.2397	0.0051531	0.0053338	0.999995	4	1	0.2397
SIK2	4	1.0	1.0	0.999995	1057	0	0.18009	0.029244	0.029362	0.999995	26	0	0.18009
RC3H1	4	1.0	1.0	0.999995	1058	0	0.19308	0.00046929	0.00063108	0.334158	2	1	0.19308
CREBBP	4	1.0	1.0	0.999995	1059	0	0.38283	2.2154e-09	4.6747e-06	0.00495	1	3	0.38283
