id	num	neg|score	neg|p-value	neg|fdr	neg|rank	neg|goodsgrna	neg|lfc	pos|score	pos|p-value	pos|fdr	pos|rank	pos|goodsgrna	pos|lfc
RRM1	8	6.9276e-10	4.6703e-06	0.000707	1	8	-2.7265	1.0	1.0	0.999995	1060	0	-2.7265
MTG2	4	1.1104e-08	4.6703e-06	0.000707	2	4	-2.2571	1.0	1.0	0.999995	1059	0	-2.2571
MYC	8	4.8803e-08	4.6703e-06	0.000707	3	8	-1.2703	1.0	1.0	0.999995	1058	0	-1.2703
CKAP5	8	1.855e-07	4.6703e-06	0.000707	4	8	-1.318	1.0	1.0	0.999995	1057	0	-1.318
NAE1	8	6.3155e-07	4.6703e-06	0.000707	5	7	-0.86994	0.89007	0.9802	0.999995	904	1	-0.86994
BUB3	4	1.0724e-06	4.6703e-06	0.000707	6	4	-2.7784	1.0	1.0	0.999995	1056	0	-2.7784
PRPF8	4	2.0236e-06	4.6703e-06	0.000707	7	4	-2.4998	1.0	1.0	0.999995	1055	0	-2.4998
KIF11	4	3.4998e-06	1.4011e-05	0.001856	8	4	-3.0104	1.0	1.0	0.999995	1054	0	-3.0104
RPS19	4	7.7195e-06	2.3351e-05	0.00275	9	4	-2.2532	0.99999	1.0	0.999995	1053	0	-2.2532
RRM2	4	9.6419e-06	4.2033e-05	0.00405	10	2	-1.5123	0.47587	0.71662	0.999995	726	2	-1.5123
PPP4C	4	9.7307e-06	4.2033e-05	0.00405	11	4	-2.1961	0.99976	0.99978	0.999995	1027	0	-2.1961
POLR2L	4	1.4938e-05	6.0714e-05	0.004597	12	4	-3.2044	0.99999	0.99999	0.999995	1052	0	-3.2044
MED18	8	1.5872e-05	6.0714e-05	0.004597	13	6	-1.3068	0.71744	0.93138	0.999995	829	2	-1.3068
TOP2A	4	1.6551e-05	6.0714e-05	0.004597	14	4	-1.7702	0.99998	0.99999	0.999995	1051	0	-1.7702
RPP21	4	2.2182e-05	7.0054e-05	0.004675	15	4	-2.943	0.99998	0.99998	0.999995	1050	0	-2.943
SF3B3	4	2.7005e-05	7.9395e-05	0.004675	16	4	-1.9832	0.99997	0.99998	0.999995	1049	0	-1.9832
NAA10	4	3.1398e-05	7.9395e-05	0.004675	17	4	-1.8371	0.99997	0.99997	0.999995	1048	0	-1.8371
CDK7	4	3.1787e-05	7.9395e-05	0.004675	18	4	-2.0783	0.99997	0.99997	0.999995	1047	0	-2.0783
MRPL38	4	4.0818e-05	0.00010742	0.005993	19	4	-1.2072	0.99996	0.99996	0.999995	1046	0	-1.2072
RIC8A	4	4.8896e-05	0.00013544	0.007178	20	4	-1.2391	0.99995	0.99995	0.999995	1045	0	-1.2391
VMP1	4	5.2215e-05	0.00014478	0.007308	21	4	-1.7316	0.99995	0.99995	0.999995	1044	0	-1.7316
CPSF3	4	5.9982e-05	0.00015412	0.007426	22	4	-1.7589	0.99994	0.99994	0.999995	1043	0	-1.7589
RPL36	4	8.4397e-05	0.00028489	0.012583	23	4	-1.3328	0.99992	0.99991	0.999995	1042	0	-1.3328
ISCA2	4	9.023e-05	0.00035961	0.014661	24	4	-1.7084	0.99991	0.9999	0.999995	1041	0	-1.7084
CHORDC1	3	9.601e-05	0.00025687	0.011838	25	3	-2.9146	0.9999	0.99989	0.999995	1040	0	-2.9146
COPA	4	9.908e-05	0.00037829	0.014851	26	4	-2.7296	0.9999	0.9999	0.999995	1039	0	-2.7296
INTS6	3	0.00011126	0.00030357	0.012871	27	3	-2.8235	0.99989	0.99986	0.999995	1038	0	-2.8235
ATP6V1B2	4	0.00013759	0.00059313	0.021617	28	4	-1.4329	0.99986	0.99986	0.999995	1037	0	-1.4329
RPA1	4	0.00013877	0.00059313	0.021617	29	4	-1.6808	0.99986	0.99986	0.999995	1036	0	-1.6808
SMC1A	4	0.00014355	0.00061181	0.021617	30	4	-1.2596	0.99986	0.99986	0.999995	1035	0	-1.2596
ATP6V1C1	4	0.00015863	0.00064917	0.021813	31	4	-1.0629	0.99984	0.99986	0.999995	1034	0	-1.0629
ATP5F1A	4	0.00015993	0.00065851	0.021813	32	4	-1.2066	0.99984	0.99986	0.999995	1033	0	-1.2066
TOMM40	7	0.00016879	0.00085466	0.024134	33	5	-1.3525	0.36082	0.69682	0.999995	657	1	-1.3525
TRRAP	4	0.00017487	0.00077994	0.024134	34	4	-1.8268	0.99983	0.99985	0.999995	1032	0	-1.8268
RPL8	4	0.00017627	0.00077994	0.024134	35	4	-1.2635	0.99982	0.99985	0.999995	1031	0	-1.2635
SF3B1	4	0.00019737	0.00089202	0.024134	36	3	-1.9784	0.9905	0.99101	0.999995	960	0	-1.9784
ATP5F1B	4	0.00020466	0.00090136	0.024134	37	4	-1.3202	0.9998	0.99981	0.999995	1030	0	-1.3202
ZNF407	4	0.00021594	0.0009107	0.024134	38	4	-2.0037	0.99978	0.9998	0.999995	1029	0	-2.0037
SIN3A	4	0.00021759	0.0009107	0.024134	39	4	-1.0419	0.99978	0.9998	0.999995	1028	0	-1.0419
HMGCS1	3	0.00027675	0.00087334	0.024134	40	3	-2.1679	0.99972	0.99976	0.999995	1026	0	-2.1679
ELL	4	0.00027948	0.0012189	0.03143	41	4	-0.70249	0.99972	0.99974	0.999995	1025	0	-0.70249
CCND1	4	0.00028551	0.001247	0.03143	42	4	-0.52542	0.99971	0.99973	0.999995	1024	0	-0.52542
EIF3B	4	0.00030419	0.001275	0.03143	43	4	-1.7409	0.9997	0.99972	0.999995	1023	0	-1.7409
PAF1	4	0.00031714	0.0013217	0.031793	44	4	-0.55998	0.99968	0.99972	0.999995	1022	0	-0.55998
COX6B1	8	0.00032233	0.0015739	0.033213	45	4	-0.72434	0.92178	0.98785	0.999995	912	3	-0.72434
MED20	4	0.00036576	0.0015178	0.033213	46	4	-1.3605	0.99963	0.99967	0.999995	1021	0	-1.3605
SF3A1	4	0.00038204	0.0015739	0.033213	47	3	-2.1089	0.95918	0.97193	0.999995	933	1	-2.1089
RPS5	4	0.00039344	0.0016393	0.033213	48	3	-2.3204	0.99224	0.99264	0.999995	966	0	-2.3204
MRPL41	4	0.00039854	0.0016673	0.033213	49	4	-2.0492	0.9996	0.99961	0.999995	1020	0	-2.0492
CDIPT	4	0.00039923	0.0016673	0.033213	50	3	-1.765	0.93041	0.96309	0.999995	915	1	-1.765
SF3B5	4	0.0004064	0.0016766	0.033213	51	4	-1.2487	0.99959	0.9996	0.999995	1019	0	-1.2487
STT3B	4	0.00041438	0.0016953	0.033213	52	4	-1.1608	0.99959	0.9996	0.999995	1018	0	-1.1608
AHCYL1	4	0.00042248	0.0017233	0.033213	53	4	-1.0459	0.99958	0.99959	0.999995	1017	0	-1.0459
RPL13	3	0.00042725	0.0013497	0.031793	54	3	-1.6574	0.99957	0.99958	0.999995	1016	0	-1.6574
UQCRC1	4	0.00043903	0.0017794	0.033681	55	4	-0.89498	0.99956	0.99958	0.999995	1015	0	-0.89498
ALDOA	4	0.00045895	0.0018634	0.034653	56	4	-1.7273	0.99954	0.99957	0.999995	1014	0	-1.7273
PSMB3	3	0.00050188	0.0014618	0.033213	57	3	-2.3944	0.9995	0.9995	0.999995	1013	0	-2.3944
CTR9	4	0.00053893	0.002209	0.039523	58	4	-1.036	0.99946	0.99949	0.999995	1012	0	-1.036
TACC3	4	0.00054289	0.0022464	0.039523	59	2	-1.0172	0.40613	0.65543	0.999995	687	1	-1.0172
NDUFB4	4	0.00054549	0.0022557	0.039523	60	4	-1.4884	0.99945	0.99949	0.999995	1011	0	-1.4884
COX4I1	4	0.00054879	0.0022744	0.039523	61	4	-1.0157	0.99945	0.99949	0.999995	1010	0	-1.0157
NMT1	4	0.00058263	0.0023865	0.040311	62	4	-0.46668	0.99942	0.99945	0.999995	1009	0	-0.46668
ACACA	4	0.00058958	0.0023959	0.040311	63	4	-0.44102	0.99941	0.99945	0.999995	1008	0	-0.44102
NKAP	4	0.0005966	0.0024519	0.04061	64	4	-0.89054	0.9994	0.99944	0.999995	1007	0	-0.89054
CLNS1A	3	0.00090621	0.0026294	0.042879	65	3	-2.1199	0.99909	0.99906	0.999995	999	0	-2.1199
BUB1B	4	0.0011317	0.0041052	0.065932	66	3	-1.6917	0.99248	0.99283	0.999995	968	0	-1.6917
TRAPPC3	4	0.0011902	0.0042826	0.067755	67	3	-1.3499	0.87885	0.94602	0.999995	893	1	-1.3499
XAB2	4	0.0012508	0.0044508	0.06938	68	3	-1.494	0.99919	0.99931	0.999995	1003	0	-1.494
RPL3	7	0.0012649	0.0055903	0.07797	69	4	-0.90429	0.86646	0.97125	0.999995	887	3	-0.90429
LONP1	4	0.001288	0.0045535	0.069953	70	3	-1.1738	0.24004	0.49556	0.920281	566	1	-1.1738
RAN	4	0.001326	0.0046749	0.070792	71	3	-1.7304	0.88859	0.95104	0.999995	902	1	-1.7304
ACTL6A	4	0.0014715	0.0050205	0.072901	72	3	-1.9639	0.24827	0.50415	0.920281	576	1	-1.9639
RPL10A	4	0.0015269	0.0052354	0.074993	73	3	-1.6207	0.92192	0.96119	0.999995	913	1	-1.6207
DHX9	3	0.001721	0.0048244	0.072026	74	3	-1.0851	0.99828	0.99815	0.999995	990	0	-1.0851
RPL19	4	0.001778	0.0059172	0.081458	75	2	-0.98989	0.1313	0.32308	0.837437	406	2	-0.98989
RPS3	3	0.001781	0.0049552	0.072901	76	2	-3.0336	0.72369	0.84975	0.999995	832	1	-3.0336
RPS11	3	0.0019169	0.0053194	0.075182	77	3	-1.3959	0.99808	0.99797	0.999995	989	0	-1.3959
ATP6V1D	4	0.0020875	0.0065617	0.087438	78	3	-1.2649	0.055551	0.15767	0.758614	221	1	-1.2649
SBNO1	4	0.0021047	0.0065991	0.087438	79	3	-1.6138	0.32349	0.5786	0.979731	627	1	-1.6138
VCP	4	0.0022639	0.0070942	0.091172	80	3	-1.6536	0.8613	0.937	0.999995	883	1	-1.6536
GAPDH	4	0.0022821	0.0071502	0.091172	81	3	-1.6238	0.97599	0.97991	0.999995	940	1	-1.6238
TUFM	3	0.0023505	0.0065617	0.087438	82	2	-2.5153	0.99342	0.99339	0.999995	971	0	-2.5153
POLR2A	4	0.0023743	0.0073557	0.09173	83	3	-1.6709	0.99898	0.99914	0.999995	996	0	-1.6709
NAA15	4	0.0024498	0.0074958	0.09239	84	3	-1.6781	0.7968	0.90562	0.999995	854	1	-1.6781
CCT6A	3	0.0024658	0.0067766	0.088681	85	2	-1.7387	0.97913	0.97894	0.999995	947	0	-1.7387
RPL11	3	0.0026316	0.0072249	0.091172	86	3	-2.0289	0.99737	0.99722	0.999995	982	0	-2.0289
XRCC6	4	0.0027059	0.0081403	0.099181	87	3	-1.2377	0.99772	0.99777	0.999995	986	0	-1.2377
POLR2B	4	0.0027468	0.0082617	0.099516	88	3	-2.0774	0.03685	0.11078	0.735619	158	1	-2.0774
HSCB	4	0.0027881	0.0083738	0.099733	89	3	-1.6782	0.94836	0.96838	0.999995	926	1	-1.6782
RPL14	3	0.00344	0.0093172	0.109736	90	2	-2.7939	0.97135	0.9709	0.999995	938	0	-2.7939
TAMM41	4	0.0038259	0.010896	0.125538	91	3	-1.0667	0.71747	0.86915	0.999995	830	1	-1.0667
CLTC	4	0.0039024	0.011129	0.12685	92	3	-1.2429	0.99899	0.99915	0.999995	997	0	-1.2429
MED8	4	0.0040331	0.011484	0.128244	93	3	-0.749	0.98614	0.98678	0.999995	953	1	-0.749
ABT1	4	0.0040399	0.011494	0.128244	94	3	-1.2992	0.86046	0.93661	0.999995	882	1	-1.2992
RFC2	4	0.0041458	0.011718	0.129383	95	2	-0.89613	0.57143	0.79562	0.999995	782	2	-0.89613
SNRPD3	4	0.0044129	0.01239	0.135399	96	3	-1.6456	0.68968	0.85714	0.999995	822	1	-1.6456
INTS2	4	0.0045255	0.012727	0.137654	97	3	-0.63061	0.99433	0.99463	0.999995	974	0	-0.63061
RPS23	2	0.0048052	0.0095881	0.111685	98	2	-2.5988	0.99519	0.9949	0.999995	978	0	-2.5988
MTHFD1	4	0.0051163	0.014314	0.151733	99	3	-0.69792	0.99921	0.99931	0.999995	1004	0	-0.69792
TUBB	3	0.0052238	0.012951	0.138664	100	2	-2.4057	0.76039	0.87329	0.999995	843	1	-2.4057
CDS2	4	0.0057215	0.01579	0.164094	101	3	-0.85587	0.54696	0.77561	0.999995	765	1	-0.85587
KIF4A	4	0.0059217	0.016313	0.167884	102	3	-0.67254	0.99911	0.99927	0.999995	1000	0	-0.67254
CDK2	4	0.0067309	0.018378	0.18731	103	3	-0.86399	0.95101	0.96907	0.999995	928	1	-0.86399
EIF4A3	4	0.0068414	0.018611	0.187883	104	3	-1.184	0.66561	0.84732	0.999995	812	1	-1.184
FARS2	4	0.0074113	0.02004	0.198156	105	3	-0.60867	0.99253	0.99286	0.999995	969	0	-0.60867
PSMC3	4	0.0074504	0.020143	0.198156	106	3	-1.0211	0.24379	0.49954	0.920281	572	1	-1.0211
MAT2A	4	0.0074896	0.020218	0.198156	107	3	-0.59906	0.99917	0.99929	0.999995	1002	0	-0.59906
TOP1	4	0.0075683	0.020376	0.198156	108	3	-0.62356	0.99769	0.99775	0.999995	985	0	-0.62356
RPL18A	2	0.0076235	0.014875	0.156112	109	2	-1.5466	0.99238	0.99204	0.999995	967	0	-1.5466
WDR12	4	0.0076475	0.020601	0.198515	110	3	-0.88397	0.94935	0.96861	0.999995	927	1	-0.88397
NDUFC1	4	0.0089447	0.023898	0.226628	111	3	-0.5916	0.80013	0.90702	0.999995	855	1	-0.5916
TIMM10	4	0.0089887	0.024029	0.226628	112	3	-0.92903	0.99929	0.9994	0.999995	1006	0	-0.92903
RNF113A	4	0.0090329	0.024159	0.226628	113	3	-0.61714	0.57386	0.79751	0.999995	783	1	-0.61714
FAM50A	4	0.0091662	0.024505	0.226991	114	3	-0.57092	0.9886	0.9891	0.999995	955	1	-0.57092
TOMM22	4	0.0092109	0.024626	0.226991	115	3	-1.0824	0.99892	0.99908	0.999995	995	0	-1.0824
SF3B2	4	0.0096196	0.025523	0.233045	116	3	-0.54767	0.9941	0.9944	0.999995	973	0	-0.54767
PDCD6IP	4	0.0097119	0.025813	0.233045	117	3	-0.38244	0.99748	0.99751	0.999995	983	0	-0.38244
MED23	4	0.0098049	0.026009	0.233045	118	3	-0.71737	0.99891	0.99908	0.999995	994	0	-0.71737
ATP5F1D	4	0.0099399	0.026373	0.233045	119	2	-0.60031	0.50176	0.73854	0.999995	742	2	-0.60031
EPC2	4	0.0099453	0.026382	0.233045	120	3	-0.52834	0.77594	0.89618	0.999995	847	1	-0.52834
GSTP1	4	0.010278	0.027214	0.238401	121	3	-0.32225	0.93762	0.96485	0.999995	920	1	-0.32225
AKIRIN2	4	0.010765	0.028437	0.247078	122	3	-0.58051	0.99915	0.99929	0.999995	1001	0	-0.58051
FDPS	4	0.011482	0.030343	0.259382	123	2	-0.70796	0.22795	0.48244	0.918117	556	2	-0.70796
RPL5	4	0.011731	0.030866	0.261237	124	3	-0.654	0.56995	0.79455	0.999995	780	1	-0.654
EP300	4	0.012261	0.032183	0.268613	125	3	-0.41198	0.44627	0.69164	0.999995	712	1	-0.41198
ATP7A	4	0.012586	0.033014	0.270841	126	3	-0.32542	0.99879	0.99893	0.999995	993	0	-0.32542
MRPL27	4	0.012751	0.033313	0.270841	127	3	-0.51682	0.99793	0.99803	0.999995	987	0	-0.51682
PRKDC	8	0.012764	0.040954	0.316868	128	4	-0.29887	0.63757	0.89593	0.999995	805	2	-0.29887
MED12	4	0.012766	0.033341	0.270841	129	2	-0.85042	0.99372	0.99403	0.999995	972	0	-0.85042
TSG101	4	0.012806	0.033472	0.270841	130	3	-0.45843	0.99903	0.99921	0.999995	998	0	-0.45843
SF1	4	0.013309	0.034686	0.27854	131	3	-0.82488	0.99924	0.99933	0.999995	1005	0	-0.82488
CCNL1	4	0.013825	0.035966	0.284506	132	3	-0.33688	0.99152	0.99193	0.999995	963	0	-0.33688
INCENP	4	0.014113	0.036573	0.287165	133	2	-0.69248	0.70474	0.86387	0.999995	825	1	-0.69248
RPS8	3	0.014933	0.029362	0.253039	134	2	-1.1466	0.99133	0.99143	0.999995	961	0	-1.1466
ATR	4	0.015917	0.03916	0.30522	135	2	-0.38534	0.53851	0.76857	0.999995	759	2	-0.38534
RPL37A	2	0.016769	0.031053	0.261237	136	1	-1.7245	0.5483	0.66716	0.999995	768	1	-1.7245
SNRPB	4	0.017961	0.04228	0.32476	137	2	-0.98748	0.95977	0.97216	0.999995	935	1	-0.98748
TNPO1	3	0.01835	0.035144	0.280094	138	2	-1.1159	0.99535	0.99517	0.999995	979	0	-1.1159
NCBP2	4	0.021508	0.047894	0.362624	139	1	0.28216	0.12277	0.30584	0.824919	392	2	0.28216
PMPCB	4	0.023163	0.050481	0.37683	140	2	-0.83626	0.94766	0.96813	0.999995	925	1	-0.83626
SNRPD2	3	0.025441	0.046782	0.356756	141	2	-1.0712	0.90493	0.92398	0.999995	907	1	-1.0712
PKM	3	0.027012	0.049323	0.370796	142	2	-0.81523	0.23047	0.43798	0.889392	558	1	-0.81523
POLR2F	4	0.029829	0.0607	0.446817	143	2	-0.24766	0.7635	0.89046	0.999995	844	2	-0.24766
HNRNPK	4	0.031431	0.06296	0.45731	144	2	-0.51747	0.62404	0.83049	0.999995	802	2	-0.51747
SPTLC2	4	0.031456	0.062988	0.45731	145	2	-0.18171	0.95687	0.97116	0.999995	931	1	-0.18171
RBBP4	3	0.031587	0.056749	0.420654	146	2	-1.1395	0.27993	0.50755	0.920281	601	1	-1.1395
ATP5PB	4	0.031974	0.063913	0.458021	147	2	-0.40338	0.97863	0.9813	0.999995	943	1	-0.40338
GFM1	4	0.034558	0.067817	0.482457	148	2	-0.66214	0.27762	0.5336	0.939566	600	1	-0.66214
AFG3L2	3	0.036068	0.06395	0.458021	149	2	-1.0911	0.9779	0.97745	0.999995	942	0	-1.0911
PSMA2	4	0.036843	0.071152	0.496189	150	2	-0.40935	0.37819	0.6302	0.995551	673	2	-0.40935
MED26	4	0.038796	0.074019	0.512813	151	2	-0.44585	0.78041	0.89798	0.999995	849	2	-0.44585
DYNLRB1	3	0.038915	0.069022	0.487756	152	2	-0.5473	0.99443	0.99433	0.999995	975	0	-0.5473
SOD1	4	0.039191	0.074608	0.513533	153	2	-0.75659	0.99859	0.99871	0.999995	992	0	-0.75659
SEPHS1	3	0.039934	0.070853	0.496189	154	2	-0.55372	0.86974	0.90832	0.999995	888	1	-0.55372
RPA3	4	0.041399	0.077989	0.529925	155	2	-0.79525	0.48714	0.72593	0.999995	734	1	-0.79525
E2F3	3	0.042761	0.075495	0.516289	156	2	-0.4375	0.99314	0.99312	0.999995	970	0	-0.4375
NAPA	4	0.043866	0.0818	0.55228	157	2	-1.0339	0.75415	0.88603	0.999995	841	1	-1.0339
PRPF38A	4	0.044702	0.082893	0.556116	158	2	-0.48038	0.013312	0.043653	0.702767	61	1	-0.48038
SFPQ	4	0.049348	0.09001	0.592614	159	1	0.29746	0.71698	0.86897	0.999995	828	2	0.29746
IPO7	3	0.051427	0.089889	0.592614	160	2	-0.53557	0.95927	0.95932	0.999995	934	1	-0.53557
CFL1	4	0.052749	0.094951	0.619844	161	2	-0.37836	0.98494	0.98583	0.999995	952	1	-0.37836
CAND1	4	0.052974	0.095316	0.619844	162	2	-0.54132	0.07485	0.20339	0.78112	276	1	-0.54132
PSMB6	4	0.054791	0.098183	0.634599	163	2	-0.59478	0.97359	0.97848	0.999995	939	1	-0.59478
GTF3C1	4	0.056401	0.10032	0.644494	164	2	-0.40271	0.9567	0.97109	0.999995	930	1	-0.40271
RNF20	4	0.059678	0.1056	0.674311	165	2	-0.40396	0.78973	0.90218	0.999995	853	1	-0.40396
COPZ1	4	0.061724	0.10852	0.68883	166	1	-0.10931	0.1853	0.42292	0.884205	505	1	-0.10931
EIF3J	4	0.06376	0.11173	0.701066	167	2	-0.50499	0.97725	0.98053	0.999995	941	1	-0.50499
EIF3L	4	0.069456	0.12025	0.749767	168	2	-0.38802	0.99461	0.99487	0.999995	976	0	-0.38802
CTPS1	4	0.070213	0.12144	0.752794	169	2	-0.16506	0.58637	0.80724	0.999995	790	1	-0.16506
HNRNPH1	4	0.071483	0.12333	0.760045	170	2	-0.28826	0.87579	0.94448	0.999995	891	2	-0.28826
RPS28	2	0.071789	0.086956	0.579706	171	1	-0.75008	0.96178	0.96149	0.999995	936	0	-0.75008
UTP14A	4	0.075606	0.1295	0.791083	172	2	-0.19739	0.27618	0.53201	0.938312	599	1	-0.19739
ILF3	4	0.075867	0.12986	0.791083	173	2	-0.094028	0.44686	0.69205	0.999995	713	2	-0.094028
SNAPC4	4	0.076651	0.13085	0.79256	174	2	-0.37266	0.7235	0.87176	0.999995	831	1	-0.37266
PPP2R1A	4	0.080086	0.13564	0.816916	175	2	-0.33989	0.62137	0.82939	0.999995	800	1	-0.33989
YIF1A	4	0.082499	0.13928	0.834116	176	2	-0.25529	0.99842	0.9985	0.999995	991	0	-0.25529
BRD8	4	0.085759	0.14419	0.854002	177	2	-0.3407	0.98458	0.9855	0.999995	951	1	-0.3407
HUS1	4	0.086857	0.14587	0.858993	178	2	-0.15626	0.74401	0.88112	0.999995	836	1	-0.15626
SEPHS2	4	0.088236	0.14808	0.867212	179	2	-0.11792	0.86287	0.93766	0.999995	884	2	-0.11792
PMM1	4	0.090461	0.15145	0.882086	180	2	-0.21631	0.98898	0.98943	0.999995	956	1	-0.21631
PFN1	4	0.092143	0.15383	0.891062	181	2	0.079466	0.25116	0.50667	0.920281	580	2	0.079466
TIMM23	4	0.095257	0.15828	0.911833	182	2	-0.18359	0.93727	0.96473	0.999995	919	1	-0.18359
CRKL	4	0.097259	0.16122	0.923762	183	2	-0.0508	0.88254	0.94791	0.999995	898	2	-0.0508
LSM4	4	0.098128	0.16248	0.925982	184	1	0.01728	0.54236	0.77162	0.999995	760	1	0.01728
MMD	4	0.098699	0.16343	0.926378	185	2	-0.061661	0.49216	0.7302	0.999995	737	2	-0.061661
RPS15	2	0.099143	0.11177	0.701066	186	1	-0.78076	0.88194	0.88132	0.999995	896	1	-0.78076
COQ10B	4	0.10131	0.16762	0.945097	187	2	-0.034454	0.83928	0.92643	0.999995	873	2	-0.034454
IRF4	4	0.10691	0.17588	0.984008	188	2	-0.20419	0.53565	0.76633	0.999995	757	1	-0.20419
NSG2	4	0.10748	0.17689	0.984008	189	1	0.48787	0.21649	0.47064	0.908909	546	3	0.48787
MED13	4	0.1078	0.17731	0.984008	190	2	-0.086844	0.781	0.8983	0.999995	850	1	-0.086844
CAP1	4	0.10989	0.18039	0.9959	191	2	-0.19774	0.88444	0.94892	0.999995	901	1	-0.19774
RBM22	4	0.1114	0.1825	0.999995	192	2	-0.019196	0.9898	0.99031	0.999995	959	0	-0.019196
KAT6A	4	0.11231	0.18382	0.999995	193	2	-0.24022	0.99488	0.99512	0.999995	977	0	-0.24022
SAR1A	8	0.11398	0.23122	0.999995	194	3	0.056195	0.16796	0.47098	0.908909	473	3	0.056195
BECN1	4	0.11565	0.18841	0.999995	195	2	-0.11491	0.82707	0.9203	0.999995	868	2	-0.11491
CHMP1A	4	0.11811	0.19193	0.999995	196	2	-0.25886	0.93599	0.96443	0.999995	918	1	-0.25886
FANCM	4	0.11873	0.19278	0.999995	197	2	-0.10538	0.97979	0.98206	0.999995	948	1	-0.10538
DDX5	4	0.11904	0.1932	0.999995	198	2	-0.011497	0.83675	0.92499	0.999995	870	2	-0.011497
TLN1	4	0.11935	0.19367	0.999995	199	2	-0.012614	0.83978	0.9267	0.999995	874	2	-0.012614
CDK8	4	0.12121	0.1963	0.999995	200	2	-0.0812	0.981	0.983	0.999995	949	1	-0.0812
RPL31	2	0.13641	0.14421	0.854002	201	1	-0.80309	0.95827	0.95819	0.999995	932	0	-0.80309
TBP	4	0.14419	0.21191	0.999995	202	1	0.10069	0.98418	0.98523	0.999995	950	1	0.10069
NUTF2	4	0.17176	0.23057	0.999995	203	1	0.024201	0.91268	0.95921	0.999995	909	1	0.024201
TAF1	4	0.19239	0.2455	0.999995	204	1	0.62141	0.029303	0.090281	0.733182	131	3	0.62141
EEFSEC	4	0.21956	0.26443	0.999995	205	1	0.62702	0.055548	0.15766	0.758614	220	3	0.62702
RPS7	1	0.22895	0.22949	0.999995	206	0	0.031546	0.77105	0.77261	0.999995	845	0	0.031546
ARID1A	4	0.23326	0.27418	0.999995	207	1	0.12793	0.93944	0.96539	0.999995	922	1	0.12793
BAP1	4	0.23477	0.27546	0.999995	208	1	-0.15206	0.99802	0.99813	0.999995	988	0	-0.15206
RPL17	3	0.238	0.25114	0.999995	209	1	0.26215	0.41648	0.62534	0.99528	696	2	0.26215
APOBEC3C	4	0.24454	0.2824	0.999995	210	1	0.25584	0.84671	0.93019	0.999995	878	2	0.25584
RPL15	2	0.25228	0.25244	0.999995	211	1	0.16099	0.55016	0.668	0.999995	771	1	0.16099
RPL6	1	0.25433	0.2547	0.999995	212	0	0.086811	0.74567	0.74719	0.999995	837	0	0.086811
SNRPB2	3	0.25576	0.26659	0.999995	213	1	-0.097548	0.75717	0.87239	0.999995	842	1	-0.097548
MED31	4	0.25643	0.29078	0.999995	214	1	-0.033233	0.89366	0.95381	0.999995	906	1	-0.033233
SOAT1	4	0.2711	0.30163	0.999995	215	1	0.5572	0.32611	0.58094	0.981798	628	3	0.5572
DHX29	3	0.27436	0.2823	0.999995	216	1	0.16309	0.93291	0.93966	0.999995	917	1	0.16309
USP5	4	0.27907	0.3078	0.999995	217	1	0.31919	0.53617	0.76675	0.999995	758	2	0.31919
LDB1	8	0.28451	0.41243	0.999995	218	2	0.21637	0.83358	0.96628	0.999995	869	4	0.21637
GLIS3	4	0.28912	0.31565	0.999995	219	1	0.62973	0.062603	0.1749	0.763872	242	3	0.62973
COQ10A	4	0.29411	0.31932	0.999995	220	1	0.32215	0.54612	0.77498	0.999995	763	3	0.32215
SLC22A8	4	0.31241	0.33346	0.999995	221	1	0.22895	0.87346	0.94325	0.999995	889	2	0.22895
RNF40	4	0.3131	0.33419	0.999995	222	1	0.2627	0.4894	0.7279	0.999995	736	3	0.2627
GABPB2	4	0.31588	0.33635	0.999995	223	1	0.51815	0.35622	0.6097	0.992186	650	3	0.51815
RPL21	2	0.31895	0.31752	0.999995	224	0	0.4373	0.22572	0.35092	0.84994	554	1	0.4373
MORF4L1	3	0.32083	0.32331	0.999995	225	1	0.39997	0.099288	0.22098	0.784168	340	2	0.39997
MED13L	4	0.32211	0.34148	0.999995	226	1	-0.10928	0.99539	0.99559	0.999995	980	0	-0.10928
TOB2	4	0.32417	0.34322	0.999995	227	1	0.40783	0.50066	0.73753	0.999995	740	3	0.40783
ZMAT2	4	0.33103	0.34886	0.999995	228	1	0.69573	0.11019	0.28116	0.81082	363	3	0.69573
ASF1B	8	0.33788	0.46916	0.999995	229	2	0.087182	0.87529	0.97624	0.999995	890	2	0.087182
KIF20A	8	0.343	0.47474	0.999995	230	2	0.33486	0.29395	0.64174	0.999995	613	4	0.33486
SPOP	4	0.3506	0.36453	0.999995	231	1	0.34014	0.3717	0.62442	0.99528	666	2	0.34014
DGKZ	3	0.35085	0.35069	0.999995	232	1	-0.20198	0.68758	0.82393	0.999995	820	1	-0.20198
IMPDH2	4	0.35193	0.36566	0.999995	233	1	0.066087	0.7277	0.87371	0.999995	834	1	0.066087
EZH1	4	0.35924	0.37147	0.999995	234	1	0.44441	0.25541	0.51106	0.920281	586	3	0.44441
H1FOO	4	0.36056	0.37244	0.999995	235	1	0.64471	0.19398	0.43739	0.889392	520	3	0.64471
ERH	4	0.36122	0.37289	0.999995	236	1	0.46549	0.33603	0.59059	0.989043	633	3	0.46549
RBMX	3	0.3663	0.36567	0.999995	237	1	0.44942	0.49308	0.68159	0.999995	738	2	0.44942
PDS5A	4	0.36647	0.37729	0.999995	238	1	0.22717	0.77526	0.89591	0.999995	846	2	0.22717
KPNA2	3	0.36935	0.36839	0.999995	239	1	-0.16609	0.35241	0.5782	0.979731	647	1	-0.16609
TBC1D28	3	0.37037	0.36922	0.999995	240	1	0.1026	0.94531	0.94803	0.999995	923	1	0.1026
POLD1	4	0.3717	0.38144	0.999995	241	1	0.46629	0.21879	0.47327	0.908909	548	2	0.46629
GATAD2A	4	0.373	0.3826	0.999995	242	1	0.15448	0.54645	0.77517	0.999995	764	2	0.15448
HASPIN	4	0.37689	0.38586	0.999995	243	1	0.19327	0.24229	0.49801	0.920281	568	1	0.19327
ATP6V1E1	3	0.38099	0.37964	0.999995	244	1	0.544	0.41388	0.62326	0.99528	692	2	0.544
MANF	4	0.38334	0.39138	0.999995	245	1	0.14017	0.75059	0.88454	0.999995	839	2	0.14017
RIMKLB	3	0.3845	0.38308	0.999995	246	1	0.79556	0.0021642	0.0061227	0.547421	14	2	0.79556
UTP14C	4	0.38526	0.39294	0.999995	247	1	0.29336	0.43876	0.6852	0.999995	706	2	0.29336
COX4I2	4	0.38782	0.39484	0.999995	248	1	0.29399	0.46348	0.70626	0.999995	719	3	0.29399
SAMD9	4	0.3891	0.39605	0.999995	249	1	0.73944	0.076913	0.20846	0.784168	281	3	0.73944
PTTG1	3	0.38999	0.38845	0.999995	250	1	-0.041702	0.98814	0.98819	0.999995	954	0	-0.041702
FOSL1	3	0.39396	0.39214	0.999995	251	1	-0.14359	0.67792	0.81672	0.999995	814	1	-0.14359
FZR1	4	0.39545	0.4012	0.999995	252	1	0.082534	0.97868	0.98135	0.999995	944	1	0.082534
SKA1	4	0.39734	0.40272	0.999995	253	1	0.23912	0.532	0.76355	0.999995	752	2	0.23912
MYL7	4	0.39861	0.40391	0.999995	254	1	0.45829	0.28567	0.54164	0.943724	607	3	0.45829
ZWILCH	4	0.40049	0.40556	0.999995	255	1	0.5932	0.11842	0.29726	0.814324	385	3	0.5932
GRHL3	4	0.40175	0.40648	0.999995	256	1	0.462	0.40244	0.65174	0.999995	685	3	0.462
PRG3	4	0.40488	0.40934	0.999995	257	1	0.0091509	0.69879	0.86128	0.999995	824	1	0.0091509
TUBB2A	4	0.40738	0.41153	0.999995	258	1	0.27984	0.62278	0.83003	0.999995	801	2	0.27984
WASL	4	0.40925	0.41326	0.999995	259	1	-0.1998	0.80096	0.90735	0.999995	856	1	-0.1998
CRY2	4	0.41359	0.41702	0.999995	260	1	0.21428	0.87934	0.94627	0.999995	894	2	0.21428
HACD2	4	0.41544	0.41886	0.999995	261	1	-0.13323	0.99759	0.99765	0.999995	984	0	-0.13323
ZAP70	4	0.4179	0.42115	0.999995	262	1	0.44945	0.30767	0.56346	0.96646	620	3	0.44945
AKIRIN1	4	0.42097	0.42378	0.999995	263	1	0.12987	0.7803	0.89789	0.999995	848	2	0.12987
MCPH1	4	0.42768	0.42964	0.999995	264	1	0.55997	0.14583	0.35127	0.84994	435	3	0.55997
MYBL2	4	0.43312	0.4346	0.999995	265	1	0.23279	0.6875	0.85624	0.999995	819	2	0.23279
XYLT2	4	0.43373	0.43513	0.999995	266	1	0.30434	0.49341	0.73119	0.999995	739	3	0.30434
ASF1A	4	0.43433	0.43584	0.999995	267	1	0.28959	0.17974	0.41319	0.87853	495	3	0.28959
FOXK1	4	0.43553	0.43693	0.999995	268	1	-0.13997	0.98911	0.98952	0.999995	957	0	-0.13997
BICD2	4	0.43673	0.43803	0.999995	269	1	0.31593	0.4754	0.71629	0.999995	725	3	0.31593
COPG2	4	0.43733	0.43864	0.999995	270	1	0.20125	0.72735	0.8736	0.999995	833	1	0.20125
APH1A	4	0.43913	0.44024	0.999995	271	1	-0.11664	0.82657	0.92	0.999995	867	1	-0.11664
EPS15L1	4	0.44032	0.44139	0.999995	272	1	0.41518	0.40843	0.65744	0.999995	689	3	0.41518
TPBG	4	0.4439	0.44494	0.999995	273	1	0.58526	0.041347	0.1227	0.740223	176	3	0.58526
CCNT2	4	0.44686	0.44773	0.999995	274	1	-0.10138	0.99144	0.99191	0.999995	962	0	-0.10138
MBTD1	4	0.44745	0.44825	0.999995	275	1	-0.066784	0.48153	0.72125	0.999995	730	1	-0.066784
RCBTB1	4	0.44923	0.4498	0.999995	276	1	0.63558	0.22444	0.47888	0.916262	551	3	0.63558
ADSS	3	0.45105	0.44997	0.999995	277	0	0.94563	0.29514	0.5279	0.933342	614	2	0.94563
SOX9	4	0.45334	0.45396	0.999995	278	1	0.38324	0.28235	0.53824	0.940406	605	3	0.38324
TPBGL	4	0.45744	0.45736	0.999995	279	1	0.16462	0.63609	0.8352	0.999995	804	2	0.16462
BICD1	4	0.46093	0.46067	0.999995	280	1	0.10921	0.80795	0.91081	0.999995	861	2	0.10921
TOMM20L	4	0.46267	0.46248	0.999995	281	1	0.49981	0.10239	0.26508	0.81082	346	3	0.49981
ZMIZ2	4	0.46614	0.46571	0.999995	282	1	0.37245	0.39258	0.64307	0.999995	681	3	0.37245
ABCG2	4	0.46729	0.46673	0.999995	283	1	0.82603	0.0081757	0.027858	0.702767	41	3	0.82603
LARP1	4	0.46844	0.46778	0.999995	284	1	0.061244	0.80546	0.90952	0.999995	859	2	0.061244
COPG1	4	0.46959	0.46872	0.999995	285	1	0.031151	0.66071	0.84515	0.999995	811	2	0.031151
KCNG4	4	0.47016	0.46924	0.999995	286	1	0.3985	0.43362	0.68059	0.999995	704	3	0.3985
STT3A	4	0.47073	0.46981	0.999995	287	1	0.047475	0.98917	0.98959	0.999995	958	0	0.047475
EAF1	4	0.4713	0.47025	0.999995	288	1	0.10579	0.92801	0.96244	0.999995	914	1	0.10579
ALG14	4	0.47188	0.47071	0.999995	289	1	0.43637	0.11087	0.28258	0.81082	365	3	0.43637
CCNT1	4	0.47359	0.47218	0.999995	290	1	0.026959	0.63238	0.83377	0.999995	803	1	0.026959
VPS37A	4	0.47587	0.47438	0.999995	291	1	-0.055878	0.88352	0.94842	0.999995	900	1	-0.055878
SLC32A1	4	0.477	0.47543	0.999995	292	1	0.23186	0.3859	0.63705	0.999832	676	2	0.23186
GALR3	4	0.47757	0.47594	0.999995	293	1	0.022015	0.88948	0.95156	0.999995	903	1	0.022015
RBPJL	4	0.47927	0.47753	0.999995	294	1	0.35334	0.18688	0.42562	0.884964	507	3	0.35334
POU4F2	4	0.47983	0.47815	0.999995	295	1	0.053521	0.97894	0.98152	0.999995	946	1	0.053521
UNC119	4	0.4877	0.48576	0.999995	296	1	-0.028737	0.91149	0.95881	0.999995	908	1	-0.028737
NAA11	4	0.48826	0.48645	0.999995	297	1	0.23562	0.68055	0.85318	0.999995	815	2	0.23562
DGKI	4	0.48882	0.48693	0.999995	298	1	0.62024	0.08796	0.23377	0.786036	312	3	0.62024
MPC1	4	0.48993	0.48805	0.999995	299	1	0.0041264	0.59393	0.81295	0.999995	794	1	0.0041264
CCND3	4	0.49271	0.49064	0.999995	300	1	-0.017921	0.99614	0.99627	0.999995	981	0	-0.017921
DDI2	4	0.49437	0.49229	0.999995	301	1	0.60086	0.0096534	0.032482	0.702767	43	2	0.60086
HMGCS2	4	0.49713	0.49518	0.999995	302	1	0.35018	0.25618	0.51172	0.920281	588	2	0.35018
KRT25	4	0.49823	0.4963	0.999995	303	1	0.56746	0.0041458	0.014856	0.611642	24	3	0.56746
DDX17	4	0.49878	0.49677	0.999995	304	1	0.16473	0.74168	0.87982	0.999995	835	2	0.16473
HNRNPF	4	0.49988	0.49787	0.999995	305	1	0.35357	0.52007	0.75401	0.999995	748	3	0.35357
UCHL5	4	0.50043	0.49856	0.999995	306	1	0.3283	0.14419	0.34841	0.84994	430	3	0.3283
DDX39B	4	0.50153	0.49972	0.999995	307	0	0.323	0.51318	0.7482	0.999995	745	3	0.323
SMARCA4	4	0.50207	0.50034	0.999995	308	0	-0.144	0.60416	0.8209	0.999995	796	1	-0.144
SOS2	4	0.50262	0.50078	0.999995	309	0	0.37816	0.23628	0.49166	0.920281	564	2	0.37816
PACS1	4	0.50426	0.5026	0.999995	310	0	0.0023493	0.64273	0.83786	0.999995	807	1	0.0023493
L3MBTL2	4	0.5048	0.50319	0.999995	311	0	0.16864	0.8204	0.91704	0.999995	866	2	0.16864
GJA8	4	0.50644	0.50486	0.999995	312	0	0.17024	0.81151	0.91246	0.999995	863	2	0.17024
CWF19L1	4	0.50698	0.50534	0.999995	313	0	0.085714	0.94613	0.96766	0.999995	924	1	0.085714
TCERG1	4	0.50752	0.506	0.999995	314	0	0.21143	0.89022	0.95194	0.999995	905	2	0.21143
KHSRP	4	0.51077	0.50901	0.999995	315	0	0.26905	0.34871	0.60294	0.992186	645	2	0.26905
TNPO2	4	0.51185	0.51019	0.999995	316	0	0.066567	0.56799	0.79303	0.999995	779	2	0.066567
PRKAB2	4	0.51238	0.51095	0.999995	317	0	0.39302	0.43344	0.68044	0.999995	703	2	0.39302
APH1B	4	0.51346	0.512	0.999995	318	0	0.4381	0.48601	0.7249	0.999995	732	3	0.4381
FUT5	4	0.51454	0.51319	0.999995	319	0	0.27094	0.3526	0.60653	0.992186	648	2	0.27094
RNF44	4	0.51614	0.51478	0.999995	320	0	0.56349	0.046394	0.13535	0.753768	186	3	0.56349
GABPB1	4	0.51721	0.51586	0.999995	321	0	0.36554	0.20101	0.44866	0.892813	529	3	0.36554
ZNF804B	4	0.51775	0.51641	0.999995	322	0	0.50397	0.43139	0.67845	0.999995	702	3	0.50397
LMBR1L	4	0.51935	0.51807	0.999995	323	0	0.52924	0.29743	0.55344	0.955454	615	3	0.52924
ADAM19	4	0.52094	0.51978	0.999995	324	0	0.68017	0.064981	0.18045	0.763872	245	3	0.68017
PTPN11	4	0.52147	0.52031	0.999995	325	0	0.081015	0.84167	0.92757	0.999995	875	1	0.081015
ARPC5	4	0.52518	0.52422	0.999995	326	0	0.66946	0.24979	0.50541	0.920281	579	3	0.66946
PTCH1	4	0.52571	0.52492	0.999995	327	0	0.51018	0.33375	0.58828	0.989043	631	3	0.51018
IDH3G	4	0.52623	0.52537	0.999995	328	0	0.51961	0.18767	0.42706	0.885887	509	3	0.51961
TANC1	4	0.52729	0.52646	0.999995	329	0	0.16921	0.44092	0.68713	0.999995	709	2	0.16921
FLOT2	4	0.52939	0.52838	0.999995	330	0	0.38815	0.026039	0.080885	0.702767	121	3	0.38815
PFAS	4	0.52991	0.52887	0.999995	331	0	0.24335	0.24678	0.50256	0.920281	575	2	0.24335
SPOPL	4	0.53044	0.5293	0.999995	332	0	0.65945	0.36338	0.61657	0.993266	661	3	0.65945
NCOR2	4	0.53253	0.53144	0.999995	333	0	0.20671	0.408	0.65708	0.999995	688	2	0.20671
HOXB1	4	0.53409	0.53286	0.999995	334	0	0.20501	0.085251	0.22746	0.786036	304	2	0.20501
CLASP1	4	0.53461	0.53356	0.999995	335	0	0.27739	0.37624	0.62837	0.995551	670	2	0.27739
RPRD1B	4	0.53565	0.53456	0.999995	336	0	0.48611	0.24976	0.50539	0.920281	578	3	0.48611
MOGAT2	4	0.5372	0.53615	0.999995	337	0	0.45043	0.35695	0.61043	0.992186	651	3	0.45043
LARP1B	4	0.53824	0.53698	0.999995	338	0	0.14924	0.48937	0.7279	0.999995	735	1	0.14924
SIN3B	4	0.53875	0.53765	0.999995	339	0	0.069181	0.93785	0.96487	0.999995	921	1	0.069181
GPR151	4	0.53927	0.53822	0.999995	340	0	0.58242	0.33611	0.59063	0.989043	634	3	0.58242
CEACAM1	4	0.53979	0.53867	0.999995	341	0	0.32222	0.48019	0.72008	0.999995	728	3	0.32222
HMSD	4	0.54082	0.53959	0.999995	342	0	0.61989	0.17432	0.40402	0.876046	487	3	0.61989
E2F4	4	0.54133	0.53995	0.999995	343	0	0.30734	0.64443	0.83859	0.999995	808	2	0.30734
SYK	4	0.54287	0.54154	0.999995	344	0	0.64473	0.19371	0.43693	0.889392	518	3	0.64473
BZW1	3	0.54365	0.54225	0.999995	345	0	0.18205	0.93118	0.93847	0.999995	916	1	0.18205
MBD3L1	4	0.54492	0.54363	0.999995	346	0	0.31408	0.54441	0.77352	0.999995	762	2	0.31408
DNAJC15	4	0.54594	0.54469	0.999995	347	0	0.75542	0.030269	0.092682	0.733182	133	3	0.75542
CABP5	4	0.54645	0.5453	0.999995	348	0	0.20598	0.88105	0.94714	0.999995	895	2	0.20598
TPST2	4	0.54696	0.54591	0.999995	349	0	0.44251	0.24454	0.50009	0.920281	574	3	0.44251
FANCF	4	0.54747	0.54636	0.999995	350	0	0.2561	0.74643	0.88239	0.999995	838	2	0.2561
PDX1	4	0.54849	0.54738	0.999995	351	0	0.25543	0.81666	0.91517	0.999995	864	2	0.25543
RHOT1	4	0.55204	0.55081	0.999995	352	0	0.3612	0.3827	0.63441	0.999213	675	2	0.3612
ADSSL1	4	0.55254	0.55134	0.999995	353	0	0.21913	0.86585	0.93931	0.999995	886	2	0.21913
JUP	4	0.55456	0.55358	0.999995	354	0	0.48673	0.035123	0.10602	0.735619	150	3	0.48673
ANAPC4	4	0.55707	0.55657	0.999995	355	0	0.1826	0.91719	0.96017	0.999995	911	1	0.1826
KLF5	4	0.55807	0.55759	0.999995	356	0	0.31522	0.16421	0.38456	0.87153	465	2	0.31522
THRAP3	4	0.55907	0.55864	0.999995	357	0	-0.024948	0.99219	0.99262	0.999995	965	0	-0.024948
ARFGEF1	4	0.56056	0.56017	0.999995	358	0	0.51351	0.35889	0.61221	0.992186	654	3	0.51351
RNF10	4	0.56156	0.56117	0.999995	359	0	0.48337	0.41582	0.66451	0.999995	695	3	0.48337
SHMT1	4	0.56305	0.56278	0.999995	360	0	0.010404	0.97888	0.98147	0.999995	945	1	0.010404
SOS1	4	0.56354	0.56327	0.999995	361	0	0.15866	0.80822	0.91092	0.999995	862	2	0.15866
CRY1	4	0.56453	0.56431	0.999995	362	0	0.17554	0.68583	0.85545	0.999995	818	2	0.17554
ADGRG7	4	0.56503	0.56487	0.999995	363	0	0.31322	0.093851	0.24685	0.795943	326	2	0.31322
GYS1	4	0.56799	0.56783	0.999995	364	0	0.42995	0.53511	0.76595	0.999995	756	3	0.42995
GLT6D1	4	0.56848	0.56827	0.999995	365	0	0.53678	0.11535	0.29135	0.812747	379	3	0.53678
CLTA	4	0.56995	0.56972	0.999995	366	0	0.089461	0.3439	0.59834	0.990447	640	2	0.089461
CELA2A	4	0.57142	0.57111	0.999995	367	0	0.28452	0.53296	0.76424	0.999995	754	2	0.28452
LATS1	4	0.57239	0.57219	0.999995	368	0	0.48063	0.38619	0.63727	0.999832	677	3	0.48063
MYBPHL	4	0.57288	0.57267	0.999995	369	0	0.22773	0.23023	0.48493	0.920281	557	2	0.22773
IDH1	4	0.57386	0.57366	0.999995	370	0	0.71811	0.036704	0.11034	0.735619	157	3	0.71811
GSDMD	4	0.57531	0.57495	0.999995	371	0	0.44045	0.37202	0.62475	0.99528	667	3	0.44045
RBBP7	4	0.5758	0.57544	0.999995	372	0	0.31792	0.60305	0.82004	0.999995	795	3	0.31792
ERO1B	4	0.57628	0.57584	0.999995	373	0	0.48167	0.39037	0.64105	0.999995	679	3	0.48167
CLTCL1	4	0.57725	0.57678	0.999995	374	0	0.28535	0.48658	0.72549	0.999995	733	2	0.28535
TBC1D9	4	0.57822	0.57769	0.999995	375	0	0.33451	0.46786	0.7101	0.999995	720	2	0.33451
LSM14A	4	0.57918	0.57862	0.999995	376	0	0.78075	0.030893	0.09454	0.733182	137	3	0.78075
HNRNPH3	4	0.57967	0.57925	0.999995	377	0	0.52583	0.33497	0.58944	0.989043	632	3	0.52583
SLC25A24	4	0.58015	0.57979	0.999995	378	0	0.2733	0.64122	0.83716	0.999995	806	2	0.2733
UNC119B	4	0.58063	0.58025	0.999995	379	0	0.5171	0.35149	0.60553	0.992186	646	3	0.5171
TLN2	4	0.58207	0.5816	0.999995	380	0	0.56212	0.10661	0.27351	0.81082	351	3	0.56212
TRPC5	4	0.58351	0.58297	0.999995	381	0	0.44706	0.4473	0.69235	0.999995	714	3	0.44706
PIP4P1	4	0.58398	0.58343	0.999995	382	0	0.40997	0.33855	0.59316	0.990154	636	2	0.40997
SEC31B	4	0.58446	0.58391	0.999995	383	0	0.42405	0.4804	0.72028	0.999995	729	3	0.42405
ATP8B3	4	0.58494	0.58456	0.999995	384	0	0.7547	0.070262	0.19275	0.763872	266	3	0.7547
ENOX1	4	0.58542	0.58494	0.999995	385	0	0.60355	0.23703	0.49258	0.920281	565	3	0.60355
SEC23A	4	0.58589	0.58542	0.999995	386	0	0.13935	0.66723	0.84802	0.999995	813	1	0.13935
GIT2	4	0.58637	0.58577	0.999995	387	0	0.23716	0.33985	0.59422	0.990169	637	2	0.23716
SPAG9	4	0.58732	0.58675	0.999995	388	0	0.24273	0.47188	0.71327	0.999995	723	3	0.24273
PSMB9	4	0.58827	0.58762	0.999995	389	0	0.47561	0.2026	0.45138	0.892813	533	2	0.47561
AXL	4	0.58969	0.58909	0.999995	390	0	0.30548	0.70494	0.86396	0.999995	826	2	0.30548
PSEN1	4	0.59016	0.58968	0.999995	391	0	0.31352	0.50106	0.7379	0.999995	741	3	0.31352
PHLDA1	4	0.59111	0.59077	0.999995	392	0	0.41763	0.2527	0.50814	0.920281	583	3	0.41763
PTF1A	4	0.59158	0.59118	0.999995	393	0	0.26081	0.84227	0.92788	0.999995	877	2	0.26081
VPS26A	4	0.59205	0.59162	0.999995	394	0	0.20488	0.38077	0.63265	0.99793	674	2	0.20488
BZW2	4	0.59299	0.59264	0.999995	395	0	0.12969	0.86379	0.93811	0.999995	885	2	0.12969
HMG20B	4	0.59393	0.59348	0.999995	396	0	0.3751	0.38654	0.63763	0.999832	678	3	0.3751
UTRN	4	0.5944	0.59401	0.999995	397	0	0.31902	0.36502	0.61841	0.994277	662	2	0.31902
SLC25A28	4	0.59487	0.5944	0.999995	398	0	0.02813	0.9921	0.99247	0.999995	964	0	0.02813
LSM14B	4	0.59534	0.5948	0.999995	399	0	0.34205	0.27037	0.52619	0.932705	597	3	0.34205
CCNE1	4	0.59581	0.59534	0.999995	400	0	0.40854	0.44338	0.6892	0.999995	710	3	0.40854
ARHGEF7	4	0.59627	0.59577	0.999995	401	0	0.34089	0.64655	0.83938	0.999995	809	2	0.34089
RAMP2	4	0.59674	0.59625	0.999995	402	0	0.55212	0.018667	0.05928	0.702767	81	2	0.55212
LATS2	4	0.6	0.59942	0.999995	403	0	0.41007	0.41929	0.66771	0.999995	699	3	0.41007
NHLRC1	4	0.60046	0.59979	0.999995	404	0	0.49722	0.19482	0.43882	0.889395	521	3	0.49722
TANK	4	0.60093	0.60022	0.999995	405	0	0.40652	0.57066	0.7951	0.999995	781	2	0.40652
EXOC6B	4	0.60185	0.60109	0.999995	406	0	0.67111	0.025134	0.07826	0.702767	115	2	0.67111
FBLN1	4	0.60231	0.60161	0.999995	407	0	0.3336	0.53063	0.76242	0.999995	751	3	0.3336
IPO5	4	0.60278	0.60212	0.999995	408	0	0.17584	0.75124	0.88482	0.999995	840	2	0.17584
BCAP31	4	0.60324	0.60271	0.999995	409	0	0.024104	0.95401	0.97016	0.999995	929	1	0.024104
VRTN	4	0.60462	0.60397	0.999995	410	0	0.33444	0.18925	0.42991	0.889392	510	3	0.33444
AMELX	4	0.60554	0.60494	0.999995	411	0	0.57973	0.26318	0.51916	0.925659	592	3	0.57973
FOXK2	4	0.606	0.60542	0.999995	412	0	0.12312	0.8826	0.94792	0.999995	899	1	0.12312
MYH7	4	0.60646	0.60592	0.999995	413	0	0.24006	0.58337	0.80501	0.999995	786	3	0.24006
DCAF8L1	4	0.60829	0.60772	0.999995	414	0	0.50954	0.36175	0.61487	0.992186	659	3	0.50954
TOP2B	4	0.60874	0.60807	0.999995	415	0	0.39913	0.43733	0.68403	0.999995	705	3	0.39913
PTCH2	4	0.6092	0.60853	0.999995	416	0	0.49685	0.19003	0.43114	0.889392	511	3	0.49685
NSDHL	4	0.61193	0.61146	0.999995	417	0	0.5159	0.049348	0.14257	0.753768	200	3	0.5159
UNC45A	4	0.61284	0.61232	0.999995	418	0	0.32604	0.61238	0.82588	0.999995	799	2	0.32604
CSTF2	4	0.61329	0.61278	0.999995	419	0	0.35259	0.48579	0.72465	0.999995	731	3	0.35259
SLCO2B1	4	0.61465	0.61417	0.999995	420	0	0.37914	0.47073	0.71246	0.999995	721	2	0.37914
ADM	4	0.6151	0.61458	0.999995	421	0	0.39996	0.10219	0.26467	0.81082	345	2	0.39996
NET1	4	0.61555	0.61493	0.999995	422	0	0.25675	0.019691	0.062316	0.702767	89	2	0.25675
SNX2	4	0.61645	0.61567	0.999995	423	0	0.31807	0.3138	0.56906	0.97448	621	2	0.31807
SPTAN1	4	0.61735	0.61655	0.999995	424	0	0.16266	0.80721	0.91046	0.999995	860	1	0.16266
CDK5R1	4	0.61869	0.61795	0.999995	425	0	0.30543	0.052896	0.15127	0.756015	211	2	0.30543
YAF2	4	0.61914	0.61841	0.999995	426	0	0.4123	0.29152	0.5475	0.947644	611	2	0.4123
DMXL1	4	0.62003	0.61941	0.999995	427	0	0.40661	0.42353	0.67134	0.999995	701	3	0.40661
ZMIZ1	4	0.62092	0.62034	0.999995	428	0	0.45718	0.14036	0.34083	0.84808	424	3	0.45718
RRAGD	4	0.62226	0.62187	0.999995	429	0	0.45859	0.24079	0.49631	0.920281	567	3	0.45859
RIC8B	4	0.62315	0.62281	0.999995	430	0	0.53178	0.39244	0.64287	0.999995	680	3	0.53178
MRPL55	4	0.62359	0.62322	0.999995	431	0	0.25216	0.26159	0.51743	0.924924	591	3	0.25216
GNB3	4	0.62404	0.62373	0.999995	432	0	0.40128	0.11256	0.28583	0.81082	371	3	0.40128
RPP14	4	0.62448	0.62419	0.999995	433	0	0.62898	0.19062	0.43205	0.889392	512	3	0.62898
GMPR	4	0.62492	0.62467	0.999995	434	0	0.49	0.24385	0.49957	0.920281	573	3	0.49
NMT2	4	0.62536	0.62506	0.999995	435	0	0.26538	0.54979	0.77806	0.999995	770	3	0.26538
EPC1	4	0.6258	0.62557	0.999995	436	0	0.34447	0.35592	0.60945	0.992186	649	2	0.34447
EPHA2	4	0.62625	0.62593	0.999995	437	0	0.40468	0.24854	0.50439	0.920281	577	3	0.40468
TMEM120A	4	0.62757	0.62726	0.999995	438	0	0.23868	0.060844	0.17054	0.763872	238	3	0.23868
SPATA16	4	0.62801	0.62769	0.999995	439	0	0.22087	0.31588	0.57113	0.974881	623	2	0.22087
FLNC	4	0.62932	0.6289	0.999995	440	0	0.5899	0.12698	0.31401	0.836088	396	3	0.5899
RANBP9	4	0.6302	0.62977	0.999995	441	0	0.46869	0.23619	0.49158	0.920281	563	3	0.46869
G3BP1	4	0.63064	0.63017	0.999995	442	0	0.28244	0.87867	0.94593	0.999995	892	2	0.28244
PRKAB1	4	0.63195	0.6313	0.999995	443	0	0.67121	0.22118	0.47564	0.911724	550	3	0.67121
ARID4A	4	0.63238	0.63173	0.999995	444	0	0.35825	0.47142	0.71294	0.999995	722	3	0.35825
SHMT2	4	0.63325	0.63264	0.999995	445	0	0.70326	0.07042	0.19313	0.763872	267	3	0.70326
RNF2	3	0.63448	0.63371	0.999995	446	0	0.34103	0.57894	0.74434	0.999995	785	2	0.34103
ZNF418	4	0.63456	0.63385	0.999995	447	0	0.55359	0.017872	0.056879	0.702767	77	2	0.55359
NXT2	4	0.63499	0.63435	0.999995	448	0	0.44509	0.048459	0.14051	0.753768	193	3	0.44509
NCKAP1	4	0.63586	0.63525	0.999995	449	0	0.13221	0.84214	0.92786	0.999995	876	1	0.13221
STRIP1	4	0.63672	0.63595	0.999995	450	0	0.25934	0.65429	0.84247	0.999995	810	2	0.25934
LOR	4	0.63715	0.63638	0.999995	451	0	0.51623	0.26357	0.51959	0.925659	593	3	0.51623
AP1G1	4	0.63801	0.63723	0.999995	452	0	0.36547	0.32692	0.58167	0.981798	629	2	0.36547
GOLPH3L	4	0.63887	0.63806	0.999995	453	0	0.24531	0.19788	0.44367	0.892395	525	2	0.24531
NRBP2	4	0.63973	0.63894	0.999995	454	0	0.21369	0.91459	0.95963	0.999995	910	1	0.21369
SLC25A25	4	0.64016	0.6393	0.999995	455	0	0.36363	0.55347	0.78107	0.999995	775	3	0.36363
IFIH1	4	0.64059	0.6397	0.999995	456	0	0.46476	0.36583	0.61908	0.994277	663	3	0.46476
CYP26C1	4	0.6423	0.6415	0.999995	457	0	0.63515	0.1117	0.28415	0.81082	368	3	0.63515
PTPN21	4	0.64273	0.64205	0.999995	458	0	0.38498	0.68155	0.85363	0.999995	816	2	0.38498
CADPS2	4	0.6457	0.64537	0.999995	459	0	0.6588	0.0050653	0.018004	0.629013	29	3	0.6588
MTA1	4	0.64613	0.64571	0.999995	460	0	0.09066	0.78685	0.90093	0.999995	852	1	0.09066
IDH2	4	0.64697	0.64641	0.999995	461	0	0.60723	0.21472	0.46879	0.908909	544	3	0.60723
TYMS	4	0.64739	0.64673	0.999995	462	0	0.6929	0.16477	0.38561	0.87153	467	3	0.6929
MMD2	4	0.64782	0.64709	0.999995	463	0	0.10442	0.39671	0.64688	0.999995	682	1	0.10442
XYLT1	4	0.64824	0.64753	0.999995	464	0	0.5731	0.063274	0.17653	0.763872	243	3	0.5731
KRT74	4	0.64908	0.64825	0.999995	465	0	0.49194	0.14007	0.34025	0.84808	421	3	0.49194
KIAA0319L	4	0.65034	0.64969	0.999995	466	0	0.61425	0.20256	0.45134	0.892813	532	3	0.61425
LBX1	4	0.65076	0.65014	0.999995	467	0	0.62551	0.17458	0.4044	0.876046	488	3	0.62551
PTPN6	4	0.6516	0.65108	0.999995	468	0	0.41919	0.2561	0.51165	0.920281	587	3	0.41919
TAP1	4	0.65285	0.6523	0.999995	469	0	0.47541	0.21887	0.47332	0.908909	549	3	0.47541
CYFIP2	4	0.65368	0.65315	0.999995	470	0	0.25908	0.32142	0.57652	0.979349	626	2	0.25908
RAP1GAP	4	0.6541	0.65345	0.999995	471	0	0.22696	0.56602	0.79143	0.999995	778	2	0.22696
AP5M1	4	0.65452	0.65394	0.999995	472	0	0.30157	0.34323	0.59761	0.990447	639	2	0.30157
BARHL1	4	0.65742	0.65685	0.999995	473	0	0.43464	0.29203	0.54802	0.947644	612	3	0.43464
TOB1	4	0.65783	0.65732	0.999995	474	0	0.35124	0.34793	0.60224	0.992186	644	3	0.35124
DMXL2	4	0.65989	0.65926	0.999995	475	0	0.17849	0.96451	0.97415	0.999995	937	1	0.17849
ABTB2	4	0.66112	0.66054	0.999995	476	0	0.54598	0.16249	0.38156	0.87153	458	3	0.54598
CAP2	4	0.66153	0.66092	0.999995	477	0	0.2182	0.50969	0.74539	0.999995	743	1	0.2182
NDEL1	4	0.66194	0.66132	0.999995	478	0	0.44591	0.13097	0.32224	0.837437	405	2	0.44591
RHBDF1	4	0.66235	0.66168	0.999995	479	0	0.25585	0.78644	0.90079	0.999995	851	2	0.25585
IMPDH1	4	0.66276	0.662	0.999995	480	0	0.54908	0.31493	0.57011	0.974713	622	3	0.54908
MYBPH	4	0.66317	0.66244	0.999995	481	0	0.67708	0.033071	0.1008	0.733182	145	3	0.67708
STAM	4	0.66398	0.66314	0.999995	482	0	0.35466	0.39982	0.64967	0.999995	684	2	0.35466
DMP1	4	0.66561	0.66495	0.999995	483	0	0.56191	0.12347	0.30731	0.82553	393	3	0.56191
RING1	4	0.66601	0.66522	0.999995	484	0	0.18612	0.07572	0.20581	0.784168	278	2	0.18612
CASP4	4	0.66642	0.66565	0.999995	485	0	0.34303	0.35924	0.61253	0.992186	655	3	0.34303
GXYLT1	4	0.66763	0.66705	0.999995	486	0	0.4518	0.24347	0.49917	0.920281	571	3	0.4518
ULK2	4	0.66965	0.66913	0.999995	487	0	0.29277	0.28912	0.54493	0.946932	609	2	0.29277
UMPS	4	0.67005	0.66956	0.999995	488	0	0.76679	0.035503	0.10718	0.735619	152	3	0.76679
ARFGEF2	4	0.67085	0.67034	0.999995	489	0	0.67737	0.15847	0.37428	0.87153	452	3	0.67737
VPS26B	4	0.67125	0.67071	0.999995	490	0	0.52802	0.25231	0.50779	0.920281	581	3	0.52802
MTMR4	4	0.67205	0.67161	0.999995	491	0	0.2952	0.5102	0.74587	0.999995	744	2	0.2952
GCM2	4	0.67245	0.67211	0.999995	492	0	0.25396	0.85132	0.93242	0.999995	879	2	0.25396
CD72	4	0.67325	0.67281	0.999995	493	0	0.31648	0.1134	0.28736	0.81082	374	2	0.31648
AIPL1	4	0.67365	0.67317	0.999995	494	0	0.58535	0.099835	0.25935	0.801504	342	3	0.58535
PAPSS1	4	0.67405	0.67354	0.999995	495	0	0.50501	0.41376	0.66241	0.999995	691	3	0.50501
SLC11A2	4	0.67484	0.67441	0.999995	496	0	0.2736	0.83675	0.92499	0.999995	871	2	0.2736
CAVIN1	4	0.67524	0.67488	0.999995	497	0	0.3331	0.19945	0.44614	0.892813	527	2	0.3331
MAT1A	4	0.67603	0.67568	0.999995	498	0	0.39853	0.44534	0.69074	0.999995	711	3	0.39853
FLOT1	4	0.67643	0.67594	0.999995	499	0	0.61293	0.05201	0.14895	0.756015	207	3	0.61293
KIAA0319	4	0.67683	0.67638	0.999995	500	0	0.2681	0.43913	0.6855	0.999995	707	3	0.2681
TGM6	4	0.67801	0.67734	0.999995	501	0	0.75301	0.016961	0.054301	0.702767	73	3	0.75301
IRF8	4	0.6784	0.67776	0.999995	502	0	0.2746	0.01605	0.051593	0.702767	71	3	0.2746
ABL2	4	0.6788	0.67811	0.999995	503	0	0.39334	0.32073	0.57574	0.979349	625	2	0.39334
PAX4	4	0.67998	0.67943	0.999995	504	0	0.29229	0.56452	0.7903	0.999995	777	3	0.29229
CDK17	4	0.68115	0.68049	0.999995	505	0	0.28325	0.80342	0.90846	0.999995	857	2	0.28325
GDF15	4	0.68194	0.68139	0.999995	506	0	0.76781	0.060629	0.17004	0.763872	237	3	0.76781
PLCG1	4	0.68272	0.68217	0.999995	507	0	0.47377	0.28195	0.53791	0.940406	604	3	0.47377
TGFBR2	4	0.68389	0.68322	0.999995	508	0	0.62866	0.060609	0.17	0.763872	236	3	0.62866
FOXE3	4	0.68427	0.68357	0.999995	509	0	0.4921	0.2153	0.46947	0.908909	545	3	0.4921
DBT	4	0.68505	0.68441	0.999995	510	0	0.44597	0.11002	0.28083	0.81082	362	3	0.44597
PLEK2	4	0.68544	0.68482	0.999995	511	0	0.31931	0.37754	0.6296	0.995551	672	2	0.31931
PAPSS2	4	0.68583	0.68523	0.999995	512	0	0.469	0.16009	0.37717	0.87153	455	2	0.469
G3BP2	4	0.68621	0.68568	0.999995	513	0	0.4476	0.51763	0.75196	0.999995	747	3	0.4476
JAG2	4	0.68737	0.68682	0.999995	514	0	0.21583	0.14828	0.35594	0.852388	439	2	0.21583
DEGS2	4	0.68814	0.68752	0.999995	515	0	0.41756	0.46286	0.70579	0.999995	718	3	0.41756
NLRP8	4	0.68853	0.68791	0.999995	516	0	0.32384	0.59108	0.81091	0.999995	791	2	0.32384
CHML	4	0.6893	0.68865	0.999995	517	0	0.71641	0.053782	0.15345	0.756551	216	3	0.71641
SMC1B	4	0.68968	0.68899	0.999995	518	0	0.46436	0.24304	0.49875	0.920281	570	2	0.46436
RHOT2	4	0.69006	0.68952	0.999995	519	0	0.26562	0.60715	0.8229	0.999995	797	3	0.26562
CNOT7	4	0.69159	0.69109	0.999995	520	0	0.39219	0.17016	0.39613	0.876046	477	3	0.39219
FKBP4	4	0.69198	0.69155	0.999995	521	0	0.37409	0.42237	0.67037	0.999995	700	3	0.37409
BRSK2	4	0.6935	0.69298	0.999995	522	0	0.42055	0.51421	0.74901	0.999995	746	3	0.42055
GRHL2	4	0.69388	0.69334	0.999995	523	0	0.15913	0.60829	0.82382	0.999995	798	1	0.15913
MECOM	4	0.69502	0.69465	0.999995	524	0	0.8731	0.065784	0.18213	0.763872	249	3	0.8731
RPL27A	2	0.69566	0.6946	0.999995	525	0	0.53816	0.26579	0.40361	0.876046	595	2	0.53816
HEATR5A	4	0.69577	0.6955	0.999995	526	0	0.44705	0.19676	0.44187	0.892155	523	3	0.44705
TMEM30A	4	0.69691	0.69665	0.999995	527	0	0.35005	0.52575	0.75888	0.999995	749	3	0.35005
SEC31A	4	0.69728	0.69693	0.999995	528	0	0.40628	0.54338	0.77266	0.999995	761	3	0.40628
COPS7B	4	0.69766	0.69723	0.999995	529	0	0.30367	0.80491	0.90927	0.999995	858	2	0.30367
PDCD4	4	0.69803	0.69764	0.999995	530	0	0.69622	0.025934	0.08052	0.702767	120	3	0.69622
RAP1GAP2	4	0.69841	0.69811	0.999995	531	0	0.62702	0.012646	0.041841	0.702767	56	3	0.62702
ZNF34	4	0.69916	0.69891	0.999995	532	0	0.4104	0.23507	0.49039	0.920281	562	3	0.4104
ACTL6B	4	0.69991	0.69972	0.999995	533	0	0.3299	0.5347	0.76556	0.999995	755	3	0.3299
UNC45B	4	0.70028	0.70019	0.999995	534	0	0.20903	0.83852	0.92598	0.999995	872	2	0.20903
ZNF423	4	0.7014	0.70119	0.999995	535	0	0.46903	0.43986	0.68611	0.999995	708	3	0.46903
FAM71B	4	0.70178	0.70156	0.999995	536	0	0.55075	0.17197	0.39969	0.876046	482	3	0.55075
CBLL1	4	0.70215	0.70183	0.999995	537	0	0.58119	0.095564	0.25049	0.795943	330	3	0.58119
AP2A1	4	0.70289	0.70259	0.999995	538	0	0.42517	0.25421	0.50988	0.920281	584	3	0.42517
SNX6	4	0.70326	0.7029	0.999995	539	0	0.29897	0.52676	0.7595	0.999995	750	3	0.29897
MRGPRX2	4	0.70363	0.70332	0.999995	540	0	0.57541	0.34427	0.59868	0.990447	641	3	0.57541
CCNE2	4	0.70437	0.70399	0.999995	541	0	0.35374	0.59116	0.81096	0.999995	792	3	0.35374
EPS15	4	0.70474	0.70435	0.999995	542	0	0.46379	0.26943	0.52522	0.932559	596	3	0.46379
TOP1MT	4	0.70548	0.70499	0.999995	543	0	0.17417	0.30611	0.5619	0.96533	619	2	0.17417
YIPF5	4	0.70585	0.70526	0.999995	544	0	0.69626	0.082139	0.22024	0.784168	297	3	0.69626
RECK	4	0.70622	0.70566	0.999995	545	0	0.32978	0.37689	0.62894	0.995551	671	2	0.32978
LRFN1	4	0.70659	0.70595	0.999995	546	0	0.39416	0.34058	0.59504	0.990169	638	3	0.39416
USP13	4	0.70696	0.70638	0.999995	547	0	0.57158	0.083523	0.22349	0.784319	302	3	0.57158
AP1G2	4	0.70732	0.70666	0.999995	548	0	0.42898	0.41499	0.66362	0.999995	694	2	0.42898
PEF1	4	0.70769	0.70695	0.999995	549	0	0.25949	0.8568	0.93482	0.999995	880	2	0.25949
NRBP1	4	0.70842	0.70782	0.999995	550	0	0.60598	0.13775	0.33572	0.845288	419	3	0.60598
SAFB2	4	0.70879	0.70813	0.999995	551	0	0.3544	0.69439	0.85935	0.999995	823	2	0.3544
TMEM120B	4	0.70915	0.70861	0.999995	552	0	0.48679	0.23224	0.48708	0.920281	559	3	0.48679
CBLL2	4	0.70988	0.70935	0.999995	553	0	0.65164	0.068854	0.1896	0.763872	261	3	0.65164
PLCG2	4	0.71025	0.70973	0.999995	554	0	0.38386	0.13429	0.32907	0.837437	412	3	0.38386
COPZ2	4	0.71134	0.71076	0.999995	555	0	0.63256	0.059177	0.16658	0.763872	233	3	0.63256
SLC25A2	4	0.71315	0.7125	0.999995	556	0	0.45104	0.36187	0.61497	0.992186	660	3	0.45104
GBX2	4	0.71496	0.71414	0.999995	557	0	0.46319	0.40551	0.65496	0.999995	686	3	0.46319
HRAS	4	0.71532	0.71453	0.999995	558	0	0.32581	0.53216	0.7637	0.999995	753	3	0.32581
FOXB1	4	0.71604	0.71521	0.999995	559	0	0.26422	0.25495	0.5105	0.920281	585	2	0.26422
AHCYL2	4	0.71639	0.71565	0.999995	560	0	0.83017	0.024167	0.07556	0.702767	109	3	0.83017
PPP2CA	8	0.71683	0.71861	0.999995	561	1	0.5425	0.14098	0.41968	0.882646	426	6	0.5425
PPP3R2	4	0.71818	0.71737	0.999995	562	0	0.21811	0.70769	0.86511	0.999995	827	2	0.21811
CLCA1	4	0.71961	0.71898	0.999995	563	0	0.49192	0.3761	0.62826	0.995551	669	3	0.49192
CDS1	4	0.72032	0.71958	0.999995	564	0	0.3523	0.5502	0.77826	0.999995	772	3	0.3523
TNKS2	4	0.72103	0.72033	0.999995	565	0	0.4905	0.20922	0.46232	0.902513	541	3	0.4905
OSBPL6	4	0.72138	0.72063	0.999995	566	0	0.38566	0.54734	0.77598	0.999995	766	3	0.38566
CADPS	4	0.72174	0.72097	0.999995	567	0	0.32862	0.54877	0.7772	0.999995	769	2	0.32862
HUS1B	4	0.72209	0.72139	0.999995	568	0	0.37427	0.34457	0.59894	0.990447	642	3	0.37427
MT2A	4	0.72244	0.72173	0.999995	569	0	0.48625	0.11121	0.28322	0.81082	366	3	0.48625
TPST1	4	0.72315	0.72246	0.999995	570	0	0.41814	0.28123	0.53715	0.940406	603	2	0.41814
MACF1	4	0.72455	0.72397	0.999995	571	0	0.52559	0.23345	0.48853	0.920281	561	3	0.52559
FEZ2	4	0.7249	0.72446	0.999995	572	0	0.43039	0.47699	0.71759	0.999995	727	3	0.43039
ISL1	4	0.72595	0.72541	0.999995	573	0	0.58664	0.17827	0.41057	0.87853	494	3	0.58664
CRYBB2	4	0.7263	0.72577	0.999995	574	0	0.77323	0.0026547	0.0098123	0.547421	19	3	0.77323
TRPC7	4	0.72735	0.72676	0.999995	575	0	0.4308	0.41428	0.66289	0.999995	693	3	0.4308
NXT1	4	0.7277	0.72712	0.999995	576	0	0.56846	0.14015	0.34038	0.84808	422	3	0.56846
PTPN14	4	0.72804	0.72748	0.999995	577	0	0.49084	0.3606	0.61374	0.992186	656	3	0.49084
RSBN1	4	0.72943	0.72866	0.999995	578	0	0.30753	0.57681	0.79968	0.999995	784	3	0.30753
ZNF146	4	0.72978	0.72905	0.999995	579	0	0.75411	0.036385	0.10973	0.735619	154	3	0.75411
ATOH1	4	0.73081	0.73005	0.999995	580	0	0.72142	0.0964	0.25207	0.795943	333	3	0.72142
STX12	4	0.73185	0.7311	0.999995	581	0	0.31117	0.68814	0.85652	0.999995	821	2	0.31117
FKBP5	4	0.73253	0.73168	0.999995	582	0	0.5472	0.36134	0.61443	0.992186	658	3	0.5472
TTC23	4	0.73322	0.73226	0.999995	583	0	0.58643	0.22563	0.48005	0.916403	553	3	0.58643
EAF2	4	0.7339	0.73311	0.999995	584	0	0.50681	0.30468	0.56035	0.964246	618	3	0.50681
PXDN	4	0.73561	0.73494	0.999995	585	0	0.47548	0.12515	0.31075	0.831796	395	3	0.47548
RXFP3	4	0.73629	0.73565	0.999995	586	0	0.53251	0.20884	0.46176	0.902513	540	3	0.53251
APOBEC1	4	0.73697	0.73635	0.999995	587	0	0.33308	0.58446	0.80579	0.999995	788	2	0.33308
ESRP2	4	0.73731	0.73674	0.999995	588	0	0.43718	0.36943	0.6225	0.99528	664	3	0.43718
TBK1	4	0.73764	0.73704	0.999995	589	0	0.21302	0.88241	0.94787	0.999995	897	1	0.21302
DENND5A	4	0.73832	0.73776	0.999995	590	0	0.35644	0.55152	0.77939	0.999995	774	2	0.35644
TOMM20	3	0.73981	0.74065	0.999995	591	0	0.77723	0.075813	0.17353	0.763872	279	3	0.77723
CLTB	4	0.74	0.73952	0.999995	592	0	0.4664	0.3033	0.55918	0.963785	617	3	0.4664
YBX3	4	0.74034	0.73975	0.999995	593	0	0.34752	0.55143	0.77932	0.999995	773	3	0.34752
ADAP1	4	0.74135	0.74078	0.999995	594	0	0.46152	0.12096	0.3021	0.821084	389	2	0.46152
IQCA1	4	0.74201	0.74149	0.999995	595	0	0.28628	0.59362	0.81275	0.999995	793	3	0.28628
ZNF284	4	0.74301	0.74249	0.999995	596	0	0.42572	0.35768	0.61105	0.992186	652	3	0.42572
FSD1L	4	0.74335	0.74287	0.999995	597	0	0.63251	0.16291	0.38229	0.87153	460	3	0.63251
CRNN	4	0.74434	0.74392	0.999995	598	0	0.55336	0.27257	0.52831	0.933342	598	3	0.55336
ACTL7A	4	0.74567	0.74534	0.999995	599	0	0.25647	0.85751	0.93506	0.999995	881	2	0.25647
GOLT1B	4	0.74732	0.74713	0.999995	600	0	0.48601	0.26452	0.5205	0.925718	594	3	0.48601
SERPINA12	8	0.74768	0.74762	0.999995	601	1	0.65846	0.19177	0.5131	0.920281	514	5	0.65846
ZDHHC17	4	0.74863	0.74867	0.999995	602	0	0.8452	0.0077296	0.02641	0.699876	39	3	0.8452
NBEAL1	4	0.74994	0.75006	0.999995	603	0	0.60103	0.28083	0.53679	0.940406	602	3	0.60103
GALNT5	4	0.75026	0.75035	0.999995	604	0	0.46684	0.20878	0.46167	0.902513	539	3	0.46684
ABCC3	4	0.75059	0.7507	0.999995	605	0	0.34621	0.098982	0.25752	0.800402	339	3	0.34621
CHUK	8	0.75098	0.75071	0.999995	606	0	0.45722	0.3018	0.65042	0.999995	616	6	0.45722
SLC11A1	4	0.75124	0.75139	0.999995	607	0	0.64879	0.12853	0.31724	0.837437	399	3	0.64879
DST	4	0.75189	0.75205	0.999995	608	0	0.46793	0.16372	0.38365	0.87153	463	3	0.46793
RSBN1L	4	0.75254	0.75265	0.999995	609	0	0.32884	0.818	0.9159	0.999995	865	2	0.32884
BTBD11	4	0.75286	0.75302	0.999995	610	0	0.35673	0.47344	0.71467	0.999995	724	3	0.35673
LRBA	4	0.75318	0.75332	0.999995	611	0	0.48401	0.33783	0.59249	0.990154	635	3	0.48401
GDI2	8	0.7537	0.75348	0.999995	612	0	0.48752	0.08278	0.29146	0.812747	299	7	0.48752
NBEA	4	0.75415	0.75415	0.999995	613	0	0.58378	0.0206	0.064828	0.702767	96	3	0.58378
SLITRK1	4	0.75447	0.75452	0.999995	614	0	0.2528	0.54798	0.77658	0.999995	767	2	0.2528
ERN1	4	0.7564	0.75634	0.999995	615	0	0.45291	0.22637	0.48068	0.916403	555	3	0.45291
PRDM16	4	0.75672	0.75667	0.999995	616	0	0.39842	0.29073	0.54665	0.947644	610	3	0.39842
CNOT6	4	0.75768	0.75766	0.999995	617	0	0.53366	0.078758	0.21253	0.784168	284	3	0.53366
TBR1	4	0.75958	0.75973	0.999995	618	0	0.35868	0.4179	0.66649	0.999995	697	3	0.35868
SPDEF	4	0.76053	0.76077	0.999995	619	0	0.60521	0.11578	0.29221	0.812747	380	3	0.60521
XRCC4	4	0.76085	0.76104	0.999995	620	0	0.34845	0.58378	0.80523	0.999995	787	3	0.34845
CYP7A1	4	0.76148	0.76169	0.999995	621	0	0.54168	0.28268	0.53852	0.940406	606	3	0.54168
DDI1	8	0.76276	0.76195	0.999995	622	0	0.49375	0.052458	0.21437	0.784168	210	6	0.49375
IL10RA	4	0.76305	0.76325	0.999995	623	0	0.60194	0.1523	0.36325	0.861397	444	3	0.60194
PUM2	4	0.76368	0.76391	0.999995	624	0	0.30212	0.14747	0.35439	0.852388	437	2	0.30212
TAS1R2	4	0.76399	0.76417	0.999995	625	0	0.58738	0.28634	0.5422	0.943724	608	3	0.58738
FRS2	4	0.76492	0.76504	0.999995	626	0	0.34781	0.16533	0.38669	0.872098	468	3	0.34781
AP3M1	4	0.76617	0.76641	0.999995	627	0	0.30999	0.58501	0.80618	0.999995	789	3	0.30999
JAG1	4	0.76648	0.76675	0.999995	628	0	0.5529	0.39978	0.64958	0.999995	683	3	0.5529
HACD1	4	0.7671	0.76745	0.999995	629	0	0.48363	0.19123	0.4331	0.889392	513	3	0.48363
ZNF185	4	0.76741	0.76777	0.999995	630	0	0.3678	0.45991	0.70331	0.999995	717	3	0.3678
DUSP10	4	0.76772	0.7681	0.999995	631	0	0.42732	0.25262	0.50807	0.920281	582	3	0.42732
NOX3	4	0.76864	0.76903	0.999995	632	0	0.37187	0.018782	0.059597	0.702767	83	3	0.37187
FLT1	4	0.76925	0.76957	0.999995	633	0	0.50716	0.24295	0.49872	0.920281	569	3	0.50716
SMARCC2	4	0.76956	0.76979	0.999995	634	0	0.59944	0.16681	0.38953	0.873579	470	3	0.59944
STRIP2	4	0.7714	0.7718	0.999995	635	0	0.70257	0.11662	0.29366	0.812747	382	3	0.70257
TCF4	4	0.77262	0.77318	0.999995	636	0	0.59405	0.04832	0.14015	0.753768	192	3	0.59405
KAT6B	4	0.77353	0.77411	0.999995	637	0	0.53926	0.1635	0.38325	0.87153	462	3	0.53926
SERPINA11	4	0.77383	0.77441	0.999995	638	0	0.44811	0.40854	0.65754	0.999995	690	3	0.44811
TUBB2B	2	0.77495	0.77289	0.999995	639	0	0.41699	0.22505	0.3499	0.84994	552	2	0.41699
GBP3	4	0.77504	0.77561	0.999995	640	0	0.56064	0.26023	0.51604	0.923995	590	3	0.56064
IAPP	4	0.77534	0.77588	0.999995	641	0	0.71258	0.16939	0.39465	0.876046	476	3	0.71258
PPP3CC	4	0.77684	0.77724	0.999995	642	0	0.66926	0.089751	0.23789	0.79139	316	3	0.66926
TTC7B	4	0.77833	0.77886	0.999995	643	0	0.75694	0.062208	0.17385	0.763872	240	3	0.75694
ATP6V1B1	4	0.77893	0.77941	0.999995	644	0	0.43226	0.35878	0.6121	0.992186	653	3	0.43226
TRAPPC3L	4	0.77952	0.77996	0.999995	645	0	0.56346	0.2118	0.46569	0.907085	542	3	0.56346
PSMB8	4	0.77982	0.78031	0.999995	646	0	0.52635	0.10836	0.27744	0.81082	358	3	0.52635
XPO7	4	0.78071	0.7811	0.999995	647	0	0.62393	0.1353	0.33102	0.837437	417	3	0.62393
TFDP3	4	0.781	0.78141	0.999995	648	0	0.4959	0.37091	0.62374	0.99528	665	3	0.4959
STX7	4	0.78189	0.78241	0.999995	649	0	0.45307	0.45686	0.70043	0.999995	716	3	0.45307
KRT37	4	0.78218	0.78268	0.999995	650	0	0.55898	0.3191	0.57413	0.978423	624	3	0.55898
ARSJ	4	0.78248	0.78301	0.999995	651	0	0.48797	0.34749	0.60175	0.992186	643	3	0.48797
AOX1	4	0.78306	0.78351	0.999995	652	0	0.43438	0.33103	0.58564	0.986927	630	3	0.43438
REG3A	4	0.78394	0.78452	0.999995	653	0	0.54496	0.2124	0.46638	0.907085	543	3	0.54496
ESRP1	4	0.78424	0.78483	0.999995	654	0	0.34935	0.56165	0.78783	0.999995	776	3	0.34935
LIN28B	4	0.78453	0.78502	0.999995	655	0	0.54071	0.012399	0.041084	0.702767	54	3	0.54071
IL6ST	4	0.7854	0.78573	0.999995	656	0	0.57682	0.15839	0.37417	0.87153	451	3	0.57682
ATP6V1E2	4	0.78598	0.78622	0.999995	657	0	0.44415	0.44735	0.69237	0.999995	715	3	0.44415
SLC25A15	4	0.78627	0.7865	0.999995	658	0	0.63414	0.1016	0.2633	0.81082	344	3	0.63414
CAND2	4	0.78656	0.78688	0.999995	659	0	0.50407	0.065238	0.18103	0.763872	246	3	0.50407
TMEM9B	4	0.78743	0.78782	0.999995	660	0	0.31403	0.16694	0.38981	0.873579	471	3	0.31403
ADAP2	4	0.78772	0.78804	0.999995	661	0	0.5841	0.25737	0.51301	0.920281	589	3	0.5841
KLK12	4	0.7883	0.78859	0.999995	662	0	0.67152	0.068079	0.18768	0.763872	256	3	0.67152
SMAP1	4	0.78858	0.78889	0.999995	663	0	0.52729	0.21823	0.47258	0.908909	547	3	0.52729
HTR3D	4	0.78887	0.78911	0.999995	664	0	0.40445	0.044007	0.12964	0.753768	182	3	0.40445
MTMR3	4	0.79031	0.79057	0.999995	665	0	0.34751	0.2325	0.48742	0.920281	560	3	0.34751
GPSM2	4	0.79088	0.79126	0.999995	666	0	0.67422	0.0087371	0.029465	0.702767	42	4	0.67422
PDS5B	4	0.79145	0.7918	0.999995	667	0	0.4622	0.20855	0.46133	0.902513	538	4	0.4622
CTCFL	4	0.79202	0.7924	0.999995	668	0	0.61807	0.024436	0.076205	0.702767	112	4	0.61807
VANGL2	4	0.7923	0.79263	0.999995	669	0	0.42574	0.2077	0.45959	0.902513	537	4	0.42574
RPL3L	4	0.79287	0.79329	0.999995	670	0	0.66333	0.0532	0.15199	0.756015	214	4	0.66333
SEC11C	4	0.79372	0.79412	0.999995	671	0	0.69645	0.068201	0.18801	0.763872	257	4	0.69645
TXNDC8	4	0.79428	0.79467	0.999995	672	0	0.80893	0.067462	0.18617	0.763872	254	4	0.80893
RNF144B	4	0.79484	0.79522	0.999995	673	0	0.34466	0.20516	0.45532	0.897098	536	4	0.34466
ACACB	4	0.79597	0.79627	0.999995	674	0	0.37839	0.16614	0.38825	0.873579	469	4	0.37839
DGAT1	4	0.79625	0.79662	0.999995	675	0	0.37766	0.086113	0.22958	0.786036	307	4	0.37766
CHSY3	4	0.7968	0.79718	0.999995	676	0	0.32515	0.2032	0.4523	0.892813	535	4	0.32515
HRH3	4	0.79708	0.79752	0.999995	677	0	0.69141	0.20292	0.45184	0.892813	534	4	0.69141
TRIM25	4	0.79792	0.79834	0.999995	678	0	0.46002	0.20208	0.45052	0.892813	531	4	0.46002
PDLIM5	4	0.7982	0.7987	0.999995	679	0	0.51983	0.11904	0.29834	0.815058	387	4	0.51983
ARFIP2	4	0.79875	0.79914	0.999995	680	0	0.42349	0.20125	0.449	0.892813	530	4	0.42349
TSTD1	4	0.79903	0.7994	0.999995	681	0	0.62828	0.096113	0.25148	0.795943	332	4	0.62828
MAPK8IP3	4	0.79931	0.79962	0.999995	682	0	0.50399	0.20069	0.44825	0.892813	528	4	0.50399
SHCBP1L	4	0.79958	0.79989	0.999995	683	0	0.69505	0.1272	0.31454	0.836088	397	4	0.69505
SATB2	4	0.80041	0.80062	0.999995	684	0	0.43831	0.14464	0.34911	0.84994	431	4	0.43831
GRIP1	4	0.80096	0.8011	0.999995	685	0	0.35365	0.19904	0.44556	0.892813	526	4	0.35365
ZNRF4	4	0.80124	0.80133	0.999995	686	0	0.57951	0.18066	0.41466	0.87853	499	4	0.57951
MED12L	4	0.80233	0.80239	0.999995	687	0	0.58621	0.19767	0.44331	0.892395	524	4	0.58621
ERBB3	8	0.80292	0.802	0.999995	688	0	0.30677	0.4189	0.7635	0.999995	698	6	0.30677
ARID1B	4	0.80315	0.80315	0.999995	689	0	0.55424	0.1738	0.40316	0.876046	485	4	0.55424
SIX6	4	0.80424	0.80432	0.999995	690	0	0.39542	0.19576	0.44026	0.890607	522	4	0.39542
LIMK1	4	0.80478	0.80483	0.999995	691	0	0.74107	0.071529	0.19591	0.766399	270	4	0.74107
WRN	4	0.80613	0.80628	0.999995	692	0	0.49663	0.19387	0.43716	0.889392	519	4	0.49663
SAMD4B	4	0.8064	0.80651	0.999995	693	0	0.47821	0.1936	0.43675	0.889392	517	4	0.47821
BTG1	4	0.80667	0.8068	0.999995	694	0	0.44242	0.1218	0.30389	0.823846	390	4	0.44242
EFR3B	4	0.80721	0.80738	0.999995	695	0	0.37207	0.19279	0.43533	0.889392	516	4	0.37207
COPS7A	4	0.80801	0.80836	0.999995	696	0	0.54056	0.19199	0.43412	0.889392	515	4	0.54056
LDB2	4	0.80908	0.80952	0.999995	697	0	0.65431	0.18098	0.41523	0.87853	500	4	0.65431
CLIP4	4	0.81015	0.81073	0.999995	698	0	0.75443	0.079745	0.21458	0.784168	286	4	0.75443
ZFYVE19	4	0.81305	0.81386	0.999995	699	0	0.4035	0.18695	0.42578	0.884964	508	4	0.4035
ELL2	4	0.81357	0.81439	0.999995	700	0	0.37963	0.18643	0.42495	0.884964	506	4	0.37963
FAM50B	4	0.8141	0.81493	0.999995	701	0	0.78881	0.011484	0.038357	0.702767	51	4	0.78881
PMM2	4	0.81566	0.81655	0.999995	702	0	0.39134	0.18434	0.42134	0.882646	504	4	0.39134
TTC7A	8	0.8159	0.81471	0.999995	703	0	0.51679	0.057098	0.22619	0.786036	228	6	0.51679
CRX	4	0.81592	0.81684	0.999995	704	0	0.66601	0.18408	0.42092	0.882646	503	4	0.66601
ASCL1	4	0.81618	0.81708	0.999995	705	0	0.3796	0.041327	0.12264	0.740223	175	4	0.3796
CALY	4	0.81669	0.8176	0.999995	706	0	0.41354	0.18331	0.4194	0.882646	502	4	0.41354
TCF12	4	0.81695	0.81793	0.999995	707	0	0.86695	0.0074896	0.02557	0.699876	38	4	0.86695
NAA16	4	0.81747	0.81841	0.999995	708	0	0.49599	0.18253	0.41817	0.882646	501	4	0.49599
KCNT2	4	0.81773	0.81869	0.999995	709	0	0.73459	0.074101	0.2014	0.776292	274	4	0.73459
CYP2A6	4	0.81798	0.81897	0.999995	710	0	0.65964	0.14485	0.3495	0.84994	432	4	0.65964
SEC14L3	4	0.81824	0.81915	0.999995	711	0	0.77398	0.098128	0.25559	0.79684	338	4	0.77398
ERC1	4	0.81901	0.81982	0.999995	712	0	0.6391	0.049974	0.14391	0.753768	202	4	0.6391
TREM2	4	0.81952	0.82022	0.999995	713	0	0.50911	0.18048	0.41431	0.87853	498	4	0.50911
ITGB1BP2	4	0.81978	0.82052	0.999995	714	0	0.55204	0.18022	0.41399	0.87853	497	4	0.55204
SAMD4A	4	0.82003	0.82079	0.999995	715	0	0.43041	0.17997	0.41349	0.87853	496	4	0.43041
TIMP2	4	0.82029	0.82107	0.999995	716	0	0.55973	0.049201	0.14219	0.753768	198	4	0.55973
TYROBP	4	0.8213	0.82221	0.999995	717	0	0.66031	0.11352	0.28759	0.81082	375	4	0.66031
ULK1	4	0.82257	0.82341	0.999995	718	0	0.34107	0.17743	0.40926	0.878172	493	4	0.34107
BRSK1	4	0.82282	0.82365	0.999995	719	0	0.58293	0.17718	0.40879	0.878172	492	4	0.58293
STX17	4	0.82307	0.82386	0.999995	720	0	0.6417	0.086033	0.22932	0.786036	306	4	0.6417
CAPN2	4	0.82383	0.82464	0.999995	721	0	0.36202	0.17617	0.40713	0.877153	491	4	0.36202
BECN2	4	0.82433	0.8251	0.999995	722	0	0.47828	0.17567	0.40623	0.876984	490	4	0.47828
SNRPN	4	0.82458	0.82533	0.999995	723	0	0.42562	0.10833	0.27739	0.81082	357	4	0.42562
NAT8L	4	0.82483	0.82553	0.999995	724	0	0.71536	0.034746	0.10516	0.735619	148	4	0.71536
DNAJC19	3	0.82484	0.82506	0.999995	725	0	0.8786	0.10015	0.22252	0.784168	343	3	0.8786
MORF4L2	4	0.82508	0.82579	0.999995	726	0	0.32393	0.17492	0.40496	0.876046	489	4	0.32393
UAP1L1	4	0.82582	0.82645	0.999995	727	0	0.46657	0.17418	0.40382	0.876046	486	4	0.46657
CDC34	4	0.82607	0.82672	0.999995	728	0	0.62109	0.12939	0.31898	0.837437	400	4	0.62109
CTPS2	4	0.82632	0.82697	0.999995	729	0	0.46763	0.11424	0.28914	0.81082	378	4	0.46763
EXOC6	4	0.82682	0.82741	0.999995	730	0	0.62828	0.17318	0.40207	0.876046	484	4	0.62828
SLC10A2	4	0.82756	0.82806	0.999995	731	0	0.50375	0.17244	0.40065	0.876046	483	4	0.50375
PGLS	4	0.82781	0.82834	0.999995	732	0	0.69493	0.029054	0.08959	0.733182	130	4	0.69493
RPRD1A	4	0.82805	0.82853	0.999995	733	0	0.67156	0.17195	0.39967	0.876046	481	4	0.67156
DGAT2L6	4	0.8283	0.82876	0.999995	734	0	0.80976	0.089933	0.23837	0.79139	317	4	0.80976
RALGPS2	4	0.82879	0.82927	0.999995	735	0	0.46217	0.17121	0.39813	0.876046	480	4	0.46217
LIN28A	3	0.82935	0.82965	0.999995	736	0	0.43769	0.17065	0.34483	0.84994	479	3	0.43769
PDGFC	4	0.82977	0.83021	0.999995	737	0	0.35502	0.17023	0.39624	0.876046	478	4	0.35502
KLF4	4	0.83026	0.83074	0.999995	738	0	0.65894	0.04201	0.12444	0.740223	179	4	0.65894
AKAP11	4	0.83075	0.83124	0.999995	739	0	0.40329	0.16925	0.39428	0.876046	475	4	0.40329
CHMP1B	4	0.83123	0.83177	0.999995	740	0	0.50792	0.16877	0.39316	0.876046	474	4	0.50792
PLXDC1	8	0.83242	0.83158	0.999995	741	0	0.58305	0.041081	0.17932	0.763872	174	7	0.58305
RNF38	4	0.83245	0.83302	0.999995	742	0	0.37721	0.16755	0.39085	0.874055	472	4	0.37721
OGDHL	4	0.83437	0.83482	0.999995	743	0	0.62846	0.13263	0.32576	0.837437	408	4	0.62846
RGS19	4	0.83556	0.83588	0.999995	744	0	0.36049	0.16444	0.38494	0.87153	466	4	0.36049
DPCR1	4	0.8358	0.83612	0.999995	745	0	0.43896	0.1642	0.38454	0.87153	464	4	0.43896
SS18L1	4	0.83652	0.83687	0.999995	746	0	0.54417	0.16348	0.3832	0.87153	461	4	0.54417
PLXDC2	4	0.83675	0.83706	0.999995	747	0	0.56812	0.055478	0.15746	0.758614	219	4	0.56812
FNIP2	4	0.83723	0.83754	0.999995	748	0	0.49676	0.16277	0.38209	0.87153	459	4	0.49676
TUBB4B	8	0.83776	0.83671	0.999995	749	0	0.49331	0.074163	0.271	0.81082	275	6	0.49331
YIF1B	4	0.83793	0.83833	0.999995	750	0	0.55657	0.16207	0.38081	0.87153	457	4	0.55657
IKBKE	4	0.83911	0.83965	0.999995	751	0	0.6403	0.051629	0.14796	0.756015	206	4	0.6403
S1PR4	4	0.83958	0.84002	0.999995	752	0	0.57979	0.16042	0.3779	0.87153	456	4	0.57979
ZEB1	4	0.84028	0.84077	0.999995	753	0	0.50522	0.15972	0.37658	0.87153	454	4	0.50522
SBF2	3	0.84079	0.84147	0.999995	754	0	0.44523	0.15921	0.32555	0.837437	453	3	0.44523
PLAU	4	0.84167	0.84217	0.999995	755	0	0.64844	0.069948	0.19213	0.763872	264	4	0.64844
SMARCA2	4	0.8419	0.84239	0.999995	756	0	0.42022	0.1581	0.37361	0.87153	450	4	0.42022
TBC1D4	4	0.84214	0.84267	0.999995	757	0	0.64962	0.091581	0.24199	0.791697	322	4	0.64962
PCBD2	4	0.84237	0.84294	0.999995	758	0	0.53884	0.15763	0.37276	0.87153	449	4	0.53884
SRI	4	0.84306	0.84367	0.999995	759	0	0.6153	0.030359	0.092953	0.733182	134	4	0.6153
PPP3CA	4	0.84398	0.84461	0.999995	760	0	0.84176	0.013196	0.04327	0.702767	59	4	0.84176
CD44	4	0.84443	0.8451	0.999995	761	0	0.58278	0.15557	0.369	0.867281	448	4	0.58278
GPSM1	4	0.84489	0.84555	0.999995	762	0	0.32572	0.15511	0.36811	0.867096	447	4	0.32572
NETO1	4	0.84535	0.84605	0.999995	763	0	0.50779	0.15465	0.36719	0.866866	446	4	0.50779
GMPR2	4	0.84648	0.84713	0.999995	764	0	0.52467	0.15352	0.36535	0.864447	445	4	0.52467
RALGPS1	4	0.84738	0.84807	0.999995	765	0	0.84571	0.0004206	0.001714	0.227104	8	4	0.84571
ATP6V1C2	8	0.84763	0.8467	0.999995	766	0	0.43756	0.37292	0.72142	0.999995	668	6	0.43756
LIF	4	0.84828	0.84897	0.999995	767	0	0.91726	0.0060235	0.021124	0.658561	34	4	0.91726
SAR1B	4	0.84873	0.84933	0.999995	768	0	0.57872	0.15127	0.36134	0.8588	443	4	0.57872
CDK5R2	4	0.85007	0.85071	0.999995	769	0	0.28072	0.14993	0.35892	0.854945	442	4	0.28072
ABCA3	4	0.85118	0.85169	0.999995	770	0	0.41076	0.14882	0.35704	0.852388	441	4	0.41076
CSTF2T	4	0.8514	0.8519	0.999995	771	0	0.51368	0.1486	0.35651	0.852388	440	4	0.51368
TCF3	4	0.85206	0.85245	0.999995	772	0	0.49215	0.14794	0.35525	0.852388	438	4	0.49215
CYFIP1	4	0.8525	0.85283	0.999995	773	0	0.52169	0.11845	0.29731	0.814324	386	4	0.52169
DEGS1	4	0.8536	0.85395	0.999995	774	0	0.66516	0.065719	0.18197	0.763872	248	4	0.66516
MBP	4	0.85381	0.85419	0.999995	775	0	0.51553	0.14619	0.352	0.84994	436	4	0.51553
WAS	4	0.85403	0.85443	0.999995	776	0	0.96531	3.0236e-05	7.9395e-05	0.02104	4	4	0.96531
RP1	4	0.85468	0.85515	0.999995	777	0	0.45768	0.14532	0.35039	0.84994	434	4	0.45768
PPP2R1B	4	0.8549	0.85539	0.999995	778	0	0.50532	0.1451	0.34998	0.84994	433	4	0.50532
CCT6B	4	0.85577	0.85614	0.999995	779	0	0.71928	0.11265	0.286	0.81082	372	4	0.71928
KRTAP10-10	4	0.85598	0.85637	0.999995	780	0	0.38577	0.14402	0.34813	0.84994	429	4	0.38577
FNIP1	4	0.85663	0.85696	0.999995	781	0	0.83057	0.077439	0.20959	0.784168	283	4	0.83057
ATM	4	0.85834	0.85872	0.999995	782	0	0.60326	0.14166	0.34348	0.84994	428	4	0.60326
PIP4P2	4	0.85877	0.85907	0.999995	783	0	0.59182	0.14123	0.34272	0.84994	427	4	0.59182
DLL4	4	0.8594	0.8597	0.999995	784	0	0.63116	0.13516	0.33081	0.837437	416	4	0.63116
TBC1D26	2	0.85957	0.85812	0.999995	785	0	0.58941	0.14043	0.23159	0.786036	425	2	0.58941
ZG16	4	0.85983	0.85999	0.999995	786	0	0.56593	0.14017	0.34043	0.84808	423	4	0.56593
RRAGC	4	0.86025	0.86042	0.999995	787	0	0.5733	0.041602	0.12332	0.740223	177	4	0.5733
AP2A2	4	0.86046	0.86062	0.999995	788	0	0.63462	0.094707	0.24864	0.795943	328	4	0.63462
PDGFD	4	0.86067	0.86078	0.999995	789	0	0.49569	0.069616	0.19136	0.763872	263	4	0.49569
TMEM30B	4	0.86088	0.86102	0.999995	790	0	0.5113	0.13912	0.33829	0.84808	420	4	0.5113
RYBP	3	0.86176	0.86182	0.999995	791	0	0.81644	0.07954	0.18115	0.763872	285	3	0.81644
EFR3A	4	0.86255	0.8627	0.999995	792	0	0.50052	0.13745	0.3352	0.845288	418	4	0.50052
TPRX1	4	0.86401	0.86419	0.999995	793	0	0.59589	0.13512	0.33071	0.837437	415	4	0.59589
RSC1A1	4	0.86442	0.86461	0.999995	794	0	0.47229	0.10494	0.27012	0.81082	348	4	0.47229
ALDOC	4	0.86524	0.86542	0.999995	795	0	0.39074	0.13476	0.32999	0.837437	414	4	0.39074
RNF130	4	0.86565	0.86583	0.999995	796	0	0.42971	0.13435	0.32918	0.837437	413	4	0.42971
NCKAP1L	4	0.86606	0.86623	0.999995	797	0	0.48082	0.13394	0.3284	0.837437	411	4	0.48082
SEC23B	4	0.86667	0.86686	0.999995	798	0	0.44242	0.13333	0.32712	0.837437	410	4	0.44242
ALAS1	8	0.86708	0.86644	0.999995	799	0	0.29754	0.68448	0.91718	0.999995	817	4	0.29754
DZIP1L	4	0.86728	0.86753	0.999995	800	0	0.52286	0.13272	0.32589	0.837437	409	4	0.52286
NUMBL	4	0.86749	0.86771	0.999995	801	0	0.42631	0.13251	0.32551	0.837437	407	4	0.42631
DDX39A	4	0.8687	0.86895	0.999995	802	0	0.57613	0.12987	0.31991	0.837437	402	4	0.57613
FAM126B	4	0.8697	0.86982	0.999995	803	0	0.54887	0.1303	0.32087	0.837437	404	4	0.54887
TMEM9	4	0.8701	0.87032	0.999995	804	0	0.58838	0.1299	0.31999	0.837437	403	4	0.58838
RANBP10	4	0.8705	0.87073	0.999995	805	0	0.48311	0.1295	0.31927	0.837437	401	4	0.48311
ATAD2	4	0.87268	0.87285	0.999995	806	0	0.65111	0.12732	0.31472	0.836088	398	4	0.65111
RSPH1	4	0.87287	0.87309	0.999995	807	0	0.81117	0.0040399	0.014548	0.611642	23	4	0.81117
DMD	4	0.87405	0.87429	0.999995	808	0	0.69973	0.068451	0.18864	0.763872	258	4	0.69973
BATF3	4	0.87483	0.87517	0.999995	809	0	0.66993	0.080937	0.21744	0.784168	291	4	0.66993
CHSY1	4	0.8756	0.87591	0.999995	810	0	0.64482	0.067155	0.18539	0.763872	253	4	0.64482
RNF113B	4	0.87637	0.87688	0.999995	811	0	0.40491	0.12363	0.30763	0.82553	394	4	0.40491
FXR2	4	0.87733	0.87773	0.999995	812	0	0.33487	0.12267	0.30563	0.824919	391	4	0.33487
IPO8	4	0.87752	0.87794	0.999995	813	0	0.6407	0.083178	0.22267	0.784168	301	4	0.6407
CYP2C8	4	0.87771	0.87807	0.999995	814	0	0.88626	0.010667	0.035545	0.702767	47	4	0.88626
SMARCA1	4	0.87848	0.87886	0.999995	815	0	0.51921	0.024229	0.075738	0.702767	110	4	0.51921
RAD17	3	0.87978	0.87991	0.999995	816	0	0.95642	0.0059778	0.016211	0.611642	33	3	0.95642
RTP1	4	0.8798	0.88008	0.999995	817	0	0.56987	0.05803	0.1637	0.763872	229	4	0.56987
QSOX1	4	0.88018	0.88051	0.999995	818	0	0.47187	0.11982	0.2998	0.816933	388	4	0.47187
ICK	4	0.88204	0.88229	0.999995	819	0	0.53741	0.031456	0.09611	0.733182	138	4	0.53741
PLD2	4	0.88223	0.88244	0.999995	820	0	0.62035	0.11777	0.29603	0.814324	384	4	0.62035
DRD3	4	0.88279	0.88288	0.999995	821	0	0.56358	0.11721	0.29487	0.813957	383	4	0.56358
HRH1	4	0.88297	0.883	0.999995	822	0	0.51254	0.035054	0.10586	0.735619	149	4	0.51254
SPTA1	4	0.88371	0.88372	0.999995	823	0	0.55223	0.11629	0.29314	0.812747	381	4	0.55223
PHLDA2	4	0.8859	0.88576	0.999995	824	0	0.45762	0.1141	0.28884	0.81082	377	4	0.45762
ARHGEF3	4	0.88626	0.88614	0.999995	825	0	0.41232	0.11374	0.28806	0.81082	376	4	0.41232
IQCA1L	4	0.88644	0.88631	0.999995	826	0	0.7136	0.036074	0.10874	0.735619	153	4	0.7136
CAV1	4	0.88662	0.88644	0.999995	827	0	0.5576	0.11338	0.2873	0.81082	373	4	0.5576
ERN2	4	0.88752	0.8874	0.999995	828	0	0.88257	0.0054613	0.019125	0.629013	31	4	0.88257
LIM2	4	0.8877	0.8876	0.999995	829	0	0.44415	0.1123	0.28533	0.81082	370	4	0.44415
STRADA	4	0.88823	0.88816	0.999995	830	0	0.42747	0.11177	0.2843	0.81082	369	4	0.42747
TIMM23B	4	0.88859	0.88842	0.999995	831	0	0.62122	0.11141	0.28362	0.81082	367	4	0.62122
SBNO2	4	0.88894	0.88875	0.999995	832	0	0.56594	0.081451	0.2187	0.784168	295	4	0.56594
FAM126A	4	0.8893	0.8891	0.999995	833	0	0.63758	0.1107	0.28221	0.81082	364	4	0.63758
CHRNB3	4	0.89088	0.89069	0.999995	834	0	0.76179	0.040211	0.11988	0.740223	171	4	0.76179
PCBD1	4	0.89106	0.89086	0.999995	835	0	0.52017	0.10894	0.27854	0.81082	361	4	0.52017
PUM1	4	0.89141	0.89108	0.999995	836	0	0.49945	0.10859	0.2779	0.81082	360	4	0.49945
KCNT1	4	0.89158	0.89128	0.999995	837	0	0.47712	0.10842	0.27759	0.81082	359	4	0.47712
NETO2	4	0.89176	0.89146	0.999995	838	0	0.7746	0.068953	0.18985	0.763872	262	4	0.7746
SLC17A2	4	0.89211	0.89175	0.999995	839	0	0.49616	0.10789	0.27631	0.81082	356	4	0.49616
CTSZ	4	0.89228	0.89187	0.999995	840	0	0.44404	0.10772	0.27599	0.81082	355	4	0.44404
ERC2	4	0.89245	0.89206	0.999995	841	0	0.53892	0.10755	0.27565	0.81082	354	4	0.53892
HMGCLL1	4	0.8928	0.89244	0.999995	842	0	0.41879	0.1072	0.27479	0.81082	353	4	0.41879
KPNA3	4	0.89314	0.89286	0.999995	843	0	0.43332	0.10686	0.27399	0.81082	352	4	0.43332
LGALS9	4	0.89383	0.89342	0.999995	844	0	0.6011	0.10617	0.27285	0.81082	350	4	0.6011
MTX1	3	0.89432	0.89395	0.999995	845	0	0.38985	0.10568	0.23264	0.786036	349	3	0.38985
SNTA1	4	0.89435	0.8939	0.999995	846	0	0.61648	0.056928	0.16102	0.758614	226	4	0.61648
FKBP10	4	0.89554	0.89488	0.999995	847	0	0.4534	0.10446	0.26911	0.81082	347	4	0.4534
GBX1	4	0.89588	0.89519	0.999995	848	0	0.71042	0.0032256	0.011783	0.594767	21	4	0.71042
PPP3R1	4	0.89605	0.89533	0.999995	849	0	0.83328	0.04055	0.12073	0.740223	172	4	0.83328
LNX2	4	0.89672	0.89603	0.999995	850	0	0.75014	0.058751	0.16558	0.763872	230	4	0.75014
NCK1	4	0.89938	0.89866	0.999995	851	0	0.7647	0.037747	0.11312	0.735619	163	4	0.7647
XPR1	4	0.9007	0.89996	0.999995	852	0	0.61534	0.099305	0.25824	0.800402	341	4	0.61534
HTR3E	4	0.90216	0.90129	0.999995	853	0	0.45096	0.097844	0.25503	0.79684	337	4	0.45096
LIMK2	4	0.90232	0.90143	0.999995	854	0	0.76573	0.012291	0.040795	0.702767	53	4	0.76573
CAT	4	0.90264	0.90173	0.999995	855	0	0.63841	0.09736	0.25403	0.796664	336	4	0.63841
DUOX2	4	0.90312	0.90225	0.999995	856	0	0.52249	0.096879	0.25305	0.795943	335	4	0.52249
FRS3	4	0.90328	0.90241	0.999995	857	0	0.48602	0.096718	0.25276	0.795943	334	4	0.48602
DYNC1LI2	4	0.90408	0.90303	0.999995	858	0	0.49368	0.095921	0.25119	0.795943	331	4	0.49368
CHM	4	0.90456	0.90343	0.999995	859	0	0.57727	0.095445	0.25032	0.795943	329	4	0.57727
RNF125	4	0.90566	0.90447	0.999995	860	0	0.64858	0.09434	0.24792	0.795943	327	4	0.64858
GDI1	4	0.90582	0.90458	0.999995	861	0	0.66586	0.088236	0.2344	0.786036	314	4	0.66586
TRPM1	4	0.90691	0.90542	0.999995	862	0	0.67613	0.09309	0.24489	0.79382	325	4	0.67613
PLD1	4	0.90753	0.9061	0.999995	863	0	0.63665	0.09247	0.24371	0.792428	324	4	0.63665
RANBP17	4	0.90799	0.90668	0.999995	864	0	0.60066	0.092006	0.24283	0.792003	323	4	0.60066
PRSS37	4	0.90876	0.90757	0.999995	865	0	0.49629	0.091238	0.24115	0.79139	321	4	0.49629
UAP1	4	0.90892	0.90768	0.999995	866	0	0.56375	0.091085	0.24076	0.79139	320	4	0.56375
SLC22A13	4	0.90907	0.90791	0.999995	867	0	0.49559	0.090932	0.24048	0.79139	319	4	0.49559
SOHLH1	4	0.90983	0.90857	0.999995	868	0	0.54329	0.09017	0.23895	0.79139	318	4	0.54329
INTS6L	4	0.91013	0.90883	0.999995	869	0	0.87733	0.019677	0.062297	0.702767	88	4	0.87733
ANKRD37	4	0.91104	0.90972	0.999995	870	0	0.61965	0.048573	0.14069	0.753768	195	4	0.61965
GSX1	4	0.91149	0.91026	0.999995	871	0	0.50199	0.088512	0.23507	0.786036	315	4	0.50199
LMBR1	4	0.91164	0.91047	0.999995	872	0	0.49897	0.056435	0.15995	0.758614	225	4	0.49897
SLC25A37	4	0.91194	0.91079	0.999995	873	0	0.5379	0.088063	0.23404	0.786036	313	4	0.5379
TNR	4	0.91283	0.91175	0.999995	874	0	0.554	0.087172	0.2321	0.786036	311	4	0.554
TANC2	3	0.91291	0.91269	0.999995	875	0	0.55945	0.087087	0.19665	0.766399	310	3	0.55945
SMARCC1	4	0.91327	0.91216	0.999995	876	0	0.6827	0.086729	0.23086	0.786036	309	4	0.6827
G6PC	4	0.91342	0.91231	0.999995	877	0	0.46556	0.086581	0.23059	0.786036	308	4	0.46556
CTNNB1	4	0.91386	0.9127	0.999995	878	0	0.68334	0.03665	0.11022	0.735619	156	4	0.68334
KCNMB3	4	0.91401	0.91279	0.999995	879	0	0.47252	0.085994	0.22924	0.786036	305	4	0.47252
CNOT6L	4	0.91503	0.91399	0.999995	880	0	0.7468	0.018383	0.058411	0.702767	80	4	0.7468
HPS1	4	0.91618	0.9152	0.999995	881	0	0.53225	0.083817	0.2242	0.784319	303	4	0.53225
VIM	4	0.91719	0.91623	0.999995	882	0	0.64619	0.082815	0.2219	0.784168	300	4	0.64619
CAB39L	4	0.91761	0.91671	0.999995	883	0	0.70004	0.082388	0.22078	0.784168	298	4	0.70004
CCNL2	4	0.91804	0.91718	0.999995	884	0	0.40656	0.081964	0.21982	0.784168	296	4	0.40656
LHFPL5	4	0.9186	0.91772	0.999995	885	0	0.54834	0.0814	0.21861	0.784168	294	4	0.54834
CREBBP	4	0.91888	0.918	0.999995	886	0	0.56839	0.081119	0.21786	0.784168	293	4	0.56839
TBC1D1	4	0.91902	0.91814	0.999995	887	0	0.54471	0.080979	0.21756	0.784168	292	4	0.54471
ALAS2	4	0.91958	0.91875	0.999995	888	0	0.73316	0.08042	0.21636	0.784168	290	4	0.73316
MYCN	4	0.91972	0.91891	0.999995	889	0	0.61311	0.080281	0.21593	0.784168	289	4	0.61311
MTA3	4	0.91986	0.91904	0.999995	890	0	0.47384	0.080141	0.2156	0.784168	288	4	0.47384
MYD88	4	0.92	0.91922	0.999995	891	0	0.56632	0.080003	0.21526	0.784168	287	4	0.56632
NBEAL2	4	0.92027	0.9196	0.999995	892	0	0.75025	0.040188	0.11982	0.740223	170	4	0.75025
DCAF4L2	4	0.92055	0.91994	0.999995	893	0	0.742	0.048547	0.14066	0.753768	194	4	0.742
ITSN2	4	0.9226	0.92204	0.999995	894	0	0.88	0.016268	0.052246	0.702767	72	4	0.88
GALNT2	4	0.92274	0.92217	0.999995	895	0	0.69908	0.077262	0.20921	0.784168	282	4	0.69908
MECP2	4	0.92287	0.92233	0.999995	896	0	0.5952	0.030555	0.093476	0.733182	135	4	0.5952
CRK	4	0.92341	0.92276	0.999995	897	0	0.60164	0.076589	0.20778	0.784168	280	4	0.60164
SUV39H1	4	0.92355	0.92288	0.999995	898	0	0.7564	0.01918	0.060756	0.702767	84	4	0.7564
HTR2C	4	0.92461	0.92403	0.999995	899	0	0.62587	0.075387	0.2049	0.784091	277	4	0.62587
FSD1	4	0.92567	0.92495	0.999995	900	0	0.7673	0.06533	0.18125	0.763872	247	4	0.7673
MBD4	8	0.92642	0.92667	0.999995	901	0	0.62432	0.018155	0.090954	0.733182	79	7	0.62432
FAM71A	4	0.9271	0.92634	0.999995	902	0	0.73666	0.072896	0.19898	0.769766	273	4	0.73666
SAP30L	4	0.92723	0.92644	0.999995	903	0	0.44196	0.072766	0.19862	0.769766	272	4	0.44196
NR5A2	4	0.92813	0.92731	0.999995	904	0	0.53585	0.071866	0.19666	0.766399	271	4	0.53585
MTUS2	4	0.92865	0.92772	0.999995	905	0	0.4054	0.071355	0.19547	0.766399	269	4	0.4054
ARHGEF6	4	0.9289	0.92803	0.999995	906	0	0.885	0.015322	0.049528	0.702767	68	4	0.885
CNOT8	3	0.92918	0.92852	0.999995	907	0	0.57025	0.070817	0.16379	0.763872	268	3	0.57025
SLC9A3R2	4	0.92991	0.92912	0.999995	908	0	0.4977	0.070089	0.19246	0.763872	265	4	0.4977
SLC35F4	4	0.93128	0.93046	0.999995	909	0	0.57219	0.068717	0.18922	0.763872	260	4	0.57219
TEX45	4	0.93153	0.93072	0.999995	910	0	0.71504	0.06847	0.18873	0.763872	259	4	0.71504
IRF6	4	0.93227	0.93144	0.999995	911	0	0.53163	0.067732	0.18676	0.763872	255	4	0.53163
TSPO2	4	0.93251	0.93172	0.999995	912	0	0.99684	0.001904	0.0072903	0.547421	11	4	0.99684
SP110	4	0.933	0.93215	0.999995	913	0	0.71023	0.067	0.18513	0.763872	252	4	0.71023
ADARB1	4	0.93312	0.93235	0.999995	914	0	0.62719	0.066878	0.18487	0.763872	251	4	0.62719
CCDC69	4	0.93349	0.93276	0.999995	915	0	0.53346	0.0069025	0.023674	0.694541	36	4	0.53346
H2AFX	4	0.93397	0.93324	0.999995	916	0	0.58023	0.066033	0.18278	0.763872	250	4	0.58023
DYNLT3	4	0.93599	0.93536	0.999995	917	0	0.76018	0.033998	0.10339	0.735619	147	4	0.76018
TOMM40L	4	0.9361	0.93549	0.999995	918	0	0.53352	0.063896	0.17793	0.763872	244	4	0.53352
GRM4	4	0.93704	0.93629	0.999995	919	0	0.6565	0.026944	0.083378	0.718546	122	4	0.6565
ITSN1	4	0.93762	0.93685	0.999995	920	0	0.60094	0.062385	0.17426	0.763872	241	4	0.60094
NDE1	4	0.93785	0.93708	0.999995	921	0	0.91156	0.048826	0.14123	0.753768	197	4	0.91156
XDH	4	0.9383	0.93753	0.999995	922	0	0.62772	0.061697	0.17247	0.763872	239	4	0.62772
UBASH3B	4	0.93989	0.9393	0.999995	923	0	0.6233	0.023323	0.072964	0.702767	106	4	0.6233
ATP7B	4	0.94011	0.93952	0.999995	924	0	0.73248	0.059889	0.16827	0.763872	235	4	0.73248
CPS1	4	0.94045	0.93985	0.999995	925	0	0.6463	0.059555	0.16749	0.763872	234	4	0.6463
CD163L1	4	0.94056	0.93994	0.999995	926	0	0.75159	0.042221	0.125	0.740223	180	4	0.75159
GPR183	4	0.941	0.94034	0.999995	927	0	0.71772	0.059	0.16612	0.763872	232	4	0.71772
RANBP6	3	0.94101	0.94034	0.999995	928	0	0.62365	0.058988	0.13924	0.753768	231	3	0.62365
FOXA1	4	0.94155	0.94079	0.999995	929	0	0.48865	0.04668	0.13606	0.753768	188	4	0.48865
GOLT1A	4	0.94307	0.94235	0.999995	930	0	0.49147	0.056929	0.16103	0.758614	227	4	0.49147
POU5F2	4	0.94318	0.94245	0.999995	931	0	0.71453	0.045234	0.13262	0.753768	183	4	0.71453
COX6B2	4	0.94329	0.94253	0.999995	932	0	0.53781	0.022416	0.07019	0.702767	102	4	0.53781
FLNB	4	0.94371	0.94297	0.999995	933	0	0.60568	0.056287	0.15955	0.758614	224	4	0.60568
FXR1	4	0.94382	0.94308	0.999995	934	0	0.54082	0.05618	0.15931	0.758614	223	4	0.54082
SCN10A	4	0.94393	0.94322	0.999995	935	0	0.71684	0.056074	0.15906	0.758614	222	4	0.71684
ZDHHC13	4	0.94498	0.94428	0.999995	936	0	0.662	0.055018	0.1564	0.758614	218	4	0.662
SEC11A	4	0.94509	0.94436	0.999995	937	0	0.77192	0.04757	0.13828	0.753768	191	4	0.77192
SBF1	4	0.9453	0.94464	0.999995	938	0	0.64285	0.052983	0.15144	0.756015	212	4	0.64285
S100A6	4	0.9455	0.94491	0.999995	939	0	0.70151	0.019531	0.061858	0.702767	87	4	0.70151
TAF9B	2	0.94599	0.94559	0.999995	940	0	0.86347	0.054015	0.095503	0.733182	217	2	0.86347
ADARB2	4	0.94654	0.946	0.999995	941	0	0.54633	0.053463	0.15263	0.756015	215	4	0.54633
RNF103	4	0.94695	0.94637	0.999995	942	0	0.58959	0.053054	0.15162	0.756015	213	4	0.58959
PPP2CB	3	0.94747	0.94695	0.999995	943	0	0.87491	0.029005	0.07202	0.702767	129	3	0.87491
NSG1	4	0.94776	0.9472	0.999995	944	0	0.44327	0.052242	0.14957	0.756015	209	4	0.44327
PACS2	4	0.94786	0.94731	0.999995	945	0	0.60884	0.052141	0.14934	0.756015	208	4	0.60884
PRDM13	4	0.94836	0.94788	0.999995	946	0	0.86563	0.0039546	0.014249	0.611642	22	4	0.86563
NR5A1	4	0.94846	0.94799	0.999995	947	0	0.79802	0.040663	0.12115	0.740223	173	4	0.79802
EPHA3	4	0.94886	0.94841	0.999995	948	0	0.72164	0.051142	0.14667	0.756015	205	4	0.72164
SPATA21	4	0.94945	0.94902	0.999995	949	0	0.52732	0.050549	0.14531	0.755023	204	4	0.52732
SLC35F3	4	0.94965	0.94924	0.999995	950	0	0.89075	0.012261	0.040636	0.702767	52	4	0.89075
NUMB	4	0.94984	0.94943	0.999995	951	0	0.59952	0.050157	0.14435	0.753768	203	4	0.59952
MEP1B	4	0.95033	0.94999	0.999995	952	0	0.64572	0.04967	0.14325	0.753768	201	4	0.64572
DUOX1	4	0.95072	0.95034	0.999995	953	0	0.63149	0.049282	0.14239	0.753768	199	4	0.63149
SUV39H2	3	0.95126	0.9509	0.999995	954	0	0.72708	0.04874	0.1164	0.740223	196	3	0.72708
PXDNL	4	0.95271	0.9527	0.999995	955	0	0.56294	0.047287	0.1375	0.753768	190	4	0.56294
SUSD1	4	0.95318	0.95312	0.999995	956	0	0.75943	0.046821	0.13633	0.753768	189	4	0.75943
TMEM185B	4	0.95336	0.95327	0.999995	957	0	0.56872	0.046635	0.13596	0.753768	187	4	0.56872
DZIP3	4	0.95346	0.95338	0.999995	958	0	0.7132	0.045334	0.13282	0.753768	184	4	0.7132
TIRAP	4	0.95401	0.9538	0.999995	959	0	0.70342	0.020413	0.064249	0.702767	95	4	0.70342
SERPINA9	4	0.95447	0.95424	0.999995	960	0	0.63066	0.045534	0.13335	0.753768	185	4	0.63066
RCBTB2	4	0.95519	0.95502	0.999995	961	0	0.66919	0.025739	0.079894	0.702767	118	4	0.66919
RHOBTB2	4	0.95679	0.95651	0.999995	962	0	0.60994	0.043215	0.12741	0.750303	181	4	0.60994
CDK16	4	0.95808	0.95781	0.999995	963	0	0.60438	0.041918	0.12414	0.740223	178	4	0.60438
MARCKS	4	0.96026	0.95996	0.999995	964	0	0.55384	0.039739	0.11859	0.740223	169	4	0.55384
HMGCL	4	0.96034	0.96006	0.999995	965	0	0.63875	0.039657	0.11831	0.740223	168	4	0.63875
ERO1A	4	0.96059	0.96034	0.999995	966	0	0.70124	0.039411	0.11762	0.740223	167	4	0.70124
GXYLT2	4	0.96083	0.96054	0.999995	967	0	0.83775	0.023112	0.072226	0.702767	105	4	0.83775
FMR1	4	0.96164	0.96144	0.999995	968	0	0.59173	0.038361	0.11481	0.737564	166	4	0.59173
IL6R	4	0.9618	0.96163	0.999995	969	0	0.62952	0.038201	0.11426	0.737564	165	4	0.62952
CDK19	8	0.9621	0.96195	0.999995	970	0	0.38702	0.037899	0.16805	0.763872	164	8	0.38702
SMAP2	4	0.96243	0.96228	0.999995	971	0	0.7582	0.037567	0.11261	0.735619	162	4	0.7582
MDM4	4	0.96251	0.96238	0.999995	972	0	0.58205	0.037489	0.11245	0.735619	161	4	0.58205
SLC9A3R1	4	0.96259	0.96255	0.999995	973	0	0.52404	0.03741	0.1122	0.735619	160	4	0.52404
ENOX2	4	0.96267	0.96262	0.999995	974	0	0.6381	0.037332	0.11203	0.735619	159	4	0.6381
GSX2	4	0.96345	0.96334	0.999995	975	0	0.8231	0.036554	0.11003	0.735619	155	4	0.8231
MAK	4	0.96406	0.96387	0.999995	976	0	0.99154	0.0021047	0.0078881	0.547421	13	4	0.99154
GOLPH3	4	0.96466	0.96448	0.999995	977	0	0.67288	0.035336	0.1066	0.735619	151	4	0.67288
FZD8	4	0.96578	0.96592	0.999995	978	0	0.63464	0.019755	0.062465	0.702767	90	4	0.63464
MAP4K4	4	0.96643	0.96656	0.999995	979	0	0.95576	0.010374	0.034714	0.702767	45	4	0.95576
CLDN4	4	0.96687	0.96695	0.999995	980	0	0.47429	0.033133	0.10099	0.733182	146	4	0.47429
STAM2	4	0.96694	0.96701	0.999995	981	0	0.89435	0.033061	0.10075	0.733182	144	4	0.89435
UBQLN3	4	0.96729	0.96747	0.999995	982	0	0.65597	0.032705	0.099846	0.733182	143	4	0.65597
TAF9	4	0.96751	0.96769	0.999995	983	0	0.61691	0.032493	0.099248	0.733182	142	4	0.61691
EFNB1	4	0.968	0.96812	0.999995	984	0	0.64948	0.032001	0.097735	0.733182	141	4	0.64948
ATAD2B	4	0.96807	0.96819	0.999995	985	0	0.70562	0.031932	0.097576	0.733182	140	4	0.70562
GPR50	4	0.96828	0.96842	0.999995	986	0	0.66587	0.031723	0.09695	0.733182	139	4	0.66587
KRTAP1-1	4	0.96924	0.96948	0.999995	987	0	0.73563	0.030763	0.094092	0.733182	136	4	0.73563
GRIP2	4	0.97057	0.97076	0.999995	988	0	0.66276	0.02943	0.090561	0.733182	132	4	0.66276
RRM2B	8	0.97127	0.97133	0.999995	989	0	0.43187	0.028729	0.1334	0.753768	128	8	0.43187
ARPC5L	4	0.97135	0.97156	0.999995	990	0	0.60898	0.028651	0.088534	0.733182	127	4	0.60898
FRY	4	0.97154	0.97174	0.999995	991	0	0.69154	0.028458	0.087955	0.733182	126	4	0.69154
DLL1	4	0.97186	0.97214	0.999995	992	0	0.70884	0.02814	0.086965	0.733182	125	4	0.70884
ANKRD10	4	0.97268	0.97301	0.999995	993	0	0.61181	0.027325	0.084425	0.721694	124	4	0.61181
SIRPA	3	0.97275	0.97243	0.999995	994	0	0.74488	0.02725	0.068032	0.702767	123	3	0.74488
ABCB1	4	0.97353	0.97383	0.999995	995	0	0.68434	0.018685	0.059317	0.702767	82	4	0.68434
NKAPL	4	0.97419	0.97449	0.999995	996	0	0.54779	0.025807	0.080175	0.702767	119	4	0.54779
PSEN2	4	0.97472	0.97495	0.999995	997	0	0.8321	0.025277	0.078559	0.702767	117	4	0.8321
ZNF260	4	0.97478	0.97499	0.999995	998	0	0.89075	0.025218	0.078428	0.702767	116	4	0.89075
FCRL3	4	0.97496	0.97516	0.999995	999	0	0.70749	0.025044	0.077933	0.702767	114	4	0.70749
HEATR5B	4	0.97536	0.97565	0.999995	1000	0	0.64214	0.024639	0.076821	0.702767	113	4	0.64214
SAP30	4	0.9757	0.97606	0.999995	1001	0	0.57634	0.024297	0.075934	0.702767	111	4	0.57634
RHBDF2	4	0.9761	0.97642	0.999995	1002	0	0.56485	0.023902	0.07471	0.702767	108	4	0.56485
RBMXL2	4	0.97632	0.97653	0.999995	1003	0	0.52836	0.023678	0.073982	0.702767	107	4	0.52836
GYS2	4	0.9772	0.97738	0.999995	1004	0	0.73246	0.0228	0.071329	0.702767	104	4	0.73246
NCBP2L	4	0.97758	0.97779	0.999995	1005	0	0.76564	0.022423	0.070199	0.702767	103	4	0.76564
FKBP9	4	0.97784	0.97808	0.999995	1006	0	0.55514	0.022157	0.069414	0.702767	101	4	0.55514
LNX1	4	0.97873	0.97895	0.999995	1007	0	0.77516	0.02127	0.066846	0.702767	100	4	0.77516
ZIC3	4	0.97894	0.97915	0.999995	1008	0	0.64778	0.021065	0.066201	0.702767	99	4	0.64778
NCK2	4	0.97899	0.97927	0.999995	1009	0	0.6262	0.021014	0.066042	0.702767	98	4	0.6262
TBPL2	4	0.97914	0.97941	0.999995	1010	0	0.61508	0.020861	0.065613	0.702767	97	4	0.61508
DYNLRB2	4	0.97974	0.97989	0.999995	1011	0	0.72071	0.02026	0.063894	0.702767	94	4	0.72071
KRT38	4	0.97994	0.98009	0.999995	1012	0	0.81867	0.014058	0.04597	0.702767	65	4	0.81867
PCDH1	4	0.98004	0.98018	0.999995	1013	0	0.63412	0.019965	0.063119	0.702767	93	4	0.63412
IDH3B	4	0.98018	0.9804	0.999995	1014	0	0.64606	0.019818	0.062792	0.702767	92	4	0.64606
TNKS	4	0.98023	0.98045	0.999995	1015	0	0.69253	0.019769	0.06254	0.702767	91	4	0.69253
RNF144A	4	0.98057	0.98085	0.999995	1016	0	0.67649	0.019431	0.061615	0.702767	86	4	0.67649
PHLDA3	4	0.98062	0.98091	0.999995	1017	0	0.62433	0.019383	0.061494	0.702767	85	4	0.62433
ARFIP1	4	0.9816	0.98202	0.999995	1018	0	0.93111	0.0028089	0.010363	0.549257	20	4	0.93111
H2BFM	4	0.98211	0.98258	0.999995	1019	0	0.64043	0.017894	0.056982	0.702767	78	4	0.64043
RC3H2	4	0.98229	0.98268	0.999995	1020	0	0.78964	0.017714	0.056422	0.702767	76	4	0.78964
TREML4	3	0.98287	0.98274	0.999995	1021	0	0.96254	0.017131	0.044195	0.702767	75	3	0.96254
DENND5B	4	0.9829	0.98316	0.999995	1022	0	0.77225	0.017095	0.054731	0.702767	74	4	0.77225
ABL1	4	0.98405	0.98439	0.999995	1023	0	0.60868	0.015947	0.051331	0.702767	70	4	0.60868
ZNF521	4	0.98446	0.9848	0.999995	1024	0	0.80378	0.015537	0.050126	0.702767	69	4	0.80378
OSMR	4	0.98514	0.98546	0.999995	1025	0	0.64912	0.014858	0.048137	0.702767	67	4	0.64912
KIT	8	0.98542	0.98557	0.999995	1026	0	0.54322	0.014585	0.074991	0.702767	66	8	0.54322
TAF1L	3	0.98613	0.98608	0.999995	1027	0	0.78554	0.013868	0.036321	0.702767	64	3	0.78554
CDNF	4	0.98661	0.987	0.999995	1028	0	0.65755	0.013385	0.043887	0.702767	63	4	0.65755
VANGL1	4	0.98669	0.98705	0.999995	1029	0	0.64448	0.013313	0.043653	0.702767	62	4	0.64448
SATB1	4	0.9868	0.98721	0.999995	1030	0	0.66372	0.013204	0.043279	0.702767	60	4	0.66372
SPTLC3	4	0.9869	0.98732	0.999995	1031	0	0.83304	0.013097	0.043074	0.702767	58	4	0.83304
FEZ1	4	0.98719	0.98766	0.999995	1032	0	0.91222	0.012814	0.042224	0.702767	57	4	0.91222
FRYL	4	0.9875	0.98804	0.999995	1033	0	0.70992	0.0125	0.041365	0.702767	55	4	0.70992
NAPB	4	0.98866	0.98914	0.999995	1034	0	0.82412	0.011336	0.037853	0.702767	50	4	0.82412
EZH2	4	0.98879	0.98925	0.999995	1035	0	0.82097	0.011208	0.037367	0.702767	49	4	0.82097
AQP8	4	0.98904	0.9895	0.999995	1036	0	0.72306	0.010956	0.036592	0.702767	48	4	0.72306
EGFR	4	0.98923	0.98963	0.999995	1037	0	0.76546	0.0056206	0.019582	0.629013	32	4	0.76546
YIPF7	4	0.98957	0.99005	0.999995	1038	0	0.6985	0.010434	0.03492	0.702767	46	4	0.6985
DYNC1LI1	3	0.99011	0.99014	0.999995	1039	0	0.72733	0.0098897	0.026214	0.699876	44	3	0.72733
GIT1	4	0.9919	0.99236	0.999995	1040	0	0.63621	0.0081	0.027578	0.702767	40	4	0.63621
SPHKAP	4	0.99207	0.99245	0.999995	1041	0	0.71741	0.0044409	0.015865	0.611642	26	4	0.71741
CAB39	4	0.99294	0.99322	0.999995	1042	0	0.89794	0.0070582	0.024243	0.694541	37	4	0.89794
RBPJ	4	0.99359	0.99391	0.999995	1043	0	0.78247	0.0064079	0.022179	0.671711	35	4	0.78247
MTUS1	4	0.99433	0.99463	0.999995	1044	0	0.79253	0.0026454	0.0097842	0.547421	18	4	0.79253
SS18	4	0.99457	0.99484	0.999995	1045	0	0.76066	0.0054251	0.019041	0.629013	30	4	0.76066
IKBKB	4	0.99531	0.99552	0.999995	1046	0	0.86788	0.004691	0.016734	0.611642	28	4	0.86788
TMEM185A	4	0.99537	0.99558	0.999995	1047	0	0.72445	0.0046252	0.016519	0.611642	27	4	0.72445
DYNLT1	4	0.99557	0.99573	0.999995	1048	0	0.89152	0.0044319	0.015846	0.611642	25	4	0.89152
NR2E1	4	0.99745	0.99748	0.999995	1049	0	0.66237	0.0025537	0.0093919	0.547421	17	4	0.66237
ANXA1	4	0.99747	0.9975	0.999995	1050	0	0.70723	0.0025328	0.0093172	0.547421	16	4	0.70723
PCGF1	4	0.99751	0.99756	0.999995	1051	0	0.65327	0.0024331	0.0089903	0.547421	15	4	0.65327
CLASP2	4	0.99796	0.99806	0.999995	1052	0	0.82704	0.0020419	0.0077293	0.547421	12	4	0.82704
MPC1L	4	0.9982	0.99827	0.999995	1053	0	0.90099	0.0018048	0.0070101	0.547421	10	4	0.90099
STX4	4	0.99934	0.99943	0.999995	1054	0	0.80128	0.00066257	0.0027041	0.318482	9	4	0.80128
SIK2	4	0.99983	0.99986	0.999995	1055	0	1.2322	6.3464e-07	4.6703e-06	0.00165	2	4	1.2322
RC3H1	4	0.9999	0.99989	0.999995	1056	0	0.89903	0.00010469	0.00038763	0.058699	7	4	0.89903
RB1	4	0.9999	0.9999	0.999995	1057	0	0.89591	9.5466e-05	0.00036895	0.058699	6	4	0.89591
RUNX1	4	0.99993	0.99993	0.999995	1058	0	0.79671	6.7893e-05	0.00019148	0.040594	5	4	0.79671
TP53	4	0.99998	0.99999	0.999995	1059	0	1.3937	7.1805e-07	4.6703e-06	0.00165	3	4	1.3937
safe_control	74	1.0	1.0	0.999995	1060	0	0.82729	1.6067e-10	4.6703e-06	0.00165	1	70	0.82729
