id	num	neg|score	neg|p-value	neg|fdr	neg|rank	neg|goodsgrna	neg|lfc	pos|score	pos|p-value	pos|fdr	pos|rank	pos|goodsgrna	pos|lfc
MYC	16	1.9807e-15	4.6703e-06	0.000309	1	16	-1.6166	1.0	1.0	0.999995	1059	0	-1.6166
RRM1	16	8.727e-10	4.6703e-06	0.000309	2	15	-1.6803	0.99675	0.99726	0.999995	1008	0	-1.6803
MTG2	8	1.8223e-09	4.6703e-06	0.000309	3	8	-1.082	1.0	1.0	0.999995	1060	0	-1.082
NAE1	16	7.1817e-09	4.6703e-06	0.000309	4	15	-0.73409	0.61532	0.6137	0.999995	625	0	-0.73409
PPP4C	8	1.5233e-08	4.6703e-06	0.000309	5	7	-1.4181	0.98774	0.98758	0.999995	989	0	-1.4181
POLR2L	8	1.926e-08	4.6703e-06	0.000309	6	8	-2.0045	1.0	1.0	0.999995	1052	0	-2.0045
PRPF8	8	4.6258e-08	4.6703e-06	0.000309	7	8	-1.8675	1.0	1.0	0.999995	1058	0	-1.8675
BUB3	8	4.7226e-08	4.6703e-06	0.000309	8	8	-1.5159	0.99996	0.99996	0.999995	1043	0	-1.5159
CCND1	8	4.7335e-08	4.6703e-06	0.000309	9	8	-1.805	1.0	1.0	0.999995	1057	0	-1.805
KIF11	8	7.5658e-08	4.6703e-06	0.000309	10	8	-1.3301	1.0	1.0	0.999995	1056	0	-1.3301
MRPL38	8	1.8519e-07	4.6703e-06	0.000309	11	8	-0.92541	1.0	1.0	0.999995	1055	0	-0.92541
CDIPT	8	1.8654e-07	4.6703e-06	0.000309	12	7	-1.6637	0.85805	0.85786	0.999995	844	0	-1.6637
COX6B1	16	2.323e-07	1.4011e-05	0.000743	13	13	-1.1306	0.93165	0.9322	0.999995	910	0	-1.1306
TOP2A	8	3.2574e-07	4.6703e-06	0.000309	14	8	-1.2987	0.99999	1.0	0.999995	1049	0	-1.2987
RPS19	8	4.0461e-07	4.6703e-06	0.000309	15	8	-1.6101	1.0	1.0	0.999995	1054	0	-1.6101
UQCRC1	8	7.259e-07	4.6703e-06	0.000309	16	8	-1.072	0.99981	0.99973	0.999995	1036	0	-1.072
COPA	8	7.4825e-07	4.6703e-06	0.000309	17	8	-1.3409	1.0	1.0	0.999995	1053	0	-1.3409
MED18	16	8.7551e-07	1.4011e-05	0.000743	18	14	-0.9349	0.61532	0.6137	0.999995	614	0	-0.9349
RPL3	14	1.0779e-06	2.3351e-05	0.001076	19	12	-1.3661	0.98942	0.98962	0.999995	996	0	-1.3661
PRPF38A	8	1.4973e-06	1.4011e-05	0.000743	20	7	-1.5359	0.9396	0.93885	0.999995	923	0	-1.5359
ATP5F1B	8	1.625e-06	1.4011e-05	0.000743	21	8	-1.311	1.0	1.0	0.999995	1051	0	-1.311
TOMM40	14	1.8695e-06	3.2692e-05	0.001333	22	13	-0.97044	0.96252	0.96227	0.999995	950	0	-0.97044
ALDOA	8	2.3879e-06	2.3351e-05	0.001076	23	7	-1.2589	0.63325	0.63406	0.999995	637	0	-1.2589
RRM2B	16	2.4485e-06	2.3351e-05	0.001076	24	15	-0.55053	0.99984	0.99983	0.999995	1038	0	-0.55053
SF3B3	8	2.6953e-06	3.2692e-05	0.001333	25	8	-1.3375	1.0	1.0	0.999995	1050	0	-1.3375
SF3B1	8	3.1346e-06	3.2692e-05	0.001333	26	7	-1.0015	0.37977	0.37991	0.66344	277	0	-1.0015
PRKDC	16	5.7072e-06	4.2033e-05	0.00165	27	14	-0.53044	0.99959	0.99961	0.999995	1032	0	-0.53044
NMT1	8	9.2417e-06	6.0714e-05	0.00195	28	8	-0.79027	0.99999	1.0	0.999995	1048	0	-0.79027
ATP6V1B2	8	1.0079e-05	7.0054e-05	0.002184	29	8	-1.2825	0.99999	1.0	0.999995	1047	0	-1.2825
NAA10	8	1.1325e-05	7.9395e-05	0.002405	30	8	-1.1081	0.99974	0.99969	0.999995	1033	0	-1.1081
HMGCS1	7	1.1846e-05	5.1373e-05	0.001878	31	7	-0.96431	0.99999	1.0	0.999995	1046	0	-0.96431
CLNS1A	7	1.2628e-05	5.1373e-05	0.001878	32	6	-1.6869	0.99204	0.99168	0.999995	1000	0	-1.6869
DYNLRB1	7	1.4282e-05	6.0714e-05	0.00195	33	7	-1.2224	0.99999	1.0	0.999995	1045	0	-1.2224
CCT6A	7	1.4545e-05	6.0714e-05	0.00195	34	6	-0.99992	0.34161	0.34199	0.66344	17	0	-0.99992
RRM2	7	1.5854e-05	6.0714e-05	0.00195	35	6	-1.0516	0.89921	0.8981	0.999995	877	0	-1.0516
BAP1	8	1.6076e-05	0.00014478	0.004148	36	7	-0.78658	0.91392	0.91329	0.999995	894	0	-0.78658
CKAP5	16	1.6408e-05	0.00024752	0.006728	37	11	-1.3082	0.90294	0.90296	0.999995	885	0	-1.3082
PPP2CA	16	1.7054e-05	0.00025687	0.006807	38	13	-0.91571	0.61532	0.6137	0.999995	626	0	-0.91571
RPL13	6	1.8633e-05	0.0001261	0.003713	39	6	-1.6183	0.9981	0.99801	0.999995	1016	0	-1.6183
SNRPD3	8	2.9399e-05	0.00026621	0.006882	40	8	-0.98812	0.99997	0.99999	0.999995	1044	0	-0.98812
TUFM	7	3.1891e-05	0.00016346	0.00456	41	6	-1.074	0.71249	0.71146	0.999995	709	0	-1.074
RPS5	8	3.7583e-05	0.00032225	0.008133	42	7	-1.5557	0.98682	0.98667	0.999995	985	0	-1.5557
NKAP	8	4.3865e-05	0.00036895	0.008888	43	8	-0.8055	0.99995	0.99995	0.999995	1042	0	-0.8055
MED20	8	4.4056e-05	0.00036895	0.008888	44	8	-0.85937	0.99977	0.99971	0.999995	1035	0	-0.85937
NDUFB4	8	4.4419e-05	0.00037829	0.008911	45	8	-0.98783	0.99985	0.99978	0.999995	1040	0	-0.98783
ATP5F1A	8	5.0483e-05	0.00040631	0.009363	46	7	-1.0184	0.97513	0.97452	0.999995	967	0	-1.0184
VCP	8	6.5618e-05	0.00049972	0.011035	47	7	-1.6443	0.37977	0.37991	0.66344	242	0	-1.6443
SMC1A	8	7.6022e-05	0.00058378	0.012574	48	8	-0.73543	0.99992	0.99992	0.999995	1041	0	-0.73543
RPP21	8	8.0924e-05	0.00059313	0.012574	49	7	-1.2374	0.99473	0.99467	0.999995	1003	0	-1.2374
KIF4A	8	9.3483e-05	0.00067719	0.014075	50	7	-1.0539	0.99402	0.99396	0.999995	1002	0	-1.0539
CHORDC1	6	9.403e-05	0.00049038	0.011035	51	6	-1.0945	0.99772	0.99773	0.999995	1015	0	-1.0945
CLTC	8	0.00012779	0.00082664	0.016533	52	8	-1.081	0.99922	0.99912	0.999995	1027	0	-1.081
RPL10A	7	0.00015555	0.00080796	0.01647	53	6	-1.2224	0.59301	0.59288	0.999995	611	0	-1.2224
ELL	8	0.00015607	0.0010041	0.019006	54	8	-1.0501	0.99984	0.99977	0.999995	1039	0	-1.0501
RPL14	6	0.00015824	0.00087334	0.017143	55	5	-1.7189	0.97882	0.97872	0.999995	970	0	-1.7189
VMP1	8	0.000159	0.0010228	0.01902	56	7	-1.1191	0.98125	0.98088	0.999995	973	0	-1.1191
TIMM10	8	0.0001623	0.0010415	0.019034	57	7	-1.1659	0.778	0.77777	0.999995	775	0	-1.1659
INTS6	6	0.00017731	0.00098543	0.018992	58	6	-0.87032	0.99982	0.99985	0.999995	1037	0	-0.87032
KAT6A	8	0.00018908	0.0012283	0.0217	59	7	-0.74898	0.78898	0.7888	0.999995	785	0	-0.74898
TRAPPC3	8	0.00018948	0.0012283	0.0217	60	7	-0.6318	0.37977	0.37991	0.66344	216	0	-0.6318
LONP1	8	0.0002036	0.0012656	0.021958	61	7	-1.1997	0.37977	0.37991	0.66344	542	0	-1.1997
MRPL41	8	0.00021194	0.0013217	0.022238	62	8	-1.2218	0.99958	0.99948	0.999995	1031	0	-1.2218
BUB1B	8	0.00023234	0.0014151	0.023438	63	7	-0.66782	0.37977	0.37991	0.66344	408	0	-0.66782
RPS23	6	0.00023339	0.0012843	0.021958	64	6	-1.4971	0.99947	0.99949	0.999995	1029	0	-1.4971
INTS2	8	0.00024207	0.0014898	0.023718	65	8	-0.85035	0.99976	0.9997	0.999995	1034	0	-0.85035
HNRNPK	7	0.00025108	0.0014618	0.023718	66	5	-1.1874	0.67841	0.67721	0.999995	680	0	-1.1874
MED26	8	0.00027712	0.0018167	0.02832	67	6	-0.8806	0.9828	0.98252	0.999995	975	0	-0.8806
TUBB	6	0.00027785	0.0014992	0.023718	68	5	-1.436	0.3011	0.30038	0.66344	16	0	-1.436
SMARCA4	8	0.00034701	0.0023959	0.036806	69	6	-0.93846	0.93774	0.93709	0.999995	917	0	-0.93846
SF3B2	8	0.00036282	0.0024706	0.037412	70	6	-0.83592	0.87914	0.87839	0.999995	859	0	-0.83592
ABT1	8	0.00038087	0.0025827	0.038558	71	7	-0.60478	0.95019	0.94979	0.999995	933	0	-0.60478
SF3A1	8	0.00040004	0.0026948	0.039673	72	7	-0.91049	0.37977	0.37991	0.66344	282	0	-0.91049
RPL8	8	0.00040567	0.0027415	0.039807	73	6	-1.3192	0.95791	0.95711	0.999995	944	0	-1.3192
RPL36	8	0.00043217	0.0029189	0.041468	74	8	-1.0422	0.99957	0.99947	0.999995	1030	0	-1.0422
RNF40	8	0.00044205	0.0029563	0.041468	75	7	-0.98742	0.71556	0.71536	0.999995	713	0	-0.98742
AHCYL1	8	0.00045551	0.0029936	0.041468	76	8	-0.74937	0.99769	0.99765	0.999995	1013	0	-0.74937
SFPQ	8	0.00046545	0.0030123	0.041468	77	4	-0.79049	0.72682	0.72651	0.999995	724	0	-0.79049
ATP6V1D	8	0.00047685	0.003059	0.041571	78	6	-1.0392	0.95727	0.95642	0.999995	943	0	-1.0392
SIN3A	8	0.00051665	0.0032458	0.042843	79	8	-0.81966	0.99862	0.99858	0.999995	1021	0	-0.81966
SF1	8	0.00052063	0.0032739	0.042843	80	7	-0.79905	0.37977	0.37991	0.66344	283	0	-0.79905
MED12	8	0.00053075	0.0033206	0.042884	81	7	-0.97446	0.37977	0.37991	0.66344	522	0	-0.97446
TAMM41	8	0.00055302	0.0035167	0.044378	82	7	-1.1505	0.37977	0.37991	0.66344	301	0	-1.1505
RBBP4	7	0.00055862	0.0031711	0.042549	83	6	-1.5702	0.96889	0.96871	0.999995	961	0	-1.5702
SLC25A28	8	0.00057334	0.0036195	0.045137	84	8	-0.70941	0.99764	0.99762	0.999995	1011	0	-0.70941
AKIRIN2	8	0.0006008	0.0037596	0.04592	85	7	-0.71137	0.9035	0.903	0.999995	886	0	-0.71137
ERH	8	0.00060279	0.0037689	0.04592	86	5	-1.2391	0.37977	0.37991	0.66344	371	0	-1.2391
CCNL1	8	0.00063187	0.0039184	0.047198	87	7	-0.73385	0.37977	0.37991	0.66344	413	0	-0.73385
DHX9	6	0.00064801	0.0033579	0.042884	88	6	-0.89802	0.99935	0.99932	0.999995	1028	0	-0.89802
PSMB3	7	0.00073372	0.0043387	0.051674	89	7	-1.1026	0.99593	0.99561	0.999995	1006	0	-1.1026
ZNF407	8	0.00075395	0.0045815	0.052787	90	7	-0.78156	0.9766	0.976	0.999995	968	0	-0.78156
RIC8A	8	0.0007813	0.004759	0.054243	91	6	-0.74754	0.92432	0.92377	0.999995	902	0	-0.74754
ATP5F1D	8	0.0008077	0.0048711	0.054929	92	6	-0.98221	0.81766	0.81773	0.999995	808	0	-0.98221
ACTL6A	8	0.00083033	0.0050019	0.05581	93	7	-1.2168	0.96476	0.96434	0.999995	956	0	-1.2168
PPP2R1A	8	0.00085904	0.005114	0.055856	94	8	-1.3997	0.99859	0.99855	0.999995	1020	0	-1.3997
RFC2	8	0.00087121	0.0052167	0.055856	95	6	-1.0906	0.37977	0.37991	0.66344	101	0	-1.0906
PKM	6	0.00087858	0.0044975	0.052787	96	4	-1.0662	0.8546	0.85637	0.999995	842	0	-1.0662
RNF113A	8	0.00088606	0.0053194	0.056386	97	7	-0.86675	0.95613	0.95524	0.999995	941	0	-0.86675
SNRPD2	6	0.00089163	0.0045348	0.052787	98	5	-1.593	0.92637	0.92705	0.999995	905	0	-1.593
RPL11	7	0.00089435	0.0052074	0.055856	99	7	-1.8194	0.99762	0.99745	0.999995	1010	0	-1.8194
PUM1	8	0.00091356	0.0054782	0.057398	100	8	-0.43115	0.99909	0.99901	0.999995	1026	0	-0.43115
TOP1MT	8	0.00093927	0.005637	0.057398	101	7	-0.74721	0.98401	0.98389	0.999995	979	0	-0.74721
HUS1	8	0.00094965	0.0056837	0.057398	102	7	-0.79464	0.96339	0.96281	0.999995	951	0	-0.79464
FANCF	8	0.00095516	0.0057024	0.057398	103	8	-0.48513	0.99904	0.99899	0.999995	1025	0	-0.48513
CDK7	7	0.00098069	0.0057398	0.057398	104	6	-0.95196	0.86277	0.8616	0.999995	851	0	-0.95196
SF3B5	8	0.00099402	0.0058705	0.058157	105	8	-0.95657	0.99901	0.99895	0.999995	1024	0	-0.95657
RPS3	6	0.0010012	0.0050673	0.055856	106	6	-1.0881	0.98605	0.98603	0.999995	982	0	-1.0881
WDR12	8	0.0011344	0.0066925	0.065392	107	6	-1.1476	0.37977	0.37991	0.66344	256	0	-1.1476
HSCB	8	0.0011499	0.0067672	0.065392	108	8	-1.086	0.99848	0.99846	0.999995	1019	0	-1.086
TLN1	8	0.0011561	0.0067859	0.065392	109	8	-0.56075	0.99884	0.99883	0.999995	1023	0	-0.56075
PDCD6IP	8	0.0011865	0.0069354	0.06623	110	8	-0.66958	0.99881	0.99881	0.999995	1022	0	-0.66958
RPL31	5	0.0012215	0.0056744	0.057398	111	3	-1.7451	0.57266	0.57326	0.997797	609	0	-1.7451
MED8	8	0.0013012	0.0076452	0.072357	112	6	-0.95327	0.37977	0.37991	0.66344	524	0	-0.95327
RPA1	8	0.0013545	0.0078788	0.073907	113	7	-0.76906	0.98809	0.98788	0.999995	991	0	-0.76906
EP300	8	0.0015283	0.0089436	0.082437	114	8	-0.65105	0.99847	0.99846	0.999995	1018	0	-0.65105
XAB2	8	0.0015583	0.0092238	0.084286	115	7	-0.84302	0.84343	0.84294	0.999995	829	0	-0.84302
TNPO1	6	0.0016465	0.0080469	0.074822	116	6	-0.98337	0.99835	0.99836	0.999995	1017	0	-0.98337
FAM50A	8	0.0016474	0.0097842	0.087892	117	7	-0.63186	0.82387	0.8236	0.999995	813	0	-0.63186
SOX9	8	0.0016626	0.009887	0.088069	118	8	-0.50995	0.99771	0.99766	0.999995	1014	0	-0.50995
RPS11	7	0.0016652	0.0094293	0.085428	119	6	-1.7758	0.88522	0.88406	0.999995	862	0	-1.7758
NCBP2	8	0.0016921	0.010083	0.089068	120	5	-0.86539	0.73392	0.73334	0.999995	733	0	-0.86539
ILF3	8	0.0019423	0.011578	0.101424	121	6	-0.98809	0.37977	0.37991	0.66344	508	0	-0.98809
TRRAP	8	0.0021375	0.012624	0.10705	122	6	-0.8399	0.82529	0.82499	0.999995	814	0	-0.8399
CDK2	8	0.0021622	0.012755	0.1073	123	7	-1.0001	0.67859	0.67948	0.999995	681	0	-1.0001
NUTF2	7	0.0022022	0.012203	0.10603	124	4	-1.4846	0.73934	0.73788	0.999995	738	0	-1.4846
EEFSEC	8	0.0022063	0.013044	0.108872	125	7	-0.74446	0.37977	0.37991	0.66344	384	0	-0.74446
GTF3C1	8	0.0023402	0.013717	0.113094	126	8	-0.77719	0.99766	0.99763	0.999995	1012	0	-0.77719
PDS5A	8	0.0023479	0.013763	0.113094	127	7	-0.89393	0.98632	0.98619	0.999995	984	0	-0.89393
RPL19	6	0.002455	0.012325	0.106214	128	5	-1.4503	0.9635	0.96356	0.999995	952	0	-1.4503
SOD1	8	0.0024672	0.014258	0.11626	129	7	-1.0189	0.97509	0.97446	0.999995	966	0	-1.0189
AFG3L2	6	0.0025287	0.012568	0.10705	130	5	-1.0288	0.94103	0.94183	0.999995	925	0	-1.0288
MRPL55	8	0.0025435	0.014595	0.117199	131	5	-0.36069	0.37977	0.37991	0.66344	137	0	-0.36069
GAPDH	8	0.0025467	0.014595	0.117199	132	7	-0.9207	0.37977	0.37991	0.66344	547	0	-0.9207
HNRNPH1	8	0.0026634	0.015192	0.121082	133	6	-0.81683	0.78465	0.7847	0.999995	783	0	-0.81683
TACC3	8	0.0027762	0.01579	0.124276	134	6	-0.68829	0.87452	0.8738	0.999995	858	0	-0.68829
PSMB6	8	0.0027879	0.015828	0.124276	135	5	-0.64797	0.92766	0.92689	0.999995	908	0	-0.64797
MRPL27	8	0.0029652	0.016631	0.129623	136	8	-0.51277	0.99703	0.99688	0.999995	1009	0	-0.51277
USP5	8	0.0029848	0.016762	0.129689	137	6	-0.84026	0.89744	0.89733	0.999995	874	0	-0.84026
ATP7A	8	0.0031584	0.01763	0.135421	138	7	-0.45537	0.37977	0.37991	0.66344	422	0	-0.45537
DDX5	8	0.0033041	0.018546	0.141427	139	6	-0.87766	0.37977	0.37991	0.66344	360	0	-0.87766
THRAP3	7	0.0035133	0.018938	0.143388	140	7	-1.074	0.99649	0.99611	0.999995	1007	0	-1.074
SKA1	8	0.0035556	0.019984	0.150235	141	5	-0.58918	0.37977	0.37991	0.66344	284	0	-0.58918
GFM1	8	0.0038656	0.021721	0.161081	142	6	-0.84649	0.37977	0.37991	0.66344	559	0	-0.84649
CPSF3	8	0.0038688	0.021731	0.161081	143	6	-0.76348	0.71494	0.71474	0.999995	711	0	-0.76348
ATP5PB	8	0.0039169	0.022076	0.162507	144	6	-0.639	0.37977	0.37991	0.66344	420	0	-0.639
IRF4	8	0.0039816	0.02245	0.164117	145	6	-0.60066	0.37977	0.37991	0.66344	503	0	-0.60066
EIF3B	8	0.004034	0.02273	0.165028	146	6	-1.0901	0.89078	0.89037	0.999995	870	0	-1.0901
INCENP	8	0.0040737	0.022898	0.165118	147	5	-0.69387	0.67824	0.67913	0.999995	679	0	-0.69387
ASF1A	8	0.0042448	0.023692	0.168416	148	6	-0.77916	0.37977	0.37991	0.66344	424	0	-0.77916
ISCA2	8	0.0042626	0.023832	0.168416	149	7	-0.61065	0.37977	0.37991	0.66344	479	0	-0.61065
TOMM22	7	0.0044469	0.023263	0.166611	150	6	-0.50494	0.76566	0.76445	0.999995	763	0	-0.50494
LSM4	8	0.0046453	0.025607	0.178576	151	6	-1.1804	0.95951	0.95882	0.999995	947	0	-1.1804
SEPHS2	8	0.0047036	0.025943	0.179739	152	7	-0.44963	0.81385	0.81394	0.999995	804	0	-0.44963
MTHFD1	8	0.0047725	0.026298	0.181015	153	7	-0.60534	0.98317	0.98289	0.999995	978	0	-0.60534
NRBP1	8	0.0049669	0.026999	0.184637	154	6	-0.7513	0.37977	0.37991	0.66344	124	0	-0.7513
RPL17	6	0.0051956	0.02458	0.172546	155	4	-0.95295	0.73	0.73107	0.999995	730	0	-0.95295
PSMC3	8	0.0057217	0.030455	0.206937	156	4	-0.4443	0.37977	0.37991	0.66344	75	0	-0.4443
UCHL5	8	0.0058271	0.030978	0.209151	157	7	-0.43664	0.9546	0.95383	0.999995	938	0	-0.43664
MED23	8	0.0058944	0.031408	0.210709	158	7	-0.6582	0.99052	0.99031	0.999995	997	0	-0.6582
CHMP1A	8	0.0060927	0.032323	0.215487	159	7	-0.61705	0.99517	0.99518	0.999995	1004	0	-0.61705
AKIRIN1	8	0.0064145	0.033789	0.223203	160	7	-0.66548	0.64658	0.64737	0.999995	654	0	-0.66548
PFN1	7	0.0067079	0.033902	0.223203	161	5	-0.68129	0.85061	0.84914	0.999995	838	0	-0.68129
GSTP1	8	0.0071018	0.036816	0.240894	162	7	-0.50099	0.94556	0.94484	0.999995	927	0	-0.50099
VPS37A	8	0.0072897	0.037516	0.242906	163	5	-0.60751	0.71956	0.71924	0.999995	717	0	-0.60751
EZH2	8	0.0074247	0.03803	0.244314	164	7	-0.48164	0.37977	0.37991	0.66344	380	0	-0.48164
RAN	7	0.0074302	0.037582	0.242906	165	5	-1.3698	0.34161	0.34199	0.66344	36	0	-1.3698
DGAT1	8	0.0077432	0.039328	0.249676	166	6	-0.55999	0.69412	0.69484	0.999995	691	0	-0.55999
EIF3L	8	0.0077919	0.039571	0.249676	167	6	-0.58026	0.69013	0.69091	0.999995	689	0	-0.58026
ATP6V1E1	7	0.0078226	0.039338	0.249676	168	4	-0.971	0.79621	0.79467	0.999995	788	0	-0.971
POLR2F	8	0.007851	0.039823	0.24978	169	6	-0.7893	0.99198	0.99194	0.999995	999	0	-0.7893
ATR	8	0.0079061	0.040104	0.250058	170	6	-0.5311	0.37977	0.37991	0.66344	434	0	-0.5311
S1PR4	8	0.0081686	0.041094	0.251935	171	7	-0.50194	0.37977	0.37991	0.66344	81	0	-0.50194
FARS2	8	0.0081811	0.041112	0.251935	172	6	-0.63829	0.37977	0.37991	0.66344	375	0	-0.63829
MED13	8	0.0081963	0.041187	0.251935	173	6	-0.79017	0.937	0.93621	0.999995	915	0	-0.79017
NAPA	8	0.0082354	0.041355	0.251935	174	4	-0.58257	0.37977	0.37991	0.66344	148	0	-0.58257
CDS2	8	0.0086592	0.043083	0.25976	175	7	-0.59577	0.80734	0.80744	0.999995	798	0	-0.59577
COX4I1	8	0.0086781	0.04313	0.25976	176	7	-0.82815	0.37977	0.37991	0.66344	452	0	-0.82815
EPS15L1	8	0.0087742	0.04355	0.26081	177	7	-0.4473	0.37977	0.37991	0.66344	395	0	-0.4473
UTP14A	8	0.0090401	0.044718	0.26481	178	7	-0.53899	0.37977	0.37991	0.66344	247	0	-0.53899
TBC1D28	7	0.0091065	0.044083	0.262515	179	6	-0.37042	0.34161	0.34199	0.66344	28	0	-0.37042
ASF1B	16	0.0092496	0.061746	0.347661	180	12	-0.46853	0.9881	0.98883	0.999995	992	0	-0.46853
IMPDH2	8	0.0093068	0.045699	0.269114	181	6	-0.77905	0.92596	0.92523	0.999995	904	0	-0.77905
CTR9	8	0.0094055	0.046184	0.270472	182	6	-0.84014	0.37977	0.37991	0.66344	352	0	-0.84014
RRAGC	8	0.009729	0.047557	0.276983	183	7	-0.67893	0.98896	0.98866	0.999995	994	0	-0.67893
PAF1	8	0.0098122	0.047912	0.277525	184	7	-0.43649	0.98621	0.98611	0.999995	983	0	-0.43649
PSMA2	8	0.0099366	0.048407	0.278869	185	6	-1.2587	0.37977	0.37991	0.66344	64	0	-1.2587
PMPCB	8	0.010356	0.050397	0.288761	186	6	-0.98535	0.681	0.68182	0.999995	683	0	-0.98535
ZNF34	8	0.011977	0.056805	0.323725	187	7	-0.51572	0.37977	0.37991	0.66344	235	0	-0.51572
CTNNB1	8	0.013245	0.061989	0.347661	188	6	-0.38273	0.65912	0.66004	0.999995	661	0	-0.38273
DGKZ	6	0.013985	0.059896	0.339519	189	5	-0.55193	0.89764	0.89892	0.999995	875	0	-0.55193
ACACA	8	0.014421	0.066435	0.370636	190	6	-0.60079	0.86056	0.85993	0.999995	848	0	-0.60079
FZR1	8	0.014562	0.06693	0.371443	191	7	-0.46169	0.99539	0.99536	0.999995	1005	0	-0.46169
RPA3	8	0.015862	0.071824	0.393054	192	4	-0.44025	0.76937	0.76923	0.999995	768	0	-0.44025
MED13L	8	0.015895	0.071936	0.393054	193	7	-0.56935	0.97924	0.97876	0.999995	971	0	-0.56935
EIF4A3	8	0.016603	0.074486	0.402548	194	7	-1.1081	0.71119	0.71115	0.999995	708	0	-1.1081
CTPS1	8	0.016874	0.075588	0.404665	195	7	-0.48459	0.76311	0.76293	0.999995	759	0	-0.48459
PDGFD	8	0.017108	0.076345	0.406662	196	7	-0.34313	0.37977	0.37991	0.66344	178	0	-0.34313
NXT1	8	0.01792	0.079306	0.420322	197	5	-0.51215	0.7827	0.78272	0.999995	780	0	-0.51215
SOS1	8	0.018405	0.081081	0.42759	198	6	-0.41942	0.85378	0.85356	0.999995	841	0	-0.41942
ARID1A	8	0.019254	0.08449	0.440282	199	6	-0.42627	0.92186	0.92132	0.999995	901	0	-0.42627
LARP1	8	0.019438	0.085237	0.440282	200	6	-0.6495	0.93238	0.93159	0.999995	912	0	-0.6495
CRKL	8	0.019522	0.085564	0.440282	201	6	-0.57008	0.37977	0.37991	0.66344	448	0	-0.57008
RPL15	5	0.019823	0.074159	0.402548	202	3	-1.3806	0.61644	0.61752	0.999995	629	0	-1.3806
E2F3	7	0.019979	0.081735	0.428904	203	5	-0.38138	0.62575	0.62479	0.999995	631	0	-0.38138
RPL37A	5	0.02003	0.074813	0.402548	204	4	-1.0125	0.96057	0.96103	0.999995	948	0	-1.0125
RSBN1L	8	0.02005	0.08747	0.447912	205	7	-0.4519	0.37977	0.37991	0.66344	86	0	-0.4519
NAA15	8	0.020206	0.088095	0.448948	206	5	-0.81673	0.37977	0.37991	0.66344	146	0	-0.81673
COPS7A	8	0.021379	0.092261	0.464249	207	6	-0.45683	0.80108	0.80092	0.999995	792	0	-0.45683
NDUFC1	8	0.02148	0.092588	0.464249	208	7	-0.48316	0.98309	0.98284	0.999995	977	0	-0.48316
POLR2B	8	0.021536	0.092794	0.464249	209	7	-0.79812	0.37977	0.37991	0.66344	167	0	-0.79812
BTG1	8	0.021548	0.09285	0.464249	210	7	-0.26252	0.37977	0.37991	0.66344	409	0	-0.26252
RPRD1B	8	0.022039	0.094774	0.471645	211	7	-0.61171	0.95516	0.95437	0.999995	940	0	-0.61171
RPS15	4	0.022499	0.069788	0.385288	212	3	-1.0163	0.72367	0.72376	0.999995	722	0	-1.0163
ZMIZ1	8	0.022704	0.097296	0.481933	213	7	-0.37077	0.96984	0.9692	0.999995	964	0	-0.37077
RPS8	5	0.023373	0.085415	0.440282	214	4	-1.9063	0.9501	0.95036	0.999995	931	0	-1.9063
XYLT2	8	0.025331	0.10708	0.523635	215	6	-0.41188	0.99231	0.99223	0.999995	1001	0	-0.41188
CASP4	8	0.025387	0.1072	0.523635	216	5	-0.5315	0.83458	0.83446	0.999995	823	0	-0.5315
POLD1	8	0.026005	0.10933	0.526755	217	5	-0.65272	0.927	0.92622	0.999995	907	0	-0.65272
GATAD2A	8	0.026422	0.11083	0.531585	218	6	-0.48356	0.37977	0.37991	0.66344	546	0	-0.48356
XRCC6	7	0.026849	0.10467	0.516072	219	5	-0.4323	0.95269	0.95229	0.999995	936	0	-0.4323
ANAPC4	8	0.02714	0.11303	0.538228	220	5	-0.31816	0.84434	0.84384	0.999995	832	0	-0.31816
TOB1	8	0.027191	0.11323	0.538228	221	5	-0.53589	0.37977	0.37991	0.66344	206	0	-0.53589
CAND1	8	0.027504	0.11421	0.540466	222	7	-0.40364	0.37977	0.37991	0.66344	410	0	-0.40364
RBMX	7	0.027771	0.10777	0.524003	223	5	-0.59786	0.34161	0.34199	0.66344	41	0	-0.59786
EIF3J	7	0.028019	0.10852	0.525272	224	4	-0.47908	0.7987	0.79723	0.999995	791	0	-0.47908
ALG14	8	0.028628	0.11826	0.555529	225	5	-0.3979	0.70644	0.70688	0.999995	702	0	-0.3979
TPBGL	8	0.028692	0.11844	0.555529	226	6	-0.38353	0.78946	0.78923	0.999995	786	0	-0.38353
TCERG1	8	0.029085	0.1198	0.559406	227	7	-0.49735	0.37977	0.37991	0.66344	307	0	-0.49735
MBTD1	8	0.029525	0.12132	0.564031	228	7	-0.4459	0.85872	0.85838	0.999995	845	0	-0.4459
RSBN1	8	0.030454	0.12444	0.574193	229	6	-0.39457	0.98572	0.98566	0.999995	981	0	-0.39457
CAP1	8	0.030693	0.12523	0.574665	230	7	-0.44698	0.66489	0.6659	0.999995	668	0	-0.44698
FZD8	8	0.03106	0.12659	0.578376	231	7	-0.19626	0.37977	0.37991	0.66344	551	0	-0.19626
TSG101	8	0.031575	0.12867	0.585369	232	5	-0.50778	0.95503	0.95424	0.999995	939	0	-0.50778
EZH1	8	0.031829	0.12949	0.58637	233	6	-0.4028	0.37977	0.37991	0.66344	374	0	-0.4028
CWF19L1	8	0.031993	0.13	0.58637	234	7	-0.31383	0.9875	0.98738	0.999995	988	0	-0.31383
SBNO1	8	0.032593	0.13198	0.59278	235	6	-0.63908	0.68305	0.68392	0.999995	687	0	-0.63908
DDI2	8	0.034203	0.1373	0.614091	236	5	-0.61075	0.37977	0.37991	0.66344	363	0	-0.61075
SNAPC4	8	0.034877	0.13973	0.621007	237	7	-0.47782	0.96878	0.96815	0.999995	960	0	-0.47782
STT3B	8	0.034978	0.14002	0.621007	238	7	-0.57962	0.86106	0.86035	0.999995	849	0	-0.57962
TIMM23	6	0.035655	0.12459	0.574193	239	3	-0.36084	0.88582	0.88705	0.999995	864	0	-0.36084
TBP	8	0.035986	0.14287	0.628384	240	5	-0.53255	0.37977	0.37991	0.66344	302	0	-0.53255
ATP6V1C1	8	0.036735	0.14485	0.633318	241	6	-0.6008	0.92125	0.92072	0.999995	900	0	-0.6008
BZW2	8	0.037081	0.14578	0.633318	242	6	-0.3594	0.89435	0.89416	0.999995	872	0	-0.3594
COPG1	8	0.037522	0.14711	0.633885	243	5	-0.50196	0.37977	0.37991	0.66344	438	0	-0.50196
PEF1	7	0.03826	0.14155	0.625186	244	6	-0.38306	0.74444	0.74313	0.999995	742	0	-0.38306
RPP14	8	0.038374	0.14936	0.640979	245	6	-0.55339	0.37977	0.37991	0.66344	84	0	-0.55339
GSDMD	8	0.038712	0.15044	0.643025	246	6	-0.50887	0.37977	0.37991	0.66344	604	0	-0.50887
MAT2A	8	0.038951	0.15113	0.643385	247	6	-0.40167	0.37977	0.37991	0.66344	510	0	-0.40167
PSMB8	8	0.039512	0.15268	0.647347	248	6	-0.35	0.37977	0.37991	0.66344	63	0	-0.35
RPL5	7	0.039856	0.14662	0.633885	249	6	-0.73169	0.76519	0.76402	0.999995	762	0	-0.73169
SNRPB	8	0.040774	0.15612	0.659323	250	5	-0.38139	0.37977	0.37991	0.66344	272	0	-0.38139
COPZ1	8	0.041075	0.15692	0.660046	251	4	-0.40622	0.72891	0.72835	0.999995	727	0	-0.40622
PUM2	8	0.043688	0.16402	0.687219	252	6	-0.53857	0.37977	0.37991	0.66344	60	0	-0.53857
POLR2A	8	0.045477	0.16891	0.703262	253	6	-0.61176	0.97785	0.97725	0.999995	969	0	-0.61176
BICD2	8	0.04557	0.16918	0.703262	254	5	-0.51609	0.37977	0.37991	0.66344	432	0	-0.51609
STX12	8	0.048248	0.1762	0.726721	255	5	-0.36176	0.81105	0.81107	0.999995	801	0	-0.36176
ARID4A	8	0.04889	0.1779	0.730927	256	6	-0.41728	0.95703	0.95616	0.999995	942	0	-0.41728
RBM22	8	0.052508	0.18743	0.767097	257	6	-0.45761	0.37977	0.37991	0.66344	59	0	-0.45761
KIT	16	0.052792	0.23516	0.893449	258	10	-0.19703	0.61532	0.6137	0.999995	621	0	-0.19703
TOMM20	6	0.054915	0.17493	0.724339	259	3	-0.16278	0.3011	0.30038	0.66344	14	0	-0.16278
RHOT2	8	0.05502	0.19419	0.791717	260	6	-0.38884	0.90362	0.90312	0.999995	887	0	-0.38884
JUP	8	0.05672	0.19846	0.80602	261	5	-0.27503	0.8853	0.88499	0.999995	863	0	-0.27503
TAF1	8	0.058358	0.20204	0.817417	262	4	-0.4292	0.37977	0.37991	0.66344	323	0	-0.4292
XRCC4	8	0.059384	0.20488	0.824951	263	5	-0.3817	0.69708	0.69759	0.999995	695	0	-0.3817
NRBP2	8	0.059604	0.20546	0.824951	264	6	-0.64589	0.98049	0.98001	0.999995	972	0	-0.64589
CNOT7	7	0.061441	0.20912	0.836484	265	4	-0.6443	0.34161	0.34199	0.66344	24	0	-0.6443
ZEB1	8	0.061738	0.21116	0.841454	266	6	-0.3453	0.81913	0.81906	0.999995	809	0	-0.3453
GABPB1	8	0.062076	0.2121	0.842048	267	6	-0.4469	0.84176	0.84144	0.999995	828	0	-0.4469
RPL18A	3	0.062267	0.14548	0.633318	268	3	-1.1501	0.93773	0.93752	0.999995	916	0	-1.1501
RNF20	8	0.062925	0.21424	0.847366	269	5	-0.45976	0.98929	0.98896	0.999995	995	0	-0.45976
HRAS	8	0.064829	0.21909	0.863318	270	6	-0.29261	0.66845	0.66932	0.999995	672	0	-0.29261
KIAA0319L	8	0.06758	0.22582	0.879864	271	6	-0.35561	0.37977	0.37991	0.66344	488	0	-0.35561
PACS1	8	0.067896	0.22661	0.879864	272	6	-0.35871	0.37977	0.37991	0.66344	168	0	-0.35871
FANCM	8	0.068556	0.22844	0.882987	273	5	-0.51599	0.37977	0.37991	0.66344	376	0	-0.51599
TOP1	8	0.069315	0.23044	0.882987	274	6	-0.53667	0.96411	0.96362	0.999995	953	0	-0.53667
MED31	8	0.06948	0.23077	0.882987	275	5	-0.37409	0.80667	0.8069	0.999995	796	0	-0.37409
CRK	8	0.069799	0.23158	0.882987	276	4	-0.32861	0.37977	0.37991	0.66344	453	0	-0.32861
PTPN11	7	0.071385	0.23006	0.882987	277	5	-0.41401	0.34161	0.34199	0.66344	37	0	-0.41401
MT2A	6	0.074796	0.22261	0.873946	278	5	-0.32142	0.95145	0.95184	0.999995	934	0	-0.32142
AP2A1	8	0.075552	0.24541	0.92246	279	6	-0.34768	0.87115	0.87046	0.999995	855	0	-0.34768
TUBB2B	6	0.076316	0.22625	0.879864	280	4	-0.30003	0.3011	0.30038	0.66344	5	0	-0.30003
SEPHS1	7	0.076334	0.24023	0.906222	281	5	-0.61681	0.34161	0.34199	0.66344	34	0	-0.61681
CLDN4	8	0.076828	0.24865	0.93134	282	6	-0.37897	0.73885	0.73818	0.999995	737	0	-0.37897
RC3H1	8	0.077323	0.24998	0.933011	283	6	-0.27101	0.96746	0.96684	0.999995	958	0	-0.27101
PHLDA1	8	0.081571	0.25981	0.966319	284	6	-0.21884	0.37977	0.37991	0.66344	155	0	-0.21884
FOSL1	6	0.081838	0.23906	0.905004	285	4	-0.36638	0.64187	0.64338	0.999995	646	0	-0.36638
DDX39B	8	0.082698	0.26256	0.973118	286	6	-0.52415	0.37977	0.37991	0.66344	357	0	-0.52415
XYLT1	8	0.083777	0.26497	0.978462	287	5	-0.38346	0.37977	0.37991	0.66344	249	0	-0.38346
HNRNPF	8	0.085448	0.26857	0.981683	288	6	-0.40792	0.37977	0.37991	0.66344	591	0	-0.40792
TOP2B	8	0.08738	0.27299	0.994403	289	6	-0.41554	0.37977	0.37991	0.66344	220	0	-0.41554
KPNA2	7	0.089588	0.26706	0.97953	290	4	-0.39323	0.93896	0.93826	0.999995	921	0	-0.39323
SAFB2	8	0.089894	0.2784	0.999995	291	6	-0.38331	0.92682	0.92603	0.999995	906	0	-0.38331
CCDC69	8	0.094615	0.28923	0.999995	292	6	-0.24862	0.37977	0.37991	0.66344	412	0	-0.24862
UNC45B	8	0.095073	0.29022	0.999995	293	6	-0.31919	0.99092	0.99066	0.999995	998	0	-0.31919
MYBPHL	8	0.098135	0.29695	0.999995	294	5	-0.44617	0.9067	0.90597	0.999995	890	0	-0.44617
CDK5R2	8	0.098326	0.29744	0.999995	295	6	-0.32924	0.37977	0.37991	0.66344	459	0	-0.32924
MOGAT2	8	0.099034	0.29877	0.999995	296	6	-0.37354	0.9698	0.96914	0.999995	963	0	-0.37354
FLOT2	8	0.09929	0.29933	0.999995	297	5	-0.31284	0.37977	0.37991	0.66344	561	0	-0.31284
MTX1	6	0.099965	0.27945	0.999995	298	4	-0.33506	0.3011	0.30038	0.66344	13	0	-0.33506
TAP1	8	0.10094	0.30279	0.999995	299	6	-0.30201	0.37977	0.37991	0.66344	295	0	-0.30201
EPHA2	8	0.10109	0.30306	0.999995	300	5	-0.33446	0.37977	0.37991	0.66344	393	0	-0.33446
SEC23A	8	0.10274	0.30657	0.999995	301	6	-0.31629	0.93872	0.93799	0.999995	920	0	-0.31629
SS18L1	8	0.10347	0.30817	0.999995	302	6	-0.25999	0.72139	0.72084	0.999995	719	0	-0.25999
SPOP	8	0.106	0.31346	0.999995	303	6	-0.40548	0.64282	0.64391	0.999995	648	0	-0.40548
ZWILCH	8	0.106	0.31346	0.999995	304	5	-0.33546	0.37977	0.37991	0.66344	233	0	-0.33546
MDM4	8	0.10742	0.31657	0.999995	305	6	-0.35541	0.98865	0.98839	0.999995	993	0	-0.35541
PMM2	8	0.10944	0.32109	0.999995	306	5	-0.30781	0.37977	0.37991	0.66344	164	0	-0.30781
IPO7	7	0.11	0.30632	0.999995	307	5	-0.43975	0.60529	0.60496	0.999995	613	0	-0.43975
XPR1	8	0.11068	0.32369	0.999995	308	6	-0.34668	0.97339	0.97266	0.999995	965	0	-0.34668
UNC119	8	0.1107	0.32377	0.999995	309	6	-0.29938	0.88848	0.88826	0.999995	867	0	-0.29938
FDPS	8	0.1139	0.33082	0.999995	310	5	-0.28872	0.7686	0.76854	0.999995	767	0	-0.28872
DUSP10	8	0.11519	0.33348	0.999995	311	6	-0.29934	0.37977	0.37991	0.66344	342	0	-0.29934
TIRAP	8	0.11551	0.33399	0.999995	312	5	-0.32265	0.84778	0.84754	0.999995	833	0	-0.32265
TBC1D26	6	0.11695	0.31174	0.999995	313	4	-0.28271	0.63799	0.63951	0.999995	641	0	-0.28271
CLASP1	8	0.11734	0.33754	0.999995	314	5	-0.45495	0.95172	0.95127	0.999995	935	0	-0.45495
LDB1	16	0.11814	0.40341	0.999995	315	9	-0.38359	0.98729	0.98813	0.999995	987	0	-0.38359
KIF20A	16	0.11844	0.40415	0.999995	316	9	-0.36385	0.61532	0.6137	0.999995	618	0	-0.36385
GPSM2	8	0.11966	0.34258	0.999995	317	5	-0.464	0.37977	0.37991	0.66344	606	0	-0.464
HPS1	8	0.12043	0.34405	0.999995	318	6	-0.32323	0.37977	0.37991	0.66344	590	0	-0.32323
SLC25A37	8	0.12083	0.34484	0.999995	319	5	-0.29824	0.85343	0.85321	0.999995	840	0	-0.29824
TMEM30A	8	0.12104	0.34523	0.999995	320	5	-0.3265	0.7639	0.76374	0.999995	760	0	-0.3265
GXYLT1	8	0.12151	0.34622	0.999995	321	5	-0.27261	0.37977	0.37991	0.66344	584	0	-0.27261
PFAS	8	0.12259	0.34856	0.999995	322	5	-0.36433	0.96451	0.96409	0.999995	954	0	-0.36433
STRIP1	8	0.12273	0.34876	0.999995	323	5	-0.45145	0.37977	0.37991	0.66344	314	0	-0.45145
CFL1	8	0.12362	0.35055	0.999995	324	4	-0.36898	0.37977	0.37991	0.66344	470	0	-0.36898
RPL6	3	0.12441	0.26585	0.978462	325	2	-0.84175	0.164	0.16466	0.66344	1	0	-0.84175
CALY	8	0.12467	0.35254	0.999995	326	6	-0.31646	0.84868	0.84858	0.999995	835	0	-0.31646
BICD1	8	0.12647	0.35647	0.999995	327	6	-0.29896	0.84027	0.8401	0.999995	826	0	-0.29896
CRYBB2	7	0.12857	0.3402	0.999995	328	3	-0.15298	0.73753	0.7361	0.999995	736	0	-0.15298
FOXK1	8	0.12873	0.36105	0.999995	329	5	-0.31213	0.70612	0.70655	0.999995	701	0	-0.31213
PCGF1	8	0.1289	0.36142	0.999995	330	5	-0.14424	0.37977	0.37991	0.66344	184	0	-0.14424
WASL	8	0.1299	0.36359	0.999995	331	5	-0.33072	0.81192	0.81188	0.999995	803	0	-0.33072
CLTCL1	8	0.13046	0.36459	0.999995	332	5	-0.38043	0.37977	0.37991	0.66344	442	0	-0.38043
SPAG9	8	0.13114	0.36593	0.999995	333	6	-0.31457	0.98411	0.98403	0.999995	980	0	-0.31457
SLC9A3R2	8	0.13128	0.36625	0.999995	334	6	-0.30122	0.98713	0.98695	0.999995	986	0	-0.30122
PTTG1	7	0.13138	0.34546	0.999995	335	5	-0.35383	0.59639	0.59616	0.999995	612	0	-0.35383
COX4I2	8	0.13158	0.36687	0.999995	336	5	-0.27244	0.73971	0.73896	0.999995	739	0	-0.27244
MYBL2	8	0.13345	0.37059	0.999995	337	6	-0.37594	0.70708	0.70754	0.999995	703	0	-0.37594
HOXB1	8	0.13388	0.37143	0.999995	338	6	-0.41394	0.6688	0.66963	0.999995	673	0	-0.41394
ZMIZ2	8	0.13417	0.37191	0.999995	339	6	-0.27422	0.37977	0.37991	0.66344	225	0	-0.27422
ALDOC	8	0.13461	0.37261	0.999995	340	6	-0.33778	0.88738	0.88716	0.999995	865	0	-0.33778
HMG20B	8	0.13655	0.37643	0.999995	341	5	-0.35279	0.37977	0.37991	0.66344	593	0	-0.35279
CBLL1	8	0.13714	0.37762	0.999995	342	5	-0.449	0.37977	0.37991	0.66344	417	0	-0.449
PTCH2	8	0.1374	0.3781	0.999995	343	6	-0.28488	0.37977	0.37991	0.66344	77	0	-0.28488
FOXK2	8	0.13745	0.37819	0.999995	344	3	-0.2251	0.37977	0.37991	0.66344	576	0	-0.2251
GABPB2	8	0.13769	0.37861	0.999995	345	6	-0.3769	0.37977	0.37991	0.66344	550	0	-0.3769
MTMR3	8	0.1378	0.37881	0.999995	346	5	-0.41673	0.94541	0.94463	0.999995	926	0	-0.41673
RPL27A	4	0.13815	0.29436	0.999995	347	2	-0.21989	0.21245	0.2116	0.66344	2	0	-0.21989
NSG1	8	0.13825	0.37963	0.999995	348	6	-0.21387	0.37977	0.37991	0.66344	126	0	-0.21387
CDK5R1	8	0.13923	0.38172	0.999995	349	5	-0.3051	0.94778	0.94717	0.999995	928	0	-0.3051
LATS2	8	0.14403	0.3906	0.999995	350	5	-0.35235	0.62819	0.62867	0.999995	633	0	-0.35235
ABCC3	8	0.1449	0.39219	0.999995	351	4	-0.37191	0.86188	0.86133	0.999995	850	0	-0.37191
SLC25A24	8	0.14582	0.39351	0.999995	352	5	-0.31983	0.37977	0.37991	0.66344	288	0	-0.31983
RNF103	8	0.14711	0.39557	0.999995	353	5	-0.34266	0.37977	0.37991	0.66344	105	0	-0.34266
FXR2	8	0.1512	0.40165	0.999995	354	5	-0.26521	0.90192	0.90159	0.999995	883	0	-0.26521
PRG3	8	0.15192	0.40267	0.999995	355	5	-0.42013	0.37977	0.37991	0.66344	65	0	-0.42013
YIF1A	8	0.15954	0.41343	0.999995	356	5	-0.37266	0.79696	0.79661	0.999995	789	0	-0.37266
ADAP2	8	0.16148	0.41608	0.999995	357	5	-0.38777	0.37977	0.37991	0.66344	299	0	-0.38777
LIM2	8	0.16459	0.42035	0.999995	358	4	-0.29825	0.37977	0.37991	0.66344	527	0	-0.29825
RPS7	3	0.16545	0.31048	0.999995	359	2	-0.80465	0.66378	0.66343	0.999995	666	0	-0.80465
SNRPB2	7	0.16588	0.40472	0.999995	360	4	-0.23431	0.34161	0.34199	0.66344	32	0	-0.23431
TNPO2	8	0.16624	0.42252	0.999995	361	5	-0.25171	0.84102	0.84082	0.999995	827	0	-0.25171
SLC11A2	8	0.16737	0.42405	0.999995	362	5	-0.37192	0.94064	0.93996	0.999995	924	0	-0.37192
SPATA21	8	0.16793	0.42473	0.999995	363	4	-0.31789	0.71087	0.71083	0.999995	707	0	-0.31789
TIMM23B	7	0.17056	0.41242	0.999995	364	3	-0.24726	0.68361	0.68241	0.999995	688	0	-0.24726
SMAP1	8	0.172	0.4304	0.999995	365	5	-0.32133	0.83802	0.83762	0.999995	825	0	-0.32133
ERBB3	16	0.17774	0.51383	0.999995	366	10	-0.23739	0.93387	0.9343	0.999995	913	0	-0.23739
BRD8	8	0.1788	0.44003	0.999995	367	4	-0.27122	0.37977	0.37991	0.66344	431	0	-0.27122
CAP2	8	0.17907	0.44044	0.999995	368	5	-0.27489	0.78294	0.78295	0.999995	781	0	-0.27489
RPS28	3	0.18444	0.3306	0.999995	369	2	-0.22466	0.62435	0.62375	0.999995	630	0	-0.22466
GNB3	8	0.18536	0.4497	0.999995	370	5	-0.28279	0.76072	0.76063	0.999995	756	0	-0.28279
UMPS	8	0.18573	0.45024	0.999995	371	5	-0.31317	0.37977	0.37991	0.66344	197	0	-0.31317
CCNE2	8	0.1912	0.45771	0.999995	372	5	-0.39438	0.68236	0.68324	0.999995	685	0	-0.39438
RHBDF1	8	0.19151	0.45812	0.999995	373	5	-0.29485	0.91489	0.91425	0.999995	896	0	-0.29485
SPTLC2	8	0.19345	0.46098	0.999995	374	5	-0.34909	0.70066	0.70109	0.999995	697	0	-0.34909
ERO1B	8	0.19406	0.46183	0.999995	375	5	-0.30621	0.37977	0.37991	0.66344	367	0	-0.30621
RPL21	3	0.19415	0.34063	0.999995	376	2	-0.32352	0.57901	0.57873	0.999995	610	0	-0.32352
ASCL1	8	0.19684	0.46568	0.999995	377	4	-0.26547	0.89731	0.89717	0.999995	873	0	-0.26547
BZW1	6	0.19697	0.4273	0.999995	378	3	-0.30571	0.86293	0.86456	0.999995	852	0	-0.30571
SHMT2	8	0.19726	0.46621	0.999995	379	4	-0.31919	0.7548	0.75448	0.999995	750	0	-0.31919
HUS1B	8	0.20064	0.47068	0.999995	380	5	-0.26297	0.83009	0.82984	0.999995	819	0	-0.26297
RNF44	8	0.20907	0.48205	0.999995	381	3	-0.2361	0.71525	0.71503	0.999995	712	0	-0.2361
DHX29	7	0.2102	0.47581	0.999995	382	4	-0.27558	0.34161	0.34199	0.66344	23	0	-0.27558
PLXDC1	16	0.21068	0.56652	0.999995	383	10	-0.29047	0.92439	0.92504	0.999995	903	0	-0.29047
MYBPH	8	0.21088	0.48451	0.999995	384	4	-0.28891	0.37977	0.37991	0.66344	133	0	-0.28891
NCK2	8	0.21192	0.48586	0.999995	385	5	-0.26007	0.91446	0.91387	0.999995	895	0	-0.26007
UBASH3B	8	0.21285	0.48713	0.999995	386	4	-0.30044	0.64092	0.64188	0.999995	645	0	-0.30044
ISL1	8	0.21404	0.48864	0.999995	387	4	-0.25268	0.37977	0.37991	0.66344	478	0	-0.25268
STRADA	8	0.21484	0.48968	0.999995	388	4	-0.31463	0.37977	0.37991	0.66344	315	0	-0.31463
PTCH1	8	0.21883	0.49522	0.999995	389	4	-0.246	0.37977	0.37991	0.66344	74	0	-0.246
CTSZ	8	0.21982	0.49657	0.999995	390	4	-0.18115	0.37977	0.37991	0.66344	355	0	-0.18115
CHUK	16	0.22006	0.58126	0.999995	391	10	-0.26952	0.61532	0.6137	0.999995	623	0	-0.26952
GMPR2	8	0.22023	0.49718	0.999995	392	5	-0.28974	0.37977	0.37991	0.66344	555	0	-0.28974
NHLRC1	8	0.22105	0.49831	0.999995	393	5	-0.31331	0.9384	0.9376	0.999995	919	0	-0.31331
STT3A	8	0.22873	0.50779	0.999995	394	5	-0.32273	0.90289	0.90241	0.999995	884	0	-0.32273
PGLS	8	0.23034	0.50974	0.999995	395	4	-0.21711	0.37977	0.37991	0.66344	156	0	-0.21711
SLC9A3R1	8	0.2308	0.51048	0.999995	396	5	-0.30065	0.90457	0.90396	0.999995	889	0	-0.30065
TUBB2A	6	0.23087	0.47398	0.999995	397	3	-0.36089	0.3011	0.30038	0.66344	7	0	-0.36089
ADGRG7	8	0.23237	0.51235	0.999995	398	4	-0.30944	0.37977	0.37991	0.66344	274	0	-0.30944
IPO5	8	0.23395	0.51457	0.999995	399	5	-0.32619	0.37977	0.37991	0.66344	502	0	-0.32619
NUMB	8	0.23688	0.51848	0.999995	400	4	-0.14184	0.37977	0.37991	0.66344	174	0	-0.14184
CCNT1	8	0.23858	0.52062	0.999995	401	5	-0.26464	0.65876	0.6597	0.999995	660	0	-0.26464
HMGCS2	8	0.23904	0.52125	0.999995	402	4	-0.29783	0.37977	0.37991	0.66344	594	0	-0.29783
PAPSS2	8	0.2392	0.5215	0.999995	403	4	-0.32615	0.75179	0.75142	0.999995	749	0	-0.32615
CAND2	8	0.23927	0.52153	0.999995	404	4	-0.25358	0.37977	0.37991	0.66344	416	0	-0.25358
H1FOO	8	0.24023	0.52269	0.999995	405	4	-0.23606	0.77949	0.77939	0.999995	777	0	-0.23606
RHBDF2	8	0.24517	0.5288	0.999995	406	4	-0.27539	0.37977	0.37991	0.66344	103	0	-0.27539
LIN28B	8	0.24648	0.53049	0.999995	407	4	-0.32179	0.37977	0.37991	0.66344	541	0	-0.32179
IKBKB	8	0.25038	0.53544	0.999995	408	4	-0.23323	0.37977	0.37991	0.66344	500	0	-0.23323
CRY2	8	0.25475	0.54053	0.999995	409	3	-0.13551	0.37977	0.37991	0.66344	450	0	-0.13551
SAP30	8	0.25568	0.54174	0.999995	410	4	-0.18704	0.37977	0.37991	0.66344	92	0	-0.18704
TMEM120B	8	0.25708	0.54371	0.999995	411	5	-0.22511	0.37977	0.37991	0.66344	257	0	-0.22511
CLCA1	8	0.25974	0.54712	0.999995	412	5	-0.43561	0.37977	0.37991	0.66344	468	0	-0.43561
ABCA3	8	0.26044	0.54798	0.999995	413	5	-0.21893	0.84398	0.84348	0.999995	830	0	-0.21893
MTMR4	8	0.26174	0.54977	0.999995	414	5	-0.30533	0.37977	0.37991	0.66344	139	0	-0.30533
PMM1	8	0.26308	0.5515	0.999995	415	5	-0.29094	0.37977	0.37991	0.66344	165	0	-0.29094
OSMR	8	0.26442	0.55313	0.999995	416	5	-0.30698	0.37977	0.37991	0.66344	169	0	-0.30698
MTUS2	8	0.265	0.55389	0.999995	417	5	-0.21976	0.90106	0.90074	0.999995	881	0	-0.21976
COPZ2	8	0.26571	0.55476	0.999995	418	3	-0.22619	0.37977	0.37991	0.66344	446	0	-0.22619
WAS	8	0.26692	0.55617	0.999995	419	5	-0.22301	0.71833	0.71809	0.999995	715	0	-0.22301
MCPH1	8	0.27055	0.56034	0.999995	420	4	-0.3347	0.37977	0.37991	0.66344	511	0	-0.3347
RAD17	6	0.2718	0.52774	0.999995	421	3	-0.28617	0.54272	0.54406	0.948533	608	0	-0.28617
TGFBR2	8	0.27299	0.56352	0.999995	422	5	-0.21341	0.67198	0.67297	0.999995	677	0	-0.21341
TBPL2	8	0.27345	0.56405	0.999995	423	5	-0.27859	0.37977	0.37991	0.66344	308	0	-0.27859
PHLDA2	8	0.27371	0.56438	0.999995	424	4	-0.2064	0.37977	0.37991	0.66344	158	0	-0.2064
DBT	8	0.27481	0.56587	0.999995	425	5	-0.29278	0.37977	0.37991	0.66344	362	0	-0.29278
AP3M1	8	0.27732	0.56878	0.999995	426	5	-0.27496	0.37977	0.37991	0.66344	160	0	-0.27496
CADPS	8	0.27869	0.57038	0.999995	427	3	-0.17697	0.37977	0.37991	0.66344	405	0	-0.17697
GIT2	8	0.27957	0.57138	0.999995	428	5	-0.29189	0.77675	0.77659	0.999995	774	0	-0.29189
RANBP9	8	0.28261	0.57506	0.999995	429	5	-0.31203	0.37977	0.37991	0.66344	51	0	-0.31203
G3BP2	8	0.28284	0.57538	0.999995	430	5	-0.44296	0.84886	0.84879	0.999995	836	0	-0.44296
MYH7	8	0.2833	0.57595	0.999995	431	5	-0.28401	0.37977	0.37991	0.66344	134	0	-0.28401
ATP6V1B1	8	0.28349	0.57619	0.999995	432	3	-0.22631	0.83264	0.83244	0.999995	821	0	-0.22631
SAP30L	8	0.28377	0.57656	0.999995	433	5	-0.24968	0.62936	0.6299	0.999995	635	0	-0.24968
L3MBTL2	8	0.28499	0.57798	0.999995	434	4	-0.20625	0.83088	0.83072	0.999995	820	0	-0.20625
SEC31A	8	0.28632	0.57948	0.999995	435	4	-0.30292	0.91304	0.91255	0.999995	893	0	-0.30292
IDH1	8	0.28655	0.57978	0.999995	436	5	-0.28008	0.37977	0.37991	0.66344	498	0	-0.28008
CELA2A	8	0.28678	0.58003	0.999995	437	5	-0.24157	0.81406	0.81413	0.999995	805	0	-0.24157
ADSS	7	0.28782	0.56534	0.999995	438	3	-0.26711	0.34161	0.34199	0.66344	42	0	-0.26711
MYD88	8	0.29074	0.5849	0.999995	439	5	-0.21131	0.37977	0.37991	0.66344	135	0	-0.21131
CHSY3	8	0.29193	0.58625	0.999995	440	4	-0.24575	0.65621	0.65721	0.999995	658	0	-0.24575
ZMAT2	8	0.29236	0.58665	0.999995	441	5	-0.39444	0.65401	0.65497	0.999995	657	0	-0.39444
AP1G1	8	0.29268	0.58698	0.999995	442	4	-0.31849	0.37977	0.37991	0.66344	45	0	-0.31849
CNOT6	8	0.29331	0.58779	0.999995	443	5	-0.28678	0.37977	0.37991	0.66344	445	0	-0.28678
RPL3L	8	0.2937	0.58828	0.999995	444	3	-0.17829	0.37977	0.37991	0.66344	108	0	-0.17829
IMPDH1	8	0.29402	0.58868	0.999995	445	5	-0.27799	0.37977	0.37991	0.66344	507	0	-0.27799
KLF4	8	0.29519	0.59016	0.999995	446	5	-0.23606	0.66987	0.67072	0.999995	675	0	-0.23606
MYL7	8	0.29694	0.59231	0.999995	447	5	-0.29891	0.37977	0.37991	0.66344	147	0	-0.29891
CREBBP	8	0.29742	0.59292	0.999995	448	4	-0.24845	0.37977	0.37991	0.66344	454	0	-0.24845
BECN1	8	0.29849	0.59417	0.999995	449	5	-0.3527	0.64395	0.64486	0.999995	650	0	-0.3527
LGALS9	7	0.2986	0.5766	0.999995	450	4	-0.22507	0.34161	0.34199	0.66344	21	0	-0.22507
FKBP9	7	0.29864	0.57664	0.999995	451	3	-0.22603	0.8441	0.84253	0.999995	831	0	-0.22603
HEATR5A	8	0.29944	0.59525	0.999995	452	5	-0.37178	0.81576	0.8158	0.999995	806	0	-0.37178
CLTA	8	0.30346	0.5996	0.999995	453	4	-0.21599	0.37977	0.37991	0.66344	455	0	-0.21599
IL6ST	8	0.30538	0.60185	0.999995	454	5	-0.23886	0.37977	0.37991	0.66344	505	0	-0.23886
NAA11	8	0.30826	0.60532	0.999995	455	4	-0.192	0.75643	0.75623	0.999995	752	0	-0.192
MAK	8	0.30876	0.60599	0.999995	456	4	-0.21994	0.37977	0.37991	0.66344	526	0	-0.21994
TMEM120A	8	0.31206	0.61006	0.999995	457	5	-0.22491	0.37977	0.37991	0.66344	305	0	-0.22491
PXDN	8	0.31329	0.61145	0.999995	458	5	-0.22857	0.9594	0.95866	0.999995	946	0	-0.22857
GBP3	8	0.31498	0.61352	0.999995	459	5	-0.29617	0.69609	0.69675	0.999995	694	0	-0.29617
IRF8	8	0.31552	0.61407	0.999995	460	3	-0.19953	0.37977	0.37991	0.66344	491	0	-0.19953
RHOBTB2	8	0.31595	0.61458	0.999995	461	5	-0.28636	0.37977	0.37991	0.66344	98	0	-0.28636
GBX2	8	0.3174	0.61625	0.999995	462	5	-0.24022	0.64583	0.64677	0.999995	652	0	-0.24022
H2AFX	8	0.31809	0.61699	0.999995	463	3	-0.071782	0.37977	0.37991	0.66344	580	0	-0.071782
LARP1B	8	0.31861	0.61757	0.999995	464	5	-0.32089	0.37977	0.37991	0.66344	532	0	-0.32089
RALGPS2	8	0.32334	0.62311	0.999995	465	4	-0.33839	0.37977	0.37991	0.66344	50	0	-0.33839
ARHGEF7	8	0.3261	0.62604	0.999995	466	4	-0.26483	0.37977	0.37991	0.66344	336	0	-0.26483
ACTL6B	8	0.32985	0.63012	0.999995	467	5	-0.2457	0.6918	0.69258	0.999995	690	0	-0.2457
FKBP5	8	0.3301	0.63036	0.999995	468	5	-0.2252	0.37977	0.37991	0.66344	568	0	-0.2252
SLC25A25	8	0.33158	0.6321	0.999995	469	5	-0.28794	0.37977	0.37991	0.66344	287	0	-0.28794
CAVIN1	8	0.33404	0.63509	0.999995	470	5	-0.31908	0.91891	0.91839	0.999995	898	0	-0.31908
BTBD11	8	0.33454	0.63562	0.999995	471	5	-0.26134	0.37977	0.37991	0.66344	406	0	-0.26134
SLC35F3	8	0.33499	0.63612	0.999995	472	4	-0.17915	0.37977	0.37991	0.66344	263	0	-0.17915
GALR3	8	0.33701	0.63825	0.999995	473	4	-0.26082	0.37977	0.37991	0.66344	544	0	-0.26082
SLC35F4	8	0.33801	0.63952	0.999995	474	5	-0.28644	0.37977	0.37991	0.66344	262	0	-0.28644
PRSS37	8	0.33849	0.64002	0.999995	475	4	-0.3411	0.79206	0.79193	0.999995	787	0	-0.3411
HASPIN	8	0.33857	0.64014	0.999995	476	4	-0.32511	0.37977	0.37991	0.66344	581	0	-0.32511
CCNT2	8	0.33875	0.64036	0.999995	477	5	-0.27607	0.91597	0.9153	0.999995	897	0	-0.27607
XDH	8	0.3395	0.64131	0.999995	478	5	-0.22899	0.37977	0.37991	0.66344	255	0	-0.22899
FLNC	8	0.33962	0.64145	0.999995	479	4	-0.26637	0.94951	0.9491	0.999995	930	0	-0.26637
SIN3B	8	0.34024	0.64207	0.999995	480	5	-0.28474	0.85081	0.85075	0.999995	839	0	-0.28474
SEC31B	8	0.34099	0.6428	0.999995	481	5	-0.31932	0.6447	0.64551	0.999995	651	0	-0.31932
LIN28A	7	0.34122	0.61905	0.999995	482	4	-0.29878	0.34161	0.34199	0.66344	20	0	-0.29878
ABL1	8	0.34611	0.64853	0.999995	483	4	-0.15895	0.37977	0.37991	0.66344	188	0	-0.15895
G3BP1	7	0.34763	0.6252	0.999995	484	3	-0.31499	0.96922	0.96905	0.999995	962	0	-0.31499
UNC45A	8	0.34924	0.65208	0.999995	485	5	-0.30575	0.37977	0.37991	0.66344	245	0	-0.30575
FNIP2	8	0.34955	0.65241	0.999995	486	4	-0.2725	0.37977	0.37991	0.66344	569	0	-0.2725
BATF3	8	0.35	0.65287	0.999995	487	5	-0.25212	0.37977	0.37991	0.66344	435	0	-0.25212
S100A6	8	0.35492	0.65783	0.999995	488	4	-0.22581	0.88997	0.88965	0.999995	869	0	-0.22581
GRHL2	8	0.35514	0.65802	0.999995	489	4	-0.2619	0.82223	0.82204	0.999995	812	0	-0.2619
TUBB4B	16	0.3565	0.73328	0.999995	490	5	-0.14192	0.61532	0.6137	0.999995	622	0	-0.14192
PSMB9	8	0.35706	0.66025	0.999995	491	5	-0.25354	0.37977	0.37991	0.66344	69	0	-0.25354
ZAP70	8	0.35965	0.66336	0.999995	492	4	-0.21138	0.37977	0.37991	0.66344	226	0	-0.21138
FSD1	8	0.36035	0.66404	0.999995	493	4	-0.21896	0.37977	0.37991	0.66344	572	0	-0.21896
SYK	8	0.36061	0.66438	0.999995	494	4	-0.27433	0.37977	0.37991	0.66344	324	0	-0.27433
FOXE3	8	0.36088	0.66467	0.999995	495	4	-0.26061	0.37977	0.37991	0.66344	577	0	-0.26061
KCNT1	8	0.36214	0.666	0.999995	496	5	-0.28539	0.87407	0.87328	0.999995	857	0	-0.28539
AKAP11	8	0.36405	0.66798	0.999995	497	3	-0.14277	0.90832	0.90756	0.999995	891	0	-0.14277
NCKAP1L	8	0.36459	0.66828	0.999995	498	2	-0.10171	0.37977	0.37991	0.66344	122	0	-0.10171
DUOX1	8	0.37143	0.67352	0.999995	499	3	-0.25155	0.37977	0.37991	0.66344	340	0	-0.25155
TAF9	7	0.37518	0.65194	0.999995	500	3	-0.23221	0.34161	0.34199	0.66344	40	0	-0.23221
TTC7A	16	0.37554	0.75172	0.999995	501	9	-0.25046	0.9531	0.95312	0.999995	937	0	-0.25046
DEGS2	8	0.37682	0.67725	0.999995	502	4	-0.23669	0.95012	0.94974	0.999995	932	0	-0.23669
TOMM20L	8	0.38001	0.67977	0.999995	503	4	-0.17976	0.37977	0.37991	0.66344	218	0	-0.17976
LIMK1	8	0.38082	0.68039	0.999995	504	4	-0.20837	0.37977	0.37991	0.66344	530	0	-0.20837
SPDEF	8	0.38119	0.68074	0.999995	505	3	-0.20882	0.96466	0.96422	0.999995	955	0	-0.20882
CDC34	8	0.38165	0.68113	0.999995	506	4	-0.2688	0.37977	0.37991	0.66344	457	0	-0.2688
TBC1D4	8	0.38296	0.68214	0.999995	507	4	-0.18	0.37977	0.37991	0.66344	296	0	-0.18
KIAA0319	8	0.38403	0.68293	0.999995	508	4	-0.21811	0.37977	0.37991	0.66344	482	0	-0.21811
ESRP1	8	0.38671	0.68518	0.999995	509	4	-0.28556	0.821	0.82095	0.999995	810	0	-0.28556
KCNMB3	7	0.3868	0.66241	0.999995	510	4	-0.22233	0.34161	0.34199	0.66344	18	0	-0.22233
SLC17A2	8	0.38741	0.68567	0.999995	511	3	-0.20266	0.37977	0.37991	0.66344	292	0	-0.20266
IKBKE	8	0.39004	0.68754	0.999995	512	2	-0.12259	0.75507	0.75468	0.999995	751	0	-0.12259
ABCG2	8	0.39042	0.68789	0.999995	513	2	-0.1002	0.37977	0.37991	0.66344	194	0	-0.1002
COQ10A	8	0.39156	0.68891	0.999995	514	4	-0.27698	0.776	0.7757	0.999995	773	0	-0.27698
SERPINA11	8	0.3945	0.69116	0.999995	515	4	-0.22356	0.37977	0.37991	0.66344	280	0	-0.22356
NAA16	8	0.39478	0.69133	0.999995	516	4	-0.26521	0.37977	0.37991	0.66344	149	0	-0.26521
IQCA1	8	0.39558	0.69199	0.999995	517	4	-0.22487	0.80689	0.80713	0.999995	797	0	-0.22487
RIC8B	8	0.39693	0.69307	0.999995	518	4	-0.30562	0.78874	0.78854	0.999995	784	0	-0.30562
NSG2	8	0.39749	0.69336	0.999995	519	3	-0.20637	0.37977	0.37991	0.66344	125	0	-0.20637
GRHL3	8	0.40529	0.69922	0.999995	520	4	-0.27582	0.88247	0.88211	0.999995	861	0	-0.27582
CSTF2T	8	0.41341	0.70496	0.999995	521	4	-0.19311	0.72351	0.72319	0.999995	721	0	-0.19311
RING1	8	0.41639	0.70698	0.999995	522	4	-0.22648	0.37977	0.37991	0.66344	100	0	-0.22648
SIRPA	6	0.41927	0.67281	0.999995	523	2	-0.24139	0.3011	0.30038	0.66344	6	0	-0.24139
FRS3	8	0.42301	0.71197	0.999995	524	3	-0.12621	0.65985	0.66068	0.999995	662	0	-0.12621
MANF	8	0.42335	0.71224	0.999995	525	3	-0.30957	0.37977	0.37991	0.66344	514	0	-0.30957
EPC2	8	0.4242	0.71296	0.999995	526	4	-0.36702	0.37977	0.37991	0.66344	394	0	-0.36702
TCF3	8	0.42427	0.71305	0.999995	527	4	-0.17167	0.89357	0.89338	0.999995	871	0	-0.17167
FKBP10	8	0.42694	0.71504	0.999995	528	3	-0.13336	0.75041	0.75014	0.999995	748	0	-0.13336
GDF15	8	0.43195	0.71933	0.999995	529	3	-0.21292	0.37977	0.37991	0.66344	557	0	-0.21292
ADSSL1	8	0.43298	0.7201	0.999995	530	4	-0.32445	0.98301	0.98276	0.999995	976	0	-0.32445
CDK8	8	0.43352	0.72039	0.999995	531	4	-0.33191	0.93667	0.93587	0.999995	914	0	-0.33191
VPS26B	8	0.4341	0.72082	0.999995	532	3	-0.19621	0.74958	0.74935	0.999995	746	0	-0.19621
LIF	8	0.43539	0.72178	0.999995	533	3	-0.21589	0.37977	0.37991	0.66344	528	0	-0.21589
GRIP1	8	0.43652	0.72267	0.999995	534	4	-0.20602	0.37977	0.37991	0.66344	607	0	-0.20602
PACS2	8	0.43944	0.7248	0.999995	535	2	-0.1209	0.37977	0.37991	0.66344	171	0	-0.1209
TNR	8	0.44415	0.72808	0.999995	536	4	-0.22645	0.37977	0.37991	0.66344	207	0	-0.22645
DMXL2	8	0.44435	0.72825	0.999995	537	3	-0.17092	0.37977	0.37991	0.66344	344	0	-0.17092
IDH2	8	0.44443	0.72833	0.999995	538	4	-0.2668	0.37977	0.37991	0.66344	493	0	-0.2668
ARPC5L	8	0.44547	0.72911	0.999995	539	3	-0.18648	0.37977	0.37991	0.66344	461	0	-0.18648
ZNF185	8	0.44832	0.73105	0.999995	540	2	-0.11454	0.37977	0.37991	0.66344	230	0	-0.11454
VANGL2	8	0.44938	0.73181	0.999995	541	4	-0.27122	0.37977	0.37991	0.66344	243	0	-0.27122
FCRL3	8	0.44962	0.73201	0.999995	542	4	-0.23063	0.37977	0.37991	0.66344	377	0	-0.23063
GRM4	8	0.44989	0.73215	0.999995	543	4	-0.19499	0.37977	0.37991	0.66344	602	0	-0.19499
FUT5	8	0.45086	0.73279	0.999995	544	3	-0.17216	0.37977	0.37991	0.66344	549	0	-0.17216
PLAU	8	0.45235	0.73384	0.999995	545	4	-0.26617	0.96101	0.96034	0.999995	949	0	-0.26617
NR5A2	8	0.45754	0.73743	0.999995	546	4	-0.25002	0.37977	0.37991	0.66344	127	0	-0.25002
KHSRP	8	0.45973	0.73911	0.999995	547	4	-0.36673	0.37977	0.37991	0.66344	476	0	-0.36673
TOMM40L	8	0.46	0.73937	0.999995	548	4	-0.19442	0.37977	0.37991	0.66344	217	0	-0.19442
TMEM185B	8	0.46383	0.7421	0.999995	549	4	-0.30126	0.37977	0.37991	0.66344	208	0	-0.30126
LRBA	8	0.46488	0.74269	0.999995	550	2	-0.19887	0.85464	0.85453	0.999995	843	0	-0.19887
TOB2	8	0.46709	0.74422	0.999995	551	4	-0.20543	0.89933	0.89924	0.999995	878	0	-0.20543
GOLT1A	8	0.46946	0.7457	0.999995	552	3	-0.1585	0.37977	0.37991	0.66344	600	0	-0.1585
SRI	8	0.47032	0.74623	0.999995	553	4	-0.20438	0.37977	0.37991	0.66344	319	0	-0.20438
TMEM9B	8	0.47422	0.74912	0.999995	554	4	-0.17957	0.37977	0.37991	0.66344	210	0	-0.17957
RNF130	8	0.47559	0.74993	0.999995	555	4	-0.22709	0.37977	0.37991	0.66344	113	0	-0.22709
VANGL1	8	0.47723	0.75099	0.999995	556	4	-0.22281	0.37977	0.37991	0.66344	240	0	-0.22281
SPHKAP	8	0.47738	0.75107	0.999995	557	3	-0.073649	0.37977	0.37991	0.66344	270	0	-0.073649
MTA1	8	0.47832	0.75173	0.999995	558	4	-0.2581	0.95809	0.95731	0.999995	945	0	-0.2581
IL6R	8	0.47855	0.75192	0.999995	559	3	-0.23594	0.37977	0.37991	0.66344	506	0	-0.23594
FLT1	8	0.47882	0.75216	0.999995	560	3	-0.14586	0.37977	0.37991	0.66344	564	0	-0.14586
MORF4L2	8	0.48031	0.75329	0.999995	561	4	-0.19914	0.37977	0.37991	0.66344	521	0	-0.19914
TPST1	8	0.48148	0.75421	0.999995	562	3	-0.17172	0.85906	0.85866	0.999995	846	0	-0.17172
FLOT1	8	0.48216	0.75464	0.999995	563	3	-0.17146	0.37977	0.37991	0.66344	562	0	-0.17146
SLC32A1	8	0.48236	0.75475	0.999995	564	3	-0.32763	0.37977	0.37991	0.66344	275	0	-0.32763
NUMBL	8	0.48477	0.75659	0.999995	565	4	-0.206	0.37977	0.37991	0.66344	173	0	-0.206
BRSK1	8	0.48504	0.75678	0.999995	566	3	-0.25611	0.37977	0.37991	0.66344	419	0	-0.25611
DDX39A	8	0.48529	0.75697	0.999995	567	3	-0.22058	0.37977	0.37991	0.66344	358	0	-0.22058
ZNRF4	8	0.48642	0.75779	0.999995	568	4	-0.32305	0.37977	0.37991	0.66344	234	0	-0.32305
PPP2R1B	8	0.48763	0.75861	0.999995	569	4	-0.18039	0.37977	0.37991	0.66344	159	0	-0.18039
SLC11A1	8	0.48893	0.75947	0.999995	570	4	-0.28875	0.37977	0.37991	0.66344	289	0	-0.28875
MECP2	8	0.49114	0.76097	0.999995	571	3	-0.077674	0.37977	0.37991	0.66344	523	0	-0.077674
RAP1GAP	8	0.49231	0.76193	0.999995	572	4	-0.25191	0.98134	0.98094	0.999995	974	0	-0.25191
SAR1A	16	0.49295	0.83635	0.999995	573	8	-0.237	0.61532	0.6137	0.999995	616	0	-0.237
TANC2	7	0.49298	0.75843	0.999995	574	2	-0.14687	0.34161	0.34199	0.66344	38	0	-0.14687
NMT2	8	0.49309	0.76256	0.999995	575	4	-0.18768	0.78048	0.78035	0.999995	778	0	-0.18768
BRSK2	8	0.49363	0.7629	0.999995	576	4	-0.19674	0.37977	0.37991	0.66344	407	0	-0.19674
NET1	8	0.49445	0.76353	0.999995	577	4	-0.18236	0.37977	0.37991	0.66344	115	0	-0.18236
FAM50B	8	0.49501	0.76398	0.999995	578	3	-0.18844	0.73625	0.7357	0.999995	735	0	-0.18844
IL10RA	8	0.49664	0.76505	0.999995	579	4	-0.27566	0.70867	0.70892	0.999995	705	0	-0.27566
RUNX1	8	0.49774	0.76591	0.999995	580	3	-0.14713	0.66417	0.66502	0.999995	667	0	-0.14713
MBD3L1	8	0.49785	0.766	0.999995	581	3	-0.21414	0.37977	0.37991	0.66344	509	0	-0.21414
CAPN2	8	0.50308	0.76939	0.999995	582	3	-0.18328	0.90912	0.90837	0.999995	892	0	-0.18328
GJA8	8	0.50366	0.76965	0.999995	583	3	-0.26361	0.72291	0.72252	0.999995	720	0	-0.26361
KAT6B	8	0.50453	0.77025	0.999995	584	4	-0.23583	0.83649	0.83625	0.999995	824	0	-0.23583
LSM14B	8	0.5081	0.77269	0.999995	585	4	-0.16517	0.37977	0.37991	0.66344	539	0	-0.16517
NDE1	8	0.50892	0.77322	0.999995	586	4	-0.21739	0.37977	0.37991	0.66344	121	0	-0.21739
SHMT1	7	0.50926	0.77008	0.999995	587	3	-0.15429	0.88016	0.87951	0.999995	860	0	-0.15429
AHCYL2	8	0.51191	0.77535	0.999995	588	4	-0.25141	0.70517	0.70567	0.999995	700	0	-0.25141
BECN2	8	0.513	0.77617	0.999995	589	4	-0.21817	0.37977	0.37991	0.66344	429	0	-0.21817
ERN2	8	0.51467	0.7774	0.999995	590	4	-0.21681	0.37977	0.37991	0.66344	373	0	-0.21681
MMD	8	0.51502	0.77757	0.999995	591	3	-0.23234	0.66951	0.67029	0.999995	674	0	-0.23234
CD44	8	0.51621	0.77839	0.999995	592	2	-0.16678	0.63978	0.64081	0.999995	644	0	-0.16678
APOBEC3C	8	0.51737	0.77913	0.999995	593	4	-0.23944	0.37977	0.37991	0.66344	533	0	-0.23944
PTPN21	8	0.5179	0.77973	0.999995	594	4	-0.23806	0.37977	0.37991	0.66344	73	0	-0.23806
NBEAL1	8	0.51818	0.77989	0.999995	595	3	-0.20496	0.37977	0.37991	0.66344	144	0	-0.20496
MAPK8IP3	8	0.51929	0.78077	0.999995	596	4	-0.29622	0.8893	0.88909	0.999995	868	0	-0.29622
DCAF8L1	8	0.52245	0.78298	0.999995	597	3	-0.077966	0.37977	0.37991	0.66344	364	0	-0.077966
RB1	8	0.52361	0.78382	0.999995	598	4	-0.22443	0.37977	0.37991	0.66344	56	0	-0.22443
COQ10B	8	0.52687	0.78594	0.999995	599	4	-0.22387	0.89945	0.89931	0.999995	879	0	-0.22387
ITGB1BP2	8	0.52696	0.78598	0.999995	600	4	-0.23799	0.37977	0.37991	0.66344	481	0	-0.23799
TRPC7	8	0.52906	0.78735	0.999995	601	3	-0.21932	0.37977	0.37991	0.66344	193	0	-0.21932
TPRX1	8	0.52986	0.78792	0.999995	602	4	-0.27128	0.37977	0.37991	0.66344	213	0	-0.27128
UNC119B	8	0.52992	0.78796	0.999995	603	3	-0.16603	0.37977	0.37991	0.66344	221	0	-0.16603
SAR1B	8	0.53078	0.78858	0.999995	604	4	-0.23907	0.76125	0.76103	0.999995	757	0	-0.23907
CEACAM1	8	0.53338	0.7906	0.999995	605	4	-0.1805	0.76574	0.76553	0.999995	764	0	-0.1805
CCNE1	8	0.53467	0.79168	0.999995	606	2	-0.13555	0.37977	0.37991	0.66344	414	0	-0.13555
EGFR	8	0.53555	0.79244	0.999995	607	4	-0.18183	0.37977	0.37991	0.66344	392	0	-0.18183
ATP6V1C2	16	0.53574	0.86192	0.999995	608	7	-0.19661	0.61532	0.6137	0.999995	617	0	-0.19661
SATB2	8	0.53796	0.79412	0.999995	609	3	-0.17725	0.37977	0.37991	0.66344	94	0	-0.17725
FKBP4	8	0.5402	0.79557	0.999995	610	3	-0.18876	0.37977	0.37991	0.66344	565	0	-0.18876
ADM	8	0.54025	0.79563	0.999995	611	3	-0.19135	0.37977	0.37991	0.66344	271	0	-0.19135
SMAP2	8	0.5408	0.79608	0.999995	612	2	-0.024731	0.37977	0.37991	0.66344	259	0	-0.024731
ARPC5	8	0.54287	0.79745	0.999995	613	2	-0.15427	0.37977	0.37991	0.66344	444	0	-0.15427
AOX1	8	0.54312	0.79757	0.999995	614	4	-0.20091	0.37977	0.37991	0.66344	58	0	-0.20091
STX4	8	0.54555	0.79936	0.999995	615	4	-0.18194	0.37977	0.37991	0.66344	325	0	-0.18194
HNRNPH3	8	0.54644	0.8	0.999995	616	3	-0.32708	0.96801	0.96736	0.999995	959	0	-0.32708
ZFYVE19	8	0.54717	0.80052	0.999995	617	4	-0.23246	0.37977	0.37991	0.66344	223	0	-0.23246
ADAM19	8	0.54736	0.80069	0.999995	618	3	-0.1078	0.37977	0.37991	0.66344	300	0	-0.1078
UTP14C	8	0.54744	0.80073	0.999995	619	3	-0.12483	0.37977	0.37991	0.66344	246	0	-0.12483
TRIM25	8	0.54905	0.80187	0.999995	620	4	-0.2505	0.37977	0.37991	0.66344	191	0	-0.2505
VIM	8	0.55101	0.803	0.999995	621	3	-0.1681	0.37977	0.37991	0.66344	248	0	-0.1681
CABP5	8	0.55229	0.80386	0.999995	622	4	-0.27582	0.9668	0.96624	0.999995	957	0	-0.27582
SLCO2B1	8	0.55309	0.8044	0.999995	623	4	-0.27186	0.37977	0.37991	0.66344	265	0	-0.27186
AP5M1	8	0.55551	0.80606	0.999995	624	4	-0.22713	0.37977	0.37991	0.66344	141	0	-0.22713
TPST2	8	0.55605	0.80652	0.999995	625	4	-0.23569	0.77875	0.77857	0.999995	776	0	-0.23569
MMD2	8	0.55712	0.80723	0.999995	626	4	-0.22668	0.37977	0.37991	0.66344	518	0	-0.22668
RGS19	8	0.55927	0.80851	0.999995	627	4	-0.19405	0.37977	0.37991	0.66344	104	0	-0.19405
YAF2	8	0.56061	0.80927	0.999995	628	4	-0.24868	0.37977	0.37991	0.66344	252	0	-0.24868
NKAPL	8	0.56222	0.81036	0.999995	629	4	-0.20239	0.37977	0.37991	0.66344	116	0	-0.20239
ERC2	8	0.5649	0.81218	0.999995	630	4	-0.29791	0.88807	0.88781	0.999995	866	0	-0.29791
LHFPL5	8	0.5657	0.81269	0.999995	631	4	-0.22673	0.64621	0.64703	0.999995	653	0	-0.22673
FOXA1	8	0.5661	0.81303	0.999995	632	3	-0.15863	0.37977	0.37991	0.66344	575	0	-0.15863
WRN	8	0.56757	0.81401	0.999995	633	4	-0.25795	0.9392	0.93843	0.999995	922	0	-0.25795
YBX3	8	0.56864	0.81476	0.999995	634	4	-0.27045	0.37977	0.37991	0.66344	251	0	-0.27045
PTF1A	8	0.57051	0.81599	0.999995	635	4	-0.24702	0.37977	0.37991	0.66344	76	0	-0.24702
CNOT6L	6	0.57121	0.78454	0.999995	636	3	-0.2271	0.3011	0.30038	0.66344	10	0	-0.2271
PAX4	8	0.57181	0.81712	0.999995	637	3	-0.23169	0.37977	0.37991	0.66344	183	0	-0.23169
IFIH1	8	0.57283	0.81776	0.999995	638	3	-0.14785	0.37977	0.37991	0.66344	494	0	-0.14785
DENND5A	8	0.57291	0.8178	0.999995	639	4	-0.16063	0.37977	0.37991	0.66344	347	0	-0.16063
FRS2	8	0.57397	0.81841	0.999995	640	4	-0.21005	0.37977	0.37991	0.66344	571	0	-0.21005
GOLPH3	8	0.57591	0.81983	0.999995	641	3	-0.218	0.37977	0.37991	0.66344	578	0	-0.218
ADAP1	8	0.57637	0.82012	0.999995	642	4	-0.29933	0.37977	0.37991	0.66344	298	0	-0.29933
SUSD1	8	0.57664	0.8203	0.999995	643	4	-0.24219	0.37977	0.37991	0.66344	327	0	-0.24219
POU5F2	8	0.5769	0.82048	0.999995	644	4	-0.26449	0.37977	0.37991	0.66344	163	0	-0.26449
GDI2	16	0.57752	0.88532	0.999995	645	7	-0.26215	0.61532	0.6137	0.999995	619	0	-0.26215
CCNL2	8	0.57754	0.82092	0.999995	646	3	-0.15331	0.37977	0.37991	0.66344	437	0	-0.15331
TBC1D9	8	0.57796	0.82125	0.999995	647	4	-0.23469	0.7345	0.73396	0.999995	734	0	-0.23469
CCND3	8	0.57956	0.82236	0.999995	648	4	-0.23495	0.37977	0.37991	0.66344	411	0	-0.23495
ARFGEF1	8	0.5798	0.82253	0.999995	649	2	-0.12127	0.37977	0.37991	0.66344	567	0	-0.12127
PDS5B	8	0.58009	0.82279	0.999995	650	4	-0.2541	0.37977	0.37991	0.66344	180	0	-0.2541
UAP1L1	8	0.58058	0.8231	0.999995	651	3	-0.19498	0.37977	0.37991	0.66344	195	0	-0.19498
RCBTB1	8	0.58062	0.82312	0.999995	652	4	-0.27829	0.37977	0.37991	0.66344	54	0	-0.27829
ATAD2	8	0.58115	0.82343	0.999995	653	4	-0.18375	0.37977	0.37991	0.66344	427	0	-0.18375
CADPS2	8	0.58142	0.82367	0.999995	654	4	-0.1791	0.37977	0.37991	0.66344	404	0	-0.1791
PPP3R2	8	0.58155	0.82374	0.999995	655	3	-0.30567	0.90032	0.90011	0.999995	880	0	-0.30567
QSOX1	8	0.58168	0.82382	0.999995	656	4	-0.20667	0.69576	0.69648	0.999995	693	0	-0.20667
USP13	8	0.58223	0.82432	0.999995	657	3	-0.22828	0.37977	0.37991	0.66344	244	0	-0.22828
COPG2	8	0.58371	0.8253	0.999995	658	2	-0.19082	0.37977	0.37991	0.66344	441	0	-0.19082
FRY	8	0.5838	0.82534	0.999995	659	4	-0.18674	0.37977	0.37991	0.66344	570	0	-0.18674
HMGCL	8	0.58436	0.82575	0.999995	660	3	-0.12982	0.37977	0.37991	0.66344	595	0	-0.12982
AP1G2	8	0.58486	0.82611	0.999995	661	4	-0.24068	0.37977	0.37991	0.66344	46	0	-0.24068
LSM14A	8	0.58839	0.82864	0.999995	662	3	-0.11818	0.37977	0.37991	0.66344	536	0	-0.11818
DMXL1	8	0.58962	0.82952	0.999995	663	4	-0.2505	0.37977	0.37991	0.66344	338	0	-0.2505
GMPR	8	0.59173	0.83095	0.999995	664	4	-0.22215	0.37977	0.37991	0.66344	556	0	-0.22215
PAPSS1	8	0.59278	0.83167	0.999995	665	4	-0.27389	0.37977	0.37991	0.66344	170	0	-0.27389
PLEK2	8	0.59302	0.83179	0.999995	666	2	-0.18152	0.84796	0.84775	0.999995	834	0	-0.18152
LOR	8	0.5941	0.83244	0.999995	667	4	-0.232	0.37977	0.37991	0.66344	537	0	-0.232
ARFIP1	8	0.5944	0.83272	0.999995	668	2	-0.18442	0.37977	0.37991	0.66344	398	0	-0.18442
CPS1	8	0.59489	0.83314	0.999995	669	4	-0.16213	0.65694	0.65804	0.999995	659	0	-0.16213
FAM71B	8	0.59647	0.83405	0.999995	670	4	-0.22789	0.37977	0.37991	0.66344	381	0	-0.22789
MARCKS	8	0.60197	0.83776	0.999995	671	4	-0.16507	0.37977	0.37991	0.66344	516	0	-0.16507
MPC1	8	0.60297	0.83841	0.999995	672	3	-0.25883	0.37977	0.37991	0.66344	520	0	-0.25883
E2F4	8	0.60381	0.83902	0.999995	673	4	-0.28752	0.94785	0.94728	0.999995	929	0	-0.28752
NETO2	8	0.60433	0.83929	0.999995	674	4	-0.18815	0.37977	0.37991	0.66344	117	0	-0.18815
PIP4P2	8	0.60582	0.84037	0.999995	675	3	-0.24632	0.90422	0.90355	0.999995	888	0	-0.24632
LNX1	8	0.6059	0.84043	0.999995	676	4	-0.22739	0.72802	0.72759	0.999995	725	0	-0.22739
PPP3CA	8	0.60642	0.84083	0.999995	677	4	-0.17511	0.37977	0.37991	0.66344	162	0	-0.17511
RNF144B	8	0.60884	0.84232	0.999995	678	4	-0.2526	0.77271	0.77237	0.999995	771	0	-0.2526
GSX1	8	0.60902	0.84239	0.999995	679	4	-0.24246	0.76989	0.76974	0.999995	770	0	-0.24246
TEX45	8	0.61059	0.84348	0.999995	680	4	-0.28441	0.37977	0.37991	0.66344	304	0	-0.28441
SERPINA12	16	0.61111	0.90184	0.999995	681	7	-0.19572	0.61532	0.6137	0.999995	627	0	-0.19572
RANBP10	8	0.61184	0.84439	0.999995	682	3	-0.13389	0.37977	0.37991	0.66344	43	0	-0.13389
HACD1	8	0.61189	0.84444	0.999995	683	4	-0.21103	0.66094	0.66192	0.999995	663	0	-0.21103
ABCB1	8	0.61267	0.84498	0.999995	684	4	-0.17964	0.37977	0.37991	0.66344	200	0	-0.17964
FBLN1	8	0.61304	0.84528	0.999995	685	3	-0.19336	0.37977	0.37991	0.66344	378	0	-0.19336
DGKI	8	0.61364	0.84568	0.999995	686	3	-0.086504	0.37977	0.37991	0.66344	337	0	-0.086504
STAM	8	0.61385	0.84579	0.999995	687	3	-0.12815	0.37977	0.37991	0.66344	313	0	-0.12815
KLF5	8	0.61448	0.84618	0.999995	688	4	-0.172	0.71431	0.71411	0.999995	710	0	-0.172
CDS1	8	0.61546	0.84694	0.999995	689	2	-0.074461	0.37977	0.37991	0.66344	464	0	-0.074461
HTR3E	8	0.61578	0.84718	0.999995	690	4	-0.24067	0.7301	0.72975	0.999995	731	0	-0.24067
GOLT1B	8	0.61667	0.84772	0.999995	691	2	-0.015289	0.37977	0.37991	0.66344	601	0	-0.015289
AQP8	8	0.61721	0.84803	0.999995	692	2	-0.037795	0.37977	0.37991	0.66344	474	0	-0.037795
GYS2	8	0.61772	0.84827	0.999995	693	3	-0.14653	0.37977	0.37991	0.66344	585	0	-0.14653
PDCD4	8	0.61863	0.84899	0.999995	694	4	-0.16657	0.69543	0.69612	0.999995	692	0	-0.16657
DRD3	8	0.61914	0.84943	0.999995	695	4	-0.24751	0.67022	0.67114	0.999995	676	0	-0.24751
SBF1	7	0.61939	0.82813	0.999995	696	2	-0.27638	0.93814	0.93738	0.999995	918	0	-0.27638
VRTN	8	0.62095	0.85055	0.999995	697	4	-0.23692	0.37977	0.37991	0.66344	253	0	-0.23692
CLTB	8	0.62405	0.85254	0.999995	698	4	-0.20973	0.37977	0.37991	0.66344	443	0	-0.20973
EFR3B	8	0.62434	0.85266	0.999995	699	3	-0.19153	0.37977	0.37991	0.66344	386	0	-0.19153
NCKAP1	8	0.62482	0.85289	0.999995	700	4	-0.23195	0.87269	0.87198	0.999995	856	0	-0.23195
CCT6B	8	0.6261	0.8538	0.999995	701	4	-0.19256	0.37977	0.37991	0.66344	460	0	-0.19256
ARFGEF2	8	0.62672	0.85418	0.999995	702	3	-0.18722	0.7171	0.71698	0.999995	714	0	-0.18722
BCAP31	8	0.6274	0.85463	0.999995	703	3	-0.21284	0.37977	0.37991	0.66344	430	0	-0.21284
RNF113B	8	0.62803	0.85496	0.999995	704	3	-0.11228	0.37977	0.37991	0.66344	111	0	-0.11228
CDNF	8	0.62893	0.85552	0.999995	705	4	-0.20033	0.37977	0.37991	0.66344	458	0	-0.20033
TIMP2	8	0.62918	0.85574	0.999995	706	4	-0.22045	0.92794	0.92721	0.999995	909	0	-0.22045
SUV39H1	8	0.63016	0.85633	0.999995	707	2	-0.056339	0.37977	0.37991	0.66344	322	0	-0.056339
ZNF284	8	0.63074	0.85674	0.999995	708	3	-0.15864	0.80579	0.80588	0.999995	795	0	-0.15864
ADARB2	8	0.6319	0.85764	0.999995	709	3	-0.19332	0.37977	0.37991	0.66344	321	0	-0.19332
GCM2	8	0.632	0.85771	0.999995	710	4	-0.34903	0.37977	0.37991	0.66344	558	0	-0.34903
GRIP2	8	0.63225	0.85789	0.999995	711	4	-0.23802	0.66632	0.66726	0.999995	670	0	-0.23802
TMEM30B	8	0.63353	0.85878	0.999995	712	4	-0.29008	0.76834	0.76827	0.999995	766	0	-0.29008
DCAF4L2	8	0.63562	0.86008	0.999995	713	3	-0.22809	0.37977	0.37991	0.66344	361	0	-0.22809
CSTF2	8	0.63634	0.86046	0.999995	714	3	-0.26666	0.37977	0.37991	0.66344	449	0	-0.26666
G6PC	8	0.63634	0.86046	0.999995	715	4	-0.28584	0.82182	0.82165	0.999995	811	0	-0.28584
ANXA1	8	0.6447	0.86378	0.999995	716	3	-0.14197	0.37977	0.37991	0.66344	97	0	-0.14197
RAMP2	8	0.64649	0.86451	0.999995	717	3	-0.17048	0.37977	0.37991	0.66344	49	0	-0.17048
CRY1	8	0.64881	0.86553	0.999995	718	3	-0.19909	0.76258	0.76232	0.999995	758	0	-0.19909
POU4F2	8	0.65289	0.86729	0.999995	719	3	-0.14405	0.37977	0.37991	0.66344	166	0	-0.14405
EFR3A	8	0.65401	0.86777	0.999995	720	3	-0.27177	0.72532	0.72513	0.999995	723	0	-0.27177
GOLPH3L	8	0.65493	0.86816	0.999995	721	3	-0.12797	0.37977	0.37991	0.66344	599	0	-0.12797
MORF4L1	6	0.65694	0.84504	0.999995	722	2	-0.23139	0.76037	0.76097	0.999995	755	0	-0.23139
STAM2	8	0.65721	0.86915	0.999995	723	3	-0.24836	0.37977	0.37991	0.66344	312	0	-0.24836
REG3A	8	0.66057	0.87048	0.999995	724	2	-0.24968	0.8287	0.82857	0.999995	817	0	-0.24968
DDI1	16	0.66468	0.92245	0.999995	725	6	-0.2093	0.61532	0.6137	0.999995	628	0	-0.2093
FEZ1	8	0.66552	0.87239	0.999995	726	3	-0.26949	0.37977	0.37991	0.66344	473	0	-0.26949
RXFP3	8	0.66632	0.87273	0.999995	727	3	-0.15547	0.81148	0.81147	0.999995	802	0	-0.15547
RPRD1A	8	0.67092	0.87431	0.999995	728	3	-0.104	0.37977	0.37991	0.66344	83	0	-0.104
ZNF804B	8	0.67443	0.87583	0.999995	729	1	-0.043197	0.37977	0.37991	0.66344	231	0	-0.043197
CNOT8	7	0.67693	0.85991	0.999995	730	2	-0.16227	0.74113	0.73979	0.999995	741	0	-0.16227
HEATR5B	8	0.67744	0.87701	0.999995	731	3	-0.23259	0.37977	0.37991	0.66344	587	0	-0.23259
ERO1A	8	0.67957	0.87791	0.999995	732	2	-0.08807	0.37977	0.37991	0.66344	372	0	-0.08807
CYP26C1	8	0.68134	0.87867	0.999995	733	2	-0.10954	0.37977	0.37991	0.66344	348	0	-0.10954
BARHL1	8	0.68339	0.87954	0.999995	734	1	-0.12979	0.37977	0.37991	0.66344	436	0	-0.12979
PRDM16	8	0.68356	0.87957	0.999995	735	3	-0.13239	0.75912	0.75907	0.999995	753	0	-0.13239
RHOT1	8	0.68373	0.87962	0.999995	736	3	-0.19583	0.70835	0.70864	0.999995	704	0	-0.19583
SLC22A8	8	0.68435	0.87983	0.999995	737	2	-0.14961	0.37977	0.37991	0.66344	286	0	-0.14961
TSTD1	8	0.6855	0.88032	0.999995	738	3	-0.045667	0.37977	0.37991	0.66344	187	0	-0.045667
ITSN2	8	0.68575	0.88052	0.999995	739	3	-0.22911	0.37977	0.37991	0.66344	480	0	-0.22911
ITSN1	8	0.68988	0.88227	0.999995	740	3	-0.18248	0.80311	0.80307	0.999995	793	0	-0.18248
DDX17	8	0.69013	0.88243	0.999995	741	2	-0.19627	0.85045	0.8503	0.999995	837	0	-0.19627
SAMD9	8	0.69046	0.88258	0.999995	742	2	-0.13577	0.37977	0.37991	0.66344	93	0	-0.13577
SMARCC2	8	0.69113	0.8828	0.999995	743	1	-0.056852	0.37977	0.37991	0.66344	266	0	-0.056852
CYFIP1	8	0.69248	0.88332	0.999995	744	3	-0.18393	0.37977	0.37991	0.66344	354	0	-0.18393
SNX6	8	0.69312	0.88359	0.999995	745	3	-0.20022	0.37977	0.37991	0.66344	268	0	-0.20022
INTS6L	8	0.69445	0.88418	0.999995	746	1	-0.14863	0.86466	0.86405	0.999995	853	0	-0.14863
ULK1	8	0.69467	0.88428	0.999995	747	3	-0.259	0.82949	0.82922	0.999995	818	0	-0.259
DYNC1LI1	7	0.69527	0.86987	0.999995	748	3	-0.16991	0.34161	0.34199	0.66344	27	0	-0.16991
EAF1	8	0.6961	0.8847	0.999995	749	3	-0.19673	0.74483	0.7441	0.999995	743	0	-0.19673
ABL2	8	0.69637	0.88479	0.999995	750	3	-0.16079	0.37977	0.37991	0.66344	203	0	-0.16079
FOXB1	8	0.69729	0.88514	0.999995	751	3	-0.25779	0.37977	0.37991	0.66344	574	0	-0.25779
ELL2	7	0.70322	0.87416	0.999995	752	3	-0.21893	0.34161	0.34199	0.66344	26	0	-0.21893
HTR2C	8	0.70356	0.88778	0.999995	753	2	-0.16238	0.37977	0.37991	0.66344	605	0	-0.16238
FAM126B	8	0.70421	0.88805	0.999995	754	2	-0.13251	0.6278	0.62829	0.999995	632	0	-0.13251
ARSJ	8	0.70487	0.88834	0.999995	755	3	-0.20536	0.37977	0.37991	0.66344	425	0	-0.20536
NBEA	6	0.70801	0.86457	0.999995	756	2	-0.17178	0.3011	0.30038	0.66344	12	0	-0.17178
AXL	8	0.70932	0.89002	0.999995	757	3	-0.20818	0.37977	0.37991	0.66344	433	0	-0.20818
TPBG	8	0.71118	0.89079	0.999995	758	3	-0.16303	0.37977	0.37991	0.66344	214	0	-0.16303
GPSM1	8	0.71512	0.8924	0.999995	759	3	-0.13892	0.76626	0.76604	0.999995	765	0	-0.13892
GPR151	8	0.71895	0.8938	0.999995	760	3	-0.1843	0.37977	0.37991	0.66344	596	0	-0.1843
COX6B2	8	0.72121	0.89464	0.999995	761	3	-0.25484	0.37977	0.37991	0.66344	451	0	-0.25484
STX7	8	0.72336	0.89566	0.999995	762	3	-0.22324	0.37977	0.37991	0.66344	328	0	-0.22324
PHLDA3	8	0.72427	0.89617	0.999995	763	3	-0.17315	0.78147	0.78152	0.999995	779	0	-0.17315
SAMD4B	8	0.72631	0.897	0.999995	764	3	-0.098137	0.37977	0.37991	0.66344	87	0	-0.098137
ESRP2	8	0.73015	0.89858	0.999995	765	3	-0.2279	0.37977	0.37991	0.66344	366	0	-0.2279
UAP1	8	0.73169	0.89926	0.999995	766	3	-0.1027	0.37977	0.37991	0.66344	196	0	-0.1027
SMARCA2	8	0.73325	0.89985	0.999995	767	3	-0.20824	0.37977	0.37991	0.66344	261	0	-0.20824
TRPC5	8	0.73371	0.90005	0.999995	768	3	-0.18637	0.37977	0.37991	0.66344	190	0	-0.18637
PRDM13	8	0.7368	0.90127	0.999995	769	3	-0.14951	0.37977	0.37991	0.66344	66	0	-0.14951
NR2E1	8	0.73942	0.90229	0.999995	770	2	-0.099099	0.37977	0.37991	0.66344	131	0	-0.099099
TSPO2	8	0.74426	0.90419	0.999995	771	2	-0.13903	0.37977	0.37991	0.66344	192	0	-0.13903
PDLIM5	8	0.74483	0.90451	0.999995	772	2	-0.1213	0.37977	0.37991	0.66344	177	0	-0.1213
SBNO2	8	0.74511	0.90464	0.999995	773	3	-0.081303	0.37977	0.37991	0.66344	88	0	-0.081303
RNF38	8	0.74651	0.90535	0.999995	774	2	-0.15297	0.37977	0.37991	0.66344	107	0	-0.15297
LRFN1	8	0.74735	0.90561	0.999995	775	3	-0.1817	0.7295	0.72897	0.999995	729	0	-0.1817
YIF1B	8	0.75073	0.90694	0.999995	776	3	-0.18829	0.80445	0.80461	0.999995	794	0	-0.18829
KRT74	8	0.75265	0.9077	0.999995	777	3	-0.16373	0.37977	0.37991	0.66344	483	0	-0.16373
DZIP3	8	0.75489	0.90863	0.999995	778	2	-0.12887	0.37977	0.37991	0.66344	390	0	-0.12887
ABTB2	8	0.75542	0.90882	0.999995	779	3	-0.12472	0.37977	0.37991	0.66344	212	0	-0.12472
RCBTB2	8	0.75753	0.90989	0.999995	780	3	-0.12106	0.37977	0.37991	0.66344	78	0	-0.12106
KRTAP10-10	8	0.75831	0.91027	0.999995	781	3	-0.044169	0.37977	0.37991	0.66344	485	0	-0.044169
GALNT5	8	0.7588	0.91046	0.999995	782	3	-0.29054	0.6348	0.63563	0.999995	639	0	-0.29054
PSEN2	8	0.76506	0.91321	0.999995	783	3	-0.24271	0.37977	0.37991	0.66344	61	0	-0.24271
SNTA1	8	0.76733	0.91424	0.999995	784	3	-0.17852	0.70228	0.70294	0.999995	699	0	-0.17852
ANKRD37	8	0.77143	0.91584	0.999995	785	3	-0.19263	0.37977	0.37991	0.66344	109	0	-0.19263
CHM	8	0.77321	0.91664	0.999995	786	1	0	0.37977	0.37991	0.66344	469	0	0
ATP6V1E2	8	0.77407	0.91695	0.999995	787	3	-0.22075	0.37977	0.37991	0.66344	423	0	-0.22075
DNAJC15	8	0.77448	0.91711	0.999995	788	2	-0.18371	0.6394	0.64038	0.999995	643	0	-0.18371
PCDH1	8	0.77467	0.91717	0.999995	789	3	-0.16675	0.74986	0.74963	0.999995	747	0	-0.16675
STX17	8	0.77487	0.91728	0.999995	790	3	-0.26178	0.37977	0.37991	0.66344	326	0	-0.26178
PSEN1	8	0.77568	0.91757	0.999995	791	3	-0.20982	0.37977	0.37991	0.66344	62	0	-0.20982
RSPH1	8	0.776	0.91774	0.999995	792	2	-0.13974	0.37977	0.37991	0.66344	80	0	-0.13974
FEZ2	8	0.7797	0.91935	0.999995	793	2	-0.12603	0.37977	0.37991	0.66344	566	0	-0.12603
DUOX2	8	0.78196	0.92035	0.999995	794	2	-0.21007	0.37977	0.37991	0.66344	339	0	-0.21007
APH1A	8	0.78383	0.9211	0.999995	795	3	-0.172	0.74	0.73923	0.999995	740	0	-0.172
FAM71A	8	0.78424	0.92127	0.999995	796	2	-0.10817	0.37977	0.37991	0.66344	382	0	-0.10817
EPS15	8	0.78444	0.92135	0.999995	797	3	-0.16376	0.86675	0.86618	0.999995	854	0	-0.16376
MAT1A	8	0.78547	0.92175	0.999995	798	2	-0.081806	0.37977	0.37991	0.66344	515	0	-0.081806
NCOR2	8	0.78562	0.92177	0.999995	799	3	-0.19839	0.79811	0.79786	0.999995	790	0	-0.19839
GLIS3	8	0.78634	0.9221	0.999995	800	1	-0.08239	0.37977	0.37991	0.66344	553	0	-0.08239
FSD1L	8	0.79073	0.92396	0.999995	801	2	-0.11335	0.68065	0.6815	0.999995	682	0	-0.11335
DMP1	8	0.79396	0.92552	0.999995	802	3	-0.25802	0.37977	0.37991	0.66344	332	0	-0.25802
SLC10A2	8	0.79415	0.92562	0.999995	803	3	-0.14378	0.37977	0.37991	0.66344	290	0	-0.14378
RNF2	7	0.79551	0.91902	0.999995	804	2	-0.1764	0.74946	0.74811	0.999995	745	0	-0.1764
TAS1R2	8	0.79557	0.92611	0.999995	805	2	-0.21473	0.76019	0.76013	0.999995	754	0	-0.21473
TBK1	8	0.79814	0.9272	0.999995	806	3	-0.25335	0.78367	0.78365	0.999995	782	0	-0.25335
SLC25A15	8	0.79942	0.92785	0.999995	807	3	-0.21246	0.72861	0.72805	0.999995	726	0	-0.21246
IRF6	8	0.79948	0.92787	0.999995	808	3	-0.1645	0.72921	0.72872	0.999995	728	0	-0.1645
CYP2A6	8	0.79965	0.92796	0.999995	809	3	-0.077864	0.37977	0.37991	0.66344	351	0	-0.077864
ARID1B	8	0.80115	0.92862	0.999995	810	3	-0.15421	0.37977	0.37991	0.66344	439	0	-0.15421
KRT25	8	0.80155	0.92888	0.999995	811	2	-0.27519	0.37977	0.37991	0.66344	490	0	-0.27519
ENOX2	8	0.80451	0.93031	0.999995	812	3	-0.18129	0.37977	0.37991	0.66344	400	0	-0.18129
TREML4	7	0.8046	0.9217	0.999995	813	1	-0.090763	0.34161	0.34199	0.66344	25	0	-0.090763
ZG16	8	0.80512	0.93064	0.999995	814	2	-0.13839	0.37977	0.37991	0.66344	222	0	-0.13839
RBPJL	8	0.80636	0.93126	0.999995	815	3	-0.17039	0.77574	0.77548	0.999995	772	0	-0.17039
OSBPL6	8	0.80823	0.93208	0.999995	816	2	-0.19596	0.37977	0.37991	0.66344	172	0	-0.19596
CRNN	8	0.81454	0.93484	0.999995	817	3	-0.26644	0.9018	0.90148	0.999995	882	0	-0.26644
CDK16	8	0.81472	0.93492	0.999995	818	3	-0.21207	0.37977	0.37991	0.66344	456	0	-0.21207
MYCN	8	0.81534	0.93519	0.999995	819	2	-0.080886	0.37977	0.37991	0.66344	132	0	-0.080886
RRAGD	8	0.81547	0.93524	0.999995	820	2	-0.17896	0.93221	0.9314	0.999995	911	0	-0.17896
SNX2	8	0.81661	0.93576	0.999995	821	2	-0.1929	0.37977	0.37991	0.66344	273	0	-0.1929
CHRNB3	8	0.81693	0.93593	0.999995	822	3	-0.37959	0.37977	0.37991	0.66344	466	0	-0.37959
TLN2	8	0.81775	0.93629	0.999995	823	3	-0.11175	0.37977	0.37991	0.66344	306	0	-0.11175
IQCA1L	8	0.81793	0.93638	0.999995	824	3	-0.074491	0.37977	0.37991	0.66344	504	0	-0.074491
DLL4	8	0.81899	0.93688	0.999995	825	3	-0.18272	0.37977	0.37991	0.66344	330	0	-0.18272
PTPN6	8	0.82037	0.9376	0.999995	826	2	-0.1069	0.37977	0.37991	0.66344	72	0	-0.1069
ATM	8	0.82055	0.93768	0.999995	827	2	-0.15648	0.74595	0.74533	0.999995	744	0	-0.15648
CBLL2	8	0.8218	0.93825	0.999995	828	3	-0.083921	0.63014	0.63069	0.999995	636	0	-0.083921
RBBP7	8	0.82198	0.93836	0.999995	829	3	-0.24012	0.70098	0.70148	0.999995	698	0	-0.24012
TTC23	8	0.8239	0.93917	0.999995	830	3	-0.14635	0.37977	0.37991	0.66344	186	0	-0.14635
FNIP1	8	0.82476	0.93961	0.999995	831	3	-0.090923	0.64244	0.64353	0.999995	647	0	-0.090923
YIPF5	8	0.82614	0.9404	0.999995	832	3	-0.089747	0.37977	0.37991	0.66344	239	0	-0.089747
MBD4	16	0.82628	0.97195	0.999995	833	6	-0.11111	0.61532	0.6137	0.999995	624	0	-0.11111
HMGCLL1	8	0.82728	0.9409	0.999995	834	3	-0.23691	0.86039	0.85979	0.999995	847	0	-0.23691
DZIP1L	8	0.8291	0.94167	0.999995	835	2	-0.12592	0.37977	0.37991	0.66344	391	0	-0.12592
CHML	8	0.83264	0.94337	0.999995	836	2	-0.081342	0.37977	0.37991	0.66344	472	0	-0.081342
ZIC3	8	0.83332	0.94363	0.999995	837	2	-0.24024	0.6656	0.66653	0.999995	669	0	-0.24024
RNF10	8	0.83477	0.94427	0.999995	838	2	-0.070007	0.37977	0.37991	0.66344	99	0	-0.070007
PPP3R1	8	0.8362	0.94492	0.999995	839	2	-0.1215	0.80821	0.80831	0.999995	799	0	-0.1215
CYFIP2	8	0.83934	0.94623	0.999995	840	2	-0.13115	0.37977	0.37991	0.66344	349	0	-0.13115
RBPJ	8	0.83974	0.9464	0.999995	841	3	-0.13312	0.37977	0.37991	0.66344	52	0	-0.13312
PDGFC	8	0.84027	0.94661	0.999995	842	2	-0.13691	0.37977	0.37991	0.66344	181	0	-0.13691
RNF125	8	0.84052	0.9467	0.999995	843	2	-0.036711	0.37977	0.37991	0.66344	110	0	-0.036711
KCNG4	8	0.84167	0.94719	0.999995	844	2	-0.15154	0.71864	0.71838	0.999995	716	0	-0.15154
GBX1	8	0.84347	0.94788	0.999995	845	3	-0.1731	0.37977	0.37991	0.66344	552	0	-0.1731
JAG2	8	0.84453	0.9483	0.999995	846	2	-0.15795	0.63441	0.63528	0.999995	638	0	-0.15795
RALGPS1	8	0.84598	0.94894	0.999995	847	2	-0.11449	0.37977	0.37991	0.66344	47	0	-0.11449
CAB39L	8	0.84667	0.94919	0.999995	848	3	-0.19139	0.37977	0.37991	0.66344	402	0	-0.19139
ERN1	8	0.84793	0.94969	0.999995	849	3	-0.13886	0.37977	0.37991	0.66344	370	0	-0.13886
TCF12	8	0.84861	0.95003	0.999995	850	2	-0.081522	0.37977	0.37991	0.66344	310	0	-0.081522
SPTA1	8	0.84877	0.95008	0.999995	851	2	-0.13192	0.37977	0.37991	0.66344	293	0	-0.13192
SIX6	8	0.85029	0.95065	0.999995	852	3	-0.24576	0.37977	0.37991	0.66344	278	0	-0.24576
SOAT1	8	0.85097	0.95098	0.999995	853	3	-0.10719	0.37977	0.37991	0.66344	267	0	-0.10719
SOHLH1	8	0.8534	0.95191	0.999995	854	3	-0.15233	0.62858	0.62908	0.999995	634	0	-0.15233
EXOC6B	8	0.85347	0.95192	0.999995	855	2	-0.10248	0.37977	0.37991	0.66344	368	0	-0.10248
GYS1	8	0.85378	0.95203	0.999995	856	2	-0.12939	0.37977	0.37991	0.66344	586	0	-0.12939
OGDHL	8	0.85378	0.95203	0.999995	857	2	-0.065143	0.37977	0.37991	0.66344	175	0	-0.065143
LBX1	8	0.85447	0.95237	0.999995	858	3	-0.11178	0.37977	0.37991	0.66344	534	0	-0.11178
MACF1	8	0.8547	0.9526	0.999995	859	2	-0.15402	0.37977	0.37991	0.66344	538	0	-0.15402
SAMD4A	8	0.85539	0.95293	0.999995	860	3	-0.22222	0.91922	0.9187	0.999995	899	0	-0.22222
SMARCC1	8	0.85562	0.953	0.999995	861	2	-0.091084	0.37977	0.37991	0.66344	260	0	-0.091084
ATAD2B	8	0.85652	0.95319	0.999995	862	2	-0.16113	0.37977	0.37991	0.66344	426	0	-0.16113
ANKRD10	8	0.85866	0.95375	0.999995	863	2	-0.11628	0.37977	0.37991	0.66344	96	0	-0.11628
TTC7B	8	0.86357	0.95473	0.999995	864	2	-0.16489	0.37977	0.37991	0.66344	189	0	-0.16489
VPS26A	8	0.86401	0.95483	0.999995	865	2	-0.11334	0.37977	0.37991	0.66344	254	0	-0.11334
ENOX1	8	0.86833	0.9557	0.999995	866	1	-0.044915	0.37977	0.37991	0.66344	397	0	-0.044915
DYNLT1	8	0.86928	0.95595	0.999995	867	1	-0.034699	0.37977	0.37991	0.66344	389	0	-0.034699
TNKS2	8	0.86975	0.95605	0.999995	868	1	-0.16515	0.37977	0.37991	0.66344	204	0	-0.16515
TRPM1	8	0.87062	0.95625	0.999995	869	2	-0.17025	0.64319	0.64416	0.999995	649	0	-0.17025
ACACB	8	0.87104	0.95627	0.999995	870	2	-0.17398	0.37977	0.37991	0.66344	303	0	-0.17398
DYNLRB2	8	0.87223	0.95664	0.999995	871	1	-0.031895	0.37977	0.37991	0.66344	365	0	-0.031895
SNRPN	7	0.87363	0.94541	0.999995	872	2	-0.068695	0.34161	0.34199	0.66344	33	0	-0.068695
RIMKLB	6	0.87465	0.9402	0.999995	873	2	-0.049901	0.3011	0.30038	0.66344	3	0	-0.049901
SUV39H2	7	0.87466	0.94568	0.999995	874	2	-0.14251	0.34161	0.34199	0.66344	35	0	-0.14251
SPOPL	8	0.87467	0.95717	0.999995	875	2	-0.14552	0.37977	0.37991	0.66344	269	0	-0.14552
IPO8	8	0.87767	0.95781	0.999995	876	2	-0.081267	0.37977	0.37991	0.66344	501	0	-0.081267
LMBR1	8	0.87826	0.95796	0.999995	877	1	-0.057041	0.37977	0.37991	0.66344	540	0	-0.057041
CYP2C8	8	0.87928	0.95819	0.999995	878	2	-0.12096	0.37977	0.37991	0.66344	350	0	-0.12096
GXYLT2	8	0.88074	0.95853	0.999995	879	1	-0.074781	0.37977	0.37991	0.66344	583	0	-0.074781
GALNT2	8	0.88377	0.95921	0.999995	880	2	-0.14923	0.37977	0.37991	0.66344	545	0	-0.14923
CHSY1	8	0.88403	0.95926	0.999995	881	1	-0.080099	0.37977	0.37991	0.66344	465	0	-0.080099
TXNDC8	8	0.88724	0.96005	0.999995	882	2	-0.12616	0.37977	0.37991	0.66344	199	0	-0.12616
NOX3	8	0.88788	0.96012	0.999995	883	2	-0.075663	0.37977	0.37991	0.66344	128	0	-0.075663
LIMK2	8	0.88903	0.9605	0.999995	884	1	-0.12485	0.37977	0.37991	0.66344	529	0	-0.12485
TFDP3	7	0.88951	0.95154	0.999995	885	2	-0.16257	0.34161	0.34199	0.66344	19	0	-0.16257
GSX2	8	0.88989	0.96069	0.999995	886	2	-0.014657	0.37977	0.37991	0.66344	603	0	-0.014657
TYROBP	8	0.89014	0.96077	0.999995	887	2	-0.16083	0.37977	0.37991	0.66344	201	0	-0.16083
MTA3	8	0.89113	0.96101	0.999995	888	2	-0.035066	0.37977	0.37991	0.66344	140	0	-0.035066
HACD2	8	0.89187	0.96123	0.999995	889	2	-0.25706	0.37977	0.37991	0.66344	582	0	-0.25706
PIP4P1	8	0.89198	0.96123	0.999995	890	2	-0.20614	0.37977	0.37991	0.66344	157	0	-0.20614
NAT8L	8	0.89212	0.96126	0.999995	891	2	-0.011924	0.37977	0.37991	0.66344	142	0	-0.011924
HRH3	8	0.89357	0.96163	0.999995	892	2	-0.08626	0.37977	0.37991	0.66344	592	0	-0.08626
ALAS2	8	0.89435	0.96186	0.999995	893	1	-0.075859	0.37977	0.37991	0.66344	89	0	-0.075859
KPNA3	8	0.8954	0.96213	0.999995	894	2	-0.1701	0.76963	0.76949	0.999995	769	0	-0.1701
MEP1B	8	0.89588	0.96232	0.999995	895	2	-0.13698	0.37977	0.37991	0.66344	519	0	-0.13698
TANC1	8	0.8966	0.96249	0.999995	896	2	-0.12313	0.64882	0.64967	0.999995	655	0	-0.12313
SEC11C	8	0.89706	0.96265	0.999995	897	1	-0.047809	0.37977	0.37991	0.66344	90	0	-0.047809
IAPP	8	0.89744	0.96275	0.999995	898	1	-0.08319	0.37977	0.37991	0.66344	496	0	-0.08319
PLCG2	8	0.89814	0.96294	0.999995	899	2	-0.14002	0.37977	0.37991	0.66344	151	0	-0.14002
APH1B	8	0.89832	0.96299	0.999995	900	1	-0.11032	0.37977	0.37991	0.66344	136	0	-0.11032
ATP7B	8	0.89857	0.96317	0.999995	901	1	-0.031197	0.37977	0.37991	0.66344	428	0	-0.031197
TMEM9	8	0.89907	0.96328	0.999995	902	2	-0.1822	0.37977	0.37991	0.66344	211	0	-0.1822
HRH1	8	0.90104	0.96374	0.999995	903	2	-0.16747	0.37977	0.37991	0.66344	589	0	-0.16747
EPHA3	8	0.90118	0.96378	0.999995	904	2	-0.078789	0.37977	0.37991	0.66344	396	0	-0.078789
TNKS	8	0.90155	0.96387	0.999995	905	1	-0.065685	0.37977	0.37991	0.66344	205	0	-0.065685
CD163L1	8	0.90168	0.96388	0.999995	906	1	0	0.37977	0.37991	0.66344	463	0	0
KLK12	8	0.90253	0.96406	0.999995	907	2	-0.15272	0.37977	0.37991	0.66344	487	0	-0.15272
CD72	8	0.90344	0.96434	0.999995	908	2	-0.18693	0.37977	0.37991	0.66344	462	0	-0.18693
RANBP17	8	0.90433	0.96458	0.999995	909	1	-0.0772	0.37977	0.37991	0.66344	44	0	-0.0772
CTPS2	8	0.90588	0.96501	0.999995	910	1	-0.075055	0.37977	0.37991	0.66344	353	0	-0.075055
AIPL1	8	0.90601	0.96503	0.999995	911	2	-0.13363	0.37977	0.37991	0.66344	281	0	-0.13363
RAP1GAP2	8	0.90733	0.96528	0.999995	912	2	-0.18412	0.37977	0.37991	0.66344	57	0	-0.18412
PRKAB2	8	0.90774	0.96534	0.999995	913	2	-0.22798	0.37977	0.37991	0.66344	67	0	-0.22798
SBF2	7	0.90809	0.95913	0.999995	914	1	-0.095046	0.34161	0.34199	0.66344	30	0	-0.095046
PCBD1	8	0.91057	0.96612	0.999995	915	2	-0.20513	0.37977	0.37991	0.66344	182	0	-0.20513
GIT1	8	0.91093	0.96619	0.999995	916	1	-0.068771	0.37977	0.37991	0.66344	554	0	-0.068771
ERC1	8	0.91341	0.96691	0.999995	917	2	-0.083526	0.37977	0.37991	0.66344	383	0	-0.083526
DYNC1LI2	8	0.91468	0.96723	0.999995	918	2	-0.13409	0.8259	0.82562	0.999995	815	0	-0.13409
ZNF521	8	0.91489	0.9673	0.999995	919	1	-0.09654	0.37977	0.37991	0.66344	232	0	-0.09654
ACTL7A	8	0.91557	0.96752	0.999995	920	2	-0.14826	0.37977	0.37991	0.66344	297	0	-0.14826
EAF2	8	0.91927	0.9687	0.999995	921	2	-0.18021	0.37977	0.37991	0.66344	385	0	-0.18021
LATS1	8	0.91942	0.96873	0.999995	922	2	-0.12107	0.37977	0.37991	0.66344	531	0	-0.12107
RC3H2	8	0.92122	0.96916	0.999995	923	2	-0.031812	0.37977	0.37991	0.66344	55	0	-0.031812
MPC1L	8	0.9217	0.96932	0.999995	924	2	-0.011668	0.37977	0.37991	0.66344	329	0	-0.011668
NSDHL	8	0.92226	0.96952	0.999995	925	1	-0.019703	0.37977	0.37991	0.66344	123	0	-0.019703
TGM6	8	0.92334	0.96989	0.999995	926	2	-0.21181	0.73187	0.73127	0.999995	732	0	-0.21181
PLXDC2	8	0.92452	0.97028	0.999995	927	2	-0.09177	0.37977	0.37991	0.66344	152	0	-0.09177
EFNB1	8	0.9249	0.9704	0.999995	928	2	-0.10301	0.37977	0.37991	0.66344	387	0	-0.10301
SP110	8	0.92547	0.9706	0.999995	929	2	-0.16075	0.66667	0.66767	0.999995	671	0	-0.16075
CAT	8	0.92747	0.97138	0.999995	930	1	-0.096559	0.37977	0.37991	0.66344	415	0	-0.096559
RSC1A1	8	0.92804	0.97158	0.999995	931	2	-0.23137	0.37977	0.37991	0.66344	85	0	-0.23137
TBR1	8	0.92914	0.97198	0.999995	932	2	-0.13934	0.83438	0.83428	0.999995	822	0	-0.13934
CHMP1B	8	0.92927	0.972	0.999995	933	2	-0.075031	0.37977	0.37991	0.66344	471	0	-0.075031
MECOM	8	0.92936	0.97203	0.999995	934	2	-0.14872	0.37977	0.37991	0.66344	517	0	-0.14872
RP1	8	0.93123	0.9726	0.999995	935	1	-0.26781	0.37977	0.37991	0.66344	106	0	-0.26781
CDK17	8	0.93617	0.97426	0.999995	936	1	-0.086444	0.68134	0.6822	0.999995	684	0	-0.086444
HMSD	8	0.93666	0.97441	0.999995	937	2	-0.12702	0.37977	0.37991	0.66344	588	0	-0.12702
UBQLN3	8	0.93807	0.97491	0.999995	938	1	-0.13276	0.76416	0.76398	0.999995	761	0	-0.13276
ATOH1	8	0.93823	0.97498	0.999995	939	1	-0.14717	0.37977	0.37991	0.66344	421	0	-0.14717
EXOC6	8	0.93875	0.97514	0.999995	940	2	-0.14372	0.37977	0.37991	0.66344	369	0	-0.14372
MBP	8	0.94094	0.97607	0.999995	941	2	-0.090569	0.37977	0.37991	0.66344	512	0	-0.090569
TAF1L	7	0.94129	0.97346	0.999995	942	1	-0.059584	0.34161	0.34199	0.66344	39	0	-0.059584
NCK1	8	0.94132	0.97619	0.999995	943	2	-0.19354	0.37977	0.37991	0.66344	119	0	-0.19354
STRIP2	8	0.9425	0.97663	0.999995	944	1	-0.11565	0.37977	0.37991	0.66344	320	0	-0.11565
RBMXL2	8	0.94432	0.97738	0.999995	945	2	-0.023714	0.37977	0.37991	0.66344	53	0	-0.023714
GPR183	8	0.94454	0.97748	0.999995	946	2	-0.092506	0.37977	0.37991	0.66344	597	0	-0.092506
ICK	8	0.94483	0.97759	0.999995	947	1	-0.084695	0.37977	0.37991	0.66344	499	0	-0.084695
NR5A1	8	0.94549	0.97782	0.999995	948	2	-0.17335	0.37977	0.37991	0.66344	130	0	-0.17335
NETO1	8	0.94678	0.97827	0.999995	949	2	-0.088984	0.37977	0.37991	0.66344	114	0	-0.088984
PDX1	8	0.94736	0.97849	0.999995	950	1	-0.050825	0.37977	0.37991	0.66344	179	0	-0.050825
SOS2	8	0.94743	0.97854	0.999995	951	1	-0.091159	0.8281	0.8279	0.999995	816	0	-0.091159
IDH3G	8	0.94832	0.9788	0.999995	952	2	-0.089707	0.37977	0.37991	0.66344	495	0	-0.089707
SPATA16	8	0.94876	0.97897	0.999995	953	2	-0.28065	0.63863	0.63959	0.999995	642	0	-0.28065
KRT38	8	0.95033	0.97964	0.999995	954	2	-0.081454	0.37977	0.37991	0.66344	484	0	-0.081454
SLC22A13	8	0.95103	0.97986	0.999995	955	2	-0.16998	0.37977	0.37991	0.66344	291	0	-0.16998
SATB1	8	0.9512	0.97989	0.999995	956	1	-0.10543	0.37977	0.37991	0.66344	95	0	-0.10543
SS18	8	0.9527	0.9805	0.999995	957	1	-0.11825	0.37977	0.37991	0.66344	318	0	-0.11825
ATP8B3	8	0.95286	0.98059	0.999995	958	2	-0.16953	0.8992	0.89909	0.999995	876	0	-0.16953
MED12L	8	0.95308	0.98075	0.999995	959	1	-0.13473	0.37977	0.37991	0.66344	525	0	-0.13473
FMR1	8	0.9535	0.98092	0.999995	960	2	-0.099747	0.37977	0.37991	0.66344	563	0	-0.099747
GPR50	8	0.95369	0.98097	0.999995	961	2	-0.12179	0.37977	0.37991	0.66344	598	0	-0.12179
KCNT2	8	0.95407	0.98109	0.999995	962	2	-0.20472	0.37977	0.37991	0.66344	477	0	-0.20472
MRGPRX2	8	0.95422	0.98118	0.999995	963	1	-0.088888	0.37977	0.37991	0.66344	138	0	-0.088888
ADARB1	8	0.95445	0.98133	0.999995	964	2	-0.054293	0.37977	0.37991	0.66344	311	0	-0.054293
LNX2	8	0.95514	0.98159	0.999995	965	2	-0.11717	0.37977	0.37991	0.66344	543	0	-0.11717
SPTAN1	8	0.95595	0.98193	0.999995	966	1	-0.084441	0.37977	0.37991	0.66344	317	0	-0.084441
DPCR1	8	0.9566	0.98219	0.999995	967	2	-0.024801	0.37977	0.37991	0.66344	346	0	-0.024801
CLASP2	8	0.95702	0.98239	0.999995	968	2	-0.10822	0.66346	0.66429	0.999995	665	0	-0.10822
UTRN	8	0.95815	0.98285	0.999995	969	2	-0.055231	0.37977	0.37991	0.66344	241	0	-0.055231
NDEL1	8	0.95929	0.98339	0.999995	970	1	-0.055382	0.37977	0.37991	0.66344	118	0	-0.055382
FLNB	7	0.96119	0.978	0.999995	971	1	-0.028663	0.34161	0.34199	0.66344	22	0	-0.028663
H2BFM	8	0.96182	0.98456	0.999995	972	2	-0.10714	0.37977	0.37991	0.66344	579	0	-0.10714
SLITRK1	8	0.96257	0.9849	0.999995	973	2	-0.19774	0.37977	0.37991	0.66344	264	0	-0.19774
SMARCA1	8	0.96316	0.98511	0.999995	974	2	-0.07943	0.37977	0.37991	0.66344	258	0	-0.07943
IDH3B	8	0.96379	0.9854	0.999995	975	2	-0.1865	0.37977	0.37991	0.66344	492	0	-0.1865
NLRP8	8	0.96486	0.98591	0.999995	976	1	-0.16662	0.37977	0.37991	0.66344	129	0	-0.16662
SEC14L3	8	0.96642	0.98606	0.999995	977	1	-0.15935	0.69838	0.69868	0.999995	696	0	-0.15935
DEGS1	8	0.9675	0.98623	0.999995	978	1	-0.054304	0.37977	0.37991	0.66344	359	0	-0.054304
MTUS1	8	0.96932	0.98649	0.999995	979	1	-0.097549	0.63595	0.63697	0.999995	640	0	-0.097549
SEC11A	7	0.96971	0.98047	0.999995	980	1	-0.19498	0.34161	0.34199	0.66344	29	0	-0.19498
CDK19	16	0.97302	0.99723	0.999995	981	3	-0.13976	0.61532	0.6137	0.999995	620	0	-0.13976
DNAJC19	6	0.97473	0.97648	0.999995	982	1	-0.14584	0.3011	0.30038	0.66344	9	0	-0.14584
PTPN14	8	0.97509	0.98755	0.999995	983	1	-0.13484	0.37977	0.37991	0.66344	70	0	-0.13484
NBEAL2	8	0.97553	0.98767	0.999995	984	1	-0.084528	0.37977	0.37991	0.66344	143	0	-0.084528
ZNF423	8	0.97578	0.9877	0.999995	985	1	-0.032836	0.37977	0.37991	0.66344	237	0	-0.032836
DMD	8	0.97718	0.98809	0.999995	986	1	-0.16219	0.37977	0.37991	0.66344	333	0	-0.16219
ARHGEF3	8	0.97802	0.98824	0.999995	987	1	-0.18388	0.37977	0.37991	0.66344	341	0	-0.18388
DYNLT3	6	0.97825	0.97896	0.999995	988	1	-0.11342	0.3011	0.30038	0.66344	11	0	-0.11342
SPTLC3	8	0.97949	0.98865	0.999995	989	1	-0.18176	0.37977	0.37991	0.66344	316	0	-0.18176
NCBP2L	8	0.9804	0.98886	0.999995	990	1	-0.12982	0.37977	0.37991	0.66344	120	0	-0.12982
RYBP	7	0.98073	0.9847	0.999995	991	1	0	0.34161	0.34199	0.66344	31	0	0
YIPF7	8	0.98188	0.98929	0.999995	992	1	-0.082813	0.37977	0.37991	0.66344	227	0	-0.082813
RECK	8	0.98327	0.9896	0.999995	993	1	-0.082405	0.37977	0.37991	0.66344	102	0	-0.082405
PPP2CB	6	0.98394	0.98385	0.999995	994	1	-0.016577	0.3011	0.30038	0.66344	8	0	-0.016577
GLT6D1	8	0.98662	0.99079	0.999995	995	1	-0.20982	0.70993	0.71007	0.999995	706	0	-0.20982
ULK2	8	0.98669	0.99081	0.999995	996	1	-0.1425	0.37977	0.37991	0.66344	198	0	-0.1425
TRAPPC3L	8	0.98709	0.99096	0.999995	997	1	-0.096366	0.6827	0.68361	0.999995	686	0	-0.096366
KRTAP1-1	8	0.98715	0.99098	0.999995	998	1	-0.052878	0.37977	0.37991	0.66344	486	0	-0.052878
HTR3D	8	0.98781	0.99122	0.999995	999	1	-0.1527	0.37977	0.37991	0.66344	497	0	-0.1527
PLCG1	8	0.98811	0.99133	0.999995	1000	1	-0.063992	0.37977	0.37991	0.66344	154	0	-0.063992
APOBEC1	8	0.98871	0.99148	0.999995	1001	1	-0.13754	0.37977	0.37991	0.66344	535	0	-0.13754
ALAS1	16	0.9888	0.99888	0.999995	1002	4	-0.1427	0.61532	0.6137	0.999995	615	0	-0.1427
ARFIP2	8	0.98896	0.99155	0.999995	1003	1	-0.16782	0.37977	0.37991	0.66344	388	0	-0.16782
ZDHHC17	8	0.98911	0.99158	0.999995	1004	1	-0.023725	0.37977	0.37991	0.66344	228	0	-0.023725
TAF9B	6	0.98939	0.98946	0.999995	1005	0	-0.029932	0.3011	0.30038	0.66344	15	0	-0.029932
RTP1	8	0.99013	0.99215	0.999995	1006	1	-0.10999	0.37977	0.37991	0.66344	79	0	-0.10999
SERPINA9	8	0.99092	0.99244	0.999995	1007	1	-0.1748	0.72078	0.72028	0.999995	718	0	-0.1748
GDI1	8	0.99128	0.99269	0.999995	1008	1	-0.033716	0.37977	0.37991	0.66344	560	0	-0.033716
PXDNL	8	0.99151	0.99281	0.999995	1009	1	-0.070166	0.37977	0.37991	0.66344	48	0	-0.070166
SMC1B	8	0.9917	0.99292	0.999995	1010	1	-0.13172	0.66238	0.66336	0.999995	664	0	-0.13172
TCF4	8	0.99193	0.9931	0.999995	1011	1	-0.1232	0.37977	0.37991	0.66344	309	0	-0.1232
CAV1	8	0.99207	0.99316	0.999995	1012	1	-0.13976	0.37977	0.37991	0.66344	418	0	-0.13976
LMBR1L	8	0.99248	0.99339	0.999995	1013	1	-0.15282	0.81703	0.81705	0.999995	807	0	-0.15282
NAPB	8	0.99271	0.9935	0.999995	1014	1	-0.060849	0.37977	0.37991	0.66344	145	0	-0.060849
ZDHHC13	8	0.99275	0.99352	0.999995	1015	1	-0.10636	0.37977	0.37991	0.66344	229	0	-0.10636
AMELX	8	0.99333	0.99391	0.999995	1016	1	-0.14302	0.37977	0.37991	0.66344	82	0	-0.14302
DST	8	0.99345	0.99396	0.999995	1017	1	-0.069155	0.37977	0.37991	0.66344	345	0	-0.069155
PLD2	8	0.99366	0.99412	0.999995	1018	1	-0.074742	0.37977	0.37991	0.66344	153	0	-0.074742
RNF144A	8	0.9948	0.99495	0.999995	1019	1	-0.096968	0.37977	0.37991	0.66344	112	0	-0.096968
SCN10A	8	0.99482	0.99495	0.999995	1020	1	-0.062087	0.37977	0.37991	0.66344	91	0	-0.062087
SIK2	8	0.99517	0.99527	0.999995	1021	1	-0.040408	0.37977	0.37991	0.66344	279	0	-0.040408
FRYL	8	0.99522	0.9953	0.999995	1022	1	-0.064959	0.37977	0.37991	0.66344	573	0	-0.064959
CTCFL	8	0.99527	0.99534	0.999995	1023	1	-0.12927	0.37977	0.37991	0.66344	401	0	-0.12927
TMEM185A	8	0.99545	0.99543	0.999995	1024	1	-0.016441	0.37977	0.37991	0.66344	209	0	-0.016441
COPS7B	8	0.99553	0.99547	0.999995	1025	1	-0.16574	0.37977	0.37991	0.66344	440	0	-0.16574
JAG1	8	0.9958	0.99575	0.999995	1026	1	-0.069366	0.37977	0.37991	0.66344	475	0	-0.069366
PLD1	8	0.99597	0.99591	0.999995	1027	1	-0.10583	0.37977	0.37991	0.66344	150	0	-0.10583
SHCBP1L	8	0.99599	0.99593	0.999995	1028	1	-0.1899	0.37977	0.37991	0.66344	276	0	-0.1899
FXR1	8	0.99603	0.99598	0.999995	1029	1	-0.12576	0.37977	0.37991	0.66344	548	0	-0.12576
ZNF260	8	0.99604	0.99599	0.999995	1030	1	-0.052106	0.37977	0.37991	0.66344	236	0	-0.052106
SEC23B	8	0.99608	0.99603	0.999995	1031	1	-0.16672	0.64957	0.65039	0.999995	656	0	-0.16672
MAP4K4	8	0.99674	0.99661	0.999995	1032	0	0	0.37977	0.37991	0.66344	513	0	0
PCBD2	8	0.9968	0.99667	0.999995	1033	0	-0.14376	0.37977	0.37991	0.66344	185	0	-0.14376
TANK	8	0.99701	0.99687	0.999995	1034	0	-0.16335	0.67582	0.67686	0.999995	678	0	-0.16335
DGAT2L6	8	0.99706	0.99693	0.999995	1035	0	-0.083677	0.37977	0.37991	0.66344	334	0	-0.083677
NXT2	8	0.99731	0.99725	0.999995	1036	0	-0.024037	0.37977	0.37991	0.66344	176	0	-0.024037
XPO7	8	0.99736	0.99733	0.999995	1037	0	-0.10417	0.37977	0.37991	0.66344	250	0	-0.10417
DLL1	8	0.99752	0.9975	0.999995	1038	0	-0.14471	0.37977	0.37991	0.66344	331	0	-0.14471
PRKAB1	8	0.99765	0.99762	0.999995	1039	0	-0.065103	0.37977	0.37991	0.66344	68	0	-0.065103
CLIP4	8	0.99785	0.99786	0.999995	1040	0	-0.073602	0.37977	0.37991	0.66344	467	0	-0.073602
ARHGEF6	8	0.998	0.99798	0.999995	1041	0	-0.033408	0.37977	0.37991	0.66344	343	0	-0.033408
EPC1	8	0.99825	0.99818	0.999995	1042	0	-0.0062491	0.37977	0.37991	0.66344	399	0	-0.0062491
PPP3CC	8	0.99839	0.99836	0.999995	1043	0	-0.017718	0.37977	0.37991	0.66344	161	0	-0.017718
KRT37	8	0.9984	0.99839	0.999995	1044	0	-0.12791	0.37977	0.37991	0.66344	489	0	-0.12791
FAM126A	8	0.99861	0.99857	0.999995	1045	0	-0.065097	0.37977	0.37991	0.66344	379	0	-0.065097
DENND5B	8	0.99862	0.99858	0.999995	1046	0	-0.0085064	0.37977	0.37991	0.66344	335	0	-0.0085064
CYP7A1	8	0.99865	0.99859	0.999995	1047	0	-0.12785	0.37977	0.37991	0.66344	356	0	-0.12785
TREM2	8	0.99866	0.9986	0.999995	1048	0	-0.15872	0.37977	0.37991	0.66344	215	0	-0.15872
TBC1D1	8	0.99892	0.99889	0.999995	1049	0	-0.080861	0.37977	0.37991	0.66344	294	0	-0.080861
ZNF146	8	0.99932	0.99922	0.999995	1050	0	0	0.37977	0.37991	0.66344	224	0	0
SLC25A2	8	0.99935	0.99923	0.999995	1051	0	-0.045454	0.37977	0.37991	0.66344	285	0	-0.045454
CRX	8	0.99951	0.99942	0.999995	1052	0	-0.12864	0.37977	0.37991	0.66344	447	0	-0.12864
AP2A2	8	0.99957	0.99947	0.999995	1053	0	-0.10133	0.37977	0.37991	0.66344	71	0	-0.10133
LDB2	8	0.99963	0.99954	0.999995	1054	0	-0.11418	0.8104	0.81049	0.999995	800	0	-0.11418
CAB39	8	0.99965	0.99955	0.999995	1055	0	-0.032945	0.37977	0.37991	0.66344	403	0	-0.032945
ZNF418	8	0.99966	0.99956	0.999995	1056	0	-0.072199	0.37977	0.37991	0.66344	238	0	-0.072199
TYMS	8	0.99974	0.99968	0.999995	1057	0	-0.050202	0.37977	0.37991	0.66344	202	0	-0.050202
RANBP6	6	0.9999	0.99992	0.999995	1058	0	-0.00092978	0.3011	0.30038	0.66344	4	0	-0.00092978
TP53	8	1.0	1.0	0.999995	1059	0	0	0.37977	0.37991	0.66344	219	0	0
safe_control	74	1.0	1.0	0.999995	1060	11	-0.032368	0.98795	0.98755	0.999995	990	0	-0.032368
