id	num	neg|score	neg|p-value	neg|fdr	neg|rank	neg|goodsgrna	neg|lfc	pos|score	pos|p-value	pos|fdr	pos|rank	pos|goodsgrna	pos|lfc
MYC	8	7.3669e-12	4.6747e-06	0.00165	1	7	-2.0958	1.0	1.0	0.999995	1058	0	-2.0958
MTG2	4	1.2739e-07	4.6747e-06	0.00165	2	4	-1.4415	1.0	1.0	0.999995	1059	0	-1.4415
RRM1	8	8.1984e-07	4.6747e-06	0.00165	3	7	-1.3746	0.99611	0.99887	0.999995	1027	1	-1.3746
RRM2	4	9.9794e-06	6.0771e-05	0.007838	4	2	-1.3382	0.42436	0.66667	0.999995	691	2	-1.3382
PPP4C	4	1.1328e-05	7.012e-05	0.007838	5	3	-1.6596	0.97969	0.97995	0.999995	999	1	-1.6596
KIF11	4	1.2928e-05	7.947e-05	0.007838	6	4	-1.3229	0.99999	1.0	0.999995	1057	0	-1.3229
COPA	4	1.3131e-05	7.947e-05	0.007838	7	4	-1.5046	0.99999	1.0	0.999995	1056	0	-1.5046
SF3B3	4	1.3546e-05	7.947e-05	0.007838	8	4	-1.6322	0.99999	1.0	0.999995	1055	0	-1.6322
CCND1	4	1.4404e-05	7.947e-05	0.007838	9	4	-1.6059	0.99999	1.0	0.999995	1054	0	-1.6059
POLR2L	4	1.6003e-05	7.947e-05	0.007838	10	4	-1.9625	0.99998	1.0	0.999995	1053	0	-1.9625
UQCRC1	4	2.893e-05	8.8819e-05	0.007838	11	4	-0.9554	0.99997	1.0	0.999995	1052	0	-0.9554
PRPF8	4	3.2009e-05	8.8819e-05	0.007838	12	4	-1.334	0.99997	1.0	0.999995	1051	0	-1.334
BUB3	4	4.5674e-05	0.00012622	0.010282	13	3	-1.6668	0.99409	0.9941	0.999995	1018	0	-1.6668
RPS19	4	5.2963e-05	0.00018231	0.013791	14	4	-1.364	0.99995	0.99997	0.999995	1050	0	-1.364
RPS5	4	6.3017e-05	0.00021971	0.015512	15	3	-1.8786	0.94542	0.96061	0.999995	972	1	-1.8786
CHORDC1	3	0.00012057	0.0003506	0.023205	16	3	-1.4367	0.99988	0.99985	0.999995	1049	0	-1.4367
RPP21	4	0.00012283	0.00057499	0.035818	17	3	-1.6908	0.99889	0.99907	0.999995	1039	0	-1.6908
SF3A1	4	0.00017158	0.00082742	0.04868	18	3	-1.7847	0.26562	0.50418	0.970394	546	1	-1.7847
ALDOA	4	0.00024428	0.0010518	0.05198	19	3	-1.3269	0.74244	0.87108	0.999995	891	1	-1.3269
ATP6V1B2	4	0.0002589	0.0011733	0.05198	20	4	-1.1154	0.99974	0.99972	0.999995	1048	0	-1.1154
SMARCA4	4	0.00028011	0.0012762	0.05198	21	3	-1.1274	0.6601	0.8296	0.999995	851	1	-1.1274
NDUFB4	4	0.00028063	0.0012762	0.05198	22	4	-0.66072	0.99972	0.99971	0.999995	1047	0	-0.66072
MED20	4	0.00028267	0.0012762	0.05198	23	4	-0.64503	0.99972	0.9997	0.999995	1046	0	-0.64503
MED18	8	0.00028542	0.0012388	0.05198	24	5	-0.79192	0.24999	0.57696	0.999995	529	2	-0.79192
RPL36	4	0.00034011	0.0014632	0.057389	25	3	-1.3562	0.9771	0.97784	0.999995	995	1	-1.3562
RPL14	3	0.00035468	0.0010799	0.05198	26	2	-3.1519	0.98067	0.98032	0.999995	1001	0	-3.1519
HMGCS1	3	0.00038322	0.001192	0.05198	27	3	-1.0604	0.99962	0.99962	0.999995	1045	0	-1.0604
TOP2A	4	0.00045789	0.0017624	0.066655	28	3	-1.0828	0.99913	0.99926	0.999995	1041	0	-1.0828
PRPF38A	4	0.00053998	0.0020522	0.07494	29	3	-1.1163	0.61771	0.8089	0.999995	829	1	-1.1163
NAA10	4	0.00099604	0.0032302	0.110348	30	3	-0.79033	0.98314	0.98302	0.999995	1003	1	-0.79033
INTS6	3	0.0011048	0.0032209	0.110348	31	3	-0.89412	0.9989	0.99882	0.999995	1040	0	-0.89412
MRPL38	4	0.0012397	0.0039127	0.129486	32	3	-0.76933	0.99853	0.99859	0.999995	1037	0	-0.76933
RPL19	4	0.0014074	0.0044456	0.142664	33	2	-0.65638	0.73999	0.86982	0.999995	888	2	-0.65638
MED12	4	0.0015176	0.0047635	0.148369	34	2	-0.71309	0.37772	0.62181	0.999995	650	2	-0.71309
SIN3A	4	0.0017736	0.0054741	0.165154	35	3	-0.82002	0.99766	0.99764	0.999995	1034	0	-0.82002
SF3B1	4	0.0018534	0.0056143	0.165154	36	3	-1.0055	0.19467	0.42467	0.937816	474	1	-1.0055
VMP1	4	0.002037	0.0059976	0.169229	37	2	-1.1739	0.95804	0.96652	0.999995	980	1	-1.1739
AHCYL1	4	0.0020715	0.0060724	0.169229	38	3	-0.71823	0.99621	0.99615	0.999995	1029	0	-0.71823
PSMB3	3	0.0022518	0.0063716	0.173013	39	3	-0.55144	0.99775	0.99771	0.999995	1035	0	-0.55144
NCBP2	4	0.0023448	0.0068297	0.180817	40	1	0.41992	0.4181	0.66065	0.999995	681	3	0.41992
CDIPT	4	0.0026306	0.0076712	0.1933	41	2	-0.7862	0.93878	0.95805	0.999995	967	1	-0.7862
TRRAP	4	0.0026987	0.0078488	0.1933	42	3	-0.82413	0.79859	0.90142	0.999995	910	1	-0.82413
RPS3	3	0.0029694	0.0077647	0.1933	43	2	-1.6737	0.98979	0.98989	0.999995	1011	0	-1.6737
ZNF407	4	0.0030202	0.0085594	0.206008	44	3	-0.79145	0.99746	0.99748	0.999995	1033	0	-0.79145
TOMM40	7	0.0032758	0.011383	0.244516	45	4	-0.57812	0.91295	0.97854	0.999995	960	3	-0.57812
NKAP	4	0.0034135	0.0096719	0.227613	46	3	-0.63786	0.9986	0.99869	0.999995	1038	0	-0.63786
RPL3	7	0.0036556	0.012552	0.244784	47	4	-0.388	0.74602	0.92689	0.999995	892	3	-0.388
XAB2	4	0.0039432	0.011037	0.244516	48	3	-0.63765	0.6122	0.80617	0.999995	825	1	-0.63765
ATP5F1B	4	0.0039963	0.011168	0.244516	49	3	-0.77738	0.99948	0.99953	0.999995	1044	0	-0.77738
TIMM10	4	0.0040367	0.011299	0.244516	50	2	-0.7746	0.99613	0.9961	0.999995	1028	0	-0.7746
CPSF3	4	0.004466	0.012318	0.244784	51	3	-0.62074	0.9908	0.99075	0.999995	1012	0	-0.62074
SBNO1	4	0.0045814	0.012654	0.244784	52	3	-0.83062	0.40488	0.64834	0.999995	671	1	-0.83062
VCP	4	0.0046195	0.012739	0.244784	53	2	-0.72149	0.076996	0.20838	0.889834	245	1	-0.72149
SNRPD3	4	0.0046988	0.012944	0.244784	54	3	-0.65391	0.97581	0.97681	0.999995	994	1	-0.65391
ACTL6A	4	0.0049088	0.013412	0.248976	55	3	-0.58961	0.81553	0.91073	0.999995	920	1	-0.58961
DYNLRB1	3	0.0051743	0.011607	0.244516	56	2	-1.5677	0.9973	0.99713	0.999995	1032	0	-1.5677
ABT1	4	0.0052398	0.014319	0.252723	57	2	-0.79073	0.94173	0.95919	0.999995	969	1	-0.79073
E2F3	3	0.0052886	0.011776	0.244516	58	2	-1.0287	0.99538	0.99518	0.999995	1024	0	-1.0287
IRF4	4	0.0056411	0.015403	0.267408	59	3	-0.39466	0.33799	0.58149	0.999995	614	1	-0.39466
SFPQ	4	0.0060879	0.01646	0.279626	60	1	0.54711	0.33717	0.58049	0.999995	612	3	0.54711
KIF4A	4	0.0062963	0.016899	0.279626	61	3	-0.49163	0.98578	0.98597	0.999995	1007	0	-0.49163
TUFM	3	0.0063084	0.013636	0.248976	62	2	-1.426	0.27521	0.49519	0.965748	559	1	-1.426
RPL13	3	0.0067535	0.014262	0.252723	63	2	-0.99372	0.99434	0.99423	0.999995	1020	0	-0.99372
POLR2B	4	0.0069224	0.018432	0.300305	64	3	-0.58918	0.1041	0.26788	0.9072	307	1	-0.58918
RPL10A	4	0.0077084	0.020452	0.328158	65	3	-0.59526	0.65378	0.82653	0.999995	844	1	-0.59526
KAT6A	4	0.0079963	0.021293	0.333503	66	3	-0.42728	0.84316	0.92541	0.999995	939	1	-0.42728
SMC1A	4	0.008038	0.021415	0.333503	67	3	-0.3419	0.99513	0.99519	0.999995	1023	0	-0.3419
RPS23	2	0.0087465	0.01674	0.279626	68	2	-1.0493	0.99125	0.99162	0.999995	1013	0	-1.0493
SF3B5	4	0.0088883	0.023359	0.344403	69	2	-0.70346	0.99265	0.99257	0.999995	1016	0	-0.70346
CDK7	4	0.0089013	0.023416	0.344403	70	3	-0.62065	0.71162	0.85548	0.999995	880	1	-0.62065
TACC3	4	0.0099505	0.025528	0.370338	71	2	-0.30793	0.69193	0.84538	0.999995	865	2	-0.30793
COX6B1	8	0.010461	0.033896	0.450006	72	3	0.03875	0.71795	0.92634	0.999995	882	3	0.03875
MRPL41	4	0.010499	0.026417	0.378044	73	2	-0.93392	0.99603	0.99604	0.999995	1026	0	-0.93392
TUBB	3	0.011246	0.022097	0.339145	74	2	-1.1488	0.19761	0.3877	0.917253	480	1	-1.1488
RPL37A	2	0.011933	0.02263	0.342362	75	1	-1.3725	0.76251	0.77904	0.999995	898	1	-1.3725
HNRNPK	4	0.012708	0.030184	0.420597	76	2	-0.12034	0.381	0.62514	0.999995	655	2	-0.12034
RFC2	4	0.013446	0.031456	0.432622	77	2	-0.3653	0.13664	0.33316	0.917253	371	2	-0.3653
NAA15	4	0.014719	0.033401	0.450006	78	2	-0.31594	0.50198	0.73779	0.999995	761	2	-0.31594
CLNS1A	3	0.015061	0.02852	0.402706	79	2	-0.47227	0.97177	0.97141	0.999995	990	0	-0.47227
ASF1A	4	0.0154	0.03442	0.450006	80	1	0.30954	0.32241	0.5646	0.999206	600	2	0.30954
ATP5F1D	4	0.016454	0.036121	0.465645	81	2	-0.1695	0.24062	0.47683	0.964008	520	2	-0.1695
PSMC3	4	0.017254	0.037262	0.469767	82	1	0.42064	0.082288	0.21953	0.889834	255	3	0.42064
CTR9	4	0.018133	0.038683	0.481945	83	2	-0.35808	0.89449	0.94499	0.999995	957	1	-0.35808
CCT6A	3	0.01824	0.034046	0.450006	84	2	-0.59492	0.11465	0.24884	0.89557	332	1	-0.59492
HSCB	4	0.019147	0.040338	0.496719	85	2	-0.45899	0.984	0.9842	0.999995	1004	0	-0.45899
HUS1	4	0.019442	0.040815	0.496813	86	2	-0.33347	0.95528	0.96522	0.999995	979	1	-0.33347
DHX9	3	0.019613	0.036495	0.465645	87	2	-0.8418	0.99449	0.99441	0.999995	1021	0	-0.8418
EIF3J	4	0.022802	0.046499	0.559575	88	1	0.17755	0.54942	0.77766	0.999995	793	2	0.17755
LONP1	4	0.023292	0.047219	0.561853	89	2	-0.60388	0.073454	0.20046	0.885341	237	1	-0.60388
GAPDH	4	0.0241	0.048565	0.564303	90	2	-0.46059	0.39077	0.6344	0.999995	664	1	-0.46059
ATP5F1A	4	0.024263	0.048883	0.564303	91	2	-0.41733	0.97814	0.97871	0.999995	996	1	-0.41733
COX4I1	4	0.024426	0.04908	0.564303	92	2	-0.25608	0.55637	0.78096	0.999995	797	2	-0.25608
STT3B	4	0.024755	0.049556	0.564303	93	2	-0.22232	0.83584	0.92152	0.999995	934	2	-0.22232
TOP1MT	4	0.025585	0.0508	0.572309	94	2	-0.32084	0.82714	0.91686	0.999995	925	1	-0.32084
NMT1	4	0.026089	0.051632	0.57556	95	2	-0.47244	0.99413	0.99417	0.999995	1019	0	-0.47244
LARP1	4	0.027109	0.053399	0.589057	96	2	-0.10421	0.51875	0.75241	0.999995	773	2	-0.10421
CDK2	4	0.028148	0.055147	0.602072	97	2	-0.66668	0.44878	0.6894	0.999995	715	1	-0.66668
MED26	4	0.029559	0.057251	0.61866	98	2	-0.17257	0.6348	0.81711	0.999995	834	2	-0.17257
RRAGC	4	0.030096	0.058074	0.621212	99	2	-0.09613	0.52808	0.76012	0.999995	783	2	-0.09613
NAE1	8	0.030099	0.077128	0.749341	100	3	-0.11377	0.32794	0.66926	0.999995	606	1	-0.11377
RNF113A	4	0.032102	0.061486	0.651139	101	2	-0.54728	0.63344	0.81647	0.999995	833	1	-0.54728
XRCC6	4	0.032911	0.062636	0.656749	102	1	0.010201	0.69115	0.84492	0.999995	864	1	0.010201
RPL8	4	0.034736	0.065544	0.680499	103	2	-0.23083	0.66797	0.83341	0.999995	857	2	-0.23083
SLC25A28	4	0.035313	0.066339	0.682063	104	2	-0.30205	0.98859	0.98867	0.999995	1009	0	-0.30205
ISCA2	4	0.038257	0.071144	0.717539	105	2	-0.27818	0.99202	0.99194	0.999995	1015	0	-0.27818
RPL17	3	0.038569	0.067965	0.69207	106	1	0.64554	0.26402	0.48657	0.965748	544	2	0.64554
CKAP5	8	0.038999	0.094134	0.810473	107	2	0.41553	0.47802	0.79778	0.999995	744	5	0.41553
PDCD6IP	4	0.03926	0.072696	0.726275	108	2	-0.37262	0.99848	0.99854	0.999995	1036	0	-0.37262
TOB1	4	0.039868	0.073575	0.728185	109	2	-0.34061	0.3985	0.64201	0.999995	667	1	-0.34061
FANCM	4	0.041096	0.075622	0.74152	110	2	-0.27201	0.084926	0.22555	0.889834	263	1	-0.27201
GTF3C1	4	0.044022	0.080381	0.773852	111	2	-0.22132	0.98792	0.98806	0.999995	1008	0	-0.22132
AKIRIN1	4	0.04466	0.081344	0.775681	112	2	-0.4339	0.45595	0.69581	0.999995	724	1	-0.4339
INTS2	4	0.045088	0.082036	0.775681	113	2	-0.27403	0.98866	0.98871	0.999995	1010	0	-0.27403
NRBP2	4	0.045664	0.082784	0.775826	114	2	-0.12599	0.98558	0.98582	0.999995	1006	0	-0.12599
ELL	4	0.047471	0.085682	0.795944	115	2	-0.27001	0.99499	0.9951	0.999995	1022	0	-0.27001
RRM2B	8	0.048141	0.11259	0.870311	116	3	0.098441	0.94113	0.98823	0.999995	968	3	0.098441
CNOT7	4	0.048571	0.087384	0.804692	117	2	0.36182	0.020337	0.063852	0.881641	71	2	0.36182
CRK	4	0.049905	0.089431	0.809469	118	2	-0.23911	0.57048	0.78776	0.999995	807	1	-0.23911
RPS11	3	0.050955	0.088964	0.809469	119	2	-0.46216	0.92593	0.92987	0.999995	963	1	-0.46216
BICD2	4	0.051481	0.091572	0.810473	120	2	-0.32287	0.99925	0.99935	0.999995	1043	0	-0.32287
MED13L	4	0.051994	0.092414	0.810473	121	2	-0.10676	0.94954	0.96242	0.999995	976	1	-0.10676
INCENP	4	0.052163	0.092648	0.810473	122	2	0.094804	0.3298	0.57281	0.999356	608	2	0.094804
PKM	3	0.05222	0.090703	0.810473	123	1	0.2517	0.60078	0.75337	0.999995	819	1	0.2517
PUM2	4	0.053078	0.094041	0.810473	124	2	-0.16409	0.51684	0.75054	0.999995	770	1	-0.16409
EIF4A3	4	0.054231	0.095836	0.818469	125	2	-0.61782	0.46833	0.70756	0.999995	735	1	-0.61782
TRAPPC3	4	0.056567	0.099239	0.836208	126	2	-0.19638	0.13986	0.33923	0.917253	376	1	-0.19638
MED13	4	0.057513	0.1007	0.836208	127	2	-0.43669	0.85541	0.93261	0.999995	944	1	-0.43669
PFN1	4	0.057751	0.10099	0.836208	128	2	0.070348	0.27615	0.51507	0.970394	560	2	0.070348
DDX5	4	0.059184	0.10323	0.840937	129	2	-0.021886	0.12381	0.30823	0.915176	353	2	-0.021886
CLTC	4	0.060632	0.10541	0.844355	130	2	-0.16759	0.99127	0.99124	0.999995	1014	0	-0.16759
MED23	4	0.061362	0.10649	0.844355	131	2	-0.11535	0.85363	0.93154	0.999995	943	2	-0.11535
COPZ1	4	0.064557	0.11141	0.870311	132	1	0.60146	0.29271	0.53258	0.972878	577	3	0.60146
TBC1D28	3	0.065069	0.10107	0.836208	133	1	0.10532	0.91404	0.92169	0.999995	961	1	0.10532
PEF1	4	0.065312	0.11251	0.870311	134	2	-0.20921	0.97893	0.97928	0.999995	998	1	-0.20921
PPP2CA	8	0.066364	0.14741	0.968214	135	3	0.019702	0.177	0.47791	0.964008	456	3	0.019702
SF1	4	0.067071	0.115	0.882515	136	2	-0.082765	0.13144	0.32303	0.917253	365	2	-0.082765
TOMM22	4	0.068124	0.11661	0.888418	137	1	0.10404	0.84525	0.92678	0.999995	940	2	0.10404
SNRPD2	3	0.069102	0.10418	0.842227	138	1	-0.041519	0.82165	0.87595	0.999995	923	1	-0.041519
ZNF34	4	0.069874	0.1193	0.894768	139	2	-0.21002	0.1306	0.3214	0.917253	363	1	-0.21002
PMPCB	4	0.069903	0.11937	0.894768	140	1	0.50496	0.4934	0.73016	0.999995	755	2	0.50496
SF3B2	4	0.070904	0.12087	0.894768	141	2	0.020832	0.66591	0.83237	0.999995	854	2	0.020832
RBM22	4	0.071163	0.12126	0.894768	142	2	-0.08291	0.41374	0.65647	0.999995	677	1	-0.08291
COX4I2	4	0.071422	0.12167	0.894768	143	2	0.020444	0.41813	0.66069	0.999995	682	2	0.020444
RPS8	3	0.072454	0.10684	0.844355	144	1	0.37251	0.56252	0.72339	0.999995	802	2	0.37251
TOP1	4	0.074559	0.12616	0.921372	145	2	-0.014889	0.8455	0.92695	0.999995	941	2	-0.014889
RSBN1L	4	0.075616	0.12802	0.928557	146	2	-0.28465	0.49471	0.73104	0.999995	756	1	-0.28465
UNC119	4	0.077213	0.13024	0.936308	147	2	-0.16409	0.6954	0.84721	0.999995	868	1	-0.16409
PPP2R1A	4	0.077879	0.13121	0.936308	148	1	0.088414	0.9471	0.96132	0.999995	973	1	0.088414
EIF3L	4	0.078286	0.13174	0.936308	149	2	0.21047	0.34212	0.58569	0.999995	619	2	0.21047
RPL5	4	0.079634	0.13369	0.943861	150	2	-0.14249	0.57098	0.78793	0.999995	808	1	-0.14249
EIF3B	4	0.080719	0.13528	0.948757	151	2	-0.0069808	0.76069	0.88091	0.999995	897	2	-0.0069808
PDS5A	4	0.081537	0.13646	0.950723	152	2	-0.047209	0.81229	0.90904	0.999995	918	2	-0.047209
BAP1	4	0.082906	0.13849	0.955156	153	2	0.02415	0.51847	0.75212	0.999995	772	2	0.02415
NUTF2	4	0.083168	0.1389	0.955156	154	1	0.49745	0.46424	0.70362	0.999995	730	3	0.49745
ACACA	4	0.084562	0.14107	0.957635	155	2	-0.16822	0.8764	0.9409	0.999995	952	1	-0.16822
CASP4	4	0.085672	0.14248	0.961058	156	2	0.20921	0.42249	0.66476	0.999995	685	2	0.20921
WDR12	4	0.086681	0.14404	0.965441	157	1	0.19382	0.24606	0.48275	0.965748	523	2	0.19382
RIC8A	4	0.08791	0.14611	0.968214	158	2	0.15927	0.48888	0.72591	0.999995	751	2	0.15927
RPRD1B	4	0.088755	0.14737	0.968214	159	2	-0.018902	0.84245	0.92503	0.999995	937	2	-0.018902
GJA8	4	0.08932	0.14824	0.968214	160	2	-0.020178	0.75803	0.87941	0.999995	895	1	-0.020178
RNF40	4	0.090184	0.14951	0.968214	161	1	0.14904	0.36245	0.60664	0.999995	638	1	0.14904
TAMM41	4	0.090454	0.14994	0.968214	162	2	-0.19449	0.14404	0.34751	0.917253	390	1	-0.19449
DGAT1	4	0.091594	0.15187	0.970744	163	2	0.14084	0.27156	0.51011	0.970394	554	2	0.14084
XYLT1	4	0.09188	0.15217	0.970744	164	2	0.071081	0.4225	0.66476	0.999995	686	2	0.071081
VPS37A	4	0.093026	0.15366	0.973391	165	2	0.15401	0.60865	0.80469	0.999995	823	2	0.15401
RPL18A	2	0.093237	0.1019	0.836557	166	1	-0.79743	0.94866	0.94835	0.999995	974	0	-0.79743
ADAP2	4	0.093601	0.15442	0.973391	167	2	0.13985	0.64559	0.82252	0.999995	837	2	0.13985
CCNL1	4	0.099766	0.15944	0.999092	168	1	-0.16834	0.4964	0.73259	0.999995	757	1	-0.16834
AFG3L2	3	0.11271	0.13982	0.955318	169	1	-0.082207	0.97841	0.97807	0.999995	997	0	-0.082207
SERPINA12	8	0.12445	0.22546	0.999846	170	2	0.57349	0.14857	0.43207	0.94148	401	6	0.57349
RAN	4	0.12466	0.1774	0.999846	171	1	0.12623	0.43238	0.67404	0.999995	699	2	0.12623
LSM4	4	0.12636	0.17852	0.999846	172	1	0.57347	0.21436	0.44705	0.945101	498	3	0.57347
TSG101	4	0.1289	0.18028	0.999846	173	1	-0.19451	0.9691	0.97257	0.999995	988	1	-0.19451
H1FOO	4	0.13144	0.18196	0.999846	174	1	0.39751	0.3818	0.62598	0.999995	656	3	0.39751
ATP6V1D	4	0.13481	0.18443	0.999846	175	1	0.18073	0.66897	0.83386	0.999995	858	2	0.18073
ZNF804B	4	0.1365	0.18565	0.999846	176	1	0.76888	0.17386	0.40063	0.926337	452	3	0.76888
FUT5	4	0.14069	0.18861	0.999846	177	1	0.23781	0.49133	0.72803	0.999995	753	2	0.23781
PAF1	4	0.14237	0.18997	0.999846	178	1	-0.1496	0.99681	0.99692	0.999995	1031	0	-0.1496
BUB1B	4	0.15153	0.19635	0.999846	179	1	-0.22381	0.48679	0.7241	0.999995	749	1	-0.22381
ARFGEF1	4	0.15402	0.19818	0.999846	180	1	0.70487	0.21757	0.45071	0.945152	504	3	0.70487
TAF1	4	0.15568	0.19943	0.999846	181	1	0.62583	0.094587	0.24698	0.89557	288	3	0.62583
DHX29	3	0.15869	0.17654	0.999846	182	1	0.6986	0.16836	0.34107	0.917253	443	2	0.6986
ARID1A	4	0.16227	0.20414	0.999846	183	1	0.0041902	0.92451	0.9533	0.999995	962	1	0.0041902
TNPO1	3	0.16558	0.18212	0.999846	184	1	-0.20685	0.83491	0.88135	0.999995	932	1	-0.20685
PRKDC	8	0.1692	0.27475	0.999846	185	2	0.032349	0.83046	0.96142	0.999995	928	3	0.032349
CLASP1	4	0.17046	0.21047	0.999846	186	1	0.33723	0.52606	0.75849	0.999995	779	2	0.33723
HNRNPH1	4	0.17128	0.21105	0.999846	187	1	0.068086	0.81046	0.90798	0.999995	917	2	0.068086
ILF3	4	0.17209	0.21161	0.999846	188	1	0.44691	0.27893	0.51796	0.971322	564	2	0.44691
MED8	4	0.17616	0.21467	0.999846	189	1	0.32314	0.26698	0.50558	0.970394	547	2	0.32314
ASF1B	8	0.177	0.28335	0.999846	190	1	0.023829	0.96714	0.99382	0.999995	987	2	0.023829
RPL11	3	0.18231	0.19584	0.999846	191	1	-0.017472	0.9589	0.9585	0.999995	981	0	-0.017472
ABCG2	4	0.18425	0.22098	0.999846	192	1	0.96506	0.013075	0.042432	0.881641	51	3	0.96506
RNF103	4	0.19147	0.22618	0.999846	193	1	0.41015	0.36456	0.60884	0.999995	642	2	0.41015
PUM1	4	0.19307	0.2274	0.999846	194	1	-0.012099	0.99555	0.99561	0.999995	1025	0	-0.012099
CCNE2	4	0.19467	0.22847	0.999846	195	1	0.24567	0.40664	0.64997	0.999995	672	2	0.24567
TNPO2	4	0.19627	0.22951	0.999846	196	1	0.13581	0.55741	0.78157	0.999995	798	2	0.13581
TBP	4	0.19945	0.23178	0.999846	197	1	0.37296	0.46699	0.70608	0.999995	734	2	0.37296
SOS1	4	0.20499	0.23595	0.999846	198	1	0.19839	0.73489	0.86704	0.999995	887	2	0.19839
MRPL27	4	0.20894	0.23897	0.999846	199	1	0.083645	0.97216	0.97428	0.999995	991	1	0.083645
FAM50A	4	0.21051	0.2401	0.999846	200	1	-0.031056	0.42312	0.66544	0.999995	688	1	-0.031056
PFAS	4	0.2113	0.24073	0.999846	201	1	0.27797	0.46243	0.70178	0.999995	729	2	0.27797
ADSS	3	0.21151	0.22034	0.999846	202	1	1.3103	0.023307	0.059018	0.881641	81	2	1.3103
CDS2	4	0.21208	0.24131	0.999846	203	1	-0.010941	0.38622	0.63005	0.999995	661	1	-0.010941
COQ10A	4	0.21287	0.24185	0.999846	204	1	0.31557	0.50697	0.74234	0.999995	765	3	0.31557
NSG2	4	0.21365	0.24241	0.999846	205	1	0.54541	0.085672	0.22714	0.889834	266	3	0.54541
THRAP3	4	0.216	0.24436	0.999846	206	1	-0.11077	0.9845	0.98477	0.999995	1005	0	-0.11077
GATAD2A	4	0.21757	0.24562	0.999846	207	1	0.41499	0.10418	0.26805	0.9072	308	2	0.41499
ISL1	4	0.22068	0.24822	0.999846	208	1	0.31936	0.21522	0.44801	0.945101	501	3	0.31936
ATP5PB	4	0.22302	0.24989	0.999846	209	1	0.12692	0.091932	0.24131	0.889834	283	2	0.12692
FDPS	4	0.22921	0.25464	0.999846	210	1	0.21834	0.36955	0.61418	0.999995	646	2	0.21834
CHMP1A	4	0.23307	0.25751	0.999846	211	1	-0.084633	0.93512	0.9569	0.999995	965	1	-0.084633
TOMM20L	4	0.23384	0.25809	0.999846	212	1	0.3764	0.06277	0.17525	0.885341	205	3	0.3764
RPS15	2	0.23638	0.23597	0.999846	213	1	0.17412	0.40799	0.57084	0.999206	674	1	0.17412
AKIRIN2	4	0.23691	0.26054	0.999846	214	1	-0.0077566	0.8795	0.94151	0.999995	953	1	-0.0077566
SNRPB	4	0.23844	0.26165	0.999846	215	1	0.081378	0.83063	0.91882	0.999995	929	2	0.081378
RHOBTB2	4	0.2392	0.26227	0.999846	216	1	0.21148	0.76665	0.88417	0.999995	902	1	0.21148
GABPB2	4	0.24226	0.26471	0.999846	217	1	0.23318	0.75756	0.87909	0.999995	894	2	0.23318
LDB1	8	0.24413	0.36032	0.999846	218	1	0.39088	0.52701	0.82842	0.999995	781	5	0.39088
HPS1	4	0.24454	0.26633	0.999846	219	1	0.21997	0.17535	0.40221	0.926675	453	2	0.21997
ZMAT2	4	0.24758	0.26871	0.999846	220	1	0.67221	0.13962	0.3387	0.917253	375	3	0.67221
RBBP4	3	0.25399	0.25816	0.999846	221	1	-0.29777	0.58256	0.73896	0.999995	813	1	-0.29777
GCM2	4	0.25589	0.27497	0.999846	222	1	-0.123	0.026487	0.081961	0.881641	94	1	-0.123
CAND1	4	0.25889	0.2773	0.999846	223	1	0.16477	0.56699	0.78615	0.999995	804	2	0.16477
MBD3L1	4	0.26114	0.27921	0.999846	224	1	0.44085	0.42714	0.66906	0.999995	693	3	0.44085
NAPA	4	0.26189	0.27989	0.999846	225	1	0.24993	0.21051	0.44268	0.945101	494	2	0.24993
HOXB1	4	0.26338	0.28095	0.999846	226	1	-0.00035001	0.33868	0.58215	0.999995	615	1	-0.00035001
PSMB6	4	0.26487	0.28226	0.999846	227	1	0.15478	0.7094	0.85435	0.999995	878	2	0.15478
EEFSEC	4	0.26711	0.28401	0.999846	228	1	0.34457	0.32899	0.57194	0.999356	607	3	0.34457
CDS1	4	0.26785	0.28451	0.999846	229	1	0.82391	0.068169	0.18738	0.885341	221	3	0.82391
USP5	4	0.26934	0.28568	0.999846	230	1	0.46915	0.32456	0.56705	0.999206	602	3	0.46915
PTCH1	4	0.27008	0.28625	0.999846	231	1	0.562	0.287	0.52666	0.972878	571	3	0.562
PPP2R1B	4	0.2723	0.2881	0.999846	232	1	0.18425	0.29712	0.53743	0.972878	585	2	0.18425
NDUFC1	4	0.27304	0.28865	0.999846	233	1	0.049545	0.78475	0.89395	0.999995	908	2	0.049545
REG3A	4	0.27378	0.2893	0.999846	234	1	0.4947	0.29237	0.53227	0.972878	576	3	0.4947
MBTD1	4	0.27599	0.29099	0.999846	235	1	0.064144	0.77103	0.88651	0.999995	904	1	0.064144
TPST2	4	0.2782	0.29279	0.999846	236	1	0.31064	0.50989	0.74505	0.999995	766	3	0.31064
FLOT2	4	0.27893	0.29332	0.999846	237	1	0.21935	0.38492	0.62897	0.999995	660	2	0.21935
ATP6V1C1	4	0.27967	0.29387	0.999846	238	1	0.12279	0.65187	0.82568	0.999995	843	2	0.12279
SAFB2	4	0.28625	0.29943	0.999846	239	1	0.09361	0.87463	0.94051	0.999995	951	1	0.09361
KIF20A	8	0.28654	0.40891	0.999846	240	2	0.41057	0.029566	0.13654	0.881641	102	4	0.41057
RHBDF1	4	0.28843	0.30117	0.999846	241	1	0.19517	0.82773	0.91717	0.999995	926	2	0.19517
ARHGEF7	4	0.28916	0.30185	0.999846	242	1	0.43909	0.12655	0.31358	0.917253	356	2	0.43909
HASPIN	4	0.29134	0.30349	0.999846	243	1	0.37816	0.072568	0.19834	0.885341	236	2	0.37816
EPS15L1	4	0.29279	0.30464	0.999846	244	1	0.080262	0.078762	0.21215	0.889834	248	1	0.080262
NCKAP1	4	0.29496	0.3064	0.999846	245	1	0.53189	0.27655	0.51545	0.970394	561	3	0.53189
NMT2	4	0.29568	0.30695	0.999846	246	1	0.46192	0.37496	0.6193	0.999995	649	3	0.46192
COPG2	4	0.2964	0.30758	0.999846	247	1	0.8407	0.062831	0.17536	0.885341	206	3	0.8407
POLR2A	4	0.29856	0.30911	0.999846	248	1	0.031486	0.95436	0.96475	0.999995	978	1	0.031486
RANBP9	4	0.30215	0.31217	0.999846	249	1	0.27277	0.78237	0.89278	0.999995	906	2	0.27277
WASL	4	0.30287	0.31288	0.999846	250	1	-0.074634	0.65123	0.8254	0.999995	842	1	-0.074634
RPA1	4	0.30573	0.31527	0.999846	251	1	-0.34202	0.99917	0.99928	0.999995	1042	0	-0.34202
CFL1	4	0.30644	0.31577	0.999846	252	1	0.71519	0.14903	0.3568	0.917253	403	3	0.71519
PTCH2	4	0.30716	0.31632	0.999846	253	1	0.42268	0.21991	0.45332	0.946874	505	3	0.42268
HNRNPF	4	0.30929	0.31822	0.999846	254	1	0.47648	0.18889	0.41814	0.937816	465	2	0.47648
ATR	4	0.31	0.31879	0.999846	255	1	0.37836	0.3364	0.57975	0.999995	611	2	0.37836
TOP2B	4	0.31142	0.32015	0.999846	256	1	0.44756	0.19227	0.42192	0.937816	470	3	0.44756
HMG20B	4	0.31213	0.32074	0.999846	257	1	0.13175	0.70227	0.85078	0.999995	873	1	0.13175
CLTCL1	4	0.31426	0.32275	0.999846	258	1	0.37483	0.11271	0.28543	0.9072	327	2	0.37483
BZW1	3	0.32189	0.32056	0.999846	259	1	-0.01474	0.87412	0.89871	0.999995	950	1	-0.01474
AP2A1	4	0.32201	0.32921	0.999846	260	1	0.31038	0.69799	0.84859	0.999995	869	2	0.31038
PSMA2	4	0.32271	0.3299	0.999846	261	1	0.40551	0.12975	0.31997	0.917253	362	2	0.40551
MMD	4	0.32551	0.33251	0.999846	262	1	0.59735	0.2494	0.48654	0.965748	527	3	0.59735
UTP14A	4	0.3269	0.33367	0.999846	263	1	0.10185	0.28333	0.52271	0.972878	568	1	0.10185
TUBB2A	4	0.3283	0.33493	0.999846	264	1	-0.14122	0.36912	0.61385	0.999995	644	1	-0.14122
FARS2	4	0.32969	0.33626	0.999846	265	1	0.52041	0.46909	0.70811	0.999995	736	3	0.52041
RXFP3	4	0.33108	0.33747	0.999846	266	1	0.27739	0.71639	0.85765	0.999995	881	2	0.27739
SLC11A1	4	0.33177	0.33808	0.999846	267	1	0.38459	0.057393	0.1624	0.884222	190	2	0.38459
COPS7A	4	0.33385	0.34002	0.999846	268	1	-0.084533	0.9932	0.99306	0.999995	1017	0	-0.084533
NHLRC1	4	0.33454	0.3406	0.999846	269	1	0.51175	0.2415	0.47778	0.964008	522	3	0.51175
IMPDH2	4	0.33731	0.34286	0.999846	270	1	0.3385	0.64781	0.82362	0.999995	840	2	0.3385
CRNN	4	0.33799	0.34371	0.999846	271	1	0.41574	0.60942	0.80503	0.999995	824	2	0.41574
CRYBB2	4	0.33868	0.34429	0.999846	272	1	0.5894	0.068485	0.18809	0.885341	222	3	0.5894
SAMD9	4	0.34006	0.34563	0.999846	273	1	0.85926	0.10763	0.27478	0.9072	313	3	0.85926
GMPR	4	0.34075	0.34612	0.999846	274	1	0.46074	0.36035	0.60442	0.999995	635	3	0.46074
PRG3	4	0.34417	0.34915	0.999846	275	1	0.25559	0.09542	0.24901	0.89557	291	2	0.25559
MYL7	4	0.34486	0.34978	0.999846	276	1	0.6112	0.11357	0.28726	0.9072	330	3	0.6112
TPBGL	4	0.34691	0.35174	0.999846	277	1	0.28708	0.50365	0.73929	0.999995	764	2	0.28708
DDI2	4	0.34759	0.35228	0.999846	278	1	0.88256	0.025752	0.079783	0.881641	92	3	0.88256
RNF44	4	0.34827	0.35292	0.999846	279	1	0.82165	0.020975	0.06589	0.881641	74	3	0.82165
ALAS2	4	0.34895	0.35356	0.999846	280	1	0.72622	0.064303	0.17886	0.885341	210	3	0.72622
DYNC1LI1	3	0.34976	0.34768	0.999846	281	1	0.43697	0.44623	0.63134	0.999995	710	2	0.43697
PHLDA1	4	0.35438	0.3583	0.999846	282	1	0.4358	0.19867	0.42923	0.939172	481	3	0.4358
SNAPC4	4	0.35573	0.35938	0.999846	283	1	0.33825	0.53576	0.76632	0.999995	786	2	0.33825
DNAJC15	4	0.35775	0.36126	0.999846	284	1	0.43772	0.22224	0.456	0.946874	509	3	0.43772
INTS6L	4	0.36111	0.36434	0.999846	285	1	0.46162	0.46658	0.7057	0.999995	733	3	0.46162
ZMIZ2	4	0.36178	0.36478	0.999846	286	1	0.16171	0.77394	0.8882	0.999995	905	2	0.16171
POLD1	4	0.36245	0.36543	0.999846	287	1	0.6165	0.19161	0.42105	0.937816	469	3	0.6165
ABL2	4	0.36446	0.36735	0.999846	288	1	-0.016567	0.50087	0.7368	0.999995	760	1	-0.016567
XYLT2	4	0.36646	0.36936	0.999846	289	1	0.15843	0.68362	0.84097	0.999995	863	2	0.15843
ATAD2B	4	0.36713	0.36991	0.999846	290	1	0.72534	0.1795	0.40734	0.92768	460	3	0.72534
LATS2	4	0.37045	0.37304	0.999846	291	1	0.53816	0.21077	0.44296	0.945101	495	3	0.53816
FOXK2	4	0.37178	0.37418	0.999846	292	1	0.36012	0.40252	0.6458	0.999995	669	3	0.36012
HNRNPH3	4	0.37244	0.37474	0.999846	293	1	0.41241	0.42832	0.67021	0.999995	694	3	0.41241
CSTF2	4	0.37442	0.37649	0.999846	294	1	0.10157	0.97528	0.97646	0.999995	993	1	0.10157
KRTAP10-10	4	0.37508	0.37704	0.999846	295	1	0.24388	0.70341	0.85133	0.999995	875	2	0.24388
RGS19	4	0.37574	0.37775	0.999846	296	1	0.43397	0.60212	0.80174	0.999995	821	2	0.43397
ADGRG7	4	0.3764	0.37836	0.999846	297	1	0.24289	0.42374	0.6659	0.999995	690	2	0.24289
AXL	4	0.37772	0.3795	0.999846	298	1	0.45876	0.15153	0.36125	0.917253	409	2	0.45876
DGKI	4	0.37837	0.38012	0.999846	299	1	0.12597	0.32201	0.56416	0.999206	599	2	0.12597
TOB2	4	0.37903	0.38068	0.999846	300	1	0.66715	0.17306	0.39961	0.926337	449	3	0.66715
MTHFD1	4	0.37969	0.38138	0.999846	301	1	-0.029492	0.83532	0.92127	0.999995	933	2	-0.029492
ACTL6B	4	0.381	0.38267	0.999846	302	1	0.31808	0.34417	0.58779	0.999995	621	2	0.31808
SPAG9	4	0.38165	0.38329	0.999846	303	1	0.42609	0.41927	0.66177	0.999995	683	3	0.42609
SKA1	4	0.38231	0.38396	0.999846	304	1	0.63218	0.20579	0.43732	0.94479	487	3	0.63218
FZR1	4	0.38296	0.38458	0.999846	305	1	-0.11863	0.97112	0.97367	0.999995	989	1	-0.11863
RSBN1	4	0.38362	0.38519	0.999846	306	1	0.051756	0.94206	0.95931	0.999995	970	1	0.051756
BZW2	4	0.38947	0.39	0.999846	307	1	0.025784	0.76256	0.8821	0.999995	899	2	0.025784
SLC25A25	4	0.39077	0.3911	0.999846	308	1	0.33095	0.46585	0.70502	0.999995	731	3	0.33095
MYBPH	4	0.39141	0.39171	0.999846	309	1	0.19391	0.80856	0.90678	0.999995	916	2	0.19391
FANCF	4	0.39271	0.39293	0.999846	310	1	-0.081916	0.98059	0.98077	0.999995	1000	1	-0.081916
STX12	4	0.39335	0.39358	0.999846	311	1	0.28211	0.56099	0.78333	0.999995	801	2	0.28211
GFM1	4	0.394	0.39422	0.999846	312	1	0.22011	0.007022	0.023565	0.841419	29	2	0.22011
PDCD4	4	0.39657	0.39664	0.999846	313	1	0.71117	0.106	0.27164	0.9072	311	3	0.71117
ZNRF4	4	0.39786	0.39779	0.999846	314	1	0.20591	0.87969	0.94153	0.999995	954	1	0.20591
CTPS1	4	0.3985	0.3984	0.999846	315	1	0.10913	0.59818	0.79991	0.999995	818	2	0.10913
ADSSL1	4	0.39914	0.39894	0.999846	316	1	0.20293	0.80019	0.902	0.999995	914	2	0.20293
IKBKB	4	0.39978	0.39954	0.999846	317	1	0.85773	0.054455	0.15485	0.881641	183	3	0.85773
RALGPS2	4	0.4017	0.4011	0.999846	318	1	0.17161	0.8627	0.93677	0.999995	948	2	0.17161
GDF15	4	0.40234	0.40175	0.999846	319	1	0.50793	0.15402	0.36579	0.917253	415	3	0.50793
EPHA2	4	0.40297	0.40235	0.999846	320	1	-0.073384	0.020955	0.065796	0.881641	73	1	-0.073384
GLT6D1	4	0.40488	0.40452	0.999846	321	1	0.69409	0.15177	0.36175	0.917253	410	3	0.69409
MCPH1	4	0.40552	0.40511	0.999846	322	1	0.39022	0.087558	0.2315	0.889834	270	2	0.39022
CHSY3	4	0.40679	0.40631	0.999846	323	1	0.20855	0.67508	0.83691	0.999995	861	2	0.20855
VPS26B	4	0.40742	0.40689	0.999846	324	1	0.24049	0.34631	0.59013	0.999995	624	2	0.24049
BICD1	4	0.40806	0.40755	0.999846	325	1	-0.050888	0.85701	0.93339	0.999995	945	2	-0.050888
AP5M1	4	0.40869	0.40819	0.999846	326	1	0.41612	0.45218	0.69233	0.999995	720	3	0.41612
RPL27A	2	0.40908	0.40721	0.999846	327	0	0.43193	0.19397	0.30848	0.915176	473	1	0.43193
JUP	4	0.40932	0.40879	0.999846	328	1	0.28553	0.34962	0.59348	0.999995	626	2	0.28553
COPG1	4	0.41059	0.41003	0.999846	329	1	0.21546	0.65674	0.82791	0.999995	847	2	0.21546
RPA3	4	0.41311	0.41253	0.999846	330	1	0.40442	0.54877	0.77727	0.999995	792	3	0.40442
ESRP1	4	0.41374	0.41306	0.999846	331	1	0.26876	0.66645	0.83267	0.999995	856	2	0.26876
CADPS	4	0.41437	0.4137	0.999846	332	1	0.23376	0.1565	0.37067	0.917253	418	2	0.23376
GSTP1	4	0.415	0.41433	0.999846	333	1	0.13018	0.57326	0.78889	0.999995	810	2	0.13018
SLC35F3	4	0.41625	0.4155	0.999846	334	1	0.32242	0.36414	0.60842	0.999995	641	2	0.32242
PRSS37	4	0.41938	0.41859	0.999846	335	1	0.28584	0.44748	0.68823	0.999995	713	2	0.28584
FOSL1	3	0.41999	0.41842	0.999846	336	0	0.032579	0.45595	0.63896	0.999995	723	1	0.032579
ABCC3	4	0.42063	0.41999	0.999846	337	1	-0.0324	0.75543	0.878	0.999995	893	1	-0.0324
CAP2	4	0.42125	0.42067	0.999846	338	1	0.046853	0.52656	0.75889	0.999995	780	2	0.046853
RAMP2	4	0.4225	0.42185	0.999846	339	1	0.64823	0.068124	0.1873	0.885341	220	3	0.64823
APOBEC3C	4	0.42436	0.42385	0.999846	340	1	0.27326	0.29061	0.53037	0.972878	574	3	0.27326
MTX1	3	0.42633	0.42477	0.999846	341	0	0.093957	0.073793	0.16976	0.884222	239	1	0.093957
GPSM2	4	0.42745	0.42656	0.999846	342	1	0.64855	0.11528	0.2907	0.9072	334	3	0.64855
IPO7	3	0.42876	0.42701	0.999846	343	0	-0.050857	0.61436	0.76404	0.999995	827	1	-0.050857
MAPK8IP3	4	0.43054	0.42975	0.999846	344	1	0.30843	0.43292	0.67452	0.999995	700	2	0.30843
MPC1	4	0.43177	0.43095	0.999846	345	1	0.060299	0.72433	0.86199	0.999995	885	1	0.060299
COPZ2	4	0.43238	0.43157	0.999846	346	1	0.52165	0.24686	0.48366	0.965748	525	3	0.52165
SOAT1	4	0.43361	0.43275	0.999846	347	1	0.20992	0.31	0.5512	0.98601	592	2	0.20992
RHBDF2	4	0.43483	0.43411	0.999846	348	1	0.30972	0.37969	0.62375	0.999995	653	2	0.30972
RAP1GAP	4	0.43544	0.43472	0.999846	349	1	0.029932	0.9099	0.94888	0.999995	958	1	0.029932
SAR1A	8	0.43728	0.49983	0.999846	350	1	0.3929	0.065738	0.24192	0.889834	214	6	0.3929
HTR2C	4	0.43789	0.43719	0.999846	351	1	0.23883	0.58329	0.79309	0.999995	814	2	0.23883
YIF1A	4	0.4385	0.43771	0.999846	352	1	0.24332	0.72286	0.86125	0.999995	884	2	0.24332
ADAP1	4	0.4391	0.43841	0.999846	353	1	0.066692	0.25212	0.48944	0.965748	534	1	0.066692
KIAA0319	4	0.44153	0.44089	0.999846	354	1	0.38973	0.41625	0.65892	0.999995	679	2	0.38973
SOX9	4	0.44335	0.44279	0.999846	355	1	-0.19751	0.99666	0.99679	0.999995	1030	0	-0.19751
PTF1A	4	0.44396	0.44337	0.999846	356	1	0.25972	0.39141	0.63507	0.999995	665	3	0.25972
EZH1	4	0.44577	0.44522	0.999846	357	1	0.44275	0.14632	0.3517	0.917253	398	2	0.44275
CLCA1	4	0.44697	0.44643	0.999846	358	1	0.16994	0.81615	0.91096	0.999995	921	2	0.16994
TTC7A	8	0.44742	0.50562	0.999846	359	1	0.27207	0.67462	0.91045	0.999995	860	5	0.27207
TPST1	4	0.44757	0.44701	0.999846	360	0	0.53487	0.27083	0.50938	0.970394	552	3	0.53487
DUOX2	4	0.44818	0.44768	0.999846	361	0	0.23651	0.49864	0.73476	0.999995	758	2	0.23651
ARPC5	4	0.44938	0.44871	0.999846	362	0	0.57298	0.23931	0.47545	0.964008	518	3	0.57298
KLF4	4	0.44998	0.44923	0.999846	363	0	0.51222	0.25484	0.49259	0.965748	538	3	0.51222
GSDMD	4	0.45058	0.4498	0.999846	364	0	0.33134	0.14531	0.34981	0.917253	394	2	0.33134
GXYLT2	4	0.45297	0.45241	0.999846	365	0	0.65107	0.10378	0.2673	0.9072	305	3	0.65107
ASCL1	4	0.45356	0.45309	0.999846	366	0	0.23719	0.64707	0.82333	0.999995	839	2	0.23719
FRS2	4	0.45416	0.45369	0.999846	367	0	0.37219	0.21757	0.4507	0.945152	503	3	0.37219
CDK5R1	4	0.45476	0.45425	0.999846	368	0	0.42911	0.42625	0.66824	0.999995	692	2	0.42911
LARP1B	4	0.45535	0.45481	0.999846	369	0	0.23048	0.44	0.68129	0.999995	708	2	0.23048
CRY1	4	0.45654	0.45592	0.999846	370	0	0.15712	0.69309	0.84604	0.999995	867	1	0.15712
GALR3	4	0.45714	0.45642	0.999846	371	0	0.15156	0.79905	0.90155	0.999995	912	2	0.15156
TNR	4	0.45891	0.45843	0.999846	372	0	0.41484	0.41311	0.65603	0.999995	676	3	0.41484
SLC9A3R2	4	0.46069	0.4601	0.999846	373	0	0.0061801	0.89414	0.9449	0.999995	956	1	0.0061801
SPTAN1	4	0.46128	0.46069	0.999846	374	0	0.4354	0.43833	0.67969	0.999995	705	2	0.4354
SOD1	4	0.46187	0.46125	0.999846	375	0	0.019384	0.96458	0.97001	0.999995	986	1	0.019384
S1PR4	4	0.46246	0.46199	0.999846	376	0	0.30339	0.47877	0.71683	0.999995	745	2	0.30339
UTP14C	4	0.46305	0.46264	0.999846	377	0	0.10381	0.19706	0.42741	0.937816	478	2	0.10381
PAX4	4	0.46423	0.4638	0.999846	378	0	0.40493	0.23997	0.47622	0.964008	519	2	0.40493
TAP1	4	0.46481	0.46445	0.999846	379	0	0.49739	0.090184	0.23761	0.889834	276	3	0.49739
RIC8B	4	0.46599	0.46551	0.999846	380	0	0.63336	0.15375	0.36528	0.917253	414	3	0.63336
IDH1	4	0.46716	0.46677	0.999846	381	0	0.94532	0.050026	0.14404	0.881641	168	3	0.94532
RNF144B	4	0.46891	0.46835	0.999846	382	0	0.55327	0.40122	0.64459	0.999995	668	3	0.55327
ZNF284	4	0.4695	0.46892	0.999846	383	0	0.76335	0.11282	0.28562	0.9072	328	3	0.76335
FKBP9	4	0.47124	0.47063	0.999846	384	0	0.45663	0.3452	0.58893	0.999995	623	3	0.45663
LIN28A	3	0.47128	0.46989	0.999846	385	0	0.25963	0.24118	0.45345	0.946874	521	2	0.25963
LIN28B	4	0.47183	0.47111	0.999846	386	0	0.46679	0.20814	0.4399	0.944942	491	2	0.46679
SLC11A2	4	0.47357	0.47275	0.999846	387	0	0.23479	0.66137	0.83023	0.999995	853	2	0.23479
DGAT2L6	4	0.47415	0.47325	0.999846	388	0	0.77946	0.17016	0.39599	0.925721	446	3	0.77946
MYBPHL	4	0.47531	0.47442	0.999846	389	0	0.37869	0.63891	0.81894	0.999995	835	2	0.37869
LIM2	4	0.47646	0.4754	0.999846	390	0	0.031357	0.70416	0.85167	0.999995	876	1	0.031357
CTPS2	4	0.47704	0.476	0.999846	391	0	0.54106	0.21643	0.44935	0.945152	502	3	0.54106
LSM14B	4	0.4782	0.477	0.999846	392	0	0.37739	0.2964	0.53666	0.972878	584	3	0.37739
GBP3	4	0.47877	0.4776	0.999846	393	0	0.14809	0.82158	0.91382	0.999995	922	2	0.14809
LRBA	4	0.4805	0.4795	0.999846	394	0	0.65302	0.16133	0.37951	0.917253	426	3	0.65302
HEATR5A	4	0.48107	0.48009	0.999846	395	0	0.38478	0.45247	0.69272	0.999995	721	2	0.38478
CNOT8	3	0.48135	0.47954	0.999846	396	0	0.48036	0.4291	0.61719	0.999995	695	2	0.48036
CNOT6	4	0.48279	0.48194	0.999846	397	0	0.28823	0.53177	0.76306	0.999995	785	3	0.28823
FOXK1	4	0.48336	0.48244	0.999846	398	0	0.23698	0.59628	0.79908	0.999995	817	2	0.23698
TLN1	4	0.48451	0.4837	0.999846	399	0	0.19313	0.91143	0.94937	0.999995	959	1	0.19313
IRF6	4	0.48508	0.4841	0.999846	400	0	0.67425	0.14468	0.34857	0.917253	392	3	0.67425
EZH2	4	0.48565	0.48457	0.999846	401	0	0.0053268	0.21444	0.44713	0.945101	499	1	0.0053268
MORF4L2	4	0.48622	0.48514	0.999846	402	0	0.19759	0.57198	0.78836	0.999995	809	1	0.19759
TMEM120A	4	0.48679	0.4857	0.999846	403	0	0.26814	0.11185	0.28359	0.9072	324	2	0.26814
SNRPB2	3	0.48723	0.48548	0.999846	404	0	0.39843	0.4307	0.61855	0.999995	698	2	0.39843
PTPN6	4	0.48736	0.48624	0.999846	405	0	0.45591	0.23537	0.47126	0.963731	515	3	0.45591
SPTLC2	4	0.48849	0.48749	0.999846	406	0	0.62433	0.1642	0.38487	0.917253	434	3	0.62433
COQ10B	4	0.48906	0.488	0.999846	407	0	0.25845	0.76507	0.88335	0.999995	901	2	0.25845
SNX2	4	0.49189	0.49103	0.999846	408	0	0.59382	0.16313	0.38283	0.917253	430	3	0.59382
UAP1L1	4	0.49302	0.49216	0.999846	409	0	0.70839	0.11116	0.28213	0.9072	322	3	0.70839
TRPC5	4	0.49358	0.49268	0.999846	410	0	0.23769	0.70763	0.85341	0.999995	877	2	0.23769
TPBG	4	0.49415	0.49317	0.999846	411	0	0.41845	0.24844	0.48536	0.965748	526	3	0.41845
KHSRP	4	0.49471	0.49371	0.999846	412	0	0.35375	0.12211	0.30474	0.911632	352	2	0.35375
PLEK2	4	0.49527	0.49429	0.999846	413	0	0.51419	0.2958	0.53604	0.972878	583	3	0.51419
ZNF185	4	0.4964	0.49543	0.999846	414	0	0.28989	0.25664	0.49446	0.965748	540	2	0.28989
G3BP2	4	0.49696	0.49592	0.999846	415	0	-0.055628	0.88645	0.94307	0.999995	955	1	-0.055628
UNC45B	4	0.49808	0.49698	0.999846	416	0	0.21728	0.95304	0.96406	0.999995	977	1	0.21728
DMXL2	4	0.49864	0.49755	0.999846	417	0	0.15923	0.8361	0.92162	0.999995	935	2	0.15923
MANF	4	0.50031	0.4991	0.999846	418	0	0.22317	0.16473	0.38579	0.917253	436	2	0.22317
TCERG1	4	0.50087	0.49964	0.999846	419	0	0.28369	0.32551	0.56805	0.999206	604	2	0.28369
ZMIZ1	4	0.50198	0.50085	0.999846	420	0	0.03326	0.96318	0.96923	0.999995	983	1	0.03326
DUSP10	4	0.5031	0.50192	0.999846	421	0	0.32025	0.29423	0.53431	0.972878	581	2	0.32025
CYP26C1	4	0.50421	0.50307	0.999846	422	0	0.80125	0.043599	0.12804	0.881641	146	3	0.80125
CAP1	4	0.50587	0.50474	0.999846	423	0	0.055977	0.44697	0.68787	0.999995	711	1	0.055977
DUOX1	4	0.50642	0.5053	0.999846	424	0	0.60642	0.084047	0.2236	0.889834	262	3	0.60642
CRY2	4	0.50753	0.50655	0.999846	425	0	0.15014	0.6052	0.80309	0.999995	822	2	0.15014
CAVIN1	4	0.50808	0.50711	0.999846	426	0	0.41577	0.3596	0.60357	0.999995	633	3	0.41577
BECN1	4	0.50918	0.50813	0.999846	427	0	0.35521	0.78327	0.89323	0.999995	907	2	0.35521
SRI	4	0.51083	0.5097	0.999846	428	0	0.56314	0.26753	0.50608	0.970394	549	3	0.56314
CLTA	4	0.51138	0.51027	0.999846	429	0	0.29976	0.48818	0.72528	0.999995	750	3	0.29976
KCNG4	4	0.51575	0.51472	0.999846	430	0	0.54804	0.4232	0.66548	0.999995	689	3	0.54804
RALGPS1	4	0.51684	0.51562	0.999846	431	0	0.73994	0.069754	0.19123	0.885341	227	3	0.73994
ZEB1	4	0.51847	0.51736	0.999846	432	0	0.1647	0.83843	0.92283	0.999995	936	1	0.1647
CAPN2	4	0.51901	0.51794	0.999846	433	0	0.50958	0.34777	0.59161	0.999995	625	3	0.50958
PTPN11	4	0.52064	0.51979	0.999846	434	0	0.072016	0.28406	0.52346	0.972878	569	1	0.072016
SPATA21	4	0.52118	0.52034	0.999846	435	0	0.38262	0.52709	0.75942	0.999995	782	2	0.38262
AQP8	4	0.52172	0.52085	0.999846	436	0	0.96533	0.027863	0.085748	0.881641	100	3	0.96533
PLXDC1	8	0.52194	0.55237	0.999846	437	1	0.43148	0.32076	0.66164	0.999995	596	6	0.43148
FSD1L	4	0.52226	0.52134	0.999846	438	0	0.32991	0.19586	0.42606	0.937816	475	2	0.32991
MAK	4	0.5228	0.522	0.999846	439	0	1.2367	0.00011245	0.00050954	0.269802	2	3	1.2367
SLC17A2	4	0.52387	0.52306	0.999846	440	0	0.57061	0.10927	0.27822	0.9072	315	3	0.57061
BRSK2	4	0.52441	0.52366	0.999846	441	0	0.2005	0.80755	0.90639	0.999995	915	2	0.2005
PTPN21	4	0.52549	0.52484	0.999846	442	0	0.35094	0.46021	0.69975	0.999995	728	3	0.35094
RB1	4	0.52656	0.52582	0.999846	443	0	0.32463	0.42202	0.66431	0.999995	684	3	0.32463
SUV39H1	4	0.52816	0.52731	0.999846	444	0	0.32417	0.15815	0.37352	0.917253	423	2	0.32417
EP300	4	0.5287	0.5278	0.999846	445	0	0.23201	0.83351	0.92023	0.999995	931	2	0.23201
GABPB1	4	0.53189	0.53111	0.999846	446	0	0.34262	0.60148	0.80141	0.999995	820	2	0.34262
MRPL55	4	0.53296	0.53214	0.999846	447	0	0.50806	0.039304	0.11668	0.881641	134	3	0.50806
FOXE3	4	0.53402	0.53309	0.999846	448	0	0.22143	0.38882	0.63254	0.999995	663	2	0.22143
PHLDA2	4	0.53454	0.53375	0.999846	449	0	0.1894	0.67972	0.8392	0.999995	862	2	0.1894
ATP7A	4	0.53507	0.53429	0.999846	450	0	-0.033955	0.16637	0.3889	0.917253	442	1	-0.033955
MMD2	4	0.5356	0.5348	0.999846	451	0	0.38962	0.51427	0.74846	0.999995	768	2	0.38962
SAR1B	4	0.53613	0.53531	0.999846	452	0	0.67342	0.16364	0.38374	0.917253	431	3	0.67342
CLDN4	4	0.53824	0.53726	0.999846	453	0	0.3179	0.37996	0.62403	0.999995	654	2	0.3179
GLIS3	4	0.53876	0.53792	0.999846	454	0	0.75339	0.067385	0.18557	0.885341	216	3	0.75339
SEPHS2	4	0.53929	0.53848	0.999846	455	0	-0.017222	0.96389	0.96962	0.999995	984	1	-0.017222
SLC10A2	4	0.53981	0.53901	0.999846	456	0	0.22371	0.79933	0.90167	0.999995	913	2	0.22371
SPATA16	4	0.54138	0.54043	0.999846	457	0	0.12658	0.44396	0.68488	0.999995	709	1	0.12658
DCAF8L1	4	0.54191	0.54089	0.999846	458	0	0.37874	0.031996	0.096995	0.881641	110	2	0.37874
KRT25	4	0.54243	0.54136	0.999846	459	0	0.48192	0.17859	0.4062	0.92768	458	3	0.48192
POLR2F	4	0.54295	0.5419	0.999846	460	0	0.23814	0.94944	0.96235	0.999995	975	1	0.23814
ERH	4	0.54347	0.54236	0.999846	461	0	0.80204	0.23806	0.47415	0.964008	517	3	0.80204
FXR2	4	0.54504	0.544	0.999846	462	0	0.17741	0.56598	0.78556	0.999995	803	2	0.17741
RPL3L	4	0.54555	0.54452	0.999846	463	0	0.83796	0.052954	0.1512	0.881641	176	3	0.83796
AP1G2	4	0.54607	0.54516	0.999846	464	0	0.72257	0.12784	0.31604	0.917253	358	3	0.72257
RNF130	4	0.54659	0.54573	0.999846	465	0	0.38144	0.27673	0.51561	0.970394	562	3	0.38144
MORF4L1	3	0.54782	0.54657	0.999846	466	0	0.42435	0.51686	0.68761	0.999995	771	2	0.42435
HMGCS2	4	0.54815	0.54738	0.999846	467	0	0.36855	0.28619	0.52591	0.972878	570	2	0.36855
RBMX	3	0.54824	0.54698	0.999846	468	0	0.63015	0.25307	0.4714	0.963731	535	2	0.63015
IPO8	4	0.54918	0.54831	0.999846	469	0	0.55425	0.090454	0.2382	0.889834	279	3	0.55425
ITSN2	4	0.5497	0.54882	0.999846	470	0	1.2626	0.00075872	0.0029497	0.616527	3	3	1.2626
ULK1	4	0.55073	0.54993	0.999846	471	0	0.24741	0.55993	0.78283	0.999995	799	2	0.24741
SIN3B	4	0.55227	0.55153	0.999846	472	0	0.32525	0.45829	0.69802	0.999995	726	2	0.32525
MED31	4	0.55279	0.55217	0.999846	473	0	0.35512	0.42281	0.6651	0.999995	687	3	0.35512
SMAP1	4	0.55432	0.55377	0.999846	474	0	0.12713	0.82964	0.91828	0.999995	927	1	0.12713
XRCC4	4	0.55535	0.55498	0.999846	475	0	0.28259	0.66135	0.8302	0.999995	852	2	0.28259
NCKAP1L	4	0.55586	0.55561	0.999846	476	0	0.83639	0.042189	0.12419	0.881641	142	3	0.83639
LIMK2	4	0.55688	0.5567	0.999846	477	0	0.68535	0.074341	0.20232	0.885341	242	3	0.68535
UBASH3B	4	0.55739	0.55721	0.999846	478	0	0.26016	0.30072	0.54143	0.976782	587	2	0.26016
RPL21	2	0.55748	0.55689	0.999846	479	0	0.41703	0.70009	0.73502	0.999995	871	1	0.41703
PACS2	4	0.5579	0.5577	0.999846	480	0	0.81647	0.049244	0.1422	0.881641	164	3	0.81647
GALNT5	4	0.55841	0.55839	0.999846	481	0	0.24395	0.69231	0.84562	0.999995	866	1	0.24395
HMSD	4	0.55891	0.55894	0.999846	482	0	0.76798	0.11094	0.28163	0.9072	320	3	0.76798
IMPDH1	4	0.56044	0.5607	0.999846	483	0	0.27676	0.84699	0.92775	0.999995	942	2	0.27676
CHRNB3	4	0.56196	0.56218	0.999846	484	0	0.8812	0.036972	0.11025	0.881641	125	3	0.8812
SEC11C	4	0.56297	0.56315	0.999846	485	0	0.69046	0.19639	0.42668	0.937816	477	3	0.69046
PACS1	4	0.56397	0.56421	0.999846	486	0	0.29024	0.46599	0.70515	0.999995	732	2	0.29024
PPP3CA	4	0.56799	0.56835	0.999846	487	0	0.56045	0.07168	0.19617	0.885341	230	3	0.56045
AP1G1	4	0.56849	0.56886	0.999846	488	0	0.28829	0.34963	0.59348	0.999995	627	2	0.28829
MYH7	4	0.56899	0.56945	0.999846	489	0	0.14275	0.86527	0.93828	0.999995	949	2	0.14275
NSG1	4	0.56949	0.56989	0.999846	490	0	0.49207	0.176	0.40313	0.926675	454	3	0.49207
L3MBTL2	4	0.56999	0.57034	0.999846	491	0	0.41425	0.41582	0.65856	0.999995	678	2	0.41425
TTC23	4	0.57098	0.57123	0.999846	492	0	0.68697	0.12945	0.31931	0.917253	361	3	0.68697
IPO5	4	0.57148	0.57168	0.999846	493	0	0.28317	0.29351	0.53341	0.972878	579	2	0.28317
TUBB2B	2	0.57326	0.57257	0.999846	494	0	0.63218	0.065314	0.11424	0.881641	212	1	0.63218
ARID4A	4	0.57594	0.57609	0.999846	495	0	0.16937	0.81367	0.90989	0.999995	919	2	0.16937
NET1	4	0.57643	0.57653	0.999846	496	0	0.1661	0.71894	0.85911	0.999995	883	2	0.1661
DDX39B	4	0.57742	0.57749	0.999846	497	0	0.70874	0.0038969	0.013814	0.687258	20	3	0.70874
MTA1	4	0.57791	0.57792	0.999846	498	0	0.14753	0.61359	0.80668	0.999995	826	1	0.14753
GXYLT1	4	0.57938	0.5794	0.999846	499	0	0.23505	0.47704	0.71529	0.999995	743	2	0.23505
CHSY1	4	0.57987	0.57989	0.999846	500	0	0.70383	0.081447	0.21776	0.889834	254	3	0.70383
FKBP4	4	0.58036	0.58037	0.999846	501	0	0.37002	0.35167	0.59554	0.999995	630	3	0.37002
GPSM1	4	0.58134	0.5813	0.999846	502	0	0.47974	0.37876	0.62278	0.999995	652	3	0.47974
CHM	4	0.58231	0.58213	0.999846	503	0	0.74433	0.14869	0.35612	0.917253	402	3	0.74433
CAND2	4	0.5828	0.58263	0.999846	504	0	0.71388	0.010499	0.03441	0.881641	41	2	0.71388
RNF20	4	0.58669	0.5867	0.999846	505	0	0.48933	0.2815	0.52066	0.972454	567	3	0.48933
FOXA1	4	0.58717	0.58718	0.999846	506	0	0.71449	0.035893	0.10714	0.881641	122	3	0.71449
QSOX1	4	0.58765	0.58774	0.999846	507	0	0.19089	0.69868	0.84898	0.999995	870	2	0.19089
PDGFD	4	0.58814	0.58818	0.999846	508	0	0.26819	0.0079555	0.026697	0.856736	33	2	0.26819
SUV39H2	3	0.58999	0.58899	0.999846	509	0	0.71371	0.11324	0.24664	0.89557	329	2	0.71371
SPOP	4	0.59006	0.59	0.999846	510	0	0.40871	0.33887	0.58235	0.999995	616	2	0.40871
TBK1	4	0.59054	0.59046	0.999846	511	0	0.59116	0.38704	0.6308	0.999995	662	3	0.59116
PIP4P2	4	0.59246	0.59234	0.999846	512	0	0.38453	0.52362	0.75643	0.999995	777	2	0.38453
RUNX1	4	0.59485	0.59464	0.999846	513	0	0.37906	0.14937	0.35737	0.917253	404	2	0.37906
MOGAT2	4	0.59533	0.59504	0.999846	514	0	0.29563	0.64818	0.82377	0.999995	841	2	0.29563
AP3M1	4	0.5958	0.59561	0.999846	515	0	0.3137	0.50291	0.73857	0.999995	762	3	0.3137
MTMR3	4	0.59628	0.59608	0.999846	516	0	0.33082	0.52849	0.76043	0.999995	784	2	0.33082
RSC1A1	4	0.59676	0.59657	0.999846	517	0	0.82496	0.022802	0.071406	0.881641	79	3	0.82496
ADARB2	4	0.59723	0.59698	0.999846	518	0	0.47996	0.27915	0.51822	0.971322	565	3	0.47996
RNF113B	4	0.59865	0.59837	0.999846	519	0	0.22088	0.74096	0.8703	0.999995	890	2	0.22088
RNF10	4	0.5996	0.59937	0.999846	520	0	0.76135	0.082499	0.22002	0.889834	259	3	0.76135
CCNT1	4	0.60007	0.59982	0.999846	521	0	0.61298	0.11269	0.28541	0.9072	326	3	0.61298
HEATR5B	4	0.60196	0.60148	0.999846	522	0	0.64283	0.020031	0.063057	0.881641	68	3	0.64283
VRTN	4	0.6029	0.60231	0.999846	523	0	0.786	0.045088	0.13189	0.881641	151	3	0.786
YIPF5	4	0.60336	0.60279	0.999846	524	0	0.6532	0.15107	0.36038	0.917253	408	3	0.6532
NOX3	4	0.6043	0.60373	0.999846	525	0	0.29421	0.5497	0.77781	0.999995	794	2	0.29421
ATOH1	4	0.60477	0.60415	0.999846	526	0	0.25174	0.50365	0.73929	0.999995	763	2	0.25174
ENOX1	4	0.60571	0.60505	0.999846	527	0	0.8047	0.13929	0.33801	0.917253	374	3	0.8047
SAMD4B	4	0.60617	0.60544	0.999846	528	0	0.69481	0.14179	0.3431	0.917253	383	3	0.69481
RIMKLB	3	0.60723	0.60704	0.999846	529	0	0.49009	0.24966	0.46658	0.963731	528	2	0.49009
PSMB9	4	0.60943	0.60856	0.999846	530	0	0.36089	0.42992	0.67166	0.999995	697	3	0.36089
CSTF2T	4	0.60989	0.60902	0.999846	531	0	0.55034	0.2542	0.49177	0.965748	537	3	0.55034
TPRX1	4	0.61082	0.61	0.999846	532	0	0.4712	0.47646	0.71463	0.999995	742	3	0.4712
BTG1	4	0.61174	0.61084	0.999846	533	0	0.2231	0.65463	0.82694	0.999995	846	2	0.2231
SLC25A15	4	0.61267	0.61172	0.999846	534	0	0.30751	0.43483	0.67643	0.999995	703	3	0.30751
PSEN1	4	0.61313	0.61215	0.999846	535	0	0.36864	0.47313	0.71169	0.999995	739	3	0.36864
CDK16	4	0.61405	0.61296	0.999846	536	0	0.83534	0.019442	0.061262	0.881641	66	3	0.83534
ZAP70	4	0.61496	0.61385	0.999846	537	0	0.44957	0.30794	0.54913	0.983976	591	3	0.44957
SLC22A8	4	0.61542	0.61426	0.999846	538	0	0.57042	0.056097	0.15919	0.884222	188	2	0.57042
DGKZ	3	0.61585	0.61584	0.999846	539	0	0.20808	0.833	0.88044	0.999995	930	1	0.20808
EPS15	4	0.6168	0.61561	0.999846	540	0	0.4259	0.55502	0.78028	0.999995	796	2	0.4259
OSBPL6	4	0.61817	0.61717	0.999846	541	0	0.57879	0.26539	0.50398	0.970394	545	3	0.57879
ADM	4	0.61862	0.61763	0.999846	542	0	0.46465	0.2672	0.50579	0.970394	548	3	0.46465
H2AFX	4	0.61908	0.61805	0.999846	543	0	0.50376	0.38332	0.6274	0.999995	657	3	0.50376
ERO1B	4	0.61953	0.61848	0.999846	544	0	0.14519	0.29279	0.53269	0.972878	578	1	0.14519
RP1	4	0.62044	0.61934	0.999846	545	0	0.30462	0.30287	0.54374	0.97928	588	2	0.30462
RCBTB1	4	0.62135	0.62027	0.999846	546	0	0.54042	0.18505	0.41385	0.936479	463	2	0.54042
ZG16	4	0.62225	0.62134	0.999846	547	0	0.56275	0.055596	0.15774	0.883834	187	3	0.56275
EPHA3	4	0.62271	0.6219	0.999846	548	0	0.72278	0.14363	0.34688	0.917253	387	3	0.72278
SERPINA11	4	0.62361	0.62279	0.999846	549	0	0.52173	0.15319	0.36431	0.917253	413	3	0.52173
GMPR2	4	0.62496	0.62421	0.999846	550	0	0.19863	0.16309	0.3828	0.917253	429	2	0.19863
JAG2	4	0.62541	0.62461	0.999846	551	0	0.26192	0.63915	0.81902	0.999995	836	2	0.26192
LSM14A	4	0.62586	0.62519	0.999846	552	0	0.87873	0.056263	0.15958	0.884222	189	3	0.87873
TIMM23	4	0.62676	0.6261	0.999846	553	0	0.31941	0.75964	0.88024	0.999995	896	2	0.31941
DDI1	8	0.62805	0.633	0.999846	554	1	0.67437	0.055104	0.21315	0.889834	184	7	0.67437
GSX1	4	0.6281	0.62734	0.999846	555	0	0.30502	0.50031	0.73633	0.999995	759	3	0.30502
LIMK1	4	0.62855	0.62785	0.999846	556	0	0.64313	0.12098	0.30214	0.910933	347	3	0.64313
RPS7	1	0.63072	0.63332	0.999846	557	0	0.62927	0.36928	0.36988	0.917253	645	1	0.62927
NLRP8	4	0.63078	0.63009	0.999846	558	0	0.54848	0.20586	0.43736	0.94479	488	3	0.54848
SLC25A24	4	0.63122	0.63045	0.999846	559	0	0.55895	0.04466	0.13065	0.881641	150	2	0.55895
CWF19L1	4	0.63211	0.63127	0.999846	560	0	0.24362	0.8264	0.91639	0.999995	924	2	0.24362
PCDH1	4	0.63255	0.63165	0.999846	561	0	0.61536	0.18331	0.41182	0.933863	462	3	0.61536
ADARB1	4	0.63299	0.63212	0.999846	562	0	0.89162	0.032169	0.097556	0.881641	111	3	0.89162
STRADA	4	0.63388	0.63293	0.999846	563	0	0.1441	0.85868	0.9343	0.999995	947	2	0.1441
SLC32A1	4	0.63476	0.63386	0.999846	564	0	0.40058	0.33557	0.57883	0.999995	610	2	0.40058
ERC2	4	0.6352	0.63429	0.999846	565	0	0.39037	0.62917	0.81451	0.999995	830	2	0.39037
IRF8	4	0.63564	0.63476	0.999846	566	0	0.30179	0.40679	0.65007	0.999995	673	2	0.30179
POU4F2	4	0.63696	0.63591	0.999846	567	0	0.12984	0.23307	0.46842	0.963731	512	2	0.12984
ELL2	4	0.63959	0.63858	0.999846	568	0	0.67247	0.076111	0.20648	0.889834	243	3	0.67247
CABP5	4	0.64177	0.64083	0.999846	569	0	0.28832	0.79876	0.90147	0.999995	911	2	0.28832
GOLPH3	4	0.64264	0.64184	0.999846	570	0	0.2532	0.54822	0.77684	0.999995	791	2	0.2532
CCND3	4	0.64307	0.64232	0.999846	571	0	0.36954	0.3276	0.57037	0.999206	605	3	0.36954
GRIP1	4	0.6435	0.6428	0.999846	572	0	0.28726	0.54047	0.77012	0.999995	788	3	0.28726
SBF2	3	0.64556	0.64447	0.999846	573	0	0.8336	0.10749	0.23618	0.889834	312	2	0.8336
WAS	4	0.64695	0.6465	0.999846	574	0	0.48805	0.19357	0.42339	0.937816	472	3	0.48805
SIRPA	3	0.64697	0.64585	0.999846	575	0	0.4683	0.04882	0.11664	0.881641	162	2	0.4683
MTUS2	4	0.64738	0.64688	0.999846	576	0	0.25087	0.54702	0.77574	0.999995	790	2	0.25087
SHMT2	4	0.64781	0.64719	0.999846	577	0	0.31709	0.64695	0.82329	0.999995	838	2	0.31709
GRHL3	4	0.64867	0.64796	0.999846	578	0	0.35649	0.48352	0.72129	0.999995	747	2	0.35649
KRT74	4	0.64995	0.64928	0.999846	579	0	0.95216	0.031549	0.095798	0.881641	108	3	0.95216
TGM6	4	0.65038	0.64973	0.999846	580	0	0.26809	0.76854	0.8853	0.999995	903	2	0.26809
TBR1	4	0.65209	0.65149	0.999846	581	0	0.71144	0.14156	0.34272	0.917253	382	3	0.71144
TCF3	4	0.65378	0.65323	0.999846	582	0	0.38765	0.37371	0.61821	0.999995	648	3	0.38765
POU5F2	4	0.65421	0.65352	0.999846	583	0	0.60611	0.11815	0.29607	0.9073	343	3	0.60611
MAT2A	4	0.65505	0.65428	0.999846	584	0	0.18677	0.36312	0.6074	0.999995	639	2	0.18677
CTSZ	4	0.65548	0.65467	0.999846	585	0	0.25949	0.65919	0.82914	0.999995	850	2	0.25949
LATS1	4	0.6559	0.65511	0.999846	586	0	0.70721	0.029559	0.090479	0.881641	101	3	0.70721
NAA11	4	0.65674	0.65603	0.999846	587	0	0.37748	0.44956	0.68998	0.999995	717	2	0.37748
SEC31B	4	0.658	0.65735	0.999846	588	0	0.30774	0.56733	0.78635	0.999995	805	2	0.30774
PTTG1	3	0.6581	0.65747	0.999846	589	0	0.30518	0.57385	0.73215	0.999995	811	2	0.30518
CDK5R2	4	0.65842	0.65773	0.999846	590	0	0.12935	0.97481	0.97617	0.999995	992	1	0.12935
DMXL1	4	0.65926	0.65859	0.999846	591	0	0.28354	0.61542	0.80767	0.999995	828	2	0.28354
CYP2A6	4	0.6601	0.65935	0.999846	592	0	0.61572	0.049236	0.14217	0.881641	163	2	0.61572
TFDP3	4	0.66051	0.65971	0.999846	593	0	0.46896	0.34264	0.58623	0.999995	620	3	0.46896
G3BP1	4	0.66176	0.66091	0.999846	594	0	0.26234	0.95992	0.96751	0.999995	982	1	0.26234
TRIM25	4	0.66384	0.66296	0.999846	595	0	0.40407	0.035655	0.10652	0.881641	121	2	0.40407
TANC1	4	0.66508	0.66427	0.999846	596	0	0.45187	0.44698	0.68788	0.999995	712	3	0.45187
EFR3B	4	0.66591	0.66504	0.999846	597	0	0.32881	0.19627	0.42656	0.937816	476	3	0.32881
RBPJ	4	0.66632	0.6654	0.999846	598	0	0.61767	0.097373	0.25379	0.9072	293	3	0.61767
CD163L1	4	0.66673	0.66596	0.999846	599	0	0.92973	0.025251	0.078409	0.881641	90	3	0.92973
RYBP	3	0.66765	0.66723	0.999846	600	0	1.3414	0.030905	0.076258	0.881641	106	2	1.3414
RHOT2	4	0.66838	0.66762	0.999846	601	0	0.41077	0.4586	0.69837	0.999995	727	3	0.41077
ESRP2	4	0.6692	0.66839	0.999846	602	0	0.302	0.44757	0.68827	0.999995	714	3	0.302
ATP6V1B1	4	0.66961	0.66873	0.999846	603	0	0.53053	0.435	0.67652	0.999995	704	3	0.53053
YBX3	4	0.67042	0.66949	0.999846	604	0	0.50013	0.17947	0.4073	0.92768	459	3	0.50013
ACACB	4	0.67124	0.67031	0.999846	605	0	0.4528	0.11013	0.2799	0.9072	317	3	0.4528
GRM4	4	0.67205	0.67115	0.999846	606	0	0.55931	0.061362	0.172	0.885341	203	2	0.55931
RNF38	4	0.67287	0.67197	0.999846	607	0	0.57973	0.27315	0.51175	0.970394	556	3	0.57973
VIM	4	0.67327	0.67238	0.999846	608	0	0.55371	0.23681	0.47294	0.964008	516	3	0.55371
SEC31A	4	0.67368	0.67281	0.999846	609	0	0.34278	0.56059	0.78315	0.999995	800	2	0.34278
IL6ST	4	0.6753	0.6745	0.999846	610	0	0.32406	0.58717	0.79497	0.999995	816	2	0.32406
APH1B	4	0.6757	0.67494	0.999846	611	0	0.49337	0.27304	0.51163	0.970394	555	2	0.49337
KCNT1	4	0.6761	0.67535	0.999846	612	0	0.19603	0.93584	0.9571	0.999995	966	1	0.19603
DEGS2	4	0.67891	0.67794	0.999846	613	0	0.2466	0.52102	0.75428	0.999995	775	3	0.2466
NCOR2	4	0.67971	0.67878	0.999846	614	0	0.41535	0.48614	0.72359	0.999995	748	3	0.41535
KCNMB3	4	0.68011	0.67923	0.999846	615	0	0.25292	0.5442	0.77323	0.999995	789	3	0.25292
UTRN	4	0.68131	0.68041	0.999846	616	0	0.69899	0.20552	0.43699	0.94479	486	3	0.69899
SPTLC3	4	0.68171	0.68081	0.999846	617	0	0.40737	0.35977	0.60376	0.999995	634	3	0.40737
NCK2	4	0.6829	0.68196	0.999846	618	0	0.43375	0.34191	0.58547	0.999995	618	3	0.43375
FLNC	4	0.6833	0.68233	0.999846	619	0	0.32851	0.42911	0.67098	0.999995	696	3	0.32851
UNC45A	4	0.68409	0.68312	0.999846	620	0	0.65752	0.2571	0.4949	0.965748	541	3	0.65752
IFIH1	4	0.68448	0.68351	0.999846	621	0	0.54407	0.030162	0.092087	0.881641	103	2	0.54407
IKBKE	4	0.68567	0.68487	0.999846	622	0	0.64702	0.1652	0.38671	0.917253	438	3	0.64702
ALDOC	4	0.68606	0.68533	0.999846	623	0	0.22944	0.65842	0.82871	0.999995	849	1	0.22944
SLC9A3R1	4	0.68646	0.68567	0.999846	624	0	0.25877	0.76443	0.88307	0.999995	900	2	0.25877
ARFGEF2	4	0.68685	0.6861	0.999846	625	0	0.52683	0.35418	0.59816	0.999995	631	3	0.52683
CHML	4	0.68842	0.68786	0.999846	626	0	0.98576	0.027626	0.08514	0.881641	99	3	0.98576
TSTD1	4	0.68881	0.68826	0.999846	627	0	0.57566	0.16877	0.39351	0.922358	444	3	0.57566
LIF	4	0.69037	0.68971	0.999846	628	0	0.70562	0.13989	0.33928	0.917253	377	3	0.70562
SEC23A	4	0.6927	0.69217	0.999846	629	0	0.27114	0.62992	0.81487	0.999995	831	2	0.27114
EPC2	4	0.69309	0.69258	0.999846	630	0	0.36291	0.26264	0.50103	0.970394	543	2	0.36291
SAMD4A	4	0.69348	0.69299	0.999846	631	0	0.42443	0.45058	0.6909	0.999995	719	3	0.42443
PDX1	4	0.69386	0.69327	0.999846	632	0	0.52288	0.32135	0.56346	0.999206	597	3	0.52288
RING1	4	0.69425	0.69358	0.999846	633	0	0.33981	0.12126	0.30277	0.910933	348	2	0.33981
RBBP7	4	0.69463	0.69389	0.999846	634	0	0.38502	0.51524	0.74921	0.999995	769	3	0.38502
FZD8	4	0.69502	0.69421	0.999846	635	0	0.34879	0.38412	0.62812	0.999995	659	3	0.34879
OSMR	4	0.69617	0.69555	0.999846	636	0	0.41229	0.28771	0.52738	0.972878	572	3	0.41229
GBX1	4	0.69656	0.69596	0.999846	637	0	0.53182	0.024646	0.076744	0.881641	87	3	0.53182
RHOT1	4	0.69694	0.69639	0.999846	638	0	0.48267	0.35034	0.59418	0.999995	628	3	0.48267
UNC119B	4	0.69771	0.69706	0.999846	639	0	0.41199	0.53616	0.76669	0.999995	787	3	0.41199
CELA2A	4	0.69847	0.69781	0.999846	640	0	0.2483	0.66632	0.8326	0.999995	855	2	0.2483
GIT2	4	0.69885	0.69821	0.999846	641	0	0.45746	0.70076	0.85001	0.999995	872	2	0.45746
SYK	4	0.69962	0.69915	0.999846	642	0	0.67418	0.14979	0.35809	0.917253	406	3	0.67418
PSEN2	4	0.70038	0.70004	0.999846	643	0	0.62368	0.17372	0.40049	0.926337	451	3	0.62368
EAF1	4	0.70076	0.7003	0.999846	644	0	0.30739	0.71037	0.85486	0.999995	879	2	0.30739
UCHL5	4	0.70152	0.701	0.999846	645	0	0.22265	0.55432	0.77993	0.999995	795	2	0.22265
XPR1	4	0.70416	0.70363	0.999846	646	0	0.3283	0.72652	0.86309	0.999995	886	2	0.3283
MYBL2	4	0.70454	0.70397	0.999846	647	0	0.39306	0.27096	0.50947	0.970394	553	2	0.39306
AOX1	4	0.70566	0.70484	0.999846	648	0	0.59029	0.20067	0.43124	0.94148	484	3	0.59029
TUBB4B	8	0.70594	0.7047	0.999846	649	0	0.6015	0.022673	0.10925	0.881641	78	7	0.6015
TRPC7	4	0.70716	0.70635	0.999846	650	0	0.62049	0.27415	0.51304	0.970394	558	3	0.62049
KIT	8	0.70787	0.70666	0.999846	651	0	0.52856	0.0087516	0.04807	0.881641	35	7	0.52856
MDM4	4	0.70791	0.70701	0.999846	652	0	0.24082	0.94305	0.95969	0.999995	971	1	0.24082
ITSN1	4	0.70903	0.7083	0.999846	653	0	0.6471	0.24622	0.48287	0.965748	524	3	0.6471
SBNO2	4	0.71014	0.70954	0.999846	654	0	0.61233	0.20736	0.43894	0.94479	490	3	0.61233
TMEM30A	4	0.71088	0.71021	0.999846	655	0	0.55584	0.28056	0.51972	0.972405	566	3	0.55584
PPP3R2	4	0.71162	0.7109	0.999846	656	0	0.20852	0.84273	0.92517	0.999995	938	2	0.20852
NCK1	4	0.71383	0.71319	0.999846	657	0	0.63547	0.17707	0.40427	0.926675	457	3	0.63547
RAD17	3	0.71427	0.71525	0.999846	658	0	0.34196	0.37067	0.57077	0.999206	647	2	0.34196
KIAA0319L	4	0.71457	0.71384	0.999846	659	0	0.13443	0.98145	0.98148	0.999995	1002	1	0.13443
CADPS2	4	0.71493	0.71427	0.999846	660	0	0.93587	0.057963	0.16395	0.884222	193	3	0.93587
TXNDC8	4	0.7153	0.71461	0.999846	661	0	0.96862	0.027454	0.084673	0.881641	98	3	0.96862
DYNC1LI2	4	0.71603	0.71534	0.999846	662	0	0.58392	0.29408	0.53413	0.972878	580	3	0.58392
TNKS2	4	0.71639	0.71569	0.999846	663	0	0.52561	0.32171	0.56387	0.999206	598	3	0.52561
CCNL2	4	0.71676	0.71604	0.999846	664	0	0.47879	0.098898	0.25715	0.9072	297	3	0.47879
GOLPH3L	4	0.71749	0.71675	0.999846	665	0	0.64746	0.25313	0.49059	0.965748	536	3	0.64746
YIF1B	4	0.71785	0.717	0.999846	666	0	0.37454	0.36146	0.60557	0.999995	636	3	0.37454
MYD88	4	0.71894	0.7182	0.999846	667	0	0.52085	0.26918	0.50771	0.970394	551	3	0.52085
CYFIP1	4	0.7193	0.71859	0.999846	668	0	0.59428	0.0032816	0.011729	0.654768	18	3	0.59428
RPRD1A	4	0.71966	0.71902	0.999846	669	0	0.55708	0.25061	0.48768	0.965748	531	3	0.55708
SHMT1	4	0.72111	0.72047	0.999846	670	0	0.34174	0.43916	0.68048	0.999995	706	2	0.34174
SAP30L	4	0.72147	0.7208	0.999846	671	0	0.30322	0.47435	0.71279	0.999995	741	3	0.30322
SHCBP1L	4	0.72183	0.72122	0.999846	672	0	0.86337	0.091756	0.24099	0.889834	282	3	0.86337
FLT1	4	0.7229	0.72241	0.999846	673	0	0.59363	0.10158	0.26288	0.9072	300	3	0.59363
SS18L1	4	0.72469	0.72429	0.999846	674	0	0.35901	0.3948	0.63847	0.999995	666	3	0.35901
CDK19	8	0.7253	0.72428	0.999846	675	0	0.83916	0.064244	0.23797	0.889834	209	7	0.83916
MED12L	4	0.72576	0.7255	0.999846	676	0	0.43923	0.40873	0.65193	0.999995	675	3	0.43923
TAF9	4	0.72683	0.72652	0.999846	677	0	0.79248	0.063244	0.17627	0.885341	207	3	0.79248
FBLN1	4	0.72789	0.72757	0.999846	678	0	0.31556	0.57916	0.79145	0.999995	812	2	0.31556
EFR3A	4	0.7293	0.72894	0.999846	679	0	0.45691	0.35875	0.60275	0.999995	632	2	0.45691
ULK2	4	0.72965	0.72933	0.999846	680	0	0.74584	0.068012	0.18706	0.885341	219	3	0.74584
SIX6	4	0.73036	0.73016	0.999846	681	0	0.68745	0.16246	0.38141	0.917253	428	3	0.68745
AKAP11	4	0.73106	0.73072	0.999846	682	0	0.38583	0.29468	0.53484	0.972878	582	2	0.38583
PMM1	4	0.73141	0.731	0.999846	683	0	0.37614	0.2323	0.46754	0.963731	511	2	0.37614
PAPSS2	4	0.73176	0.73132	0.999846	684	0	0.53585	0.19734	0.42773	0.937816	479	3	0.53585
EAF2	4	0.73211	0.73166	0.999846	685	0	0.58042	0.13871	0.33688	0.917253	372	3	0.58042
HACD1	4	0.73385	0.7335	0.999846	686	0	0.3613	0.48206	0.71985	0.999995	746	3	0.3613
VANGL1	4	0.7342	0.73393	0.999846	687	0	0.55699	0.0060879	0.02077	0.836634	27	3	0.55699
ARSJ	4	0.73489	0.73468	0.999846	688	0	0.28079	0.65758	0.82828	0.999995	848	2	0.28079
ATAD2	4	0.73628	0.73588	0.999846	689	0	0.70386	0.19021	0.41964	0.937816	468	3	0.70386
CRKL	4	0.73697	0.7365	0.999846	690	0	0.45765	0.33211	0.57522	0.999995	609	3	0.45765
BTBD11	4	0.738	0.73763	0.999846	691	0	0.41804	0.26039	0.49852	0.970394	542	3	0.41804
TBPL2	4	0.73903	0.73871	0.999846	692	0	0.32761	0.22379	0.45778	0.948703	510	3	0.32761
FAM50B	4	0.73937	0.73905	0.999846	693	0	0.65879	0.20673	0.43832	0.94479	489	3	0.65879
COX6B2	4	0.73972	0.73937	0.999846	694	0	0.34693	0.18987	0.41932	0.937816	467	3	0.34693
ERN1	4	0.7404	0.73997	0.999846	695	0	0.67689	0.10323	0.26619	0.9072	304	3	0.67689
CHUK	8	0.74067	0.73972	0.999846	696	0	0.24718	0.061192	0.22961	0.889834	202	4	0.24718
IL6R	4	0.74108	0.74063	0.999846	697	0	0.83838	0.063819	0.17774	0.885341	208	3	0.83838
LOR	4	0.74312	0.74262	0.999846	698	0	0.36923	0.40407	0.6474	0.999995	670	3	0.36923
SUSD1	4	0.74447	0.74397	0.999846	699	0	0.29402	0.0098205	0.032297	0.881641	39	2	0.29402
LRFN1	4	0.74481	0.74426	0.999846	700	0	0.49074	0.33754	0.58097	0.999995	613	3	0.49074
KLF5	4	0.74515	0.7447	0.999846	701	0	0.33393	0.52267	0.7556	0.999995	776	3	0.33393
NR5A2	4	0.74548	0.74488	0.999846	702	0	0.66599	0.014471	0.046639	0.881641	54	3	0.66599
FRS3	4	0.74649	0.74605	0.999846	703	0	0.37476	0.5106	0.74573	0.999995	767	3	0.37476
CALY	4	0.74683	0.74637	0.999846	704	0	0.1258	0.9642	0.96981	0.999995	985	1	0.1258
PDS5B	4	0.74716	0.74672	0.999846	705	0	0.65638	0.27695	0.51589	0.970394	563	3	0.65638
BRD8	4	0.74883	0.74864	0.999846	706	0	0.56024	0.20499	0.43635	0.94479	485	3	0.56024
NAT8L	4	0.7495	0.74937	0.999846	707	0	0.63795	0.18962	0.41905	0.937816	466	3	0.63795
FEZ1	4	0.75082	0.75078	0.999846	708	0	0.54964	0.32481	0.56729	0.999206	603	3	0.54964
SLC35F4	4	0.75148	0.75153	0.999846	709	0	0.94234	0.064812	0.18	0.885341	211	3	0.94234
HMGCLL1	4	0.75247	0.75252	0.999846	710	0	0.39466	0.34154	0.5851	0.999995	617	3	0.39466
NKAPL	4	0.7528	0.75283	0.999846	711	0	0.74079	0.10198	0.26366	0.9072	301	3	0.74079
LNX1	4	0.75346	0.75349	0.999846	712	0	0.54739	0.29821	0.53866	0.973448	586	3	0.54739
STX7	4	0.75379	0.75397	0.999846	713	0	0.59791	0.28982	0.52967	0.972878	573	3	0.59791
GIT1	4	0.75444	0.75467	0.999846	714	0	0.85851	0.0062963	0.021331	0.836634	28	3	0.85851
DRD3	4	0.75477	0.75494	0.999846	715	0	0.48463	0.32341	0.56571	0.999206	601	3	0.48463
CBLL1	4	0.75575	0.75592	0.999846	716	0	0.68453	0.11829	0.29644	0.9073	344	3	0.68453
MT2A	4	0.7564	0.75652	0.999846	717	0	0.382	0.43306	0.67469	0.999995	701	3	0.382
DENND5A	4	0.75673	0.75686	0.999846	718	0	0.46303	0.46949	0.70847	0.999995	737	3	0.46303
GRIP2	4	0.7577	0.75773	0.999846	719	0	0.41812	0.41731	0.65999	0.999995	680	3	0.41812
PRDM16	4	0.75803	0.75821	0.999846	720	0	0.43496	0.30727	0.5484	0.983976	589	2	0.43496
IL10RA	4	0.76189	0.76244	0.999846	721	0	0.65566	0.15039	0.35924	0.917253	407	3	0.65566
CPS1	4	0.76221	0.76275	0.999846	722	0	0.47823	0.29225	0.53215	0.972878	575	2	0.47823
SOS2	4	0.76253	0.76318	0.999846	723	0	0.46169	0.56971	0.78746	0.999995	806	2	0.46169
TBC1D4	4	0.76349	0.76411	0.999846	724	0	0.4139	0.34425	0.58787	0.999995	622	2	0.4139
RANBP10	4	0.7638	0.76444	0.999846	725	0	0.81836	0.090266	0.23776	0.889834	277	3	0.81836
SLC25A37	4	0.76476	0.76525	0.999846	726	0	0.2625	0.67246	0.83562	0.999995	859	2	0.2625
TMEM120B	4	0.76571	0.76635	0.999846	727	0	0.42089	0.37838	0.62244	0.999995	651	3	0.42089
TRPM1	4	0.76823	0.76902	0.999846	728	0	0.52783	0.36557	0.61016	0.999995	643	3	0.52783
NAA16	4	0.76916	0.77	0.999846	729	0	0.49374	0.36379	0.60807	0.999995	640	2	0.49374
CDNF	4	0.77103	0.77181	0.999846	730	0	0.41411	0.17291	0.39941	0.926337	448	3	0.41411
TMEM30B	4	0.77258	0.7736	0.999846	731	0	0.26472	0.74031	0.87	0.999995	889	2	0.26472
ATP8B3	4	0.7732	0.77423	0.999846	732	0	0.61187	0.26819	0.50677	0.970394	550	3	0.61187
GPR151	4	0.77382	0.7749	0.999846	733	0	0.78208	0.04362	0.12808	0.881641	147	3	0.78208
FNIP2	4	0.77443	0.77548	0.999846	734	0	0.4838	0.30768	0.54881	0.983976	590	3	0.4838
FAM71B	4	0.77474	0.77575	0.999846	735	0	0.45612	0.23384	0.46937	0.963731	513	3	0.45612
KRT37	4	0.77505	0.77599	0.999846	736	0	0.51733	0.31744	0.55918	0.998606	593	3	0.51733
PPP2CB	3	0.77555	0.77635	0.999846	737	0	0.90962	0.076701	0.17545	0.885341	244	3	0.90962
SATB2	4	0.77688	0.77792	0.999846	738	0	0.52817	0.11614	0.29236	0.9072	338	3	0.52817
ABCA3	4	0.77719	0.77827	0.999846	739	0	0.65207	0.088755	0.23436	0.889834	271	3	0.65207
SMARCC1	4	0.7781	0.7792	0.999846	740	0	0.74932	0.034928	0.10461	0.881641	120	3	0.74932
RNF2	3	0.7784	0.77906	0.999846	741	0	0.58785	0.2216	0.4246	0.937816	507	3	0.58785
TNKS	4	0.7784	0.77951	0.999846	742	0	0.79054	0.11558	0.29128	0.9072	336	3	0.79054
PLCG1	4	0.7787	0.77981	0.999846	743	0	0.31924	0.43422	0.67598	0.999995	702	3	0.31924
DPCR1	4	0.77961	0.78086	0.999846	744	0	0.91842	0.036646	0.10935	0.881641	124	3	0.91842
PTPN14	4	0.78022	0.78152	0.999846	745	0	0.36052	0.70317	0.85122	0.999995	874	2	0.36052
PLCG2	4	0.78112	0.78231	0.999846	746	0	0.6278	0.0088883	0.02938	0.881641	36	3	0.6278
DMP1	4	0.78142	0.78262	0.999846	747	0	0.34738	0.050188	0.14453	0.881641	169	2	0.34738
VANGL2	4	0.78172	0.78297	0.999846	748	0	0.59776	0.25196	0.48925	0.965748	533	3	0.59776
G6PC	4	0.78262	0.78374	0.999846	749	0	0.28483	0.85821	0.93399	0.999995	946	2	0.28483
GNB3	4	0.78381	0.78494	0.999846	750	0	0.55007	0.22175	0.45547	0.946874	508	3	0.55007
CLTB	4	0.7844	0.78547	0.999846	751	0	0.46796	0.36221	0.60637	0.999995	637	3	0.46796
RRAGD	4	0.78529	0.7863	0.999846	752	0	0.52043	0.21465	0.44742	0.945101	500	3	0.52043
CCNT2	4	0.78559	0.78649	0.999846	753	0	0.31142	0.79501	0.89949	0.999995	909	2	0.31142
HRAS	4	0.78618	0.78706	0.999846	754	0	0.20138	0.92612	0.95399	0.999995	964	1	0.20138
CAT	4	0.78795	0.78881	0.999846	755	0	0.58409	0.20973	0.44165	0.945101	493	3	0.58409
ZDHHC17	4	0.78824	0.7891	0.999846	756	0	0.76621	0.13242	0.32489	0.917253	367	3	0.76621
GYS1	4	0.78853	0.78945	0.999846	757	0	0.69886	0.098244	0.25567	0.9072	295	3	0.69886
FKBP5	4	0.78882	0.78968	0.999846	758	0	0.76712	0.15312	0.36415	0.917253	411	3	0.76712
HTR3E	4	0.78912	0.79002	0.999846	759	0	0.27612	0.65421	0.82678	0.999995	845	2	0.27612
CAB39L	4	0.7897	0.79069	0.999846	760	0	0.33095	0.49267	0.72942	0.999995	754	3	0.33095
TMEM185B	4	0.79028	0.79142	0.999846	761	0	0.47382	0.17338	0.39996	0.926337	450	3	0.47382
PCBD2	4	0.79086	0.79209	0.999846	762	0	0.78592	0.024436	0.076109	0.881641	85	3	0.78592
TBC1D26	2	0.79132	0.7906	0.999846	763	0	0.66954	0.20868	0.3288	0.917253	492	2	0.66954
HRH1	4	0.79144	0.79259	0.999846	764	0	0.32702	0.51895	0.75255	0.999995	774	3	0.32702
NRBP1	4	0.79173	0.79285	0.999846	765	0	0.61398	0.21287	0.44553	0.945101	497	3	0.61398
CDC34	4	0.79231	0.79346	0.999846	766	0	0.58425	0.19307	0.42287	0.937816	471	3	0.58425
TIRAP	4	0.79318	0.79451	0.999846	767	0	0.33212	0.58523	0.79402	0.999995	815	2	0.33212
RBPJL	4	0.79346	0.79478	0.999846	768	0	0.38221	0.63255	0.81609	0.999995	832	2	0.38221
PMM2	4	0.79519	0.79647	0.999846	769	0	0.66329	0.052163	0.14905	0.881641	175	3	0.66329
MEP1B	4	0.79547	0.79673	0.999846	770	0	0.65399	0.15794	0.37316	0.917253	422	3	0.65399
ITGB1BP2	4	0.79604	0.79746	0.999846	771	0	0.79771	0.11772	0.29524	0.9073	342	3	0.79771
FEZ2	4	0.79689	0.7983	0.999846	772	0	0.82543	0.038963	0.1157	0.881641	133	3	0.82543
ZWILCH	4	0.79746	0.7989	0.999846	773	0	0.71901	0.22092	0.45462	0.946874	506	3	0.71901
SEPHS1	3	0.79791	0.79854	0.999846	774	0	0.34818	0.082463	0.18768	0.885341	257	3	0.34818
RPS28	2	0.79939	0.79877	0.999846	775	0	0.56547	0.20061	0.31763	0.917253	483	2	0.56547
SNX6	4	0.79944	0.80068	0.999846	776	0	0.53876	0.14397	0.34742	0.917253	389	3	0.53876
ATP6V1E1	3	0.79984	0.80037	0.999846	777	0	0.56913	0.20016	0.39189	0.922255	482	3	0.56913
ADAM19	4	0.8	0.80117	0.999846	778	0	0.67608	0.083913	0.22329	0.889834	261	3	0.67608
MBP	4	0.80084	0.80196	0.999846	779	0	0.48471	0.14654	0.35214	0.917253	400	3	0.48471
LBX1	4	0.80168	0.80287	0.999846	780	0	0.72204	0.041302	0.12184	0.881641	139	3	0.72204
TIMM23B	4	0.80279	0.80398	0.999846	781	0	0.39207	0.49062	0.7275	0.999995	752	3	0.39207
COPS7B	4	0.80335	0.80454	0.999846	782	0	0.45028	0.27378	0.51257	0.970394	557	3	0.45028
PSMB8	4	0.8039	0.80533	0.999846	783	0	0.36064	0.44938	0.68989	0.999995	716	2	0.36064
UAP1	4	0.80445	0.80605	0.999846	784	0	0.71442	0.072333	0.19777	0.885341	235	3	0.71442
IQCA1	4	0.80556	0.80716	0.999846	785	0	0.41921	0.43981	0.68112	0.999995	707	3	0.41921
KLK12	4	0.80583	0.80747	0.999846	786	0	0.43933	0.47354	0.71214	0.999995	740	3	0.43933
EFNB1	4	0.80638	0.80811	0.999846	787	0	0.57252	0.16468	0.3857	0.917253	435	3	0.57252
PCBD1	4	0.80856	0.81058	0.999846	788	0	0.49779	0.14237	0.34422	0.917253	385	3	0.49779
CTNNB1	4	0.80883	0.81092	0.999846	789	0	0.44722	0.089309	0.23572	0.889834	273	3	0.44722
RC3H1	4	0.80911	0.81118	0.999846	790	0	0.48378	0.23526	0.47112	0.963731	514	3	0.48378
TEX45	4	0.80965	0.81181	0.999846	791	0	0.73297	0.15932	0.37564	0.917253	424	3	0.73297
ENOX2	4	0.81073	0.81282	0.999846	792	0	0.39117	0.053796	0.15319	0.881641	180	3	0.39117
RPL15	2	0.81241	0.81174	0.999846	793	0	0.65944	0.18759	0.29975	0.910933	464	2	0.65944
SNTA1	4	0.81341	0.81561	0.999846	794	0	0.52422	0.17697	0.40414	0.926675	455	3	0.52422
SP110	4	0.81367	0.81594	0.999846	795	0	0.52881	0.212	0.4445	0.945101	496	3	0.52881
GBX2	4	0.81447	0.8169	0.999846	796	0	0.3939	0.45018	0.69051	0.999995	718	3	0.3939
CHMP1B	4	0.81474	0.81708	0.999846	797	0	0.59896	0.18194	0.41014	0.932063	461	3	0.59896
ZNF423	4	0.815	0.81736	0.999846	798	0	0.54376	0.25645	0.49425	0.965748	539	3	0.54376
DBT	4	0.81579	0.81803	0.999846	799	0	0.53637	0.13902	0.33753	0.917253	373	3	0.53637
SPTA1	4	0.81658	0.81885	0.999846	800	0	0.41978	0.31849	0.56032	0.998958	595	3	0.41978
TGFBR2	4	0.81711	0.81941	0.999846	801	0	0.27116	0.52473	0.75747	0.999995	778	3	0.27116
SEC11A	4	0.81946	0.82153	0.999846	802	0	0.67117	0.086509	0.22913	0.889834	268	3	0.67117
PRDM13	4	0.82024	0.82233	0.999846	803	0	0.83931	0.0043234	0.014926	0.687258	24	3	0.83931
AIPL1	4	0.82179	0.82386	0.999846	804	0	0.61473	0.35108	0.59498	0.999995	629	3	0.61473
ZIC3	4	0.82205	0.82416	0.999846	805	0	0.39041	0.45714	0.69689	0.999995	725	3	0.39041
ERO1A	4	0.82282	0.82493	0.999846	806	0	0.92604	0.031001	0.094443	0.881641	107	3	0.92604
MTMR4	4	0.82333	0.82544	0.999846	807	0	0.41799	0.47124	0.71003	0.999995	738	3	0.41799
AHCYL2	4	0.82359	0.82565	0.999846	808	0	0.63514	0.25039	0.48747	0.965748	530	3	0.63514
STX17	4	0.82384	0.82584	0.999846	809	0	0.61064	0.11054	0.2809	0.9072	319	3	0.61064
MARCKS	4	0.82486	0.8268	0.999846	810	0	0.66379	0.010278	0.033728	0.881641	40	3	0.66379
TANC2	3	0.82585	0.82609	0.999846	811	0	0.59178	0.060349	0.14197	0.881641	200	3	0.59178
IDH2	4	0.82638	0.82844	0.999846	812	0	0.56704	0.25156	0.48886	0.965748	532	3	0.56704
YAF2	4	0.82688	0.82885	0.999846	813	0	0.36812	0.13481	0.32947	0.917253	370	3	0.36812
TOMM40L	4	0.82789	0.82992	0.999846	814	0	0.4857	0.38362	0.62772	0.999995	658	3	0.4857
NUMB	4	0.82814	0.8302	0.999846	815	0	0.60139	0.14096	0.34145	0.917253	381	3	0.60139
TBC1D9	4	0.82864	0.83057	0.999846	816	0	0.3955	0.45496	0.69497	0.999995	722	3	0.3955
RPL31	2	0.8291	0.82876	0.999846	817	0	0.70496	0.1709	0.27579	0.9072	447	2	0.70496
DNAJC19	3	0.82934	0.82968	0.999846	818	0	1.1709	0.04849	0.11589	0.881641	161	3	1.1709
NBEA	4	0.83088	0.83295	0.999846	819	0	0.65097	0.14347	0.34652	0.917253	386	4	0.65097
PXDN	4	0.83113	0.83313	0.999846	820	0	0.41648	0.16887	0.39368	0.922358	445	4	0.41648
UMPS	4	0.83162	0.83362	0.999846	821	0	0.80486	0.047324	0.13749	0.881641	157	4	0.80486
ICK	4	0.83359	0.83541	0.999846	822	0	0.58876	0.012613	0.041123	0.881641	49	4	0.58876
E2F4	4	0.83383	0.83567	0.999846	823	0	0.43567	0.16617	0.38846	0.917253	441	4	0.43567
APOBEC1	4	0.83408	0.83591	0.999846	824	0	0.61838	0.16592	0.38793	0.917253	440	4	0.61838
SAP30	4	0.83456	0.83633	0.999846	825	0	0.50353	0.16544	0.38712	0.917253	439	4	0.50353
ATP6V1E2	4	0.83481	0.83652	0.999846	826	0	0.46574	0.16519	0.3867	0.917253	437	4	0.46574
TTC7B	4	0.83602	0.83763	0.999846	827	0	0.5523	0.16398	0.38444	0.917253	433	4	0.5523
HACD2	4	0.83626	0.83786	0.999846	828	0	0.56856	0.16374	0.38396	0.917253	432	4	0.56856
APH1A	4	0.83843	0.84026	0.999846	829	0	0.59494	0.16157	0.37998	0.917253	427	4	0.59494
USP13	4	0.83962	0.84141	0.999846	830	0	0.51944	0.16038	0.37764	0.917253	425	4	0.51944
GDI2	8	0.84119	0.84078	0.999846	831	0	1.0441	0.0011451	0.0068952	0.616527	5	5	1.0441
GOLT1A	4	0.84128	0.84308	0.999846	832	0	0.82534	0.078852	0.21243	0.889834	249	4	0.82534
CDK8	4	0.84269	0.84462	0.999846	833	0	0.57195	0.15731	0.37198	0.917253	421	4	0.57195
STT3A	4	0.84292	0.84481	0.999846	834	0	0.57632	0.15708	0.37156	0.917253	420	4	0.57632
BRSK1	4	0.84339	0.84538	0.999846	835	0	0.4917	0.15661	0.3708	0.917253	419	4	0.4917
ATP6V1C2	8	0.84416	0.84392	0.999846	836	0	0.59387	0.31813	0.65871	0.999995	594	5	0.59387
CNOT6L	4	0.84432	0.84639	0.999846	837	0	0.69944	0.14062	0.34075	0.917253	379	4	0.69944
ANAPC4	4	0.84548	0.84746	0.999846	838	0	0.52626	0.15452	0.36678	0.917253	417	4	0.52626
IDH3B	4	0.84595	0.84785	0.999846	839	0	0.40929	0.15405	0.36585	0.917253	416	4	0.40929
ARHGEF6	4	0.84664	0.8487	0.999846	840	0	0.71997	0.042942	0.1262	0.881641	143	4	0.71997
PLAU	4	0.84687	0.84887	0.999846	841	0	0.3317	0.15313	0.36418	0.917253	412	4	0.3317
ABTB2	4	0.85051	0.85224	0.999846	842	0	0.63946	0.14949	0.35757	0.917253	405	4	0.63946
ABCB1	4	0.85074	0.8524	0.999846	843	0	0.61885	0.13369	0.32733	0.917253	369	4	0.61885
FLOT1	4	0.85141	0.85294	0.999846	844	0	0.56283	0.11442	0.28902	0.9072	331	4	0.56283
TSPO2	4	0.85298	0.85448	0.999846	845	0	0.81426	0.048381	0.13991	0.881641	159	4	0.81426
RBMXL2	4	0.85365	0.85513	0.999846	846	0	0.48781	0.14635	0.35176	0.917253	399	4	0.48781
BATF3	4	0.85409	0.85558	0.999846	847	0	0.30465	0.14591	0.35101	0.917253	397	4	0.30465
ARFIP2	4	0.85431	0.85578	0.999846	848	0	0.45689	0.14569	0.35059	0.917253	396	4	0.45689
TANK	4	0.85453	0.85596	0.999846	849	0	0.38401	0.14547	0.35018	0.917253	395	4	0.38401
SNRPN	4	0.85497	0.85644	0.999846	850	0	0.74791	0.069435	0.19041	0.885341	224	4	0.74791
STRIP1	4	0.85519	0.85663	0.999846	851	0	0.695	0.14481	0.34886	0.917253	393	4	0.695
TRAPPC3L	4	0.85541	0.85688	0.999846	852	0	0.74713	0.095159	0.24838	0.89557	289	4	0.74713
PRKAB2	4	0.85563	0.85715	0.999846	853	0	0.41378	0.14437	0.34807	0.917253	391	4	0.41378
TLN2	4	0.85629	0.85776	0.999846	854	0	0.53464	0.14371	0.34703	0.917253	388	4	0.53464
MRGPRX2	4	0.85782	0.85923	0.999846	855	0	0.5425	0.14218	0.34382	0.917253	384	4	0.5425
CLIP4	4	0.85804	0.85948	0.999846	856	0	1.0138	0.033588	0.10128	0.881641	114	4	1.0138
PIP4P1	4	0.85869	0.86003	0.999846	857	0	0.71701	0.12562	0.31196	0.917253	355	4	0.71701
NUMBL	4	0.85934	0.86058	0.999846	858	0	0.46079	0.14066	0.34083	0.917253	380	4	0.46079
NCBP2L	4	0.85955	0.86078	0.999846	859	0	0.87642	0.042034	0.12377	0.881641	141	4	0.87642
HUS1B	4	0.85977	0.86096	0.999846	860	0	0.28998	0.14023	0.33999	0.917253	378	4	0.28998
LHFPL5	4	0.86318	0.86427	0.999846	861	0	0.91851	0.04314	0.12674	0.881641	144	4	0.91851
ARFIP1	4	0.86423	0.86526	0.999846	862	0	0.86972	0.017005	0.054334	0.881641	61	4	0.86972
NETO2	4	0.86444	0.86545	0.999846	863	0	0.78539	0.049905	0.14384	0.881641	167	4	0.78539
FNIP1	4	0.86715	0.86781	0.999846	864	0	0.71999	0.13285	0.32571	0.917253	368	4	0.71999
FAM71A	4	0.86797	0.86869	0.999846	865	0	0.76467	0.13203	0.32427	0.917253	366	4	0.76467
TCF12	4	0.86859	0.8693	0.999846	866	0	0.98368	0.001888	0.0071102	0.616527	11	4	0.98368
KPNA3	4	0.8694	0.86994	0.999846	867	0	0.57471	0.1306	0.3214	0.917253	364	4	0.57471
XPO7	4	0.87001	0.87053	0.999846	868	0	0.66258	0.019106	0.060289	0.881641	65	4	0.66258
TAS1R2	4	0.87103	0.87162	0.999846	869	0	0.44121	0.12897	0.31839	0.917253	360	4	0.44121
CYP7A1	4	0.87163	0.87221	0.999846	870	0	0.63448	0.12837	0.31716	0.917253	359	4	0.63448
SEC14L3	4	0.87224	0.87289	0.999846	871	0	0.48841	0.12776	0.31591	0.917253	357	4	0.48841
ANKRD10	4	0.87244	0.87309	0.999846	872	0	0.70865	0.034103	0.10278	0.881641	117	4	0.70865
CRX	4	0.87304	0.87371	0.999846	873	0	0.74363	0.10237	0.26445	0.9072	302	4	0.74363
BECN2	4	0.876	0.87686	0.999846	874	0	0.46062	0.124	0.30852	0.915176	354	4	0.46062
SOHLH1	4	0.87679	0.87754	0.999846	875	0	0.7266	0.10269	0.26508	0.9072	303	4	0.7266
DENND5B	4	0.87737	0.87811	0.999846	876	0	0.91442	0.011469	0.037673	0.881641	44	4	0.91442
SLC22A13	4	0.87795	0.87866	0.999846	877	0	0.50293	0.12205	0.3046	0.911632	351	4	0.50293
KPNA2	3	0.87814	0.87832	0.999846	878	0	0.60018	0.12186	0.2618	0.9072	350	3	0.60018
GSX2	4	0.87815	0.87881	0.999846	879	0	0.85479	0.019994	0.062917	0.881641	67	4	0.85479
CYFIP2	4	0.87873	0.87928	0.999846	880	0	0.60587	0.12127	0.30278	0.910933	349	4	0.60587
MECP2	4	0.87892	0.8794	0.999846	881	0	0.76439	0.015454	0.049669	0.881641	58	4	0.76439
ALG14	4	0.8795	0.87992	0.999846	882	0	0.50038	0.1205	0.30109	0.910933	346	4	0.50038
ZNF260	4	0.87969	0.88003	0.999846	883	0	0.90502	0.1058	0.27127	0.9072	310	4	0.90502
PAPSS1	4	0.88026	0.88071	0.999846	884	0	0.55362	0.11974	0.29962	0.910933	345	4	0.55362
GOLT1B	4	0.88122	0.88159	0.999846	885	0	0.88193	0.040903	0.12089	0.881641	138	4	0.88193
STAM2	4	0.88197	0.88234	0.999846	886	0	0.82762	0.041508	0.12241	0.881641	140	4	0.82762
SERPINA9	4	0.88216	0.88256	0.999846	887	0	0.62254	0.11115	0.28212	0.9072	321	4	0.62254
TIMP2	4	0.88273	0.88311	0.999846	888	0	0.50166	0.11727	0.29434	0.9073	341	4	0.50166
HRH3	4	0.88348	0.88389	0.999846	889	0	0.71768	0.11652	0.29298	0.9072	340	4	0.71768
RECK	4	0.88367	0.88404	0.999846	890	0	0.66551	0.1015	0.26267	0.9072	299	4	0.66551
SBF1	4	0.88385	0.88412	0.999846	891	0	0.53605	0.11615	0.29241	0.9072	339	4	0.53605
FOXB1	4	0.88441	0.8845	0.999846	892	0	0.34935	0.11559	0.29129	0.9072	337	4	0.34935
GRHL2	4	0.8846	0.88466	0.999846	893	0	0.67965	0.1154	0.29096	0.9072	335	4	0.67965
OGDHL	4	0.88497	0.88498	0.999846	894	0	0.9691	0.024755	0.0771	0.881641	88	4	0.9691
SEC23B	4	0.88516	0.88521	0.999846	895	0	0.44403	0.11484	0.28985	0.9072	333	4	0.44403
MTUS1	4	0.88645	0.88639	0.999846	896	0	0.8744	0.0096799	0.031821	0.881641	38	4	0.8744
TREM2	4	0.88773	0.88778	0.999846	897	0	0.54524	0.11227	0.28455	0.9072	325	4	0.54524
STAM	4	0.88791	0.88801	0.999846	898	0	0.85656	0.04385	0.12867	0.881641	148	4	0.85656
ZDHHC13	4	0.88881	0.88881	0.999846	899	0	0.60236	0.11119	0.28216	0.9072	323	4	0.60236
SPDEF	4	0.88972	0.88983	0.999846	900	0	0.49127	0.11028	0.28025	0.9072	318	4	0.49127
IDH3G	4	0.89025	0.89053	0.999846	901	0	0.51449	0.10975	0.27908	0.9072	316	4	0.51449
TMEM9	4	0.89061	0.89088	0.999846	902	0	0.91876	0.0029246	0.01042	0.654768	15	4	0.91876
TMEM9B	4	0.89097	0.89118	0.999846	903	0	0.33257	0.10903	0.27777	0.9072	314	4	0.33257
GALNT2	4	0.89115	0.8914	0.999846	904	0	0.69169	0.080526	0.21594	0.889834	253	4	0.69169
FCRL3	4	0.89132	0.89155	0.999846	905	0	0.8014	0.06185	0.17305	0.885341	204	4	0.8014
ERN2	4	0.89168	0.89194	0.999846	906	0	0.82863	0.070646	0.19367	0.885341	229	4	0.82863
NDE1	4	0.89203	0.89234	0.999846	907	0	0.65656	0.032911	0.099351	0.881641	112	4	0.65656
UBQLN3	4	0.89362	0.89401	0.999846	908	0	0.69573	0.068959	0.18926	0.885341	223	4	0.69573
SMARCA2	4	0.89553	0.8958	0.999846	909	0	0.39018	0.10447	0.26871	0.9072	309	4	0.39018
ZFYVE19	4	0.89604	0.89624	0.999846	910	0	0.4025	0.10396	0.2676	0.9072	306	4	0.4025
H2BFM	4	0.89758	0.89785	0.999846	911	0	0.68019	0.085394	0.22657	0.889834	264	4	0.68019
MYCN	4	0.8996	0.89992	0.999846	912	0	0.68708	0.1004	0.26035	0.9072	298	4	0.68708
WRN	4	0.90127	0.90142	0.999846	913	0	0.44073	0.098731	0.25671	0.9072	296	4	0.44073
TYROBP	4	0.90176	0.90186	0.999846	914	0	0.69834	0.098236	0.25564	0.9072	294	4	0.69834
DZIP1L	4	0.90209	0.90218	0.999846	915	0	0.83673	0.092166	0.24179	0.889834	285	4	0.83673
ACTL7A	4	0.90437	0.90437	0.999846	916	0	0.58882	0.095627	0.24947	0.89557	292	4	0.58882
PGLS	4	0.9047	0.90469	0.999846	917	0	0.60677	0.095305	0.24875	0.89557	290	4	0.60677
TAF9B	2	0.90555	0.90572	0.999846	918	0	1.0572	0.094447	0.16063	0.884222	287	2	1.0572
FLNB	4	0.90566	0.90566	0.999846	919	0	0.72776	0.072201	0.19748	0.885341	234	4	0.72776
SCN10A	4	0.90598	0.90583	0.999846	920	0	0.73323	0.060085	0.16895	0.884222	198	4	0.73323
PLD2	4	0.90772	0.90781	0.999846	921	0	0.6918	0.092282	0.24199	0.889834	286	4	0.6918
DDX17	4	0.90788	0.90801	0.999846	922	0	0.57774	0.092125	0.24166	0.889834	284	4	0.57774
RAP1GAP2	4	0.9085	0.90867	0.999846	923	0	0.67046	0.091498	0.24036	0.889834	281	4	0.67046
SMC1B	4	0.90881	0.90889	0.999846	924	0	0.68714	0.091186	0.2397	0.889834	280	4	0.68714
CLASP2	4	0.90959	0.90961	0.999846	925	0	0.62713	0.09041	0.23807	0.889834	278	4	0.62713
SLITRK1	4	0.91005	0.91011	0.999846	926	0	0.47752	0.089947	0.23702	0.889834	275	4	0.47752
ATM	4	0.91036	0.9104	0.999846	927	0	0.77447	0.089639	0.23628	0.889834	274	4	0.77447
DCAF4L2	4	0.91082	0.91091	0.999846	928	0	0.45169	0.089178	0.23538	0.889834	272	4	0.45169
DMD	4	0.9125	0.91264	0.999846	929	0	0.54074	0.087505	0.23145	0.889834	269	4	0.54074
CCDC69	4	0.91265	0.91281	0.999846	930	0	0.70456	0.030819	0.0939	0.881641	105	4	0.70456
PLXDC2	4	0.91295	0.91312	0.999846	931	0	0.72828	0.011683	0.03829	0.881641	45	4	0.72828
RPP14	4	0.91414	0.91412	0.999846	932	0	0.43524	0.085855	0.22762	0.889834	267	4	0.43524
CREBBP	4	0.91444	0.91438	0.999846	933	0	0.50516	0.085558	0.22687	0.889834	265	4	0.50516
FKBP10	4	0.91621	0.9161	0.999846	934	0	0.61909	0.08379	0.22306	0.889834	260	4	0.61909
PXDNL	4	0.9165	0.91639	0.999846	935	0	0.75875	0.044468	0.13023	0.881641	149	4	0.75875
ARPC5L	4	0.91752	0.91737	0.999846	936	0	0.65105	0.082482	0.22	0.889834	258	4	0.65105
GPR50	4	0.91766	0.91744	0.999846	937	0	0.59634	0.082337	0.21964	0.889834	256	4	0.59634
TREML4	3	0.91888	0.91827	0.999846	938	0	0.72069	0.080467	0.18325	0.885341	251	3	0.72069
LMBR1	4	0.91938	0.91918	0.999846	939	0	0.89317	0.058536	0.16534	0.884222	194	4	0.89317
CEACAM1	4	0.91952	0.91931	0.999846	940	0	0.62257	0.080478	0.21584	0.889834	252	4	0.62257
ERC1	4	0.92023	0.92015	0.999846	941	0	0.49503	0.079771	0.21438	0.889834	250	4	0.49503
NXT1	4	0.92232	0.9223	0.999846	942	0	0.55122	0.077678	0.21003	0.889834	247	4	0.55122
SLCO2B1	4	0.92287	0.92297	0.999846	943	0	0.52205	0.077127	0.20863	0.889834	246	4	0.52205
S100A6	4	0.92572	0.92583	0.999846	944	0	0.58199	0.074282	0.20218	0.885341	241	4	0.58199
BARHL1	4	0.92585	0.92593	0.999846	945	0	0.60336	0.074149	0.20189	0.885341	240	4	0.60336
CBLL2	4	0.92652	0.92645	0.999846	946	0	0.55309	0.073484	0.20052	0.885341	238	4	0.55309
CD72	4	0.92783	0.92776	0.999846	947	0	0.50259	0.072168	0.19739	0.885341	233	4	0.50259
RCBTB2	4	0.92796	0.92792	0.999846	948	0	0.74349	0.020186	0.063506	0.881641	70	4	0.74349
CD44	4	0.92809	0.92808	0.999846	949	0	0.64749	0.071907	0.19676	0.885341	232	4	0.64749
KRTAP1-1	4	0.92822	0.92826	0.999846	950	0	0.72889	0.071776	0.19637	0.885341	231	4	0.72889
GPR183	4	0.92977	0.92977	0.999846	951	0	0.68363	0.070227	0.19254	0.885341	228	4	0.68363
NR5A1	4	0.93028	0.9304	0.999846	952	0	0.74062	0.069716	0.19119	0.885341	226	4	0.74062
XDH	4	0.93054	0.93072	0.999846	953	0	0.57741	0.069462	0.19047	0.885341	225	4	0.57741
SPHKAP	4	0.93142	0.93151	0.999846	954	0	0.91942	0.004023	0.014253	0.687258	22	4	0.91942
MTA3	4	0.93167	0.93171	0.999846	955	0	0.88335	0.026957	0.083242	0.881641	95	4	0.88335
CCNE1	4	0.93217	0.9322	0.999846	956	0	0.54671	0.067825	0.18658	0.885341	218	4	0.54671
IAPP	4	0.93255	0.93262	0.999846	957	0	1.0255	0.067452	0.18572	0.885341	217	4	1.0255
RPL6	1	0.93417	0.93424	0.999846	958	0	1.0401	0.06583	0.066535	0.881641	215	1	1.0401
PDLIM5	4	0.93464	0.93482	0.999846	959	0	0.69063	0.065364	0.18106	0.885341	213	4	0.69063
MECOM	4	0.93785	0.9377	0.999846	960	0	0.59811	0.0042177	0.014683	0.687258	23	4	0.59811
STRIP2	4	0.93832	0.93811	0.999846	961	0	0.73805	0.0014074	0.0053899	0.616527	7	4	0.73805
FRY	4	0.93855	0.93835	0.999846	962	0	0.64871	0.021879	0.068648	0.881641	76	4	0.64871
NETO1	4	0.93936	0.93922	0.999846	963	0	0.5954	0.060644	0.17033	0.884222	201	4	0.5954
ARID1B	4	0.9397	0.93951	0.999846	964	0	0.6579	0.0603	0.16942	0.884222	199	4	0.6579
NAPB	4	0.94027	0.94014	0.999846	965	0	0.63569	0.059731	0.16823	0.884222	197	4	0.63569
AMELX	4	0.94038	0.94025	0.999846	966	0	0.5648	0.059618	0.16796	0.884222	196	4	0.5648
PLD1	4	0.94083	0.94063	0.999846	967	0	0.59504	0.059166	0.16689	0.884222	195	4	0.59504
PPP3R1	4	0.94206	0.94182	0.999846	968	0	0.70524	0.057937	0.16388	0.884222	192	4	0.70524
LGALS9	4	0.94251	0.94233	0.999846	969	0	0.49963	0.057495	0.16276	0.884222	191	4	0.49963
EXOC6B	4	0.9436	0.94351	0.999846	970	0	0.85226	0.037409	0.11146	0.881641	127	4	0.85226
FSD1	4	0.94457	0.94449	0.999846	971	0	0.55465	0.055429	0.15734	0.883834	186	4	0.55465
TYMS	4	0.94479	0.9447	0.999846	972	0	0.65731	0.055215	0.15673	0.883834	185	4	0.65731
FRYL	4	0.94574	0.94568	0.999846	973	0	0.61472	0.054259	0.15426	0.881641	182	4	0.61472
LDB2	4	0.94616	0.94607	0.999846	974	0	0.60329	0.053838	0.15335	0.881641	181	4	0.60329
MACF1	4	0.94637	0.94631	0.999846	975	0	0.64992	0.053628	0.15282	0.881641	179	4	0.64992
KAT6B	4	0.94648	0.94644	0.999846	976	0	0.72412	0.053524	0.15256	0.881641	178	4	0.72412
HTR3D	4	0.94658	0.94654	0.999846	977	0	0.66988	0.053419	0.15232	0.881641	177	4	0.66988
ABL1	4	0.94668	0.94662	0.999846	978	0	0.81492	0.025585	0.079381	0.881641	91	4	0.81492
CYP2C8	4	0.94679	0.94672	0.999846	979	0	0.81604	0.040214	0.11905	0.881641	136	4	0.81604
AP2A2	4	0.94782	0.94792	0.999846	980	0	0.79277	0.033785	0.10185	0.881641	116	4	0.79277
DYNLT3	4	0.94803	0.9482	0.999846	981	0	0.63948	0.051974	0.14863	0.881641	174	4	0.63948
ANKRD37	4	0.94823	0.94844	0.999846	982	0	0.49123	0.05177	0.14808	0.881641	173	4	0.49123
BCAP31	4	0.94843	0.94858	0.999846	983	0	0.48672	0.051566	0.14754	0.881641	172	4	0.48672
NDEL1	4	0.94894	0.94913	0.999846	984	0	0.78356	0.05106	0.14644	0.881641	171	4	0.78356
GYS2	4	0.94924	0.9494	0.999846	985	0	0.72094	0.050758	0.14588	0.881641	170	4	0.72094
NR2E1	4	0.95014	0.95043	0.999846	986	0	0.69493	0.049861	0.14377	0.881641	166	4	0.69493
CTCFL	4	0.95073	0.95105	0.999846	987	0	0.70247	0.049269	0.14226	0.881641	165	4	0.70247
RNF144A	4	0.95151	0.95191	0.999846	988	0	0.6374	0.048489	0.14023	0.881641	160	4	0.6374
FMR1	4	0.95257	0.95305	0.999846	989	0	0.57667	0.04743	0.13768	0.881641	158	4	0.57667
SMARCA1	4	0.95314	0.95373	0.999846	990	0	0.54526	0.04686	0.13646	0.881641	156	4	0.54526
TBC1D1	4	0.95333	0.95392	0.999846	991	0	0.69792	0.046672	0.13597	0.881641	155	4	0.69792
EGFR	4	0.95389	0.95444	0.999846	992	0	0.55529	0.046109	0.13446	0.881641	154	4	0.55529
ZNF418	4	0.95417	0.95466	0.999846	993	0	0.81053	0.045829	0.13367	0.881641	153	4	0.81053
LMBR1L	4	0.95454	0.95512	0.999846	994	0	0.57854	0.045458	0.13271	0.881641	152	4	0.57854
IQCA1L	4	0.95609	0.9567	0.999846	995	0	0.75032	0.027407	0.084514	0.881641	96	4	0.75032
SMARCC2	4	0.95672	0.9573	0.999846	996	0	0.80007	0.04328	0.12715	0.881641	145	4	0.80007
LNX2	4	0.95778	0.95832	0.999846	997	0	0.93584	0.024859	0.077399	0.881641	89	4	0.93584
DZIP3	4	0.95942	0.95992	0.999846	998	0	0.68289	0.040584	0.12	0.881641	137	4	0.68289
DEGS1	4	0.96017	0.9607	0.999846	999	0	0.66633	0.039826	0.11798	0.881641	135	4	0.66633
KCNT2	4	0.96182	0.96224	0.999846	1000	0	0.65982	0.038178	0.11364	0.881641	132	4	0.65982
FAM126A	4	0.96198	0.96238	0.999846	1001	0	0.78612	0.038016	0.11314	0.881641	131	4	0.78612
CDK17	4	0.96215	0.96251	0.999846	1002	0	0.72371	0.037855	0.11272	0.881641	130	4	0.72371
CCT6B	4	0.96231	0.96269	0.999846	1003	0	0.70388	0.037694	0.11223	0.881641	129	4	0.70388
TAF1L	3	0.9624	0.96191	0.999846	1004	0	0.79666	0.037601	0.091414	0.881641	128	3	0.79666
CAV1	4	0.96294	0.96336	0.999846	1005	0	0.62526	0.037056	0.11044	0.881641	126	4	0.62526
ARHGEF3	4	0.96326	0.96366	0.999846	1006	0	0.61833	0.034741	0.10425	0.881641	119	4	0.61833
SPOPL	4	0.96389	0.96436	0.999846	1007	0	0.95023	0.036113	0.1078	0.881641	123	4	0.95023
FXR1	4	0.96534	0.9657	0.999846	1008	0	0.64455	0.034658	0.10407	0.881641	118	4	0.64455
PDGFC	4	0.96639	0.96677	0.999846	1009	0	0.61198	0.033615	0.10137	0.881641	115	4	0.61198
ZNF146	4	0.96661	0.96698	0.999846	1010	0	0.73708	0.023724	0.073996	0.881641	83	4	0.73708
DLL4	4	0.96675	0.96711	0.999846	1011	0	0.51301	0.033248	0.10039	0.881641	113	4	0.51301
MPC1L	4	0.96683	0.96717	0.999846	1012	0	1.1089	0.0054821	0.018816	0.79703	26	4	1.1089
EXOC6	4	0.96833	0.96867	0.999846	1013	0	0.68891	0.031669	0.096144	0.881641	109	4	0.68891
PHLDA3	4	0.96944	0.96963	0.999846	1014	0	0.60227	0.030556	0.093162	0.881641	104	4	0.60227
ATP7B	4	0.97026	0.97044	0.999846	1015	0	1.079	0.0019521	0.0072411	0.616527	12	4	1.079
ERBB3	8	0.97255	0.97236	0.999846	1016	0	0.43102	0.02745	0.12882	0.881641	97	8	0.43102
EPC1	4	0.97342	0.97349	0.999846	1017	0	1.1161	0.016591	0.053081	0.881641	59	4	1.1161
PPP3CC	4	0.97415	0.97426	0.999846	1018	0	0.76836	0.025847	0.080073	0.881641	93	4	0.76836
TCF4	4	0.9754	0.97548	0.999846	1019	0	0.60377	0.0246	0.076585	0.881641	86	4	0.60377
GDI1	4	0.97604	0.97611	0.999846	1020	0	0.83825	0.023964	0.074706	0.881641	84	4	0.83825
STX4	4	0.9766	0.97667	0.999846	1021	0	0.71969	0.023398	0.073042	0.881641	82	4	0.71969
PCGF1	4	0.97699	0.97708	0.999846	1022	0	0.62262	0.023007	0.071845	0.881641	80	4	0.62262
ZNF521	4	0.97765	0.97774	0.999846	1023	0	0.74343	0.022349	0.069985	0.881641	77	4	0.74343
FAM126B	4	0.97819	0.97828	0.999846	1024	0	0.71395	0.021811	0.068414	0.881641	75	4	0.71395
DDX39A	4	0.97954	0.97953	0.999846	1025	0	0.68455	0.020459	0.06431	0.881641	72	4	0.68455
SS18	4	0.97989	0.97998	0.999846	1026	0	0.74682	0.020105	0.0633	0.881641	69	4	0.74682
DST	4	0.9815	0.98144	0.999846	1027	0	0.77934	0.018502	0.058597	0.881641	64	4	0.77934
NBEAL1	4	0.98164	0.98154	0.999846	1028	0	1.0452	0.013396	0.043498	0.881641	52	4	1.0452
NXT2	4	0.98196	0.98187	0.999846	1029	0	0.88422	0.018035	0.057083	0.881641	63	4	0.88422
SLC25A2	4	0.98287	0.98276	0.999846	1030	0	0.83391	0.017129	0.054652	0.881641	62	4	0.83391
RTP1	4	0.983	0.9829	0.999846	1031	0	0.67658	0.016996	0.054315	0.881641	60	4	0.67658
RANBP17	4	0.98466	0.98494	0.999846	1032	0	0.8832	0.015337	0.049285	0.881641	57	4	0.8832
MAT1A	4	0.98527	0.98559	0.999846	1033	0	0.79676	0.014732	0.047518	0.881641	56	4	0.79676
TOMM20	3	0.98527	0.98526	0.999846	1034	0	0.62235	0.01473	0.038496	0.881641	55	3	0.62235
JAG1	4	0.98554	0.98581	0.999846	1035	0	0.8685	0.014457	0.046565	0.881641	53	4	0.8685
ALAS1	8	0.98727	0.98737	0.999846	1036	0	0.59829	0.012729	0.066376	0.881641	50	8	0.59829
PRKAB1	4	0.98747	0.98755	0.999846	1037	0	0.85373	0.012526	0.040843	0.881641	48	4	0.85373
HMGCL	4	0.98806	0.98815	0.999846	1038	0	0.78682	0.011939	0.039179	0.881641	47	4	0.78682
RSPH1	4	0.9882	0.98823	0.999846	1039	0	0.67549	0.011804	0.038664	0.881641	46	4	0.67549
SIK2	4	0.98876	0.98881	0.999846	1040	0	0.79939	0.011243	0.036916	0.881641	43	4	0.79939
DLL1	4	0.98879	0.98884	0.999846	1041	0	0.6713	0.011211	0.036794	0.881641	42	4	0.6713
DYNLT1	4	0.98911	0.98906	0.999846	1042	0	1.1744	0.0032711	0.011691	0.654768	16	4	1.1744
VPS26A	4	0.99049	0.99043	0.999846	1043	0	0.82914	0.0095063	0.031278	0.881641	37	4	0.82914
NSDHL	4	0.99138	0.99132	0.999846	1044	0	1.1392	0.0086243	0.028661	0.881641	34	4	1.1392
SATB1	4	0.99227	0.99218	0.999846	1045	0	0.8059	0.0077313	0.025837	0.855043	32	4	0.8059
CAB39	4	0.99241	0.99229	0.999846	1046	0	0.81497	0.0075855	0.025407	0.855043	31	4	0.81497
KRT38	4	0.99289	0.99282	0.999846	1047	0	0.79839	0.0071143	0.023836	0.841419	30	4	0.79839
MAP4K4	4	0.99492	0.99501	0.999846	1048	0	1.2257	0.0010003	0.0037351	0.616527	4	4	1.2257
SMAP2	4	0.99549	0.99555	0.999846	1049	0	0.92475	0.0045146	0.015721	0.693688	25	4	0.92475
MBD4	8	0.99603	0.99587	0.999846	1050	0	0.67251	0.0039653	0.023528	0.841419	21	8	0.67251
NBEAL2	4	0.99671	0.99682	0.999846	1051	0	0.72731	0.0032901	0.011747	0.654768	19	4	0.72731
RNF125	4	0.99672	0.99683	0.999846	1052	0	0.93132	0.0032772	0.011701	0.654768	17	4	0.93132
ANXA1	4	0.99715	0.99725	0.999846	1053	0	0.89447	0.0028498	0.010261	0.654768	14	4	0.89447
DYNLRB2	4	0.99794	0.99801	0.999846	1054	0	0.85718	0.0020575	0.0075683	0.616527	13	4	0.85718
RANBP6	3	0.99818	0.99806	0.999846	1055	0	1.0316	0.0018228	0.0050907	0.616527	10	3	1.0316
TMEM185A	4	0.9983	0.99842	0.999846	1056	0	0.95786	0.0017022	0.0065399	0.616527	9	4	0.95786
YIPF7	4	0.99853	0.99859	0.999846	1057	0	0.92687	0.0014712	0.0056237	0.616527	8	4	0.92687
RC3H2	4	0.99877	0.9989	0.999846	1058	0	0.94315	0.0012333	0.0046326	0.616527	6	4	0.94315
TP53	4	0.99995	0.99998	0.999977	1059	0	1.4316	6.5997e-06	3.2723e-05	0.034653	1	4	1.4316
